vendredi 12 janvier 2024	12:45:22	Sampling Period : 40  ms		
Unities: time [sample], PWM [raw], Current [mA], velocity [rev/min], Position [pulse], Present Input Voltage [V]

t	DXL_PWM		DXL_Current		DXL_Velocity		DXL_Position		DXL_Input_Voltage
0	7,000000E+0	0,000000E+0	0,000000E+0	1,023000E+3	12,000000E+0
1	309,000000E+0	94,150000E+0	0,000000E+0	1,029000E+3	12,000000E+0
2	885,000000E+0	260,930000E+0	6,641000E+0	1,076000E+3	11,900000E+0
3	885,000000E+0	131,810000E+0	25,419000E+0	1,222000E+3	12,000000E+0
4	885,000000E+0	72,630000E+0	28,854000E+0	1,382000E+3	12,000000E+0
5	885,000000E+0	59,180000E+0	29,541000E+0	1,546000E+3	12,000000E+0
6	885,000000E+0	94,150000E+0	29,312000E+0	1,704000E+3	12,000000E+0
7	815,000000E+0	112,980000E+0	26,106000E+0	1,842000E+3	12,000000E+0
8	428,000000E+0	37,660000E+0	18,320000E+0	1,935000E+3	12,000000E+0
9	105,000000E+0	176,281080E+3	9,618000E+0	1,983000E+3	12,000000E+0
10	65,332000E+3	176,227280E+3	2,290000E+0	1,990000E+3	12,000000E+0
11	65,008000E+3	176,160030E+3	-4,580000E+0	1,958000E+3	12,000000E+0
12	64,741000E+3	176,116990E+3	-11,450000E+0	1,888000E+3	11,900000E+0
13	64,651000E+3	176,063190E+3	-17,404000E+0	1,790000E+3	12,000000E+0
14	64,651000E+3	176,106230E+3	-23,129000E+0	1,662000E+3	12,000000E+0
15	64,651000E+3	176,146580E+3	-26,793000E+0	1,515000E+3	12,000000E+0
16	64,651000E+3	176,165410E+3	-28,854000E+0	1,356000E+3	12,000000E+0
17	64,651000E+3	176,224590E+3	-29,541000E+0	1,192000E+3	12,000000E+0
18	64,651000E+3	176,224590E+3	-29,770000E+0	1,027000E+3	12,000000E+0
19	64,651000E+3	176,224590E+3	-29,770000E+0	862,000000E+0	12,000000E+0
20	64,651000E+3	176,224590E+3	-29,770000E+0	698,000000E+0	12,000000E+0
21	64,651000E+3	176,227280E+3	-29,999000E+0	532,000000E+0	12,000000E+0
22	64,651000E+3	176,227280E+3	-30,228000E+0	369,000000E+0	12,000000E+0
23	64,651000E+3	176,170790E+3	-29,999000E+0	206,000000E+0	12,000000E+0
24	65,156000E+3	176,278390E+3	-21,526000E+0	98,000000E+0	12,000000E+0
25	7,000000E+0	21,520000E+0	-8,702000E+0	58,000000E+0	12,000000E+0
26	330,000000E+0	86,080000E+0	0,000000E+0	64,000000E+0	12,000000E+0
27	611,000000E+0	126,430000E+0	7,328000E+0	111,000000E+0	12,000000E+0
28	885,000000E+0	225,960000E+0	13,511000E+0	192,000000E+0	11,900000E+0
29	885,000000E+0	185,610000E+0	19,923000E+0	303,000000E+0	12,000000E+0
30	885,000000E+0	158,710000E+0	24,732000E+0	437,000000E+0	12,000000E+0
31	885,000000E+0	110,290000E+0	27,480000E+0	588,000000E+0	12,000000E+0
32	885,000000E+0	48,420000E+0	29,083000E+0	752,000000E+0	12,000000E+0
33	885,000000E+0	29,590000E+0	29,541000E+0	916,000000E+0	12,000000E+0
34	885,000000E+0	29,590000E+0	29,770000E+0	1,082000E+3	12,000000E+0
35	885,000000E+0	29,590000E+0	29,999000E+0	1,249000E+3	12,000000E+0
36	885,000000E+0	29,590000E+0	29,999000E+0	1,411000E+3	12,000000E+0
37	885,000000E+0	29,590000E+0	30,228000E+0	1,577000E+3	12,000000E+0
38	885,000000E+0	29,590000E+0	30,457000E+0	1,744000E+3	12,000000E+0
39	682,000000E+0	16,140000E+0	28,396000E+0	1,893000E+3	12,000000E+0
40	217,000000E+0	0,000000E+0	15,801000E+0	1,969000E+3	12,000000E+0
41	65,409000E+3	176,232660E+3	5,038000E+0	1,992000E+3	12,000000E+0
42	65,086000E+3	176,165410E+3	-2,519000E+0	1,970000E+3	12,000000E+0
43	64,797000E+3	176,114300E+3	-9,847000E+0	1,909000E+3	11,900000E+0
44	64,651000E+3	176,041670E+3	-16,259000E+0	1,818000E+3	12,000000E+0
45	64,651000E+3	176,098160E+3	-21,984000E+0	1,697000E+3	12,000000E+0
46	64,651000E+3	176,133130E+3	-26,106000E+0	1,554000E+3	12,000000E+0
47	64,651000E+3	176,151960E+3	-28,396000E+0	1,397000E+3	12,000000E+0
48	64,651000E+3	176,219210E+3	-29,312000E+0	1,233000E+3	12,000000E+0
49	64,651000E+3	176,227280E+3	-29,770000E+0	1,069000E+3	12,000000E+0
50	64,651000E+3	176,227280E+3	-29,770000E+0	886,000000E+0	12,000000E+0
51	64,651000E+3	176,227280E+3	-29,770000E+0	695,000000E+0	12,000000E+0
52	30,000000E+0	228,650000E+0	-330,373033E+3	-131,000000E+0	27,000000E+0
53	256,000000E+0	80,700000E+0	-13,281834E+6	-8,585239E+6	0,000000E+0
54	256,000000E+0	80,700000E+0	-13,281834E+6	-8,257587E+6	0,000000E+0
55	85,000000E+0	175,137830E+3	-1,320686E+6	7,143423E+6	0,000000E+0
56	21,760000E+3	127,398400E+3	-161,362912E+6	1,040187E+9	0,000000E+0
57	256,000000E+0	80,700000E+0	3,902033E+6	-458,721000E+3	0,000000E+0
58	253,000000E+0	20,661890E+3	138,316352E+6	402,665986E+6	0,000000E+0
59	7,681000E+3	58,534400E+3	280,514140E+6	13,568000E+3	768,000000E+0
60	29,952000E+3	49,590150E+3	4,689920E+3	69,632000E+3	3,072000E+3
61	885,000000E+0	196,370000E+0	19,694000E+0	416,000000E+0	12,000000E+0
62	885,000000E+0	190,990000E+0	22,213000E+0	575,000000E+0	12,000000E+0
63	885,000000E+0	104,910000E+0	27,251000E+0	728,000000E+0	12,000000E+0
64	885,000000E+0	40,350000E+0	28,854000E+0	889,000000E+0	12,000000E+0
65	885,000000E+0	32,280000E+0	29,770000E+0	1,054000E+3	12,000000E+0
66	885,000000E+0	32,280000E+0	29,999000E+0	1,219000E+3	12,000000E+0
67	885,000000E+0	29,590000E+0	29,999000E+0	1,428000E+3	12,000000E+0
68	885,000000E+0	29,590000E+0	30,228000E+0	1,594000E+3	12,000000E+0
69	885,000000E+0	69,940000E+0	29,999000E+0	1,756000E+3	12,000000E+0
70	646,000000E+0	45,730000E+0	25,419000E+0	1,888000E+3	12,000000E+0
71	274,000000E+0	5,380000E+0	15,114000E+0	1,962000E+3	12,000000E+0
72	65,486000E+3	176,254180E+3	6,412000E+0	1,991000E+3	12,000000E+0
73	65,163000E+3	176,181550E+3	-916,000000E-3	1,979000E+3	12,000000E+0
74	64,875000E+3	176,133130E+3	-8,244000E+0	1,928000E+3	12,000000E+0
75	64,651000E+3	176,052430E+3	-14,427000E+0	1,843000E+3	12,000000E+0
76	64,651000E+3	176,079330E+3	-20,610000E+0	1,729000E+3	12,000000E+0
77	64,651000E+3	176,127750E+3	-25,190000E+0	1,590000E+3	12,000000E+0
78	64,651000E+3	176,151960E+3	-28,167000E+0	1,437000E+3	12,000000E+0
79	64,651000E+3	176,200380E+3	-29,312000E+0	1,273000E+3	12,000000E+0
80	64,651000E+3	176,227280E+3	-29,770000E+0	1,110000E+3	12,000000E+0
81	64,651000E+3	176,227280E+3	-29,770000E+0	943,000000E+0	12,000000E+0
82	64,651000E+3	176,229970E+3	-29,770000E+0	779,000000E+0	12,000000E+0
83	64,651000E+3	176,229970E+3	-29,999000E+0	615,000000E+0	12,000000E+0
84	64,651000E+3	176,229970E+3	-29,999000E+0	445,000000E+0	12,000000E+0
85	64,651000E+3	176,229970E+3	-30,228000E+0	282,000000E+0	12,000000E+0
86	64,924000E+3	176,262250E+3	-27,251000E+0	141,000000E+0	12,000000E+0
87	65,367000E+3	2,690000E+0	-14,198000E+0	71,000000E+0	12,000000E+0
88	175,000000E+0	64,560000E+0	-4,122000E+0	56,000000E+0	12,000000E+0
89	478,000000E+0	107,600000E+0	3,664000E+0	83,000000E+0	12,000000E+0
90	766,000000E+0	166,780000E+0	10,534000E+0	147,000000E+0	12,000000E+0
91	885,000000E+0	209,820000E+0	16,717000E+0	243,000000E+0	12,000000E+0
92	885,000000E+0	169,470000E+0	22,442000E+0	367,000000E+0	12,000000E+0
93	885,000000E+0	123,740000E+0	26,335000E+0	514,000000E+0	12,000000E+0
94	885,000000E+0	83,390000E+0	28,625000E+0	671,000000E+0	12,000000E+0
95	885,000000E+0	26,900000E+0	29,312000E+0	833,000000E+0	12,000000E+0
96	885,000000E+0	26,900000E+0	29,770000E+0	999,000000E+0	12,000000E+0
97	885,000000E+0	26,900000E+0	29,999000E+0	1,165000E+3	12,000000E+0
98	885,000000E+0	26,900000E+0	29,999000E+0	1,332000E+3	12,000000E+0
99	885,000000E+0	26,900000E+0	29,999000E+0	1,497000E+3	12,000000E+0
100	885,000000E+0	26,900000E+0	30,457000E+0	1,663000E+3	12,000000E+0
101	885,000000E+0	51,110000E+0	30,457000E+0	1,827000E+3	12,000000E+0
102	414,000000E+0	2,690000E+0	23,129000E+0	1,942000E+3	12,000000E+0
103	35,000000E+0	176,259560E+3	9,618000E+0	1,987000E+3	12,000000E+0
104	65,233000E+3	176,119680E+3	916,000000E-3	1,988000E+3	12,000000E+0
105	64,938000E+3	176,154650E+3	-6,412000E+0	1,945000E+3	12,000000E+0
106	64,664000E+3	176,057810E+3	-13,282000E+0	1,867000E+3	12,000000E+0
107	64,651000E+3	176,084710E+3	-19,007000E+0	1,760000E+3	12,000000E+0
108	64,651000E+3	176,098160E+3	-24,274000E+0	1,627000E+3	12,000000E+0
109	64,651000E+3	176,149270E+3	-27,480000E+0	1,476000E+3	12,000000E+0
110	64,651000E+3	176,184240E+3	-29,083000E+0	1,316000E+3	12,000000E+0
111	64,651000E+3	176,229970E+3	-29,541000E+0	1,151000E+3	12,000000E+0
112	64,651000E+3	176,229970E+3	-29,770000E+0	985,000000E+0	12,000000E+0
113	64,651000E+3	176,229970E+3	-29,999000E+0	818,000000E+0	12,000000E+0
114	64,651000E+3	176,229970E+3	-29,770000E+0	653,000000E+0	12,000000E+0
115	64,651000E+3	176,229970E+3	-29,999000E+0	489,000000E+0	12,000000E+0
116	64,651000E+3	176,232660E+3	-30,228000E+0	323,000000E+0	12,000000E+0
117	64,783000E+3	176,227280E+3	-28,854000E+0	168,000000E+0	12,000000E+0
118	65,268000E+3	176,286460E+3	-17,404000E+0	83,000000E+0	12,000000E+0
119	91,000000E+0	37,660000E+0	-6,183000E+0	55,000000E+0	12,000000E+0
120	407,000000E+0	107,600000E+0	1,832000E+0	72,000000E+0	12,000000E+0
121	703,000000E+0	169,470000E+0	8,931000E+0	127,000000E+0	12,000000E+0
122	885,000000E+0	207,130000E+0	15,343000E+0	218,000000E+0	12,000000E+0
123	885,000000E+0	177,540000E+0	21,068000E+0	336,000000E+0	12,000000E+0
124	885,000000E+0	139,880000E+0	25,419000E+0	475,000000E+0	12,000000E+0
125	885,000000E+0	96,840000E+0	27,938000E+0	631,000000E+0	12,000000E+0
126	885,000000E+0	37,660000E+0	29,312000E+0	793,000000E+0	12,000000E+0
127	885,000000E+0	26,900000E+0	29,541000E+0	957,000000E+0	12,000000E+0
128	885,000000E+0	26,900000E+0	29,999000E+0	1,123000E+3	12,000000E+0
129	885,000000E+0	26,900000E+0	29,999000E+0	1,289000E+3	12,000000E+0
130	885,000000E+0	26,900000E+0	29,999000E+0	1,456000E+3	12,000000E+0
131	885,000000E+0	26,900000E+0	30,457000E+0	1,622000E+3	12,000000E+0
132	885,000000E+0	29,590000E+0	30,457000E+0	1,787000E+3	12,000000E+0
133	541,000000E+0	5,380000E+0	26,335000E+0	1,920000E+3	12,000000E+0
134	119,000000E+0	176,275700E+3	12,595000E+0	1,980000E+3	12,000000E+0
135	65,332000E+3	176,219210E+3	2,748000E+0	1,990000E+3	12,000000E+0
136	65,008000E+3	176,160030E+3	-4,351000E+0	1,958000E+3	12,000000E+0
137	64,734000E+3	176,087400E+3	-11,450000E+0	1,889000E+3	11,900000E+0
138	64,651000E+3	176,065880E+3	-17,633000E+0	1,790000E+3	12,000000E+0
139	64,651000E+3	176,116990E+3	-23,358000E+0	1,661000E+3	12,000000E+0
140	64,651000E+3	176,149270E+3	-26,793000E+0	1,514000E+3	12,000000E+0
141	64,651000E+3	176,165410E+3	-28,854000E+0	1,354000E+3	12,000000E+0
142	64,651000E+3	176,229970E+3	-29,541000E+0	1,191000E+3	12,000000E+0
143	64,651000E+3	176,229970E+3	-29,770000E+0	1,025000E+3	12,000000E+0
144	64,651000E+3	176,229970E+3	-29,999000E+0	860,000000E+0	12,000000E+0
145	64,651000E+3	176,229970E+3	-29,770000E+0	694,000000E+0	12,000000E+0
146	64,651000E+3	176,229970E+3	-29,999000E+0	529,000000E+0	12,000000E+0
147	64,651000E+3	176,232660E+3	-30,228000E+0	363,000000E+0	12,000000E+0
148	64,651000E+3	176,151960E+3	-29,770000E+0	205,000000E+0	12,000000E+0
149	65,163000E+3	176,281080E+3	-21,068000E+0	97,000000E+0	12,000000E+0
150	7,000000E+0	24,210000E+0	-8,931000E+0	58,000000E+0	12,000000E+0
151	330,000000E+0	83,390000E+0	0,000000E+0	64,000000E+0	12,000000E+0
152	618,000000E+0	139,880000E+0	7,328000E+0	110,000000E+0	12,000000E+0
153	885,000000E+0	223,270000E+0	13,511000E+0	192,000000E+0	12,000000E+0
154	885,000000E+0	193,680000E+0	19,923000E+0	303,000000E+0	12,000000E+0
155	885,000000E+0	145,260000E+0	24,732000E+0	437,000000E+0	12,000000E+0
156	885,000000E+0	107,600000E+0	27,480000E+0	591,000000E+0	12,000000E+0
157	885,000000E+0	51,110000E+0	29,083000E+0	753,000000E+0	12,000000E+0
158	885,000000E+0	26,900000E+0	29,541000E+0	918,000000E+0	12,000000E+0
159	885,000000E+0	26,900000E+0	29,999000E+0	1,084000E+3	12,000000E+0
160	885,000000E+0	26,900000E+0	29,999000E+0	1,251000E+3	12,000000E+0
161	885,000000E+0	26,900000E+0	29,999000E+0	1,414000E+3	12,000000E+0
162	885,000000E+0	26,900000E+0	30,457000E+0	1,582000E+3	12,000000E+0
163	885,000000E+0	26,900000E+0	30,457000E+0	1,747000E+3	12,000000E+0
164	682,000000E+0	18,830000E+0	28,396000E+0	1,894000E+3	12,000000E+0
165	217,000000E+0	0,000000E+0	15,572000E+0	1,971000E+3	12,000000E+0
166	65,409000E+3	176,235350E+3	5,038000E+0	1,991000E+3	12,000000E+0
167	65,093000E+3	176,176170E+3	-2,519000E+0	1,969000E+3	12,000000E+0
168	64,804000E+3	176,127750E+3	-9,847000E+0	1,909000E+3	11,900000E+0
169	64,651000E+3	176,068570E+3	-16,030000E+0	1,817000E+3	11,900000E+0
170	64,651000E+3	176,028220E+3	-21,755000E+0	1,700000E+3	12,000000E+0
171	64,651000E+3	176,135820E+3	-26,106000E+0	1,555000E+3	12,000000E+0
172	64,651000E+3	176,151960E+3	-28,625000E+0	1,397000E+3	12,000000E+0
173	64,651000E+3	176,221900E+3	-29,541000E+0	1,231000E+3	12,000000E+0
174	64,651000E+3	176,229970E+3	-29,770000E+0	1,067000E+3	12,000000E+0
175	64,651000E+3	176,229970E+3	-29,999000E+0	902,000000E+0	12,000000E+0
176	64,651000E+3	176,229970E+3	-29,999000E+0	736,000000E+0	12,000000E+0
177	64,651000E+3	176,232660E+3	-29,999000E+0	570,000000E+0	12,000000E+0
178	64,651000E+3	176,232660E+3	-30,228000E+0	403,000000E+0	12,000000E+0
179	64,651000E+3	176,211140E+3	-30,228000E+0	240,000000E+0	12,000000E+0
180	65,050000E+3	176,270320E+3	-24,503000E+0	116,000000E+0	12,000000E+0
181	65,451000E+3	16,140000E+0	-11,221000E+0	62,000000E+0	12,000000E+0
182	260,000000E+0	86,080000E+0	-1,832000E+0	58,000000E+0	12,000000E+0
183	548,000000E+0	118,360000E+0	5,496000E+0	96,000000E+0	12,000000E+0
184	836,000000E+0	207,130000E+0	11,908000E+0	169,000000E+0	12,000000E+0
185	885,000000E+0	201,750000E+0	18,320000E+0	272,000000E+0	12,000000E+0
186	885,000000E+0	177,540000E+0	23,816000E+0	401,000000E+0	12,000000E+0
187	885,000000E+0	118,360000E+0	27,022000E+0	551,000000E+0	12,000000E+0
188	885,000000E+0	59,180000E+0	28,854000E+0	712,000000E+0	12,000000E+0
189	885,000000E+0	26,900000E+0	29,541000E+0	875,000000E+0	12,000000E+0
190	885,000000E+0	26,900000E+0	29,770000E+0	1,041000E+3	12,000000E+0
191	885,000000E+0	26,900000E+0	29,999000E+0	1,205000E+3	12,000000E+0
192	885,000000E+0	26,900000E+0	29,999000E+0	1,372000E+3	12,000000E+0
193	885,000000E+0	26,900000E+0	30,228000E+0	1,539000E+3	12,000000E+0
194	885,000000E+0	26,900000E+0	30,457000E+0	1,705000E+3	12,000000E+0
195	836,000000E+0	61,870000E+0	29,770000E+0	1,864000E+3	12,000000E+0
196	309,000000E+0	0,000000E+0	19,236000E+0	1,958000E+3	12,000000E+0
197	65,493000E+3	176,256870E+3	7,099000E+0	1,990000E+3	12,000000E+0
198	65,170000E+3	176,192310E+3	-687,000000E-3	1,978000E+3	12,000000E+0
199	64,889000E+3	176,154650E+3	-8,244000E+0	1,926000E+3	11,900000E+0
200	64,651000E+3	176,063190E+3	-14,427000E+0	1,843000E+3	11,900000E+0
201	64,651000E+3	176,090090E+3	-20,610000E+0	1,728000E+3	12,000000E+0
202	64,651000E+3	176,122370E+3	-25,190000E+0	1,591000E+3	12,000000E+0
203	64,651000E+3	176,151960E+3	-28,167000E+0	1,437000E+3	12,000000E+0
204	64,651000E+3	176,203070E+3	-29,312000E+0	1,273000E+3	12,000000E+0
205	64,651000E+3	176,229970E+3	-29,770000E+0	1,107000E+3	12,000000E+0
206	64,651000E+3	176,229970E+3	-29,770000E+0	942,000000E+0	12,000000E+0
207	64,651000E+3	176,232660E+3	-29,999000E+0	775,000000E+0	12,000000E+0
208	64,651000E+3	176,232660E+3	-29,999000E+0	612,000000E+0	12,000000E+0
209	64,651000E+3	176,232660E+3	-29,999000E+0	444,000000E+0	12,000000E+0
210	64,651000E+3	176,232660E+3	-30,457000E+0	279,000000E+0	12,000000E+0
211	64,924000E+3	176,248800E+3	-27,022000E+0	139,000000E+0	12,000000E+0
212	65,367000E+3	2,690000E+0	-14,198000E+0	71,000000E+0	12,000000E+0
213	168,000000E+0	61,870000E+0	-4,122000E+0	56,000000E+0	12,000000E+0
214	485,000000E+0	104,910000E+0	3,664000E+0	83,000000E+0	12,000000E+0
215	766,000000E+0	182,920000E+0	10,534000E+0	147,000000E+0	12,000000E+0
216	885,000000E+0	212,510000E+0	16,717000E+0	244,000000E+0	12,000000E+0
217	885,000000E+0	166,780000E+0	22,442000E+0	367,000000E+0	12,000000E+0
218	885,000000E+0	134,500000E+0	26,564000E+0	512,000000E+0	12,000000E+0
219	885,000000E+0	75,320000E+0	28,625000E+0	672,000000E+0	12,000000E+0
220	885,000000E+0	29,590000E+0	29,541000E+0	834,000000E+0	12,000000E+0
221	885,000000E+0	29,590000E+0	29,770000E+0	1,000000E+3	12,000000E+0
222	885,000000E+0	29,590000E+0	29,999000E+0	1,166000E+3	12,000000E+0
223	885,000000E+0	26,900000E+0	29,999000E+0	1,333000E+3	12,000000E+0
224	885,000000E+0	26,900000E+0	30,228000E+0	1,500000E+3	12,000000E+0
225	885,000000E+0	26,900000E+0	30,457000E+0	1,666000E+3	12,000000E+0
226	885,000000E+0	59,180000E+0	30,457000E+0	1,829000E+3	12,000000E+0
227	400,000000E+0	2,690000E+0	22,442000E+0	1,943000E+3	12,000000E+0
228	35,000000E+0	176,259560E+3	9,618000E+0	1,987000E+3	12,000000E+0
229	65,247000E+3	176,205760E+3	687,000000E-3	1,985000E+3	12,000000E+0
230	64,938000E+3	176,141200E+3	-6,183000E+0	1,944000E+3	12,000000E+0
231	64,657000E+3	176,047050E+3	-13,053000E+0	1,867000E+3	11,900000E+0
232	64,651000E+3	176,071260E+3	-19,007000E+0	1,760000E+3	12,000000E+0
233	64,651000E+3	176,103540E+3	-24,274000E+0	1,628000E+3	12,000000E+0
234	64,651000E+3	176,151960E+3	-27,709000E+0	1,474000E+3	12,000000E+0
235	64,651000E+3	176,178860E+3	-29,312000E+0	1,315000E+3	12,000000E+0
236	64,651000E+3	176,232660E+3	-29,770000E+0	1,148000E+3	12,000000E+0
237	64,651000E+3	176,229970E+3	-29,770000E+0	983,000000E+0	12,000000E+0
238	64,651000E+3	176,232660E+3	-29,999000E+0	817,000000E+0	12,000000E+0
239	64,651000E+3	176,232660E+3	-29,999000E+0	652,000000E+0	12,000000E+0
240	64,651000E+3	176,232660E+3	-29,999000E+0	486,000000E+0	12,000000E+0
241	64,651000E+3	176,232660E+3	-30,228000E+0	321,000000E+0	12,000000E+0
242	64,790000E+3	176,232660E+3	-28,854000E+0	167,000000E+0	12,000000E+0
243	65,275000E+3	176,286460E+3	-17,175000E+0	82,000000E+0	12,000000E+0
244	91,000000E+0	43,040000E+0	-6,183000E+0	55,000000E+0	12,000000E+0
245	407,000000E+0	107,600000E+0	1,832000E+0	72,000000E+0	12,000000E+0
246	696,000000E+0	153,330000E+0	8,931000E+0	128,000000E+0	12,000000E+0
247	885,000000E+0	217,890000E+0	15,343000E+0	218,000000E+0	11,900000E+0
248	885,000000E+0	172,160000E+0	21,068000E+0	335,000000E+0	12,000000E+0
249	885,000000E+0	147,950000E+0	25,419000E+0	474,000000E+0	12,000000E+0
250	885,000000E+0	88,770000E+0	28,167000E+0	631,000000E+0	12,000000E+0
251	604,000000E+0	176,189620E+3	29,312000E+0	790,000000E+0	12,000000E+0
