vendredi 19 janvier 2024	17:06:03	Sampling Period : 20  ms		
Unities: time [sample], PWM [raw], Current [mA], velocity [rev/min], Position [pulse], Present Input Voltage [V]

t	DXL_PWM		DXL_Current		DXL_Velocity		DXL_Position		DXL_Input_Voltage
0	85,000000E+0	0,000000E+0	15,007515E+3	-128,516096E+6	200,000000E-3
1	85,000000E+0	1,786160E+3	30,031060E+3	-127,598592E+6	200,000000E-3
2	664,000000E+0	21,520000E+0	21,526000E+0	194,785000E+3	12,000000E+0
3	664,000000E+0	21,520000E+0	23,358000E+0	194,912000E+3	12,000000E+0
4	85,000000E+0	1,786160E+3	1,530791E+6	-102,825984E+6	200,000000E-3
5	-26,624000E+3	4,825860E+3	5,921024E+3	49,961728E+6	3,072000E+3
6	664,000000E+0	18,830000E+0	22,900000E+0	195,291000E+3	12,000000E+0
7	85,000000E+0	1,786160E+3	1,500776E+6	-78,053376E+6	200,000000E-3
8	664,000000E+0	18,830000E+0	22,900000E+0	195,544000E+3	12,000000E+0
9	664,000000E+0	18,830000E+0	22,900000E+0	195,673000E+3	12,000000E+0
10	664,000000E+0	18,830000E+0	22,900000E+0	195,830000E+3	12,000000E+0
11	664,000000E+0	18,830000E+0	22,671000E+0	195,986000E+3	12,000000E+0
12	664,000000E+0	18,830000E+0	22,900000E+0	196,147000E+3	12,000000E+0
13	664,000000E+0	18,830000E+0	23,129000E+0	196,272000E+3	12,000000E+0
14	664,000000E+0	18,830000E+0	23,129000E+0	196,398000E+3	12,000000E+0
15	664,000000E+0	18,830000E+0	23,129000E+0	196,527000E+3	12,000000E+0
16	664,000000E+0	18,830000E+0	23,129000E+0	196,651000E+3	12,000000E+0
17	664,000000E+0	18,830000E+0	23,129000E+0	196,778000E+3	12,000000E+0
18	664,000000E+0	18,830000E+0	23,129000E+0	196,904000E+3	12,000000E+0
19	664,000000E+0	18,830000E+0	23,129000E+0	197,029000E+3	12,000000E+0
20	664,000000E+0	18,830000E+0	22,900000E+0	197,155000E+3	12,000000E+0
21	664,000000E+0	18,830000E+0	22,900000E+0	197,282000E+3	12,000000E+0
22	664,000000E+0	18,830000E+0	22,671000E+0	197,405000E+3	12,000000E+0
23	664,000000E+0	18,830000E+0	22,671000E+0	197,532000E+3	12,000000E+0
24	664,000000E+0	18,830000E+0	22,671000E+0	197,659000E+3	12,000000E+0
25	664,000000E+0	18,830000E+0	22,900000E+0	197,786000E+3	12,000000E+0
26	664,000000E+0	18,830000E+0	22,900000E+0	197,913000E+3	12,000000E+0
27	664,000000E+0	18,830000E+0	22,900000E+0	198,040000E+3	12,000000E+0
28	664,000000E+0	18,830000E+0	23,129000E+0	198,167000E+3	12,000000E+0
29	664,000000E+0	16,140000E+0	23,129000E+0	198,293000E+3	12,000000E+0
30	664,000000E+0	16,140000E+0	23,358000E+0	198,419000E+3	12,000000E+0
31	664,000000E+0	16,140000E+0	23,358000E+0	198,546000E+3	12,000000E+0
32	664,000000E+0	16,140000E+0	23,587000E+0	198,673000E+3	12,000000E+0
33	664,000000E+0	16,140000E+0	23,587000E+0	198,799000E+3	12,000000E+0
34	664,000000E+0	16,140000E+0	23,358000E+0	198,928000E+3	12,000000E+0
35	664,000000E+0	16,140000E+0	23,358000E+0	199,053000E+3	12,000000E+0
36	664,000000E+0	16,140000E+0	23,129000E+0	199,179000E+3	12,000000E+0
37	664,000000E+0	16,140000E+0	23,129000E+0	199,308000E+3	12,000000E+0
38	664,000000E+0	16,140000E+0	22,900000E+0	199,434000E+3	12,000000E+0
39	664,000000E+0	16,140000E+0	22,671000E+0	199,559000E+3	12,000000E+0
40	664,000000E+0	16,140000E+0	22,900000E+0	199,688000E+3	12,000000E+0
41	664,000000E+0	16,140000E+0	22,900000E+0	199,812000E+3	12,000000E+0
42	664,000000E+0	16,140000E+0	22,900000E+0	199,942000E+3	12,000000E+0
43	664,000000E+0	16,140000E+0	22,900000E+0	200,067000E+3	12,000000E+0
44	664,000000E+0	16,140000E+0	22,900000E+0	200,197000E+3	12,000000E+0
45	664,000000E+0	16,140000E+0	23,129000E+0	200,322000E+3	12,000000E+0
46	664,000000E+0	16,140000E+0	23,129000E+0	200,448000E+3	12,000000E+0
47	664,000000E+0	16,140000E+0	23,129000E+0	200,574000E+3	12,000000E+0
48	664,000000E+0	16,140000E+0	23,129000E+0	200,701000E+3	12,000000E+0
49	664,000000E+0	16,140000E+0	23,358000E+0	200,825000E+3	12,000000E+0
50	664,000000E+0	16,140000E+0	23,129000E+0	200,952000E+3	12,000000E+0
51	664,000000E+0	16,140000E+0	23,129000E+0	201,079000E+3	12,000000E+0
52	664,000000E+0	16,140000E+0	23,129000E+0	201,204000E+3	12,000000E+0
53	664,000000E+0	16,140000E+0	22,900000E+0	201,332000E+3	12,000000E+0
54	664,000000E+0	16,140000E+0	22,900000E+0	201,457000E+3	12,000000E+0
55	664,000000E+0	16,140000E+0	22,671000E+0	201,582000E+3	12,000000E+0
56	664,000000E+0	16,140000E+0	22,671000E+0	201,709000E+3	12,000000E+0
57	664,000000E+0	16,140000E+0	22,671000E+0	201,837000E+3	12,000000E+0
58	664,000000E+0	16,140000E+0	22,900000E+0	201,963000E+3	12,000000E+0
59	664,000000E+0	16,140000E+0	22,900000E+0	202,090000E+3	12,000000E+0
60	664,000000E+0	16,140000E+0	22,900000E+0	202,216000E+3	12,000000E+0
61	664,000000E+0	16,140000E+0	23,129000E+0	202,343000E+3	12,000000E+0
62	664,000000E+0	16,140000E+0	23,358000E+0	202,471000E+3	12,000000E+0
63	664,000000E+0	16,140000E+0	23,358000E+0	202,596000E+3	12,000000E+0
64	664,000000E+0	16,140000E+0	23,358000E+0	202,722000E+3	12,000000E+0
65	664,000000E+0	16,140000E+0	23,358000E+0	202,851000E+3	12,000000E+0
66	664,000000E+0	16,140000E+0	23,587000E+0	203,010000E+3	12,000000E+0
67	30,000000E+0	228,650000E+0	90,198520E+3	102,000000E+0	652,600000E+0
68	664,000000E+0	16,140000E+0	23,358000E+0	203,262000E+3	12,000000E+0
69	664,000000E+0	16,140000E+0	23,129000E+0	203,421000E+3	12,000000E+0
70	664,000000E+0	16,140000E+0	22,900000E+0	203,578000E+3	12,000000E+0
71	664,000000E+0	16,140000E+0	22,671000E+0	203,736000E+3	12,000000E+0
72	664,000000E+0	16,140000E+0	22,900000E+0	203,865000E+3	12,000000E+0
73	664,000000E+0	16,140000E+0	22,900000E+0	203,993000E+3	12,000000E+0
74	664,000000E+0	16,140000E+0	22,900000E+0	204,119000E+3	12,000000E+0
75	664,000000E+0	16,140000E+0	22,900000E+0	204,244000E+3	12,000000E+0
76	664,000000E+0	16,140000E+0	22,900000E+0	204,371000E+3	12,000000E+0
77	664,000000E+0	16,140000E+0	23,129000E+0	204,499000E+3	12,000000E+0
78	664,000000E+0	16,140000E+0	23,129000E+0	204,625000E+3	12,000000E+0
79	664,000000E+0	16,140000E+0	23,129000E+0	204,753000E+3	12,000000E+0
80	664,000000E+0	16,140000E+0	23,129000E+0	204,877000E+3	12,000000E+0
81	664,000000E+0	16,140000E+0	23,129000E+0	205,004000E+3	12,000000E+0
82	664,000000E+0	16,140000E+0	23,129000E+0	205,130000E+3	12,000000E+0
83	664,000000E+0	16,140000E+0	23,129000E+0	205,255000E+3	12,000000E+0
84	664,000000E+0	18,830000E+0	22,900000E+0	205,382000E+3	12,000000E+0
85	664,000000E+0	16,140000E+0	22,900000E+0	205,508000E+3	12,000000E+0
86	664,000000E+0	16,140000E+0	22,900000E+0	205,635000E+3	12,000000E+0
87	664,000000E+0	16,140000E+0	22,671000E+0	205,761000E+3	12,000000E+0
88	664,000000E+0	16,140000E+0	22,671000E+0	205,886000E+3	12,000000E+0
89	664,000000E+0	16,140000E+0	22,900000E+0	206,013000E+3	12,000000E+0
90	664,000000E+0	16,140000E+0	22,900000E+0	206,141000E+3	12,000000E+0
91	664,000000E+0	16,140000E+0	23,129000E+0	206,267000E+3	12,000000E+0
92	664,000000E+0	16,140000E+0	23,129000E+0	206,393000E+3	12,000000E+0
93	664,000000E+0	16,140000E+0	23,358000E+0	206,522000E+3	12,000000E+0
94	664,000000E+0	16,140000E+0	23,358000E+0	206,648000E+3	12,000000E+0
95	664,000000E+0	16,140000E+0	23,587000E+0	206,775000E+3	12,000000E+0
96	664,000000E+0	16,140000E+0	23,358000E+0	206,902000E+3	12,000000E+0
97	664,000000E+0	16,140000E+0	23,358000E+0	207,029000E+3	12,000000E+0
98	664,000000E+0	16,140000E+0	23,358000E+0	207,155000E+3	12,000000E+0
99	664,000000E+0	16,140000E+0	23,358000E+0	207,282000E+3	12,000000E+0
100	664,000000E+0	16,140000E+0	23,358000E+0	207,410000E+3	12,000000E+0
101	664,000000E+0	16,140000E+0	23,129000E+0	207,537000E+3	12,000000E+0
102	664,000000E+0	16,140000E+0	22,900000E+0	207,663000E+3	12,000000E+0
103	664,000000E+0	16,140000E+0	22,900000E+0	207,790000E+3	12,000000E+0
104	664,000000E+0	16,140000E+0	22,671000E+0	207,916000E+3	12,000000E+0
105	664,000000E+0	16,140000E+0	22,900000E+0	208,043000E+3	12,000000E+0
106	664,000000E+0	16,140000E+0	22,900000E+0	208,170000E+3	12,000000E+0
107	664,000000E+0	16,140000E+0	22,900000E+0	208,297000E+3	12,000000E+0
108	664,000000E+0	16,140000E+0	22,900000E+0	208,424000E+3	12,000000E+0
109	664,000000E+0	16,140000E+0	23,129000E+0	208,551000E+3	12,000000E+0
110	664,000000E+0	16,140000E+0	23,129000E+0	208,677000E+3	12,000000E+0
111	664,000000E+0	16,140000E+0	23,129000E+0	208,804000E+3	12,000000E+0
112	664,000000E+0	16,140000E+0	23,358000E+0	208,930000E+3	12,000000E+0
113	664,000000E+0	16,140000E+0	23,129000E+0	209,055000E+3	12,000000E+0
114	664,000000E+0	16,140000E+0	23,129000E+0	209,182000E+3	12,000000E+0
115	664,000000E+0	16,140000E+0	23,129000E+0	209,308000E+3	12,000000E+0
116	664,000000E+0	16,140000E+0	22,900000E+0	209,434000E+3	12,000000E+0
117	664,000000E+0	16,140000E+0	22,900000E+0	209,561000E+3	12,000000E+0
118	664,000000E+0	16,140000E+0	22,900000E+0	209,686000E+3	12,000000E+0
119	664,000000E+0	16,140000E+0	22,900000E+0	209,813000E+3	12,000000E+0
120	664,000000E+0	16,140000E+0	22,900000E+0	209,939000E+3	12,000000E+0
121	664,000000E+0	16,140000E+0	22,900000E+0	210,067000E+3	12,000000E+0
122	664,000000E+0	16,140000E+0	22,900000E+0	210,194000E+3	12,000000E+0
123	664,000000E+0	16,140000E+0	22,900000E+0	210,320000E+3	12,000000E+0
124	664,000000E+0	16,140000E+0	23,129000E+0	210,447000E+3	12,000000E+0
125	664,000000E+0	16,140000E+0	23,129000E+0	210,574000E+3	12,000000E+0
126	664,000000E+0	16,140000E+0	23,358000E+0	210,700000E+3	12,000000E+0
127	664,000000E+0	16,140000E+0	23,358000E+0	210,829000E+3	12,000000E+0
128	664,000000E+0	16,140000E+0	23,587000E+0	210,957000E+3	12,000000E+0
129	664,000000E+0	16,140000E+0	23,587000E+0	211,082000E+3	12,000000E+0
130	664,000000E+0	16,140000E+0	23,587000E+0	211,210000E+3	12,000000E+0
131	664,000000E+0	16,140000E+0	23,358000E+0	211,334000E+3	12,000000E+0
132	664,000000E+0	16,140000E+0	23,358000E+0	211,460000E+3	12,000000E+0
133	664,000000E+0	16,140000E+0	23,129000E+0	211,590000E+3	12,000000E+0
134	664,000000E+0	16,140000E+0	22,900000E+0	211,717000E+3	12,000000E+0
135	664,000000E+0	16,140000E+0	22,900000E+0	211,842000E+3	12,000000E+0
136	664,000000E+0	16,140000E+0	22,671000E+0	211,970000E+3	12,000000E+0
137	664,000000E+0	16,140000E+0	22,900000E+0	212,096000E+3	12,000000E+0
138	664,000000E+0	16,140000E+0	22,900000E+0	212,223000E+3	12,000000E+0
139	664,000000E+0	16,140000E+0	22,900000E+0	212,350000E+3	12,000000E+0
140	664,000000E+0	16,140000E+0	22,900000E+0	212,478000E+3	12,000000E+0
141	664,000000E+0	16,140000E+0	23,129000E+0	212,604000E+3	12,000000E+0
142	664,000000E+0	16,140000E+0	23,129000E+0	212,731000E+3	12,000000E+0
143	664,000000E+0	16,140000E+0	23,129000E+0	212,857000E+3	12,000000E+0
144	664,000000E+0	16,140000E+0	23,129000E+0	212,984000E+3	12,000000E+0
145	664,000000E+0	16,140000E+0	23,358000E+0	213,109000E+3	12,000000E+0
146	664,000000E+0	16,140000E+0	23,129000E+0	213,235000E+3	12,000000E+0
147	664,000000E+0	16,140000E+0	23,129000E+0	213,363000E+3	12,000000E+0
148	664,000000E+0	16,140000E+0	23,129000E+0	213,487000E+3	12,000000E+0
149	664,000000E+0	16,140000E+0	22,900000E+0	213,616000E+3	12,000000E+0
150	664,000000E+0	16,140000E+0	22,900000E+0	213,741000E+3	12,000000E+0
151	664,000000E+0	16,140000E+0	22,900000E+0	213,866000E+3	12,000000E+0
152	664,000000E+0	16,140000E+0	22,900000E+0	213,993000E+3	12,000000E+0
153	664,000000E+0	16,140000E+0	22,900000E+0	214,121000E+3	12,000000E+0
154	664,000000E+0	16,140000E+0	22,900000E+0	214,248000E+3	12,000000E+0
155	664,000000E+0	16,140000E+0	22,900000E+0	214,376000E+3	12,000000E+0
156	664,000000E+0	16,140000E+0	23,129000E+0	214,501000E+3	12,000000E+0
157	664,000000E+0	16,140000E+0	23,129000E+0	214,627000E+3	12,000000E+0
158	664,000000E+0	16,140000E+0	23,358000E+0	214,755000E+3	12,000000E+0
159	664,000000E+0	16,140000E+0	23,358000E+0	214,882000E+3	12,000000E+0
160	664,000000E+0	16,140000E+0	23,587000E+0	215,009000E+3	12,000000E+0
161	664,000000E+0	16,140000E+0	23,587000E+0	215,137000E+3	12,000000E+0
162	664,000000E+0	16,140000E+0	23,587000E+0	215,264000E+3	12,000000E+0
163	664,000000E+0	16,140000E+0	23,358000E+0	215,389000E+3	12,000000E+0
164	664,000000E+0	16,140000E+0	23,358000E+0	215,517000E+3	12,000000E+0
165	664,000000E+0	16,140000E+0	23,129000E+0	215,643000E+3	12,000000E+0
166	664,000000E+0	16,140000E+0	23,129000E+0	215,771000E+3	12,000000E+0
167	664,000000E+0	16,140000E+0	22,900000E+0	215,896000E+3	12,000000E+0
168	664,000000E+0	16,140000E+0	22,671000E+0	216,024000E+3	12,000000E+0
169	664,000000E+0	16,140000E+0	22,900000E+0	216,152000E+3	12,000000E+0
170	664,000000E+0	16,140000E+0	22,900000E+0	216,278000E+3	12,000000E+0
171	664,000000E+0	16,140000E+0	22,900000E+0	216,406000E+3	12,000000E+0
172	664,000000E+0	16,140000E+0	22,900000E+0	216,530000E+3	12,000000E+0
173	664,000000E+0	16,140000E+0	23,129000E+0	216,658000E+3	12,000000E+0
174	664,000000E+0	16,140000E+0	23,129000E+0	216,785000E+3	12,000000E+0
175	664,000000E+0	16,140000E+0	23,129000E+0	216,912000E+3	12,000000E+0
176	664,000000E+0	16,140000E+0	23,358000E+0	217,040000E+3	12,000000E+0
177	664,000000E+0	16,140000E+0	23,129000E+0	217,164000E+3	12,000000E+0
178	664,000000E+0	16,140000E+0	23,358000E+0	217,292000E+3	12,000000E+0
179	664,000000E+0	16,140000E+0	23,129000E+0	217,418000E+3	12,000000E+0
180	664,000000E+0	16,140000E+0	23,129000E+0	217,544000E+3	12,000000E+0
181	664,000000E+0	16,140000E+0	22,900000E+0	217,670000E+3	12,000000E+0
182	664,000000E+0	16,140000E+0	22,900000E+0	217,797000E+3	12,000000E+0
183	664,000000E+0	16,140000E+0	22,900000E+0	217,922000E+3	12,000000E+0
184	664,000000E+0	16,140000E+0	22,900000E+0	218,049000E+3	12,000000E+0
185	664,000000E+0	16,140000E+0	22,900000E+0	218,175000E+3	12,000000E+0
186	664,000000E+0	16,140000E+0	22,900000E+0	218,303000E+3	12,000000E+0
187	664,000000E+0	16,140000E+0	22,900000E+0	218,430000E+3	12,000000E+0
188	664,000000E+0	16,140000E+0	22,900000E+0	218,557000E+3	12,000000E+0
189	664,000000E+0	16,140000E+0	23,129000E+0	218,684000E+3	12,000000E+0
190	664,000000E+0	16,140000E+0	23,358000E+0	218,811000E+3	12,000000E+0
191	664,000000E+0	16,140000E+0	23,358000E+0	218,937000E+3	12,000000E+0
192	664,000000E+0	16,140000E+0	23,587000E+0	219,064000E+3	12,000000E+0
193	664,000000E+0	16,140000E+0	23,587000E+0	219,191000E+3	12,000000E+0
194	664,000000E+0	16,140000E+0	23,358000E+0	219,318000E+3	12,000000E+0
195	664,000000E+0	16,140000E+0	23,587000E+0	219,447000E+3	12,000000E+0
196	664,000000E+0	16,140000E+0	23,358000E+0	219,571000E+3	12,000000E+0
197	664,000000E+0	16,140000E+0	23,129000E+0	219,699000E+3	12,000000E+0
198	664,000000E+0	16,140000E+0	22,900000E+0	219,825000E+3	12,000000E+0
199	664,000000E+0	16,140000E+0	22,900000E+0	219,953000E+3	12,000000E+0
200	664,000000E+0	16,140000E+0	22,900000E+0	220,079000E+3	12,000000E+0
201	664,000000E+0	16,140000E+0	22,900000E+0	220,206000E+3	12,000000E+0
202	664,000000E+0	16,140000E+0	22,900000E+0	220,334000E+3	12,000000E+0
203	664,000000E+0	16,140000E+0	22,900000E+0	220,460000E+3	12,000000E+0
204	664,000000E+0	16,140000E+0	22,900000E+0	220,588000E+3	12,000000E+0
205	664,000000E+0	16,140000E+0	22,900000E+0	220,714000E+3	12,000000E+0
206	664,000000E+0	16,140000E+0	23,129000E+0	220,841000E+3	12,000000E+0
207	664,000000E+0	16,140000E+0	23,129000E+0	220,967000E+3	12,000000E+0
208	664,000000E+0	16,140000E+0	23,358000E+0	221,095000E+3	12,000000E+0
209	664,000000E+0	16,140000E+0	23,358000E+0	221,221000E+3	12,000000E+0
210	664,000000E+0	16,140000E+0	23,358000E+0	221,347000E+3	12,000000E+0
211	664,000000E+0	16,140000E+0	23,129000E+0	221,473000E+3	12,000000E+0
212	664,000000E+0	16,140000E+0	23,129000E+0	221,600000E+3	12,000000E+0
213	664,000000E+0	16,140000E+0	22,900000E+0	221,725000E+3	12,000000E+0
214	664,000000E+0	16,140000E+0	22,900000E+0	221,853000E+3	12,000000E+0
215	664,000000E+0	16,140000E+0	22,900000E+0	221,977000E+3	12,000000E+0
216	664,000000E+0	16,140000E+0	22,671000E+0	222,104000E+3	12,000000E+0
217	664,000000E+0	16,140000E+0	22,900000E+0	222,230000E+3	12,000000E+0
218	664,000000E+0	16,140000E+0	22,900000E+0	222,359000E+3	12,000000E+0
219	664,000000E+0	16,140000E+0	22,900000E+0	222,485000E+3	12,000000E+0
220	664,000000E+0	16,140000E+0	22,900000E+0	222,612000E+3	12,000000E+0
221	664,000000E+0	16,140000E+0	23,129000E+0	222,739000E+3	12,000000E+0
222	664,000000E+0	16,140000E+0	23,129000E+0	222,866000E+3	12,000000E+0
223	664,000000E+0	16,140000E+0	23,358000E+0	222,992000E+3	12,000000E+0
224	664,000000E+0	16,140000E+0	23,358000E+0	223,119000E+3	12,000000E+0
225	664,000000E+0	16,140000E+0	23,587000E+0	223,247000E+3	12,000000E+0
226	664,000000E+0	16,140000E+0	23,587000E+0	223,372000E+3	12,000000E+0
227	664,000000E+0	16,140000E+0	23,587000E+0	223,501000E+3	12,000000E+0
228	664,000000E+0	16,140000E+0	23,358000E+0	223,626000E+3	12,000000E+0
229	664,000000E+0	16,140000E+0	23,358000E+0	223,754000E+3	12,000000E+0
230	664,000000E+0	16,140000E+0	23,129000E+0	223,881000E+3	12,000000E+0
231	664,000000E+0	16,140000E+0	22,900000E+0	224,008000E+3	12,000000E+0
232	664,000000E+0	16,140000E+0	22,900000E+0	224,133000E+3	12,000000E+0
233	664,000000E+0	16,140000E+0	22,900000E+0	224,263000E+3	12,000000E+0
234	664,000000E+0	16,140000E+0	22,900000E+0	224,388000E+3	12,000000E+0
235	664,000000E+0	16,140000E+0	22,900000E+0	224,516000E+3	12,000000E+0
236	664,000000E+0	16,140000E+0	22,900000E+0	224,643000E+3	12,000000E+0
237	664,000000E+0	16,140000E+0	22,900000E+0	224,772000E+3	12,000000E+0
238	664,000000E+0	16,140000E+0	23,129000E+0	224,897000E+3	12,000000E+0
239	664,000000E+0	16,140000E+0	23,129000E+0	225,023000E+3	12,000000E+0
240	664,000000E+0	16,140000E+0	23,358000E+0	225,151000E+3	12,000000E+0
241	664,000000E+0	16,140000E+0	23,129000E+0	225,279000E+3	12,000000E+0
242	664,000000E+0	16,140000E+0	23,358000E+0	225,402000E+3	12,000000E+0
243	664,000000E+0	16,140000E+0	23,129000E+0	225,529000E+3	12,000000E+0
244	664,000000E+0	16,140000E+0	23,129000E+0	225,656000E+3	12,000000E+0
245	664,000000E+0	16,140000E+0	23,129000E+0	225,781000E+3	12,000000E+0
246	664,000000E+0	16,140000E+0	22,900000E+0	225,909000E+3	12,000000E+0
247	664,000000E+0	16,140000E+0	22,900000E+0	226,036000E+3	12,000000E+0
248	664,000000E+0	16,140000E+0	22,671000E+0	226,161000E+3	12,000000E+0
249	664,000000E+0	16,140000E+0	22,671000E+0	226,288000E+3	12,000000E+0
250	664,000000E+0	16,140000E+0	22,900000E+0	226,416000E+3	12,000000E+0
251	664,000000E+0	16,140000E+0	22,900000E+0	226,542000E+3	12,000000E+0
252	664,000000E+0	16,140000E+0	22,900000E+0	226,668000E+3	12,000000E+0
253	664,000000E+0	16,140000E+0	23,129000E+0	226,796000E+3	12,000000E+0
254	664,000000E+0	16,140000E+0	23,358000E+0	226,923000E+3	12,000000E+0
255	664,000000E+0	16,140000E+0	23,358000E+0	227,050000E+3	12,000000E+0
256	664,000000E+0	16,140000E+0	23,358000E+0	227,176000E+3	12,000000E+0
257	664,000000E+0	16,140000E+0	23,587000E+0	227,304000E+3	12,000000E+0
258	664,000000E+0	16,140000E+0	23,587000E+0	227,430000E+3	12,000000E+0
259	664,000000E+0	16,140000E+0	23,587000E+0	227,558000E+3	12,000000E+0
260	664,000000E+0	16,140000E+0	23,358000E+0	227,684000E+3	12,000000E+0
261	664,000000E+0	16,140000E+0	23,358000E+0	227,810000E+3	12,000000E+0
262	664,000000E+0	16,140000E+0	23,129000E+0	227,940000E+3	12,000000E+0
263	664,000000E+0	16,140000E+0	23,129000E+0	228,067000E+3	12,000000E+0
264	664,000000E+0	16,140000E+0	22,900000E+0	228,192000E+3	12,000000E+0
265	664,000000E+0	16,140000E+0	22,671000E+0	228,319000E+3	12,000000E+0
266	664,000000E+0	16,140000E+0	22,900000E+0	228,447000E+3	12,000000E+0
267	664,000000E+0	16,140000E+0	22,900000E+0	228,573000E+3	12,000000E+0
268	664,000000E+0	16,140000E+0	22,900000E+0	228,702000E+3	12,000000E+0
269	664,000000E+0	16,140000E+0	22,900000E+0	228,827000E+3	12,000000E+0
270	664,000000E+0	16,140000E+0	23,129000E+0	228,955000E+3	12,000000E+0
271	664,000000E+0	16,140000E+0	23,129000E+0	229,083000E+3	12,000000E+0
272	664,000000E+0	16,140000E+0	23,129000E+0	229,209000E+3	12,000000E+0
273	664,000000E+0	16,140000E+0	23,358000E+0	229,336000E+3	12,000000E+0
274	664,000000E+0	16,140000E+0	23,129000E+0	229,461000E+3	12,000000E+0
275	664,000000E+0	16,140000E+0	23,358000E+0	229,587000E+3	12,000000E+0
276	664,000000E+0	16,140000E+0	23,129000E+0	229,713000E+3	12,000000E+0
277	664,000000E+0	16,140000E+0	23,129000E+0	229,839000E+3	12,000000E+0
278	664,000000E+0	16,140000E+0	22,900000E+0	229,967000E+3	12,000000E+0
279	664,000000E+0	16,140000E+0	22,900000E+0	230,092000E+3	12,000000E+0
280	664,000000E+0	16,140000E+0	22,900000E+0	230,220000E+3	12,000000E+0
281	664,000000E+0	16,140000E+0	22,900000E+0	230,346000E+3	12,000000E+0
282	664,000000E+0	16,140000E+0	22,900000E+0	230,473000E+3	12,000000E+0
283	664,000000E+0	16,140000E+0	22,900000E+0	230,599000E+3	12,000000E+0
284	664,000000E+0	16,140000E+0	22,900000E+0	230,726000E+3	12,000000E+0
285	664,000000E+0	16,140000E+0	22,900000E+0	230,853000E+3	12,000000E+0
286	664,000000E+0	16,140000E+0	23,129000E+0	230,981000E+3	12,000000E+0
287	664,000000E+0	16,140000E+0	23,358000E+0	231,107000E+3	12,000000E+0
288	664,000000E+0	16,140000E+0	23,587000E+0	231,235000E+3	12,000000E+0
289	664,000000E+0	16,140000E+0	23,587000E+0	231,362000E+3	12,000000E+0
290	664,000000E+0	13,450000E+0	23,587000E+0	231,488000E+3	12,000000E+0
291	664,000000E+0	13,450000E+0	23,358000E+0	231,615000E+3	12,000000E+0
292	664,000000E+0	13,450000E+0	23,587000E+0	231,742000E+3	12,000000E+0
293	664,000000E+0	13,450000E+0	23,358000E+0	231,869000E+3	12,000000E+0
294	664,000000E+0	13,450000E+0	23,358000E+0	231,997000E+3	12,000000E+0
295	664,000000E+0	13,450000E+0	23,129000E+0	232,124000E+3	12,000000E+0
296	664,000000E+0	13,450000E+0	22,900000E+0	232,252000E+3	12,000000E+0
297	664,000000E+0	13,450000E+0	22,900000E+0	232,377000E+3	12,000000E+0
298	664,000000E+0	16,140000E+0	22,671000E+0	232,504000E+3	12,000000E+0
299	664,000000E+0	16,140000E+0	22,900000E+0	232,632000E+3	12,000000E+0
300	664,000000E+0	16,140000E+0	22,671000E+0	232,758000E+3	12,000000E+0
301	664,000000E+0	16,140000E+0	22,900000E+0	232,885000E+3	12,000000E+0
302	664,000000E+0	16,140000E+0	22,900000E+0	233,012000E+3	12,000000E+0
303	664,000000E+0	16,140000E+0	23,129000E+0	233,141000E+3	12,000000E+0
304	664,000000E+0	16,140000E+0	23,129000E+0	233,266000E+3	12,000000E+0
305	664,000000E+0	16,140000E+0	23,358000E+0	233,393000E+3	12,000000E+0
306	664,000000E+0	16,140000E+0	23,358000E+0	233,519000E+3	12,000000E+0
307	664,000000E+0	16,140000E+0	23,358000E+0	233,646000E+3	12,000000E+0
308	664,000000E+0	16,140000E+0	23,129000E+0	233,772000E+3	12,000000E+0
309	664,000000E+0	16,140000E+0	23,129000E+0	233,896000E+3	12,000000E+0
310	664,000000E+0	16,140000E+0	22,900000E+0	234,026000E+3	12,000000E+0
311	664,000000E+0	16,140000E+0	22,900000E+0	234,151000E+3	12,000000E+0
312	664,000000E+0	16,140000E+0	22,900000E+0	234,278000E+3	12,000000E+0
313	664,000000E+0	16,140000E+0	22,900000E+0	234,403000E+3	12,000000E+0
314	664,000000E+0	16,140000E+0	22,900000E+0	234,533000E+3	12,000000E+0
315	664,000000E+0	13,450000E+0	22,900000E+0	234,658000E+3	12,000000E+0
316	664,000000E+0	16,140000E+0	22,900000E+0	234,784000E+3	12,000000E+0
317	664,000000E+0	16,140000E+0	22,900000E+0	234,912000E+3	12,000000E+0
318	664,000000E+0	16,140000E+0	23,129000E+0	235,040000E+3	12,000000E+0
319	664,000000E+0	16,140000E+0	23,129000E+0	235,166000E+3	12,000000E+0
320	664,000000E+0	16,140000E+0	23,358000E+0	235,293000E+3	12,000000E+0
321	664,000000E+0	16,140000E+0	23,358000E+0	235,420000E+3	12,000000E+0
322	664,000000E+0	16,140000E+0	23,587000E+0	235,547000E+3	12,000000E+0
323	664,000000E+0	13,450000E+0	23,587000E+0	235,674000E+3	12,000000E+0
324	664,000000E+0	13,450000E+0	23,587000E+0	235,801000E+3	12,000000E+0
325	664,000000E+0	13,450000E+0	23,358000E+0	235,926000E+3	12,000000E+0
326	664,000000E+0	13,450000E+0	23,358000E+0	236,054000E+3	12,000000E+0
327	664,000000E+0	13,450000E+0	23,129000E+0	236,183000E+3	12,000000E+0
328	664,000000E+0	16,140000E+0	22,900000E+0	236,310000E+3	12,000000E+0
329	664,000000E+0	16,140000E+0	22,900000E+0	236,436000E+3	12,000000E+0
330	664,000000E+0	13,450000E+0	22,671000E+0	236,563000E+3	12,000000E+0
331	664,000000E+0	13,450000E+0	22,900000E+0	236,690000E+3	12,000000E+0
332	664,000000E+0	13,450000E+0	22,900000E+0	236,816000E+3	12,000000E+0
333	664,000000E+0	13,450000E+0	22,900000E+0	236,944000E+3	12,000000E+0
334	664,000000E+0	13,450000E+0	22,900000E+0	237,072000E+3	12,000000E+0
335	664,000000E+0	13,450000E+0	23,129000E+0	237,198000E+3	12,000000E+0
336	664,000000E+0	16,140000E+0	23,129000E+0	237,326000E+3	12,000000E+0
337	664,000000E+0	16,140000E+0	23,129000E+0	237,453000E+3	12,000000E+0
338	664,000000E+0	16,140000E+0	23,358000E+0	237,579000E+3	12,000000E+0
339	664,000000E+0	13,450000E+0	23,358000E+0	237,704000E+3	12,000000E+0
340	664,000000E+0	13,450000E+0	23,358000E+0	237,830000E+3	12,000000E+0
341	664,000000E+0	13,450000E+0	23,129000E+0	237,956000E+3	12,000000E+0
342	664,000000E+0	16,140000E+0	22,900000E+0	238,084000E+3	12,000000E+0
343	664,000000E+0	13,450000E+0	22,900000E+0	238,210000E+3	12,000000E+0
344	664,000000E+0	13,450000E+0	22,900000E+0	238,336000E+3	12,000000E+0
345	664,000000E+0	16,140000E+0	22,900000E+0	238,462000E+3	12,000000E+0
346	664,000000E+0	16,140000E+0	22,900000E+0	238,590000E+3	12,000000E+0
347	664,000000E+0	16,140000E+0	22,900000E+0	238,718000E+3	12,000000E+0
348	664,000000E+0	16,140000E+0	22,900000E+0	238,843000E+3	12,000000E+0
349	664,000000E+0	16,140000E+0	22,900000E+0	238,972000E+3	12,000000E+0
350	664,000000E+0	16,140000E+0	23,129000E+0	239,099000E+3	12,000000E+0
351	664,000000E+0	16,140000E+0	23,129000E+0	239,224000E+3	12,000000E+0
352	664,000000E+0	16,140000E+0	23,358000E+0	239,352000E+3	12,000000E+0
353	664,000000E+0	16,140000E+0	23,587000E+0	239,480000E+3	12,000000E+0
354	664,000000E+0	16,140000E+0	23,587000E+0	239,606000E+3	12,000000E+0
355	664,000000E+0	16,140000E+0	23,587000E+0	239,733000E+3	12,000000E+0
356	664,000000E+0	16,140000E+0	23,587000E+0	239,861000E+3	12,000000E+0
357	664,000000E+0	13,450000E+0	23,358000E+0	239,986000E+3	12,000000E+0
358	664,000000E+0	13,450000E+0	23,358000E+0	240,112000E+3	12,000000E+0
359	664,000000E+0	13,450000E+0	23,129000E+0	240,242000E+3	12,000000E+0
360	664,000000E+0	16,140000E+0	23,129000E+0	240,370000E+3	12,000000E+0
361	664,000000E+0	16,140000E+0	22,900000E+0	240,494000E+3	12,000000E+0
362	664,000000E+0	16,140000E+0	22,900000E+0	240,623000E+3	12,000000E+0
363	664,000000E+0	16,140000E+0	22,900000E+0	240,750000E+3	12,000000E+0
364	664,000000E+0	16,140000E+0	22,900000E+0	240,877000E+3	12,000000E+0
365	664,000000E+0	16,140000E+0	22,900000E+0	241,002000E+3	12,000000E+0
366	664,000000E+0	13,450000E+0	22,900000E+0	241,132000E+3	12,000000E+0
367	664,000000E+0	13,450000E+0	22,900000E+0	241,259000E+3	12,000000E+0
368	664,000000E+0	13,450000E+0	23,129000E+0	241,385000E+3	12,000000E+0
369	664,000000E+0	13,450000E+0	23,129000E+0	241,511000E+3	12,000000E+0
370	664,000000E+0	16,140000E+0	23,358000E+0	241,640000E+3	12,000000E+0
371	664,000000E+0	16,140000E+0	23,358000E+0	241,795000E+3	12,000000E+0
372	664,000000E+0	16,140000E+0	23,358000E+0	241,955000E+3	12,000000E+0
373	664,000000E+0	16,140000E+0	23,129000E+0	242,112000E+3	12,000000E+0
374	664,000000E+0	16,140000E+0	22,900000E+0	242,237000E+3	12,000000E+0
375	664,000000E+0	16,140000E+0	22,900000E+0	242,364000E+3	12,000000E+0
376	664,000000E+0	13,450000E+0	22,900000E+0	242,492000E+3	12,000000E+0
377	664,000000E+0	13,450000E+0	22,900000E+0	242,618000E+3	12,000000E+0
378	664,000000E+0	13,450000E+0	22,900000E+0	242,744000E+3	12,000000E+0
379	664,000000E+0	16,140000E+0	22,900000E+0	242,872000E+3	12,000000E+0
380	664,000000E+0	16,140000E+0	22,900000E+0	242,998000E+3	12,000000E+0
381	664,000000E+0	13,450000E+0	22,900000E+0	243,126000E+3	12,000000E+0
382	664,000000E+0	13,450000E+0	23,129000E+0	243,253000E+3	12,000000E+0
383	664,000000E+0	13,450000E+0	23,129000E+0	243,381000E+3	12,000000E+0
384	664,000000E+0	16,140000E+0	23,358000E+0	243,507000E+3	12,000000E+0
385	664,000000E+0	13,450000E+0	23,587000E+0	243,633000E+3	12,000000E+0
386	664,000000E+0	16,140000E+0	23,587000E+0	243,762000E+3	12,000000E+0
387	664,000000E+0	16,140000E+0	23,587000E+0	243,920000E+3	12,000000E+0
388	664,000000E+0	16,140000E+0	23,587000E+0	244,048000E+3	12,000000E+0
389	664,000000E+0	13,450000E+0	23,358000E+0	244,174000E+3	12,000000E+0
390	664,000000E+0	13,450000E+0	23,129000E+0	244,300000E+3	12,000000E+0
391	664,000000E+0	16,140000E+0	23,129000E+0	244,428000E+3	12,000000E+0
392	664,000000E+0	13,450000E+0	22,900000E+0	244,556000E+3	12,000000E+0
393	664,000000E+0	16,140000E+0	22,900000E+0	244,680000E+3	12,000000E+0
394	664,000000E+0	16,140000E+0	22,900000E+0	244,810000E+3	12,000000E+0
395	664,000000E+0	16,140000E+0	22,900000E+0	244,938000E+3	12,000000E+0
396	664,000000E+0	13,450000E+0	22,900000E+0	245,063000E+3	12,000000E+0
397	664,000000E+0	13,450000E+0	22,900000E+0	245,190000E+3	12,000000E+0
398	664,000000E+0	13,450000E+0	22,900000E+0	245,318000E+3	12,000000E+0
399	664,000000E+0	16,140000E+0	23,129000E+0	245,445000E+3	12,000000E+0
400	664,000000E+0	16,140000E+0	23,129000E+0	245,571000E+3	12,000000E+0
401	664,000000E+0	13,450000E+0	23,358000E+0	245,700000E+3	12,000000E+0
402	664,000000E+0	13,450000E+0	23,358000E+0	245,823000E+3	12,000000E+0
403	664,000000E+0	16,140000E+0	23,358000E+0	245,952000E+3	12,000000E+0
404	664,000000E+0	13,450000E+0	23,129000E+0	246,078000E+3	12,000000E+0
405	664,000000E+0	13,450000E+0	23,129000E+0	246,204000E+3	12,000000E+0
406	664,000000E+0	13,450000E+0	23,129000E+0	246,331000E+3	12,000000E+0
407	664,000000E+0	13,450000E+0	22,900000E+0	246,458000E+3	12,000000E+0
408	664,000000E+0	13,450000E+0	22,900000E+0	246,583000E+3	12,000000E+0
409	664,000000E+0	13,450000E+0	22,671000E+0	246,710000E+3	12,000000E+0
410	664,000000E+0	13,450000E+0	22,900000E+0	246,838000E+3	12,000000E+0
411	664,000000E+0	13,450000E+0	22,900000E+0	246,965000E+3	12,000000E+0
412	664,000000E+0	16,140000E+0	22,900000E+0	247,091000E+3	12,000000E+0
413	664,000000E+0	16,140000E+0	22,900000E+0	247,218000E+3	12,000000E+0
414	664,000000E+0	16,140000E+0	23,129000E+0	247,345000E+3	12,000000E+0
415	664,000000E+0	16,140000E+0	23,358000E+0	247,473000E+3	12,000000E+0
416	664,000000E+0	16,140000E+0	23,358000E+0	247,600000E+3	12,000000E+0
417	664,000000E+0	13,450000E+0	23,358000E+0	247,727000E+3	12,000000E+0
418	664,000000E+0	13,450000E+0	23,587000E+0	247,854000E+3	12,000000E+0
419	664,000000E+0	13,450000E+0	23,587000E+0	247,981000E+3	12,000000E+0
420	664,000000E+0	13,450000E+0	23,587000E+0	248,109000E+3	12,000000E+0
421	664,000000E+0	13,450000E+0	23,358000E+0	248,235000E+3	12,000000E+0
422	664,000000E+0	13,450000E+0	23,358000E+0	248,363000E+3	12,000000E+0
423	664,000000E+0	13,450000E+0	23,129000E+0	248,489000E+3	12,000000E+0
424	664,000000E+0	13,450000E+0	22,900000E+0	248,617000E+3	12,000000E+0
425	664,000000E+0	13,450000E+0	22,900000E+0	248,743000E+3	12,000000E+0
426	664,000000E+0	13,450000E+0	22,900000E+0	248,871000E+3	12,000000E+0
427	664,000000E+0	13,450000E+0	22,900000E+0	248,999000E+3	12,000000E+0
428	664,000000E+0	13,450000E+0	22,900000E+0	249,124000E+3	12,000000E+0
429	664,000000E+0	13,450000E+0	22,900000E+0	249,252000E+3	12,000000E+0
430	664,000000E+0	13,450000E+0	22,900000E+0	249,379000E+3	12,000000E+0
431	664,000000E+0	13,450000E+0	23,129000E+0	249,506000E+3	12,000000E+0
432	664,000000E+0	13,450000E+0	23,129000E+0	249,633000E+3	12,000000E+0
433	664,000000E+0	13,450000E+0	23,358000E+0	249,761000E+3	12,000000E+0
434	664,000000E+0	13,450000E+0	23,358000E+0	249,888000E+3	12,000000E+0
435	664,000000E+0	13,450000E+0	23,358000E+0	250,011000E+3	12,000000E+0
436	664,000000E+0	16,140000E+0	23,358000E+0	250,140000E+3	12,000000E+0
437	664,000000E+0	16,140000E+0	23,129000E+0	250,265000E+3	12,000000E+0
438	664,000000E+0	16,140000E+0	23,129000E+0	250,392000E+3	12,000000E+0
439	664,000000E+0	16,140000E+0	23,129000E+0	250,519000E+3	12,000000E+0
440	664,000000E+0	13,450000E+0	22,900000E+0	250,645000E+3	12,000000E+0
441	664,000000E+0	13,450000E+0	22,671000E+0	250,772000E+3	12,000000E+0
442	664,000000E+0	13,450000E+0	22,671000E+0	250,899000E+3	12,000000E+0
443	664,000000E+0	13,450000E+0	22,900000E+0	251,026000E+3	12,000000E+0
444	664,000000E+0	13,450000E+0	22,900000E+0	251,152000E+3	12,000000E+0
445	664,000000E+0	13,450000E+0	22,900000E+0	251,280000E+3	12,000000E+0
446	664,000000E+0	13,450000E+0	23,129000E+0	251,407000E+3	12,000000E+0
447	664,000000E+0	13,450000E+0	23,358000E+0	251,535000E+3	12,000000E+0
448	664,000000E+0	13,450000E+0	23,358000E+0	251,661000E+3	12,000000E+0
449	664,000000E+0	13,450000E+0	23,587000E+0	251,789000E+3	12,000000E+0
450	664,000000E+0	13,450000E+0	23,587000E+0	251,916000E+3	12,000000E+0
451	664,000000E+0	13,450000E+0	23,587000E+0	252,041000E+3	12,000000E+0
452	664,000000E+0	13,450000E+0	23,587000E+0	252,169000E+3	12,000000E+0
453	664,000000E+0	13,450000E+0	23,587000E+0	252,296000E+3	12,000000E+0
454	664,000000E+0	13,450000E+0	23,358000E+0	252,423000E+3	12,000000E+0
455	664,000000E+0	13,450000E+0	23,129000E+0	252,552000E+3	12,000000E+0
456	664,000000E+0	13,450000E+0	22,900000E+0	252,679000E+3	12,000000E+0
457	664,000000E+0	13,450000E+0	22,900000E+0	252,803000E+3	12,000000E+0
458	664,000000E+0	13,450000E+0	22,900000E+0	252,933000E+3	12,000000E+0
459	664,000000E+0	13,450000E+0	22,900000E+0	253,059000E+3	12,000000E+0
460	664,000000E+0	13,450000E+0	22,900000E+0	253,187000E+3	12,000000E+0
461	664,000000E+0	13,450000E+0	22,900000E+0	253,312000E+3	12,000000E+0
462	664,000000E+0	16,140000E+0	22,900000E+0	253,443000E+3	12,000000E+0
463	664,000000E+0	16,140000E+0	22,900000E+0	253,568000E+3	12,000000E+0
464	664,000000E+0	16,140000E+0	23,358000E+0	253,696000E+3	12,000000E+0
465	664,000000E+0	16,140000E+0	23,129000E+0	253,821000E+3	12,000000E+0
466	664,000000E+0	16,140000E+0	23,358000E+0	253,950000E+3	12,000000E+0
467	664,000000E+0	16,140000E+0	23,129000E+0	254,073000E+3	12,000000E+0
468	664,000000E+0	16,140000E+0	23,358000E+0	254,202000E+3	12,000000E+0
469	664,000000E+0	16,140000E+0	23,129000E+0	254,328000E+3	12,000000E+0
470	664,000000E+0	16,140000E+0	23,129000E+0	254,453000E+3	12,000000E+0
471	664,000000E+0	16,140000E+0	22,900000E+0	254,581000E+3	12,000000E+0
472	664,000000E+0	16,140000E+0	22,900000E+0	254,708000E+3	12,000000E+0
473	664,000000E+0	16,140000E+0	22,900000E+0	254,834000E+3	12,000000E+0
474	664,000000E+0	13,450000E+0	22,671000E+0	254,961000E+3	12,000000E+0
475	664,000000E+0	13,450000E+0	22,900000E+0	255,089000E+3	12,000000E+0
476	664,000000E+0	13,450000E+0	22,900000E+0	255,214000E+3	12,000000E+0
477	664,000000E+0	13,450000E+0	23,129000E+0	255,341000E+3	12,000000E+0
478	664,000000E+0	13,450000E+0	23,129000E+0	255,468000E+3	12,000000E+0
479	664,000000E+0	13,450000E+0	23,358000E+0	255,596000E+3	12,000000E+0
480	664,000000E+0	13,450000E+0	23,358000E+0	255,723000E+3	12,000000E+0
481	664,000000E+0	13,450000E+0	23,587000E+0	255,851000E+3	12,000000E+0
482	664,000000E+0	13,450000E+0	23,587000E+0	255,977000E+3	12,000000E+0
483	664,000000E+0	13,450000E+0	23,587000E+0	256,105000E+3	12,000000E+0
484	664,000000E+0	13,450000E+0	23,587000E+0	256,231000E+3	12,000000E+0
485	664,000000E+0	13,450000E+0	23,587000E+0	256,359000E+3	12,000000E+0
486	664,000000E+0	13,450000E+0	23,587000E+0	256,484000E+3	12,000000E+0
487	664,000000E+0	13,450000E+0	23,129000E+0	256,614000E+3	12,000000E+0
488	664,000000E+0	13,450000E+0	23,129000E+0	256,742000E+3	12,000000E+0
489	664,000000E+0	13,450000E+0	22,900000E+0	256,866000E+3	12,000000E+0
490	664,000000E+0	13,450000E+0	22,900000E+0	256,994000E+3	12,000000E+0
491	664,000000E+0	13,450000E+0	22,900000E+0	257,121000E+3	12,000000E+0
492	664,000000E+0	13,450000E+0	22,900000E+0	257,249000E+3	12,000000E+0
493	664,000000E+0	13,450000E+0	22,900000E+0	257,376000E+3	12,000000E+0
494	664,000000E+0	13,450000E+0	22,900000E+0	257,502000E+3	12,000000E+0
495	664,000000E+0	13,450000E+0	23,129000E+0	257,632000E+3	12,000000E+0
496	664,000000E+0	13,450000E+0	23,129000E+0	257,756000E+3	12,000000E+0
497	664,000000E+0	13,450000E+0	23,129000E+0	257,885000E+3	12,000000E+0
498	664,000000E+0	13,450000E+0	23,358000E+0	258,012000E+3	12,000000E+0
499	664,000000E+0	13,450000E+0	23,358000E+0	258,136000E+3	12,000000E+0
500	664,000000E+0	13,450000E+0	23,358000E+0	258,264000E+3	12,000000E+0
501	664,000000E+0	16,140000E+0	23,129000E+0	258,391000E+3	12,000000E+0
502	664,000000E+0	16,140000E+0	23,129000E+0	258,517000E+3	12,000000E+0
503	664,000000E+0	16,140000E+0	23,129000E+0	258,643000E+3	12,000000E+0
504	664,000000E+0	13,450000E+0	22,900000E+0	258,770000E+3	12,000000E+0
505	664,000000E+0	16,140000E+0	22,900000E+0	258,897000E+3	12,000000E+0
506	664,000000E+0	13,450000E+0	22,900000E+0	259,023000E+3	12,000000E+0
507	664,000000E+0	13,450000E+0	22,900000E+0	259,149000E+3	12,000000E+0
508	664,000000E+0	13,450000E+0	22,900000E+0	259,276000E+3	12,000000E+0
509	664,000000E+0	13,450000E+0	22,900000E+0	259,405000E+3	12,000000E+0
510	664,000000E+0	13,450000E+0	23,129000E+0	259,530000E+3	12,000000E+0
511	664,000000E+0	13,450000E+0	23,358000E+0	259,658000E+3	12,000000E+0
512	664,000000E+0	13,450000E+0	23,358000E+0	259,787000E+3	12,000000E+0
513	664,000000E+0	13,450000E+0	23,587000E+0	259,913000E+3	12,000000E+0
514	664,000000E+0	13,450000E+0	23,587000E+0	260,040000E+3	12,000000E+0
515	664,000000E+0	13,450000E+0	23,587000E+0	260,168000E+3	12,000000E+0
516	664,000000E+0	13,450000E+0	23,587000E+0	260,296000E+3	12,000000E+0
517	664,000000E+0	13,450000E+0	23,358000E+0	260,422000E+3	12,000000E+0
518	664,000000E+0	13,450000E+0	23,358000E+0	260,548000E+3	12,000000E+0
519	664,000000E+0	13,450000E+0	23,358000E+0	260,676000E+3	12,000000E+0
520	664,000000E+0	13,450000E+0	23,129000E+0	260,803000E+3	12,000000E+0
521	664,000000E+0	13,450000E+0	22,900000E+0	260,931000E+3	12,000000E+0
522	664,000000E+0	13,450000E+0	22,900000E+0	261,056000E+3	12,000000E+0
523	664,000000E+0	13,450000E+0	22,900000E+0	261,185000E+3	12,000000E+0
524	664,000000E+0	13,450000E+0	22,900000E+0	261,312000E+3	12,000000E+0
525	664,000000E+0	13,450000E+0	22,900000E+0	261,439000E+3	12,000000E+0
526	664,000000E+0	13,450000E+0	22,900000E+0	261,566000E+3	12,000000E+0
527	664,000000E+0	13,450000E+0	22,900000E+0	261,694000E+3	12,000000E+0
528	664,000000E+0	13,450000E+0	23,129000E+0	261,821000E+3	12,000000E+0
529	664,000000E+0	13,450000E+0	23,129000E+0	261,946000E+3	12,000000E+0
530	664,000000E+0	13,450000E+0	23,129000E+0	262,074000E+3	12,000000E+0
531	664,000000E+0	13,450000E+0	23,358000E+0	262,199000E+3	12,000000E+0
532	664,000000E+0	13,450000E+0	23,358000E+0	262,328000E+3	12,000000E+0
533	664,000000E+0	13,450000E+0	23,358000E+0	262,454000E+3	12,000000E+0
534	664,000000E+0	13,450000E+0	23,129000E+0	262,578000E+3	12,000000E+0
535	664,000000E+0	13,450000E+0	22,900000E+0	262,707000E+3	12,000000E+0
536	664,000000E+0	13,450000E+0	22,900000E+0	262,833000E+3	12,000000E+0
537	664,000000E+0	16,140000E+0	22,900000E+0	262,960000E+3	12,000000E+0
538	664,000000E+0	16,140000E+0	22,900000E+0	263,086000E+3	12,000000E+0
539	664,000000E+0	13,450000E+0	22,900000E+0	263,213000E+3	12,000000E+0
540	664,000000E+0	13,450000E+0	22,900000E+0	263,341000E+3	12,000000E+0
541	664,000000E+0	13,450000E+0	22,900000E+0	263,468000E+3	12,000000E+0
542	664,000000E+0	16,140000E+0	22,900000E+0	263,594000E+3	12,000000E+0
543	664,000000E+0	16,140000E+0	23,129000E+0	263,720000E+3	12,000000E+0
544	664,000000E+0	16,140000E+0	23,358000E+0	263,849000E+3	12,000000E+0
545	664,000000E+0	16,140000E+0	23,358000E+0	263,975000E+3	12,000000E+0
546	664,000000E+0	13,450000E+0	23,587000E+0	264,103000E+3	12,000000E+0
547	664,000000E+0	13,450000E+0	23,587000E+0	264,231000E+3	12,000000E+0
548	664,000000E+0	13,450000E+0	23,587000E+0	264,357000E+3	12,000000E+0
549	664,000000E+0	13,450000E+0	23,587000E+0	264,484000E+3	12,000000E+0
550	664,000000E+0	13,450000E+0	23,358000E+0	264,611000E+3	12,000000E+0
551	664,000000E+0	13,450000E+0	23,129000E+0	264,738000E+3	12,000000E+0
552	664,000000E+0	13,450000E+0	23,129000E+0	264,866000E+3	12,000000E+0
553	664,000000E+0	13,450000E+0	22,900000E+0	264,993000E+3	12,000000E+0
554	664,000000E+0	13,450000E+0	22,900000E+0	265,119000E+3	12,000000E+0
555	664,000000E+0	13,450000E+0	22,900000E+0	265,246000E+3	12,000000E+0
556	664,000000E+0	13,450000E+0	22,900000E+0	265,375000E+3	12,000000E+0
557	664,000000E+0	13,450000E+0	22,900000E+0	265,502000E+3	12,000000E+0
558	664,000000E+0	13,450000E+0	22,900000E+0	265,627000E+3	12,000000E+0
559	664,000000E+0	16,140000E+0	23,129000E+0	265,756000E+3	12,000000E+0
560	664,000000E+0	16,140000E+0	23,129000E+0	265,883000E+3	12,000000E+0
561	664,000000E+0	16,140000E+0	23,358000E+0	266,011000E+3	12,000000E+0
562	664,000000E+0	16,140000E+0	23,358000E+0	266,137000E+3	12,000000E+0
563	664,000000E+0	16,140000E+0	23,358000E+0	266,266000E+3	12,000000E+0
564	664,000000E+0	13,450000E+0	23,358000E+0	266,389000E+3	12,000000E+0
565	664,000000E+0	13,450000E+0	23,358000E+0	266,518000E+3	12,000000E+0
566	664,000000E+0	13,450000E+0	23,129000E+0	266,644000E+3	12,000000E+0
567	664,000000E+0	13,450000E+0	23,129000E+0	266,770000E+3	12,000000E+0
568	664,000000E+0	13,450000E+0	22,900000E+0	266,896000E+3	12,000000E+0
569	664,000000E+0	16,140000E+0	22,900000E+0	267,021000E+3	12,000000E+0
570	664,000000E+0	13,450000E+0	22,900000E+0	267,149000E+3	12,000000E+0
571	664,000000E+0	13,450000E+0	22,900000E+0	267,276000E+3	12,000000E+0
572	664,000000E+0	16,140000E+0	22,900000E+0	267,403000E+3	12,000000E+0
573	664,000000E+0	16,140000E+0	22,900000E+0	267,531000E+3	12,000000E+0
574	664,000000E+0	16,140000E+0	23,129000E+0	267,659000E+3	12,000000E+0
575	664,000000E+0	16,140000E+0	23,129000E+0	267,785000E+3	12,000000E+0
576	664,000000E+0	13,450000E+0	23,129000E+0	267,913000E+3	12,000000E+0
577	664,000000E+0	13,450000E+0	23,358000E+0	268,039000E+3	12,000000E+0
578	664,000000E+0	13,450000E+0	23,587000E+0	268,167000E+3	12,000000E+0
579	664,000000E+0	13,450000E+0	23,587000E+0	268,294000E+3	12,000000E+0
580	664,000000E+0	13,450000E+0	23,587000E+0	268,421000E+3	12,000000E+0
581	664,000000E+0	13,450000E+0	23,587000E+0	268,549000E+3	12,000000E+0
582	664,000000E+0	13,450000E+0	23,587000E+0	268,675000E+3	12,000000E+0
583	664,000000E+0	13,450000E+0	23,358000E+0	268,800000E+3	12,000000E+0
584	664,000000E+0	13,450000E+0	23,129000E+0	268,930000E+3	12,000000E+0
585	664,000000E+0	13,450000E+0	23,129000E+0	269,058000E+3	12,000000E+0
586	664,000000E+0	13,450000E+0	22,900000E+0	269,183000E+3	12,000000E+0
587	664,000000E+0	13,450000E+0	22,900000E+0	269,313000E+3	12,000000E+0
588	664,000000E+0	13,450000E+0	22,900000E+0	269,438000E+3	12,000000E+0
589	664,000000E+0	13,450000E+0	22,900000E+0	269,567000E+3	12,000000E+0
590	664,000000E+0	13,450000E+0	22,900000E+0	269,712000E+3	12,000000E+0
591	664,000000E+0	13,450000E+0	23,129000E+0	269,852000E+3	12,000000E+0
592	664,000000E+0	13,450000E+0	23,129000E+0	270,012000E+3	12,000000E+0
593	664,000000E+0	13,450000E+0	23,129000E+0	270,139000E+3	12,000000E+0
594	664,000000E+0	13,450000E+0	23,358000E+0	270,298000E+3	12,000000E+0
595	664,000000E+0	13,450000E+0	23,358000E+0	270,423000E+3	12,000000E+0
596	664,000000E+0	13,450000E+0	23,358000E+0	270,552000E+3	12,000000E+0
597	664,000000E+0	13,450000E+0	23,358000E+0	270,678000E+3	12,000000E+0
598	664,000000E+0	13,450000E+0	23,129000E+0	270,801000E+3	12,000000E+0
599	664,000000E+0	13,450000E+0	22,900000E+0	270,930000E+3	12,000000E+0
600	664,000000E+0	13,450000E+0	22,900000E+0	271,056000E+3	12,000000E+0
601	664,000000E+0	13,450000E+0	22,900000E+0	271,182000E+3	12,000000E+0
602	664,000000E+0	13,450000E+0	22,900000E+0	271,309000E+3	12,000000E+0
603	664,000000E+0	13,450000E+0	22,900000E+0	271,436000E+3	12,000000E+0
604	664,000000E+0	16,140000E+0	22,900000E+0	271,562000E+3	12,000000E+0
605	664,000000E+0	16,140000E+0	22,900000E+0	271,689000E+3	12,000000E+0
606	664,000000E+0	16,140000E+0	23,129000E+0	271,817000E+3	12,000000E+0
607	664,000000E+0	16,140000E+0	23,129000E+0	271,945000E+3	12,000000E+0
608	664,000000E+0	16,140000E+0	23,358000E+0	272,072000E+3	12,000000E+0
609	664,000000E+0	16,140000E+0	23,358000E+0	272,199000E+3	12,000000E+0
610	664,000000E+0	13,450000E+0	23,587000E+0	272,326000E+3	12,000000E+0
611	664,000000E+0	13,450000E+0	23,587000E+0	272,454000E+3	12,000000E+0
612	664,000000E+0	13,450000E+0	23,587000E+0	272,582000E+3	12,000000E+0
613	664,000000E+0	13,450000E+0	23,358000E+0	272,709000E+3	12,000000E+0
614	664,000000E+0	13,450000E+0	23,358000E+0	272,835000E+3	12,000000E+0
615	664,000000E+0	16,140000E+0	23,358000E+0	272,962000E+3	12,000000E+0
616	664,000000E+0	13,450000E+0	23,129000E+0	273,090000E+3	12,000000E+0
617	664,000000E+0	13,450000E+0	22,900000E+0	273,218000E+3	12,000000E+0
618	664,000000E+0	13,450000E+0	22,900000E+0	273,342000E+3	12,000000E+0
619	664,000000E+0	13,450000E+0	22,900000E+0	273,471000E+3	12,000000E+0
620	664,000000E+0	13,450000E+0	22,900000E+0	273,599000E+3	12,000000E+0
621	664,000000E+0	13,450000E+0	22,900000E+0	273,726000E+3	12,000000E+0
622	664,000000E+0	13,450000E+0	22,900000E+0	273,852000E+3	12,000000E+0
623	664,000000E+0	13,450000E+0	23,129000E+0	273,981000E+3	12,000000E+0
624	664,000000E+0	13,450000E+0	23,129000E+0	274,107000E+3	12,000000E+0
625	664,000000E+0	13,450000E+0	23,358000E+0	274,234000E+3	12,000000E+0
626	664,000000E+0	13,450000E+0	23,358000E+0	274,362000E+3	12,000000E+0
627	664,000000E+0	13,450000E+0	23,358000E+0	274,486000E+3	12,000000E+0
628	664,000000E+0	13,450000E+0	23,358000E+0	274,615000E+3	12,000000E+0
629	664,000000E+0	16,140000E+0	23,358000E+0	274,741000E+3	12,000000E+0
630	664,000000E+0	16,140000E+0	23,129000E+0	274,867000E+3	12,000000E+0
631	664,000000E+0	16,140000E+0	23,129000E+0	274,994000E+3	12,000000E+0
632	664,000000E+0	16,140000E+0	23,129000E+0	275,120000E+3	12,000000E+0
633	664,000000E+0	16,140000E+0	22,900000E+0	275,247000E+3	12,000000E+0
634	664,000000E+0	13,450000E+0	22,900000E+0	275,373000E+3	12,000000E+0
635	664,000000E+0	13,450000E+0	22,671000E+0	275,500000E+3	12,000000E+0
636	664,000000E+0	13,450000E+0	22,900000E+0	275,627000E+3	12,000000E+0
637	664,000000E+0	13,450000E+0	22,900000E+0	275,755000E+3	12,000000E+0
638	664,000000E+0	13,450000E+0	23,129000E+0	275,883000E+3	12,000000E+0
639	664,000000E+0	13,450000E+0	23,129000E+0	276,008000E+3	12,000000E+0
640	664,000000E+0	13,450000E+0	23,358000E+0	276,136000E+3	12,000000E+0
641	664,000000E+0	13,450000E+0	23,358000E+0	276,263000E+3	12,000000E+0
642	664,000000E+0	13,450000E+0	23,587000E+0	276,391000E+3	12,000000E+0
643	664,000000E+0	13,450000E+0	23,587000E+0	276,518000E+3	12,000000E+0
644	664,000000E+0	13,450000E+0	23,587000E+0	276,646000E+3	12,000000E+0
645	664,000000E+0	13,450000E+0	23,587000E+0	276,775000E+3	12,000000E+0
646	664,000000E+0	13,450000E+0	23,358000E+0	276,899000E+3	12,000000E+0
647	664,000000E+0	13,450000E+0	23,358000E+0	277,027000E+3	12,000000E+0
648	664,000000E+0	13,450000E+0	23,129000E+0	277,156000E+3	12,000000E+0
649	664,000000E+0	13,450000E+0	23,129000E+0	277,282000E+3	12,000000E+0
650	664,000000E+0	13,450000E+0	22,900000E+0	277,409000E+3	12,000000E+0
651	664,000000E+0	13,450000E+0	22,900000E+0	277,535000E+3	12,000000E+0
652	664,000000E+0	13,450000E+0	22,900000E+0	277,664000E+3	12,000000E+0
653	664,000000E+0	13,450000E+0	22,900000E+0	277,790000E+3	12,000000E+0
654	664,000000E+0	13,450000E+0	22,900000E+0	277,918000E+3	12,000000E+0
655	664,000000E+0	13,450000E+0	22,900000E+0	278,045000E+3	12,000000E+0
656	664,000000E+0	13,450000E+0	23,129000E+0	278,171000E+3	12,000000E+0
657	664,000000E+0	13,450000E+0	23,358000E+0	278,300000E+3	12,000000E+0
658	664,000000E+0	13,450000E+0	23,358000E+0	278,426000E+3	12,000000E+0
659	664,000000E+0	13,450000E+0	23,358000E+0	278,554000E+3	12,000000E+0
660	664,000000E+0	13,450000E+0	23,129000E+0	278,678000E+3	12,000000E+0
661	664,000000E+0	13,450000E+0	23,358000E+0	278,806000E+3	12,000000E+0
662	664,000000E+0	13,450000E+0	23,129000E+0	278,933000E+3	12,000000E+0
663	664,000000E+0	13,450000E+0	23,129000E+0	279,059000E+3	12,000000E+0
664	664,000000E+0	13,450000E+0	23,129000E+0	279,185000E+3	12,000000E+0
665	664,000000E+0	13,450000E+0	22,900000E+0	279,312000E+3	12,000000E+0
666	664,000000E+0	13,450000E+0	22,900000E+0	279,438000E+3	12,000000E+0
667	664,000000E+0	13,450000E+0	22,671000E+0	279,564000E+3	12,000000E+0
668	664,000000E+0	13,450000E+0	22,900000E+0	279,692000E+3	12,000000E+0
669	664,000000E+0	13,450000E+0	22,900000E+0	279,821000E+3	12,000000E+0
670	664,000000E+0	13,450000E+0	23,129000E+0	279,947000E+3	12,000000E+0
671	664,000000E+0	13,450000E+0	23,129000E+0	280,074000E+3	12,000000E+0
672	664,000000E+0	13,450000E+0	23,358000E+0	280,202000E+3	12,000000E+0
673	664,000000E+0	13,450000E+0	23,358000E+0	280,328000E+3	12,000000E+0
674	664,000000E+0	13,450000E+0	23,587000E+0	280,457000E+3	12,000000E+0
675	664,000000E+0	13,450000E+0	23,587000E+0	280,583000E+3	12,000000E+0
676	664,000000E+0	13,450000E+0	23,587000E+0	280,710000E+3	12,000000E+0
677	664,000000E+0	13,450000E+0	23,587000E+0	280,837000E+3	12,000000E+0
678	664,000000E+0	13,450000E+0	23,587000E+0	280,964000E+3	12,000000E+0
679	664,000000E+0	13,450000E+0	23,358000E+0	281,091000E+3	12,000000E+0
680	664,000000E+0	13,450000E+0	23,129000E+0	281,219000E+3	12,000000E+0
681	664,000000E+0	13,450000E+0	23,129000E+0	281,347000E+3	12,000000E+0
682	664,000000E+0	13,450000E+0	22,900000E+0	281,471000E+3	12,000000E+0
683	664,000000E+0	13,450000E+0	22,900000E+0	281,600000E+3	12,000000E+0
684	664,000000E+0	13,450000E+0	22,900000E+0	281,727000E+3	12,000000E+0
685	664,000000E+0	13,450000E+0	22,900000E+0	281,855000E+3	12,000000E+0
686	664,000000E+0	13,450000E+0	22,900000E+0	281,981000E+3	12,000000E+0
687	664,000000E+0	13,450000E+0	23,129000E+0	282,111000E+3	12,000000E+0
688	664,000000E+0	13,450000E+0	23,129000E+0	282,238000E+3	12,000000E+0
689	664,000000E+0	13,450000E+0	23,129000E+0	282,363000E+3	12,000000E+0
690	664,000000E+0	13,450000E+0	23,358000E+0	282,492000E+3	12,000000E+0
691	664,000000E+0	13,450000E+0	23,358000E+0	282,619000E+3	12,000000E+0
692	664,000000E+0	13,450000E+0	23,358000E+0	282,744000E+3	12,000000E+0
693	664,000000E+0	13,450000E+0	23,129000E+0	282,870000E+3	12,000000E+0
694	664,000000E+0	13,450000E+0	23,129000E+0	282,996000E+3	12,000000E+0
695	664,000000E+0	13,450000E+0	23,129000E+0	283,123000E+3	12,000000E+0
696	664,000000E+0	13,450000E+0	23,129000E+0	283,250000E+3	12,000000E+0
697	664,000000E+0	13,450000E+0	22,900000E+0	283,376000E+3	12,000000E+0
698	664,000000E+0	13,450000E+0	22,900000E+0	283,504000E+3	12,000000E+0
699	664,000000E+0	13,450000E+0	22,900000E+0	283,632000E+3	12,000000E+0
700	664,000000E+0	13,450000E+0	22,900000E+0	283,759000E+3	12,000000E+0
701	664,000000E+0	13,450000E+0	22,900000E+0	283,886000E+3	12,000000E+0
702	664,000000E+0	13,450000E+0	22,900000E+0	284,012000E+3	12,000000E+0
703	664,000000E+0	13,450000E+0	23,129000E+0	284,140000E+3	12,000000E+0
704	664,000000E+0	13,450000E+0	23,129000E+0	284,266000E+3	12,000000E+0
705	664,000000E+0	13,450000E+0	23,358000E+0	284,395000E+3	12,000000E+0
706	664,000000E+0	13,450000E+0	23,587000E+0	284,521000E+3	12,000000E+0
707	664,000000E+0	13,450000E+0	23,587000E+0	284,649000E+3	12,000000E+0
708	664,000000E+0	13,450000E+0	23,587000E+0	284,783000E+3	12,000000E+0
709	664,000000E+0	13,450000E+0	23,587000E+0	284,904000E+3	12,000000E+0
710	664,000000E+0	13,450000E+0	23,358000E+0	285,028000E+3	12,000000E+0
711	664,000000E+0	13,450000E+0	23,358000E+0	285,156000E+3	12,000000E+0
712	664,000000E+0	13,450000E+0	23,358000E+0	285,284000E+3	12,000000E+0
713	664,000000E+0	13,450000E+0	23,129000E+0	285,413000E+3	12,000000E+0
714	664,000000E+0	13,450000E+0	22,900000E+0	285,538000E+3	12,000000E+0
715	664,000000E+0	13,450000E+0	22,900000E+0	285,665000E+3	12,000000E+0
716	664,000000E+0	13,450000E+0	22,900000E+0	285,793000E+3	12,000000E+0
717	664,000000E+0	13,450000E+0	22,900000E+0	285,921000E+3	12,000000E+0
718	664,000000E+0	13,450000E+0	22,900000E+0	286,048000E+3	12,000000E+0
719	664,000000E+0	13,450000E+0	22,900000E+0	286,174000E+3	12,000000E+0
720	664,000000E+0	13,450000E+0	23,129000E+0	286,303000E+3	12,000000E+0
721	664,000000E+0	13,450000E+0	23,129000E+0	286,429000E+3	12,000000E+0
722	664,000000E+0	13,450000E+0	23,358000E+0	286,561000E+3	12,000000E+0
723	664,000000E+0	13,450000E+0	23,358000E+0	286,684000E+3	12,000000E+0
724	664,000000E+0	16,140000E+0	23,358000E+0	286,809000E+3	12,000000E+0
725	664,000000E+0	13,450000E+0	23,358000E+0	286,938000E+3	12,000000E+0
726	664,000000E+0	13,450000E+0	23,358000E+0	287,064000E+3	12,000000E+0
727	664,000000E+0	13,450000E+0	23,129000E+0	287,189000E+3	12,000000E+0
728	664,000000E+0	13,450000E+0	22,900000E+0	287,315000E+3	12,000000E+0
729	664,000000E+0	13,450000E+0	22,900000E+0	287,442000E+3	12,000000E+0
730	664,000000E+0	13,450000E+0	22,900000E+0	287,569000E+3	12,000000E+0
731	664,000000E+0	16,140000E+0	22,900000E+0	287,696000E+3	12,000000E+0
732	664,000000E+0	13,450000E+0	22,900000E+0	287,823000E+3	12,000000E+0
733	664,000000E+0	13,450000E+0	23,129000E+0	287,949000E+3	12,000000E+0
734	664,000000E+0	13,450000E+0	22,900000E+0	288,077000E+3	12,000000E+0
735	664,000000E+0	13,450000E+0	23,129000E+0	288,205000E+3	12,000000E+0
736	664,000000E+0	13,450000E+0	23,129000E+0	288,331000E+3	12,000000E+0
737	664,000000E+0	13,450000E+0	23,358000E+0	288,459000E+3	12,000000E+0
738	664,000000E+0	13,450000E+0	23,358000E+0	288,586000E+3	12,000000E+0
739	664,000000E+0	13,450000E+0	23,587000E+0	288,715000E+3	12,000000E+0
740	664,000000E+0	13,450000E+0	23,587000E+0	288,842000E+3	12,000000E+0
741	664,000000E+0	13,450000E+0	23,587000E+0	288,969000E+3	12,000000E+0
742	664,000000E+0	13,450000E+0	23,587000E+0	289,096000E+3	12,000000E+0
743	664,000000E+0	13,450000E+0	23,358000E+0	289,221000E+3	12,000000E+0
744	664,000000E+0	13,450000E+0	23,129000E+0	289,349000E+3	12,000000E+0
745	664,000000E+0	13,450000E+0	23,129000E+0	289,476000E+3	12,000000E+0
746	664,000000E+0	13,450000E+0	23,129000E+0	289,605000E+3	12,000000E+0
747	664,000000E+0	13,450000E+0	22,900000E+0	289,730000E+3	12,000000E+0
748	664,000000E+0	13,450000E+0	22,900000E+0	289,860000E+3	12,000000E+0
749	664,000000E+0	13,450000E+0	22,900000E+0	289,988000E+3	12,000000E+0
750	664,000000E+0	13,450000E+0	22,900000E+0	290,114000E+3	12,000000E+0
751	664,000000E+0	13,450000E+0	22,900000E+0	290,240000E+3	12,000000E+0
752	664,000000E+0	13,450000E+0	23,129000E+0	290,368000E+3	12,000000E+0
753	664,000000E+0	13,450000E+0	23,129000E+0	290,495000E+3	12,000000E+0
754	664,000000E+0	13,450000E+0	23,129000E+0	290,622000E+3	12,000000E+0
755	664,000000E+0	13,450000E+0	23,358000E+0	290,751000E+3	12,000000E+0
756	664,000000E+0	16,140000E+0	23,358000E+0	290,875000E+3	12,000000E+0
757	664,000000E+0	16,140000E+0	23,358000E+0	291,003000E+3	12,000000E+0
758	664,000000E+0	16,140000E+0	23,358000E+0	291,130000E+3	12,000000E+0
759	664,000000E+0	13,450000E+0	23,129000E+0	291,255000E+3	12,000000E+0
760	664,000000E+0	13,450000E+0	22,900000E+0	291,382000E+3	12,000000E+0
761	664,000000E+0	13,450000E+0	22,900000E+0	291,509000E+3	12,000000E+0
762	664,000000E+0	13,450000E+0	22,900000E+0	291,634000E+3	12,000000E+0
763	664,000000E+0	13,450000E+0	22,900000E+0	291,763000E+3	12,000000E+0
764	664,000000E+0	13,450000E+0	22,900000E+0	291,890000E+3	12,000000E+0
765	664,000000E+0	13,450000E+0	22,900000E+0	292,016000E+3	12,000000E+0
766	664,000000E+0	13,450000E+0	22,900000E+0	292,144000E+3	12,000000E+0
767	664,000000E+0	13,450000E+0	23,129000E+0	292,272000E+3	12,000000E+0
768	664,000000E+0	13,450000E+0	23,129000E+0	292,397000E+3	12,000000E+0
769	664,000000E+0	13,450000E+0	23,358000E+0	292,526000E+3	12,000000E+0
770	664,000000E+0	13,450000E+0	23,358000E+0	292,652000E+3	12,000000E+0
771	664,000000E+0	13,450000E+0	23,587000E+0	292,780000E+3	12,000000E+0
772	664,000000E+0	13,450000E+0	23,587000E+0	292,908000E+3	12,000000E+0
773	664,000000E+0	13,450000E+0	23,587000E+0	293,035000E+3	12,000000E+0
774	664,000000E+0	13,450000E+0	23,587000E+0	293,163000E+3	12,000000E+0
775	664,000000E+0	13,450000E+0	23,358000E+0	293,289000E+3	12,000000E+0
776	664,000000E+0	13,450000E+0	23,358000E+0	293,416000E+3	12,000000E+0
777	664,000000E+0	13,450000E+0	23,129000E+0	293,544000E+3	12,000000E+0
778	664,000000E+0	13,450000E+0	22,900000E+0	293,671000E+3	12,000000E+0
779	664,000000E+0	13,450000E+0	22,900000E+0	293,797000E+3	12,000000E+0
780	664,000000E+0	13,450000E+0	22,900000E+0	293,926000E+3	12,000000E+0
781	664,000000E+0	13,450000E+0	22,900000E+0	294,053000E+3	12,000000E+0
782	664,000000E+0	13,450000E+0	22,900000E+0	294,181000E+3	12,000000E+0
783	664,000000E+0	13,450000E+0	22,900000E+0	294,307000E+3	12,000000E+0
784	664,000000E+0	13,450000E+0	22,900000E+0	294,435000E+3	12,000000E+0
785	664,000000E+0	13,450000E+0	23,129000E+0	294,562000E+3	12,000000E+0
786	664,000000E+0	13,450000E+0	23,129000E+0	294,688000E+3	12,000000E+0
787	664,000000E+0	13,450000E+0	23,358000E+0	294,817000E+3	12,000000E+0
788	664,000000E+0	13,450000E+0	23,358000E+0	294,943000E+3	12,000000E+0
789	664,000000E+0	13,450000E+0	23,358000E+0	295,067000E+3	12,000000E+0
790	664,000000E+0	13,450000E+0	23,358000E+0	295,196000E+3	12,000000E+0
791	664,000000E+0	13,450000E+0	23,358000E+0	295,322000E+3	12,000000E+0
792	664,000000E+0	13,450000E+0	23,129000E+0	295,448000E+3	12,000000E+0
793	664,000000E+0	13,450000E+0	22,900000E+0	295,576000E+3	12,000000E+0
794	664,000000E+0	13,450000E+0	22,900000E+0	295,701000E+3	12,000000E+0
795	664,000000E+0	13,450000E+0	22,900000E+0	295,828000E+3	12,000000E+0
796	664,000000E+0	13,450000E+0	22,900000E+0	295,955000E+3	12,000000E+0
797	664,000000E+0	13,450000E+0	22,900000E+0	296,084000E+3	12,000000E+0
798	664,000000E+0	13,450000E+0	22,900000E+0	296,210000E+3	12,000000E+0
799	664,000000E+0	13,450000E+0	23,129000E+0	296,338000E+3	12,000000E+0
800	664,000000E+0	13,450000E+0	23,129000E+0	296,466000E+3	12,000000E+0
801	664,000000E+0	13,450000E+0	23,358000E+0	296,593000E+3	12,000000E+0
802	664,000000E+0	13,450000E+0	23,358000E+0	296,719000E+3	12,000000E+0
803	664,000000E+0	13,450000E+0	23,358000E+0	296,846000E+3	12,000000E+0
804	664,000000E+0	13,450000E+0	23,587000E+0	296,975000E+3	12,000000E+0
805	664,000000E+0	13,450000E+0	23,587000E+0	297,100000E+3	12,000000E+0
806	664,000000E+0	13,450000E+0	23,587000E+0	297,229000E+3	12,000000E+0
807	664,000000E+0	13,450000E+0	23,358000E+0	297,355000E+3	12,000000E+0
808	664,000000E+0	13,450000E+0	23,358000E+0	297,481000E+3	12,000000E+0
809	664,000000E+0	13,450000E+0	23,129000E+0	297,610000E+3	12,000000E+0
810	664,000000E+0	13,450000E+0	23,129000E+0	297,738000E+3	12,000000E+0
811	664,000000E+0	13,450000E+0	22,900000E+0	297,863000E+3	12,000000E+0
812	664,000000E+0	13,450000E+0	22,900000E+0	297,991000E+3	12,000000E+0
813	664,000000E+0	13,450000E+0	22,900000E+0	298,119000E+3	12,000000E+0
814	664,000000E+0	13,450000E+0	22,900000E+0	298,246000E+3	12,000000E+0
815	664,000000E+0	13,450000E+0	22,900000E+0	298,373000E+3	12,000000E+0
816	664,000000E+0	13,450000E+0	22,900000E+0	298,501000E+3	12,000000E+0
817	664,000000E+0	13,450000E+0	23,129000E+0	298,628000E+3	12,000000E+0
818	664,000000E+0	13,450000E+0	23,129000E+0	298,755000E+3	12,000000E+0
819	664,000000E+0	13,450000E+0	23,358000E+0	298,884000E+3	12,000000E+0
820	664,000000E+0	13,450000E+0	23,129000E+0	299,011000E+3	12,000000E+0
821	664,000000E+0	13,450000E+0	23,358000E+0	299,136000E+3	12,000000E+0
822	664,000000E+0	13,450000E+0	23,358000E+0	299,262000E+3	12,000000E+0
823	664,000000E+0	13,450000E+0	23,358000E+0	299,389000E+3	12,000000E+0
824	664,000000E+0	13,450000E+0	23,129000E+0	299,515000E+3	12,000000E+0
825	664,000000E+0	13,450000E+0	23,129000E+0	299,642000E+3	12,000000E+0
826	664,000000E+0	13,450000E+0	22,900000E+0	299,769000E+3	12,000000E+0
827	664,000000E+0	13,450000E+0	22,900000E+0	299,895000E+3	12,000000E+0
828	664,000000E+0	13,450000E+0	22,900000E+0	300,022000E+3	12,000000E+0
829	664,000000E+0	13,450000E+0	22,900000E+0	300,150000E+3	12,000000E+0
830	664,000000E+0	13,450000E+0	22,900000E+0	300,277000E+3	12,000000E+0
831	664,000000E+0	13,450000E+0	22,900000E+0	300,403000E+3	12,000000E+0
832	664,000000E+0	13,450000E+0	23,129000E+0	300,531000E+3	12,000000E+0
833	664,000000E+0	13,450000E+0	23,358000E+0	300,659000E+3	12,000000E+0
834	664,000000E+0	13,450000E+0	23,587000E+0	300,786000E+3	12,000000E+0
835	664,000000E+0	13,450000E+0	23,587000E+0	300,913000E+3	12,000000E+0
836	664,000000E+0	13,450000E+0	23,587000E+0	301,040000E+3	12,000000E+0
837	664,000000E+0	13,450000E+0	23,587000E+0	301,168000E+3	12,000000E+0
838	664,000000E+0	13,450000E+0	23,587000E+0	301,294000E+3	12,000000E+0
839	664,000000E+0	13,450000E+0	23,587000E+0	301,423000E+3	12,000000E+0
840	664,000000E+0	13,450000E+0	23,358000E+0	301,549000E+3	12,000000E+0
841	664,000000E+0	13,450000E+0	23,358000E+0	301,677000E+3	12,000000E+0
842	664,000000E+0	13,450000E+0	23,129000E+0	301,805000E+3	12,000000E+0
843	664,000000E+0	16,140000E+0	22,900000E+0	301,930000E+3	12,000000E+0
844	664,000000E+0	13,450000E+0	22,900000E+0	302,058000E+3	12,000000E+0
845	664,000000E+0	13,450000E+0	22,900000E+0	302,186000E+3	12,000000E+0
846	664,000000E+0	13,450000E+0	22,900000E+0	302,313000E+3	12,000000E+0
847	664,000000E+0	13,450000E+0	22,900000E+0	302,440000E+3	12,000000E+0
848	664,000000E+0	13,450000E+0	22,900000E+0	302,570000E+3	12,000000E+0
849	664,000000E+0	13,450000E+0	23,129000E+0	302,695000E+3	12,000000E+0
850	664,000000E+0	13,450000E+0	23,129000E+0	302,822000E+3	12,000000E+0
851	664,000000E+0	13,450000E+0	23,358000E+0	302,951000E+3	12,000000E+0
852	664,000000E+0	13,450000E+0	23,358000E+0	303,078000E+3	12,000000E+0
853	664,000000E+0	13,450000E+0	23,358000E+0	303,201000E+3	12,000000E+0
854	664,000000E+0	13,450000E+0	23,358000E+0	303,330000E+3	12,000000E+0
855	664,000000E+0	13,450000E+0	23,129000E+0	303,456000E+3	12,000000E+0
856	664,000000E+0	13,450000E+0	23,358000E+0	303,581000E+3	12,000000E+0
857	664,000000E+0	13,450000E+0	22,900000E+0	303,708000E+3	12,000000E+0
858	664,000000E+0	13,450000E+0	22,900000E+0	303,837000E+3	12,000000E+0
859	664,000000E+0	13,450000E+0	22,900000E+0	303,962000E+3	12,000000E+0
860	664,000000E+0	13,450000E+0	22,900000E+0	304,089000E+3	12,000000E+0
861	664,000000E+0	13,450000E+0	22,900000E+0	304,215000E+3	12,000000E+0
862	664,000000E+0	13,450000E+0	22,900000E+0	304,343000E+3	12,000000E+0
863	664,000000E+0	13,450000E+0	22,900000E+0	304,471000E+3	12,000000E+0
864	664,000000E+0	13,450000E+0	23,129000E+0	304,599000E+3	12,000000E+0
865	664,000000E+0	13,450000E+0	23,129000E+0	304,725000E+3	12,000000E+0
866	664,000000E+0	13,450000E+0	23,358000E+0	304,853000E+3	12,000000E+0
867	664,000000E+0	13,450000E+0	23,587000E+0	304,980000E+3	12,000000E+0
868	664,000000E+0	13,450000E+0	23,587000E+0	305,108000E+3	12,000000E+0
869	664,000000E+0	13,450000E+0	23,587000E+0	305,234000E+3	12,000000E+0
870	664,000000E+0	13,450000E+0	23,587000E+0	305,363000E+3	12,000000E+0
871	664,000000E+0	13,450000E+0	23,587000E+0	305,489000E+3	12,000000E+0
872	664,000000E+0	13,450000E+0	23,358000E+0	305,616000E+3	12,000000E+0
873	664,000000E+0	13,450000E+0	23,358000E+0	305,743000E+3	12,000000E+0
874	664,000000E+0	13,450000E+0	23,129000E+0	305,871000E+3	12,000000E+0
875	664,000000E+0	13,450000E+0	23,129000E+0	305,999000E+3	12,000000E+0
876	664,000000E+0	13,450000E+0	22,900000E+0	306,125000E+3	12,000000E+0
877	664,000000E+0	13,450000E+0	22,900000E+0	306,255000E+3	12,000000E+0
878	664,000000E+0	13,450000E+0	22,900000E+0	306,381000E+3	12,000000E+0
879	664,000000E+0	13,450000E+0	22,900000E+0	306,509000E+3	12,000000E+0
880	664,000000E+0	13,450000E+0	22,900000E+0	306,635000E+3	12,000000E+0
881	664,000000E+0	13,450000E+0	23,129000E+0	306,763000E+3	12,000000E+0
882	664,000000E+0	13,450000E+0	23,129000E+0	306,890000E+3	12,000000E+0
883	664,000000E+0	13,450000E+0	23,129000E+0	307,016000E+3	12,000000E+0
884	664,000000E+0	13,450000E+0	23,358000E+0	307,145000E+3	12,000000E+0
885	664,000000E+0	13,450000E+0	23,358000E+0	307,270000E+3	12,000000E+0
886	664,000000E+0	13,450000E+0	23,358000E+0	307,398000E+3	12,000000E+0
887	664,000000E+0	13,450000E+0	23,129000E+0	307,524000E+3	12,000000E+0
888	664,000000E+0	13,450000E+0	23,129000E+0	307,650000E+3	12,000000E+0
889	664,000000E+0	16,140000E+0	23,129000E+0	307,777000E+3	12,000000E+0
890	664,000000E+0	16,140000E+0	23,129000E+0	307,903000E+3	12,000000E+0
891	664,000000E+0	16,140000E+0	22,900000E+0	308,031000E+3	12,000000E+0
892	664,000000E+0	13,450000E+0	22,900000E+0	308,158000E+3	12,000000E+0
893	664,000000E+0	13,450000E+0	22,900000E+0	308,285000E+3	12,000000E+0
894	664,000000E+0	13,450000E+0	22,900000E+0	308,412000E+3	12,000000E+0
895	664,000000E+0	13,450000E+0	22,900000E+0	308,538000E+3	12,000000E+0
896	664,000000E+0	13,450000E+0	23,129000E+0	308,666000E+3	12,000000E+0
897	664,000000E+0	13,450000E+0	23,358000E+0	308,792000E+3	12,000000E+0
898	664,000000E+0	13,450000E+0	23,358000E+0	308,921000E+3	12,000000E+0
899	664,000000E+0	13,450000E+0	23,587000E+0	309,047000E+3	12,000000E+0
900	664,000000E+0	13,450000E+0	23,587000E+0	309,177000E+3	12,000000E+0
901	664,000000E+0	13,450000E+0	23,816000E+0	309,305000E+3	12,000000E+0
902	664,000000E+0	13,450000E+0	23,587000E+0	309,432000E+3	12,000000E+0
903	664,000000E+0	13,450000E+0	23,587000E+0	309,559000E+3	12,000000E+0
904	664,000000E+0	13,450000E+0	23,358000E+0	309,684000E+3	12,000000E+0
905	664,000000E+0	13,450000E+0	23,358000E+0	309,812000E+3	12,000000E+0
906	664,000000E+0	13,450000E+0	23,129000E+0	309,940000E+3	12,000000E+0
907	664,000000E+0	13,450000E+0	23,129000E+0	310,069000E+3	12,000000E+0
908	664,000000E+0	13,450000E+0	22,900000E+0	310,192000E+3	12,000000E+0
909	664,000000E+0	13,450000E+0	22,900000E+0	310,322000E+3	12,000000E+0
910	664,000000E+0	13,450000E+0	22,900000E+0	310,450000E+3	12,000000E+0
911	664,000000E+0	13,450000E+0	22,900000E+0	310,576000E+3	12,000000E+0
912	664,000000E+0	13,450000E+0	22,900000E+0	310,704000E+3	12,000000E+0
913	664,000000E+0	13,450000E+0	23,129000E+0	310,830000E+3	12,000000E+0
914	664,000000E+0	13,450000E+0	23,129000E+0	310,958000E+3	12,000000E+0
915	664,000000E+0	13,450000E+0	23,129000E+0	311,085000E+3	12,000000E+0
916	664,000000E+0	13,450000E+0	23,358000E+0	311,213000E+3	12,000000E+0
917	664,000000E+0	13,450000E+0	23,358000E+0	311,340000E+3	12,000000E+0
918	664,000000E+0	13,450000E+0	23,358000E+0	311,466000E+3	12,000000E+0
919	664,000000E+0	13,450000E+0	23,358000E+0	311,593000E+3	12,000000E+0
920	664,000000E+0	13,450000E+0	23,129000E+0	311,719000E+3	12,000000E+0
921	664,000000E+0	16,140000E+0	22,900000E+0	311,845000E+3	12,000000E+0
922	664,000000E+0	16,140000E+0	23,129000E+0	311,972000E+3	12,000000E+0
923	664,000000E+0	13,450000E+0	22,900000E+0	312,100000E+3	12,000000E+0
924	664,000000E+0	13,450000E+0	22,900000E+0	312,227000E+3	12,000000E+0
925	664,000000E+0	13,450000E+0	22,900000E+0	312,354000E+3	12,000000E+0
926	664,000000E+0	13,450000E+0	22,900000E+0	312,480000E+3	12,000000E+0
927	664,000000E+0	13,450000E+0	23,129000E+0	312,607000E+3	12,000000E+0
928	664,000000E+0	13,450000E+0	22,900000E+0	312,736000E+3	12,000000E+0
929	664,000000E+0	13,450000E+0	23,129000E+0	312,861000E+3	12,000000E+0
930	664,000000E+0	13,450000E+0	23,358000E+0	312,990000E+3	12,000000E+0
931	664,000000E+0	13,450000E+0	23,587000E+0	313,117000E+3	12,000000E+0
932	664,000000E+0	13,450000E+0	23,587000E+0	313,244000E+3	12,000000E+0
933	664,000000E+0	13,450000E+0	23,587000E+0	313,374000E+3	12,000000E+0
934	664,000000E+0	13,450000E+0	23,587000E+0	313,499000E+3	12,000000E+0
935	664,000000E+0	13,450000E+0	23,587000E+0	313,627000E+3	12,000000E+0
936	664,000000E+0	13,450000E+0	23,358000E+0	313,753000E+3	12,000000E+0
937	664,000000E+0	13,450000E+0	23,358000E+0	313,879000E+3	12,000000E+0
938	664,000000E+0	13,450000E+0	23,129000E+0	314,010000E+3	12,000000E+0
939	664,000000E+0	13,450000E+0	23,129000E+0	314,136000E+3	12,000000E+0
940	664,000000E+0	13,450000E+0	22,900000E+0	314,262000E+3	12,000000E+0
941	664,000000E+0	13,450000E+0	22,900000E+0	314,391000E+3	12,000000E+0
942	664,000000E+0	13,450000E+0	22,900000E+0	314,519000E+3	12,000000E+0
943	664,000000E+0	13,450000E+0	22,900000E+0	314,644000E+3	12,000000E+0
944	664,000000E+0	13,450000E+0	22,900000E+0	314,772000E+3	12,000000E+0
945	664,000000E+0	13,450000E+0	22,900000E+0	314,901000E+3	12,000000E+0
946	664,000000E+0	13,450000E+0	23,129000E+0	315,028000E+3	12,000000E+0
947	664,000000E+0	13,450000E+0	23,129000E+0	315,156000E+3	12,000000E+0
948	664,000000E+0	13,450000E+0	23,358000E+0	315,282000E+3	12,000000E+0
949	664,000000E+0	13,450000E+0	23,358000E+0	315,409000E+3	12,000000E+0
950	664,000000E+0	13,450000E+0	23,358000E+0	315,534000E+3	12,000000E+0
951	664,000000E+0	13,450000E+0	23,358000E+0	315,661000E+3	12,000000E+0
952	664,000000E+0	13,450000E+0	23,358000E+0	315,788000E+3	12,000000E+0
953	664,000000E+0	13,450000E+0	23,129000E+0	315,915000E+3	12,000000E+0
954	664,000000E+0	13,450000E+0	22,900000E+0	316,043000E+3	12,000000E+0
955	664,000000E+0	13,450000E+0	22,900000E+0	316,168000E+3	12,000000E+0
956	664,000000E+0	13,450000E+0	22,900000E+0	316,294000E+3	12,000000E+0
957	664,000000E+0	13,450000E+0	22,900000E+0	316,421000E+3	12,000000E+0
958	664,000000E+0	13,450000E+0	22,900000E+0	316,549000E+3	12,000000E+0
959	664,000000E+0	13,450000E+0	23,129000E+0	316,677000E+3	12,000000E+0
960	664,000000E+0	13,450000E+0	23,129000E+0	316,805000E+3	12,000000E+0
961	664,000000E+0	13,450000E+0	23,129000E+0	316,932000E+3	12,000000E+0
962	664,000000E+0	13,450000E+0	23,358000E+0	317,059000E+3	12,000000E+0
963	664,000000E+0	13,450000E+0	23,358000E+0	317,186000E+3	12,000000E+0
964	664,000000E+0	13,450000E+0	23,587000E+0	317,313000E+3	12,000000E+0
965	664,000000E+0	13,450000E+0	23,587000E+0	317,442000E+3	12,000000E+0
966	664,000000E+0	13,450000E+0	23,816000E+0	317,568000E+3	12,000000E+0
967	664,000000E+0	13,450000E+0	23,587000E+0	317,696000E+3	12,000000E+0
968	664,000000E+0	13,450000E+0	23,587000E+0	317,822000E+3	12,000000E+0
969	664,000000E+0	13,450000E+0	23,358000E+0	317,949000E+3	12,000000E+0
970	664,000000E+0	13,450000E+0	23,129000E+0	318,078000E+3	12,000000E+0
971	664,000000E+0	13,450000E+0	23,129000E+0	318,206000E+3	12,000000E+0
972	664,000000E+0	13,450000E+0	23,129000E+0	318,332000E+3	12,000000E+0
973	664,000000E+0	13,450000E+0	22,900000E+0	318,461000E+3	12,000000E+0
974	664,000000E+0	13,450000E+0	22,900000E+0	318,587000E+3	12,000000E+0
975	664,000000E+0	13,450000E+0	22,900000E+0	318,715000E+3	12,000000E+0
976	664,000000E+0	13,450000E+0	22,900000E+0	318,843000E+3	12,000000E+0
977	664,000000E+0	13,450000E+0	22,900000E+0	318,971000E+3	12,000000E+0
978	664,000000E+0	13,450000E+0	23,129000E+0	319,097000E+3	12,000000E+0
979	664,000000E+0	13,450000E+0	23,358000E+0	319,225000E+3	12,000000E+0
980	664,000000E+0	13,450000E+0	23,358000E+0	319,351000E+3	12,000000E+0
981	664,000000E+0	13,450000E+0	23,358000E+0	319,479000E+3	12,000000E+0
982	664,000000E+0	13,450000E+0	23,358000E+0	319,603000E+3	12,000000E+0
983	664,000000E+0	16,140000E+0	23,358000E+0	319,731000E+3	12,000000E+0
984	664,000000E+0	16,140000E+0	23,129000E+0	319,858000E+3	12,000000E+0
985	664,000000E+0	13,450000E+0	23,129000E+0	319,985000E+3	12,000000E+0
986	664,000000E+0	13,450000E+0	22,900000E+0	320,113000E+3	12,000000E+0
987	664,000000E+0	13,450000E+0	22,900000E+0	320,239000E+3	12,000000E+0
988	664,000000E+0	13,450000E+0	22,900000E+0	320,365000E+3	12,000000E+0
989	664,000000E+0	13,450000E+0	22,900000E+0	320,492000E+3	12,000000E+0
990	664,000000E+0	13,450000E+0	22,900000E+0	320,620000E+3	12,000000E+0
991	664,000000E+0	13,450000E+0	23,129000E+0	320,747000E+3	12,000000E+0
992	664,000000E+0	13,450000E+0	23,129000E+0	320,874000E+3	12,000000E+0
993	664,000000E+0	13,450000E+0	23,129000E+0	321,002000E+3	12,000000E+0
994	664,000000E+0	13,450000E+0	23,358000E+0	321,129000E+3	12,000000E+0
995	664,000000E+0	13,450000E+0	23,358000E+0	321,256000E+3	12,000000E+0
996	664,000000E+0	13,450000E+0	23,587000E+0	321,384000E+3	12,000000E+0
997	664,000000E+0	13,450000E+0	23,587000E+0	321,510000E+3	12,000000E+0
998	664,000000E+0	13,450000E+0	23,587000E+0	321,638000E+3	12,000000E+0
999	664,000000E+0	13,450000E+0	23,587000E+0	321,766000E+3	12,000000E+0
1000	664,000000E+0	13,450000E+0	23,587000E+0	321,893000E+3	12,000000E+0
1001	664,000000E+0	13,450000E+0	23,358000E+0	322,019000E+3	12,000000E+0
1002	664,000000E+0	13,450000E+0	23,358000E+0	322,149000E+3	12,000000E+0
1003	664,000000E+0	13,450000E+0	23,129000E+0	322,276000E+3	12,000000E+0
1004	664,000000E+0	13,450000E+0	22,900000E+0	322,401000E+3	12,000000E+0
1005	664,000000E+0	13,450000E+0	22,900000E+0	322,530000E+3	12,000000E+0
1006	664,000000E+0	13,450000E+0	22,900000E+0	322,657000E+3	12,000000E+0
1007	664,000000E+0	13,450000E+0	22,900000E+0	322,786000E+3	12,000000E+0
1008	664,000000E+0	13,450000E+0	22,900000E+0	322,912000E+3	12,000000E+0
1009	664,000000E+0	13,450000E+0	22,900000E+0	323,038000E+3	12,000000E+0
1010	664,000000E+0	13,450000E+0	23,129000E+0	323,168000E+3	12,000000E+0
1011	664,000000E+0	13,450000E+0	23,129000E+0	323,294000E+3	12,000000E+0
1012	664,000000E+0	13,450000E+0	23,358000E+0	323,422000E+3	12,000000E+0
1013	664,000000E+0	13,450000E+0	23,358000E+0	323,548000E+3	12,000000E+0
1014	664,000000E+0	13,450000E+0	23,358000E+0	323,675000E+3	12,000000E+0
1015	664,000000E+0	13,450000E+0	23,358000E+0	323,803000E+3	12,000000E+0
1016	664,000000E+0	13,450000E+0	23,358000E+0	323,929000E+3	12,000000E+0
1017	664,000000E+0	13,450000E+0	23,358000E+0	324,054000E+3	12,000000E+0
1018	664,000000E+0	13,450000E+0	23,129000E+0	324,182000E+3	12,000000E+0
1019	664,000000E+0	13,450000E+0	23,129000E+0	324,310000E+3	12,000000E+0
1020	664,000000E+0	13,450000E+0	22,900000E+0	324,435000E+3	12,000000E+0
1021	664,000000E+0	13,450000E+0	22,900000E+0	324,562000E+3	12,000000E+0
1022	664,000000E+0	13,450000E+0	22,900000E+0	324,689000E+3	12,000000E+0
1023	664,000000E+0	13,450000E+0	22,900000E+0	324,817000E+3	12,000000E+0
1024	664,000000E+0	13,450000E+0	23,129000E+0	324,944000E+3	12,000000E+0
1025	664,000000E+0	13,450000E+0	23,129000E+0	325,072000E+3	12,000000E+0
1026	664,000000E+0	13,450000E+0	23,358000E+0	325,199000E+3	12,000000E+0
1027	664,000000E+0	13,450000E+0	23,358000E+0	325,326000E+3	12,000000E+0
1028	664,000000E+0	13,450000E+0	23,587000E+0	325,454000E+3	12,000000E+0
1029	664,000000E+0	13,450000E+0	23,587000E+0	325,582000E+3	12,000000E+0
1030	664,000000E+0	13,450000E+0	23,587000E+0	325,710000E+3	12,000000E+0
1031	664,000000E+0	13,450000E+0	23,587000E+0	325,837000E+3	12,000000E+0
1032	664,000000E+0	13,450000E+0	23,587000E+0	325,964000E+3	12,000000E+0
1033	664,000000E+0	13,450000E+0	23,358000E+0	326,090000E+3	12,000000E+0
1034	664,000000E+0	13,450000E+0	23,358000E+0	326,217000E+3	12,000000E+0
1035	664,000000E+0	13,450000E+0	23,129000E+0	326,345000E+3	12,000000E+0
1036	664,000000E+0	13,450000E+0	22,900000E+0	326,473000E+3	12,000000E+0
1037	664,000000E+0	13,450000E+0	22,900000E+0	326,599000E+3	12,000000E+0
1038	664,000000E+0	13,450000E+0	22,900000E+0	326,727000E+3	12,000000E+0
1039	664,000000E+0	13,450000E+0	23,129000E+0	326,855000E+3	12,000000E+0
1040	664,000000E+0	13,450000E+0	22,900000E+0	326,982000E+3	12,000000E+0
1041	664,000000E+0	13,450000E+0	23,129000E+0	327,110000E+3	12,000000E+0
1042	664,000000E+0	13,450000E+0	23,129000E+0	327,237000E+3	12,000000E+0
1043	664,000000E+0	13,450000E+0	23,129000E+0	327,365000E+3	12,000000E+0
1044	664,000000E+0	13,450000E+0	23,358000E+0	327,491000E+3	12,000000E+0
1045	664,000000E+0	13,450000E+0	23,358000E+0	327,621000E+3	12,000000E+0
1046	664,000000E+0	13,450000E+0	23,358000E+0	327,745000E+3	12,000000E+0
1047	664,000000E+0	13,450000E+0	23,358000E+0	327,872000E+3	12,000000E+0
1048	664,000000E+0	13,450000E+0	23,358000E+0	328,000000E+3	12,000000E+0
1049	664,000000E+0	13,450000E+0	23,358000E+0	328,124000E+3	12,000000E+0
1050	664,000000E+0	13,450000E+0	23,129000E+0	328,252000E+3	12,000000E+0
1051	664,000000E+0	13,450000E+0	22,900000E+0	328,380000E+3	12,000000E+0
1052	664,000000E+0	13,450000E+0	22,900000E+0	328,508000E+3	12,000000E+0
1053	664,000000E+0	13,450000E+0	22,900000E+0	328,634000E+3	12,000000E+0
1054	664,000000E+0	13,450000E+0	22,900000E+0	328,760000E+3	12,000000E+0
1055	664,000000E+0	13,450000E+0	22,900000E+0	328,887000E+3	12,000000E+0
1056	664,000000E+0	13,450000E+0	23,129000E+0	329,015000E+3	12,000000E+0
1057	664,000000E+0	13,450000E+0	23,129000E+0	329,141000E+3	12,000000E+0
1058	664,000000E+0	13,450000E+0	23,129000E+0	329,269000E+3	12,000000E+0
1059	664,000000E+0	13,450000E+0	23,358000E+0	329,398000E+3	12,000000E+0
1060	664,000000E+0	13,450000E+0	23,587000E+0	329,525000E+3	12,000000E+0
1061	664,000000E+0	13,450000E+0	23,587000E+0	329,652000E+3	12,000000E+0
1062	664,000000E+0	13,450000E+0	23,587000E+0	329,779000E+3	12,000000E+0
1063	664,000000E+0	13,450000E+0	23,587000E+0	329,907000E+3	12,000000E+0
1064	664,000000E+0	13,450000E+0	23,587000E+0	330,034000E+3	12,000000E+0
1065	664,000000E+0	13,450000E+0	23,358000E+0	330,160000E+3	12,000000E+0
1066	664,000000E+0	13,450000E+0	23,358000E+0	330,288000E+3	12,000000E+0
1067	664,000000E+0	13,450000E+0	23,129000E+0	330,416000E+3	12,000000E+0
1068	664,000000E+0	13,450000E+0	22,900000E+0	330,542000E+3	12,000000E+0
1069	664,000000E+0	13,450000E+0	22,900000E+0	330,670000E+3	12,000000E+0
1070	664,000000E+0	13,450000E+0	22,671000E+0	330,798000E+3	12,000000E+0
1071	664,000000E+0	13,450000E+0	23,129000E+0	330,925000E+3	12,000000E+0
1072	664,000000E+0	13,450000E+0	22,900000E+0	331,052000E+3	12,000000E+0
1073	664,000000E+0	13,450000E+0	23,129000E+0	331,185000E+3	12,000000E+0
1074	664,000000E+0	13,450000E+0	23,129000E+0	331,307000E+3	12,000000E+0
1075	664,000000E+0	13,450000E+0	23,129000E+0	331,435000E+3	12,000000E+0
1076	664,000000E+0	13,450000E+0	23,129000E+0	331,562000E+3	12,000000E+0
1077	664,000000E+0	13,450000E+0	23,358000E+0	331,690000E+3	12,000000E+0
1078	664,000000E+0	13,450000E+0	23,358000E+0	331,815000E+3	12,000000E+0
1079	664,000000E+0	13,450000E+0	23,358000E+0	331,943000E+3	12,000000E+0
1080	664,000000E+0	13,450000E+0	23,358000E+0	332,071000E+3	12,000000E+0
1081	664,000000E+0	13,450000E+0	23,129000E+0	332,196000E+3	12,000000E+0
1082	664,000000E+0	13,450000E+0	23,129000E+0	332,323000E+3	12,000000E+0
1083	664,000000E+0	13,450000E+0	22,900000E+0	332,450000E+3	12,000000E+0
1084	664,000000E+0	13,450000E+0	22,900000E+0	332,575000E+3	12,000000E+0
1085	664,000000E+0	13,450000E+0	22,900000E+0	332,704000E+3	12,000000E+0
1086	664,000000E+0	13,450000E+0	22,900000E+0	332,830000E+3	12,000000E+0
1087	664,000000E+0	13,450000E+0	22,900000E+0	332,957000E+3	12,000000E+0
1088	664,000000E+0	13,450000E+0	22,900000E+0	333,085000E+3	12,000000E+0
1089	664,000000E+0	13,450000E+0	22,900000E+0	333,212000E+3	12,000000E+0
1090	664,000000E+0	13,450000E+0	23,129000E+0	333,339000E+3	12,000000E+0
1091	664,000000E+0	13,450000E+0	23,358000E+0	333,467000E+3	12,000000E+0
1092	664,000000E+0	13,450000E+0	23,358000E+0	333,593000E+3	12,000000E+0
1093	664,000000E+0	13,450000E+0	23,587000E+0	333,722000E+3	12,000000E+0
1094	664,000000E+0	13,450000E+0	23,587000E+0	333,850000E+3	12,000000E+0
1095	664,000000E+0	13,450000E+0	23,587000E+0	333,978000E+3	12,000000E+0
1096	664,000000E+0	13,450000E+0	23,587000E+0	334,105000E+3	12,000000E+0
1097	664,000000E+0	13,450000E+0	23,358000E+0	334,230000E+3	12,000000E+0
1098	664,000000E+0	13,450000E+0	23,358000E+0	334,358000E+3	12,000000E+0
1099	664,000000E+0	13,450000E+0	23,358000E+0	334,488000E+3	12,000000E+0
1100	664,000000E+0	13,450000E+0	23,129000E+0	334,614000E+3	12,000000E+0
1101	664,000000E+0	13,450000E+0	22,900000E+0	334,741000E+3	12,000000E+0
1102	664,000000E+0	13,450000E+0	22,900000E+0	334,868000E+3	12,000000E+0
1103	664,000000E+0	13,450000E+0	22,900000E+0	334,996000E+3	12,000000E+0
1104	664,000000E+0	13,450000E+0	22,900000E+0	335,122000E+3	12,000000E+0
1105	664,000000E+0	13,450000E+0	22,900000E+0	335,251000E+3	12,000000E+0
1106	664,000000E+0	13,450000E+0	23,129000E+0	335,379000E+3	12,000000E+0
1107	664,000000E+0	13,450000E+0	23,129000E+0	335,505000E+3	12,000000E+0
1108	664,000000E+0	13,450000E+0	23,358000E+0	335,635000E+3	12,000000E+0
1109	664,000000E+0	13,450000E+0	23,129000E+0	335,759000E+3	12,000000E+0
1110	664,000000E+0	13,450000E+0	23,358000E+0	335,887000E+3	12,000000E+0
1111	664,000000E+0	13,450000E+0	23,358000E+0	336,013000E+3	12,000000E+0
1112	664,000000E+0	13,450000E+0	23,358000E+0	336,141000E+3	12,000000E+0
1113	664,000000E+0	13,450000E+0	23,129000E+0	336,268000E+3	12,000000E+0
1114	664,000000E+0	16,140000E+0	23,129000E+0	336,393000E+3	12,000000E+0
1115	664,000000E+0	16,140000E+0	23,129000E+0	336,522000E+3	12,000000E+0
1116	664,000000E+0	16,140000E+0	23,129000E+0	336,647000E+3	12,000000E+0
1117	664,000000E+0	13,450000E+0	22,900000E+0	336,773000E+3	12,000000E+0
1118	664,000000E+0	13,450000E+0	22,900000E+0	336,900000E+3	12,000000E+0
1119	664,000000E+0	13,450000E+0	22,900000E+0	337,029000E+3	12,000000E+0
1120	664,000000E+0	13,450000E+0	22,900000E+0	337,177000E+3	12,000000E+0
1121	664,000000E+0	13,450000E+0	22,900000E+0	337,316000E+3	12,000000E+0
1122	664,000000E+0	13,450000E+0	23,129000E+0	337,472000E+3	12,000000E+0
1123	664,000000E+0	13,450000E+0	23,358000E+0	337,634000E+3	12,000000E+0
1124	664,000000E+0	13,450000E+0	23,587000E+0	337,761000E+3	12,000000E+0
1125	664,000000E+0	13,450000E+0	23,587000E+0	337,888000E+3	12,000000E+0
1126	664,000000E+0	13,450000E+0	23,587000E+0	338,015000E+3	12,000000E+0
1127	664,000000E+0	13,450000E+0	23,587000E+0	338,144000E+3	12,000000E+0
1128	664,000000E+0	13,450000E+0	23,587000E+0	338,270000E+3	12,000000E+0
1129	664,000000E+0	13,450000E+0	23,358000E+0	338,398000E+3	12,000000E+0
1130	664,000000E+0	13,450000E+0	23,129000E+0	338,524000E+3	12,000000E+0
1131	664,000000E+0	13,450000E+0	23,129000E+0	338,654000E+3	12,000000E+0
1132	664,000000E+0	13,450000E+0	22,900000E+0	338,779000E+3	12,000000E+0
1133	664,000000E+0	13,450000E+0	22,900000E+0	338,906000E+3	12,000000E+0
1134	664,000000E+0	13,450000E+0	22,900000E+0	339,065000E+3	12,000000E+0
1135	664,000000E+0	13,450000E+0	22,900000E+0	339,195000E+3	12,000000E+0
1136	664,000000E+0	13,450000E+0	22,900000E+0	339,321000E+3	12,000000E+0
1137	664,000000E+0	13,450000E+0	23,129000E+0	339,450000E+3	12,000000E+0
1138	664,000000E+0	13,450000E+0	23,129000E+0	339,576000E+3	12,000000E+0
1139	664,000000E+0	13,450000E+0	23,358000E+0	339,705000E+3	12,000000E+0
1140	664,000000E+0	13,450000E+0	23,358000E+0	339,831000E+3	12,000000E+0
1141	664,000000E+0	13,450000E+0	23,358000E+0	339,960000E+3	12,000000E+0
1142	664,000000E+0	13,450000E+0	23,358000E+0	340,085000E+3	12,000000E+0
1143	664,000000E+0	13,450000E+0	23,358000E+0	340,212000E+3	12,000000E+0
1144	664,000000E+0	13,450000E+0	23,358000E+0	340,339000E+3	12,000000E+0
1145	664,000000E+0	13,450000E+0	23,129000E+0	340,464000E+3	12,000000E+0
1146	664,000000E+0	13,450000E+0	23,129000E+0	340,591000E+3	12,000000E+0
1147	664,000000E+0	13,450000E+0	22,900000E+0	340,718000E+3	12,000000E+0
1148	664,000000E+0	13,450000E+0	22,900000E+0	340,845000E+3	12,000000E+0
1149	664,000000E+0	13,450000E+0	22,900000E+0	340,972000E+3	12,000000E+0
1150	664,000000E+0	13,450000E+0	22,900000E+0	341,099000E+3	12,000000E+0
1151	664,000000E+0	13,450000E+0	22,900000E+0	341,228000E+3	12,000000E+0
1152	664,000000E+0	13,450000E+0	23,129000E+0	341,356000E+3	12,000000E+0
1153	664,000000E+0	13,450000E+0	23,129000E+0	341,482000E+3	12,000000E+0
1154	664,000000E+0	13,450000E+0	23,358000E+0	341,609000E+3	12,000000E+0
1155	664,000000E+0	13,450000E+0	23,358000E+0	341,736000E+3	12,000000E+0
1156	664,000000E+0	13,450000E+0	23,587000E+0	341,864000E+3	12,000000E+0
1157	664,000000E+0	13,450000E+0	23,587000E+0	341,991000E+3	12,000000E+0
1158	664,000000E+0	13,450000E+0	23,587000E+0	342,119000E+3	12,000000E+0
1159	664,000000E+0	13,450000E+0	23,587000E+0	342,247000E+3	12,000000E+0
1160	664,000000E+0	13,450000E+0	23,587000E+0	342,374000E+3	12,000000E+0
1161	664,000000E+0	13,450000E+0	23,358000E+0	342,501000E+3	12,000000E+0
1162	664,000000E+0	13,450000E+0	23,129000E+0	342,629000E+3	12,000000E+0
1163	664,000000E+0	13,450000E+0	23,129000E+0	342,757000E+3	12,000000E+0
1164	664,000000E+0	13,450000E+0	22,900000E+0	342,882000E+3	12,000000E+0
1165	664,000000E+0	13,450000E+0	22,900000E+0	343,011000E+3	12,000000E+0
1166	664,000000E+0	13,450000E+0	22,900000E+0	343,138000E+3	12,000000E+0
1167	664,000000E+0	13,450000E+0	22,900000E+0	343,266000E+3	12,000000E+0
1168	664,000000E+0	13,450000E+0	22,900000E+0	343,394000E+3	12,000000E+0
1169	664,000000E+0	13,450000E+0	23,129000E+0	343,522000E+3	12,000000E+0
1170	664,000000E+0	13,450000E+0	23,129000E+0	343,649000E+3	12,000000E+0
1171	664,000000E+0	13,450000E+0	23,358000E+0	343,775000E+3	12,000000E+0
1172	664,000000E+0	13,450000E+0	23,129000E+0	343,903000E+3	12,000000E+0
1173	664,000000E+0	13,450000E+0	23,358000E+0	344,031000E+3	12,000000E+0
1174	664,000000E+0	13,450000E+0	23,358000E+0	344,156000E+3	12,000000E+0
1175	664,000000E+0	13,450000E+0	23,358000E+0	344,285000E+3	12,000000E+0
1176	664,000000E+0	13,450000E+0	23,358000E+0	344,410000E+3	12,000000E+0
1177	664,000000E+0	13,450000E+0	23,129000E+0	344,537000E+3	12,000000E+0
1178	664,000000E+0	13,450000E+0	23,129000E+0	344,664000E+3	12,000000E+0
1179	664,000000E+0	13,450000E+0	22,900000E+0	344,791000E+3	12,000000E+0
1180	664,000000E+0	13,450000E+0	22,900000E+0	344,916000E+3	12,000000E+0
1181	664,000000E+0	13,450000E+0	22,900000E+0	345,043000E+3	12,000000E+0
1182	664,000000E+0	13,450000E+0	22,900000E+0	345,171000E+3	12,000000E+0
1183	664,000000E+0	13,450000E+0	22,900000E+0	345,297000E+3	12,000000E+0
1184	664,000000E+0	13,450000E+0	23,129000E+0	345,425000E+3	12,000000E+0
1185	664,000000E+0	13,450000E+0	23,129000E+0	345,554000E+3	12,000000E+0
1186	664,000000E+0	13,450000E+0	23,358000E+0	345,681000E+3	12,000000E+0
1187	664,000000E+0	13,450000E+0	23,358000E+0	345,808000E+3	12,000000E+0
1188	664,000000E+0	13,450000E+0	23,587000E+0	345,936000E+3	12,000000E+0
1189	664,000000E+0	13,450000E+0	23,587000E+0	346,064000E+3	12,000000E+0
1190	664,000000E+0	13,450000E+0	23,587000E+0	346,190000E+3	12,000000E+0
1191	664,000000E+0	13,450000E+0	23,816000E+0	346,319000E+3	12,000000E+0
1192	664,000000E+0	13,450000E+0	23,587000E+0	346,445000E+3	12,000000E+0
1193	664,000000E+0	13,450000E+0	23,358000E+0	346,572000E+3	12,000000E+0
1194	664,000000E+0	13,450000E+0	23,358000E+0	346,700000E+3	12,000000E+0
1195	664,000000E+0	13,450000E+0	23,129000E+0	346,827000E+3	12,000000E+0
1196	664,000000E+0	13,450000E+0	23,129000E+0	346,955000E+3	12,000000E+0
1197	664,000000E+0	13,450000E+0	22,900000E+0	347,081000E+3	12,000000E+0
1198	664,000000E+0	13,450000E+0	22,900000E+0	347,210000E+3	12,000000E+0
1199	664,000000E+0	13,450000E+0	22,900000E+0	347,338000E+3	12,000000E+0
1200	664,000000E+0	13,450000E+0	22,900000E+0	347,464000E+3	12,000000E+0
1201	664,000000E+0	13,450000E+0	22,900000E+0	347,591000E+3	12,000000E+0
1202	664,000000E+0	13,450000E+0	23,129000E+0	347,719000E+3	12,000000E+0
1203	664,000000E+0	13,450000E+0	23,129000E+0	347,848000E+3	12,000000E+0
1204	664,000000E+0	13,450000E+0	23,358000E+0	347,975000E+3	12,000000E+0
1205	664,000000E+0	13,450000E+0	23,358000E+0	348,103000E+3	12,000000E+0
1206	664,000000E+0	13,450000E+0	23,358000E+0	348,227000E+3	12,000000E+0
1207	664,000000E+0	13,450000E+0	23,358000E+0	348,355000E+3	12,000000E+0
1208	664,000000E+0	13,450000E+0	23,358000E+0	348,481000E+3	12,000000E+0
1209	664,000000E+0	13,450000E+0	23,358000E+0	348,607000E+3	12,000000E+0
1210	664,000000E+0	13,450000E+0	23,129000E+0	348,735000E+3	12,000000E+0
1211	664,000000E+0	13,450000E+0	23,129000E+0	348,862000E+3	12,000000E+0
1212	664,000000E+0	13,450000E+0	22,900000E+0	348,989000E+3	12,000000E+0
1213	664,000000E+0	13,450000E+0	22,900000E+0	349,116000E+3	12,000000E+0
1214	664,000000E+0	13,450000E+0	22,900000E+0	349,243000E+3	12,000000E+0
1215	664,000000E+0	13,450000E+0	22,900000E+0	349,369000E+3	12,000000E+0
1216	664,000000E+0	13,450000E+0	23,129000E+0	349,498000E+3	12,000000E+0
1217	664,000000E+0	13,450000E+0	23,129000E+0	349,625000E+3	12,000000E+0
1218	664,000000E+0	13,450000E+0	23,358000E+0	349,752000E+3	12,000000E+0
1219	664,000000E+0	13,450000E+0	23,358000E+0	349,880000E+3	12,000000E+0
1220	664,000000E+0	13,450000E+0	23,358000E+0	350,007000E+3	12,000000E+0
1221	664,000000E+0	13,450000E+0	23,587000E+0	350,135000E+3	12,000000E+0
1222	664,000000E+0	13,450000E+0	23,587000E+0	350,261000E+3	12,000000E+0
1223	664,000000E+0	13,450000E+0	23,587000E+0	350,390000E+3	12,000000E+0
1224	664,000000E+0	13,450000E+0	23,587000E+0	350,518000E+3	12,000000E+0
1225	664,000000E+0	13,450000E+0	23,587000E+0	350,644000E+3	12,000000E+0
1226	664,000000E+0	13,450000E+0	23,358000E+0	350,773000E+3	12,000000E+0
1227	664,000000E+0	13,450000E+0	23,129000E+0	350,900000E+3	12,000000E+0
1228	664,000000E+0	13,450000E+0	22,900000E+0	351,027000E+3	12,000000E+0
1229	664,000000E+0	13,450000E+0	22,900000E+0	351,154000E+3	12,000000E+0
1230	664,000000E+0	13,450000E+0	22,900000E+0	351,281000E+3	12,000000E+0
1231	664,000000E+0	13,450000E+0	23,129000E+0	351,411000E+3	12,000000E+0
1232	664,000000E+0	13,450000E+0	22,900000E+0	351,537000E+3	12,000000E+0
1233	664,000000E+0	13,450000E+0	22,900000E+0	351,665000E+3	12,000000E+0
1234	664,000000E+0	13,450000E+0	23,129000E+0	351,792000E+3	12,000000E+0
1235	664,000000E+0	13,450000E+0	23,129000E+0	351,920000E+3	12,000000E+0
1236	664,000000E+0	13,450000E+0	23,358000E+0	352,045000E+3	12,000000E+0
1237	664,000000E+0	13,450000E+0	23,358000E+0	352,174000E+3	12,000000E+0
1238	664,000000E+0	13,450000E+0	23,358000E+0	352,300000E+3	12,000000E+0
1239	664,000000E+0	13,450000E+0	23,358000E+0	352,426000E+3	12,000000E+0
1240	664,000000E+0	13,450000E+0	23,358000E+0	352,553000E+3	12,000000E+0
1241	664,000000E+0	13,450000E+0	23,129000E+0	352,679000E+3	12,000000E+0
1242	664,000000E+0	13,450000E+0	23,129000E+0	352,807000E+3	12,000000E+0
1243	664,000000E+0	13,450000E+0	23,129000E+0	352,935000E+3	12,000000E+0
1244	664,000000E+0	13,450000E+0	22,900000E+0	353,062000E+3	12,000000E+0
1245	664,000000E+0	13,450000E+0	22,900000E+0	353,188000E+3	12,000000E+0
1246	664,000000E+0	13,450000E+0	22,900000E+0	353,316000E+3	12,000000E+0
1247	664,000000E+0	13,450000E+0	22,900000E+0	353,442000E+3	12,000000E+0
1248	664,000000E+0	13,450000E+0	22,900000E+0	353,569000E+3	12,000000E+0
1249	664,000000E+0	13,450000E+0	23,129000E+0	353,697000E+3	12,000000E+0
1250	664,000000E+0	13,450000E+0	23,129000E+0	353,824000E+3	12,000000E+0
