vendredi 19 janvier 2024	17:41:14	Sampling Period : 20  ms		
Unities: time [sample], PWM [raw], Current [mA], velocity [rev/min], Position [pulse], Present Input Voltage [V]

t	DXL_PWM		DXL_Current		DXL_Velocity		DXL_Position		DXL_Input_Voltage
0	0,000000E+0	-2,690000E+0	0,000000E+0	1,073492E+6	12,000000E+0
1	265,000000E+0	75,320000E+0	229,000000E-3	1,073498E+6	12,000000E+0
2	265,000000E+0	8,070000E+0	8,473000E+0	1,073546E+6	12,000000E+0
3	265,000000E+0	8,070000E+0	9,160000E+0	1,073595E+6	12,000000E+0
4	265,000000E+0	8,070000E+0	9,160000E+0	1,073646E+6	12,000000E+0
5	265,000000E+0	8,070000E+0	8,931000E+0	1,073696E+6	12,000000E+0
6	265,000000E+0	5,380000E+0	8,931000E+0	1,073746E+6	12,000000E+0
7	265,000000E+0	5,380000E+0	9,160000E+0	1,073797E+6	12,000000E+0
8	265,000000E+0	5,380000E+0	9,160000E+0	1,073847E+6	12,000000E+0
9	265,000000E+0	5,380000E+0	9,160000E+0	1,073897E+6	12,000000E+0
10	265,000000E+0	8,070000E+0	8,931000E+0	1,073947E+6	12,000000E+0
11	265,000000E+0	5,380000E+0	8,931000E+0	1,073997E+6	12,000000E+0
12	265,000000E+0	5,380000E+0	8,931000E+0	1,074048E+6	12,000000E+0
13	265,000000E+0	5,380000E+0	8,931000E+0	1,074099E+6	12,000000E+0
14	265,000000E+0	5,380000E+0	8,931000E+0	1,074149E+6	12,000000E+0
15	265,000000E+0	5,380000E+0	9,160000E+0	1,074199E+6	12,000000E+0
16	265,000000E+0	5,380000E+0	9,160000E+0	1,074250E+6	12,000000E+0
17	265,000000E+0	5,380000E+0	9,160000E+0	1,074301E+6	12,000000E+0
18	265,000000E+0	5,380000E+0	8,931000E+0	1,074351E+6	12,000000E+0
19	265,000000E+0	5,380000E+0	8,931000E+0	1,074403E+6	12,000000E+0
20	265,000000E+0	5,380000E+0	9,160000E+0	1,074452E+6	12,000000E+0
21	265,000000E+0	5,380000E+0	9,160000E+0	1,074502E+6	12,000000E+0
22	265,000000E+0	5,380000E+0	9,160000E+0	1,074553E+6	12,000000E+0
23	265,000000E+0	5,380000E+0	9,160000E+0	1,074604E+6	12,000000E+0
24	265,000000E+0	5,380000E+0	9,160000E+0	1,074654E+6	12,000000E+0
25	265,000000E+0	5,380000E+0	9,160000E+0	1,074705E+6	12,000000E+0
26	265,000000E+0	5,380000E+0	9,160000E+0	1,074754E+6	12,000000E+0
27	265,000000E+0	5,380000E+0	9,160000E+0	1,074805E+6	12,000000E+0
28	265,000000E+0	5,380000E+0	9,160000E+0	1,074857E+6	12,000000E+0
29	265,000000E+0	5,380000E+0	9,160000E+0	1,074906E+6	12,000000E+0
30	265,000000E+0	5,380000E+0	9,389000E+0	1,074957E+6	12,000000E+0
31	265,000000E+0	5,380000E+0	9,389000E+0	1,075008E+6	12,000000E+0
32	265,000000E+0	5,380000E+0	9,389000E+0	1,075059E+6	12,000000E+0
33	265,000000E+0	5,380000E+0	9,160000E+0	1,075109E+6	12,000000E+0
34	265,000000E+0	5,380000E+0	9,389000E+0	1,075161E+6	12,000000E+0
35	265,000000E+0	5,380000E+0	9,389000E+0	1,075211E+6	12,000000E+0
36	265,000000E+0	5,380000E+0	9,389000E+0	1,075261E+6	12,000000E+0
37	265,000000E+0	5,380000E+0	9,389000E+0	1,075312E+6	12,000000E+0
38	265,000000E+0	5,380000E+0	9,389000E+0	1,075362E+6	12,000000E+0
39	265,000000E+0	5,380000E+0	9,389000E+0	1,075414E+6	12,000000E+0
40	265,000000E+0	5,380000E+0	9,160000E+0	1,075463E+6	12,000000E+0
41	265,000000E+0	5,380000E+0	9,160000E+0	1,075514E+6	12,000000E+0
42	265,000000E+0	5,380000E+0	9,160000E+0	1,075563E+6	12,000000E+0
43	265,000000E+0	5,380000E+0	9,160000E+0	1,075614E+6	12,000000E+0
44	265,000000E+0	5,380000E+0	9,160000E+0	1,075665E+6	12,000000E+0
45	265,000000E+0	5,380000E+0	9,160000E+0	1,075714E+6	12,000000E+0
46	265,000000E+0	5,380000E+0	9,160000E+0	1,075766E+6	12,000000E+0
47	265,000000E+0	5,380000E+0	9,160000E+0	1,075817E+6	12,000000E+0
48	265,000000E+0	5,380000E+0	9,389000E+0	1,075868E+6	12,000000E+0
49	265,000000E+0	5,380000E+0	9,160000E+0	1,075919E+6	12,000000E+0
50	265,000000E+0	5,380000E+0	9,160000E+0	1,075970E+6	12,000000E+0
51	265,000000E+0	5,380000E+0	9,160000E+0	1,076020E+6	12,000000E+0
52	265,000000E+0	5,380000E+0	8,931000E+0	1,076069E+6	12,000000E+0
53	265,000000E+0	5,380000E+0	9,160000E+0	1,076120E+6	12,000000E+0
54	265,000000E+0	5,380000E+0	8,702000E+0	1,076170E+6	12,000000E+0
55	265,000000E+0	5,380000E+0	9,160000E+0	1,076223E+6	12,000000E+0
56	265,000000E+0	5,380000E+0	8,702000E+0	1,076272E+6	12,000000E+0
57	265,000000E+0	5,380000E+0	9,160000E+0	1,076323E+6	12,000000E+0
58	265,000000E+0	5,380000E+0	8,931000E+0	1,076374E+6	12,000000E+0
59	265,000000E+0	5,380000E+0	9,160000E+0	1,076425E+6	12,000000E+0
60	265,000000E+0	5,380000E+0	9,160000E+0	1,076475E+6	12,000000E+0
61	265,000000E+0	5,380000E+0	8,931000E+0	1,076525E+6	12,000000E+0
62	265,000000E+0	5,380000E+0	9,160000E+0	1,076576E+6	12,000000E+0
63	265,000000E+0	5,380000E+0	8,931000E+0	1,076625E+6	12,000000E+0
64	265,000000E+0	5,380000E+0	9,160000E+0	1,076677E+6	12,000000E+0
65	265,000000E+0	5,380000E+0	9,160000E+0	1,076729E+6	12,000000E+0
66	265,000000E+0	5,380000E+0	8,931000E+0	1,076778E+6	12,000000E+0
67	265,000000E+0	5,380000E+0	9,160000E+0	1,076829E+6	12,000000E+0
68	265,000000E+0	5,380000E+0	9,160000E+0	1,076879E+6	12,000000E+0
69	265,000000E+0	5,380000E+0	9,160000E+0	1,076930E+6	12,000000E+0
70	265,000000E+0	5,380000E+0	9,160000E+0	1,076981E+6	12,000000E+0
71	265,000000E+0	5,380000E+0	9,160000E+0	1,077031E+6	12,000000E+0
72	265,000000E+0	5,380000E+0	9,160000E+0	1,077081E+6	12,000000E+0
73	265,000000E+0	5,380000E+0	9,160000E+0	1,077131E+6	12,000000E+0
74	265,000000E+0	5,380000E+0	9,389000E+0	1,077183E+6	12,000000E+0
75	265,000000E+0	5,380000E+0	8,931000E+0	1,077233E+6	12,000000E+0
76	265,000000E+0	5,380000E+0	9,389000E+0	1,077283E+6	12,000000E+0
77	265,000000E+0	5,380000E+0	9,160000E+0	1,077333E+6	12,000000E+0
78	265,000000E+0	5,380000E+0	9,160000E+0	1,077382E+6	12,000000E+0
79	265,000000E+0	5,380000E+0	9,160000E+0	1,077434E+6	12,000000E+0
80	265,000000E+0	5,380000E+0	9,160000E+0	1,077484E+6	12,000000E+0
81	265,000000E+0	5,380000E+0	9,160000E+0	1,077536E+6	12,000000E+0
82	265,000000E+0	5,380000E+0	9,160000E+0	1,077586E+6	12,000000E+0
83	265,000000E+0	5,380000E+0	9,160000E+0	1,077635E+6	12,000000E+0
84	265,000000E+0	5,380000E+0	9,160000E+0	1,077685E+6	12,000000E+0
85	265,000000E+0	5,380000E+0	9,160000E+0	1,077736E+6	12,000000E+0
86	265,000000E+0	5,380000E+0	8,931000E+0	1,077786E+6	12,000000E+0
87	265,000000E+0	5,380000E+0	9,160000E+0	1,077836E+6	12,000000E+0
88	265,000000E+0	5,380000E+0	8,931000E+0	1,077887E+6	12,000000E+0
89	265,000000E+0	5,380000E+0	8,931000E+0	1,077937E+6	12,000000E+0
90	265,000000E+0	5,380000E+0	8,931000E+0	1,077987E+6	12,000000E+0
91	265,000000E+0	5,380000E+0	8,931000E+0	1,078037E+6	12,000000E+0
92	265,000000E+0	5,380000E+0	8,931000E+0	1,078088E+6	12,000000E+0
93	265,000000E+0	5,380000E+0	8,931000E+0	1,078138E+6	12,000000E+0
94	265,000000E+0	5,380000E+0	8,931000E+0	1,078188E+6	12,000000E+0
95	265,000000E+0	5,380000E+0	8,931000E+0	1,078239E+6	12,000000E+0
96	265,000000E+0	5,380000E+0	8,931000E+0	1,078289E+6	12,000000E+0
97	265,000000E+0	5,380000E+0	9,160000E+0	1,078341E+6	12,000000E+0
98	265,000000E+0	5,380000E+0	8,931000E+0	1,078391E+6	12,000000E+0
99	265,000000E+0	5,380000E+0	9,160000E+0	1,078441E+6	12,000000E+0
100	265,000000E+0	5,380000E+0	9,160000E+0	1,078491E+6	12,000000E+0
101	265,000000E+0	5,380000E+0	9,160000E+0	1,078542E+6	12,000000E+0
102	265,000000E+0	5,380000E+0	9,160000E+0	1,078594E+6	12,000000E+0
103	265,000000E+0	5,380000E+0	9,160000E+0	1,078645E+6	12,000000E+0
104	265,000000E+0	5,380000E+0	9,160000E+0	1,078695E+6	12,000000E+0
105	265,000000E+0	5,380000E+0	9,160000E+0	1,078745E+6	12,000000E+0
106	265,000000E+0	5,380000E+0	9,160000E+0	1,078796E+6	12,000000E+0
107	265,000000E+0	5,380000E+0	9,160000E+0	1,078846E+6	12,000000E+0
108	265,000000E+0	5,380000E+0	9,160000E+0	1,078896E+6	12,000000E+0
109	265,000000E+0	5,380000E+0	9,160000E+0	1,078947E+6	12,000000E+0
110	265,000000E+0	5,380000E+0	9,160000E+0	1,078997E+6	12,000000E+0
111	265,000000E+0	5,380000E+0	9,160000E+0	1,079048E+6	12,000000E+0
112	265,000000E+0	5,380000E+0	9,389000E+0	1,079099E+6	12,000000E+0
113	265,000000E+0	5,380000E+0	9,389000E+0	1,079150E+6	12,000000E+0
114	265,000000E+0	5,380000E+0	9,389000E+0	1,079200E+6	12,000000E+0
115	265,000000E+0	5,380000E+0	9,389000E+0	1,079252E+6	12,000000E+0
116	265,000000E+0	5,380000E+0	9,160000E+0	1,079302E+6	12,000000E+0
117	265,000000E+0	5,380000E+0	9,389000E+0	1,079353E+6	12,000000E+0
118	265,000000E+0	5,380000E+0	9,389000E+0	1,079404E+6	12,000000E+0
119	265,000000E+0	5,380000E+0	9,160000E+0	1,079454E+6	12,000000E+0
120	265,000000E+0	5,380000E+0	9,389000E+0	1,079505E+6	12,000000E+0
121	265,000000E+0	5,380000E+0	9,160000E+0	1,079555E+6	12,000000E+0
122	265,000000E+0	5,380000E+0	9,389000E+0	1,079606E+6	12,000000E+0
123	265,000000E+0	5,380000E+0	9,160000E+0	1,079656E+6	12,000000E+0
124	265,000000E+0	5,380000E+0	9,160000E+0	1,079706E+6	12,000000E+0
125	265,000000E+0	5,380000E+0	9,160000E+0	1,079757E+6	12,000000E+0
126	265,000000E+0	5,380000E+0	9,160000E+0	1,079806E+6	12,000000E+0
127	265,000000E+0	5,380000E+0	9,160000E+0	1,079858E+6	12,000000E+0
128	265,000000E+0	5,380000E+0	9,160000E+0	1,079909E+6	12,000000E+0
129	265,000000E+0	5,380000E+0	9,160000E+0	1,079959E+6	12,000000E+0
130	265,000000E+0	5,380000E+0	9,160000E+0	1,080010E+6	12,000000E+0
131	265,000000E+0	5,380000E+0	9,160000E+0	1,080061E+6	12,000000E+0
132	265,000000E+0	5,380000E+0	9,160000E+0	1,080112E+6	12,000000E+0
133	265,000000E+0	5,380000E+0	9,160000E+0	1,080161E+6	12,000000E+0
134	265,000000E+0	5,380000E+0	9,160000E+0	1,080212E+6	12,000000E+0
135	265,000000E+0	5,380000E+0	8,931000E+0	1,080262E+6	12,000000E+0
136	265,000000E+0	5,380000E+0	9,160000E+0	1,080315E+6	12,000000E+0
137	265,000000E+0	5,380000E+0	8,702000E+0	1,080365E+6	12,000000E+0
138	265,000000E+0	5,380000E+0	9,160000E+0	1,080416E+6	12,000000E+0
139	265,000000E+0	5,380000E+0	8,931000E+0	1,080467E+6	12,000000E+0
140	265,000000E+0	5,380000E+0	8,931000E+0	1,080517E+6	12,000000E+0
141	265,000000E+0	5,380000E+0	9,160000E+0	1,080567E+6	12,000000E+0
142	265,000000E+0	5,380000E+0	8,931000E+0	1,080618E+6	12,000000E+0
143	265,000000E+0	5,380000E+0	9,160000E+0	1,080669E+6	12,000000E+0
144	265,000000E+0	5,380000E+0	8,931000E+0	1,080719E+6	12,000000E+0
145	265,000000E+0	5,380000E+0	9,160000E+0	1,080770E+6	12,000000E+0
146	265,000000E+0	5,380000E+0	9,160000E+0	1,080821E+6	12,000000E+0
147	265,000000E+0	5,380000E+0	9,160000E+0	1,080871E+6	12,000000E+0
148	265,000000E+0	5,380000E+0	9,160000E+0	1,080922E+6	12,000000E+0
149	265,000000E+0	5,380000E+0	9,160000E+0	1,080972E+6	12,000000E+0
150	265,000000E+0	5,380000E+0	9,160000E+0	1,081023E+6	12,000000E+0
151	265,000000E+0	5,380000E+0	9,160000E+0	1,081074E+6	12,000000E+0
152	265,000000E+0	5,380000E+0	9,160000E+0	1,081123E+6	12,000000E+0
153	265,000000E+0	5,380000E+0	9,160000E+0	1,081174E+6	12,000000E+0
154	265,000000E+0	5,380000E+0	9,160000E+0	1,081225E+6	12,000000E+0
155	265,000000E+0	5,380000E+0	9,160000E+0	1,081276E+6	12,000000E+0
156	265,000000E+0	5,380000E+0	9,160000E+0	1,081326E+6	12,000000E+0
157	265,000000E+0	5,380000E+0	9,389000E+0	1,081377E+6	12,000000E+0
158	265,000000E+0	5,380000E+0	9,160000E+0	1,081426E+6	12,000000E+0
159	265,000000E+0	5,380000E+0	9,160000E+0	1,081476E+6	12,000000E+0
160	265,000000E+0	5,380000E+0	9,160000E+0	1,081528E+6	12,000000E+0
161	265,000000E+0	5,380000E+0	9,160000E+0	1,081578E+6	12,000000E+0
162	265,000000E+0	5,380000E+0	9,160000E+0	1,081628E+6	12,000000E+0
163	265,000000E+0	5,380000E+0	9,160000E+0	1,081679E+6	12,000000E+0
164	265,000000E+0	5,380000E+0	9,160000E+0	1,081729E+6	12,000000E+0
165	265,000000E+0	5,380000E+0	9,160000E+0	1,081778E+6	12,000000E+0
166	265,000000E+0	5,380000E+0	9,160000E+0	1,081830E+6	12,000000E+0
167	265,000000E+0	5,380000E+0	8,931000E+0	1,081880E+6	12,000000E+0
168	265,000000E+0	5,380000E+0	9,160000E+0	1,081930E+6	12,000000E+0
169	265,000000E+0	5,380000E+0	8,931000E+0	1,081981E+6	12,000000E+0
170	265,000000E+0	5,380000E+0	8,931000E+0	1,082031E+6	12,000000E+0
171	265,000000E+0	5,380000E+0	8,931000E+0	1,082081E+6	12,000000E+0
172	265,000000E+0	5,380000E+0	8,931000E+0	1,082131E+6	12,000000E+0
173	265,000000E+0	5,380000E+0	8,931000E+0	1,082182E+6	12,000000E+0
174	265,000000E+0	5,380000E+0	8,931000E+0	1,082231E+6	12,000000E+0
175	265,000000E+0	5,380000E+0	8,931000E+0	1,082282E+6	12,000000E+0
176	265,000000E+0	5,380000E+0	8,931000E+0	1,082333E+6	12,000000E+0
177	265,000000E+0	5,380000E+0	9,160000E+0	1,082383E+6	12,000000E+0
178	265,000000E+0	5,380000E+0	9,160000E+0	1,082434E+6	12,000000E+0
179	265,000000E+0	5,380000E+0	9,160000E+0	1,082485E+6	12,000000E+0
180	265,000000E+0	5,380000E+0	9,160000E+0	1,082536E+6	12,000000E+0
181	265,000000E+0	5,380000E+0	8,931000E+0	1,082586E+6	12,000000E+0
182	265,000000E+0	5,380000E+0	9,160000E+0	1,082637E+6	12,000000E+0
183	265,000000E+0	5,380000E+0	9,160000E+0	1,082687E+6	12,000000E+0
184	265,000000E+0	5,380000E+0	9,160000E+0	1,082739E+6	12,000000E+0
185	265,000000E+0	5,380000E+0	9,160000E+0	1,082789E+6	12,000000E+0
186	265,000000E+0	5,380000E+0	9,160000E+0	1,082839E+6	12,000000E+0
187	265,000000E+0	5,380000E+0	9,160000E+0	1,082890E+6	12,000000E+0
188	265,000000E+0	5,380000E+0	9,160000E+0	1,082940E+6	12,000000E+0
189	265,000000E+0	5,380000E+0	9,160000E+0	1,082991E+6	12,000000E+0
190	265,000000E+0	5,380000E+0	9,160000E+0	1,083042E+6	12,000000E+0
191	265,000000E+0	5,380000E+0	9,160000E+0	1,083092E+6	12,000000E+0
192	265,000000E+0	5,380000E+0	9,160000E+0	1,083142E+6	12,000000E+0
193	265,000000E+0	5,380000E+0	9,160000E+0	1,083194E+6	12,000000E+0
194	265,000000E+0	5,380000E+0	9,160000E+0	1,083244E+6	12,000000E+0
195	265,000000E+0	5,380000E+0	9,389000E+0	1,083295E+6	12,000000E+0
196	265,000000E+0	5,380000E+0	9,389000E+0	1,083346E+6	12,000000E+0
197	265,000000E+0	2,690000E+0	9,160000E+0	1,083397E+6	12,000000E+0
198	265,000000E+0	2,690000E+0	9,389000E+0	1,083447E+6	12,000000E+0
199	265,000000E+0	2,690000E+0	9,389000E+0	1,083499E+6	12,000000E+0
200	265,000000E+0	2,690000E+0	9,389000E+0	1,083549E+6	12,000000E+0
201	265,000000E+0	2,690000E+0	9,389000E+0	1,083601E+6	12,000000E+0
202	265,000000E+0	2,690000E+0	9,160000E+0	1,083651E+6	12,000000E+0
203	265,000000E+0	2,690000E+0	9,389000E+0	1,083701E+6	12,000000E+0
204	265,000000E+0	2,690000E+0	9,160000E+0	1,083751E+6	12,000000E+0
205	265,000000E+0	2,690000E+0	9,389000E+0	1,083801E+6	12,000000E+0
206	265,000000E+0	2,690000E+0	9,160000E+0	1,083852E+6	12,000000E+0
207	265,000000E+0	2,690000E+0	9,160000E+0	1,083902E+6	12,000000E+0
208	265,000000E+0	2,690000E+0	9,160000E+0	1,083954E+6	12,000000E+0
209	265,000000E+0	2,690000E+0	9,160000E+0	1,084005E+6	12,000000E+0
210	265,000000E+0	2,690000E+0	9,160000E+0	1,084055E+6	12,000000E+0
211	265,000000E+0	2,690000E+0	9,160000E+0	1,084105E+6	12,000000E+0
212	265,000000E+0	2,690000E+0	9,160000E+0	1,084157E+6	12,000000E+0
213	265,000000E+0	2,690000E+0	8,931000E+0	1,084207E+6	12,000000E+0
214	265,000000E+0	2,690000E+0	8,931000E+0	1,084256E+6	12,000000E+0
215	265,000000E+0	2,690000E+0	9,160000E+0	1,084307E+6	12,000000E+0
216	265,000000E+0	2,690000E+0	8,931000E+0	1,084358E+6	12,000000E+0
217	265,000000E+0	2,690000E+0	9,160000E+0	1,084411E+6	12,000000E+0
218	265,000000E+0	2,690000E+0	8,931000E+0	1,084461E+6	12,000000E+0
219	265,000000E+0	2,690000E+0	9,160000E+0	1,084512E+6	12,000000E+0
220	265,000000E+0	2,690000E+0	9,160000E+0	1,084563E+6	12,000000E+0
221	265,000000E+0	2,690000E+0	8,931000E+0	1,084614E+6	12,000000E+0
222	265,000000E+0	2,690000E+0	9,160000E+0	1,084664E+6	12,000000E+0
223	265,000000E+0	2,690000E+0	8,931000E+0	1,084714E+6	12,000000E+0
224	265,000000E+0	2,690000E+0	9,160000E+0	1,084765E+6	12,000000E+0
225	265,000000E+0	2,690000E+0	8,931000E+0	1,084815E+6	12,000000E+0
226	265,000000E+0	2,690000E+0	9,160000E+0	1,084866E+6	12,000000E+0
227	265,000000E+0	2,690000E+0	8,931000E+0	1,084918E+6	12,000000E+0
228	265,000000E+0	2,690000E+0	9,160000E+0	1,084968E+6	12,000000E+0
229	265,000000E+0	2,690000E+0	9,160000E+0	1,085018E+6	12,000000E+0
230	265,000000E+0	2,690000E+0	9,160000E+0	1,085069E+6	12,000000E+0
231	265,000000E+0	2,690000E+0	9,160000E+0	1,085120E+6	12,000000E+0
232	265,000000E+0	2,690000E+0	9,160000E+0	1,085170E+6	12,000000E+0
233	265,000000E+0	2,690000E+0	9,160000E+0	1,085221E+6	12,000000E+0
234	265,000000E+0	2,690000E+0	9,160000E+0	1,085271E+6	12,000000E+0
235	265,000000E+0	2,690000E+0	9,160000E+0	1,085322E+6	12,000000E+0
236	265,000000E+0	2,690000E+0	9,160000E+0	1,085373E+6	12,000000E+0
237	265,000000E+0	2,690000E+0	9,160000E+0	1,085424E+6	12,000000E+0
238	265,000000E+0	2,690000E+0	9,160000E+0	1,085473E+6	12,000000E+0
239	265,000000E+0	2,690000E+0	9,160000E+0	1,085523E+6	12,000000E+0
240	265,000000E+0	2,690000E+0	9,160000E+0	1,085572E+6	12,000000E+0
241	265,000000E+0	2,690000E+0	9,160000E+0	1,085625E+6	12,000000E+0
242	265,000000E+0	2,690000E+0	9,160000E+0	1,085674E+6	12,000000E+0
243	265,000000E+0	2,690000E+0	9,160000E+0	1,085726E+6	12,000000E+0
244	265,000000E+0	2,690000E+0	9,160000E+0	1,085776E+6	12,000000E+0
245	265,000000E+0	2,690000E+0	9,160000E+0	1,085826E+6	12,000000E+0
246	265,000000E+0	2,690000E+0	9,160000E+0	1,085875E+6	12,000000E+0
247	265,000000E+0	2,690000E+0	9,160000E+0	1,085926E+6	12,000000E+0
248	265,000000E+0	2,690000E+0	9,160000E+0	1,085977E+6	12,000000E+0
249	265,000000E+0	2,690000E+0	9,160000E+0	1,086027E+6	12,000000E+0
250	265,000000E+0	2,690000E+0	9,160000E+0	1,086078E+6	12,000000E+0
251	265,000000E+0	2,690000E+0	9,160000E+0	1,086130E+6	12,000000E+0
252	265,000000E+0	2,690000E+0	9,160000E+0	1,086179E+6	12,000000E+0
253	265,000000E+0	2,690000E+0	9,160000E+0	1,086229E+6	12,000000E+0
254	265,000000E+0	2,690000E+0	9,160000E+0	1,086280E+6	12,000000E+0
255	265,000000E+0	2,690000E+0	8,931000E+0	1,086330E+6	12,000000E+0
256	265,000000E+0	2,690000E+0	8,931000E+0	1,086380E+6	12,000000E+0
257	265,000000E+0	2,690000E+0	8,931000E+0	1,086431E+6	12,000000E+0
258	265,000000E+0	2,690000E+0	8,931000E+0	1,086481E+6	12,000000E+0
259	265,000000E+0	2,690000E+0	9,160000E+0	1,086533E+6	12,000000E+0
260	265,000000E+0	2,690000E+0	9,160000E+0	1,086584E+6	12,000000E+0
261	265,000000E+0	2,690000E+0	9,160000E+0	1,086634E+6	12,000000E+0
262	265,000000E+0	2,690000E+0	8,931000E+0	1,086684E+6	12,000000E+0
263	265,000000E+0	2,690000E+0	9,160000E+0	1,086735E+6	12,000000E+0
264	265,000000E+0	2,690000E+0	9,160000E+0	1,086786E+6	12,000000E+0
265	265,000000E+0	2,690000E+0	9,160000E+0	1,086837E+6	12,000000E+0
266	265,000000E+0	2,690000E+0	9,160000E+0	1,086888E+6	12,000000E+0
267	265,000000E+0	2,690000E+0	9,160000E+0	1,086938E+6	12,000000E+0
268	265,000000E+0	2,690000E+0	9,160000E+0	1,086989E+6	12,000000E+0
269	265,000000E+0	2,690000E+0	9,160000E+0	1,087039E+6	12,000000E+0
270	265,000000E+0	2,690000E+0	9,160000E+0	1,087090E+6	12,000000E+0
271	265,000000E+0	2,690000E+0	9,160000E+0	1,087141E+6	12,000000E+0
272	265,000000E+0	2,690000E+0	9,160000E+0	1,087192E+6	12,000000E+0
273	265,000000E+0	2,690000E+0	9,389000E+0	1,087242E+6	12,000000E+0
274	265,000000E+0	2,690000E+0	9,389000E+0	1,087293E+6	12,000000E+0
275	265,000000E+0	2,690000E+0	9,389000E+0	1,087344E+6	12,000000E+0
276	265,000000E+0	2,690000E+0	9,389000E+0	1,087394E+6	12,000000E+0
277	265,000000E+0	2,690000E+0	9,389000E+0	1,087446E+6	12,000000E+0
278	265,000000E+0	2,690000E+0	9,389000E+0	1,087496E+6	12,000000E+0
279	265,000000E+0	2,690000E+0	9,389000E+0	1,087547E+6	12,000000E+0
280	265,000000E+0	2,690000E+0	9,389000E+0	1,087598E+6	12,000000E+0
281	265,000000E+0	2,690000E+0	9,389000E+0	1,087648E+6	12,000000E+0
282	265,000000E+0	2,690000E+0	9,389000E+0	1,087700E+6	12,000000E+0
283	265,000000E+0	2,690000E+0	9,389000E+0	1,087750E+6	12,000000E+0
284	265,000000E+0	2,690000E+0	9,389000E+0	1,087802E+6	12,000000E+0
285	85,000000E+0	712,850000E+0	600,309989E+3	-1,721041E+9	1,600000E+0
286	265,000000E+0	2,690000E+0	9,389000E+0	1,087901E+6	12,000000E+0
287	265,000000E+0	2,690000E+0	9,160000E+0	1,087953E+6	12,000000E+0
288	265,000000E+0	2,690000E+0	9,160000E+0	1,088002E+6	12,000000E+0
289	265,000000E+0	2,690000E+0	9,160000E+0	1,088054E+6	12,000000E+0
290	265,000000E+0	2,690000E+0	9,160000E+0	1,088106E+6	12,000000E+0
291	265,000000E+0	2,690000E+0	9,160000E+0	1,088156E+6	12,000000E+0
292	265,000000E+0	2,690000E+0	9,160000E+0	1,088207E+6	12,000000E+0
293	265,000000E+0	2,690000E+0	9,160000E+0	1,088258E+6	12,000000E+0
294	265,000000E+0	2,690000E+0	9,160000E+0	1,088308E+6	12,000000E+0
295	265,000000E+0	2,690000E+0	8,931000E+0	1,088358E+6	12,000000E+0
296	265,000000E+0	2,690000E+0	9,160000E+0	1,088408E+6	12,000000E+0
297	265,000000E+0	2,690000E+0	8,931000E+0	1,088458E+6	12,000000E+0
298	265,000000E+0	2,690000E+0	9,160000E+0	1,088511E+6	12,000000E+0
299	265,000000E+0	2,690000E+0	8,931000E+0	1,088562E+6	12,000000E+0
300	265,000000E+0	2,690000E+0	9,160000E+0	1,088612E+6	12,000000E+0
301	265,000000E+0	2,690000E+0	9,160000E+0	1,088663E+6	12,000000E+0
302	265,000000E+0	2,690000E+0	8,931000E+0	1,088714E+6	12,000000E+0
303	265,000000E+0	2,690000E+0	9,160000E+0	1,088766E+6	12,000000E+0
304	265,000000E+0	2,690000E+0	8,931000E+0	1,088815E+6	12,000000E+0
305	265,000000E+0	2,690000E+0	9,160000E+0	1,088866E+6	12,000000E+0
306	265,000000E+0	2,690000E+0	8,931000E+0	1,088916E+6	12,000000E+0
307	265,000000E+0	2,690000E+0	9,160000E+0	1,088967E+6	12,000000E+0
308	265,000000E+0	2,690000E+0	9,160000E+0	1,089020E+6	12,000000E+0
309	265,000000E+0	2,690000E+0	8,931000E+0	1,089069E+6	12,000000E+0
310	265,000000E+0	2,690000E+0	9,160000E+0	1,089121E+6	12,000000E+0
311	265,000000E+0	2,690000E+0	9,160000E+0	1,089170E+6	12,000000E+0
312	265,000000E+0	2,690000E+0	9,389000E+0	1,089222E+6	12,000000E+0
313	265,000000E+0	2,690000E+0	9,160000E+0	1,089273E+6	12,000000E+0
314	265,000000E+0	2,690000E+0	9,160000E+0	1,089322E+6	12,000000E+0
315	265,000000E+0	2,690000E+0	9,160000E+0	1,089373E+6	12,000000E+0
316	265,000000E+0	2,690000E+0	9,160000E+0	1,089425E+6	12,000000E+0
317	265,000000E+0	2,690000E+0	9,389000E+0	1,089476E+6	12,000000E+0
318	265,000000E+0	2,690000E+0	9,160000E+0	1,089526E+6	12,000000E+0
319	265,000000E+0	2,690000E+0	9,160000E+0	1,089575E+6	12,000000E+0
320	265,000000E+0	2,690000E+0	9,160000E+0	1,089625E+6	12,000000E+0
321	265,000000E+0	2,690000E+0	9,160000E+0	1,089675E+6	12,000000E+0
322	265,000000E+0	2,690000E+0	9,160000E+0	1,089727E+6	12,000000E+0
323	265,000000E+0	2,690000E+0	9,160000E+0	1,089777E+6	12,000000E+0
324	265,000000E+0	2,690000E+0	9,160000E+0	1,089829E+6	12,000000E+0
325	265,000000E+0	2,690000E+0	9,160000E+0	1,089879E+6	12,000000E+0
326	265,000000E+0	2,690000E+0	9,160000E+0	1,089928E+6	12,000000E+0
327	265,000000E+0	2,690000E+0	9,160000E+0	1,089978E+6	12,000000E+0
328	265,000000E+0	2,690000E+0	9,160000E+0	1,090030E+6	12,000000E+0
329	265,000000E+0	2,690000E+0	9,160000E+0	1,090080E+6	12,000000E+0
330	265,000000E+0	2,690000E+0	9,160000E+0	1,090130E+6	12,000000E+0
331	265,000000E+0	2,690000E+0	9,160000E+0	1,090181E+6	12,000000E+0
332	265,000000E+0	2,690000E+0	8,931000E+0	1,090232E+6	12,000000E+0
333	265,000000E+0	2,690000E+0	9,160000E+0	1,090282E+6	12,000000E+0
334	265,000000E+0	2,690000E+0	9,160000E+0	1,090332E+6	12,000000E+0
335	265,000000E+0	2,690000E+0	9,160000E+0	1,090383E+6	12,000000E+0
336	265,000000E+0	2,690000E+0	8,931000E+0	1,090433E+6	12,000000E+0
337	265,000000E+0	2,690000E+0	8,931000E+0	1,090485E+6	12,000000E+0
338	265,000000E+0	2,690000E+0	8,931000E+0	1,090535E+6	12,000000E+0
339	265,000000E+0	2,690000E+0	9,160000E+0	1,090585E+6	12,000000E+0
340	265,000000E+0	2,690000E+0	9,160000E+0	1,090636E+6	12,000000E+0
341	265,000000E+0	2,690000E+0	9,160000E+0	1,090687E+6	12,000000E+0
342	265,000000E+0	2,690000E+0	9,160000E+0	1,090737E+6	12,000000E+0
343	265,000000E+0	2,690000E+0	9,160000E+0	1,090788E+6	12,000000E+0
344	265,000000E+0	2,690000E+0	9,160000E+0	1,090838E+6	12,000000E+0
345	265,000000E+0	2,690000E+0	9,160000E+0	1,090889E+6	12,000000E+0
346	265,000000E+0	2,690000E+0	9,160000E+0	1,090941E+6	12,000000E+0
347	265,000000E+0	2,690000E+0	9,160000E+0	1,090991E+6	12,000000E+0
348	265,000000E+0	2,690000E+0	9,160000E+0	1,091042E+6	12,000000E+0
349	265,000000E+0	2,690000E+0	9,389000E+0	1,091092E+6	12,000000E+0
350	265,000000E+0	2,690000E+0	9,160000E+0	1,091142E+6	12,000000E+0
351	265,000000E+0	2,690000E+0	9,389000E+0	1,091194E+6	12,000000E+0
352	265,000000E+0	2,690000E+0	9,160000E+0	1,091245E+6	12,000000E+0
353	265,000000E+0	2,690000E+0	9,160000E+0	1,091295E+6	12,000000E+0
354	265,000000E+0	2,690000E+0	9,389000E+0	1,091346E+6	12,000000E+0
355	265,000000E+0	2,690000E+0	9,389000E+0	1,091397E+6	12,000000E+0
356	265,000000E+0	2,690000E+0	9,389000E+0	1,091448E+6	12,000000E+0
357	265,000000E+0	2,690000E+0	9,389000E+0	1,091499E+6	12,000000E+0
358	265,000000E+0	2,690000E+0	9,389000E+0	1,091551E+6	12,000000E+0
359	265,000000E+0	2,690000E+0	9,389000E+0	1,091601E+6	12,000000E+0
360	265,000000E+0	2,690000E+0	9,389000E+0	1,091651E+6	12,000000E+0
361	265,000000E+0	2,690000E+0	9,389000E+0	1,091701E+6	12,000000E+0
362	265,000000E+0	2,690000E+0	9,389000E+0	1,091753E+6	12,000000E+0
363	265,000000E+0	2,690000E+0	9,389000E+0	1,091805E+6	12,000000E+0
364	265,000000E+0	2,690000E+0	9,389000E+0	1,091854E+6	12,000000E+0
365	265,000000E+0	2,690000E+0	9,389000E+0	1,091905E+6	12,000000E+0
366	265,000000E+0	2,690000E+0	9,389000E+0	1,091958E+6	12,000000E+0
367	265,000000E+0	2,690000E+0	9,160000E+0	1,092019E+6	12,000000E+0
368	265,000000E+0	2,690000E+0	9,389000E+0	1,092082E+6	12,000000E+0
369	265,000000E+0	2,690000E+0	9,160000E+0	1,092134E+6	12,000000E+0
370	265,000000E+0	2,690000E+0	9,160000E+0	1,092184E+6	12,000000E+0
371	265,000000E+0	2,690000E+0	9,389000E+0	1,092236E+6	12,000000E+0
372	265,000000E+0	2,690000E+0	8,931000E+0	1,092299E+6	12,000000E+0
373	265,000000E+0	2,690000E+0	9,160000E+0	1,092350E+6	12,000000E+0
374	265,000000E+0	2,690000E+0	8,931000E+0	1,092400E+6	12,000000E+0
375	265,000000E+0	2,690000E+0	9,160000E+0	1,092450E+6	12,000000E+0
376	265,000000E+0	2,690000E+0	8,931000E+0	1,092501E+6	12,000000E+0
377	265,000000E+0	2,690000E+0	8,931000E+0	1,092551E+6	12,000000E+0
378	265,000000E+0	2,690000E+0	9,160000E+0	1,092604E+6	12,000000E+0
379	265,000000E+0	2,690000E+0	8,931000E+0	1,092654E+6	12,000000E+0
380	265,000000E+0	2,690000E+0	9,160000E+0	1,092705E+6	12,000000E+0
381	265,000000E+0	2,690000E+0	9,160000E+0	1,092756E+6	12,000000E+0
382	265,000000E+0	2,690000E+0	9,160000E+0	1,092806E+6	12,000000E+0
383	265,000000E+0	2,690000E+0	9,160000E+0	1,092857E+6	12,000000E+0
384	265,000000E+0	2,690000E+0	8,931000E+0	1,092908E+6	12,000000E+0
385	265,000000E+0	2,690000E+0	9,160000E+0	1,092959E+6	12,000000E+0
386	265,000000E+0	2,690000E+0	8,931000E+0	1,093009E+6	12,000000E+0
387	265,000000E+0	2,690000E+0	9,160000E+0	1,093060E+6	12,000000E+0
388	265,000000E+0	2,690000E+0	9,160000E+0	1,093113E+6	12,000000E+0
389	265,000000E+0	2,690000E+0	9,160000E+0	1,093162E+6	12,000000E+0
390	265,000000E+0	2,690000E+0	9,160000E+0	1,093213E+6	12,000000E+0
391	265,000000E+0	2,690000E+0	8,931000E+0	1,093263E+6	12,000000E+0
392	265,000000E+0	2,690000E+0	9,389000E+0	1,093314E+6	12,000000E+0
393	265,000000E+0	2,690000E+0	9,160000E+0	1,093365E+6	12,000000E+0
394	265,000000E+0	2,690000E+0	9,389000E+0	1,093415E+6	12,000000E+0
395	265,000000E+0	2,690000E+0	9,160000E+0	1,093466E+6	12,000000E+0
396	265,000000E+0	2,690000E+0	9,160000E+0	1,093517E+6	12,000000E+0
397	265,000000E+0	2,690000E+0	9,160000E+0	1,093569E+6	12,000000E+0
398	265,000000E+0	2,690000E+0	9,160000E+0	1,093620E+6	12,000000E+0
399	265,000000E+0	2,690000E+0	9,389000E+0	1,093669E+6	12,000000E+0
400	265,000000E+0	2,690000E+0	9,160000E+0	1,093719E+6	12,000000E+0
401	265,000000E+0	2,690000E+0	9,160000E+0	1,093769E+6	12,000000E+0
402	265,000000E+0	2,690000E+0	9,160000E+0	1,093820E+6	12,000000E+0
403	265,000000E+0	2,690000E+0	9,160000E+0	1,093871E+6	12,000000E+0
404	265,000000E+0	2,690000E+0	9,160000E+0	1,093921E+6	12,000000E+0
405	265,000000E+0	2,690000E+0	9,160000E+0	1,093971E+6	12,000000E+0
406	265,000000E+0	2,690000E+0	9,160000E+0	1,094021E+6	12,000000E+0
407	265,000000E+0	2,690000E+0	9,160000E+0	1,094071E+6	12,000000E+0
408	265,000000E+0	2,690000E+0	9,160000E+0	1,094123E+6	12,000000E+0
409	265,000000E+0	2,690000E+0	9,160000E+0	1,094174E+6	12,000000E+0
410	265,000000E+0	2,690000E+0	9,160000E+0	1,094223E+6	12,000000E+0
411	265,000000E+0	2,690000E+0	9,160000E+0	1,094275E+6	12,000000E+0
412	265,000000E+0	2,690000E+0	8,931000E+0	1,094325E+6	12,000000E+0
413	265,000000E+0	2,690000E+0	9,160000E+0	1,094375E+6	12,000000E+0
414	265,000000E+0	2,690000E+0	9,160000E+0	1,094425E+6	12,000000E+0
415	265,000000E+0	2,690000E+0	9,160000E+0	1,094476E+6	12,000000E+0
416	265,000000E+0	2,690000E+0	9,160000E+0	1,094526E+6	12,000000E+0
417	265,000000E+0	2,690000E+0	9,160000E+0	1,094578E+6	12,000000E+0
418	265,000000E+0	2,690000E+0	8,931000E+0	1,094628E+6	12,000000E+0
419	265,000000E+0	2,690000E+0	9,160000E+0	1,094678E+6	12,000000E+0
420	265,000000E+0	2,690000E+0	9,160000E+0	1,094730E+6	12,000000E+0
421	265,000000E+0	2,690000E+0	9,160000E+0	1,094782E+6	12,000000E+0
422	265,000000E+0	2,690000E+0	9,160000E+0	1,094831E+6	12,000000E+0
423	265,000000E+0	2,690000E+0	9,160000E+0	1,094882E+6	12,000000E+0
424	265,000000E+0	2,690000E+0	9,160000E+0	1,094932E+6	12,000000E+0
425	265,000000E+0	2,690000E+0	9,160000E+0	1,094983E+6	12,000000E+0
426	265,000000E+0	2,690000E+0	9,160000E+0	1,095034E+6	12,000000E+0
427	265,000000E+0	2,690000E+0	9,160000E+0	1,095085E+6	12,000000E+0
428	265,000000E+0	2,690000E+0	9,160000E+0	1,095135E+6	12,000000E+0
429	265,000000E+0	2,690000E+0	9,160000E+0	1,095187E+6	12,000000E+0
430	265,000000E+0	2,690000E+0	9,160000E+0	1,095237E+6	12,000000E+0
431	265,000000E+0	2,690000E+0	9,160000E+0	1,095287E+6	12,000000E+0
432	265,000000E+0	2,690000E+0	9,389000E+0	1,095339E+6	12,000000E+0
433	265,000000E+0	2,690000E+0	9,160000E+0	1,095390E+6	12,000000E+0
434	265,000000E+0	2,690000E+0	9,389000E+0	1,095440E+6	12,000000E+0
435	265,000000E+0	2,690000E+0	9,389000E+0	1,095492E+6	12,000000E+0
436	265,000000E+0	2,690000E+0	9,389000E+0	1,095542E+6	12,000000E+0
437	265,000000E+0	2,690000E+0	9,389000E+0	1,095594E+6	12,000000E+0
438	265,000000E+0	2,690000E+0	9,389000E+0	1,095644E+6	12,000000E+0
439	265,000000E+0	2,690000E+0	9,389000E+0	1,095695E+6	12,000000E+0
440	265,000000E+0	2,690000E+0	9,389000E+0	1,095746E+6	12,000000E+0
441	265,000000E+0	2,690000E+0	9,389000E+0	1,095796E+6	12,000000E+0
442	265,000000E+0	2,690000E+0	9,389000E+0	1,095848E+6	12,000000E+0
443	265,000000E+0	2,690000E+0	9,389000E+0	1,095899E+6	12,000000E+0
444	265,000000E+0	2,690000E+0	9,389000E+0	1,095949E+6	12,000000E+0
445	265,000000E+0	2,690000E+0	9,389000E+0	1,095999E+6	12,000000E+0
446	265,000000E+0	2,690000E+0	9,160000E+0	1,096048E+6	12,000000E+0
447	265,000000E+0	2,690000E+0	9,389000E+0	1,096099E+6	12,000000E+0
448	265,000000E+0	2,690000E+0	9,389000E+0	1,096151E+6	12,000000E+0
449	265,000000E+0	2,690000E+0	9,160000E+0	1,096200E+6	12,000000E+0
450	265,000000E+0	2,690000E+0	9,389000E+0	1,096254E+6	12,000000E+0
451	265,000000E+0	2,690000E+0	8,931000E+0	1,096305E+6	12,000000E+0
452	265,000000E+0	2,690000E+0	9,389000E+0	1,096356E+6	12,000000E+0
453	265,000000E+0	2,690000E+0	9,160000E+0	1,096407E+6	12,000000E+0
454	265,000000E+0	2,690000E+0	8,931000E+0	1,096457E+6	12,000000E+0
455	265,000000E+0	2,690000E+0	9,160000E+0	1,096508E+6	12,000000E+0
456	265,000000E+0	2,690000E+0	8,931000E+0	1,096557E+6	12,000000E+0
457	265,000000E+0	2,690000E+0	9,160000E+0	1,096609E+6	12,000000E+0
458	265,000000E+0	2,690000E+0	8,931000E+0	1,096660E+6	12,000000E+0
459	265,000000E+0	2,690000E+0	9,160000E+0	1,096711E+6	12,000000E+0
460	265,000000E+0	2,690000E+0	8,931000E+0	1,096762E+6	12,000000E+0
461	265,000000E+0	2,690000E+0	9,160000E+0	1,096812E+6	12,000000E+0
462	265,000000E+0	2,690000E+0	9,160000E+0	1,096864E+6	12,000000E+0
463	265,000000E+0	2,690000E+0	8,931000E+0	1,096915E+6	12,000000E+0
464	265,000000E+0	2,690000E+0	9,160000E+0	1,096965E+6	12,000000E+0
465	265,000000E+0	2,690000E+0	8,931000E+0	1,097016E+6	12,000000E+0
466	265,000000E+0	2,690000E+0	9,160000E+0	1,097066E+6	12,000000E+0
467	265,000000E+0	2,690000E+0	9,160000E+0	1,097117E+6	12,000000E+0
468	265,000000E+0	2,690000E+0	9,160000E+0	1,097168E+6	12,000000E+0
469	265,000000E+0	2,690000E+0	9,160000E+0	1,097220E+6	12,000000E+0
470	265,000000E+0	2,690000E+0	8,931000E+0	1,097270E+6	12,000000E+0
471	265,000000E+0	2,690000E+0	9,389000E+0	1,097321E+6	12,000000E+0
472	265,000000E+0	2,690000E+0	8,931000E+0	1,097372E+6	12,000000E+0
473	265,000000E+0	2,690000E+0	9,160000E+0	1,097422E+6	12,000000E+0
474	265,000000E+0	2,690000E+0	9,160000E+0	1,097474E+6	12,000000E+0
475	265,000000E+0	2,690000E+0	9,160000E+0	1,097523E+6	12,000000E+0
476	265,000000E+0	2,690000E+0	9,389000E+0	1,097575E+6	12,000000E+0
477	265,000000E+0	2,690000E+0	9,160000E+0	1,097625E+6	12,000000E+0
478	265,000000E+0	2,690000E+0	9,389000E+0	1,097677E+6	12,000000E+0
479	265,000000E+0	2,690000E+0	9,160000E+0	1,097727E+6	12,000000E+0
480	265,000000E+0	2,690000E+0	9,389000E+0	1,097777E+6	12,000000E+0
481	265,000000E+0	2,690000E+0	9,389000E+0	1,097826E+6	12,000000E+0
482	265,000000E+0	2,690000E+0	9,160000E+0	1,097877E+6	12,000000E+0
483	265,000000E+0	2,690000E+0	9,160000E+0	1,097929E+6	12,000000E+0
484	265,000000E+0	2,690000E+0	9,160000E+0	1,097978E+6	12,000000E+0
485	265,000000E+0	2,690000E+0	9,160000E+0	1,098030E+6	12,000000E+0
486	265,000000E+0	2,690000E+0	9,160000E+0	1,098080E+6	12,000000E+0
487	265,000000E+0	2,690000E+0	9,160000E+0	1,098130E+6	12,000000E+0
488	265,000000E+0	2,690000E+0	9,160000E+0	1,098180E+6	12,000000E+0
489	265,000000E+0	2,690000E+0	8,931000E+0	1,098231E+6	12,000000E+0
490	265,000000E+0	2,690000E+0	9,160000E+0	1,098282E+6	12,000000E+0
491	265,000000E+0	2,690000E+0	9,160000E+0	1,098332E+6	12,000000E+0
492	265,000000E+0	2,690000E+0	9,160000E+0	1,098384E+6	12,000000E+0
493	265,000000E+0	2,690000E+0	8,931000E+0	1,098433E+6	12,000000E+0
494	265,000000E+0	2,690000E+0	9,160000E+0	1,098483E+6	12,000000E+0
495	265,000000E+0	2,690000E+0	9,160000E+0	1,098535E+6	12,000000E+0
496	265,000000E+0	2,690000E+0	9,160000E+0	1,098585E+6	12,000000E+0
497	265,000000E+0	2,690000E+0	9,160000E+0	1,098635E+6	12,000000E+0
498	265,000000E+0	5,380000E+0	8,931000E+0	1,098686E+6	12,000000E+0
499	265,000000E+0	5,380000E+0	8,931000E+0	1,098736E+6	12,000000E+0
500	265,000000E+0	2,690000E+0	9,160000E+0	1,098788E+6	12,000000E+0
501	265,000000E+0	2,690000E+0	9,160000E+0	1,098838E+6	12,000000E+0
502	265,000000E+0	2,690000E+0	9,160000E+0	1,098890E+6	12,000000E+0
503	265,000000E+0	2,690000E+0	9,160000E+0	1,098941E+6	12,000000E+0
504	265,000000E+0	2,690000E+0	9,160000E+0	1,098992E+6	12,000000E+0
505	265,000000E+0	2,690000E+0	9,160000E+0	1,099042E+6	12,000000E+0
506	265,000000E+0	2,690000E+0	9,160000E+0	1,099093E+6	12,000000E+0
507	265,000000E+0	2,690000E+0	9,160000E+0	1,099144E+6	12,000000E+0
508	265,000000E+0	2,690000E+0	9,160000E+0	1,099194E+6	12,000000E+0
509	265,000000E+0	2,690000E+0	9,160000E+0	1,099245E+6	12,000000E+0
510	265,000000E+0	2,690000E+0	9,160000E+0	1,099296E+6	12,000000E+0
511	265,000000E+0	2,690000E+0	9,160000E+0	1,099346E+6	12,000000E+0
512	265,000000E+0	2,690000E+0	9,389000E+0	1,099397E+6	12,000000E+0
513	265,000000E+0	2,690000E+0	9,389000E+0	1,099449E+6	12,000000E+0
514	265,000000E+0	2,690000E+0	9,160000E+0	1,099499E+6	12,000000E+0
515	265,000000E+0	2,690000E+0	9,389000E+0	1,099550E+6	12,000000E+0
516	265,000000E+0	2,690000E+0	9,160000E+0	1,099601E+6	12,000000E+0
517	265,000000E+0	2,690000E+0	9,389000E+0	1,099651E+6	12,000000E+0
518	265,000000E+0	2,690000E+0	9,389000E+0	1,099703E+6	12,000000E+0
519	265,000000E+0	2,690000E+0	9,389000E+0	1,099753E+6	12,000000E+0
520	265,000000E+0	2,690000E+0	9,389000E+0	1,099805E+6	12,000000E+0
521	265,000000E+0	2,690000E+0	9,389000E+0	1,099856E+6	12,000000E+0
522	265,000000E+0	2,690000E+0	9,389000E+0	1,099905E+6	12,000000E+0
523	265,000000E+0	2,690000E+0	9,389000E+0	1,099957E+6	12,000000E+0
524	265,000000E+0	2,690000E+0	9,389000E+0	1,100008E+6	12,000000E+0
525	265,000000E+0	2,690000E+0	9,160000E+0	1,100059E+6	12,000000E+0
526	265,000000E+0	2,690000E+0	9,160000E+0	1,100109E+6	12,000000E+0
527	265,000000E+0	5,380000E+0	9,160000E+0	1,100158E+6	12,000000E+0
528	265,000000E+0	2,690000E+0	9,389000E+0	1,100210E+6	12,000000E+0
529	265,000000E+0	2,690000E+0	9,160000E+0	1,100260E+6	12,000000E+0
530	265,000000E+0	2,690000E+0	9,160000E+0	1,100310E+6	12,000000E+0
531	265,000000E+0	2,690000E+0	9,160000E+0	1,100362E+6	12,000000E+0
532	265,000000E+0	2,690000E+0	9,160000E+0	1,100414E+6	12,000000E+0
533	265,000000E+0	2,690000E+0	9,160000E+0	1,100464E+6	12,000000E+0
534	265,000000E+0	2,690000E+0	9,389000E+0	1,100517E+6	12,000000E+0
535	265,000000E+0	2,690000E+0	8,931000E+0	1,100566E+6	12,000000E+0
536	265,000000E+0	2,690000E+0	9,389000E+0	1,100618E+6	12,000000E+0
537	265,000000E+0	2,690000E+0	8,931000E+0	1,100667E+6	12,000000E+0
538	265,000000E+0	2,690000E+0	9,160000E+0	1,100718E+6	12,000000E+0
539	265,000000E+0	2,690000E+0	9,160000E+0	1,100770E+6	12,000000E+0
540	265,000000E+0	2,690000E+0	8,931000E+0	1,100820E+6	12,000000E+0
541	265,000000E+0	2,690000E+0	9,160000E+0	1,100872E+6	12,000000E+0
542	265,000000E+0	2,690000E+0	8,931000E+0	1,100921E+6	12,000000E+0
543	265,000000E+0	2,690000E+0	9,160000E+0	1,100974E+6	12,000000E+0
544	265,000000E+0	2,690000E+0	8,931000E+0	1,101025E+6	12,000000E+0
545	265,000000E+0	2,690000E+0	9,160000E+0	1,101075E+6	12,000000E+0
546	265,000000E+0	2,690000E+0	8,931000E+0	1,101126E+6	12,000000E+0
547	265,000000E+0	2,690000E+0	9,160000E+0	1,101176E+6	12,000000E+0
548	265,000000E+0	2,690000E+0	9,160000E+0	1,101228E+6	12,000000E+0
549	265,000000E+0	2,690000E+0	9,160000E+0	1,101278E+6	12,000000E+0
550	265,000000E+0	2,690000E+0	9,160000E+0	1,101330E+6	12,000000E+0
551	265,000000E+0	2,690000E+0	9,160000E+0	1,101380E+6	12,000000E+0
552	265,000000E+0	2,690000E+0	9,160000E+0	1,101431E+6	12,000000E+0
553	265,000000E+0	2,690000E+0	9,160000E+0	1,101482E+6	12,000000E+0
554	265,000000E+0	2,690000E+0	9,160000E+0	1,101532E+6	12,000000E+0
555	265,000000E+0	2,690000E+0	9,389000E+0	1,101584E+6	12,000000E+0
556	265,000000E+0	2,690000E+0	9,160000E+0	1,101633E+6	12,000000E+0
557	265,000000E+0	2,690000E+0	9,389000E+0	1,101685E+6	12,000000E+0
558	265,000000E+0	2,690000E+0	9,160000E+0	1,101736E+6	12,000000E+0
559	265,000000E+0	2,690000E+0	9,160000E+0	1,101786E+6	12,000000E+0
560	265,000000E+0	2,690000E+0	9,389000E+0	1,101837E+6	12,000000E+0
561	265,000000E+0	2,690000E+0	9,160000E+0	1,101886E+6	12,000000E+0
562	265,000000E+0	2,690000E+0	9,160000E+0	1,101937E+6	12,000000E+0
563	265,000000E+0	2,690000E+0	9,160000E+0	1,101988E+6	12,000000E+0
564	265,000000E+0	2,690000E+0	9,160000E+0	1,102040E+6	12,000000E+0
565	265,000000E+0	2,690000E+0	9,160000E+0	1,102090E+6	12,000000E+0
566	265,000000E+0	2,690000E+0	9,160000E+0	1,102141E+6	12,000000E+0
567	265,000000E+0	2,690000E+0	9,160000E+0	1,102191E+6	12,000000E+0
568	265,000000E+0	2,690000E+0	9,160000E+0	1,102240E+6	12,000000E+0
569	265,000000E+0	2,690000E+0	9,160000E+0	1,102290E+6	12,000000E+0
570	265,000000E+0	2,690000E+0	9,160000E+0	1,102342E+6	12,000000E+0
571	265,000000E+0	2,690000E+0	9,160000E+0	1,102392E+6	12,000000E+0
572	265,000000E+0	2,690000E+0	9,160000E+0	1,102444E+6	12,000000E+0
573	265,000000E+0	2,690000E+0	9,160000E+0	1,102494E+6	12,000000E+0
574	265,000000E+0	2,690000E+0	8,931000E+0	1,102544E+6	12,000000E+0
575	265,000000E+0	2,690000E+0	9,160000E+0	1,102594E+6	12,000000E+0
576	265,000000E+0	2,690000E+0	9,160000E+0	1,102645E+6	12,000000E+0
577	265,000000E+0	2,690000E+0	9,160000E+0	1,102695E+6	12,000000E+0
578	265,000000E+0	2,690000E+0	9,160000E+0	1,102747E+6	12,000000E+0
579	265,000000E+0	2,690000E+0	8,931000E+0	1,102797E+6	12,000000E+0
580	265,000000E+0	2,690000E+0	9,160000E+0	1,102847E+6	12,000000E+0
581	265,000000E+0	2,690000E+0	9,160000E+0	1,102898E+6	12,000000E+0
582	265,000000E+0	2,690000E+0	9,160000E+0	1,102950E+6	12,000000E+0
583	265,000000E+0	2,690000E+0	9,160000E+0	1,103001E+6	12,000000E+0
584	265,000000E+0	2,690000E+0	9,160000E+0	1,103050E+6	12,000000E+0
585	265,000000E+0	2,690000E+0	9,160000E+0	1,103103E+6	12,000000E+0
586	265,000000E+0	2,690000E+0	9,160000E+0	1,103153E+6	12,000000E+0
587	265,000000E+0	2,690000E+0	9,160000E+0	1,103205E+6	12,000000E+0
588	265,000000E+0	2,690000E+0	9,160000E+0	1,103255E+6	12,000000E+0
589	265,000000E+0	2,690000E+0	9,160000E+0	1,103306E+6	12,000000E+0
590	265,000000E+0	2,690000E+0	9,160000E+0	1,103357E+6	12,000000E+0
591	265,000000E+0	2,690000E+0	9,160000E+0	1,103407E+6	12,000000E+0
592	265,000000E+0	2,690000E+0	9,160000E+0	1,103458E+6	12,000000E+0
593	265,000000E+0	2,690000E+0	9,160000E+0	1,103509E+6	12,000000E+0
594	265,000000E+0	2,690000E+0	9,160000E+0	1,103560E+6	12,000000E+0
595	265,000000E+0	2,690000E+0	9,160000E+0	1,103610E+6	12,000000E+0
596	265,000000E+0	2,690000E+0	9,389000E+0	1,103661E+6	12,000000E+0
597	265,000000E+0	2,690000E+0	9,389000E+0	1,103712E+6	12,000000E+0
598	265,000000E+0	2,690000E+0	9,389000E+0	1,103763E+6	12,000000E+0
599	265,000000E+0	2,690000E+0	9,389000E+0	1,103814E+6	12,000000E+0
600	265,000000E+0	2,690000E+0	9,389000E+0	1,103865E+6	12,000000E+0
601	265,000000E+0	2,690000E+0	9,389000E+0	1,103916E+6	12,000000E+0
602	265,000000E+0	2,690000E+0	9,389000E+0	1,103967E+6	12,000000E+0
603	265,000000E+0	2,690000E+0	9,389000E+0	1,104017E+6	12,000000E+0
604	265,000000E+0	2,690000E+0	9,389000E+0	1,104069E+6	12,000000E+0
605	265,000000E+0	2,690000E+0	9,389000E+0	1,104120E+6	12,000000E+0
606	265,000000E+0	2,690000E+0	9,389000E+0	1,104170E+6	12,000000E+0
607	265,000000E+0	2,690000E+0	9,389000E+0	1,104221E+6	12,000000E+0
608	265,000000E+0	2,690000E+0	9,389000E+0	1,104271E+6	12,000000E+0
609	265,000000E+0	2,690000E+0	9,389000E+0	1,104322E+6	12,000000E+0
610	265,000000E+0	2,690000E+0	9,160000E+0	1,104372E+6	12,000000E+0
611	265,000000E+0	2,690000E+0	9,160000E+0	1,104424E+6	12,000000E+0
612	265,000000E+0	2,690000E+0	9,160000E+0	1,104474E+6	12,000000E+0
613	265,000000E+0	2,690000E+0	9,160000E+0	1,104526E+6	12,000000E+0
614	265,000000E+0	2,690000E+0	9,160000E+0	1,104577E+6	12,000000E+0
615	265,000000E+0	2,690000E+0	9,160000E+0	1,104628E+6	12,000000E+0
616	265,000000E+0	2,690000E+0	9,160000E+0	1,104678E+6	12,000000E+0
617	265,000000E+0	2,690000E+0	9,160000E+0	1,104729E+6	12,000000E+0
618	265,000000E+0	2,690000E+0	9,160000E+0	1,104779E+6	12,000000E+0
619	265,000000E+0	2,690000E+0	8,931000E+0	1,104830E+6	12,000000E+0
620	265,000000E+0	2,690000E+0	9,160000E+0	1,104883E+6	12,000000E+0
621	265,000000E+0	2,690000E+0	8,702000E+0	1,104933E+6	12,000000E+0
622	265,000000E+0	2,690000E+0	9,389000E+0	1,104984E+6	12,000000E+0
623	265,000000E+0	2,690000E+0	8,931000E+0	1,105034E+6	12,000000E+0
624	265,000000E+0	2,690000E+0	9,160000E+0	1,105086E+6	12,000000E+0
625	265,000000E+0	2,690000E+0	8,931000E+0	1,105137E+6	12,000000E+0
626	265,000000E+0	2,690000E+0	9,160000E+0	1,105187E+6	12,000000E+0
627	265,000000E+0	2,690000E+0	9,160000E+0	1,105238E+6	12,000000E+0
628	265,000000E+0	2,690000E+0	8,931000E+0	1,105288E+6	12,000000E+0
629	265,000000E+0	2,690000E+0	9,160000E+0	1,105339E+6	12,000000E+0
630	265,000000E+0	2,690000E+0	8,931000E+0	1,105391E+6	12,000000E+0
631	265,000000E+0	2,690000E+0	9,160000E+0	1,105442E+6	12,000000E+0
632	265,000000E+0	2,690000E+0	9,160000E+0	1,105493E+6	12,000000E+0
633	265,000000E+0	2,690000E+0	9,160000E+0	1,105543E+6	12,000000E+0
634	265,000000E+0	2,690000E+0	9,160000E+0	1,105594E+6	12,000000E+0
635	265,000000E+0	2,690000E+0	9,160000E+0	1,105645E+6	12,000000E+0
636	265,000000E+0	2,690000E+0	9,160000E+0	1,105696E+6	12,000000E+0
637	265,000000E+0	2,690000E+0	9,160000E+0	1,105746E+6	12,000000E+0
638	265,000000E+0	2,690000E+0	9,160000E+0	1,105797E+6	12,000000E+0
639	265,000000E+0	2,690000E+0	9,389000E+0	1,105848E+6	12,000000E+0
640	265,000000E+0	2,690000E+0	9,160000E+0	1,105899E+6	12,000000E+0
641	265,000000E+0	2,690000E+0	9,389000E+0	1,105950E+6	12,000000E+0
642	265,000000E+0	2,690000E+0	9,160000E+0	1,105999E+6	12,000000E+0
643	265,000000E+0	2,690000E+0	9,389000E+0	1,106049E+6	12,000000E+0
644	265,000000E+0	2,690000E+0	9,160000E+0	1,106101E+6	12,000000E+0
645	265,000000E+0	2,690000E+0	9,160000E+0	1,106151E+6	12,000000E+0
646	265,000000E+0	2,690000E+0	9,160000E+0	1,106202E+6	12,000000E+0
647	265,000000E+0	2,690000E+0	9,160000E+0	1,106252E+6	12,000000E+0
648	265,000000E+0	2,690000E+0	9,160000E+0	1,106302E+6	12,000000E+0
649	265,000000E+0	2,690000E+0	9,160000E+0	1,106352E+6	12,000000E+0
650	265,000000E+0	2,690000E+0	9,160000E+0	1,106404E+6	12,000000E+0
651	265,000000E+0	2,690000E+0	9,160000E+0	1,106453E+6	12,000000E+0
652	265,000000E+0	2,690000E+0	9,160000E+0	1,106505E+6	12,000000E+0
653	265,000000E+0	2,690000E+0	9,160000E+0	1,106556E+6	12,000000E+0
654	265,000000E+0	2,690000E+0	9,160000E+0	1,106606E+6	12,000000E+0
655	265,000000E+0	2,690000E+0	9,160000E+0	1,106656E+6	12,000000E+0
656	265,000000E+0	2,690000E+0	9,160000E+0	1,106706E+6	12,000000E+0
657	265,000000E+0	2,690000E+0	9,160000E+0	1,106758E+6	12,000000E+0
658	265,000000E+0	2,690000E+0	8,931000E+0	1,106808E+6	12,000000E+0
659	265,000000E+0	2,690000E+0	9,160000E+0	1,106859E+6	12,000000E+0
660	265,000000E+0	2,690000E+0	8,931000E+0	1,106910E+6	12,000000E+0
661	265,000000E+0	2,690000E+0	9,160000E+0	1,106960E+6	12,000000E+0
662	265,000000E+0	2,690000E+0	9,160000E+0	1,107012E+6	12,000000E+0
663	265,000000E+0	2,690000E+0	9,160000E+0	1,107063E+6	12,000000E+0
664	265,000000E+0	2,690000E+0	9,160000E+0	1,107113E+6	12,000000E+0
665	265,000000E+0	2,690000E+0	9,160000E+0	1,107164E+6	12,000000E+0
666	265,000000E+0	2,690000E+0	9,160000E+0	1,107215E+6	12,000000E+0
667	265,000000E+0	2,690000E+0	9,160000E+0	1,107265E+6	12,000000E+0
668	265,000000E+0	2,690000E+0	9,160000E+0	1,107317E+6	12,000000E+0
669	265,000000E+0	2,690000E+0	9,160000E+0	1,107367E+6	12,000000E+0
670	265,000000E+0	2,690000E+0	9,160000E+0	1,107419E+6	12,000000E+0
671	265,000000E+0	2,690000E+0	9,160000E+0	1,107470E+6	12,000000E+0
672	265,000000E+0	2,690000E+0	9,160000E+0	1,107519E+6	12,000000E+0
673	265,000000E+0	2,690000E+0	9,389000E+0	1,107571E+6	12,000000E+0
674	265,000000E+0	2,690000E+0	9,160000E+0	1,107622E+6	12,000000E+0
675	265,000000E+0	2,690000E+0	9,389000E+0	1,107672E+6	12,000000E+0
676	265,000000E+0	2,690000E+0	9,389000E+0	1,107723E+6	12,000000E+0
677	265,000000E+0	2,690000E+0	9,389000E+0	1,107774E+6	12,000000E+0
678	265,000000E+0	2,690000E+0	9,389000E+0	1,107825E+6	12,000000E+0
679	265,000000E+0	2,690000E+0	9,389000E+0	1,107875E+6	12,000000E+0
680	265,000000E+0	2,690000E+0	9,389000E+0	1,107927E+6	12,000000E+0
681	265,000000E+0	2,690000E+0	9,389000E+0	1,107978E+6	12,000000E+0
682	265,000000E+0	2,690000E+0	9,389000E+0	1,108029E+6	12,000000E+0
683	265,000000E+0	2,690000E+0	9,389000E+0	1,108080E+6	12,000000E+0
684	265,000000E+0	2,690000E+0	9,160000E+0	1,108131E+6	12,000000E+0
685	265,000000E+0	2,690000E+0	9,389000E+0	1,108183E+6	12,000000E+0
686	265,000000E+0	2,690000E+0	9,160000E+0	1,108233E+6	12,000000E+0
687	265,000000E+0	2,690000E+0	9,389000E+0	1,108284E+6	12,000000E+0
688	265,000000E+0	2,690000E+0	9,160000E+0	1,108334E+6	12,000000E+0
689	265,000000E+0	2,690000E+0	9,389000E+0	1,108383E+6	12,000000E+0
690	265,000000E+0	2,690000E+0	9,160000E+0	1,108435E+6	12,000000E+0
691	265,000000E+0	2,690000E+0	9,160000E+0	1,108485E+6	12,000000E+0
692	265,000000E+0	2,690000E+0	9,160000E+0	1,108538E+6	12,000000E+0
693	265,000000E+0	2,690000E+0	9,160000E+0	1,108588E+6	12,000000E+0
694	265,000000E+0	2,690000E+0	9,160000E+0	1,108639E+6	12,000000E+0
695	265,000000E+0	2,690000E+0	9,160000E+0	1,108689E+6	12,000000E+0
696	265,000000E+0	2,690000E+0	9,160000E+0	1,108741E+6	12,000000E+0
697	265,000000E+0	2,690000E+0	9,160000E+0	1,108791E+6	12,000000E+0
698	265,000000E+0	2,690000E+0	8,931000E+0	1,108841E+6	12,000000E+0
699	265,000000E+0	2,690000E+0	9,160000E+0	1,108892E+6	12,000000E+0
700	265,000000E+0	2,690000E+0	8,931000E+0	1,108943E+6	12,000000E+0
701	265,000000E+0	2,690000E+0	9,160000E+0	1,108996E+6	12,000000E+0
702	265,000000E+0	2,690000E+0	8,931000E+0	1,109046E+6	12,000000E+0
703	265,000000E+0	2,690000E+0	9,160000E+0	1,109096E+6	12,000000E+0
704	265,000000E+0	2,690000E+0	9,160000E+0	1,109148E+6	12,000000E+0
705	265,000000E+0	2,690000E+0	8,931000E+0	1,109198E+6	12,000000E+0
706	265,000000E+0	2,690000E+0	9,160000E+0	1,109250E+6	12,000000E+0
707	265,000000E+0	2,690000E+0	8,931000E+0	1,109300E+6	12,000000E+0
708	265,000000E+0	2,690000E+0	9,160000E+0	1,109351E+6	12,000000E+0
709	265,000000E+0	2,690000E+0	8,931000E+0	1,109401E+6	12,000000E+0
710	265,000000E+0	2,690000E+0	9,160000E+0	1,109453E+6	12,000000E+0
711	265,000000E+0	2,690000E+0	9,160000E+0	1,109505E+6	12,000000E+0
712	265,000000E+0	2,690000E+0	9,160000E+0	1,109554E+6	12,000000E+0
713	265,000000E+0	2,690000E+0	9,160000E+0	1,109607E+6	12,000000E+0
714	265,000000E+0	2,690000E+0	9,160000E+0	1,109656E+6	12,000000E+0
715	265,000000E+0	2,690000E+0	9,160000E+0	1,109707E+6	12,000000E+0
716	265,000000E+0	2,690000E+0	9,160000E+0	1,109758E+6	12,000000E+0
717	265,000000E+0	2,690000E+0	9,389000E+0	1,109808E+6	12,000000E+0
718	265,000000E+0	2,690000E+0	9,160000E+0	1,109860E+6	12,000000E+0
719	265,000000E+0	2,690000E+0	9,160000E+0	1,109911E+6	12,000000E+0
720	265,000000E+0	2,690000E+0	9,160000E+0	1,109962E+6	12,000000E+0
721	265,000000E+0	2,690000E+0	9,160000E+0	1,110013E+6	12,000000E+0
722	265,000000E+0	2,690000E+0	9,160000E+0	1,110062E+6	12,000000E+0
723	265,000000E+0	2,690000E+0	9,389000E+0	1,110112E+6	12,000000E+0
724	265,000000E+0	2,690000E+0	9,160000E+0	1,110162E+6	12,000000E+0
725	265,000000E+0	2,690000E+0	9,160000E+0	1,110215E+6	12,000000E+0
726	265,000000E+0	2,690000E+0	9,160000E+0	1,110264E+6	12,000000E+0
727	265,000000E+0	2,690000E+0	9,389000E+0	1,110315E+6	12,000000E+0
728	265,000000E+0	2,690000E+0	9,160000E+0	1,110366E+6	12,000000E+0
729	265,000000E+0	2,690000E+0	9,160000E+0	1,110416E+6	12,000000E+0
730	265,000000E+0	2,690000E+0	9,160000E+0	1,110466E+6	12,000000E+0
731	265,000000E+0	2,690000E+0	9,160000E+0	1,110517E+6	12,000000E+0
732	265,000000E+0	2,690000E+0	9,160000E+0	1,110567E+6	12,000000E+0
733	265,000000E+0	2,690000E+0	9,160000E+0	1,110618E+6	12,000000E+0
734	265,000000E+0	2,690000E+0	9,160000E+0	1,110670E+6	12,000000E+0
735	265,000000E+0	2,690000E+0	8,931000E+0	1,110720E+6	12,000000E+0
736	265,000000E+0	2,690000E+0	9,160000E+0	1,110770E+6	12,000000E+0
737	265,000000E+0	2,690000E+0	8,931000E+0	1,110821E+6	12,000000E+0
738	265,000000E+0	2,690000E+0	9,160000E+0	1,110871E+6	12,000000E+0
739	265,000000E+0	2,690000E+0	8,931000E+0	1,110921E+6	12,000000E+0
740	265,000000E+0	2,690000E+0	8,931000E+0	1,110973E+6	12,000000E+0
741	265,000000E+0	2,690000E+0	8,931000E+0	1,111023E+6	12,000000E+0
742	265,000000E+0	2,690000E+0	8,931000E+0	1,111074E+6	12,000000E+0
743	265,000000E+0	2,690000E+0	9,160000E+0	1,111124E+6	12,000000E+0
744	265,000000E+0	2,690000E+0	9,160000E+0	1,111176E+6	12,000000E+0
745	265,000000E+0	2,690000E+0	9,160000E+0	1,111226E+6	12,000000E+0
746	265,000000E+0	2,690000E+0	9,160000E+0	1,111278E+6	12,000000E+0
747	265,000000E+0	2,690000E+0	9,160000E+0	1,111329E+6	12,000000E+0
748	265,000000E+0	2,690000E+0	9,160000E+0	1,111379E+6	12,000000E+0
749	265,000000E+0	2,690000E+0	9,160000E+0	1,111431E+6	12,000000E+0
750	265,000000E+0	2,690000E+0	9,160000E+0	1,111481E+6	12,000000E+0
751	265,000000E+0	2,690000E+0	9,160000E+0	1,111532E+6	12,000000E+0
752	265,000000E+0	2,690000E+0	9,160000E+0	1,111583E+6	12,000000E+0
753	265,000000E+0	2,690000E+0	9,160000E+0	1,111634E+6	12,000000E+0
754	265,000000E+0	2,690000E+0	9,160000E+0	1,111684E+6	12,000000E+0
755	265,000000E+0	2,690000E+0	9,389000E+0	1,111736E+6	12,000000E+0
756	265,000000E+0	2,690000E+0	9,389000E+0	1,111787E+6	12,000000E+0
757	265,000000E+0	2,690000E+0	9,389000E+0	1,111837E+6	12,000000E+0
758	265,000000E+0	2,690000E+0	9,389000E+0	1,111889E+6	12,000000E+0
759	265,000000E+0	2,690000E+0	9,389000E+0	1,111939E+6	12,000000E+0
760	265,000000E+0	2,690000E+0	9,389000E+0	1,111990E+6	12,000000E+0
761	265,000000E+0	2,690000E+0	9,389000E+0	1,112041E+6	12,000000E+0
762	265,000000E+0	2,690000E+0	9,389000E+0	1,112093E+6	12,000000E+0
763	265,000000E+0	2,690000E+0	9,389000E+0	1,112143E+6	12,000000E+0
764	265,000000E+0	2,690000E+0	9,389000E+0	1,112193E+6	12,000000E+0
765	265,000000E+0	2,690000E+0	9,389000E+0	1,112247E+6	12,000000E+0
766	30,000000E+0	228,650000E+0	15,068429E+3	41,000000E+0	6,371900E+3
767	265,000000E+0	2,690000E+0	9,389000E+0	1,112347E+6	12,000000E+0
768	265,000000E+0	2,690000E+0	9,160000E+0	1,112397E+6	12,000000E+0
769	265,000000E+0	2,690000E+0	9,389000E+0	1,112448E+6	12,000000E+0
770	265,000000E+0	2,690000E+0	9,160000E+0	1,112498E+6	12,000000E+0
771	265,000000E+0	2,690000E+0	9,389000E+0	1,112549E+6	12,000000E+0
772	265,000000E+0	2,690000E+0	9,160000E+0	1,112599E+6	12,000000E+0
773	265,000000E+0	2,690000E+0	9,160000E+0	1,112651E+6	12,000000E+0
774	265,000000E+0	2,690000E+0	9,160000E+0	1,112703E+6	12,000000E+0
775	265,000000E+0	2,690000E+0	9,160000E+0	1,112754E+6	12,000000E+0
776	265,000000E+0	2,690000E+0	9,160000E+0	1,112806E+6	12,000000E+0
777	265,000000E+0	2,690000E+0	9,160000E+0	1,112855E+6	12,000000E+0
778	265,000000E+0	2,690000E+0	9,160000E+0	1,112906E+6	12,000000E+0
779	265,000000E+0	2,690000E+0	8,931000E+0	1,112955E+6	12,000000E+0
780	265,000000E+0	2,690000E+0	9,160000E+0	1,113007E+6	12,000000E+0
781	265,000000E+0	2,690000E+0	9,160000E+0	1,113058E+6	12,000000E+0
782	265,000000E+0	2,690000E+0	9,160000E+0	1,113109E+6	12,000000E+0
783	265,000000E+0	2,690000E+0	9,160000E+0	1,113161E+6	12,000000E+0
784	265,000000E+0	2,690000E+0	8,931000E+0	1,113211E+6	12,000000E+0
785	265,000000E+0	2,690000E+0	9,160000E+0	1,113262E+6	12,000000E+0
786	265,000000E+0	2,690000E+0	8,931000E+0	1,113313E+6	12,000000E+0
787	265,000000E+0	2,690000E+0	9,160000E+0	1,113364E+6	12,000000E+0
788	265,000000E+0	2,690000E+0	9,160000E+0	1,113416E+6	12,000000E+0
789	265,000000E+0	2,690000E+0	8,931000E+0	1,113465E+6	12,000000E+0
790	265,000000E+0	2,690000E+0	9,160000E+0	1,113517E+6	12,000000E+0
791	265,000000E+0	2,690000E+0	8,931000E+0	1,113566E+6	12,000000E+0
792	265,000000E+0	2,690000E+0	9,389000E+0	1,113619E+6	12,000000E+0
793	265,000000E+0	2,690000E+0	9,160000E+0	1,113670E+6	12,000000E+0
794	265,000000E+0	2,690000E+0	9,160000E+0	1,113720E+6	12,000000E+0
795	265,000000E+0	2,690000E+0	9,160000E+0	1,113771E+6	12,000000E+0
796	265,000000E+0	2,690000E+0	9,160000E+0	1,113822E+6	12,000000E+0
797	265,000000E+0	2,690000E+0	9,389000E+0	1,113873E+6	12,000000E+0
798	265,000000E+0	2,690000E+0	9,160000E+0	1,113923E+6	12,000000E+0
799	265,000000E+0	2,690000E+0	9,389000E+0	1,113974E+6	12,000000E+0
800	265,000000E+0	2,690000E+0	9,160000E+0	1,114026E+6	12,000000E+0
801	265,000000E+0	2,690000E+0	9,160000E+0	1,114076E+6	12,000000E+0
802	265,000000E+0	2,690000E+0	9,160000E+0	1,114127E+6	12,000000E+0
803	265,000000E+0	2,690000E+0	9,389000E+0	1,114176E+6	12,000000E+0
804	265,000000E+0	2,690000E+0	9,389000E+0	1,114226E+6	12,000000E+0
805	265,000000E+0	2,690000E+0	9,160000E+0	1,114278E+6	12,000000E+0
806	265,000000E+0	2,690000E+0	9,160000E+0	1,114329E+6	12,000000E+0
807	265,000000E+0	2,690000E+0	9,160000E+0	1,114379E+6	12,000000E+0
808	265,000000E+0	2,690000E+0	9,160000E+0	1,114430E+6	12,000000E+0
809	265,000000E+0	2,690000E+0	9,160000E+0	1,114480E+6	12,000000E+0
810	265,000000E+0	2,690000E+0	9,160000E+0	1,114530E+6	12,000000E+0
811	265,000000E+0	2,690000E+0	9,160000E+0	1,114580E+6	12,000000E+0
812	265,000000E+0	2,690000E+0	8,931000E+0	1,114632E+6	12,000000E+0
813	265,000000E+0	2,690000E+0	9,160000E+0	1,114682E+6	12,000000E+0
814	265,000000E+0	2,690000E+0	8,931000E+0	1,114733E+6	12,000000E+0
815	265,000000E+0	2,690000E+0	9,160000E+0	1,114784E+6	12,000000E+0
816	265,000000E+0	2,690000E+0	9,160000E+0	1,114834E+6	12,000000E+0
817	265,000000E+0	2,690000E+0	9,160000E+0	1,114884E+6	12,000000E+0
818	265,000000E+0	2,690000E+0	9,160000E+0	1,114936E+6	12,000000E+0
819	265,000000E+0	2,690000E+0	9,160000E+0	1,114986E+6	12,000000E+0
820	265,000000E+0	2,690000E+0	9,160000E+0	1,115037E+6	12,000000E+0
821	265,000000E+0	2,690000E+0	8,931000E+0	1,115088E+6	12,000000E+0
822	265,000000E+0	2,690000E+0	9,160000E+0	1,115138E+6	12,000000E+0
823	265,000000E+0	2,690000E+0	8,931000E+0	1,115189E+6	12,000000E+0
824	265,000000E+0	2,690000E+0	9,160000E+0	1,115241E+6	12,000000E+0
825	265,000000E+0	2,690000E+0	9,160000E+0	1,115291E+6	12,000000E+0
826	265,000000E+0	2,690000E+0	9,160000E+0	1,115341E+6	12,000000E+0
827	265,000000E+0	2,690000E+0	9,160000E+0	1,115393E+6	12,000000E+0
828	265,000000E+0	2,690000E+0	9,160000E+0	1,115443E+6	12,000000E+0
829	265,000000E+0	2,690000E+0	9,160000E+0	1,115494E+6	12,000000E+0
830	265,000000E+0	2,690000E+0	9,160000E+0	1,115546E+6	12,000000E+0
831	265,000000E+0	2,690000E+0	9,160000E+0	1,115596E+6	12,000000E+0
832	265,000000E+0	2,690000E+0	9,389000E+0	1,115648E+6	12,000000E+0
833	265,000000E+0	2,690000E+0	9,160000E+0	1,115697E+6	12,000000E+0
834	265,000000E+0	2,690000E+0	9,389000E+0	1,115748E+6	12,000000E+0
835	265,000000E+0	2,690000E+0	9,389000E+0	1,115800E+6	12,000000E+0
836	265,000000E+0	2,690000E+0	9,389000E+0	1,115851E+6	12,000000E+0
837	265,000000E+0	2,690000E+0	9,389000E+0	1,115900E+6	12,000000E+0
838	265,000000E+0	2,690000E+0	9,389000E+0	1,115952E+6	12,000000E+0
839	265,000000E+0	2,690000E+0	9,389000E+0	1,116003E+6	12,000000E+0
840	265,000000E+0	2,690000E+0	9,389000E+0	1,116054E+6	12,000000E+0
841	265,000000E+0	2,690000E+0	9,389000E+0	1,116106E+6	12,000000E+0
842	265,000000E+0	2,690000E+0	9,389000E+0	1,116156E+6	12,000000E+0
843	265,000000E+0	2,690000E+0	9,389000E+0	1,116207E+6	12,000000E+0
844	265,000000E+0	2,690000E+0	9,389000E+0	1,116257E+6	12,000000E+0
845	265,000000E+0	2,690000E+0	9,389000E+0	1,116308E+6	12,000000E+0
846	265,000000E+0	2,690000E+0	9,389000E+0	1,116359E+6	12,000000E+0
847	265,000000E+0	2,690000E+0	9,389000E+0	1,116410E+6	12,000000E+0
848	265,000000E+0	2,690000E+0	9,389000E+0	1,116461E+6	12,000000E+0
849	265,000000E+0	2,690000E+0	9,160000E+0	1,116511E+6	12,000000E+0
850	265,000000E+0	2,690000E+0	9,389000E+0	1,116561E+6	12,000000E+0
851	265,000000E+0	2,690000E+0	9,160000E+0	1,116613E+6	12,000000E+0
852	265,000000E+0	2,690000E+0	9,160000E+0	1,116663E+6	12,000000E+0
853	265,000000E+0	2,690000E+0	9,389000E+0	1,116716E+6	12,000000E+0
854	265,000000E+0	2,690000E+0	9,160000E+0	1,116766E+6	12,000000E+0
855	265,000000E+0	2,690000E+0	9,160000E+0	1,116818E+6	12,000000E+0
856	265,000000E+0	2,690000E+0	9,160000E+0	1,116868E+6	12,000000E+0
857	265,000000E+0	2,690000E+0	9,160000E+0	1,116920E+6	12,000000E+0
858	265,000000E+0	2,690000E+0	9,160000E+0	1,116971E+6	12,000000E+0
859	265,000000E+0	2,690000E+0	9,160000E+0	1,117021E+6	12,000000E+0
860	265,000000E+0	2,690000E+0	9,160000E+0	1,117070E+6	12,000000E+0
861	265,000000E+0	2,690000E+0	8,931000E+0	1,117122E+6	12,000000E+0
862	265,000000E+0	2,690000E+0	9,160000E+0	1,117174E+6	12,000000E+0
863	265,000000E+0	2,690000E+0	8,931000E+0	1,117224E+6	12,000000E+0
864	265,000000E+0	2,690000E+0	9,160000E+0	1,117276E+6	12,000000E+0
865	265,000000E+0	2,690000E+0	8,931000E+0	1,117325E+6	12,000000E+0
866	265,000000E+0	2,690000E+0	9,160000E+0	1,117377E+6	12,000000E+0
867	265,000000E+0	2,690000E+0	9,160000E+0	1,117428E+6	12,000000E+0
868	265,000000E+0	2,690000E+0	8,931000E+0	1,117479E+6	12,000000E+0
869	265,000000E+0	2,690000E+0	9,160000E+0	1,117531E+6	12,000000E+0
870	265,000000E+0	2,690000E+0	8,931000E+0	1,117580E+6	12,000000E+0
871	265,000000E+0	2,690000E+0	9,160000E+0	1,117632E+6	12,000000E+0
872	265,000000E+0	2,690000E+0	9,160000E+0	1,117683E+6	12,000000E+0
873	265,000000E+0	2,690000E+0	9,160000E+0	1,117734E+6	12,000000E+0
874	265,000000E+0	2,690000E+0	9,160000E+0	1,117785E+6	12,000000E+0
875	265,000000E+0	2,690000E+0	9,160000E+0	1,117835E+6	12,000000E+0
876	265,000000E+0	2,690000E+0	9,160000E+0	1,117886E+6	12,000000E+0
877	265,000000E+0	2,690000E+0	9,160000E+0	1,117937E+6	12,000000E+0
878	265,000000E+0	2,690000E+0	9,389000E+0	1,117987E+6	12,000000E+0
879	265,000000E+0	2,690000E+0	9,160000E+0	1,118039E+6	12,000000E+0
880	265,000000E+0	2,690000E+0	9,389000E+0	1,118090E+6	12,000000E+0
881	265,000000E+0	2,690000E+0	9,160000E+0	1,118141E+6	12,000000E+0
882	265,000000E+0	2,690000E+0	9,160000E+0	1,118192E+6	12,000000E+0
883	265,000000E+0	2,690000E+0	9,389000E+0	1,118242E+6	12,000000E+0
884	265,000000E+0	2,690000E+0	9,160000E+0	1,118291E+6	12,000000E+0
885	265,000000E+0	2,690000E+0	9,160000E+0	1,118341E+6	12,000000E+0
886	265,000000E+0	2,690000E+0	9,160000E+0	1,118393E+6	12,000000E+0
887	265,000000E+0	2,690000E+0	9,160000E+0	1,118443E+6	12,000000E+0
888	265,000000E+0	2,690000E+0	9,160000E+0	1,118494E+6	12,000000E+0
889	265,000000E+0	2,690000E+0	9,160000E+0	1,118545E+6	12,000000E+0
890	265,000000E+0	2,690000E+0	9,160000E+0	1,118596E+6	12,000000E+0
891	265,000000E+0	2,690000E+0	9,160000E+0	1,118645E+6	12,000000E+0
892	265,000000E+0	2,690000E+0	9,160000E+0	1,118696E+6	12,000000E+0
893	265,000000E+0	2,690000E+0	9,160000E+0	1,118747E+6	12,000000E+0
894	265,000000E+0	2,690000E+0	9,160000E+0	1,118797E+6	12,000000E+0
895	265,000000E+0	2,690000E+0	9,160000E+0	1,118848E+6	12,000000E+0
896	265,000000E+0	2,690000E+0	9,160000E+0	1,118899E+6	12,000000E+0
897	265,000000E+0	2,690000E+0	9,160000E+0	1,118950E+6	12,000000E+0
898	265,000000E+0	2,690000E+0	8,931000E+0	1,118999E+6	12,000000E+0
899	265,000000E+0	2,690000E+0	9,160000E+0	1,119051E+6	12,000000E+0
900	265,000000E+0	2,690000E+0	9,160000E+0	1,119100E+6	12,000000E+0
901	265,000000E+0	2,690000E+0	9,160000E+0	1,119153E+6	12,000000E+0
902	265,000000E+0	2,690000E+0	9,160000E+0	1,119203E+6	12,000000E+0
903	265,000000E+0	2,690000E+0	9,160000E+0	1,119253E+6	12,000000E+0
904	265,000000E+0	2,690000E+0	9,160000E+0	1,119304E+6	12,000000E+0
905	265,000000E+0	2,690000E+0	9,160000E+0	1,119356E+6	12,000000E+0
906	265,000000E+0	2,690000E+0	9,160000E+0	1,119406E+6	12,000000E+0
907	265,000000E+0	2,690000E+0	9,160000E+0	1,119458E+6	12,000000E+0
908	265,000000E+0	2,690000E+0	9,160000E+0	1,119508E+6	12,000000E+0
909	265,000000E+0	2,690000E+0	9,160000E+0	1,119558E+6	12,000000E+0
910	265,000000E+0	2,690000E+0	9,160000E+0	1,119609E+6	12,000000E+0
911	265,000000E+0	2,690000E+0	9,160000E+0	1,119661E+6	12,000000E+0
912	265,000000E+0	2,690000E+0	9,160000E+0	1,119711E+6	12,000000E+0
913	265,000000E+0	2,690000E+0	9,389000E+0	1,119763E+6	12,000000E+0
914	265,000000E+0	2,690000E+0	9,160000E+0	1,119813E+6	12,000000E+0
915	265,000000E+0	2,690000E+0	9,389000E+0	1,119864E+6	12,000000E+0
916	265,000000E+0	2,690000E+0	9,389000E+0	1,119915E+6	12,000000E+0
917	265,000000E+0	2,690000E+0	9,389000E+0	1,119966E+6	12,000000E+0
918	265,000000E+0	2,690000E+0	9,389000E+0	1,120016E+6	12,000000E+0
919	265,000000E+0	2,690000E+0	9,389000E+0	1,120068E+6	12,000000E+0
920	265,000000E+0	2,690000E+0	9,389000E+0	1,120119E+6	12,000000E+0
921	265,000000E+0	2,690000E+0	9,389000E+0	1,120170E+6	12,000000E+0
922	265,000000E+0	2,690000E+0	9,389000E+0	1,120221E+6	12,000000E+0
923	265,000000E+0	2,690000E+0	9,389000E+0	1,120272E+6	12,000000E+0
924	265,000000E+0	2,690000E+0	9,389000E+0	1,120324E+6	12,000000E+0
925	265,000000E+0	2,690000E+0	9,389000E+0	1,120373E+6	12,000000E+0
926	265,000000E+0	2,690000E+0	9,389000E+0	1,120424E+6	12,000000E+0
927	265,000000E+0	2,690000E+0	9,389000E+0	1,120476E+6	12,000000E+0
928	265,000000E+0	2,690000E+0	9,389000E+0	1,120527E+6	12,000000E+0
929	265,000000E+0	2,690000E+0	9,389000E+0	1,120578E+6	12,000000E+0
930	265,000000E+0	2,690000E+0	9,160000E+0	1,120626E+6	12,000000E+0
931	265,000000E+0	2,690000E+0	9,389000E+0	1,120677E+6	12,000000E+0
932	265,000000E+0	2,690000E+0	9,389000E+0	1,120729E+6	12,000000E+0
933	265,000000E+0	2,690000E+0	9,160000E+0	1,120779E+6	12,000000E+0
934	265,000000E+0	2,690000E+0	9,389000E+0	1,120831E+6	12,000000E+0
935	265,000000E+0	2,690000E+0	9,160000E+0	1,120883E+6	12,000000E+0
936	265,000000E+0	2,690000E+0	9,160000E+0	1,120933E+6	12,000000E+0
937	265,000000E+0	2,690000E+0	9,160000E+0	1,120985E+6	12,000000E+0
938	265,000000E+0	2,690000E+0	8,931000E+0	1,121035E+6	12,000000E+0
939	265,000000E+0	2,690000E+0	9,160000E+0	1,121087E+6	12,000000E+0
940	265,000000E+0	2,690000E+0	8,931000E+0	1,121135E+6	12,000000E+0
941	265,000000E+0	2,690000E+0	9,160000E+0	1,121187E+6	12,000000E+0
942	265,000000E+0	2,690000E+0	8,931000E+0	1,121238E+6	12,000000E+0
943	265,000000E+0	2,690000E+0	9,160000E+0	1,121290E+6	12,000000E+0
944	265,000000E+0	2,690000E+0	8,931000E+0	1,121341E+6	12,000000E+0
945	265,000000E+0	2,690000E+0	9,160000E+0	1,121391E+6	12,000000E+0
946	265,000000E+0	2,690000E+0	9,160000E+0	1,121442E+6	12,000000E+0
947	265,000000E+0	2,690000E+0	8,931000E+0	1,121494E+6	12,000000E+0
948	265,000000E+0	2,690000E+0	9,160000E+0	1,121544E+6	12,000000E+0
949	265,000000E+0	2,690000E+0	9,160000E+0	1,121595E+6	12,000000E+0
950	265,000000E+0	2,690000E+0	9,160000E+0	1,121646E+6	12,000000E+0
951	265,000000E+0	2,690000E+0	9,160000E+0	1,121697E+6	12,000000E+0
952	265,000000E+0	2,690000E+0	9,160000E+0	1,121747E+6	12,000000E+0
953	265,000000E+0	2,690000E+0	9,160000E+0	1,121800E+6	12,000000E+0
954	265,000000E+0	2,690000E+0	8,931000E+0	1,121850E+6	12,000000E+0
955	265,000000E+0	2,690000E+0	9,389000E+0	1,121901E+6	12,000000E+0
956	265,000000E+0	2,690000E+0	9,160000E+0	1,121952E+6	12,000000E+0
957	265,000000E+0	2,690000E+0	9,160000E+0	1,122002E+6	12,000000E+0
958	265,000000E+0	2,690000E+0	9,160000E+0	1,122054E+6	12,000000E+0
959	265,000000E+0	2,690000E+0	9,160000E+0	1,122103E+6	12,000000E+0
960	265,000000E+0	2,690000E+0	9,389000E+0	1,122155E+6	12,000000E+0
961	265,000000E+0	2,690000E+0	9,160000E+0	1,122206E+6	12,000000E+0
962	265,000000E+0	2,690000E+0	9,389000E+0	1,122257E+6	12,000000E+0
963	265,000000E+0	2,690000E+0	9,160000E+0	1,122308E+6	12,000000E+0
964	265,000000E+0	2,690000E+0	9,389000E+0	1,122357E+6	12,000000E+0
965	265,000000E+0	2,690000E+0	9,389000E+0	1,122407E+6	12,000000E+0
966	265,000000E+0	2,690000E+0	9,389000E+0	1,122457E+6	12,000000E+0
967	265,000000E+0	2,690000E+0	9,160000E+0	1,122510E+6	12,000000E+0
968	265,000000E+0	2,690000E+0	9,160000E+0	1,122559E+6	12,000000E+0
969	265,000000E+0	2,690000E+0	9,160000E+0	1,122611E+6	12,000000E+0
970	265,000000E+0	2,690000E+0	9,160000E+0	1,122661E+6	12,000000E+0
971	265,000000E+0	2,690000E+0	9,160000E+0	1,122712E+6	12,000000E+0
972	265,000000E+0	2,690000E+0	9,160000E+0	1,122762E+6	12,000000E+0
973	265,000000E+0	2,690000E+0	9,160000E+0	1,122812E+6	12,000000E+0
974	265,000000E+0	2,690000E+0	9,160000E+0	1,122863E+6	12,000000E+0
975	265,000000E+0	2,690000E+0	9,160000E+0	1,122915E+6	12,000000E+0
976	265,000000E+0	2,690000E+0	9,160000E+0	1,122965E+6	12,000000E+0
977	265,000000E+0	2,690000E+0	9,160000E+0	1,123015E+6	12,000000E+0
978	265,000000E+0	5,380000E+0	9,160000E+0	1,123065E+6	12,000000E+0
979	265,000000E+0	5,380000E+0	9,160000E+0	1,123116E+6	12,000000E+0
980	265,000000E+0	5,380000E+0	9,160000E+0	1,123166E+6	12,000000E+0
981	265,000000E+0	2,690000E+0	9,160000E+0	1,123218E+6	12,000000E+0
982	265,000000E+0	2,690000E+0	9,160000E+0	1,123269E+6	12,000000E+0
983	265,000000E+0	2,690000E+0	9,160000E+0	1,123319E+6	12,000000E+0
984	265,000000E+0	2,690000E+0	9,160000E+0	1,123370E+6	12,000000E+0
985	265,000000E+0	2,690000E+0	9,160000E+0	1,123420E+6	12,000000E+0
986	265,000000E+0	2,690000E+0	9,160000E+0	1,123472E+6	12,000000E+0
987	265,000000E+0	2,690000E+0	9,160000E+0	1,123523E+6	12,000000E+0
988	265,000000E+0	2,690000E+0	9,160000E+0	1,123575E+6	12,000000E+0
989	265,000000E+0	2,690000E+0	8,931000E+0	1,123625E+6	12,000000E+0
990	265,000000E+0	2,690000E+0	9,160000E+0	1,123675E+6	12,000000E+0
991	265,000000E+0	2,690000E+0	9,160000E+0	1,123727E+6	12,000000E+0
992	265,000000E+0	2,690000E+0	9,160000E+0	1,123778E+6	12,000000E+0
993	265,000000E+0	2,690000E+0	9,160000E+0	1,123828E+6	12,000000E+0
994	265,000000E+0	2,690000E+0	9,160000E+0	1,123878E+6	12,000000E+0
995	265,000000E+0	2,690000E+0	9,160000E+0	1,123930E+6	12,000000E+0
996	265,000000E+0	2,690000E+0	9,160000E+0	1,123980E+6	12,000000E+0
997	265,000000E+0	2,690000E+0	9,389000E+0	1,124032E+6	12,000000E+0
998	265,000000E+0	2,690000E+0	9,389000E+0	1,124082E+6	12,000000E+0
999	265,000000E+0	2,690000E+0	9,389000E+0	1,124133E+6	12,000000E+0
1000	265,000000E+0	2,690000E+0	9,389000E+0	1,124185E+6	12,000000E+0
1001	265,000000E+0	2,690000E+0	9,389000E+0	1,124236E+6	12,000000E+0
1002	265,000000E+0	2,690000E+0	9,389000E+0	1,124287E+6	12,000000E+0
1003	265,000000E+0	2,690000E+0	9,389000E+0	1,124338E+6	12,000000E+0
1004	265,000000E+0	2,690000E+0	9,389000E+0	1,124388E+6	12,000000E+0
1005	265,000000E+0	2,690000E+0	9,389000E+0	1,124439E+6	12,000000E+0
1006	265,000000E+0	2,690000E+0	9,389000E+0	1,124490E+6	12,000000E+0
1007	265,000000E+0	2,690000E+0	9,389000E+0	1,124542E+6	12,000000E+0
1008	265,000000E+0	2,690000E+0	9,389000E+0	1,124593E+6	12,000000E+0
1009	265,000000E+0	2,690000E+0	9,389000E+0	1,124643E+6	12,000000E+0
1010	265,000000E+0	2,690000E+0	9,160000E+0	1,124693E+6	12,000000E+0
1011	265,000000E+0	2,690000E+0	9,160000E+0	1,124744E+6	12,000000E+0
1012	265,000000E+0	2,690000E+0	9,160000E+0	1,124795E+6	12,000000E+0
1013	265,000000E+0	2,690000E+0	9,389000E+0	1,124845E+6	12,000000E+0
1014	265,000000E+0	2,690000E+0	9,160000E+0	1,124895E+6	12,000000E+0
1015	265,000000E+0	2,690000E+0	9,160000E+0	1,124947E+6	12,000000E+0
1016	265,000000E+0	2,690000E+0	9,160000E+0	1,125000E+6	12,000000E+0
1017	265,000000E+0	2,690000E+0	8,931000E+0	1,125050E+6	12,000000E+0
1018	265,000000E+0	2,690000E+0	9,389000E+0	1,125102E+6	12,000000E+0
1019	265,000000E+0	2,690000E+0	8,931000E+0	1,125152E+6	12,000000E+0
1020	265,000000E+0	2,690000E+0	9,389000E+0	1,125203E+6	12,000000E+0
1021	265,000000E+0	2,690000E+0	8,931000E+0	1,125253E+6	12,000000E+0
1022	265,000000E+0	2,690000E+0	8,931000E+0	1,125304E+6	12,000000E+0
1023	265,000000E+0	2,690000E+0	9,160000E+0	1,125356E+6	12,000000E+0
1024	265,000000E+0	2,690000E+0	8,931000E+0	1,125406E+6	12,000000E+0
1025	265,000000E+0	2,690000E+0	9,160000E+0	1,125458E+6	12,000000E+0
1026	265,000000E+0	2,690000E+0	8,931000E+0	1,125508E+6	12,000000E+0
1027	265,000000E+0	2,690000E+0	9,389000E+0	1,125561E+6	12,000000E+0
1028	265,000000E+0	2,690000E+0	8,931000E+0	1,125611E+6	12,000000E+0
1029	265,000000E+0	2,690000E+0	9,160000E+0	1,125661E+6	12,000000E+0
1030	265,000000E+0	2,690000E+0	9,160000E+0	1,125713E+6	12,000000E+0
1031	265,000000E+0	2,690000E+0	8,931000E+0	1,125762E+6	12,000000E+0
1032	265,000000E+0	2,690000E+0	9,160000E+0	1,125814E+6	12,000000E+0
1033	265,000000E+0	2,690000E+0	9,160000E+0	1,125866E+6	12,000000E+0
1034	265,000000E+0	2,690000E+0	9,160000E+0	1,125916E+6	12,000000E+0
1035	265,000000E+0	2,690000E+0	9,160000E+0	1,125967E+6	12,000000E+0
1036	265,000000E+0	2,690000E+0	9,160000E+0	1,126018E+6	12,000000E+0
1037	265,000000E+0	2,690000E+0	9,160000E+0	1,126069E+6	12,000000E+0
1038	265,000000E+0	2,690000E+0	9,160000E+0	1,126119E+6	12,000000E+0
1039	265,000000E+0	2,690000E+0	9,389000E+0	1,126171E+6	12,000000E+0
1040	265,000000E+0	2,690000E+0	9,160000E+0	1,126221E+6	12,000000E+0
1041	265,000000E+0	2,690000E+0	9,389000E+0	1,126272E+6	12,000000E+0
1042	265,000000E+0	2,690000E+0	9,160000E+0	1,126324E+6	12,000000E+0
1043	265,000000E+0	2,690000E+0	9,160000E+0	1,126374E+6	12,000000E+0
1044	265,000000E+0	2,690000E+0	9,389000E+0	1,126425E+6	12,000000E+0
1045	265,000000E+0	2,690000E+0	9,160000E+0	1,126473E+6	12,000000E+0
1046	265,000000E+0	2,690000E+0	9,389000E+0	1,126524E+6	12,000000E+0
1047	265,000000E+0	2,690000E+0	9,160000E+0	1,126576E+6	12,000000E+0
1048	265,000000E+0	2,690000E+0	9,389000E+0	1,126626E+6	12,000000E+0
1049	265,000000E+0	2,690000E+0	9,160000E+0	1,126677E+6	12,000000E+0
1050	265,000000E+0	2,690000E+0	9,160000E+0	1,126728E+6	12,000000E+0
1051	265,000000E+0	2,690000E+0	9,160000E+0	1,126778E+6	12,000000E+0
1052	265,000000E+0	2,690000E+0	9,160000E+0	1,126828E+6	12,000000E+0
1053	265,000000E+0	2,690000E+0	9,160000E+0	1,126879E+6	12,000000E+0
1054	265,000000E+0	2,690000E+0	8,931000E+0	1,126930E+6	12,000000E+0
1055	265,000000E+0	2,690000E+0	9,160000E+0	1,126979E+6	12,000000E+0
1056	265,000000E+0	2,690000E+0	9,160000E+0	1,127031E+6	12,000000E+0
1057	265,000000E+0	2,690000E+0	9,160000E+0	1,127082E+6	12,000000E+0
1058	265,000000E+0	2,690000E+0	9,160000E+0	1,127132E+6	12,000000E+0
1059	265,000000E+0	2,690000E+0	9,160000E+0	1,127182E+6	12,000000E+0
1060	265,000000E+0	2,690000E+0	9,160000E+0	1,127233E+6	12,000000E+0
1061	265,000000E+0	2,690000E+0	9,160000E+0	1,127283E+6	12,000000E+0
1062	265,000000E+0	2,690000E+0	9,160000E+0	1,127335E+6	12,000000E+0
1063	265,000000E+0	2,690000E+0	9,160000E+0	1,127386E+6	12,000000E+0
1064	265,000000E+0	2,690000E+0	9,160000E+0	1,127436E+6	12,000000E+0
1065	265,000000E+0	2,690000E+0	9,160000E+0	1,127488E+6	12,000000E+0
1066	265,000000E+0	2,690000E+0	9,160000E+0	1,127539E+6	12,000000E+0
1067	265,000000E+0	2,690000E+0	9,160000E+0	1,127590E+6	12,000000E+0
1068	265,000000E+0	2,690000E+0	9,160000E+0	1,127640E+6	12,000000E+0
1069	265,000000E+0	2,690000E+0	9,160000E+0	1,127692E+6	12,000000E+0
1070	265,000000E+0	2,690000E+0	9,160000E+0	1,127742E+6	12,000000E+0
1071	265,000000E+0	2,690000E+0	9,160000E+0	1,127793E+6	12,000000E+0
1072	265,000000E+0	2,690000E+0	9,160000E+0	1,127844E+6	12,000000E+0
1073	265,000000E+0	2,690000E+0	9,160000E+0	1,127895E+6	12,000000E+0
1074	265,000000E+0	2,690000E+0	9,160000E+0	1,127947E+6	12,000000E+0
1075	265,000000E+0	2,690000E+0	9,160000E+0	1,127996E+6	12,000000E+0
1076	265,000000E+0	2,690000E+0	9,160000E+0	1,128047E+6	12,000000E+0
1077	265,000000E+0	2,690000E+0	9,160000E+0	1,128099E+6	12,000000E+0
1078	265,000000E+0	2,690000E+0	9,389000E+0	1,128149E+6	12,000000E+0
1079	265,000000E+0	2,690000E+0	9,389000E+0	1,128200E+6	12,000000E+0
1080	265,000000E+0	2,690000E+0	9,389000E+0	1,128251E+6	12,000000E+0
1081	265,000000E+0	2,690000E+0	9,389000E+0	1,128302E+6	12,000000E+0
1082	265,000000E+0	2,690000E+0	9,389000E+0	1,128353E+6	12,000000E+0
1083	265,000000E+0	2,690000E+0	9,389000E+0	1,128404E+6	12,000000E+0
1084	265,000000E+0	2,690000E+0	9,389000E+0	1,128456E+6	12,000000E+0
1085	265,000000E+0	2,690000E+0	9,389000E+0	1,128507E+6	12,000000E+0
1086	265,000000E+0	2,690000E+0	9,389000E+0	1,128558E+6	12,000000E+0
1087	265,000000E+0	2,690000E+0	9,389000E+0	1,128608E+6	12,000000E+0
1088	265,000000E+0	2,690000E+0	9,389000E+0	1,128660E+6	12,000000E+0
1089	265,000000E+0	2,690000E+0	9,389000E+0	1,128711E+6	12,000000E+0
1090	265,000000E+0	2,690000E+0	9,389000E+0	1,128761E+6	12,000000E+0
1091	265,000000E+0	2,690000E+0	9,389000E+0	1,128812E+6	12,000000E+0
1092	265,000000E+0	2,690000E+0	9,389000E+0	1,128862E+6	12,000000E+0
1093	265,000000E+0	2,690000E+0	9,160000E+0	1,128913E+6	12,000000E+0
1094	265,000000E+0	2,690000E+0	9,160000E+0	1,128963E+6	12,000000E+0
1095	265,000000E+0	2,690000E+0	9,160000E+0	1,129015E+6	12,000000E+0
1096	265,000000E+0	2,690000E+0	9,160000E+0	1,129066E+6	12,000000E+0
1097	265,000000E+0	2,690000E+0	9,160000E+0	1,129117E+6	12,000000E+0
1098	265,000000E+0	2,690000E+0	9,160000E+0	1,129167E+6	12,000000E+0
1099	265,000000E+0	2,690000E+0	9,160000E+0	1,129219E+6	12,000000E+0
1100	265,000000E+0	2,690000E+0	9,160000E+0	1,129270E+6	12,000000E+0
1101	265,000000E+0	2,690000E+0	8,931000E+0	1,129319E+6	12,000000E+0
1102	265,000000E+0	2,690000E+0	9,389000E+0	1,129371E+6	12,000000E+0
1103	265,000000E+0	2,690000E+0	8,931000E+0	1,129421E+6	12,000000E+0
1104	265,000000E+0	2,690000E+0	9,160000E+0	1,129474E+6	12,000000E+0
1105	265,000000E+0	2,690000E+0	8,931000E+0	1,129525E+6	12,000000E+0
1106	265,000000E+0	2,690000E+0	9,160000E+0	1,129575E+6	12,000000E+0
1107	265,000000E+0	2,690000E+0	9,160000E+0	1,129627E+6	12,000000E+0
1108	265,000000E+0	2,690000E+0	8,931000E+0	1,129677E+6	12,000000E+0
1109	265,000000E+0	2,690000E+0	9,160000E+0	1,129728E+6	12,000000E+0
1110	265,000000E+0	2,690000E+0	8,931000E+0	1,129778E+6	12,000000E+0
1111	265,000000E+0	2,690000E+0	9,389000E+0	1,129830E+6	12,000000E+0
1112	265,000000E+0	2,690000E+0	9,160000E+0	1,129881E+6	12,000000E+0
1113	265,000000E+0	2,690000E+0	9,160000E+0	1,129932E+6	12,000000E+0
1114	265,000000E+0	2,690000E+0	9,160000E+0	1,129983E+6	12,000000E+0
1115	265,000000E+0	2,690000E+0	9,160000E+0	1,130033E+6	12,000000E+0
1116	265,000000E+0	2,690000E+0	9,160000E+0	1,130085E+6	12,000000E+0
1117	265,000000E+0	2,690000E+0	9,160000E+0	1,130136E+6	12,000000E+0
1118	265,000000E+0	2,690000E+0	9,160000E+0	1,130187E+6	12,000000E+0
1119	265,000000E+0	2,690000E+0	9,160000E+0	1,130238E+6	12,000000E+0
1120	265,000000E+0	2,690000E+0	9,160000E+0	1,130287E+6	12,000000E+0
1121	265,000000E+0	2,690000E+0	9,389000E+0	1,130339E+6	12,000000E+0
1122	265,000000E+0	2,690000E+0	9,160000E+0	1,130390E+6	12,000000E+0
1123	265,000000E+0	2,690000E+0	9,389000E+0	1,130442E+6	12,000000E+0
1124	265,000000E+0	2,690000E+0	9,160000E+0	1,130492E+6	12,000000E+0
1125	265,000000E+0	2,690000E+0	9,389000E+0	1,130541E+6	12,000000E+0
1126	265,000000E+0	2,690000E+0	9,389000E+0	1,130592E+6	12,000000E+0
1127	265,000000E+0	2,690000E+0	9,160000E+0	1,130642E+6	12,000000E+0
1128	265,000000E+0	2,690000E+0	9,389000E+0	1,130694E+6	12,000000E+0
1129	265,000000E+0	2,690000E+0	9,160000E+0	1,130744E+6	12,000000E+0
1130	265,000000E+0	2,690000E+0	9,160000E+0	1,130795E+6	12,000000E+0
1131	265,000000E+0	2,690000E+0	9,160000E+0	1,130846E+6	12,000000E+0
1132	265,000000E+0	2,690000E+0	9,160000E+0	1,130896E+6	12,000000E+0
1133	265,000000E+0	2,690000E+0	9,160000E+0	1,130946E+6	12,000000E+0
1134	265,000000E+0	2,690000E+0	9,160000E+0	1,130997E+6	12,000000E+0
1135	265,000000E+0	2,690000E+0	9,160000E+0	1,131048E+6	12,000000E+0
1136	265,000000E+0	2,690000E+0	9,160000E+0	1,131098E+6	12,000000E+0
1137	265,000000E+0	2,690000E+0	9,160000E+0	1,131150E+6	12,000000E+0
1138	265,000000E+0	2,690000E+0	9,160000E+0	1,131199E+6	12,000000E+0
1139	265,000000E+0	2,690000E+0	9,160000E+0	1,131250E+6	12,000000E+0
1140	265,000000E+0	2,690000E+0	8,931000E+0	1,131301E+6	12,000000E+0
1141	265,000000E+0	2,690000E+0	8,931000E+0	1,131351E+6	12,000000E+0
1142	265,000000E+0	2,690000E+0	9,160000E+0	1,131402E+6	12,000000E+0
1143	265,000000E+0	2,690000E+0	9,160000E+0	1,131454E+6	12,000000E+0
1144	265,000000E+0	2,690000E+0	9,160000E+0	1,131503E+6	12,000000E+0
1145	265,000000E+0	2,690000E+0	9,160000E+0	1,131555E+6	12,000000E+0
1146	265,000000E+0	2,690000E+0	9,160000E+0	1,131605E+6	12,000000E+0
1147	265,000000E+0	2,690000E+0	9,160000E+0	1,131657E+6	12,000000E+0
1148	265,000000E+0	2,690000E+0	9,160000E+0	1,131707E+6	12,000000E+0
1149	265,000000E+0	2,690000E+0	9,160000E+0	1,131759E+6	12,000000E+0
1150	265,000000E+0	2,690000E+0	9,160000E+0	1,131809E+6	12,000000E+0
1151	265,000000E+0	2,690000E+0	9,160000E+0	1,131860E+6	12,000000E+0
1152	265,000000E+0	2,690000E+0	9,160000E+0	1,131911E+6	12,000000E+0
1153	265,000000E+0	2,690000E+0	9,160000E+0	1,131962E+6	12,000000E+0
1154	265,000000E+0	2,690000E+0	9,160000E+0	1,132013E+6	12,000000E+0
1155	265,000000E+0	2,690000E+0	9,389000E+0	1,132064E+6	12,000000E+0
1156	265,000000E+0	2,690000E+0	9,160000E+0	1,132115E+6	12,000000E+0
1157	265,000000E+0	2,690000E+0	9,160000E+0	1,132166E+6	12,000000E+0
1158	265,000000E+0	2,690000E+0	9,389000E+0	1,132217E+6	12,000000E+0
1159	265,000000E+0	2,690000E+0	9,389000E+0	1,132268E+6	12,000000E+0
1160	265,000000E+0	2,690000E+0	9,389000E+0	1,132318E+6	12,000000E+0
1161	265,000000E+0	2,690000E+0	9,389000E+0	1,132370E+6	12,000000E+0
1162	265,000000E+0	2,690000E+0	9,389000E+0	1,132420E+6	12,000000E+0
1163	265,000000E+0	2,690000E+0	9,389000E+0	1,132472E+6	12,000000E+0
1164	265,000000E+0	2,690000E+0	9,389000E+0	1,132522E+6	12,000000E+0
1165	265,000000E+0	2,690000E+0	9,389000E+0	1,132575E+6	12,000000E+0
1166	265,000000E+0	2,690000E+0	9,389000E+0	1,132624E+6	12,000000E+0
1167	265,000000E+0	2,690000E+0	9,389000E+0	1,132675E+6	12,000000E+0
1168	265,000000E+0	2,690000E+0	9,389000E+0	1,132726E+6	12,000000E+0
1169	265,000000E+0	2,690000E+0	9,389000E+0	1,132777E+6	12,000000E+0
1170	265,000000E+0	2,690000E+0	9,389000E+0	1,132829E+6	12,000000E+0
1171	265,000000E+0	2,690000E+0	9,160000E+0	1,132880E+6	12,000000E+0
1172	265,000000E+0	2,690000E+0	9,389000E+0	1,132930E+6	12,000000E+0
1173	265,000000E+0	2,690000E+0	9,160000E+0	1,132980E+6	12,000000E+0
1174	265,000000E+0	2,690000E+0	9,389000E+0	1,133030E+6	12,000000E+0
1175	265,000000E+0	2,690000E+0	9,160000E+0	1,133081E+6	12,000000E+0
1176	265,000000E+0	2,690000E+0	9,160000E+0	1,133133E+6	12,000000E+0
1177	265,000000E+0	2,690000E+0	9,160000E+0	1,133185E+6	12,000000E+0
1178	265,000000E+0	2,690000E+0	9,160000E+0	1,133235E+6	12,000000E+0
1179	265,000000E+0	2,690000E+0	9,160000E+0	1,133287E+6	12,000000E+0
1180	265,000000E+0	2,690000E+0	9,160000E+0	1,133338E+6	12,000000E+0
1181	265,000000E+0	2,690000E+0	9,160000E+0	1,133388E+6	12,000000E+0
1182	265,000000E+0	2,690000E+0	8,931000E+0	1,133438E+6	12,000000E+0
1183	265,000000E+0	2,690000E+0	9,160000E+0	1,133489E+6	12,000000E+0
1184	265,000000E+0	2,690000E+0	9,160000E+0	1,133541E+6	12,000000E+0
1185	265,000000E+0	2,690000E+0	8,931000E+0	1,133591E+6	12,000000E+0
1186	265,000000E+0	2,690000E+0	9,160000E+0	1,133644E+6	12,000000E+0
1187	265,000000E+0	2,690000E+0	8,931000E+0	1,133694E+6	12,000000E+0
1188	265,000000E+0	2,690000E+0	9,389000E+0	1,133746E+6	12,000000E+0
1189	265,000000E+0	2,690000E+0	8,931000E+0	1,133796E+6	12,000000E+0
1190	265,000000E+0	2,690000E+0	9,160000E+0	1,133846E+6	12,000000E+0
1191	265,000000E+0	2,690000E+0	9,160000E+0	1,133898E+6	12,000000E+0
1192	265,000000E+0	2,690000E+0	9,160000E+0	1,133948E+6	12,000000E+0
1193	265,000000E+0	2,690000E+0	9,160000E+0	1,134000E+6	12,000000E+0
1194	265,000000E+0	2,690000E+0	8,931000E+0	1,134050E+6	12,000000E+0
1195	265,000000E+0	2,690000E+0	9,389000E+0	1,134102E+6	12,000000E+0
1196	265,000000E+0	2,690000E+0	9,160000E+0	1,134153E+6	12,000000E+0
1197	265,000000E+0	2,690000E+0	9,389000E+0	1,134204E+6	12,000000E+0
1198	265,000000E+0	2,690000E+0	9,160000E+0	1,134254E+6	12,000000E+0
1199	265,000000E+0	2,690000E+0	9,160000E+0	1,134305E+6	12,000000E+0
1200	265,000000E+0	2,690000E+0	9,160000E+0	1,134356E+6	12,000000E+0
1201	265,000000E+0	2,690000E+0	9,160000E+0	1,134406E+6	12,000000E+0
1202	265,000000E+0	2,690000E+0	9,389000E+0	1,134458E+6	12,000000E+0
1203	265,000000E+0	2,690000E+0	9,160000E+0	1,134509E+6	12,000000E+0
1204	265,000000E+0	2,690000E+0	9,160000E+0	1,134560E+6	12,000000E+0
1205	265,000000E+0	2,690000E+0	9,160000E+0	1,134610E+6	12,000000E+0
1206	265,000000E+0	2,690000E+0	9,160000E+0	1,134659E+6	12,000000E+0
1207	265,000000E+0	2,690000E+0	9,389000E+0	1,134709E+6	12,000000E+0
1208	265,000000E+0	2,690000E+0	9,160000E+0	1,134761E+6	12,000000E+0
1209	265,000000E+0	2,690000E+0	9,389000E+0	1,134813E+6	12,000000E+0
1210	265,000000E+0	2,690000E+0	9,160000E+0	1,134863E+6	12,000000E+0
1211	265,000000E+0	2,690000E+0	9,160000E+0	1,134913E+6	12,000000E+0
1212	265,000000E+0	2,690000E+0	9,160000E+0	1,134964E+6	12,000000E+0
1213	265,000000E+0	2,690000E+0	9,160000E+0	1,135014E+6	12,000000E+0
1214	265,000000E+0	2,690000E+0	9,160000E+0	1,135065E+6	12,000000E+0
1215	265,000000E+0	2,690000E+0	9,160000E+0	1,135116E+6	12,000000E+0
1216	265,000000E+0	2,690000E+0	9,160000E+0	1,135166E+6	12,000000E+0
1217	265,000000E+0	2,690000E+0	9,160000E+0	1,135218E+6	12,000000E+0
1218	265,000000E+0	2,690000E+0	9,160000E+0	1,135269E+6	12,000000E+0
1219	265,000000E+0	2,690000E+0	9,160000E+0	1,135320E+6	12,000000E+0
1220	265,000000E+0	2,690000E+0	8,931000E+0	1,135369E+6	12,000000E+0
1221	265,000000E+0	2,690000E+0	9,160000E+0	1,135420E+6	12,000000E+0
1222	265,000000E+0	2,690000E+0	8,931000E+0	1,135470E+6	12,000000E+0
1223	265,000000E+0	2,690000E+0	8,931000E+0	1,135521E+6	12,000000E+0
1224	265,000000E+0	2,690000E+0	8,931000E+0	1,135572E+6	12,000000E+0
1225	265,000000E+0	2,690000E+0	9,160000E+0	1,135622E+6	12,000000E+0
1226	265,000000E+0	2,690000E+0	9,160000E+0	1,135673E+6	12,000000E+0
1227	265,000000E+0	2,690000E+0	9,160000E+0	1,135725E+6	12,000000E+0
1228	265,000000E+0	2,690000E+0	9,160000E+0	1,135776E+6	12,000000E+0
1229	265,000000E+0	2,690000E+0	9,160000E+0	1,135826E+6	12,000000E+0
1230	265,000000E+0	2,690000E+0	9,160000E+0	1,135878E+6	12,000000E+0
1231	265,000000E+0	2,690000E+0	9,160000E+0	1,135928E+6	12,000000E+0
1232	265,000000E+0	2,690000E+0	9,160000E+0	1,135980E+6	12,000000E+0
1233	265,000000E+0	2,690000E+0	9,160000E+0	1,136031E+6	12,000000E+0
1234	265,000000E+0	2,690000E+0	9,160000E+0	1,136081E+6	12,000000E+0
1235	265,000000E+0	2,690000E+0	9,160000E+0	1,136133E+6	12,000000E+0
1236	265,000000E+0	2,690000E+0	9,160000E+0	1,136183E+6	12,000000E+0
1237	265,000000E+0	2,690000E+0	9,389000E+0	1,136234E+6	12,000000E+0
1238	265,000000E+0	2,690000E+0	9,389000E+0	1,136285E+6	12,000000E+0
1239	265,000000E+0	2,690000E+0	9,389000E+0	1,136336E+6	12,000000E+0
1240	265,000000E+0	2,690000E+0	9,389000E+0	1,136387E+6	12,000000E+0
1241	265,000000E+0	2,690000E+0	9,389000E+0	1,136438E+6	12,000000E+0
1242	265,000000E+0	2,690000E+0	9,389000E+0	1,136489E+6	12,000000E+0
1243	265,000000E+0	2,690000E+0	9,389000E+0	1,136540E+6	12,000000E+0
1244	265,000000E+0	2,690000E+0	9,389000E+0	1,136591E+6	12,000000E+0
1245	265,000000E+0	2,690000E+0	9,389000E+0	1,136642E+6	12,000000E+0
1246	265,000000E+0	2,690000E+0	9,389000E+0	1,136693E+6	12,000000E+0
1247	265,000000E+0	2,690000E+0	9,389000E+0	1,136743E+6	12,000000E+0
1248	265,000000E+0	2,690000E+0	9,389000E+0	1,136794E+6	12,000000E+0
1249	265,000000E+0	2,690000E+0	9,389000E+0	1,136847E+6	12,000000E+0
1250	85,000000E+0	712,850000E+0	615,317733E+3	1,493238E+9	1,700000E+0
