vendredi 19 janvier 2024	16:51:58	Sampling Period : 20  ms		
Unities: time [sample], PWM [raw], Current [mA], velocity [rev/min], Position [pulse], Present Input Voltage [V]

t	DXL_PWM		DXL_Current		DXL_Velocity		DXL_Position		DXL_Input_Voltage
0	0,000000E+0	0,000000E+0	0,000000E+0	50,366000E+3	12,000000E+0
1	200,000000E+0	59,180000E+0	0,000000E+0	50,370000E+3	12,000000E+0
2	200,000000E+0	8,070000E+0	6,183000E+0	50,409000E+3	12,000000E+0
3	200,000000E+0	5,380000E+0	6,641000E+0	50,445000E+3	12,000000E+0
4	200,000000E+0	5,380000E+0	6,641000E+0	50,483000E+3	12,000000E+0
5	200,000000E+0	5,380000E+0	6,870000E+0	50,521000E+3	12,000000E+0
6	200,000000E+0	5,380000E+0	6,641000E+0	50,559000E+3	12,000000E+0
7	200,000000E+0	5,380000E+0	6,870000E+0	50,597000E+3	12,000000E+0
8	200,000000E+0	5,380000E+0	6,870000E+0	50,635000E+3	12,000000E+0
9	200,000000E+0	5,380000E+0	6,870000E+0	50,673000E+3	12,000000E+0
10	200,000000E+0	5,380000E+0	6,870000E+0	50,711000E+3	12,000000E+0
11	200,000000E+0	5,380000E+0	6,870000E+0	50,748000E+3	12,000000E+0
12	200,000000E+0	5,380000E+0	6,870000E+0	50,786000E+3	12,000000E+0
13	200,000000E+0	5,380000E+0	6,870000E+0	50,824000E+3	12,000000E+0
14	200,000000E+0	5,380000E+0	6,870000E+0	50,863000E+3	12,000000E+0
15	200,000000E+0	5,380000E+0	6,870000E+0	50,899000E+3	12,000000E+0
16	200,000000E+0	5,380000E+0	6,870000E+0	50,937000E+3	12,000000E+0
17	200,000000E+0	5,380000E+0	6,870000E+0	50,974000E+3	12,000000E+0
18	200,000000E+0	5,380000E+0	6,870000E+0	51,013000E+3	12,000000E+0
19	200,000000E+0	5,380000E+0	6,870000E+0	51,051000E+3	12,000000E+0
20	200,000000E+0	5,380000E+0	6,870000E+0	51,089000E+3	12,000000E+0
21	200,000000E+0	5,380000E+0	7,099000E+0	51,127000E+3	12,000000E+0
22	200,000000E+0	5,380000E+0	6,870000E+0	51,167000E+3	12,000000E+0
23	200,000000E+0	5,380000E+0	6,870000E+0	51,212000E+3	12,000000E+0
24	200,000000E+0	5,380000E+0	6,870000E+0	51,260000E+3	12,000000E+0
25	200,000000E+0	5,380000E+0	7,099000E+0	51,308000E+3	12,000000E+0
26	200,000000E+0	5,380000E+0	6,870000E+0	51,345000E+3	12,000000E+0
27	200,000000E+0	5,380000E+0	6,870000E+0	51,383000E+3	12,000000E+0
28	200,000000E+0	5,380000E+0	7,099000E+0	51,421000E+3	12,000000E+0
29	200,000000E+0	5,380000E+0	6,870000E+0	51,459000E+3	12,000000E+0
30	200,000000E+0	5,380000E+0	7,099000E+0	51,497000E+3	12,000000E+0
31	200,000000E+0	5,380000E+0	6,870000E+0	51,533000E+3	12,000000E+0
32	200,000000E+0	5,380000E+0	6,870000E+0	51,571000E+3	12,000000E+0
33	200,000000E+0	5,380000E+0	6,870000E+0	51,609000E+3	12,000000E+0
34	200,000000E+0	5,380000E+0	6,870000E+0	51,647000E+3	12,000000E+0
35	200,000000E+0	5,380000E+0	6,870000E+0	51,685000E+3	12,000000E+0
36	200,000000E+0	5,380000E+0	6,870000E+0	51,722000E+3	12,000000E+0
37	200,000000E+0	5,380000E+0	6,870000E+0	51,761000E+3	12,000000E+0
38	200,000000E+0	5,380000E+0	6,870000E+0	51,799000E+3	12,000000E+0
39	200,000000E+0	5,380000E+0	6,870000E+0	51,838000E+3	12,000000E+0
40	200,000000E+0	5,380000E+0	6,870000E+0	51,875000E+3	12,000000E+0
41	200,000000E+0	5,380000E+0	6,641000E+0	51,913000E+3	12,000000E+0
42	200,000000E+0	5,380000E+0	6,870000E+0	51,951000E+3	12,000000E+0
43	200,000000E+0	5,380000E+0	6,641000E+0	51,989000E+3	12,000000E+0
44	200,000000E+0	5,380000E+0	6,641000E+0	52,027000E+3	12,000000E+0
45	200,000000E+0	5,380000E+0	6,641000E+0	52,063000E+3	12,000000E+0
46	200,000000E+0	5,380000E+0	6,641000E+0	52,101000E+3	12,000000E+0
47	200,000000E+0	5,380000E+0	6,870000E+0	52,140000E+3	12,000000E+0
48	200,000000E+0	5,380000E+0	6,641000E+0	52,177000E+3	12,000000E+0
49	200,000000E+0	5,380000E+0	6,870000E+0	52,217000E+3	12,000000E+0
50	200,000000E+0	5,380000E+0	6,641000E+0	52,253000E+3	12,000000E+0
51	200,000000E+0	5,380000E+0	6,870000E+0	52,292000E+3	12,000000E+0
52	200,000000E+0	5,380000E+0	6,641000E+0	52,329000E+3	12,000000E+0
53	200,000000E+0	5,380000E+0	6,641000E+0	52,367000E+3	12,000000E+0
54	200,000000E+0	5,380000E+0	6,870000E+0	52,407000E+3	12,000000E+0
55	200,000000E+0	5,380000E+0	6,641000E+0	52,444000E+3	12,000000E+0
56	200,000000E+0	5,380000E+0	6,870000E+0	52,482000E+3	12,000000E+0
57	200,000000E+0	5,380000E+0	6,641000E+0	52,522000E+3	12,000000E+0
58	200,000000E+0	5,380000E+0	6,870000E+0	52,567000E+3	12,000000E+0
59	200,000000E+0	5,380000E+0	6,641000E+0	52,603000E+3	12,000000E+0
60	200,000000E+0	5,380000E+0	6,870000E+0	52,642000E+3	12,000000E+0
61	200,000000E+0	5,380000E+0	6,641000E+0	52,680000E+3	12,000000E+0
62	200,000000E+0	5,380000E+0	6,641000E+0	52,718000E+3	12,000000E+0
63	200,000000E+0	5,380000E+0	6,870000E+0	52,757000E+3	12,000000E+0
64	200,000000E+0	5,380000E+0	6,641000E+0	52,793000E+3	12,000000E+0
65	200,000000E+0	5,380000E+0	6,870000E+0	52,832000E+3	12,000000E+0
66	200,000000E+0	5,380000E+0	6,870000E+0	52,870000E+3	12,000000E+0
67	200,000000E+0	5,380000E+0	6,870000E+0	52,907000E+3	12,000000E+0
68	200,000000E+0	5,380000E+0	6,870000E+0	52,946000E+3	12,000000E+0
69	200,000000E+0	5,380000E+0	6,870000E+0	52,983000E+3	12,000000E+0
70	200,000000E+0	5,380000E+0	6,870000E+0	53,022000E+3	12,000000E+0
71	200,000000E+0	5,380000E+0	6,870000E+0	53,058000E+3	12,000000E+0
72	200,000000E+0	5,380000E+0	6,870000E+0	53,096000E+3	12,000000E+0
73	200,000000E+0	5,380000E+0	6,870000E+0	53,134000E+3	12,000000E+0
74	200,000000E+0	5,380000E+0	6,870000E+0	53,172000E+3	12,000000E+0
75	200,000000E+0	5,380000E+0	6,870000E+0	53,209000E+3	12,000000E+0
76	200,000000E+0	5,380000E+0	6,870000E+0	53,248000E+3	12,000000E+0
77	200,000000E+0	5,380000E+0	6,870000E+0	53,284000E+3	12,000000E+0
78	200,000000E+0	5,380000E+0	6,870000E+0	53,321000E+3	12,000000E+0
79	200,000000E+0	5,380000E+0	6,870000E+0	53,359000E+3	12,000000E+0
80	200,000000E+0	5,380000E+0	6,641000E+0	53,397000E+3	12,000000E+0
81	200,000000E+0	5,380000E+0	6,870000E+0	53,436000E+3	12,000000E+0
82	200,000000E+0	5,380000E+0	6,870000E+0	53,472000E+3	12,000000E+0
83	200,000000E+0	5,380000E+0	6,870000E+0	53,510000E+3	12,000000E+0
84	200,000000E+0	5,380000E+0	6,870000E+0	53,549000E+3	12,000000E+0
85	200,000000E+0	5,380000E+0	6,641000E+0	53,586000E+3	12,000000E+0
86	200,000000E+0	5,380000E+0	6,870000E+0	53,624000E+3	12,000000E+0
87	200,000000E+0	5,380000E+0	6,641000E+0	53,661000E+3	12,000000E+0
88	200,000000E+0	5,380000E+0	6,870000E+0	53,698000E+3	12,000000E+0
89	200,000000E+0	5,380000E+0	6,870000E+0	53,737000E+3	12,000000E+0
90	200,000000E+0	5,380000E+0	6,641000E+0	53,774000E+3	12,000000E+0
91	200,000000E+0	5,380000E+0	6,870000E+0	53,812000E+3	12,000000E+0
92	200,000000E+0	5,380000E+0	6,870000E+0	53,850000E+3	12,000000E+0
93	200,000000E+0	5,380000E+0	6,870000E+0	53,888000E+3	12,000000E+0
94	200,000000E+0	5,380000E+0	6,870000E+0	53,926000E+3	12,000000E+0
95	200,000000E+0	5,380000E+0	6,641000E+0	53,963000E+3	12,000000E+0
96	200,000000E+0	5,380000E+0	6,641000E+0	54,001000E+3	12,000000E+0
97	200,000000E+0	5,380000E+0	6,641000E+0	54,039000E+3	12,000000E+0
98	200,000000E+0	5,380000E+0	6,641000E+0	54,076000E+3	12,000000E+0
99	200,000000E+0	5,380000E+0	6,641000E+0	54,114000E+3	12,000000E+0
100	200,000000E+0	5,380000E+0	6,641000E+0	54,151000E+3	12,000000E+0
101	200,000000E+0	5,380000E+0	6,641000E+0	54,189000E+3	12,000000E+0
102	200,000000E+0	5,380000E+0	6,641000E+0	54,227000E+3	12,000000E+0
103	200,000000E+0	5,380000E+0	6,641000E+0	54,265000E+3	12,000000E+0
104	200,000000E+0	5,380000E+0	6,641000E+0	54,302000E+3	12,000000E+0
105	200,000000E+0	5,380000E+0	6,870000E+0	54,341000E+3	12,000000E+0
106	200,000000E+0	5,380000E+0	6,641000E+0	54,379000E+3	12,000000E+0
107	200,000000E+0	5,380000E+0	6,870000E+0	54,417000E+3	12,000000E+0
108	200,000000E+0	5,380000E+0	6,870000E+0	54,454000E+3	12,000000E+0
109	200,000000E+0	5,380000E+0	6,870000E+0	54,492000E+3	12,000000E+0
110	200,000000E+0	5,380000E+0	6,870000E+0	54,531000E+3	12,000000E+0
111	200,000000E+0	5,380000E+0	6,641000E+0	54,567000E+3	12,000000E+0
112	200,000000E+0	5,380000E+0	6,870000E+0	54,605000E+3	12,000000E+0
113	200,000000E+0	5,380000E+0	6,641000E+0	54,644000E+3	12,000000E+0
114	200,000000E+0	5,380000E+0	6,870000E+0	54,682000E+3	12,000000E+0
115	200,000000E+0	5,380000E+0	6,870000E+0	54,720000E+3	12,000000E+0
116	200,000000E+0	5,380000E+0	6,870000E+0	54,757000E+3	12,000000E+0
117	200,000000E+0	5,380000E+0	6,870000E+0	54,796000E+3	12,000000E+0
118	200,000000E+0	5,380000E+0	6,870000E+0	54,832000E+3	12,000000E+0
119	200,000000E+0	5,380000E+0	6,870000E+0	54,871000E+3	12,000000E+0
120	200,000000E+0	5,380000E+0	6,870000E+0	54,909000E+3	12,000000E+0
121	200,000000E+0	5,380000E+0	6,870000E+0	54,947000E+3	12,000000E+0
122	200,000000E+0	5,380000E+0	6,870000E+0	54,986000E+3	12,000000E+0
123	200,000000E+0	5,380000E+0	6,870000E+0	55,023000E+3	12,000000E+0
124	200,000000E+0	5,380000E+0	6,870000E+0	55,061000E+3	12,000000E+0
125	200,000000E+0	5,380000E+0	6,870000E+0	55,099000E+3	12,000000E+0
126	200,000000E+0	5,380000E+0	6,870000E+0	55,136000E+3	12,000000E+0
127	200,000000E+0	5,380000E+0	7,099000E+0	55,175000E+3	12,000000E+0
128	200,000000E+0	5,380000E+0	6,870000E+0	55,212000E+3	12,000000E+0
129	200,000000E+0	2,690000E+0	6,870000E+0	55,251000E+3	12,000000E+0
130	200,000000E+0	2,690000E+0	6,870000E+0	55,288000E+3	12,000000E+0
131	200,000000E+0	2,690000E+0	6,870000E+0	55,327000E+3	12,000000E+0
132	200,000000E+0	2,690000E+0	6,870000E+0	55,364000E+3	12,000000E+0
133	200,000000E+0	2,690000E+0	6,870000E+0	55,402000E+3	12,000000E+0
134	200,000000E+0	2,690000E+0	6,870000E+0	55,440000E+3	12,000000E+0
135	200,000000E+0	2,690000E+0	6,870000E+0	55,477000E+3	12,000000E+0
136	200,000000E+0	2,690000E+0	7,099000E+0	55,517000E+3	12,000000E+0
137	200,000000E+0	2,690000E+0	6,870000E+0	55,554000E+3	12,000000E+0
138	200,000000E+0	2,690000E+0	7,099000E+0	55,592000E+3	12,000000E+0
139	200,000000E+0	2,690000E+0	6,870000E+0	55,630000E+3	12,000000E+0
140	200,000000E+0	2,690000E+0	6,870000E+0	55,667000E+3	12,000000E+0
141	200,000000E+0	2,690000E+0	6,870000E+0	55,705000E+3	12,000000E+0
142	200,000000E+0	2,690000E+0	6,870000E+0	55,742000E+3	12,000000E+0
143	200,000000E+0	2,690000E+0	6,870000E+0	55,780000E+3	12,000000E+0
144	200,000000E+0	2,690000E+0	6,870000E+0	55,818000E+3	12,000000E+0
145	200,000000E+0	2,690000E+0	6,870000E+0	55,857000E+3	12,000000E+0
146	200,000000E+0	2,690000E+0	6,870000E+0	55,895000E+3	12,000000E+0
147	200,000000E+0	2,690000E+0	6,870000E+0	55,933000E+3	12,000000E+0
148	200,000000E+0	2,690000E+0	6,870000E+0	55,971000E+3	12,000000E+0
149	200,000000E+0	2,690000E+0	6,641000E+0	56,009000E+3	12,000000E+0
150	200,000000E+0	2,690000E+0	6,870000E+0	56,048000E+3	12,000000E+0
151	200,000000E+0	2,690000E+0	6,870000E+0	56,085000E+3	12,000000E+0
152	200,000000E+0	2,690000E+0	6,641000E+0	56,123000E+3	12,000000E+0
153	200,000000E+0	2,690000E+0	6,641000E+0	56,160000E+3	12,000000E+0
154	200,000000E+0	2,690000E+0	6,641000E+0	56,197000E+3	12,000000E+0
155	200,000000E+0	2,690000E+0	6,870000E+0	56,236000E+3	12,000000E+0
156	200,000000E+0	2,690000E+0	6,641000E+0	56,274000E+3	12,000000E+0
157	200,000000E+0	2,690000E+0	6,870000E+0	56,312000E+3	12,000000E+0
158	200,000000E+0	2,690000E+0	6,641000E+0	56,349000E+3	12,000000E+0
159	200,000000E+0	2,690000E+0	6,870000E+0	56,388000E+3	12,000000E+0
160	200,000000E+0	2,690000E+0	6,641000E+0	56,426000E+3	12,000000E+0
161	200,000000E+0	2,690000E+0	6,641000E+0	56,463000E+3	12,000000E+0
162	200,000000E+0	2,690000E+0	6,870000E+0	56,503000E+3	12,000000E+0
163	200,000000E+0	2,690000E+0	6,641000E+0	56,540000E+3	12,000000E+0
164	200,000000E+0	2,690000E+0	6,870000E+0	56,578000E+3	12,000000E+0
165	200,000000E+0	2,690000E+0	6,641000E+0	56,616000E+3	12,000000E+0
166	200,000000E+0	2,690000E+0	6,870000E+0	56,654000E+3	12,000000E+0
167	200,000000E+0	2,690000E+0	6,641000E+0	56,691000E+3	12,000000E+0
168	200,000000E+0	2,690000E+0	6,870000E+0	56,729000E+3	12,000000E+0
169	200,000000E+0	2,690000E+0	6,641000E+0	56,767000E+3	12,000000E+0
170	200,000000E+0	2,690000E+0	6,641000E+0	56,805000E+3	12,000000E+0
171	200,000000E+0	2,690000E+0	6,870000E+0	56,843000E+3	12,000000E+0
172	200,000000E+0	2,690000E+0	6,641000E+0	56,880000E+3	12,000000E+0
173	200,000000E+0	2,690000E+0	6,870000E+0	56,919000E+3	12,000000E+0
174	200,000000E+0	2,690000E+0	6,870000E+0	56,956000E+3	12,000000E+0
175	200,000000E+0	2,690000E+0	6,870000E+0	56,994000E+3	12,000000E+0
176	200,000000E+0	2,690000E+0	6,870000E+0	57,032000E+3	12,000000E+0
177	200,000000E+0	2,690000E+0	6,870000E+0	57,070000E+3	12,000000E+0
178	200,000000E+0	2,690000E+0	6,870000E+0	57,109000E+3	12,000000E+0
179	200,000000E+0	2,690000E+0	6,870000E+0	57,146000E+3	12,000000E+0
180	200,000000E+0	2,690000E+0	6,870000E+0	57,184000E+3	12,000000E+0
181	200,000000E+0	2,690000E+0	6,870000E+0	57,222000E+3	12,000000E+0
182	200,000000E+0	2,690000E+0	6,870000E+0	57,260000E+3	12,000000E+0
183	200,000000E+0	2,690000E+0	6,870000E+0	57,298000E+3	12,000000E+0
184	200,000000E+0	2,690000E+0	6,870000E+0	57,336000E+3	12,000000E+0
185	200,000000E+0	2,690000E+0	6,870000E+0	57,373000E+3	12,000000E+0
186	200,000000E+0	2,690000E+0	6,870000E+0	57,409000E+3	12,000000E+0
187	200,000000E+0	2,690000E+0	6,870000E+0	57,446000E+3	12,000000E+0
188	200,000000E+0	2,690000E+0	6,870000E+0	57,484000E+3	12,000000E+0
189	200,000000E+0	2,690000E+0	6,870000E+0	57,524000E+3	12,000000E+0
190	200,000000E+0	2,690000E+0	6,870000E+0	57,561000E+3	12,000000E+0
191	200,000000E+0	2,690000E+0	6,870000E+0	57,598000E+3	12,000000E+0
192	200,000000E+0	2,690000E+0	6,870000E+0	57,637000E+3	12,000000E+0
193	200,000000E+0	2,690000E+0	6,641000E+0	57,674000E+3	12,000000E+0
194	200,000000E+0	2,690000E+0	6,870000E+0	57,711000E+3	12,000000E+0
195	200,000000E+0	2,690000E+0	6,870000E+0	57,749000E+3	12,000000E+0
196	200,000000E+0	2,690000E+0	6,870000E+0	57,786000E+3	12,000000E+0
197	200,000000E+0	2,690000E+0	6,870000E+0	57,825000E+3	12,000000E+0
198	200,000000E+0	5,380000E+0	6,641000E+0	57,862000E+3	12,000000E+0
199	200,000000E+0	5,380000E+0	6,870000E+0	57,900000E+3	12,000000E+0
200	200,000000E+0	5,380000E+0	6,641000E+0	57,937000E+3	12,000000E+0
201	200,000000E+0	5,380000E+0	6,870000E+0	57,976000E+3	12,000000E+0
202	200,000000E+0	5,380000E+0	6,870000E+0	58,014000E+3	12,000000E+0
203	200,000000E+0	5,380000E+0	6,641000E+0	58,051000E+3	12,000000E+0
204	200,000000E+0	5,380000E+0	6,641000E+0	58,089000E+3	12,000000E+0
205	200,000000E+0	2,690000E+0	6,641000E+0	58,127000E+3	12,000000E+0
206	200,000000E+0	2,690000E+0	6,870000E+0	58,168000E+3	12,000000E+0
207	200,000000E+0	2,690000E+0	6,641000E+0	58,212000E+3	12,000000E+0
208	200,000000E+0	2,690000E+0	6,870000E+0	58,260000E+3	12,000000E+0
209	200,000000E+0	2,690000E+0	6,641000E+0	58,307000E+3	12,000000E+0
210	200,000000E+0	2,690000E+0	6,641000E+0	58,344000E+3	12,000000E+0
211	200,000000E+0	2,690000E+0	6,641000E+0	58,381000E+3	12,000000E+0
212	200,000000E+0	2,690000E+0	6,641000E+0	58,420000E+3	12,000000E+0
213	200,000000E+0	2,690000E+0	6,870000E+0	58,457000E+3	12,000000E+0
214	200,000000E+0	2,690000E+0	6,641000E+0	58,495000E+3	12,000000E+0
215	200,000000E+0	2,690000E+0	6,870000E+0	58,534000E+3	12,000000E+0
216	200,000000E+0	2,690000E+0	6,641000E+0	58,570000E+3	12,000000E+0
217	200,000000E+0	2,690000E+0	6,870000E+0	58,609000E+3	12,000000E+0
218	200,000000E+0	2,690000E+0	6,870000E+0	58,647000E+3	12,000000E+0
219	200,000000E+0	2,690000E+0	6,641000E+0	58,685000E+3	12,000000E+0
220	200,000000E+0	2,690000E+0	6,870000E+0	58,723000E+3	12,000000E+0
221	200,000000E+0	2,690000E+0	6,870000E+0	58,761000E+3	12,000000E+0
222	200,000000E+0	2,690000E+0	6,870000E+0	58,799000E+3	12,000000E+0
223	200,000000E+0	2,690000E+0	6,641000E+0	58,836000E+3	12,000000E+0
224	200,000000E+0	2,690000E+0	6,870000E+0	58,875000E+3	12,000000E+0
225	200,000000E+0	2,690000E+0	6,870000E+0	58,912000E+3	12,000000E+0
226	200,000000E+0	2,690000E+0	6,870000E+0	58,949000E+3	12,000000E+0
227	200,000000E+0	2,690000E+0	6,870000E+0	58,988000E+3	12,000000E+0
228	200,000000E+0	2,690000E+0	6,870000E+0	59,027000E+3	12,000000E+0
229	200,000000E+0	2,690000E+0	6,870000E+0	59,065000E+3	12,000000E+0
230	200,000000E+0	2,690000E+0	6,870000E+0	59,102000E+3	12,000000E+0
231	200,000000E+0	2,690000E+0	6,870000E+0	59,139000E+3	12,000000E+0
232	200,000000E+0	2,690000E+0	6,870000E+0	59,178000E+3	12,000000E+0
233	200,000000E+0	2,690000E+0	6,870000E+0	59,217000E+3	12,000000E+0
234	200,000000E+0	2,690000E+0	7,099000E+0	59,254000E+3	12,000000E+0
235	200,000000E+0	2,690000E+0	6,870000E+0	59,292000E+3	12,000000E+0
236	200,000000E+0	2,690000E+0	7,099000E+0	59,331000E+3	12,000000E+0
237	200,000000E+0	2,690000E+0	6,870000E+0	59,367000E+3	12,000000E+0
238	200,000000E+0	2,690000E+0	6,870000E+0	59,406000E+3	12,000000E+0
239	200,000000E+0	2,690000E+0	7,099000E+0	59,445000E+3	12,000000E+0
240	200,000000E+0	2,690000E+0	6,870000E+0	59,482000E+3	12,000000E+0
241	200,000000E+0	2,690000E+0	6,870000E+0	59,519000E+3	12,000000E+0
242	200,000000E+0	2,690000E+0	6,870000E+0	59,558000E+3	12,000000E+0
243	200,000000E+0	2,690000E+0	6,870000E+0	59,597000E+3	12,000000E+0
244	200,000000E+0	2,690000E+0	6,870000E+0	59,634000E+3	12,000000E+0
245	200,000000E+0	2,690000E+0	6,870000E+0	59,672000E+3	12,000000E+0
246	200,000000E+0	2,690000E+0	6,870000E+0	59,710000E+3	12,000000E+0
247	200,000000E+0	2,690000E+0	6,870000E+0	59,747000E+3	12,000000E+0
248	200,000000E+0	2,690000E+0	7,099000E+0	59,785000E+3	12,000000E+0
249	200,000000E+0	2,690000E+0	6,870000E+0	59,822000E+3	12,000000E+0
250	200,000000E+0	2,690000E+0	6,870000E+0	59,862000E+3	12,000000E+0
251	200,000000E+0	2,690000E+0	6,870000E+0	59,898000E+3	12,000000E+0
252	200,000000E+0	2,690000E+0	6,870000E+0	59,938000E+3	12,000000E+0
253	200,000000E+0	2,690000E+0	6,870000E+0	59,975000E+3	12,000000E+0
254	200,000000E+0	2,690000E+0	6,641000E+0	60,014000E+3	12,000000E+0
255	200,000000E+0	2,690000E+0	6,870000E+0	60,052000E+3	12,000000E+0
256	200,000000E+0	2,690000E+0	6,641000E+0	60,089000E+3	12,000000E+0
257	200,000000E+0	2,690000E+0	6,641000E+0	60,129000E+3	12,000000E+0
258	200,000000E+0	2,690000E+0	6,870000E+0	60,166000E+3	12,000000E+0
259	200,000000E+0	2,690000E+0	6,641000E+0	60,203000E+3	12,000000E+0
260	200,000000E+0	2,690000E+0	6,870000E+0	60,241000E+3	12,000000E+0
261	200,000000E+0	2,690000E+0	6,641000E+0	60,278000E+3	12,000000E+0
262	200,000000E+0	2,690000E+0	6,870000E+0	60,316000E+3	12,000000E+0
263	200,000000E+0	2,690000E+0	6,641000E+0	60,354000E+3	12,000000E+0
264	200,000000E+0	2,690000E+0	6,641000E+0	60,392000E+3	12,000000E+0
265	200,000000E+0	2,690000E+0	6,641000E+0	60,430000E+3	12,000000E+0
266	200,000000E+0	2,690000E+0	6,641000E+0	60,469000E+3	12,000000E+0
267	200,000000E+0	2,690000E+0	6,870000E+0	60,507000E+3	12,000000E+0
268	200,000000E+0	2,690000E+0	6,641000E+0	60,544000E+3	12,000000E+0
269	200,000000E+0	2,690000E+0	6,870000E+0	60,584000E+3	12,000000E+0
270	200,000000E+0	2,690000E+0	6,641000E+0	60,621000E+3	12,000000E+0
271	200,000000E+0	2,690000E+0	6,870000E+0	60,659000E+3	12,000000E+0
272	200,000000E+0	2,690000E+0	6,870000E+0	60,696000E+3	12,000000E+0
273	200,000000E+0	2,690000E+0	6,870000E+0	60,735000E+3	12,000000E+0
274	200,000000E+0	2,690000E+0	6,870000E+0	60,772000E+3	12,000000E+0
275	200,000000E+0	2,690000E+0	6,641000E+0	60,810000E+3	12,000000E+0
276	200,000000E+0	2,690000E+0	6,870000E+0	60,849000E+3	12,000000E+0
277	200,000000E+0	2,690000E+0	6,641000E+0	60,885000E+3	12,000000E+0
278	200,000000E+0	2,690000E+0	6,870000E+0	60,926000E+3	12,000000E+0
279	200,000000E+0	2,690000E+0	6,641000E+0	60,962000E+3	12,000000E+0
280	200,000000E+0	2,690000E+0	6,870000E+0	61,001000E+3	12,000000E+0
281	200,000000E+0	2,690000E+0	6,870000E+0	61,038000E+3	12,000000E+0
282	200,000000E+0	2,690000E+0	6,641000E+0	61,076000E+3	12,000000E+0
283	200,000000E+0	2,690000E+0	6,870000E+0	61,124000E+3	12,000000E+0
284	200,000000E+0	2,690000E+0	6,641000E+0	61,161000E+3	12,000000E+0
285	200,000000E+0	2,690000E+0	6,870000E+0	61,199000E+3	12,000000E+0
286	200,000000E+0	2,690000E+0	6,870000E+0	61,236000E+3	12,000000E+0
287	200,000000E+0	2,690000E+0	6,870000E+0	61,274000E+3	12,000000E+0
288	200,000000E+0	2,690000E+0	6,870000E+0	61,313000E+3	12,000000E+0
289	200,000000E+0	2,690000E+0	6,870000E+0	61,351000E+3	12,000000E+0
290	200,000000E+0	2,690000E+0	6,870000E+0	61,389000E+3	12,000000E+0
291	200,000000E+0	2,690000E+0	6,870000E+0	61,427000E+3	12,000000E+0
292	200,000000E+0	2,690000E+0	6,870000E+0	61,464000E+3	12,000000E+0
293	200,000000E+0	2,690000E+0	6,870000E+0	61,501000E+3	12,000000E+0
294	200,000000E+0	2,690000E+0	6,870000E+0	61,538000E+3	12,000000E+0
295	200,000000E+0	2,690000E+0	6,870000E+0	61,576000E+3	12,000000E+0
296	200,000000E+0	2,690000E+0	6,870000E+0	61,615000E+3	12,000000E+0
297	200,000000E+0	2,690000E+0	6,870000E+0	61,653000E+3	12,000000E+0
298	200,000000E+0	2,690000E+0	6,870000E+0	61,690000E+3	12,000000E+0
299	200,000000E+0	2,690000E+0	6,870000E+0	61,728000E+3	12,000000E+0
300	200,000000E+0	2,690000E+0	6,870000E+0	61,765000E+3	12,000000E+0
301	200,000000E+0	2,690000E+0	6,870000E+0	61,803000E+3	12,000000E+0
302	200,000000E+0	2,690000E+0	6,870000E+0	61,841000E+3	12,000000E+0
303	200,000000E+0	2,690000E+0	6,870000E+0	61,877000E+3	12,000000E+0
304	200,000000E+0	2,690000E+0	6,870000E+0	61,916000E+3	12,000000E+0
305	200,000000E+0	2,690000E+0	6,641000E+0	61,954000E+3	12,000000E+0
306	200,000000E+0	2,690000E+0	6,870000E+0	61,992000E+3	12,000000E+0
307	200,000000E+0	5,380000E+0	6,641000E+0	62,034000E+3	12,000000E+0
308	200,000000E+0	5,380000E+0	6,870000E+0	62,078000E+3	12,000000E+0
309	200,000000E+0	5,380000E+0	6,641000E+0	62,124000E+3	12,000000E+0
310	200,000000E+0	5,380000E+0	6,870000E+0	62,171000E+3	12,000000E+0
311	200,000000E+0	5,380000E+0	6,641000E+0	62,208000E+3	12,000000E+0
312	200,000000E+0	5,380000E+0	6,641000E+0	62,247000E+3	12,000000E+0
313	200,000000E+0	5,380000E+0	6,641000E+0	62,284000E+3	12,000000E+0
314	200,000000E+0	2,690000E+0	6,641000E+0	62,322000E+3	12,000000E+0
315	200,000000E+0	2,690000E+0	6,641000E+0	62,361000E+3	12,000000E+0
316	200,000000E+0	2,690000E+0	6,870000E+0	62,399000E+3	12,000000E+0
317	200,000000E+0	2,690000E+0	6,641000E+0	62,436000E+3	12,000000E+0
318	200,000000E+0	2,690000E+0	6,641000E+0	62,473000E+3	12,000000E+0
319	200,000000E+0	2,690000E+0	6,641000E+0	62,512000E+3	12,000000E+0
320	200,000000E+0	2,690000E+0	6,641000E+0	62,550000E+3	12,000000E+0
321	200,000000E+0	2,690000E+0	6,641000E+0	62,588000E+3	12,000000E+0
322	200,000000E+0	2,690000E+0	6,641000E+0	62,626000E+3	12,000000E+0
323	200,000000E+0	2,690000E+0	6,870000E+0	62,663000E+3	12,000000E+0
324	200,000000E+0	2,690000E+0	6,870000E+0	62,702000E+3	12,000000E+0
325	200,000000E+0	2,690000E+0	6,870000E+0	62,739000E+3	12,000000E+0
326	200,000000E+0	2,690000E+0	6,641000E+0	62,777000E+3	12,000000E+0
327	200,000000E+0	2,690000E+0	6,870000E+0	62,815000E+3	12,000000E+0
328	200,000000E+0	2,690000E+0	6,641000E+0	62,853000E+3	12,000000E+0
329	200,000000E+0	2,690000E+0	6,870000E+0	62,891000E+3	12,000000E+0
330	200,000000E+0	2,690000E+0	6,870000E+0	62,929000E+3	12,000000E+0
331	200,000000E+0	2,690000E+0	6,870000E+0	62,972000E+3	12,000000E+0
332	200,000000E+0	2,690000E+0	6,870000E+0	63,013000E+3	12,000000E+0
333	200,000000E+0	2,690000E+0	6,870000E+0	63,052000E+3	12,000000E+0
334	200,000000E+0	2,690000E+0	6,870000E+0	63,090000E+3	12,000000E+0
335	200,000000E+0	2,690000E+0	6,870000E+0	63,128000E+3	12,000000E+0
336	200,000000E+0	2,690000E+0	7,099000E+0	63,167000E+3	12,000000E+0
337	200,000000E+0	2,690000E+0	6,870000E+0	63,204000E+3	12,000000E+0
338	200,000000E+0	2,690000E+0	6,870000E+0	63,242000E+3	12,000000E+0
339	200,000000E+0	2,690000E+0	6,870000E+0	63,280000E+3	12,000000E+0
340	200,000000E+0	2,690000E+0	6,870000E+0	63,319000E+3	12,000000E+0
341	200,000000E+0	2,690000E+0	6,870000E+0	63,356000E+3	12,000000E+0
342	200,000000E+0	2,690000E+0	6,870000E+0	63,394000E+3	12,000000E+0
343	200,000000E+0	2,690000E+0	7,099000E+0	63,433000E+3	12,000000E+0
344	200,000000E+0	2,690000E+0	6,870000E+0	63,470000E+3	12,000000E+0
345	200,000000E+0	2,690000E+0	7,099000E+0	63,509000E+3	12,000000E+0
346	200,000000E+0	2,690000E+0	6,870000E+0	63,547000E+3	12,000000E+0
347	200,000000E+0	2,690000E+0	6,870000E+0	63,584000E+3	12,000000E+0
348	200,000000E+0	2,690000E+0	6,870000E+0	63,621000E+3	12,000000E+0
349	200,000000E+0	2,690000E+0	6,870000E+0	63,660000E+3	12,000000E+0
350	200,000000E+0	2,690000E+0	6,870000E+0	63,699000E+3	12,000000E+0
351	200,000000E+0	2,690000E+0	6,870000E+0	63,736000E+3	12,000000E+0
352	200,000000E+0	2,690000E+0	6,870000E+0	63,775000E+3	12,000000E+0
353	200,000000E+0	2,690000E+0	6,870000E+0	63,812000E+3	12,000000E+0
354	200,000000E+0	2,690000E+0	6,870000E+0	63,849000E+3	12,000000E+0
355	200,000000E+0	2,690000E+0	6,870000E+0	63,887000E+3	12,000000E+0
356	200,000000E+0	2,690000E+0	6,870000E+0	63,924000E+3	12,000000E+0
357	200,000000E+0	2,690000E+0	7,099000E+0	63,963000E+3	12,000000E+0
358	200,000000E+0	2,690000E+0	6,870000E+0	64,000000E+3	12,000000E+0
359	200,000000E+0	2,690000E+0	6,870000E+0	64,040000E+3	12,000000E+0
360	200,000000E+0	2,690000E+0	6,870000E+0	64,078000E+3	12,000000E+0
361	200,000000E+0	2,690000E+0	6,870000E+0	64,117000E+3	12,000000E+0
362	200,000000E+0	2,690000E+0	6,870000E+0	64,155000E+3	12,000000E+0
363	200,000000E+0	2,690000E+0	6,641000E+0	64,191000E+3	12,000000E+0
364	200,000000E+0	2,690000E+0	6,870000E+0	64,232000E+3	12,000000E+0
365	200,000000E+0	2,690000E+0	6,641000E+0	64,268000E+3	12,000000E+0
366	200,000000E+0	2,690000E+0	6,870000E+0	64,307000E+3	12,000000E+0
367	200,000000E+0	2,690000E+0	6,641000E+0	64,343000E+3	12,000000E+0
368	200,000000E+0	2,690000E+0	6,641000E+0	64,381000E+3	12,000000E+0
369	200,000000E+0	2,690000E+0	6,870000E+0	64,420000E+3	12,000000E+0
370	200,000000E+0	2,690000E+0	6,641000E+0	64,457000E+3	12,000000E+0
371	200,000000E+0	2,690000E+0	6,870000E+0	64,495000E+3	12,000000E+0
372	200,000000E+0	2,690000E+0	6,641000E+0	64,534000E+3	12,000000E+0
373	200,000000E+0	2,690000E+0	6,641000E+0	64,572000E+3	12,000000E+0
374	200,000000E+0	2,690000E+0	6,870000E+0	64,610000E+3	12,000000E+0
375	200,000000E+0	2,690000E+0	6,641000E+0	64,647000E+3	12,000000E+0
376	200,000000E+0	2,690000E+0	6,870000E+0	64,686000E+3	12,000000E+0
377	200,000000E+0	2,690000E+0	6,641000E+0	64,724000E+3	12,000000E+0
378	200,000000E+0	2,690000E+0	6,641000E+0	64,762000E+3	12,000000E+0
379	200,000000E+0	2,690000E+0	6,641000E+0	64,801000E+3	12,000000E+0
380	200,000000E+0	2,690000E+0	6,641000E+0	64,838000E+3	12,000000E+0
381	200,000000E+0	2,690000E+0	6,870000E+0	64,876000E+3	12,000000E+0
382	200,000000E+0	2,690000E+0	6,641000E+0	64,913000E+3	12,000000E+0
383	200,000000E+0	2,690000E+0	6,870000E+0	64,952000E+3	12,000000E+0
384	200,000000E+0	2,690000E+0	6,641000E+0	64,989000E+3	12,000000E+0
385	200,000000E+0	2,690000E+0	6,870000E+0	65,029000E+3	12,000000E+0
386	200,000000E+0	2,690000E+0	6,641000E+0	65,065000E+3	12,000000E+0
387	200,000000E+0	2,690000E+0	6,870000E+0	65,104000E+3	12,000000E+0
388	200,000000E+0	2,690000E+0	6,870000E+0	65,142000E+3	12,000000E+0
389	200,000000E+0	2,690000E+0	6,870000E+0	65,180000E+3	12,000000E+0
390	200,000000E+0	2,690000E+0	6,870000E+0	65,218000E+3	12,000000E+0
391	200,000000E+0	2,690000E+0	6,641000E+0	65,255000E+3	12,000000E+0
392	200,000000E+0	2,690000E+0	7,099000E+0	65,294000E+3	12,000000E+0
393	200,000000E+0	2,690000E+0	6,641000E+0	65,330000E+3	12,000000E+0
394	200,000000E+0	2,690000E+0	6,870000E+0	65,370000E+3	12,000000E+0
395	-14,336000E+3	688,640000E+0	1,758720E+3	16,744192E+6	3,072000E+3
396	200,000000E+0	2,690000E+0	6,870000E+0	65,445000E+3	12,000000E+0
397	200,000000E+0	2,690000E+0	6,870000E+0	65,485000E+3	12,000000E+0
398	200,000000E+0	2,690000E+0	6,870000E+0	65,531000E+3	12,000000E+0
399	200,000000E+0	2,690000E+0	6,870000E+0	65,577000E+3	12,000000E+0
400	200,000000E+0	2,690000E+0	6,870000E+0	65,624000E+3	12,000000E+0
401	200,000000E+0	2,690000E+0	6,870000E+0	65,662000E+3	12,000000E+0
402	200,000000E+0	2,690000E+0	6,870000E+0	65,700000E+3	12,000000E+0
403	200,000000E+0	2,690000E+0	6,870000E+0	65,739000E+3	12,000000E+0
404	200,000000E+0	2,690000E+0	6,870000E+0	65,775000E+3	12,000000E+0
405	200,000000E+0	2,690000E+0	6,870000E+0	65,813000E+3	12,000000E+0
406	200,000000E+0	5,380000E+0	6,870000E+0	65,851000E+3	12,000000E+0
407	200,000000E+0	2,690000E+0	6,870000E+0	65,888000E+3	12,000000E+0
408	200,000000E+0	2,690000E+0	6,870000E+0	65,926000E+3	12,000000E+0
409	200,000000E+0	2,690000E+0	6,870000E+0	65,963000E+3	12,000000E+0
410	200,000000E+0	2,690000E+0	6,870000E+0	66,002000E+3	12,000000E+0
411	200,000000E+0	2,690000E+0	6,641000E+0	66,038000E+3	12,000000E+0
412	200,000000E+0	2,690000E+0	6,870000E+0	66,077000E+3	12,000000E+0
413	200,000000E+0	2,690000E+0	6,870000E+0	66,114000E+3	12,000000E+0
414	200,000000E+0	2,690000E+0	6,870000E+0	66,153000E+3	12,000000E+0
415	200,000000E+0	2,690000E+0	6,870000E+0	66,191000E+3	12,000000E+0
416	200,000000E+0	2,690000E+0	6,870000E+0	66,228000E+3	12,000000E+0
417	200,000000E+0	2,690000E+0	6,870000E+0	66,266000E+3	12,000000E+0
418	200,000000E+0	2,690000E+0	6,641000E+0	66,303000E+3	12,000000E+0
419	200,000000E+0	2,690000E+0	6,641000E+0	66,342000E+3	12,000000E+0
420	200,000000E+0	2,690000E+0	6,870000E+0	66,379000E+3	12,000000E+0
421	200,000000E+0	2,690000E+0	6,641000E+0	66,417000E+3	12,000000E+0
422	200,000000E+0	2,690000E+0	6,870000E+0	66,456000E+3	12,000000E+0
423	200,000000E+0	5,380000E+0	6,641000E+0	66,493000E+3	12,000000E+0
424	200,000000E+0	5,380000E+0	6,641000E+0	66,531000E+3	12,000000E+0
425	200,000000E+0	5,380000E+0	6,870000E+0	66,569000E+3	12,000000E+0
426	200,000000E+0	5,380000E+0	6,870000E+0	66,607000E+3	12,000000E+0
427	200,000000E+0	5,380000E+0	6,870000E+0	66,644000E+3	12,000000E+0
428	200,000000E+0	5,380000E+0	6,870000E+0	66,683000E+3	12,000000E+0
429	200,000000E+0	5,380000E+0	6,870000E+0	66,721000E+3	12,000000E+0
430	200,000000E+0	5,380000E+0	6,870000E+0	66,758000E+3	12,000000E+0
431	200,000000E+0	5,380000E+0	6,870000E+0	66,797000E+3	12,000000E+0
432	200,000000E+0	5,380000E+0	6,870000E+0	66,835000E+3	12,000000E+0
433	200,000000E+0	5,380000E+0	6,641000E+0	66,872000E+3	12,000000E+0
434	200,000000E+0	5,380000E+0	6,870000E+0	66,910000E+3	12,000000E+0
435	200,000000E+0	5,380000E+0	6,641000E+0	66,949000E+3	12,000000E+0
436	200,000000E+0	2,690000E+0	6,870000E+0	66,987000E+3	12,000000E+0
437	200,000000E+0	2,690000E+0	6,870000E+0	67,024000E+3	12,000000E+0
438	200,000000E+0	2,690000E+0	6,870000E+0	67,062000E+3	12,000000E+0
439	200,000000E+0	2,690000E+0	6,870000E+0	67,100000E+3	12,000000E+0
440	200,000000E+0	2,690000E+0	6,870000E+0	67,137000E+3	12,000000E+0
441	200,000000E+0	2,690000E+0	6,870000E+0	67,184000E+3	12,000000E+0
442	200,000000E+0	2,690000E+0	6,870000E+0	67,224000E+3	12,000000E+0
443	85,000000E+0	538,000000E+0	465,240293E+3	113,115136E+6	100,000000E-3
444	200,000000E+0	2,690000E+0	6,870000E+0	67,299000E+3	12,000000E+0
445	200,000000E+0	2,690000E+0	7,099000E+0	67,337000E+3	12,000000E+0
446	200,000000E+0	2,690000E+0	6,870000E+0	67,375000E+3	12,000000E+0
447	200,000000E+0	2,690000E+0	6,870000E+0	67,414000E+3	12,000000E+0
448	200,000000E+0	2,690000E+0	6,870000E+0	67,451000E+3	12,000000E+0
449	200,000000E+0	2,690000E+0	6,870000E+0	67,489000E+3	12,000000E+0
450	200,000000E+0	2,690000E+0	7,099000E+0	67,528000E+3	12,000000E+0
451	21,760000E+3	-38,563840E+3	115,259533E+6	-318,767104E+6	26,300000E+0
452	200,000000E+0	2,690000E+0	7,099000E+0	67,604000E+3	12,000000E+0
453	200,000000E+0	2,690000E+0	6,870000E+0	67,642000E+3	12,000000E+0
454	200,000000E+0	2,690000E+0	6,870000E+0	67,679000E+3	12,000000E+0
455	200,000000E+0	2,690000E+0	7,099000E+0	67,717000E+3	12,000000E+0
456	200,000000E+0	2,690000E+0	6,870000E+0	67,755000E+3	12,000000E+0
457	200,000000E+0	2,690000E+0	7,099000E+0	67,795000E+3	12,000000E+0
458	200,000000E+0	2,690000E+0	6,870000E+0	67,832000E+3	12,000000E+0
459	200,000000E+0	2,690000E+0	6,870000E+0	67,871000E+3	12,000000E+0
460	200,000000E+0	2,690000E+0	6,870000E+0	67,908000E+3	12,000000E+0
461	200,000000E+0	2,690000E+0	6,870000E+0	67,945000E+3	12,000000E+0
462	200,000000E+0	2,690000E+0	6,870000E+0	67,983000E+3	12,000000E+0
463	200,000000E+0	2,690000E+0	6,870000E+0	68,020000E+3	12,000000E+0
464	200,000000E+0	2,690000E+0	6,870000E+0	68,059000E+3	12,000000E+0
465	200,000000E+0	2,690000E+0	6,870000E+0	68,096000E+3	12,000000E+0
466	200,000000E+0	2,690000E+0	6,870000E+0	68,135000E+3	12,000000E+0
467	-14,336000E+3	688,640000E+0	1,758720E+3	17,452288E+6	3,072000E+3
468	-14,336000E+3	688,640000E+0	1,758720E+3	17,462016E+6	3,072000E+3
469	200,000000E+0	2,690000E+0	6,870000E+0	68,250000E+3	12,000000E+0
470	200,000000E+0	2,690000E+0	6,641000E+0	68,287000E+3	12,000000E+0
471	200,000000E+0	2,690000E+0	6,870000E+0	68,327000E+3	12,000000E+0
472	200,000000E+0	2,690000E+0	6,641000E+0	68,364000E+3	12,000000E+0
473	-14,336000E+3	688,640000E+0	1,758720E+3	17,510912E+6	3,072000E+3
474	200,000000E+0	2,690000E+0	6,641000E+0	68,439000E+3	12,000000E+0
475	200,000000E+0	2,690000E+0	6,641000E+0	68,477000E+3	12,000000E+0
476	200,000000E+0	2,690000E+0	6,870000E+0	68,515000E+3	12,000000E+0
477	200,000000E+0	2,690000E+0	6,641000E+0	68,552000E+3	12,000000E+0
478	-14,336000E+3	688,640000E+0	1,758720E+3	17,559808E+6	3,072000E+3
479	200,000000E+0	2,690000E+0	6,641000E+0	68,629000E+3	12,000000E+0
480	200,000000E+0	2,690000E+0	6,641000E+0	68,668000E+3	12,000000E+0
481	21,760000E+3	-38,563840E+3	115,259533E+6	1,644167E+9	26,800000E+0
482	-14,336000E+3	688,640000E+0	1,700096E+3	17,598208E+6	3,072000E+3
483	200,000000E+0	2,690000E+0	6,870000E+0	68,782000E+3	12,000000E+0
484	200,000000E+0	2,690000E+0	6,641000E+0	68,820000E+3	12,000000E+0
485	200,000000E+0	2,690000E+0	6,641000E+0	68,858000E+3	12,000000E+0
486	200,000000E+0	2,690000E+0	6,870000E+0	68,897000E+3	12,000000E+0
487	200,000000E+0	2,690000E+0	6,641000E+0	68,934000E+3	12,000000E+0
488	85,000000E+0	538,000000E+0	450,232549E+3	225,116160E+6	100,000000E-3
489	200,000000E+0	2,690000E+0	6,641000E+0	69,009000E+3	12,000000E+0
490	200,000000E+0	2,690000E+0	6,870000E+0	69,048000E+3	12,000000E+0
491	200,000000E+0	2,690000E+0	6,641000E+0	69,085000E+3	12,000000E+0
492	200,000000E+0	2,690000E+0	6,870000E+0	69,124000E+3	12,000000E+0
493	200,000000E+0	2,690000E+0	6,870000E+0	69,162000E+3	12,000000E+0
494	-14,336000E+3	688,640000E+0	1,758720E+3	17,715200E+6	3,072000E+3
495	200,000000E+0	2,690000E+0	6,870000E+0	69,237000E+3	12,000000E+0
496	200,000000E+0	2,690000E+0	6,870000E+0	69,276000E+3	12,000000E+0
497	200,000000E+0	2,690000E+0	6,870000E+0	69,323000E+3	12,000000E+0
498	200,000000E+0	2,690000E+0	6,870000E+0	69,371000E+3	12,000000E+0
499	200,000000E+0	2,690000E+0	6,870000E+0	69,408000E+3	12,000000E+0
500	200,000000E+0	2,690000E+0	6,870000E+0	69,455000E+3	12,000000E+0
501	200,000000E+0	2,690000E+0	7,099000E+0	69,494000E+3	12,000000E+0
502	200,000000E+0	2,690000E+0	6,641000E+0	69,532000E+3	12,000000E+0
503	200,000000E+0	2,690000E+0	7,099000E+0	69,570000E+3	12,000000E+0
504	200,000000E+0	2,690000E+0	6,641000E+0	69,607000E+3	12,000000E+0
505	200,000000E+0	2,690000E+0	6,870000E+0	69,645000E+3	12,000000E+0
506	200,000000E+0	2,690000E+0	6,870000E+0	69,682000E+3	12,000000E+0
507	200,000000E+0	2,690000E+0	6,870000E+0	69,719000E+3	12,000000E+0
508	200,000000E+0	2,690000E+0	7,099000E+0	69,757000E+3	12,000000E+0
509	200,000000E+0	2,690000E+0	6,870000E+0	69,795000E+3	12,000000E+0
510	200,000000E+0	2,690000E+0	6,870000E+0	69,835000E+3	12,000000E+0
511	200,000000E+0	2,690000E+0	6,870000E+0	69,872000E+3	12,000000E+0
512	200,000000E+0	2,690000E+0	6,870000E+0	69,910000E+3	12,000000E+0
513	200,000000E+0	2,690000E+0	6,870000E+0	69,948000E+3	12,000000E+0
514	200,000000E+0	2,690000E+0	6,870000E+0	69,984000E+3	12,000000E+0
515	200,000000E+0	2,690000E+0	6,870000E+0	70,023000E+3	12,000000E+0
516	200,000000E+0	2,690000E+0	6,870000E+0	70,059000E+3	12,000000E+0
517	200,000000E+0	2,690000E+0	6,870000E+0	70,097000E+3	12,000000E+0
518	200,000000E+0	5,380000E+0	6,641000E+0	70,135000E+3	12,000000E+0
519	200,000000E+0	5,380000E+0	6,870000E+0	70,173000E+3	12,000000E+0
520	200,000000E+0	5,380000E+0	6,870000E+0	70,210000E+3	12,000000E+0
521	200,000000E+0	5,380000E+0	6,641000E+0	70,249000E+3	12,000000E+0
522	200,000000E+0	2,690000E+0	6,870000E+0	70,287000E+3	12,000000E+0
523	200,000000E+0	2,690000E+0	6,641000E+0	70,325000E+3	12,000000E+0
524	200,000000E+0	2,690000E+0	6,870000E+0	70,362000E+3	12,000000E+0
525	200,000000E+0	2,690000E+0	6,641000E+0	70,400000E+3	12,000000E+0
526	200,000000E+0	2,690000E+0	6,870000E+0	70,438000E+3	12,000000E+0
527	200,000000E+0	2,690000E+0	6,870000E+0	70,475000E+3	12,000000E+0
528	200,000000E+0	5,380000E+0	6,641000E+0	70,513000E+3	12,000000E+0
529	200,000000E+0	2,690000E+0	6,870000E+0	70,551000E+3	12,000000E+0
530	200,000000E+0	2,690000E+0	6,641000E+0	70,589000E+3	12,000000E+0
531	200,000000E+0	2,690000E+0	6,641000E+0	70,627000E+3	12,000000E+0
532	200,000000E+0	2,690000E+0	6,641000E+0	70,664000E+3	12,000000E+0
533	200,000000E+0	2,690000E+0	6,641000E+0	70,703000E+3	12,000000E+0
534	200,000000E+0	2,690000E+0	6,870000E+0	70,740000E+3	12,000000E+0
535	200,000000E+0	2,690000E+0	6,641000E+0	70,779000E+3	12,000000E+0
536	200,000000E+0	2,690000E+0	6,870000E+0	70,817000E+3	12,000000E+0
537	200,000000E+0	2,690000E+0	6,870000E+0	70,854000E+3	12,000000E+0
538	200,000000E+0	2,690000E+0	6,870000E+0	70,893000E+3	12,000000E+0
539	200,000000E+0	2,690000E+0	6,870000E+0	70,931000E+3	12,000000E+0
540	200,000000E+0	2,690000E+0	6,870000E+0	70,969000E+3	12,000000E+0
541	200,000000E+0	2,690000E+0	6,870000E+0	71,006000E+3	12,000000E+0
542	200,000000E+0	2,690000E+0	6,870000E+0	71,045000E+3	12,000000E+0
543	200,000000E+0	2,690000E+0	6,870000E+0	71,083000E+3	12,000000E+0
544	200,000000E+0	2,690000E+0	6,870000E+0	71,121000E+3	12,000000E+0
545	200,000000E+0	2,690000E+0	6,870000E+0	71,159000E+3	12,000000E+0
546	200,000000E+0	2,690000E+0	6,870000E+0	71,197000E+3	12,000000E+0
547	200,000000E+0	2,690000E+0	6,870000E+0	71,234000E+3	12,000000E+0
548	200,000000E+0	2,690000E+0	6,870000E+0	71,272000E+3	12,000000E+0
549	200,000000E+0	2,690000E+0	6,870000E+0	71,310000E+3	12,000000E+0
550	200,000000E+0	2,690000E+0	6,870000E+0	71,349000E+3	12,000000E+0
551	200,000000E+0	2,690000E+0	6,870000E+0	71,386000E+3	12,000000E+0
552	200,000000E+0	2,690000E+0	6,870000E+0	71,423000E+3	12,000000E+0
553	200,000000E+0	2,690000E+0	6,870000E+0	71,462000E+3	12,000000E+0
554	200,000000E+0	2,690000E+0	6,870000E+0	71,500000E+3	12,000000E+0
555	200,000000E+0	2,690000E+0	7,099000E+0	71,538000E+3	12,000000E+0
556	200,000000E+0	2,690000E+0	6,870000E+0	71,576000E+3	12,000000E+0
557	200,000000E+0	2,690000E+0	7,099000E+0	71,615000E+3	12,000000E+0
558	200,000000E+0	2,690000E+0	6,870000E+0	71,652000E+3	12,000000E+0
559	200,000000E+0	2,690000E+0	7,099000E+0	71,691000E+3	12,000000E+0
560	200,000000E+0	2,690000E+0	6,870000E+0	71,728000E+3	12,000000E+0
561	200,000000E+0	2,690000E+0	6,870000E+0	71,767000E+3	12,000000E+0
562	200,000000E+0	2,690000E+0	7,099000E+0	71,804000E+3	12,000000E+0
563	200,000000E+0	2,690000E+0	6,870000E+0	71,843000E+3	12,000000E+0
564	200,000000E+0	2,690000E+0	6,870000E+0	71,881000E+3	12,000000E+0
565	200,000000E+0	2,690000E+0	6,870000E+0	71,919000E+3	12,000000E+0
566	200,000000E+0	2,690000E+0	6,870000E+0	71,958000E+3	12,000000E+0
567	200,000000E+0	2,690000E+0	6,870000E+0	71,995000E+3	12,000000E+0
568	200,000000E+0	2,690000E+0	6,870000E+0	72,032000E+3	12,000000E+0
569	200,000000E+0	2,690000E+0	6,870000E+0	72,070000E+3	12,000000E+0
570	200,000000E+0	2,690000E+0	6,870000E+0	72,108000E+3	12,000000E+0
571	200,000000E+0	2,690000E+0	6,870000E+0	72,146000E+3	12,000000E+0
572	200,000000E+0	2,690000E+0	6,870000E+0	72,183000E+3	12,000000E+0
573	200,000000E+0	2,690000E+0	6,870000E+0	72,221000E+3	12,000000E+0
574	200,000000E+0	2,690000E+0	6,870000E+0	72,261000E+3	12,000000E+0
575	200,000000E+0	2,690000E+0	6,870000E+0	72,299000E+3	12,000000E+0
576	200,000000E+0	2,690000E+0	6,870000E+0	72,337000E+3	12,000000E+0
577	200,000000E+0	2,690000E+0	6,641000E+0	72,374000E+3	12,000000E+0
578	200,000000E+0	2,690000E+0	6,641000E+0	72,412000E+3	12,000000E+0
579	200,000000E+0	2,690000E+0	6,870000E+0	72,451000E+3	12,000000E+0
580	200,000000E+0	2,690000E+0	6,870000E+0	72,489000E+3	12,000000E+0
581	200,000000E+0	2,690000E+0	6,870000E+0	72,527000E+3	12,000000E+0
582	200,000000E+0	2,690000E+0	6,641000E+0	72,564000E+3	12,000000E+0
583	200,000000E+0	2,690000E+0	6,870000E+0	72,602000E+3	12,000000E+0
584	200,000000E+0	2,690000E+0	6,641000E+0	72,639000E+3	12,000000E+0
585	200,000000E+0	2,690000E+0	6,870000E+0	72,680000E+3	12,000000E+0
586	200,000000E+0	2,690000E+0	6,641000E+0	72,717000E+3	12,000000E+0
587	200,000000E+0	2,690000E+0	6,641000E+0	72,755000E+3	12,000000E+0
588	200,000000E+0	2,690000E+0	6,870000E+0	72,793000E+3	12,000000E+0
589	200,000000E+0	2,690000E+0	6,641000E+0	72,830000E+3	12,000000E+0
590	200,000000E+0	2,690000E+0	6,870000E+0	72,870000E+3	12,000000E+0
591	200,000000E+0	2,690000E+0	6,641000E+0	72,907000E+3	12,000000E+0
592	200,000000E+0	2,690000E+0	6,641000E+0	72,944000E+3	12,000000E+0
593	200,000000E+0	2,690000E+0	6,641000E+0	72,982000E+3	12,000000E+0
594	200,000000E+0	2,690000E+0	6,641000E+0	73,021000E+3	12,000000E+0
595	200,000000E+0	2,690000E+0	6,870000E+0	73,059000E+3	12,000000E+0
596	200,000000E+0	2,690000E+0	6,641000E+0	73,096000E+3	12,000000E+0
597	200,000000E+0	2,690000E+0	6,870000E+0	73,135000E+3	12,000000E+0
598	200,000000E+0	2,690000E+0	6,641000E+0	73,172000E+3	12,000000E+0
599	200,000000E+0	2,690000E+0	6,641000E+0	73,211000E+3	12,000000E+0
600	200,000000E+0	2,690000E+0	6,870000E+0	73,250000E+3	12,000000E+0
601	200,000000E+0	2,690000E+0	6,641000E+0	73,287000E+3	12,000000E+0
602	200,000000E+0	2,690000E+0	6,870000E+0	73,325000E+3	12,000000E+0
603	200,000000E+0	2,690000E+0	6,870000E+0	73,363000E+3	12,000000E+0
604	200,000000E+0	2,690000E+0	6,870000E+0	73,401000E+3	12,000000E+0
605	200,000000E+0	2,690000E+0	6,870000E+0	73,438000E+3	12,000000E+0
606	200,000000E+0	2,690000E+0	6,870000E+0	73,477000E+3	12,000000E+0
607	200,000000E+0	2,690000E+0	6,870000E+0	73,514000E+3	12,000000E+0
608	200,000000E+0	2,690000E+0	6,870000E+0	73,552000E+3	12,000000E+0
609	200,000000E+0	2,690000E+0	7,099000E+0	73,590000E+3	12,000000E+0
610	200,000000E+0	2,690000E+0	6,870000E+0	73,628000E+3	12,000000E+0
611	200,000000E+0	2,690000E+0	6,870000E+0	73,667000E+3	12,000000E+0
612	200,000000E+0	2,690000E+0	6,641000E+0	73,704000E+3	12,000000E+0
613	200,000000E+0	2,690000E+0	6,870000E+0	73,742000E+3	12,000000E+0
614	200,000000E+0	2,690000E+0	6,870000E+0	73,779000E+3	12,000000E+0
615	200,000000E+0	2,690000E+0	6,870000E+0	73,816000E+3	12,000000E+0
616	200,000000E+0	2,690000E+0	6,870000E+0	73,854000E+3	12,000000E+0
617	200,000000E+0	2,690000E+0	6,870000E+0	73,892000E+3	12,000000E+0
618	200,000000E+0	2,690000E+0	7,099000E+0	73,931000E+3	12,000000E+0
619	200,000000E+0	2,690000E+0	6,870000E+0	73,968000E+3	12,000000E+0
620	200,000000E+0	2,690000E+0	6,870000E+0	74,006000E+3	12,000000E+0
621	200,000000E+0	2,690000E+0	6,870000E+0	74,044000E+3	12,000000E+0
622	200,000000E+0	2,690000E+0	6,870000E+0	74,081000E+3	12,000000E+0
623	200,000000E+0	2,690000E+0	6,870000E+0	74,119000E+3	12,000000E+0
624	200,000000E+0	2,690000E+0	6,870000E+0	74,156000E+3	12,000000E+0
625	200,000000E+0	2,690000E+0	6,870000E+0	74,194000E+3	12,000000E+0
626	200,000000E+0	2,690000E+0	6,641000E+0	74,233000E+3	12,000000E+0
627	200,000000E+0	2,690000E+0	6,870000E+0	74,270000E+3	12,000000E+0
628	200,000000E+0	2,690000E+0	6,870000E+0	74,308000E+3	12,000000E+0
629	200,000000E+0	2,690000E+0	6,641000E+0	74,347000E+3	12,000000E+0
630	200,000000E+0	2,690000E+0	6,870000E+0	74,384000E+3	12,000000E+0
631	200,000000E+0	2,690000E+0	6,641000E+0	74,421000E+3	12,000000E+0
632	200,000000E+0	2,690000E+0	6,641000E+0	74,459000E+3	12,000000E+0
633	200,000000E+0	2,690000E+0	6,641000E+0	74,497000E+3	12,000000E+0
634	200,000000E+0	2,690000E+0	6,641000E+0	74,535000E+3	12,000000E+0
635	200,000000E+0	2,690000E+0	6,641000E+0	74,572000E+3	12,000000E+0
636	200,000000E+0	2,690000E+0	6,641000E+0	74,609000E+3	12,000000E+0
637	200,000000E+0	2,690000E+0	6,641000E+0	74,648000E+3	12,000000E+0
638	200,000000E+0	2,690000E+0	6,641000E+0	74,686000E+3	12,000000E+0
639	200,000000E+0	2,690000E+0	6,641000E+0	74,724000E+3	12,000000E+0
640	200,000000E+0	2,690000E+0	6,641000E+0	74,762000E+3	12,000000E+0
641	200,000000E+0	2,690000E+0	6,641000E+0	74,800000E+3	12,000000E+0
642	200,000000E+0	2,690000E+0	6,870000E+0	74,838000E+3	12,000000E+0
643	200,000000E+0	2,690000E+0	6,641000E+0	74,877000E+3	12,000000E+0
644	200,000000E+0	2,690000E+0	6,870000E+0	74,914000E+3	12,000000E+0
645	200,000000E+0	2,690000E+0	6,641000E+0	74,951000E+3	12,000000E+0
646	200,000000E+0	2,690000E+0	6,870000E+0	74,991000E+3	12,000000E+0
647	200,000000E+0	2,690000E+0	6,870000E+0	75,028000E+3	12,000000E+0
648	200,000000E+0	2,690000E+0	6,870000E+0	75,065000E+3	12,000000E+0
649	200,000000E+0	2,690000E+0	6,870000E+0	75,103000E+3	12,000000E+0
650	200,000000E+0	2,690000E+0	6,641000E+0	75,142000E+3	12,000000E+0
651	200,000000E+0	2,690000E+0	6,870000E+0	75,180000E+3	12,000000E+0
652	200,000000E+0	2,690000E+0	6,870000E+0	75,218000E+3	12,000000E+0
653	200,000000E+0	2,690000E+0	6,870000E+0	75,256000E+3	12,000000E+0
654	200,000000E+0	2,690000E+0	6,870000E+0	75,294000E+3	12,000000E+0
655	200,000000E+0	2,690000E+0	6,870000E+0	75,331000E+3	12,000000E+0
656	200,000000E+0	2,690000E+0	6,870000E+0	75,370000E+3	12,000000E+0
657	200,000000E+0	2,690000E+0	6,870000E+0	75,408000E+3	12,000000E+0
658	200,000000E+0	2,690000E+0	6,870000E+0	75,446000E+3	12,000000E+0
659	200,000000E+0	2,690000E+0	6,870000E+0	75,483000E+3	12,000000E+0
660	200,000000E+0	2,690000E+0	6,870000E+0	75,521000E+3	12,000000E+0
661	200,000000E+0	2,690000E+0	6,870000E+0	75,560000E+3	12,000000E+0
662	200,000000E+0	2,690000E+0	6,870000E+0	75,598000E+3	12,000000E+0
663	200,000000E+0	2,690000E+0	6,870000E+0	75,635000E+3	12,000000E+0
664	200,000000E+0	2,690000E+0	6,870000E+0	75,674000E+3	12,000000E+0
665	200,000000E+0	2,690000E+0	7,099000E+0	75,712000E+3	12,000000E+0
666	200,000000E+0	2,690000E+0	6,870000E+0	75,749000E+3	12,000000E+0
667	200,000000E+0	2,690000E+0	7,099000E+0	75,788000E+3	12,000000E+0
668	200,000000E+0	2,690000E+0	7,099000E+0	75,826000E+3	12,000000E+0
669	200,000000E+0	2,690000E+0	6,870000E+0	75,864000E+3	12,000000E+0
670	200,000000E+0	2,690000E+0	7,099000E+0	75,902000E+3	12,000000E+0
671	200,000000E+0	2,690000E+0	6,870000E+0	75,940000E+3	12,000000E+0
672	200,000000E+0	2,690000E+0	7,099000E+0	75,979000E+3	12,000000E+0
673	200,000000E+0	2,690000E+0	6,870000E+0	76,016000E+3	12,000000E+0
674	200,000000E+0	2,690000E+0	6,870000E+0	76,055000E+3	12,000000E+0
675	200,000000E+0	2,690000E+0	6,870000E+0	76,093000E+3	12,000000E+0
676	200,000000E+0	2,690000E+0	6,870000E+0	76,130000E+3	12,000000E+0
677	200,000000E+0	2,690000E+0	7,099000E+0	76,167000E+3	12,000000E+0
678	200,000000E+0	2,690000E+0	6,870000E+0	76,205000E+3	12,000000E+0
679	200,000000E+0	2,690000E+0	6,870000E+0	76,244000E+3	12,000000E+0
680	200,000000E+0	2,690000E+0	6,870000E+0	76,281000E+3	12,000000E+0
681	200,000000E+0	2,690000E+0	6,870000E+0	76,319000E+3	12,000000E+0
682	200,000000E+0	2,690000E+0	6,870000E+0	76,358000E+3	12,000000E+0
683	200,000000E+0	2,690000E+0	6,870000E+0	76,397000E+3	12,000000E+0
684	200,000000E+0	2,690000E+0	6,870000E+0	76,435000E+3	12,000000E+0
685	200,000000E+0	2,690000E+0	6,870000E+0	76,472000E+3	12,000000E+0
686	200,000000E+0	2,690000E+0	6,641000E+0	76,510000E+3	12,000000E+0
687	200,000000E+0	2,690000E+0	6,870000E+0	76,548000E+3	12,000000E+0
688	200,000000E+0	2,690000E+0	6,641000E+0	76,586000E+3	12,000000E+0
689	200,000000E+0	2,690000E+0	6,870000E+0	76,624000E+3	12,000000E+0
690	200,000000E+0	2,690000E+0	6,641000E+0	76,660000E+3	12,000000E+0
691	200,000000E+0	2,690000E+0	6,870000E+0	76,699000E+3	12,000000E+0
692	200,000000E+0	2,690000E+0	6,641000E+0	76,743000E+3	12,000000E+0
693	200,000000E+0	2,690000E+0	6,870000E+0	76,787000E+3	12,000000E+0
694	200,000000E+0	2,690000E+0	6,641000E+0	76,833000E+3	12,000000E+0
695	200,000000E+0	2,690000E+0	6,870000E+0	76,882000E+3	12,000000E+0
696	200,000000E+0	2,690000E+0	6,641000E+0	76,918000E+3	12,000000E+0
697	200,000000E+0	2,690000E+0	6,870000E+0	76,958000E+3	12,000000E+0
698	200,000000E+0	2,690000E+0	6,641000E+0	76,995000E+3	12,000000E+0
699	200,000000E+0	2,690000E+0	6,870000E+0	77,033000E+3	12,000000E+0
700	200,000000E+0	2,690000E+0	6,870000E+0	77,070000E+3	12,000000E+0
701	200,000000E+0	2,690000E+0	6,641000E+0	77,109000E+3	12,000000E+0
702	200,000000E+0	2,690000E+0	6,870000E+0	77,147000E+3	12,000000E+0
703	200,000000E+0	2,690000E+0	6,641000E+0	77,184000E+3	12,000000E+0
704	200,000000E+0	2,690000E+0	6,870000E+0	77,224000E+3	12,000000E+0
705	200,000000E+0	2,690000E+0	6,641000E+0	77,260000E+3	12,000000E+0
706	200,000000E+0	2,690000E+0	6,641000E+0	77,299000E+3	12,000000E+0
707	200,000000E+0	2,690000E+0	6,870000E+0	77,337000E+3	12,000000E+0
708	200,000000E+0	2,690000E+0	6,641000E+0	77,375000E+3	12,000000E+0
709	200,000000E+0	2,690000E+0	6,870000E+0	77,413000E+3	12,000000E+0
710	200,000000E+0	2,690000E+0	6,870000E+0	77,451000E+3	12,000000E+0
711	200,000000E+0	2,690000E+0	6,870000E+0	77,489000E+3	12,000000E+0
712	200,000000E+0	2,690000E+0	6,870000E+0	77,527000E+3	12,000000E+0
713	200,000000E+0	2,690000E+0	6,870000E+0	77,564000E+3	12,000000E+0
714	200,000000E+0	2,690000E+0	6,870000E+0	77,602000E+3	12,000000E+0
715	200,000000E+0	2,690000E+0	6,870000E+0	77,641000E+3	12,000000E+0
716	200,000000E+0	2,690000E+0	6,870000E+0	77,679000E+3	12,000000E+0
717	200,000000E+0	2,690000E+0	6,870000E+0	77,717000E+3	12,000000E+0
718	200,000000E+0	2,690000E+0	6,870000E+0	77,755000E+3	12,000000E+0
719	200,000000E+0	2,690000E+0	6,870000E+0	77,793000E+3	12,000000E+0
720	200,000000E+0	2,690000E+0	6,870000E+0	77,831000E+3	12,000000E+0
721	200,000000E+0	2,690000E+0	6,870000E+0	77,867000E+3	12,000000E+0
722	200,000000E+0	2,690000E+0	6,870000E+0	77,904000E+3	12,000000E+0
723	200,000000E+0	2,690000E+0	6,870000E+0	77,942000E+3	12,000000E+0
724	200,000000E+0	2,690000E+0	6,870000E+0	77,980000E+3	12,000000E+0
725	200,000000E+0	2,690000E+0	6,870000E+0	78,020000E+3	12,000000E+0
726	200,000000E+0	2,690000E+0	6,870000E+0	78,056000E+3	12,000000E+0
727	200,000000E+0	2,690000E+0	6,870000E+0	78,095000E+3	12,000000E+0
728	200,000000E+0	2,690000E+0	6,870000E+0	78,133000E+3	12,000000E+0
729	200,000000E+0	2,690000E+0	6,641000E+0	78,170000E+3	12,000000E+0
730	200,000000E+0	2,690000E+0	6,870000E+0	78,208000E+3	12,000000E+0
731	200,000000E+0	2,690000E+0	6,641000E+0	78,244000E+3	12,000000E+0
732	200,000000E+0	2,690000E+0	6,870000E+0	78,282000E+3	12,000000E+0
733	200,000000E+0	2,690000E+0	6,641000E+0	78,321000E+3	12,000000E+0
734	200,000000E+0	2,690000E+0	6,641000E+0	78,359000E+3	12,000000E+0
735	200,000000E+0	2,690000E+0	6,870000E+0	78,396000E+3	12,000000E+0
736	200,000000E+0	2,690000E+0	6,870000E+0	78,435000E+3	12,000000E+0
737	200,000000E+0	2,690000E+0	6,870000E+0	78,473000E+3	12,000000E+0
738	200,000000E+0	2,690000E+0	6,870000E+0	78,511000E+3	12,000000E+0
739	200,000000E+0	2,690000E+0	6,870000E+0	78,558000E+3	12,000000E+0
740	200,000000E+0	2,690000E+0	6,641000E+0	78,595000E+3	12,000000E+0
741	200,000000E+0	2,690000E+0	6,641000E+0	78,633000E+3	12,000000E+0
742	200,000000E+0	2,690000E+0	6,641000E+0	78,671000E+3	12,000000E+0
743	200,000000E+0	2,690000E+0	6,641000E+0	78,708000E+3	12,000000E+0
744	200,000000E+0	2,690000E+0	6,641000E+0	78,746000E+3	12,000000E+0
745	200,000000E+0	2,690000E+0	6,641000E+0	78,784000E+3	12,000000E+0
746	200,000000E+0	2,690000E+0	6,641000E+0	78,822000E+3	12,000000E+0
747	200,000000E+0	2,690000E+0	6,870000E+0	78,860000E+3	12,000000E+0
748	200,000000E+0	2,690000E+0	6,641000E+0	78,898000E+3	12,000000E+0
749	200,000000E+0	2,690000E+0	6,870000E+0	78,936000E+3	12,000000E+0
750	200,000000E+0	2,690000E+0	6,870000E+0	78,974000E+3	12,000000E+0
751	200,000000E+0	2,690000E+0	6,870000E+0	79,012000E+3	12,000000E+0
752	200,000000E+0	2,690000E+0	6,641000E+0	79,049000E+3	12,000000E+0
753	200,000000E+0	2,690000E+0	6,870000E+0	79,089000E+3	12,000000E+0
754	200,000000E+0	2,690000E+0	6,641000E+0	79,126000E+3	12,000000E+0
755	200,000000E+0	2,690000E+0	6,870000E+0	79,164000E+3	12,000000E+0
756	200,000000E+0	2,690000E+0	6,870000E+0	79,202000E+3	12,000000E+0
757	200,000000E+0	2,690000E+0	6,870000E+0	79,240000E+3	12,000000E+0
758	200,000000E+0	2,690000E+0	6,870000E+0	79,278000E+3	12,000000E+0
759	200,000000E+0	2,690000E+0	6,870000E+0	79,316000E+3	12,000000E+0
760	200,000000E+0	2,690000E+0	6,870000E+0	79,354000E+3	12,000000E+0
761	200,000000E+0	2,690000E+0	6,870000E+0	79,392000E+3	12,000000E+0
762	200,000000E+0	2,690000E+0	6,870000E+0	79,429000E+3	12,000000E+0
763	200,000000E+0	2,690000E+0	6,870000E+0	79,468000E+3	12,000000E+0
764	200,000000E+0	2,690000E+0	6,870000E+0	79,506000E+3	12,000000E+0
765	200,000000E+0	2,690000E+0	6,870000E+0	79,545000E+3	12,000000E+0
766	200,000000E+0	2,690000E+0	6,870000E+0	79,582000E+3	12,000000E+0
767	200,000000E+0	2,690000E+0	6,870000E+0	79,619000E+3	12,000000E+0
768	200,000000E+0	2,690000E+0	6,870000E+0	79,659000E+3	12,000000E+0
769	200,000000E+0	2,690000E+0	6,870000E+0	79,697000E+3	12,000000E+0
770	200,000000E+0	2,690000E+0	6,870000E+0	79,734000E+3	12,000000E+0
771	200,000000E+0	2,690000E+0	6,870000E+0	79,773000E+3	12,000000E+0
772	200,000000E+0	2,690000E+0	6,870000E+0	79,811000E+3	12,000000E+0
773	200,000000E+0	2,690000E+0	6,870000E+0	79,848000E+3	12,000000E+0
774	200,000000E+0	2,690000E+0	6,870000E+0	79,886000E+3	12,000000E+0
775	200,000000E+0	2,690000E+0	7,099000E+0	79,925000E+3	12,000000E+0
776	200,000000E+0	2,690000E+0	7,099000E+0	79,962000E+3	12,000000E+0
777	200,000000E+0	2,690000E+0	7,099000E+0	80,000000E+3	12,000000E+0
778	200,000000E+0	2,690000E+0	6,870000E+0	80,038000E+3	12,000000E+0
779	200,000000E+0	2,690000E+0	7,099000E+0	80,078000E+3	12,000000E+0
780	200,000000E+0	2,690000E+0	6,870000E+0	80,115000E+3	12,000000E+0
781	200,000000E+0	2,690000E+0	7,099000E+0	80,154000E+3	12,000000E+0
782	200,000000E+0	2,690000E+0	6,870000E+0	80,191000E+3	12,000000E+0
783	200,000000E+0	2,690000E+0	6,870000E+0	80,228000E+3	12,000000E+0
784	200,000000E+0	2,690000E+0	7,099000E+0	80,266000E+3	12,000000E+0
785	200,000000E+0	2,690000E+0	6,870000E+0	80,304000E+3	12,000000E+0
786	200,000000E+0	2,690000E+0	7,099000E+0	80,343000E+3	12,000000E+0
787	200,000000E+0	2,690000E+0	6,870000E+0	80,379000E+3	12,000000E+0
788	200,000000E+0	2,690000E+0	6,870000E+0	80,419000E+3	12,000000E+0
789	200,000000E+0	2,690000E+0	6,870000E+0	80,457000E+3	12,000000E+0
790	200,000000E+0	2,690000E+0	6,870000E+0	80,496000E+3	12,000000E+0
791	200,000000E+0	2,690000E+0	6,870000E+0	80,534000E+3	12,000000E+0
792	200,000000E+0	2,690000E+0	6,870000E+0	80,571000E+3	12,000000E+0
793	200,000000E+0	2,690000E+0	6,870000E+0	80,610000E+3	12,000000E+0
794	200,000000E+0	2,690000E+0	6,870000E+0	80,648000E+3	12,000000E+0
795	200,000000E+0	2,690000E+0	6,641000E+0	80,685000E+3	12,000000E+0
796	200,000000E+0	2,690000E+0	6,870000E+0	80,723000E+3	12,000000E+0
797	200,000000E+0	2,690000E+0	6,641000E+0	80,760000E+3	12,000000E+0
798	200,000000E+0	2,690000E+0	6,870000E+0	80,798000E+3	12,000000E+0
799	200,000000E+0	2,690000E+0	6,641000E+0	80,836000E+3	12,000000E+0
800	200,000000E+0	2,690000E+0	6,641000E+0	80,874000E+3	12,000000E+0
801	200,000000E+0	2,690000E+0	6,641000E+0	80,913000E+3	12,000000E+0
802	200,000000E+0	2,690000E+0	6,870000E+0	80,951000E+3	12,000000E+0
803	200,000000E+0	2,690000E+0	6,870000E+0	80,989000E+3	12,000000E+0
804	200,000000E+0	2,690000E+0	6,641000E+0	81,026000E+3	12,000000E+0
805	200,000000E+0	2,690000E+0	6,870000E+0	81,065000E+3	12,000000E+0
806	200,000000E+0	2,690000E+0	6,641000E+0	81,103000E+3	12,000000E+0
807	200,000000E+0	2,690000E+0	6,870000E+0	81,142000E+3	12,000000E+0
808	200,000000E+0	2,690000E+0	6,641000E+0	81,178000E+3	12,000000E+0
809	200,000000E+0	2,690000E+0	6,870000E+0	81,217000E+3	12,000000E+0
810	200,000000E+0	2,690000E+0	6,870000E+0	81,255000E+3	12,000000E+0
811	200,000000E+0	2,690000E+0	6,641000E+0	81,292000E+3	12,000000E+0
812	200,000000E+0	2,690000E+0	6,870000E+0	81,331000E+3	12,000000E+0
813	200,000000E+0	2,690000E+0	6,641000E+0	81,369000E+3	12,000000E+0
814	200,000000E+0	2,690000E+0	6,870000E+0	81,408000E+3	12,000000E+0
815	200,000000E+0	2,690000E+0	6,641000E+0	81,445000E+3	12,000000E+0
816	200,000000E+0	2,690000E+0	6,870000E+0	81,487000E+3	12,000000E+0
817	200,000000E+0	2,690000E+0	6,870000E+0	81,530000E+3	12,000000E+0
818	200,000000E+0	2,690000E+0	6,870000E+0	81,578000E+3	12,000000E+0
819	200,000000E+0	2,690000E+0	6,870000E+0	81,625000E+3	12,000000E+0
820	200,000000E+0	2,690000E+0	6,870000E+0	81,664000E+3	12,000000E+0
821	200,000000E+0	2,690000E+0	6,870000E+0	81,701000E+3	12,000000E+0
822	200,000000E+0	2,690000E+0	6,870000E+0	81,739000E+3	12,000000E+0
823	200,000000E+0	2,690000E+0	6,870000E+0	81,778000E+3	12,000000E+0
824	200,000000E+0	2,690000E+0	6,870000E+0	81,816000E+3	12,000000E+0
825	200,000000E+0	2,690000E+0	6,870000E+0	81,854000E+3	12,000000E+0
826	200,000000E+0	2,690000E+0	6,870000E+0	81,893000E+3	12,000000E+0
827	200,000000E+0	2,690000E+0	6,870000E+0	81,930000E+3	12,000000E+0
828	200,000000E+0	2,690000E+0	6,870000E+0	81,966000E+3	12,000000E+0
829	200,000000E+0	2,690000E+0	6,870000E+0	82,004000E+3	12,000000E+0
830	200,000000E+0	2,690000E+0	6,870000E+0	82,041000E+3	12,000000E+0
831	200,000000E+0	2,690000E+0	6,870000E+0	82,078000E+3	12,000000E+0
832	200,000000E+0	2,690000E+0	6,870000E+0	82,118000E+3	12,000000E+0
833	200,000000E+0	2,690000E+0	6,870000E+0	82,155000E+3	12,000000E+0
834	200,000000E+0	2,690000E+0	6,870000E+0	82,194000E+3	12,000000E+0
835	200,000000E+0	2,690000E+0	6,870000E+0	82,231000E+3	12,000000E+0
836	200,000000E+0	2,690000E+0	6,870000E+0	82,269000E+3	12,000000E+0
837	200,000000E+0	2,690000E+0	6,870000E+0	82,307000E+3	12,000000E+0
838	200,000000E+0	2,690000E+0	6,870000E+0	82,343000E+3	12,000000E+0
839	200,000000E+0	2,690000E+0	6,870000E+0	82,381000E+3	12,000000E+0
840	200,000000E+0	2,690000E+0	6,641000E+0	82,423000E+3	12,000000E+0
841	200,000000E+0	2,690000E+0	6,870000E+0	82,467000E+3	12,000000E+0
842	200,000000E+0	2,690000E+0	6,641000E+0	82,505000E+3	12,000000E+0
843	200,000000E+0	2,690000E+0	6,641000E+0	82,543000E+3	12,000000E+0
844	200,000000E+0	2,690000E+0	6,870000E+0	82,581000E+3	12,000000E+0
845	200,000000E+0	2,690000E+0	6,870000E+0	82,618000E+3	12,000000E+0
846	200,000000E+0	2,690000E+0	6,870000E+0	82,656000E+3	12,000000E+0
847	200,000000E+0	2,690000E+0	6,870000E+0	82,694000E+3	12,000000E+0
848	200,000000E+0	2,690000E+0	6,870000E+0	82,732000E+3	12,000000E+0
849	200,000000E+0	2,690000E+0	6,870000E+0	82,770000E+3	12,000000E+0
850	200,000000E+0	2,690000E+0	6,641000E+0	82,807000E+3	12,000000E+0
851	200,000000E+0	2,690000E+0	6,641000E+0	82,846000E+3	12,000000E+0
852	200,000000E+0	2,690000E+0	6,641000E+0	82,884000E+3	12,000000E+0
853	200,000000E+0	2,690000E+0	6,641000E+0	82,921000E+3	12,000000E+0
854	200,000000E+0	2,690000E+0	6,641000E+0	82,959000E+3	12,000000E+0
855	200,000000E+0	2,690000E+0	6,641000E+0	82,998000E+3	12,000000E+0
856	200,000000E+0	2,690000E+0	6,870000E+0	83,035000E+3	12,000000E+0
857	200,000000E+0	2,690000E+0	6,641000E+0	83,073000E+3	12,000000E+0
858	200,000000E+0	2,690000E+0	6,870000E+0	83,111000E+3	12,000000E+0
859	200,000000E+0	2,690000E+0	6,870000E+0	83,148000E+3	12,000000E+0
860	200,000000E+0	2,690000E+0	6,870000E+0	83,187000E+3	12,000000E+0
861	200,000000E+0	2,690000E+0	6,641000E+0	83,224000E+3	12,000000E+0
862	200,000000E+0	2,690000E+0	6,870000E+0	83,263000E+3	12,000000E+0
863	200,000000E+0	2,690000E+0	6,870000E+0	83,301000E+3	12,000000E+0
864	200,000000E+0	2,690000E+0	6,641000E+0	83,339000E+3	12,000000E+0
865	200,000000E+0	2,690000E+0	6,870000E+0	83,377000E+3	12,000000E+0
866	200,000000E+0	2,690000E+0	6,870000E+0	83,415000E+3	12,000000E+0
867	200,000000E+0	2,690000E+0	6,870000E+0	83,453000E+3	12,000000E+0
868	200,000000E+0	2,690000E+0	6,870000E+0	83,490000E+3	12,000000E+0
869	200,000000E+0	2,690000E+0	6,870000E+0	83,528000E+3	12,000000E+0
870	200,000000E+0	2,690000E+0	6,870000E+0	83,566000E+3	12,000000E+0
871	200,000000E+0	2,690000E+0	6,870000E+0	83,605000E+3	12,000000E+0
872	200,000000E+0	2,690000E+0	6,870000E+0	83,643000E+3	12,000000E+0
873	200,000000E+0	2,690000E+0	6,870000E+0	83,680000E+3	12,000000E+0
874	200,000000E+0	2,690000E+0	7,099000E+0	83,719000E+3	12,000000E+0
875	200,000000E+0	2,690000E+0	6,870000E+0	83,757000E+3	12,000000E+0
876	200,000000E+0	2,690000E+0	6,870000E+0	83,796000E+3	12,000000E+0
877	200,000000E+0	2,690000E+0	6,870000E+0	83,833000E+3	12,000000E+0
878	200,000000E+0	2,690000E+0	6,870000E+0	83,871000E+3	12,000000E+0
879	200,000000E+0	2,690000E+0	7,099000E+0	83,910000E+3	12,000000E+0
880	200,000000E+0	2,690000E+0	6,870000E+0	83,946000E+3	12,000000E+0
881	200,000000E+0	2,690000E+0	7,099000E+0	83,986000E+3	12,000000E+0
882	200,000000E+0	2,690000E+0	7,099000E+0	84,023000E+3	12,000000E+0
883	200,000000E+0	2,690000E+0	6,870000E+0	84,061000E+3	12,000000E+0
884	200,000000E+0	2,690000E+0	7,099000E+0	84,099000E+3	12,000000E+0
885	200,000000E+0	2,690000E+0	6,870000E+0	84,137000E+3	12,000000E+0
886	200,000000E+0	2,690000E+0	6,870000E+0	84,175000E+3	12,000000E+0
887	200,000000E+0	2,690000E+0	6,870000E+0	84,213000E+3	12,000000E+0
888	200,000000E+0	2,690000E+0	6,870000E+0	84,252000E+3	12,000000E+0
889	200,000000E+0	2,690000E+0	6,870000E+0	84,289000E+3	12,000000E+0
890	200,000000E+0	2,690000E+0	6,870000E+0	84,327000E+3	12,000000E+0
891	200,000000E+0	2,690000E+0	7,099000E+0	84,368000E+3	12,000000E+0
892	200,000000E+0	2,690000E+0	6,870000E+0	84,412000E+3	12,000000E+0
893	200,000000E+0	2,690000E+0	6,870000E+0	84,459000E+3	12,000000E+0
894	200,000000E+0	2,690000E+0	6,870000E+0	84,507000E+3	12,000000E+0
895	200,000000E+0	2,690000E+0	6,870000E+0	84,546000E+3	12,000000E+0
896	200,000000E+0	2,690000E+0	6,870000E+0	84,584000E+3	12,000000E+0
897	200,000000E+0	2,690000E+0	6,870000E+0	84,623000E+3	12,000000E+0
898	200,000000E+0	2,690000E+0	6,641000E+0	84,661000E+3	12,000000E+0
899	200,000000E+0	2,690000E+0	6,870000E+0	84,698000E+3	12,000000E+0
900	200,000000E+0	2,690000E+0	6,641000E+0	84,742000E+3	12,000000E+0
901	200,000000E+0	2,690000E+0	6,641000E+0	84,784000E+3	12,000000E+0
902	200,000000E+0	2,690000E+0	6,870000E+0	84,821000E+3	12,000000E+0
903	200,000000E+0	2,690000E+0	6,641000E+0	84,858000E+3	12,000000E+0
904	200,000000E+0	2,690000E+0	6,870000E+0	84,898000E+3	12,000000E+0
905	200,000000E+0	2,690000E+0	6,641000E+0	84,935000E+3	12,000000E+0
906	200,000000E+0	2,690000E+0	6,641000E+0	84,973000E+3	12,000000E+0
907	200,000000E+0	2,690000E+0	6,641000E+0	85,011000E+3	12,000000E+0
908	200,000000E+0	2,690000E+0	6,641000E+0	85,050000E+3	12,000000E+0
909	200,000000E+0	2,690000E+0	6,870000E+0	85,087000E+3	12,000000E+0
910	200,000000E+0	2,690000E+0	6,641000E+0	85,125000E+3	12,000000E+0
911	200,000000E+0	2,690000E+0	6,870000E+0	85,164000E+3	12,000000E+0
912	200,000000E+0	2,690000E+0	6,641000E+0	85,202000E+3	12,000000E+0
913	200,000000E+0	2,690000E+0	6,870000E+0	85,240000E+3	12,000000E+0
914	200,000000E+0	2,690000E+0	6,641000E+0	85,277000E+3	12,000000E+0
915	200,000000E+0	2,690000E+0	6,870000E+0	85,316000E+3	12,000000E+0
916	200,000000E+0	2,690000E+0	6,870000E+0	85,353000E+3	12,000000E+0
917	200,000000E+0	2,690000E+0	6,870000E+0	85,391000E+3	12,000000E+0
918	200,000000E+0	2,690000E+0	6,870000E+0	85,431000E+3	12,000000E+0
919	200,000000E+0	2,690000E+0	6,641000E+0	85,467000E+3	12,000000E+0
920	200,000000E+0	2,690000E+0	6,870000E+0	85,507000E+3	12,000000E+0
921	200,000000E+0	2,690000E+0	6,641000E+0	85,544000E+3	12,000000E+0
922	200,000000E+0	2,690000E+0	6,870000E+0	85,582000E+3	12,000000E+0
923	200,000000E+0	2,690000E+0	6,870000E+0	85,620000E+3	12,000000E+0
924	200,000000E+0	2,690000E+0	6,870000E+0	85,658000E+3	12,000000E+0
925	200,000000E+0	2,690000E+0	7,099000E+0	85,696000E+3	12,000000E+0
926	200,000000E+0	2,690000E+0	6,641000E+0	85,733000E+3	12,000000E+0
927	200,000000E+0	2,690000E+0	6,870000E+0	85,772000E+3	12,000000E+0
928	200,000000E+0	2,690000E+0	6,870000E+0	85,809000E+3	12,000000E+0
929	200,000000E+0	2,690000E+0	6,870000E+0	85,846000E+3	12,000000E+0
930	200,000000E+0	2,690000E+0	7,099000E+0	85,886000E+3	12,000000E+0
931	200,000000E+0	2,690000E+0	6,870000E+0	85,924000E+3	12,000000E+0
932	200,000000E+0	2,690000E+0	6,870000E+0	85,963000E+3	12,000000E+0
933	200,000000E+0	2,690000E+0	6,870000E+0	86,000000E+3	12,000000E+0
934	200,000000E+0	2,690000E+0	6,870000E+0	86,038000E+3	12,000000E+0
935	200,000000E+0	2,690000E+0	6,870000E+0	86,074000E+3	12,000000E+0
936	200,000000E+0	2,690000E+0	6,870000E+0	86,112000E+3	12,000000E+0
937	200,000000E+0	2,690000E+0	6,870000E+0	86,149000E+3	12,000000E+0
938	200,000000E+0	2,690000E+0	6,870000E+0	86,189000E+3	12,000000E+0
939	200,000000E+0	2,690000E+0	6,870000E+0	86,228000E+3	12,000000E+0
940	200,000000E+0	2,690000E+0	6,870000E+0	86,264000E+3	12,000000E+0
941	200,000000E+0	2,690000E+0	6,870000E+0	86,302000E+3	12,000000E+0
942	200,000000E+0	2,690000E+0	6,641000E+0	86,340000E+3	12,000000E+0
943	200,000000E+0	2,690000E+0	6,870000E+0	86,376000E+3	12,000000E+0
944	200,000000E+0	2,690000E+0	6,870000E+0	86,415000E+3	12,000000E+0
945	200,000000E+0	2,690000E+0	6,870000E+0	86,452000E+3	12,000000E+0
946	200,000000E+0	2,690000E+0	6,870000E+0	86,489000E+3	12,000000E+0
947	200,000000E+0	2,690000E+0	6,641000E+0	86,528000E+3	12,000000E+0
948	200,000000E+0	2,690000E+0	6,870000E+0	86,567000E+3	12,000000E+0
949	200,000000E+0	2,690000E+0	6,641000E+0	86,603000E+3	12,000000E+0
950	200,000000E+0	2,690000E+0	6,870000E+0	86,642000E+3	12,000000E+0
951	200,000000E+0	2,690000E+0	6,870000E+0	86,680000E+3	12,000000E+0
952	200,000000E+0	2,690000E+0	6,641000E+0	86,717000E+3	12,000000E+0
953	200,000000E+0	2,690000E+0	6,870000E+0	86,755000E+3	12,000000E+0
954	200,000000E+0	2,690000E+0	6,641000E+0	86,793000E+3	12,000000E+0
955	200,000000E+0	2,690000E+0	6,870000E+0	86,831000E+3	12,000000E+0
