vendredi 19 janvier 2024	16:55:50	Sampling Period : 20  ms		
Unities: time [sample], PWM [raw], Current [mA], velocity [rev/min], Position [pulse], Present Input Voltage [V]

t	DXL_PWM		DXL_Current		DXL_Velocity		DXL_Position		DXL_Input_Voltage
0	0,000000E+0	0,000000E+0	0,000000E+0	86,954000E+3	12,000000E+0
1	442,000000E+0	123,740000E+0	229,000000E-3	86,964000E+3	12,000000E+0
2	442,000000E+0	16,140000E+0	13,969000E+0	87,046000E+3	12,000000E+0
3	442,000000E+0	16,140000E+0	15,114000E+0	87,130000E+3	12,000000E+0
4	442,000000E+0	16,140000E+0	15,114000E+0	87,214000E+3	12,000000E+0
5	442,000000E+0	16,140000E+0	15,114000E+0	87,298000E+3	12,000000E+0
6	442,000000E+0	16,140000E+0	15,114000E+0	87,382000E+3	12,000000E+0
7	442,000000E+0	16,140000E+0	15,114000E+0	87,467000E+3	12,000000E+0
8	442,000000E+0	16,140000E+0	15,343000E+0	87,551000E+3	12,000000E+0
9	442,000000E+0	16,140000E+0	15,343000E+0	87,634000E+3	12,000000E+0
10	442,000000E+0	16,140000E+0	15,343000E+0	87,719000E+3	12,000000E+0
11	442,000000E+0	16,140000E+0	15,343000E+0	87,802000E+3	12,000000E+0
12	442,000000E+0	16,140000E+0	15,572000E+0	87,887000E+3	12,000000E+0
13	442,000000E+0	16,140000E+0	15,572000E+0	87,972000E+3	12,000000E+0
14	442,000000E+0	13,450000E+0	15,572000E+0	88,056000E+3	12,000000E+0
15	442,000000E+0	13,450000E+0	15,572000E+0	88,142000E+3	12,000000E+0
16	442,000000E+0	13,450000E+0	15,572000E+0	88,225000E+3	12,000000E+0
17	442,000000E+0	13,450000E+0	15,343000E+0	88,309000E+3	12,000000E+0
18	442,000000E+0	13,450000E+0	15,572000E+0	88,392000E+3	12,000000E+0
19	442,000000E+0	13,450000E+0	15,572000E+0	88,475000E+3	12,000000E+0
20	442,000000E+0	13,450000E+0	15,343000E+0	88,559000E+3	12,000000E+0
21	442,000000E+0	13,450000E+0	15,343000E+0	88,645000E+3	12,000000E+0
22	442,000000E+0	13,450000E+0	15,343000E+0	88,730000E+3	12,000000E+0
23	442,000000E+0	13,450000E+0	15,343000E+0	88,816000E+3	12,000000E+0
24	442,000000E+0	13,450000E+0	15,114000E+0	88,898000E+3	12,000000E+0
25	442,000000E+0	13,450000E+0	14,885000E+0	88,981000E+3	12,000000E+0
26	442,000000E+0	13,450000E+0	14,885000E+0	89,066000E+3	12,000000E+0
27	442,000000E+0	13,450000E+0	15,114000E+0	89,150000E+3	12,000000E+0
28	442,000000E+0	13,450000E+0	15,114000E+0	89,235000E+3	12,000000E+0
29	442,000000E+0	13,450000E+0	15,114000E+0	89,320000E+3	12,000000E+0
30	442,000000E+0	13,450000E+0	15,114000E+0	89,404000E+3	12,000000E+0
31	442,000000E+0	13,450000E+0	15,114000E+0	89,487000E+3	12,000000E+0
32	442,000000E+0	13,450000E+0	15,114000E+0	89,572000E+3	12,000000E+0
33	442,000000E+0	13,450000E+0	15,114000E+0	89,656000E+3	12,000000E+0
34	442,000000E+0	13,450000E+0	15,343000E+0	89,739000E+3	12,000000E+0
35	442,000000E+0	13,450000E+0	15,343000E+0	89,823000E+3	12,000000E+0
36	442,000000E+0	13,450000E+0	15,343000E+0	89,907000E+3	12,000000E+0
37	442,000000E+0	13,450000E+0	15,343000E+0	89,992000E+3	12,000000E+0
38	442,000000E+0	13,450000E+0	15,343000E+0	90,077000E+3	12,000000E+0
39	442,000000E+0	13,450000E+0	15,343000E+0	90,161000E+3	12,000000E+0
40	442,000000E+0	13,450000E+0	15,343000E+0	90,243000E+3	12,000000E+0
41	442,000000E+0	13,450000E+0	15,343000E+0	90,329000E+3	12,000000E+0
42	442,000000E+0	13,450000E+0	15,343000E+0	90,411000E+3	12,000000E+0
43	442,000000E+0	13,450000E+0	15,343000E+0	90,494000E+3	12,000000E+0
44	442,000000E+0	13,450000E+0	15,343000E+0	90,578000E+3	12,000000E+0
45	442,000000E+0	13,450000E+0	15,114000E+0	90,663000E+3	12,000000E+0
46	442,000000E+0	13,450000E+0	15,114000E+0	90,746000E+3	12,000000E+0
47	442,000000E+0	13,450000E+0	15,114000E+0	90,831000E+3	12,000000E+0
48	442,000000E+0	13,450000E+0	15,114000E+0	90,914000E+3	12,000000E+0
49	442,000000E+0	13,450000E+0	15,114000E+0	90,997000E+3	12,000000E+0
50	442,000000E+0	13,450000E+0	15,114000E+0	91,082000E+3	12,000000E+0
51	442,000000E+0	13,450000E+0	15,114000E+0	91,165000E+3	12,000000E+0
52	442,000000E+0	13,450000E+0	15,114000E+0	91,251000E+3	12,000000E+0
53	442,000000E+0	13,450000E+0	15,114000E+0	91,335000E+3	12,000000E+0
54	442,000000E+0	13,450000E+0	15,114000E+0	91,419000E+3	12,000000E+0
55	442,000000E+0	13,450000E+0	15,114000E+0	91,503000E+3	12,000000E+0
56	442,000000E+0	13,450000E+0	15,114000E+0	91,586000E+3	12,000000E+0
57	442,000000E+0	13,450000E+0	15,343000E+0	91,672000E+3	12,000000E+0
58	442,000000E+0	13,450000E+0	15,343000E+0	91,755000E+3	12,000000E+0
59	442,000000E+0	13,450000E+0	15,572000E+0	91,841000E+3	12,000000E+0
60	442,000000E+0	13,450000E+0	15,572000E+0	91,925000E+3	12,000000E+0
61	442,000000E+0	13,450000E+0	15,572000E+0	92,009000E+3	12,000000E+0
62	442,000000E+0	13,450000E+0	15,572000E+0	92,094000E+3	12,000000E+0
63	442,000000E+0	13,450000E+0	15,572000E+0	92,178000E+3	12,000000E+0
64	442,000000E+0	13,450000E+0	15,572000E+0	92,262000E+3	12,000000E+0
65	442,000000E+0	13,450000E+0	15,572000E+0	92,346000E+3	12,000000E+0
66	442,000000E+0	13,450000E+0	15,572000E+0	92,431000E+3	12,000000E+0
67	442,000000E+0	13,450000E+0	15,572000E+0	92,514000E+3	12,000000E+0
68	442,000000E+0	13,450000E+0	15,572000E+0	92,599000E+3	12,000000E+0
69	442,000000E+0	13,450000E+0	15,343000E+0	92,682000E+3	12,000000E+0
70	442,000000E+0	13,450000E+0	15,343000E+0	92,766000E+3	12,000000E+0
71	442,000000E+0	13,450000E+0	15,343000E+0	92,851000E+3	12,000000E+0
72	442,000000E+0	13,450000E+0	15,343000E+0	92,936000E+3	12,000000E+0
73	442,000000E+0	13,450000E+0	15,343000E+0	93,018000E+3	12,000000E+0
74	442,000000E+0	13,450000E+0	15,114000E+0	93,104000E+3	12,000000E+0
75	442,000000E+0	13,450000E+0	15,114000E+0	93,189000E+3	12,000000E+0
76	442,000000E+0	13,450000E+0	15,114000E+0	93,274000E+3	12,000000E+0
77	442,000000E+0	13,450000E+0	15,114000E+0	93,358000E+3	12,000000E+0
78	442,000000E+0	13,450000E+0	15,114000E+0	93,442000E+3	12,000000E+0
79	442,000000E+0	13,450000E+0	15,114000E+0	93,526000E+3	12,000000E+0
80	442,000000E+0	13,450000E+0	15,114000E+0	93,610000E+3	12,000000E+0
81	442,000000E+0	13,450000E+0	15,343000E+0	93,695000E+3	12,000000E+0
82	442,000000E+0	13,450000E+0	15,114000E+0	93,779000E+3	12,000000E+0
83	442,000000E+0	13,450000E+0	15,343000E+0	93,863000E+3	12,000000E+0
84	442,000000E+0	13,450000E+0	15,343000E+0	93,948000E+3	12,000000E+0
85	442,000000E+0	13,450000E+0	15,343000E+0	94,031000E+3	12,000000E+0
86	442,000000E+0	13,450000E+0	15,343000E+0	94,116000E+3	12,000000E+0
87	442,000000E+0	13,450000E+0	15,343000E+0	94,201000E+3	12,000000E+0
88	442,000000E+0	13,450000E+0	15,343000E+0	94,282000E+3	12,000000E+0
89	442,000000E+0	13,450000E+0	15,343000E+0	94,366000E+3	12,000000E+0
90	442,000000E+0	13,450000E+0	15,343000E+0	94,455000E+3	12,000000E+0
91	442,000000E+0	13,450000E+0	15,343000E+0	94,536000E+3	12,000000E+0
92	442,000000E+0	13,450000E+0	15,343000E+0	94,619000E+3	12,000000E+0
93	442,000000E+0	13,450000E+0	15,343000E+0	94,702000E+3	12,000000E+0
94	442,000000E+0	13,450000E+0	15,114000E+0	94,786000E+3	12,000000E+0
95	442,000000E+0	13,450000E+0	15,114000E+0	94,870000E+3	12,000000E+0
96	442,000000E+0	13,450000E+0	15,114000E+0	94,953000E+3	12,000000E+0
97	442,000000E+0	13,450000E+0	15,114000E+0	95,039000E+3	12,000000E+0
98	442,000000E+0	13,450000E+0	15,114000E+0	95,122000E+3	12,000000E+0
99	442,000000E+0	13,450000E+0	15,114000E+0	95,206000E+3	12,000000E+0
100	442,000000E+0	13,450000E+0	15,114000E+0	95,290000E+3	12,000000E+0
101	442,000000E+0	13,450000E+0	15,114000E+0	95,374000E+3	12,000000E+0
102	442,000000E+0	13,450000E+0	15,114000E+0	95,458000E+3	12,000000E+0
103	442,000000E+0	13,450000E+0	15,343000E+0	95,543000E+3	12,000000E+0
104	442,000000E+0	13,450000E+0	15,343000E+0	95,627000E+3	12,000000E+0
105	442,000000E+0	13,450000E+0	15,343000E+0	95,711000E+3	12,000000E+0
106	442,000000E+0	13,450000E+0	15,343000E+0	95,795000E+3	12,000000E+0
107	442,000000E+0	13,450000E+0	15,343000E+0	95,879000E+3	12,000000E+0
108	442,000000E+0	13,450000E+0	15,343000E+0	95,964000E+3	12,000000E+0
109	442,000000E+0	13,450000E+0	15,572000E+0	96,048000E+3	12,000000E+0
110	442,000000E+0	13,450000E+0	15,572000E+0	96,133000E+3	12,000000E+0
111	442,000000E+0	13,450000E+0	15,572000E+0	96,217000E+3	12,000000E+0
112	442,000000E+0	10,760000E+0	15,572000E+0	96,301000E+3	12,000000E+0
113	442,000000E+0	13,450000E+0	15,801000E+0	96,387000E+3	12,000000E+0
114	442,000000E+0	13,450000E+0	15,572000E+0	96,472000E+3	12,000000E+0
115	442,000000E+0	13,450000E+0	15,572000E+0	96,555000E+3	12,000000E+0
116	442,000000E+0	13,450000E+0	15,572000E+0	96,638000E+3	12,000000E+0
117	442,000000E+0	13,450000E+0	15,343000E+0	96,723000E+3	12,000000E+0
118	442,000000E+0	13,450000E+0	15,343000E+0	96,807000E+3	12,000000E+0
119	442,000000E+0	13,450000E+0	15,343000E+0	96,892000E+3	12,000000E+0
120	442,000000E+0	13,450000E+0	15,343000E+0	96,976000E+3	12,000000E+0
121	442,000000E+0	13,450000E+0	15,114000E+0	97,060000E+3	12,000000E+0
122	442,000000E+0	13,450000E+0	15,114000E+0	97,145000E+3	12,000000E+0
123	442,000000E+0	13,450000E+0	15,114000E+0	97,228000E+3	12,000000E+0
124	442,000000E+0	13,450000E+0	15,114000E+0	97,313000E+3	12,000000E+0
125	442,000000E+0	13,450000E+0	15,114000E+0	97,397000E+3	12,000000E+0
126	442,000000E+0	13,450000E+0	15,343000E+0	97,483000E+3	12,000000E+0
127	442,000000E+0	13,450000E+0	15,114000E+0	97,566000E+3	12,000000E+0
128	442,000000E+0	13,450000E+0	15,343000E+0	97,651000E+3	12,000000E+0
129	442,000000E+0	13,450000E+0	15,343000E+0	97,735000E+3	12,000000E+0
130	442,000000E+0	13,450000E+0	15,343000E+0	97,820000E+3	12,000000E+0
131	442,000000E+0	13,450000E+0	15,343000E+0	97,905000E+3	12,000000E+0
132	442,000000E+0	13,450000E+0	15,343000E+0	97,989000E+3	12,000000E+0
133	442,000000E+0	13,450000E+0	15,343000E+0	98,074000E+3	12,000000E+0
134	442,000000E+0	13,450000E+0	15,343000E+0	98,157000E+3	12,000000E+0
135	442,000000E+0	13,450000E+0	15,343000E+0	98,242000E+3	12,000000E+0
136	442,000000E+0	13,450000E+0	15,343000E+0	98,326000E+3	12,000000E+0
137	442,000000E+0	13,450000E+0	15,343000E+0	98,408000E+3	12,000000E+0
138	442,000000E+0	13,450000E+0	15,343000E+0	98,492000E+3	12,000000E+0
139	442,000000E+0	13,450000E+0	15,343000E+0	98,577000E+3	12,000000E+0
140	442,000000E+0	13,450000E+0	15,343000E+0	98,660000E+3	12,000000E+0
141	442,000000E+0	13,450000E+0	15,343000E+0	98,743000E+3	12,000000E+0
142	442,000000E+0	13,450000E+0	15,343000E+0	98,828000E+3	12,000000E+0
143	442,000000E+0	13,450000E+0	15,114000E+0	98,911000E+3	12,000000E+0
144	442,000000E+0	13,450000E+0	15,114000E+0	98,996000E+3	12,000000E+0
145	442,000000E+0	13,450000E+0	15,114000E+0	99,079000E+3	12,000000E+0
146	442,000000E+0	13,450000E+0	15,114000E+0	99,163000E+3	12,000000E+0
147	442,000000E+0	13,450000E+0	15,114000E+0	99,249000E+3	12,000000E+0
148	442,000000E+0	13,450000E+0	15,114000E+0	99,332000E+3	12,000000E+0
149	442,000000E+0	13,450000E+0	15,114000E+0	99,416000E+3	12,000000E+0
150	442,000000E+0	13,450000E+0	15,114000E+0	99,500000E+3	12,000000E+0
151	442,000000E+0	13,450000E+0	15,114000E+0	99,585000E+3	12,000000E+0
152	442,000000E+0	13,450000E+0	15,114000E+0	99,669000E+3	12,000000E+0
153	442,000000E+0	13,450000E+0	15,343000E+0	99,755000E+3	12,000000E+0
154	442,000000E+0	13,450000E+0	15,343000E+0	99,838000E+3	12,000000E+0
155	442,000000E+0	13,450000E+0	15,343000E+0	99,923000E+3	12,000000E+0
156	442,000000E+0	13,450000E+0	15,343000E+0	100,007000E+3	12,000000E+0
157	442,000000E+0	13,450000E+0	15,343000E+0	100,091000E+3	12,000000E+0
158	442,000000E+0	13,450000E+0	15,572000E+0	100,176000E+3	12,000000E+0
159	442,000000E+0	13,450000E+0	15,572000E+0	100,260000E+3	12,000000E+0
160	442,000000E+0	13,450000E+0	15,572000E+0	100,344000E+3	12,000000E+0
161	442,000000E+0	13,450000E+0	15,572000E+0	100,429000E+3	12,000000E+0
162	442,000000E+0	13,450000E+0	15,801000E+0	100,513000E+3	12,000000E+0
163	442,000000E+0	13,450000E+0	15,572000E+0	100,599000E+3	12,000000E+0
164	442,000000E+0	13,450000E+0	15,572000E+0	100,683000E+3	12,000000E+0
165	442,000000E+0	13,450000E+0	15,572000E+0	100,766000E+3	12,000000E+0
166	442,000000E+0	13,450000E+0	15,343000E+0	100,851000E+3	12,000000E+0
167	442,000000E+0	10,760000E+0	15,343000E+0	100,935000E+3	12,000000E+0
168	442,000000E+0	10,760000E+0	15,343000E+0	101,020000E+3	12,000000E+0
169	442,000000E+0	10,760000E+0	15,114000E+0	101,106000E+3	12,000000E+0
170	442,000000E+0	10,760000E+0	15,114000E+0	101,189000E+3	12,000000E+0
171	442,000000E+0	10,760000E+0	15,114000E+0	101,271000E+3	12,000000E+0
172	442,000000E+0	10,760000E+0	15,114000E+0	101,358000E+3	12,000000E+0
173	442,000000E+0	10,760000E+0	15,114000E+0	101,442000E+3	12,000000E+0
174	442,000000E+0	10,760000E+0	15,114000E+0	101,526000E+3	12,000000E+0
175	442,000000E+0	10,760000E+0	15,114000E+0	101,612000E+3	12,000000E+0
176	442,000000E+0	13,450000E+0	15,114000E+0	101,695000E+3	12,000000E+0
177	442,000000E+0	13,450000E+0	15,114000E+0	101,777000E+3	12,000000E+0
178	442,000000E+0	13,450000E+0	15,114000E+0	101,864000E+3	12,000000E+0
179	442,000000E+0	13,450000E+0	15,343000E+0	101,948000E+3	12,000000E+0
180	442,000000E+0	13,450000E+0	15,343000E+0	102,032000E+3	12,000000E+0
181	442,000000E+0	13,450000E+0	15,343000E+0	102,116000E+3	12,000000E+0
182	442,000000E+0	10,760000E+0	15,343000E+0	102,200000E+3	12,000000E+0
183	442,000000E+0	10,760000E+0	15,343000E+0	102,285000E+3	12,000000E+0
184	442,000000E+0	10,760000E+0	15,343000E+0	102,370000E+3	12,000000E+0
185	442,000000E+0	10,760000E+0	15,343000E+0	102,452000E+3	12,000000E+0
186	442,000000E+0	13,450000E+0	15,343000E+0	102,535000E+3	12,000000E+0
187	442,000000E+0	13,450000E+0	15,343000E+0	102,621000E+3	12,000000E+0
188	442,000000E+0	13,450000E+0	15,343000E+0	102,705000E+3	12,000000E+0
189	442,000000E+0	13,450000E+0	15,343000E+0	102,789000E+3	12,000000E+0
190	442,000000E+0	13,450000E+0	15,343000E+0	102,872000E+3	12,000000E+0
191	442,000000E+0	13,450000E+0	15,343000E+0	102,956000E+3	12,000000E+0
192	442,000000E+0	13,450000E+0	15,343000E+0	103,040000E+3	12,000000E+0
193	442,000000E+0	13,450000E+0	15,114000E+0	103,125000E+3	12,000000E+0
194	442,000000E+0	13,450000E+0	15,114000E+0	103,208000E+3	12,000000E+0
195	442,000000E+0	13,450000E+0	15,114000E+0	103,292000E+3	12,000000E+0
196	442,000000E+0	13,450000E+0	15,114000E+0	103,376000E+3	12,000000E+0
197	442,000000E+0	13,450000E+0	15,114000E+0	103,461000E+3	12,000000E+0
198	442,000000E+0	13,450000E+0	15,114000E+0	103,545000E+3	12,000000E+0
199	442,000000E+0	13,450000E+0	15,114000E+0	103,629000E+3	12,000000E+0
200	442,000000E+0	13,450000E+0	15,343000E+0	103,715000E+3	12,000000E+0
201	442,000000E+0	13,450000E+0	15,343000E+0	103,799000E+3	12,000000E+0
202	442,000000E+0	13,450000E+0	15,343000E+0	103,882000E+3	12,000000E+0
203	442,000000E+0	13,450000E+0	15,343000E+0	103,967000E+3	12,000000E+0
204	442,000000E+0	13,450000E+0	15,572000E+0	104,051000E+3	12,000000E+0
205	442,000000E+0	10,760000E+0	15,572000E+0	104,137000E+3	12,000000E+0
206	442,000000E+0	10,760000E+0	15,572000E+0	104,220000E+3	12,000000E+0
207	442,000000E+0	10,760000E+0	15,572000E+0	104,305000E+3	12,000000E+0
208	442,000000E+0	10,760000E+0	15,572000E+0	104,390000E+3	12,000000E+0
209	442,000000E+0	10,760000E+0	15,572000E+0	104,474000E+3	12,000000E+0
210	442,000000E+0	10,760000E+0	15,572000E+0	104,558000E+3	12,000000E+0
211	442,000000E+0	10,760000E+0	15,572000E+0	104,643000E+3	12,000000E+0
212	442,000000E+0	10,760000E+0	15,572000E+0	104,728000E+3	12,000000E+0
213	442,000000E+0	10,760000E+0	15,572000E+0	104,811000E+3	12,000000E+0
214	442,000000E+0	10,760000E+0	15,343000E+0	104,895000E+3	12,000000E+0
215	442,000000E+0	10,760000E+0	15,343000E+0	104,979000E+3	12,000000E+0
216	442,000000E+0	10,760000E+0	15,343000E+0	105,065000E+3	12,000000E+0
217	442,000000E+0	10,760000E+0	15,343000E+0	105,150000E+3	12,000000E+0
218	442,000000E+0	10,760000E+0	15,343000E+0	105,234000E+3	12,000000E+0
219	442,000000E+0	10,760000E+0	15,114000E+0	105,317000E+3	12,000000E+0
220	442,000000E+0	10,760000E+0	15,114000E+0	105,401000E+3	12,000000E+0
221	442,000000E+0	13,450000E+0	15,114000E+0	105,486000E+3	12,000000E+0
222	442,000000E+0	13,450000E+0	15,114000E+0	105,571000E+3	12,000000E+0
223	442,000000E+0	13,450000E+0	15,343000E+0	105,656000E+3	12,000000E+0
224	442,000000E+0	13,450000E+0	15,114000E+0	105,740000E+3	12,000000E+0
225	442,000000E+0	13,450000E+0	15,114000E+0	105,825000E+3	12,000000E+0
226	442,000000E+0	13,450000E+0	15,343000E+0	105,909000E+3	12,000000E+0
227	442,000000E+0	13,450000E+0	15,343000E+0	105,994000E+3	12,000000E+0
228	442,000000E+0	13,450000E+0	15,114000E+0	106,078000E+3	12,000000E+0
229	442,000000E+0	13,450000E+0	15,343000E+0	106,163000E+3	12,000000E+0
230	442,000000E+0	13,450000E+0	15,343000E+0	106,247000E+3	12,000000E+0
231	442,000000E+0	10,760000E+0	15,343000E+0	106,330000E+3	12,000000E+0
232	442,000000E+0	13,450000E+0	15,343000E+0	106,415000E+3	12,000000E+0
233	442,000000E+0	13,450000E+0	15,572000E+0	106,500000E+3	12,000000E+0
234	442,000000E+0	13,450000E+0	15,343000E+0	106,582000E+3	12,000000E+0
235	442,000000E+0	13,450000E+0	15,343000E+0	106,667000E+3	12,000000E+0
236	442,000000E+0	13,450000E+0	15,343000E+0	106,750000E+3	12,000000E+0
237	442,000000E+0	13,450000E+0	15,343000E+0	106,835000E+3	12,000000E+0
238	442,000000E+0	13,450000E+0	15,343000E+0	106,917000E+3	12,000000E+0
239	442,000000E+0	13,450000E+0	15,343000E+0	107,001000E+3	12,000000E+0
240	442,000000E+0	13,450000E+0	15,343000E+0	107,086000E+3	12,000000E+0
241	442,000000E+0	13,450000E+0	15,114000E+0	107,170000E+3	12,000000E+0
242	442,000000E+0	13,450000E+0	15,114000E+0	107,254000E+3	12,000000E+0
243	442,000000E+0	13,450000E+0	15,114000E+0	107,339000E+3	12,000000E+0
244	442,000000E+0	13,450000E+0	15,114000E+0	107,422000E+3	12,000000E+0
245	442,000000E+0	10,760000E+0	15,114000E+0	107,507000E+3	12,000000E+0
246	442,000000E+0	10,760000E+0	15,114000E+0	107,592000E+3	12,000000E+0
247	442,000000E+0	10,760000E+0	15,114000E+0	107,675000E+3	12,000000E+0
248	442,000000E+0	10,760000E+0	15,114000E+0	107,759000E+3	12,000000E+0
249	442,000000E+0	10,760000E+0	15,114000E+0	107,844000E+3	12,000000E+0
250	442,000000E+0	10,760000E+0	15,343000E+0	107,929000E+3	12,000000E+0
251	442,000000E+0	13,450000E+0	15,343000E+0	108,013000E+3	12,000000E+0
252	442,000000E+0	10,760000E+0	15,343000E+0	108,097000E+3	12,000000E+0
253	442,000000E+0	10,760000E+0	15,343000E+0	108,182000E+3	12,000000E+0
254	442,000000E+0	10,760000E+0	15,572000E+0	108,266000E+3	12,000000E+0
255	442,000000E+0	10,760000E+0	15,572000E+0	108,351000E+3	12,000000E+0
256	442,000000E+0	10,760000E+0	15,572000E+0	108,436000E+3	12,000000E+0
257	442,000000E+0	10,760000E+0	15,572000E+0	108,519000E+3	12,000000E+0
258	442,000000E+0	10,760000E+0	15,572000E+0	108,604000E+3	12,000000E+0
259	442,000000E+0	10,760000E+0	15,572000E+0	108,688000E+3	12,000000E+0
260	442,000000E+0	10,760000E+0	15,572000E+0	108,773000E+3	12,000000E+0
261	442,000000E+0	10,760000E+0	15,572000E+0	108,857000E+3	12,000000E+0
262	442,000000E+0	10,760000E+0	15,572000E+0	108,943000E+3	12,000000E+0
263	442,000000E+0	10,760000E+0	15,572000E+0	109,026000E+3	12,000000E+0
264	442,000000E+0	10,760000E+0	15,343000E+0	109,113000E+3	12,000000E+0
265	442,000000E+0	10,760000E+0	15,343000E+0	109,197000E+3	12,000000E+0
266	442,000000E+0	13,450000E+0	15,114000E+0	109,281000E+3	12,000000E+0
267	442,000000E+0	13,450000E+0	15,114000E+0	109,365000E+3	12,000000E+0
268	442,000000E+0	13,450000E+0	15,114000E+0	109,448000E+3	12,000000E+0
269	442,000000E+0	13,450000E+0	15,114000E+0	109,533000E+3	12,000000E+0
270	442,000000E+0	13,450000E+0	15,114000E+0	109,618000E+3	12,000000E+0
271	442,000000E+0	10,760000E+0	15,114000E+0	109,701000E+3	12,000000E+0
272	442,000000E+0	10,760000E+0	15,114000E+0	109,787000E+3	12,000000E+0
273	442,000000E+0	10,760000E+0	15,114000E+0	109,871000E+3	12,000000E+0
274	442,000000E+0	10,760000E+0	15,114000E+0	109,955000E+3	12,000000E+0
275	442,000000E+0	10,760000E+0	15,343000E+0	110,040000E+3	12,000000E+0
276	442,000000E+0	10,760000E+0	15,343000E+0	110,135000E+3	12,000000E+0
277	442,000000E+0	13,450000E+0	15,343000E+0	110,230000E+3	12,000000E+0
278	442,000000E+0	13,450000E+0	15,343000E+0	110,336000E+3	12,000000E+0
279	442,000000E+0	13,450000E+0	15,343000E+0	110,441000E+3	12,000000E+0
280	442,000000E+0	13,450000E+0	15,343000E+0	110,527000E+3	12,000000E+0
281	442,000000E+0	10,760000E+0	15,343000E+0	110,611000E+3	12,000000E+0
282	442,000000E+0	10,760000E+0	15,572000E+0	110,692000E+3	12,000000E+0
283	442,000000E+0	10,760000E+0	15,343000E+0	110,778000E+3	12,000000E+0
284	442,000000E+0	10,760000E+0	15,343000E+0	110,864000E+3	12,000000E+0
285	442,000000E+0	13,450000E+0	15,343000E+0	110,944000E+3	12,000000E+0
286	442,000000E+0	10,760000E+0	15,343000E+0	111,028000E+3	12,000000E+0
287	442,000000E+0	10,760000E+0	15,343000E+0	111,113000E+3	12,000000E+0
288	442,000000E+0	10,760000E+0	15,343000E+0	111,196000E+3	12,000000E+0
289	442,000000E+0	10,760000E+0	15,114000E+0	111,281000E+3	12,000000E+0
290	442,000000E+0	13,450000E+0	15,114000E+0	111,364000E+3	12,000000E+0
291	442,000000E+0	13,450000E+0	15,114000E+0	111,449000E+3	12,000000E+0
292	442,000000E+0	13,450000E+0	15,114000E+0	111,538000E+3	12,000000E+0
293	442,000000E+0	13,450000E+0	15,114000E+0	111,618000E+3	12,000000E+0
294	442,000000E+0	10,760000E+0	15,114000E+0	111,702000E+3	12,000000E+0
295	442,000000E+0	10,760000E+0	15,114000E+0	111,787000E+3	12,000000E+0
296	442,000000E+0	10,760000E+0	15,114000E+0	111,871000E+3	12,000000E+0
297	442,000000E+0	10,760000E+0	15,114000E+0	111,956000E+3	12,000000E+0
298	442,000000E+0	10,760000E+0	15,343000E+0	112,040000E+3	12,000000E+0
299	442,000000E+0	10,760000E+0	15,343000E+0	112,125000E+3	12,000000E+0
300	442,000000E+0	10,760000E+0	15,343000E+0	112,209000E+3	12,000000E+0
301	442,000000E+0	10,760000E+0	15,572000E+0	112,295000E+3	12,000000E+0
302	442,000000E+0	10,760000E+0	15,572000E+0	112,377000E+3	12,000000E+0
303	442,000000E+0	13,450000E+0	15,572000E+0	112,463000E+3	12,000000E+0
304	442,000000E+0	13,450000E+0	15,572000E+0	112,546000E+3	12,000000E+0
305	442,000000E+0	10,760000E+0	15,572000E+0	112,633000E+3	12,000000E+0
306	442,000000E+0	10,760000E+0	15,572000E+0	112,718000E+3	12,000000E+0
307	442,000000E+0	10,760000E+0	15,572000E+0	112,801000E+3	12,000000E+0
308	442,000000E+0	10,760000E+0	15,572000E+0	112,886000E+3	12,000000E+0
309	442,000000E+0	10,760000E+0	15,572000E+0	112,970000E+3	12,000000E+0
310	442,000000E+0	10,760000E+0	15,572000E+0	113,053000E+3	12,000000E+0
311	442,000000E+0	10,760000E+0	15,572000E+0	113,138000E+3	12,000000E+0
312	442,000000E+0	10,760000E+0	15,343000E+0	113,223000E+3	12,000000E+0
313	442,000000E+0	10,760000E+0	15,343000E+0	113,309000E+3	12,000000E+0
314	442,000000E+0	10,760000E+0	15,343000E+0	113,394000E+3	12,000000E+0
315	442,000000E+0	10,760000E+0	15,343000E+0	113,477000E+3	12,000000E+0
316	442,000000E+0	10,760000E+0	15,114000E+0	113,560000E+3	12,000000E+0
317	442,000000E+0	10,760000E+0	15,114000E+0	113,645000E+3	12,000000E+0
318	442,000000E+0	10,760000E+0	15,114000E+0	113,731000E+3	12,000000E+0
319	442,000000E+0	10,760000E+0	15,114000E+0	113,814000E+3	12,000000E+0
320	442,000000E+0	10,760000E+0	15,114000E+0	113,899000E+3	12,000000E+0
321	442,000000E+0	10,760000E+0	15,114000E+0	113,984000E+3	12,000000E+0
322	442,000000E+0	10,760000E+0	15,114000E+0	114,068000E+3	12,000000E+0
323	442,000000E+0	10,760000E+0	15,114000E+0	114,153000E+3	12,000000E+0
324	442,000000E+0	10,760000E+0	15,343000E+0	114,237000E+3	12,000000E+0
325	442,000000E+0	10,760000E+0	15,343000E+0	114,322000E+3	12,000000E+0
326	442,000000E+0	10,760000E+0	15,343000E+0	114,405000E+3	12,000000E+0
327	442,000000E+0	10,760000E+0	15,343000E+0	114,489000E+3	12,000000E+0
328	442,000000E+0	10,760000E+0	15,343000E+0	114,574000E+3	12,000000E+0
329	442,000000E+0	10,760000E+0	15,572000E+0	114,659000E+3	12,000000E+0
330	442,000000E+0	10,760000E+0	15,572000E+0	114,742000E+3	12,000000E+0
331	442,000000E+0	10,760000E+0	15,572000E+0	114,825000E+3	12,000000E+0
332	442,000000E+0	10,760000E+0	15,343000E+0	114,912000E+3	12,000000E+0
333	442,000000E+0	10,760000E+0	15,343000E+0	114,995000E+3	12,000000E+0
334	442,000000E+0	10,760000E+0	15,343000E+0	115,079000E+3	12,000000E+0
335	442,000000E+0	10,760000E+0	15,343000E+0	115,162000E+3	12,000000E+0
336	442,000000E+0	10,760000E+0	15,114000E+0	115,247000E+3	12,000000E+0
337	442,000000E+0	10,760000E+0	15,343000E+0	115,332000E+3	12,000000E+0
338	442,000000E+0	10,760000E+0	15,114000E+0	115,415000E+3	12,000000E+0
339	442,000000E+0	10,760000E+0	15,114000E+0	115,500000E+3	12,000000E+0
340	442,000000E+0	10,760000E+0	15,114000E+0	115,583000E+3	12,000000E+0
341	442,000000E+0	10,760000E+0	15,114000E+0	115,667000E+3	12,000000E+0
342	442,000000E+0	10,760000E+0	15,114000E+0	115,752000E+3	12,000000E+0
343	442,000000E+0	10,760000E+0	15,343000E+0	115,838000E+3	12,000000E+0
344	442,000000E+0	10,760000E+0	15,343000E+0	115,920000E+3	12,000000E+0
345	442,000000E+0	10,760000E+0	15,114000E+0	116,005000E+3	12,000000E+0
346	442,000000E+0	10,760000E+0	15,343000E+0	116,090000E+3	12,000000E+0
347	442,000000E+0	10,760000E+0	15,343000E+0	116,175000E+3	12,000000E+0
348	442,000000E+0	10,760000E+0	15,343000E+0	116,258000E+3	12,000000E+0
349	442,000000E+0	10,760000E+0	15,343000E+0	116,342000E+3	12,000000E+0
350	442,000000E+0	10,760000E+0	15,572000E+0	116,429000E+3	12,000000E+0
351	442,000000E+0	10,760000E+0	15,572000E+0	116,512000E+3	12,000000E+0
352	442,000000E+0	10,760000E+0	15,572000E+0	116,597000E+3	12,000000E+0
353	442,000000E+0	10,760000E+0	15,801000E+0	116,682000E+3	12,000000E+0
354	442,000000E+0	10,760000E+0	15,572000E+0	116,767000E+3	12,000000E+0
355	442,000000E+0	10,760000E+0	15,572000E+0	116,851000E+3	12,000000E+0
356	442,000000E+0	10,760000E+0	15,572000E+0	116,936000E+3	12,000000E+0
357	442,000000E+0	10,760000E+0	15,572000E+0	117,021000E+3	12,000000E+0
358	442,000000E+0	10,760000E+0	15,343000E+0	117,103000E+3	12,000000E+0
359	442,000000E+0	10,760000E+0	15,572000E+0	117,188000E+3	12,000000E+0
360	442,000000E+0	10,760000E+0	15,343000E+0	117,271000E+3	12,000000E+0
361	442,000000E+0	10,760000E+0	15,343000E+0	117,358000E+3	12,000000E+0
362	442,000000E+0	10,760000E+0	15,343000E+0	117,441000E+3	12,000000E+0
363	442,000000E+0	10,760000E+0	15,343000E+0	117,527000E+3	12,000000E+0
364	442,000000E+0	10,760000E+0	15,114000E+0	117,610000E+3	12,000000E+0
365	442,000000E+0	10,760000E+0	15,114000E+0	117,694000E+3	12,000000E+0
366	442,000000E+0	10,760000E+0	15,343000E+0	117,779000E+3	12,000000E+0
367	442,000000E+0	10,760000E+0	15,343000E+0	117,864000E+3	12,000000E+0
368	442,000000E+0	10,760000E+0	15,343000E+0	117,951000E+3	12,000000E+0
369	442,000000E+0	10,760000E+0	15,114000E+0	118,034000E+3	12,000000E+0
370	442,000000E+0	10,760000E+0	15,114000E+0	118,118000E+3	12,000000E+0
371	442,000000E+0	10,760000E+0	15,114000E+0	118,203000E+3	12,000000E+0
372	442,000000E+0	10,760000E+0	15,343000E+0	118,288000E+3	12,000000E+0
373	442,000000E+0	10,760000E+0	15,343000E+0	118,373000E+3	12,000000E+0
374	442,000000E+0	10,760000E+0	15,343000E+0	118,456000E+3	12,000000E+0
375	442,000000E+0	10,760000E+0	15,343000E+0	118,541000E+3	12,000000E+0
376	442,000000E+0	10,760000E+0	15,343000E+0	118,625000E+3	12,000000E+0
377	442,000000E+0	10,760000E+0	15,343000E+0	118,710000E+3	12,000000E+0
378	442,000000E+0	10,760000E+0	15,343000E+0	118,795000E+3	12,000000E+0
379	442,000000E+0	10,760000E+0	15,343000E+0	118,877000E+3	12,000000E+0
380	442,000000E+0	10,760000E+0	15,343000E+0	118,963000E+3	12,000000E+0
381	442,000000E+0	10,760000E+0	15,343000E+0	119,046000E+3	12,000000E+0
382	442,000000E+0	10,760000E+0	15,572000E+0	119,131000E+3	12,000000E+0
383	442,000000E+0	10,760000E+0	15,343000E+0	119,213000E+3	12,000000E+0
384	442,000000E+0	10,760000E+0	15,114000E+0	119,297000E+3	12,000000E+0
385	442,000000E+0	10,760000E+0	15,114000E+0	119,382000E+3	12,000000E+0
386	442,000000E+0	10,760000E+0	15,114000E+0	119,466000E+3	12,000000E+0
387	442,000000E+0	13,450000E+0	15,114000E+0	119,549000E+3	12,000000E+0
388	442,000000E+0	10,760000E+0	15,114000E+0	119,634000E+3	12,000000E+0
389	442,000000E+0	13,450000E+0	15,114000E+0	119,718000E+3	12,000000E+0
390	442,000000E+0	10,760000E+0	15,114000E+0	119,803000E+3	12,000000E+0
391	442,000000E+0	10,760000E+0	15,114000E+0	119,887000E+3	12,000000E+0
392	442,000000E+0	10,760000E+0	15,343000E+0	119,972000E+3	12,000000E+0
393	442,000000E+0	10,760000E+0	15,343000E+0	120,056000E+3	12,000000E+0
394	442,000000E+0	10,760000E+0	15,343000E+0	120,141000E+3	12,000000E+0
395	442,000000E+0	10,760000E+0	15,343000E+0	120,226000E+3	12,000000E+0
396	442,000000E+0	10,760000E+0	15,343000E+0	120,311000E+3	12,000000E+0
397	442,000000E+0	10,760000E+0	15,343000E+0	120,394000E+3	12,000000E+0
398	442,000000E+0	10,760000E+0	15,343000E+0	120,479000E+3	12,000000E+0
399	442,000000E+0	10,760000E+0	15,572000E+0	120,562000E+3	12,000000E+0
400	442,000000E+0	10,760000E+0	15,572000E+0	120,648000E+3	12,000000E+0
401	442,000000E+0	10,760000E+0	15,572000E+0	120,732000E+3	12,000000E+0
402	442,000000E+0	10,760000E+0	15,572000E+0	120,817000E+3	12,000000E+0
403	442,000000E+0	10,760000E+0	15,572000E+0	120,902000E+3	12,000000E+0
404	442,000000E+0	10,760000E+0	15,801000E+0	120,987000E+3	12,000000E+0
405	442,000000E+0	10,760000E+0	15,572000E+0	121,072000E+3	12,000000E+0
406	442,000000E+0	10,760000E+0	15,572000E+0	121,157000E+3	12,000000E+0
407	442,000000E+0	10,760000E+0	15,572000E+0	121,240000E+3	12,000000E+0
408	442,000000E+0	10,760000E+0	15,572000E+0	121,324000E+3	12,000000E+0
409	442,000000E+0	10,760000E+0	15,343000E+0	121,409000E+3	12,000000E+0
410	442,000000E+0	10,760000E+0	15,343000E+0	121,494000E+3	12,000000E+0
411	442,000000E+0	10,760000E+0	15,343000E+0	121,580000E+3	12,000000E+0
412	442,000000E+0	10,760000E+0	15,114000E+0	121,662000E+3	12,000000E+0
413	442,000000E+0	10,760000E+0	15,114000E+0	121,747000E+3	12,000000E+0
414	442,000000E+0	10,760000E+0	15,114000E+0	121,832000E+3	12,000000E+0
415	442,000000E+0	10,760000E+0	15,114000E+0	121,917000E+3	12,000000E+0
416	442,000000E+0	10,760000E+0	15,114000E+0	122,001000E+3	12,000000E+0
417	442,000000E+0	10,760000E+0	15,114000E+0	122,086000E+3	12,000000E+0
418	442,000000E+0	10,760000E+0	15,114000E+0	122,170000E+3	12,000000E+0
419	442,000000E+0	10,760000E+0	15,343000E+0	122,253000E+3	12,000000E+0
420	442,000000E+0	10,760000E+0	15,343000E+0	122,340000E+3	12,000000E+0
421	442,000000E+0	10,760000E+0	15,343000E+0	122,423000E+3	12,000000E+0
422	442,000000E+0	10,760000E+0	15,343000E+0	122,509000E+3	12,000000E+0
423	442,000000E+0	10,760000E+0	15,343000E+0	122,594000E+3	12,000000E+0
424	442,000000E+0	10,760000E+0	15,343000E+0	122,677000E+3	12,000000E+0
425	442,000000E+0	10,760000E+0	15,572000E+0	122,762000E+3	12,000000E+0
426	442,000000E+0	10,760000E+0	15,572000E+0	122,846000E+3	12,000000E+0
427	442,000000E+0	10,760000E+0	15,572000E+0	122,930000E+3	12,000000E+0
428	442,000000E+0	10,760000E+0	15,572000E+0	123,012000E+3	12,000000E+0
429	442,000000E+0	10,760000E+0	15,343000E+0	123,099000E+3	12,000000E+0
430	442,000000E+0	10,760000E+0	15,343000E+0	123,187000E+3	12,000000E+0
431	442,000000E+0	10,760000E+0	15,343000E+0	123,268000E+3	12,000000E+0
432	442,000000E+0	10,760000E+0	15,343000E+0	123,351000E+3	12,000000E+0
433	442,000000E+0	10,760000E+0	15,114000E+0	123,434000E+3	12,000000E+0
434	442,000000E+0	10,760000E+0	15,343000E+0	123,520000E+3	12,000000E+0
435	442,000000E+0	10,760000E+0	15,114000E+0	123,603000E+3	12,000000E+0
436	442,000000E+0	10,760000E+0	15,114000E+0	123,687000E+3	12,000000E+0
437	442,000000E+0	10,760000E+0	15,114000E+0	123,770000E+3	12,000000E+0
438	442,000000E+0	10,760000E+0	15,114000E+0	123,856000E+3	12,000000E+0
439	442,000000E+0	10,760000E+0	15,114000E+0	123,939000E+3	12,000000E+0
440	442,000000E+0	10,760000E+0	15,343000E+0	124,025000E+3	12,000000E+0
441	442,000000E+0	10,760000E+0	15,343000E+0	124,108000E+3	12,000000E+0
442	442,000000E+0	10,760000E+0	15,114000E+0	124,193000E+3	12,000000E+0
443	442,000000E+0	10,760000E+0	15,343000E+0	124,278000E+3	12,000000E+0
444	442,000000E+0	10,760000E+0	15,343000E+0	124,362000E+3	12,000000E+0
445	442,000000E+0	10,760000E+0	15,343000E+0	124,448000E+3	12,000000E+0
446	442,000000E+0	10,760000E+0	15,343000E+0	124,532000E+3	12,000000E+0
447	442,000000E+0	10,760000E+0	15,572000E+0	124,618000E+3	12,000000E+0
448	442,000000E+0	10,760000E+0	15,572000E+0	124,701000E+3	12,000000E+0
449	442,000000E+0	10,760000E+0	15,572000E+0	124,785000E+3	12,000000E+0
450	442,000000E+0	10,760000E+0	15,801000E+0	124,871000E+3	12,000000E+0
451	442,000000E+0	10,760000E+0	15,572000E+0	124,955000E+3	12,000000E+0
452	442,000000E+0	10,760000E+0	15,572000E+0	125,040000E+3	12,000000E+0
453	442,000000E+0	10,760000E+0	15,572000E+0	125,125000E+3	12,000000E+0
454	442,000000E+0	10,760000E+0	15,572000E+0	125,210000E+3	12,000000E+0
455	442,000000E+0	10,760000E+0	15,343000E+0	125,292000E+3	12,000000E+0
456	442,000000E+0	10,760000E+0	15,572000E+0	125,377000E+3	12,000000E+0
457	442,000000E+0	10,760000E+0	15,572000E+0	125,461000E+3	12,000000E+0
458	442,000000E+0	10,760000E+0	15,343000E+0	125,548000E+3	12,000000E+0
459	442,000000E+0	10,760000E+0	15,343000E+0	125,632000E+3	12,000000E+0
460	442,000000E+0	10,760000E+0	15,343000E+0	125,716000E+3	12,000000E+0
461	442,000000E+0	10,760000E+0	15,114000E+0	125,799000E+3	12,000000E+0
462	442,000000E+0	10,760000E+0	15,114000E+0	125,883000E+3	12,000000E+0
463	442,000000E+0	10,760000E+0	15,343000E+0	125,969000E+3	12,000000E+0
464	442,000000E+0	10,760000E+0	15,343000E+0	126,055000E+3	12,000000E+0
465	442,000000E+0	10,760000E+0	15,343000E+0	126,140000E+3	12,000000E+0
466	442,000000E+0	10,760000E+0	15,114000E+0	126,223000E+3	12,000000E+0
467	442,000000E+0	10,760000E+0	15,343000E+0	126,308000E+3	12,000000E+0
468	442,000000E+0	10,760000E+0	15,114000E+0	126,392000E+3	12,000000E+0
469	442,000000E+0	10,760000E+0	15,343000E+0	126,478000E+3	12,000000E+0
470	442,000000E+0	10,760000E+0	15,343000E+0	126,563000E+3	12,000000E+0
471	442,000000E+0	10,760000E+0	15,343000E+0	126,647000E+3	12,000000E+0
472	442,000000E+0	10,760000E+0	15,343000E+0	126,732000E+3	12,000000E+0
473	442,000000E+0	10,760000E+0	15,343000E+0	126,816000E+3	12,000000E+0
474	442,000000E+0	10,760000E+0	15,343000E+0	126,901000E+3	12,000000E+0
475	442,000000E+0	10,760000E+0	15,343000E+0	126,985000E+3	12,000000E+0
476	442,000000E+0	10,760000E+0	15,572000E+0	127,068000E+3	12,000000E+0
477	442,000000E+0	10,760000E+0	15,343000E+0	127,152000E+3	12,000000E+0
478	442,000000E+0	10,760000E+0	15,343000E+0	127,236000E+3	12,000000E+0
479	442,000000E+0	13,450000E+0	15,343000E+0	127,321000E+3	12,000000E+0
480	442,000000E+0	13,450000E+0	15,343000E+0	127,404000E+3	12,000000E+0
481	442,000000E+0	13,450000E+0	15,343000E+0	127,488000E+3	12,000000E+0
482	442,000000E+0	10,760000E+0	15,343000E+0	127,573000E+3	12,000000E+0
483	442,000000E+0	10,760000E+0	15,343000E+0	127,658000E+3	12,000000E+0
484	442,000000E+0	10,760000E+0	15,114000E+0	127,741000E+3	12,000000E+0
485	442,000000E+0	10,760000E+0	15,114000E+0	127,825000E+3	12,000000E+0
486	442,000000E+0	10,760000E+0	15,114000E+0	127,910000E+3	12,000000E+0
487	442,000000E+0	10,760000E+0	15,114000E+0	127,994000E+3	12,000000E+0
488	442,000000E+0	10,760000E+0	15,114000E+0	128,077000E+3	12,000000E+0
489	442,000000E+0	10,760000E+0	15,343000E+0	128,163000E+3	12,000000E+0
490	442,000000E+0	10,760000E+0	15,343000E+0	128,248000E+3	12,000000E+0
491	442,000000E+0	10,760000E+0	15,114000E+0	128,332000E+3	12,000000E+0
492	442,000000E+0	10,760000E+0	15,343000E+0	128,417000E+3	12,000000E+0
493	442,000000E+0	10,760000E+0	15,343000E+0	128,500000E+3	12,000000E+0
494	442,000000E+0	10,760000E+0	15,343000E+0	128,585000E+3	12,000000E+0
495	442,000000E+0	10,760000E+0	15,572000E+0	128,671000E+3	12,000000E+0
496	442,000000E+0	10,760000E+0	15,572000E+0	128,754000E+3	12,000000E+0
497	442,000000E+0	10,760000E+0	15,572000E+0	128,840000E+3	12,000000E+0
498	442,000000E+0	10,760000E+0	15,572000E+0	128,925000E+3	12,000000E+0
499	442,000000E+0	10,760000E+0	15,572000E+0	129,008000E+3	12,000000E+0
500	442,000000E+0	10,760000E+0	15,572000E+0	129,094000E+3	12,000000E+0
501	442,000000E+0	10,760000E+0	15,572000E+0	129,179000E+3	12,000000E+0
502	442,000000E+0	10,760000E+0	15,572000E+0	129,264000E+3	12,000000E+0
503	442,000000E+0	10,760000E+0	15,572000E+0	129,347000E+3	12,000000E+0
504	442,000000E+0	10,760000E+0	15,572000E+0	129,431000E+3	12,000000E+0
505	442,000000E+0	10,760000E+0	15,572000E+0	129,516000E+3	12,000000E+0
506	442,000000E+0	10,760000E+0	15,343000E+0	129,601000E+3	12,000000E+0
507	442,000000E+0	10,760000E+0	15,343000E+0	129,687000E+3	12,000000E+0
508	442,000000E+0	10,760000E+0	15,343000E+0	129,772000E+3	12,000000E+0
509	442,000000E+0	10,760000E+0	15,114000E+0	129,855000E+3	12,000000E+0
510	442,000000E+0	10,760000E+0	15,114000E+0	129,938000E+3	12,000000E+0
511	442,000000E+0	10,760000E+0	15,114000E+0	130,023000E+3	12,000000E+0
512	442,000000E+0	10,760000E+0	15,114000E+0	130,109000E+3	12,000000E+0
513	442,000000E+0	10,760000E+0	15,114000E+0	130,194000E+3	12,000000E+0
514	442,000000E+0	10,760000E+0	15,114000E+0	130,279000E+3	12,000000E+0
515	442,000000E+0	10,760000E+0	15,114000E+0	130,363000E+3	12,000000E+0
516	442,000000E+0	10,760000E+0	15,114000E+0	130,446000E+3	12,000000E+0
517	442,000000E+0	10,760000E+0	15,114000E+0	130,532000E+3	12,000000E+0
518	442,000000E+0	10,760000E+0	15,343000E+0	130,617000E+3	12,000000E+0
519	442,000000E+0	10,760000E+0	15,343000E+0	130,701000E+3	12,000000E+0
520	442,000000E+0	10,760000E+0	15,343000E+0	130,786000E+3	12,000000E+0
521	442,000000E+0	10,760000E+0	15,572000E+0	130,870000E+3	12,000000E+0
522	442,000000E+0	10,760000E+0	15,572000E+0	130,955000E+3	12,000000E+0
523	442,000000E+0	10,760000E+0	15,343000E+0	131,040000E+3	12,000000E+0
524	442,000000E+0	10,760000E+0	15,572000E+0	131,122000E+3	12,000000E+0
525	442,000000E+0	10,760000E+0	15,572000E+0	131,206000E+3	12,000000E+0
526	442,000000E+0	10,760000E+0	15,343000E+0	131,292000E+3	12,000000E+0
527	442,000000E+0	10,760000E+0	15,343000E+0	131,376000E+3	12,000000E+0
528	442,000000E+0	10,760000E+0	15,572000E+0	131,460000E+3	12,000000E+0
529	442,000000E+0	10,760000E+0	15,343000E+0	131,543000E+3	12,000000E+0
530	442,000000E+0	10,760000E+0	15,343000E+0	131,628000E+3	12,000000E+0
531	442,000000E+0	10,760000E+0	15,343000E+0	131,713000E+3	12,000000E+0
532	442,000000E+0	10,760000E+0	15,114000E+0	131,797000E+3	12,000000E+0
533	442,000000E+0	10,760000E+0	15,114000E+0	131,880000E+3	12,000000E+0
534	442,000000E+0	10,760000E+0	15,114000E+0	131,964000E+3	12,000000E+0
535	442,000000E+0	10,760000E+0	15,114000E+0	132,050000E+3	12,000000E+0
536	442,000000E+0	10,760000E+0	15,114000E+0	132,135000E+3	12,000000E+0
537	442,000000E+0	10,760000E+0	15,114000E+0	132,219000E+3	12,000000E+0
538	442,000000E+0	10,760000E+0	15,114000E+0	132,302000E+3	12,000000E+0
539	442,000000E+0	10,760000E+0	15,343000E+0	132,387000E+3	12,000000E+0
540	442,000000E+0	10,760000E+0	15,343000E+0	132,472000E+3	12,000000E+0
541	442,000000E+0	10,760000E+0	15,343000E+0	132,556000E+3	12,000000E+0
542	442,000000E+0	10,760000E+0	15,343000E+0	132,640000E+3	12,000000E+0
543	442,000000E+0	10,760000E+0	15,343000E+0	132,725000E+3	12,000000E+0
544	442,000000E+0	10,760000E+0	15,572000E+0	132,811000E+3	12,000000E+0
545	442,000000E+0	10,760000E+0	15,572000E+0	132,894000E+3	12,000000E+0
546	442,000000E+0	10,760000E+0	15,572000E+0	132,980000E+3	12,000000E+0
547	442,000000E+0	10,760000E+0	15,801000E+0	133,065000E+3	12,000000E+0
548	442,000000E+0	10,760000E+0	15,572000E+0	133,150000E+3	12,000000E+0
549	442,000000E+0	10,760000E+0	15,572000E+0	133,233000E+3	12,000000E+0
550	442,000000E+0	10,760000E+0	15,572000E+0	133,319000E+3	12,000000E+0
551	442,000000E+0	10,760000E+0	15,572000E+0	133,404000E+3	12,000000E+0
552	442,000000E+0	10,760000E+0	15,572000E+0	133,487000E+3	12,000000E+0
553	442,000000E+0	10,760000E+0	15,572000E+0	133,572000E+3	12,000000E+0
554	442,000000E+0	10,760000E+0	15,343000E+0	133,654000E+3	12,000000E+0
555	442,000000E+0	10,760000E+0	15,343000E+0	133,742000E+3	12,000000E+0
556	442,000000E+0	10,760000E+0	15,343000E+0	133,825000E+3	12,000000E+0
557	442,000000E+0	10,760000E+0	15,343000E+0	133,911000E+3	12,000000E+0
558	442,000000E+0	10,760000E+0	15,343000E+0	133,995000E+3	12,000000E+0
559	442,000000E+0	10,760000E+0	15,114000E+0	134,079000E+3	12,000000E+0
560	442,000000E+0	10,760000E+0	15,114000E+0	134,164000E+3	12,000000E+0
561	442,000000E+0	10,760000E+0	15,343000E+0	134,249000E+3	12,000000E+0
562	442,000000E+0	10,760000E+0	15,343000E+0	134,335000E+3	12,000000E+0
563	442,000000E+0	10,760000E+0	15,114000E+0	134,419000E+3	12,000000E+0
564	442,000000E+0	10,760000E+0	15,343000E+0	134,503000E+3	12,000000E+0
565	442,000000E+0	10,760000E+0	15,343000E+0	134,588000E+3	12,000000E+0
566	442,000000E+0	10,760000E+0	15,343000E+0	134,673000E+3	12,000000E+0
567	442,000000E+0	10,760000E+0	15,343000E+0	134,757000E+3	12,000000E+0
568	442,000000E+0	10,760000E+0	15,343000E+0	134,841000E+3	12,000000E+0
569	442,000000E+0	10,760000E+0	15,343000E+0	134,927000E+3	12,000000E+0
570	442,000000E+0	10,760000E+0	15,343000E+0	135,010000E+3	12,000000E+0
571	442,000000E+0	10,760000E+0	15,572000E+0	135,096000E+3	12,000000E+0
572	442,000000E+0	10,760000E+0	15,343000E+0	135,181000E+3	12,000000E+0
573	442,000000E+0	10,760000E+0	15,572000E+0	135,263000E+3	12,000000E+0
574	442,000000E+0	10,760000E+0	15,343000E+0	135,348000E+3	12,000000E+0
575	442,000000E+0	10,760000E+0	15,343000E+0	135,432000E+3	12,000000E+0
576	442,000000E+0	10,760000E+0	15,343000E+0	135,516000E+3	12,000000E+0
577	442,000000E+0	10,760000E+0	15,343000E+0	135,599000E+3	12,000000E+0
578	442,000000E+0	10,760000E+0	15,343000E+0	135,683000E+3	12,000000E+0
579	442,000000E+0	10,760000E+0	15,343000E+0	135,768000E+3	12,000000E+0
580	442,000000E+0	10,760000E+0	15,343000E+0	135,853000E+3	12,000000E+0
581	442,000000E+0	10,760000E+0	15,343000E+0	135,936000E+3	12,000000E+0
582	442,000000E+0	10,760000E+0	15,114000E+0	136,021000E+3	12,000000E+0
583	442,000000E+0	10,760000E+0	15,114000E+0	136,105000E+3	12,000000E+0
584	442,000000E+0	10,760000E+0	15,114000E+0	136,190000E+3	12,000000E+0
585	442,000000E+0	10,760000E+0	15,114000E+0	136,275000E+3	12,000000E+0
586	442,000000E+0	10,760000E+0	15,343000E+0	136,359000E+3	12,000000E+0
587	442,000000E+0	10,760000E+0	15,343000E+0	136,444000E+3	12,000000E+0
588	442,000000E+0	10,760000E+0	15,114000E+0	136,527000E+3	12,000000E+0
589	442,000000E+0	10,760000E+0	15,343000E+0	136,612000E+3	12,000000E+0
590	442,000000E+0	10,760000E+0	15,343000E+0	136,697000E+3	12,000000E+0
591	442,000000E+0	10,760000E+0	15,343000E+0	136,781000E+3	12,000000E+0
592	442,000000E+0	10,760000E+0	15,343000E+0	136,867000E+3	12,000000E+0
593	442,000000E+0	10,760000E+0	15,572000E+0	136,950000E+3	12,000000E+0
594	442,000000E+0	10,760000E+0	15,572000E+0	137,036000E+3	12,000000E+0
595	442,000000E+0	10,760000E+0	15,572000E+0	137,120000E+3	12,000000E+0
596	442,000000E+0	10,760000E+0	15,801000E+0	137,206000E+3	12,000000E+0
597	442,000000E+0	10,760000E+0	15,801000E+0	137,290000E+3	12,000000E+0
598	442,000000E+0	10,760000E+0	15,572000E+0	137,374000E+3	12,000000E+0
599	442,000000E+0	10,760000E+0	15,572000E+0	137,459000E+3	12,000000E+0
600	442,000000E+0	10,760000E+0	15,572000E+0	137,543000E+3	12,000000E+0
601	442,000000E+0	10,760000E+0	15,572000E+0	137,627000E+3	12,000000E+0
602	442,000000E+0	10,760000E+0	15,572000E+0	137,711000E+3	12,000000E+0
603	442,000000E+0	10,760000E+0	15,572000E+0	137,798000E+3	12,000000E+0
604	442,000000E+0	10,760000E+0	15,343000E+0	137,884000E+3	12,000000E+0
605	442,000000E+0	10,760000E+0	15,343000E+0	137,969000E+3	12,000000E+0
606	442,000000E+0	10,760000E+0	15,343000E+0	138,052000E+3	12,000000E+0
607	442,000000E+0	10,760000E+0	15,114000E+0	138,136000E+3	12,000000E+0
608	442,000000E+0	10,760000E+0	15,114000E+0	138,221000E+3	12,000000E+0
609	442,000000E+0	10,760000E+0	15,114000E+0	138,307000E+3	12,000000E+0
610	442,000000E+0	10,760000E+0	15,114000E+0	138,391000E+3	12,000000E+0
611	442,000000E+0	10,760000E+0	15,114000E+0	138,475000E+3	12,000000E+0
612	442,000000E+0	10,760000E+0	15,343000E+0	138,559000E+3	12,000000E+0
613	442,000000E+0	10,760000E+0	15,114000E+0	138,644000E+3	12,000000E+0
614	442,000000E+0	10,760000E+0	15,114000E+0	138,730000E+3	12,000000E+0
615	442,000000E+0	10,760000E+0	15,343000E+0	138,813000E+3	12,000000E+0
616	442,000000E+0	10,760000E+0	15,343000E+0	138,899000E+3	12,000000E+0
617	442,000000E+0	10,760000E+0	15,343000E+0	138,983000E+3	12,000000E+0
618	442,000000E+0	10,760000E+0	15,343000E+0	139,066000E+3	12,000000E+0
619	442,000000E+0	10,760000E+0	15,572000E+0	139,152000E+3	12,000000E+0
620	442,000000E+0	10,760000E+0	15,572000E+0	139,236000E+3	12,000000E+0
621	442,000000E+0	10,760000E+0	15,572000E+0	139,320000E+3	12,000000E+0
622	442,000000E+0	10,760000E+0	15,572000E+0	139,405000E+3	12,000000E+0
623	442,000000E+0	10,760000E+0	15,572000E+0	139,489000E+3	12,000000E+0
624	442,000000E+0	10,760000E+0	15,343000E+0	139,573000E+3	12,000000E+0
625	442,000000E+0	10,760000E+0	15,343000E+0	139,657000E+3	12,000000E+0
626	442,000000E+0	10,760000E+0	15,343000E+0	139,740000E+3	12,000000E+0
627	442,000000E+0	10,760000E+0	15,114000E+0	139,825000E+3	12,000000E+0
628	442,000000E+0	10,760000E+0	15,343000E+0	139,910000E+3	12,000000E+0
629	442,000000E+0	10,760000E+0	15,343000E+0	139,994000E+3	12,000000E+0
630	442,000000E+0	10,760000E+0	15,114000E+0	140,078000E+3	12,000000E+0
631	442,000000E+0	10,760000E+0	15,114000E+0	140,162000E+3	12,000000E+0
632	442,000000E+0	10,760000E+0	15,114000E+0	140,247000E+3	12,000000E+0
633	442,000000E+0	10,760000E+0	15,114000E+0	140,332000E+3	12,000000E+0
634	442,000000E+0	10,760000E+0	15,343000E+0	140,416000E+3	12,000000E+0
635	442,000000E+0	10,760000E+0	15,343000E+0	140,500000E+3	12,000000E+0
636	442,000000E+0	10,760000E+0	15,343000E+0	140,585000E+3	12,000000E+0
637	442,000000E+0	10,760000E+0	15,114000E+0	140,670000E+3	12,000000E+0
638	442,000000E+0	10,760000E+0	15,343000E+0	140,754000E+3	12,000000E+0
639	442,000000E+0	10,760000E+0	15,343000E+0	140,838000E+3	12,000000E+0
640	442,000000E+0	10,760000E+0	15,343000E+0	140,923000E+3	12,000000E+0
641	442,000000E+0	10,760000E+0	15,572000E+0	141,008000E+3	12,000000E+0
642	442,000000E+0	10,760000E+0	15,572000E+0	141,093000E+3	12,000000E+0
643	442,000000E+0	10,760000E+0	15,572000E+0	141,177000E+3	12,000000E+0
644	442,000000E+0	10,760000E+0	15,801000E+0	141,263000E+3	12,000000E+0
645	442,000000E+0	10,760000E+0	15,801000E+0	141,348000E+3	12,000000E+0
646	442,000000E+0	10,760000E+0	15,801000E+0	141,432000E+3	12,000000E+0
647	442,000000E+0	10,760000E+0	15,572000E+0	141,518000E+3	12,000000E+0
648	442,000000E+0	10,760000E+0	15,572000E+0	141,602000E+3	12,000000E+0
649	442,000000E+0	10,760000E+0	15,343000E+0	141,686000E+3	12,000000E+0
650	442,000000E+0	10,760000E+0	15,572000E+0	141,770000E+3	12,000000E+0
651	442,000000E+0	10,760000E+0	15,572000E+0	141,855000E+3	12,000000E+0
652	442,000000E+0	10,760000E+0	15,343000E+0	141,940000E+3	12,000000E+0
653	442,000000E+0	10,760000E+0	15,343000E+0	142,025000E+3	12,000000E+0
654	442,000000E+0	10,760000E+0	15,343000E+0	142,109000E+3	12,000000E+0
655	442,000000E+0	10,760000E+0	15,114000E+0	142,194000E+3	12,000000E+0
656	442,000000E+0	10,760000E+0	15,114000E+0	142,278000E+3	12,000000E+0
657	442,000000E+0	10,760000E+0	15,343000E+0	142,363000E+3	12,000000E+0
658	442,000000E+0	10,760000E+0	15,343000E+0	142,447000E+3	12,000000E+0
659	442,000000E+0	10,760000E+0	15,343000E+0	142,534000E+3	12,000000E+0
660	442,000000E+0	10,760000E+0	15,114000E+0	142,617000E+3	12,000000E+0
661	442,000000E+0	10,760000E+0	15,114000E+0	142,702000E+3	12,000000E+0
662	442,000000E+0	10,760000E+0	15,343000E+0	142,787000E+3	12,000000E+0
663	442,000000E+0	10,760000E+0	15,343000E+0	142,873000E+3	12,000000E+0
664	442,000000E+0	10,760000E+0	15,343000E+0	142,957000E+3	12,000000E+0
665	442,000000E+0	10,760000E+0	15,343000E+0	143,041000E+3	12,000000E+0
666	442,000000E+0	10,760000E+0	15,572000E+0	143,126000E+3	12,000000E+0
667	442,000000E+0	10,760000E+0	15,572000E+0	143,211000E+3	12,000000E+0
668	442,000000E+0	10,760000E+0	15,572000E+0	143,296000E+3	12,000000E+0
669	442,000000E+0	10,760000E+0	15,343000E+0	143,379000E+3	12,000000E+0
670	442,000000E+0	10,760000E+0	15,572000E+0	143,461000E+3	12,000000E+0
671	442,000000E+0	10,760000E+0	15,343000E+0	143,548000E+3	12,000000E+0
672	442,000000E+0	10,760000E+0	15,572000E+0	143,632000E+3	12,000000E+0
673	442,000000E+0	10,760000E+0	15,572000E+0	143,715000E+3	12,000000E+0
674	442,000000E+0	10,760000E+0	15,343000E+0	143,799000E+3	12,000000E+0
675	442,000000E+0	10,760000E+0	15,343000E+0	143,884000E+3	12,000000E+0
676	442,000000E+0	10,760000E+0	15,343000E+0	143,969000E+3	12,000000E+0
677	442,000000E+0	10,760000E+0	15,343000E+0	144,053000E+3	12,000000E+0
678	442,000000E+0	10,760000E+0	15,114000E+0	144,136000E+3	12,000000E+0
679	442,000000E+0	10,760000E+0	15,114000E+0	144,220000E+3	12,000000E+0
680	442,000000E+0	10,760000E+0	15,114000E+0	144,305000E+3	12,000000E+0
681	442,000000E+0	10,760000E+0	15,114000E+0	144,389000E+3	12,000000E+0
682	442,000000E+0	10,760000E+0	15,114000E+0	144,474000E+3	12,000000E+0
683	442,000000E+0	10,760000E+0	15,114000E+0	144,559000E+3	12,000000E+0
684	442,000000E+0	10,760000E+0	15,343000E+0	144,645000E+3	12,000000E+0
685	442,000000E+0	10,760000E+0	15,343000E+0	144,728000E+3	12,000000E+0
686	442,000000E+0	10,760000E+0	15,343000E+0	144,814000E+3	12,000000E+0
687	442,000000E+0	10,760000E+0	15,343000E+0	144,898000E+3	12,000000E+0
688	442,000000E+0	10,760000E+0	15,343000E+0	144,982000E+3	12,000000E+0
689	442,000000E+0	10,760000E+0	15,343000E+0	145,067000E+3	12,000000E+0
690	442,000000E+0	10,760000E+0	15,572000E+0	145,151000E+3	12,000000E+0
691	442,000000E+0	10,760000E+0	15,572000E+0	145,237000E+3	12,000000E+0
692	442,000000E+0	10,760000E+0	15,572000E+0	145,321000E+3	12,000000E+0
693	442,000000E+0	10,760000E+0	15,572000E+0	145,406000E+3	12,000000E+0
694	442,000000E+0	10,760000E+0	15,572000E+0	145,490000E+3	12,000000E+0
695	442,000000E+0	10,760000E+0	15,572000E+0	145,575000E+3	12,000000E+0
696	442,000000E+0	10,760000E+0	15,572000E+0	145,660000E+3	12,000000E+0
697	442,000000E+0	10,760000E+0	15,572000E+0	145,744000E+3	12,000000E+0
698	442,000000E+0	10,760000E+0	15,572000E+0	145,829000E+3	12,000000E+0
699	442,000000E+0	10,760000E+0	15,572000E+0	145,913000E+3	12,000000E+0
700	442,000000E+0	10,760000E+0	15,343000E+0	145,999000E+3	12,000000E+0
701	442,000000E+0	10,760000E+0	15,343000E+0	146,084000E+3	12,000000E+0
702	442,000000E+0	10,760000E+0	15,343000E+0	146,169000E+3	12,000000E+0
703	442,000000E+0	10,760000E+0	15,343000E+0	146,253000E+3	12,000000E+0
704	442,000000E+0	10,760000E+0	15,114000E+0	146,338000E+3	12,000000E+0
705	442,000000E+0	10,760000E+0	15,114000E+0	146,423000E+3	12,000000E+0
706	442,000000E+0	10,760000E+0	15,343000E+0	146,509000E+3	12,000000E+0
707	442,000000E+0	10,760000E+0	15,114000E+0	146,594000E+3	12,000000E+0
708	442,000000E+0	10,760000E+0	15,114000E+0	146,677000E+3	12,000000E+0
709	442,000000E+0	10,760000E+0	15,114000E+0	146,763000E+3	12,000000E+0
710	442,000000E+0	10,760000E+0	15,343000E+0	146,846000E+3	12,000000E+0
711	442,000000E+0	10,760000E+0	15,343000E+0	146,931000E+3	12,000000E+0
712	442,000000E+0	10,760000E+0	15,343000E+0	147,016000E+3	12,000000E+0
713	442,000000E+0	10,760000E+0	15,343000E+0	147,101000E+3	12,000000E+0
714	442,000000E+0	10,760000E+0	15,343000E+0	147,186000E+3	12,000000E+0
715	442,000000E+0	10,760000E+0	15,343000E+0	147,269000E+3	12,000000E+0
716	442,000000E+0	10,760000E+0	15,572000E+0	147,354000E+3	12,000000E+0
717	442,000000E+0	10,760000E+0	15,343000E+0	147,439000E+3	12,000000E+0
718	442,000000E+0	10,760000E+0	15,572000E+0	147,522000E+3	12,000000E+0
719	442,000000E+0	10,760000E+0	15,572000E+0	147,606000E+3	12,000000E+0
720	442,000000E+0	10,760000E+0	15,572000E+0	147,691000E+3	12,000000E+0
721	442,000000E+0	10,760000E+0	15,343000E+0	147,775000E+3	12,000000E+0
722	442,000000E+0	10,760000E+0	15,343000E+0	147,860000E+3	12,000000E+0
723	442,000000E+0	10,760000E+0	15,343000E+0	147,944000E+3	12,000000E+0
724	442,000000E+0	10,760000E+0	15,343000E+0	148,028000E+3	12,000000E+0
725	442,000000E+0	10,760000E+0	15,343000E+0	148,120000E+3	12,000000E+0
726	442,000000E+0	10,760000E+0	15,343000E+0	148,217000E+3	12,000000E+0
727	442,000000E+0	10,760000E+0	15,114000E+0	148,301000E+3	12,000000E+0
728	442,000000E+0	10,760000E+0	15,114000E+0	148,386000E+3	12,000000E+0
729	442,000000E+0	10,760000E+0	15,114000E+0	148,471000E+3	12,000000E+0
730	442,000000E+0	10,760000E+0	15,114000E+0	148,555000E+3	12,000000E+0
731	442,000000E+0	10,760000E+0	15,343000E+0	148,641000E+3	12,000000E+0
732	442,000000E+0	10,760000E+0	15,343000E+0	148,726000E+3	12,000000E+0
733	442,000000E+0	10,760000E+0	15,343000E+0	148,810000E+3	12,000000E+0
734	442,000000E+0	10,760000E+0	15,343000E+0	148,894000E+3	12,000000E+0
735	442,000000E+0	10,760000E+0	15,343000E+0	148,979000E+3	12,000000E+0
736	442,000000E+0	10,760000E+0	15,572000E+0	149,063000E+3	12,000000E+0
737	442,000000E+0	10,760000E+0	15,572000E+0	149,148000E+3	12,000000E+0
738	442,000000E+0	10,760000E+0	15,572000E+0	149,232000E+3	12,000000E+0
739	442,000000E+0	10,760000E+0	15,572000E+0	149,317000E+3	12,000000E+0
740	442,000000E+0	10,760000E+0	15,572000E+0	149,402000E+3	12,000000E+0
741	442,000000E+0	10,760000E+0	15,572000E+0	149,487000E+3	12,000000E+0
742	442,000000E+0	10,760000E+0	15,801000E+0	149,572000E+3	12,000000E+0
743	442,000000E+0	10,760000E+0	15,801000E+0	149,656000E+3	12,000000E+0
744	442,000000E+0	10,760000E+0	15,572000E+0	149,743000E+3	12,000000E+0
745	442,000000E+0	10,760000E+0	15,572000E+0	149,847000E+3	12,000000E+0
746	442,000000E+0	10,760000E+0	15,572000E+0	149,953000E+3	12,000000E+0
747	442,000000E+0	10,760000E+0	15,572000E+0	150,037000E+3	12,000000E+0
748	442,000000E+0	10,760000E+0	15,572000E+0	150,123000E+3	12,000000E+0
749	442,000000E+0	10,760000E+0	15,114000E+0	150,207000E+3	12,000000E+0
750	442,000000E+0	10,760000E+0	15,343000E+0	150,313000E+3	12,000000E+0
751	442,000000E+0	10,760000E+0	15,114000E+0	150,397000E+3	12,000000E+0
752	442,000000E+0	10,760000E+0	15,114000E+0	150,482000E+3	12,000000E+0
753	442,000000E+0	10,760000E+0	15,114000E+0	150,568000E+3	12,000000E+0
754	442,000000E+0	10,760000E+0	15,343000E+0	150,651000E+3	12,000000E+0
755	442,000000E+0	10,760000E+0	15,343000E+0	150,737000E+3	12,000000E+0
756	442,000000E+0	10,760000E+0	15,114000E+0	150,821000E+3	12,000000E+0
757	442,000000E+0	10,760000E+0	15,343000E+0	150,905000E+3	12,000000E+0
758	442,000000E+0	10,760000E+0	15,343000E+0	150,990000E+3	12,000000E+0
759	442,000000E+0	10,760000E+0	15,343000E+0	151,076000E+3	12,000000E+0
760	442,000000E+0	10,760000E+0	15,343000E+0	151,161000E+3	12,000000E+0
761	442,000000E+0	10,760000E+0	15,343000E+0	151,245000E+3	12,000000E+0
762	442,000000E+0	10,760000E+0	15,343000E+0	151,329000E+3	12,000000E+0
763	442,000000E+0	10,760000E+0	15,572000E+0	151,415000E+3	12,000000E+0
764	442,000000E+0	10,760000E+0	15,572000E+0	151,500000E+3	12,000000E+0
765	442,000000E+0	10,760000E+0	15,343000E+0	151,584000E+3	12,000000E+0
766	442,000000E+0	10,760000E+0	15,572000E+0	151,666000E+3	12,000000E+0
767	442,000000E+0	10,760000E+0	15,572000E+0	151,752000E+3	12,000000E+0
768	442,000000E+0	10,760000E+0	15,343000E+0	151,836000E+3	12,000000E+0
769	442,000000E+0	10,760000E+0	15,343000E+0	151,920000E+3	12,000000E+0
770	442,000000E+0	10,760000E+0	15,343000E+0	152,004000E+3	12,000000E+0
771	442,000000E+0	10,760000E+0	15,343000E+0	152,088000E+3	12,000000E+0
772	442,000000E+0	10,760000E+0	15,343000E+0	152,174000E+3	12,000000E+0
773	442,000000E+0	10,760000E+0	15,343000E+0	152,258000E+3	12,000000E+0
774	442,000000E+0	10,760000E+0	15,114000E+0	152,342000E+3	12,000000E+0
775	442,000000E+0	10,760000E+0	15,114000E+0	152,425000E+3	12,000000E+0
776	442,000000E+0	10,760000E+0	15,114000E+0	152,510000E+3	12,000000E+0
777	442,000000E+0	10,760000E+0	15,114000E+0	152,594000E+3	12,000000E+0
778	442,000000E+0	10,760000E+0	15,114000E+0	152,680000E+3	12,000000E+0
779	442,000000E+0	10,760000E+0	15,114000E+0	152,763000E+3	12,000000E+0
780	442,000000E+0	10,760000E+0	15,343000E+0	152,849000E+3	12,000000E+0
781	442,000000E+0	10,760000E+0	15,343000E+0	152,934000E+3	12,000000E+0
782	442,000000E+0	10,760000E+0	15,343000E+0	153,018000E+3	12,000000E+0
783	442,000000E+0	10,760000E+0	15,343000E+0	153,104000E+3	12,000000E+0
784	442,000000E+0	10,760000E+0	15,572000E+0	153,188000E+3	12,000000E+0
785	442,000000E+0	10,760000E+0	15,572000E+0	153,273000E+3	12,000000E+0
786	442,000000E+0	10,760000E+0	15,572000E+0	153,357000E+3	12,000000E+0
787	442,000000E+0	10,760000E+0	15,572000E+0	153,441000E+3	12,000000E+0
788	442,000000E+0	10,760000E+0	15,572000E+0	153,527000E+3	12,000000E+0
789	442,000000E+0	10,760000E+0	15,572000E+0	153,612000E+3	12,000000E+0
790	442,000000E+0	10,760000E+0	15,572000E+0	153,696000E+3	12,000000E+0
791	442,000000E+0	10,760000E+0	15,572000E+0	153,781000E+3	12,000000E+0
792	442,000000E+0	10,760000E+0	15,572000E+0	153,866000E+3	12,000000E+0
793	442,000000E+0	10,760000E+0	15,572000E+0	153,951000E+3	12,000000E+0
794	442,000000E+0	10,760000E+0	15,572000E+0	154,035000E+3	12,000000E+0
795	442,000000E+0	10,760000E+0	15,572000E+0	154,118000E+3	12,000000E+0
796	442,000000E+0	10,760000E+0	15,572000E+0	154,204000E+3	12,000000E+0
797	442,000000E+0	10,760000E+0	15,343000E+0	154,290000E+3	12,000000E+0
798	442,000000E+0	10,760000E+0	15,343000E+0	154,375000E+3	12,000000E+0
799	442,000000E+0	10,760000E+0	15,114000E+0	154,472000E+3	12,000000E+0
800	442,000000E+0	10,760000E+0	15,114000E+0	154,564000E+3	12,000000E+0
801	442,000000E+0	10,760000E+0	15,114000E+0	154,649000E+3	12,000000E+0
802	442,000000E+0	10,760000E+0	15,343000E+0	154,734000E+3	12,000000E+0
803	442,000000E+0	10,760000E+0	15,343000E+0	154,820000E+3	12,000000E+0
804	85,000000E+0	1,188980E+3	1,005520E+6	1,561788E+9	200,000000E-3
805	442,000000E+0	10,760000E+0	15,343000E+0	154,988000E+3	12,000000E+0
806	442,000000E+0	10,760000E+0	15,343000E+0	155,073000E+3	12,000000E+0
807	442,000000E+0	10,760000E+0	15,343000E+0	155,158000E+3	12,000000E+0
808	442,000000E+0	10,760000E+0	15,343000E+0	155,244000E+3	12,000000E+0
809	442,000000E+0	10,760000E+0	15,343000E+0	155,328000E+3	12,000000E+0
810	442,000000E+0	10,760000E+0	15,343000E+0	155,413000E+3	12,000000E+0
811	442,000000E+0	10,760000E+0	15,343000E+0	155,497000E+3	12,000000E+0
812	442,000000E+0	10,760000E+0	15,572000E+0	155,582000E+3	12,000000E+0
813	442,000000E+0	10,760000E+0	15,572000E+0	155,666000E+3	12,000000E+0
814	442,000000E+0	10,760000E+0	15,572000E+0	155,748000E+3	12,000000E+0
815	442,000000E+0	10,760000E+0	15,572000E+0	155,835000E+3	12,000000E+0
816	21,760000E+3	-48,204800E+3	261,255042E+6	251,658240E+6	60,900000E+0
817	-17,920000E+3	2,757250E+3	3,927808E+3	39,936512E+6	3,072000E+3
818	442,000000E+0	10,760000E+0	15,343000E+0	156,086000E+3	12,000000E+0
819	442,000000E+0	10,760000E+0	15,343000E+0	156,171000E+3	12,000000E+0
820	442,000000E+0	10,760000E+0	15,343000E+0	156,255000E+3	12,000000E+0
821	442,000000E+0	10,760000E+0	15,343000E+0	156,340000E+3	12,000000E+0
822	442,000000E+0	10,760000E+0	15,343000E+0	156,424000E+3	12,000000E+0
823	442,000000E+0	10,760000E+0	15,343000E+0	156,509000E+3	12,000000E+0
824	-17,920000E+3	2,757250E+3	3,869184E+3	40,088064E+6	3,072000E+3
825	442,000000E+0	10,760000E+0	15,114000E+0	156,677000E+3	12,000000E+0
826	442,000000E+0	10,760000E+0	15,114000E+0	156,762000E+3	12,000000E+0
827	-17,920000E+3	2,757250E+3	3,869184E+3	40,152832E+6	3,072000E+3
828	442,000000E+0	10,760000E+0	15,343000E+0	156,932000E+3	12,000000E+0
829	21,760000E+3	-48,204800E+3	257,413060E+6	1,459618E+9	61,300000E+0
830	442,000000E+0	10,760000E+0	15,343000E+0	157,101000E+3	12,000000E+0
831	442,000000E+0	10,760000E+0	15,343000E+0	157,186000E+3	12,000000E+0
832	442,000000E+0	10,760000E+0	15,343000E+0	157,270000E+3	12,000000E+0
833	442,000000E+0	10,760000E+0	15,572000E+0	157,355000E+3	12,000000E+0
834	442,000000E+0	10,760000E+0	15,572000E+0	157,439000E+3	12,000000E+0
835	442,000000E+0	10,760000E+0	15,572000E+0	157,526000E+3	12,000000E+0
836	442,000000E+0	10,760000E+0	15,572000E+0	157,610000E+3	12,000000E+0
837	442,000000E+0	10,760000E+0	15,572000E+0	157,695000E+3	12,000000E+0
838	21,760000E+3	-48,204800E+3	265,097025E+6	1,392509E+9	61,600000E+0
839	-17,920000E+3	2,757250E+3	3,986432E+3	40,413184E+6	3,072000E+3
840	442,000000E+0	10,760000E+0	15,572000E+0	157,948000E+3	12,000000E+0
841	442,000000E+0	10,760000E+0	15,572000E+0	158,033000E+3	12,000000E+0
842	85,000000E+0	1,188980E+3	1,020528E+6	1,772421E+9	200,000000E-3
843	-17,920000E+3	2,757250E+3	3,986432E+3	40,499456E+6	3,072000E+3
844	85,000000E+0	1,188980E+3	1,020528E+6	1,783562E+9	200,000000E-3
845	442,000000E+0	10,760000E+0	15,343000E+0	158,373000E+3	12,000000E+0
846	442,000000E+0	10,760000E+0	15,343000E+0	158,464000E+3	12,000000E+0
847	442,000000E+0	10,760000E+0	15,343000E+0	158,563000E+3	12,000000E+0
848	442,000000E+0	10,760000E+0	15,114000E+0	158,668000E+3	12,000000E+0
849	442,000000E+0	10,760000E+0	15,114000E+0	158,754000E+3	12,000000E+0
850	442,000000E+0	10,760000E+0	15,343000E+0	158,838000E+3	12,000000E+0
851	442,000000E+0	10,760000E+0	15,343000E+0	158,924000E+3	12,000000E+0
852	442,000000E+0	10,760000E+0	15,114000E+0	159,030000E+3	12,000000E+0
853	442,000000E+0	10,760000E+0	15,343000E+0	159,115000E+3	12,000000E+0
854	442,000000E+0	10,760000E+0	15,343000E+0	159,198000E+3	12,000000E+0
855	442,000000E+0	10,760000E+0	15,343000E+0	159,282000E+3	12,000000E+0
856	442,000000E+0	10,760000E+0	15,343000E+0	159,368000E+3	12,000000E+0
857	442,000000E+0	10,760000E+0	15,572000E+0	159,454000E+3	12,000000E+0
858	442,000000E+0	10,760000E+0	15,572000E+0	159,537000E+3	12,000000E+0
859	442,000000E+0	10,760000E+0	15,572000E+0	159,622000E+3	12,000000E+0
860	442,000000E+0	10,760000E+0	15,572000E+0	159,709000E+3	12,000000E+0
861	442,000000E+0	10,760000E+0	15,572000E+0	159,791000E+3	12,000000E+0
862	442,000000E+0	10,760000E+0	15,572000E+0	159,874000E+3	12,000000E+0
863	442,000000E+0	10,760000E+0	15,572000E+0	159,961000E+3	12,000000E+0
864	442,000000E+0	10,760000E+0	15,343000E+0	160,044000E+3	12,000000E+0
865	442,000000E+0	10,760000E+0	15,343000E+0	160,128000E+3	12,000000E+0
866	442,000000E+0	10,760000E+0	15,343000E+0	160,212000E+3	12,000000E+0
867	442,000000E+0	10,760000E+0	15,343000E+0	160,297000E+3	12,000000E+0
868	442,000000E+0	10,760000E+0	15,343000E+0	160,381000E+3	12,000000E+0
869	442,000000E+0	10,760000E+0	15,343000E+0	160,465000E+3	12,000000E+0
870	442,000000E+0	10,760000E+0	15,343000E+0	160,550000E+3	12,000000E+0
871	442,000000E+0	10,760000E+0	15,114000E+0	160,633000E+3	12,000000E+0
872	442,000000E+0	10,760000E+0	15,114000E+0	160,719000E+3	12,000000E+0
873	442,000000E+0	10,760000E+0	15,114000E+0	160,804000E+3	12,000000E+0
874	442,000000E+0	10,760000E+0	15,114000E+0	160,889000E+3	12,000000E+0
875	442,000000E+0	10,760000E+0	15,114000E+0	160,973000E+3	12,000000E+0
876	442,000000E+0	10,760000E+0	15,343000E+0	161,058000E+3	12,000000E+0
877	442,000000E+0	10,760000E+0	15,343000E+0	161,143000E+3	12,000000E+0
878	442,000000E+0	10,760000E+0	15,343000E+0	161,227000E+3	12,000000E+0
879	442,000000E+0	10,760000E+0	15,572000E+0	161,312000E+3	12,000000E+0
880	442,000000E+0	10,760000E+0	15,572000E+0	161,396000E+3	12,000000E+0
881	442,000000E+0	10,760000E+0	15,572000E+0	161,481000E+3	12,000000E+0
882	442,000000E+0	10,760000E+0	15,801000E+0	161,566000E+3	12,000000E+0
883	442,000000E+0	10,760000E+0	15,572000E+0	161,651000E+3	12,000000E+0
884	442,000000E+0	10,760000E+0	15,572000E+0	161,736000E+3	12,000000E+0
885	442,000000E+0	10,760000E+0	15,801000E+0	161,822000E+3	12,000000E+0
886	442,000000E+0	10,760000E+0	15,801000E+0	161,905000E+3	12,000000E+0
887	442,000000E+0	10,760000E+0	15,572000E+0	161,992000E+3	12,000000E+0
888	442,000000E+0	10,760000E+0	15,572000E+0	162,076000E+3	12,000000E+0
889	442,000000E+0	10,760000E+0	15,572000E+0	162,159000E+3	12,000000E+0
890	442,000000E+0	10,760000E+0	15,572000E+0	162,244000E+3	12,000000E+0
891	442,000000E+0	10,760000E+0	15,343000E+0	162,328000E+3	12,000000E+0
892	442,000000E+0	10,760000E+0	15,343000E+0	162,414000E+3	12,000000E+0
893	442,000000E+0	10,760000E+0	15,343000E+0	162,499000E+3	12,000000E+0
894	442,000000E+0	10,760000E+0	15,343000E+0	162,584000E+3	12,000000E+0
895	442,000000E+0	10,760000E+0	15,343000E+0	162,668000E+3	12,000000E+0
896	442,000000E+0	10,760000E+0	15,343000E+0	162,751000E+3	12,000000E+0
897	442,000000E+0	10,760000E+0	15,343000E+0	162,837000E+3	12,000000E+0
898	442,000000E+0	10,760000E+0	15,343000E+0	162,922000E+3	12,000000E+0
899	442,000000E+0	10,760000E+0	15,343000E+0	163,008000E+3	12,000000E+0
900	442,000000E+0	10,760000E+0	15,114000E+0	163,091000E+3	12,000000E+0
901	442,000000E+0	10,760000E+0	15,343000E+0	163,177000E+3	12,000000E+0
902	442,000000E+0	10,760000E+0	15,343000E+0	163,262000E+3	12,000000E+0
903	442,000000E+0	10,760000E+0	15,343000E+0	163,347000E+3	12,000000E+0
904	442,000000E+0	10,760000E+0	15,343000E+0	163,432000E+3	12,000000E+0
905	442,000000E+0	10,760000E+0	15,343000E+0	163,517000E+3	12,000000E+0
906	442,000000E+0	10,760000E+0	15,343000E+0	163,601000E+3	12,000000E+0
907	442,000000E+0	10,760000E+0	15,343000E+0	163,686000E+3	12,000000E+0
908	442,000000E+0	10,760000E+0	15,572000E+0	163,771000E+3	12,000000E+0
909	442,000000E+0	10,760000E+0	15,343000E+0	163,854000E+3	12,000000E+0
910	442,000000E+0	10,760000E+0	15,572000E+0	163,937000E+3	12,000000E+0
911	442,000000E+0	10,760000E+0	15,572000E+0	164,023000E+3	12,000000E+0
912	442,000000E+0	10,760000E+0	15,572000E+0	164,107000E+3	12,000000E+0
913	442,000000E+0	10,760000E+0	15,343000E+0	164,192000E+3	12,000000E+0
914	442,000000E+0	10,760000E+0	15,343000E+0	164,275000E+3	12,000000E+0
915	442,000000E+0	10,760000E+0	15,343000E+0	164,359000E+3	12,000000E+0
916	442,000000E+0	10,760000E+0	15,343000E+0	164,443000E+3	12,000000E+0
917	442,000000E+0	10,760000E+0	15,343000E+0	164,528000E+3	12,000000E+0
918	442,000000E+0	10,760000E+0	15,343000E+0	164,612000E+3	12,000000E+0
919	442,000000E+0	10,760000E+0	15,114000E+0	164,696000E+3	12,000000E+0
920	442,000000E+0	10,760000E+0	15,114000E+0	164,782000E+3	12,000000E+0
921	442,000000E+0	10,760000E+0	15,114000E+0	164,866000E+3	12,000000E+0
922	442,000000E+0	10,760000E+0	15,343000E+0	164,952000E+3	12,000000E+0
923	442,000000E+0	10,760000E+0	15,343000E+0	165,036000E+3	12,000000E+0
924	442,000000E+0	10,760000E+0	15,343000E+0	165,120000E+3	12,000000E+0
925	442,000000E+0	10,760000E+0	15,343000E+0	165,206000E+3	12,000000E+0
926	442,000000E+0	10,760000E+0	15,343000E+0	165,290000E+3	12,000000E+0
927	442,000000E+0	10,760000E+0	15,343000E+0	165,376000E+3	12,000000E+0
928	442,000000E+0	10,760000E+0	15,343000E+0	165,459000E+3	12,000000E+0
929	442,000000E+0	10,760000E+0	15,572000E+0	165,544000E+3	12,000000E+0
930	442,000000E+0	10,760000E+0	15,572000E+0	165,628000E+3	12,000000E+0
931	442,000000E+0	10,760000E+0	15,572000E+0	165,715000E+3	12,000000E+0
932	442,000000E+0	10,760000E+0	15,572000E+0	165,798000E+3	12,000000E+0
933	442,000000E+0	10,760000E+0	15,801000E+0	165,884000E+3	12,000000E+0
934	442,000000E+0	10,760000E+0	15,801000E+0	165,969000E+3	12,000000E+0
935	442,000000E+0	10,760000E+0	15,801000E+0	166,054000E+3	12,000000E+0
936	442,000000E+0	10,760000E+0	15,572000E+0	166,138000E+3	12,000000E+0
937	442,000000E+0	10,760000E+0	15,572000E+0	166,224000E+3	12,000000E+0
938	442,000000E+0	10,760000E+0	15,572000E+0	166,308000E+3	12,000000E+0
939	442,000000E+0	10,760000E+0	15,572000E+0	166,391000E+3	12,000000E+0
940	442,000000E+0	10,760000E+0	15,343000E+0	166,477000E+3	12,000000E+0
941	442,000000E+0	10,760000E+0	15,343000E+0	166,562000E+3	12,000000E+0
942	442,000000E+0	10,760000E+0	15,343000E+0	166,648000E+3	12,000000E+0
943	442,000000E+0	10,760000E+0	15,343000E+0	166,732000E+3	12,000000E+0
944	442,000000E+0	10,760000E+0	15,343000E+0	166,817000E+3	12,000000E+0
945	442,000000E+0	10,760000E+0	15,114000E+0	166,903000E+3	12,000000E+0
946	442,000000E+0	10,760000E+0	15,114000E+0	166,986000E+3	12,000000E+0
947	442,000000E+0	10,760000E+0	15,114000E+0	167,071000E+3	12,000000E+0
948	442,000000E+0	10,760000E+0	15,114000E+0	167,156000E+3	12,000000E+0
949	442,000000E+0	10,760000E+0	15,114000E+0	167,240000E+3	12,000000E+0
950	442,000000E+0	10,760000E+0	15,114000E+0	167,324000E+3	12,000000E+0
951	442,000000E+0	10,760000E+0	15,343000E+0	167,410000E+3	12,000000E+0
952	442,000000E+0	10,760000E+0	15,343000E+0	167,495000E+3	12,000000E+0
953	442,000000E+0	10,760000E+0	15,343000E+0	167,580000E+3	12,000000E+0
954	442,000000E+0	10,760000E+0	15,343000E+0	167,665000E+3	12,000000E+0
955	442,000000E+0	10,760000E+0	15,343000E+0	167,748000E+3	12,000000E+0
956	442,000000E+0	10,760000E+0	15,572000E+0	167,834000E+3	12,000000E+0
957	442,000000E+0	10,760000E+0	15,572000E+0	167,919000E+3	12,000000E+0
958	442,000000E+0	10,760000E+0	15,572000E+0	168,001000E+3	12,000000E+0
959	442,000000E+0	10,760000E+0	15,572000E+0	168,085000E+3	12,000000E+0
960	442,000000E+0	10,760000E+0	15,572000E+0	168,172000E+3	12,000000E+0
961	442,000000E+0	10,760000E+0	15,572000E+0	168,257000E+3	12,000000E+0
962	442,000000E+0	10,760000E+0	15,343000E+0	168,340000E+3	12,000000E+0
963	442,000000E+0	10,760000E+0	15,343000E+0	168,424000E+3	12,000000E+0
964	442,000000E+0	10,760000E+0	15,343000E+0	168,508000E+3	12,000000E+0
965	442,000000E+0	10,760000E+0	15,114000E+0	168,593000E+3	12,000000E+0
966	442,000000E+0	10,760000E+0	15,114000E+0	168,676000E+3	12,000000E+0
967	442,000000E+0	10,760000E+0	15,343000E+0	168,761000E+3	12,000000E+0
968	442,000000E+0	10,760000E+0	15,114000E+0	168,844000E+3	12,000000E+0
969	442,000000E+0	10,760000E+0	15,114000E+0	168,930000E+3	12,000000E+0
970	442,000000E+0	10,760000E+0	15,114000E+0	169,015000E+3	12,000000E+0
971	442,000000E+0	10,760000E+0	15,343000E+0	169,099000E+3	12,000000E+0
972	442,000000E+0	10,760000E+0	15,343000E+0	169,183000E+3	12,000000E+0
973	442,000000E+0	10,760000E+0	15,343000E+0	169,269000E+3	12,000000E+0
974	442,000000E+0	10,760000E+0	15,343000E+0	169,355000E+3	12,000000E+0
975	442,000000E+0	10,760000E+0	15,343000E+0	169,439000E+3	12,000000E+0
976	442,000000E+0	10,760000E+0	15,343000E+0	169,524000E+3	12,000000E+0
977	442,000000E+0	10,760000E+0	15,572000E+0	169,608000E+3	12,000000E+0
978	442,000000E+0	10,760000E+0	15,572000E+0	169,693000E+3	12,000000E+0
979	442,000000E+0	10,760000E+0	15,572000E+0	169,778000E+3	12,000000E+0
980	442,000000E+0	10,760000E+0	15,572000E+0	169,863000E+3	12,000000E+0
981	442,000000E+0	10,760000E+0	15,801000E+0	169,949000E+3	12,000000E+0
982	442,000000E+0	10,760000E+0	15,801000E+0	170,032000E+3	12,000000E+0
983	442,000000E+0	10,760000E+0	15,801000E+0	170,118000E+3	12,000000E+0
984	442,000000E+0	10,760000E+0	15,572000E+0	170,203000E+3	12,000000E+0
985	442,000000E+0	10,760000E+0	15,572000E+0	170,287000E+3	12,000000E+0
986	442,000000E+0	10,760000E+0	15,572000E+0	170,372000E+3	12,000000E+0
987	442,000000E+0	10,760000E+0	15,343000E+0	170,457000E+3	12,000000E+0
988	442,000000E+0	10,760000E+0	15,343000E+0	170,541000E+3	12,000000E+0
989	442,000000E+0	10,760000E+0	15,343000E+0	170,626000E+3	12,000000E+0
990	442,000000E+0	10,760000E+0	15,343000E+0	170,711000E+3	12,000000E+0
991	442,000000E+0	10,760000E+0	15,343000E+0	170,796000E+3	12,000000E+0
992	442,000000E+0	10,760000E+0	15,114000E+0	170,880000E+3	12,000000E+0
993	442,000000E+0	10,760000E+0	15,114000E+0	170,965000E+3	12,000000E+0
994	442,000000E+0	10,760000E+0	15,114000E+0	171,050000E+3	12,000000E+0
995	442,000000E+0	10,760000E+0	15,343000E+0	171,135000E+3	12,000000E+0
996	442,000000E+0	10,760000E+0	15,343000E+0	171,220000E+3	12,000000E+0
997	442,000000E+0	10,760000E+0	15,343000E+0	171,305000E+3	12,000000E+0
998	442,000000E+0	10,760000E+0	15,343000E+0	171,389000E+3	12,000000E+0
999	442,000000E+0	10,760000E+0	15,343000E+0	171,474000E+3	12,000000E+0
1000	442,000000E+0	10,760000E+0	15,343000E+0	171,560000E+3	12,000000E+0
1001	442,000000E+0	10,760000E+0	15,343000E+0	171,644000E+3	12,000000E+0
1002	442,000000E+0	10,760000E+0	15,572000E+0	171,729000E+3	12,000000E+0
1003	442,000000E+0	10,760000E+0	15,343000E+0	171,813000E+3	12,000000E+0
1004	442,000000E+0	10,760000E+0	15,572000E+0	171,898000E+3	12,000000E+0
1005	442,000000E+0	10,760000E+0	15,572000E+0	171,984000E+3	12,000000E+0
1006	442,000000E+0	10,760000E+0	15,572000E+0	172,067000E+3	12,000000E+0
1007	442,000000E+0	10,760000E+0	15,572000E+0	172,150000E+3	12,000000E+0
1008	442,000000E+0	10,760000E+0	15,572000E+0	172,236000E+3	12,000000E+0
1009	442,000000E+0	10,760000E+0	15,572000E+0	172,321000E+3	12,000000E+0
1010	442,000000E+0	10,760000E+0	15,343000E+0	172,405000E+3	12,000000E+0
1011	442,000000E+0	10,760000E+0	15,343000E+0	172,488000E+3	12,000000E+0
1012	442,000000E+0	10,760000E+0	15,343000E+0	172,574000E+3	12,000000E+0
1013	442,000000E+0	10,760000E+0	15,343000E+0	172,658000E+3	12,000000E+0
1014	442,000000E+0	10,760000E+0	15,343000E+0	172,741000E+3	12,000000E+0
1015	442,000000E+0	10,760000E+0	15,343000E+0	172,826000E+3	12,000000E+0
1016	442,000000E+0	10,760000E+0	15,114000E+0	172,910000E+3	12,000000E+0
1017	442,000000E+0	10,760000E+0	15,114000E+0	172,996000E+3	12,000000E+0
1018	442,000000E+0	10,760000E+0	15,114000E+0	173,078000E+3	12,000000E+0
1019	442,000000E+0	10,760000E+0	15,343000E+0	173,165000E+3	12,000000E+0
1020	442,000000E+0	10,760000E+0	15,343000E+0	173,249000E+3	12,000000E+0
1021	442,000000E+0	10,760000E+0	15,343000E+0	173,334000E+3	12,000000E+0
1022	442,000000E+0	10,760000E+0	15,343000E+0	173,420000E+3	12,000000E+0
1023	442,000000E+0	10,760000E+0	15,343000E+0	173,504000E+3	12,000000E+0
1024	442,000000E+0	10,760000E+0	15,343000E+0	173,589000E+3	12,000000E+0
1025	442,000000E+0	10,760000E+0	15,572000E+0	173,673000E+3	12,000000E+0
1026	442,000000E+0	10,760000E+0	15,572000E+0	173,758000E+3	12,000000E+0
1027	442,000000E+0	10,760000E+0	15,572000E+0	173,842000E+3	12,000000E+0
1028	442,000000E+0	10,760000E+0	15,572000E+0	173,928000E+3	12,000000E+0
1029	442,000000E+0	10,760000E+0	15,572000E+0	174,012000E+3	12,000000E+0
1030	442,000000E+0	10,760000E+0	15,572000E+0	174,098000E+3	12,000000E+0
1031	442,000000E+0	10,760000E+0	15,801000E+0	174,182000E+3	12,000000E+0
1032	442,000000E+0	10,760000E+0	15,572000E+0	174,267000E+3	12,000000E+0
1033	442,000000E+0	10,760000E+0	15,572000E+0	174,353000E+3	12,000000E+0
1034	442,000000E+0	10,760000E+0	15,572000E+0	174,437000E+3	12,000000E+0
1035	442,000000E+0	10,760000E+0	15,572000E+0	174,522000E+3	12,000000E+0
1036	442,000000E+0	10,760000E+0	15,572000E+0	174,606000E+3	12,000000E+0
1037	442,000000E+0	10,760000E+0	15,343000E+0	174,692000E+3	12,000000E+0
1038	442,000000E+0	10,760000E+0	15,343000E+0	174,776000E+3	12,000000E+0
1039	442,000000E+0	10,760000E+0	15,343000E+0	174,861000E+3	12,000000E+0
1040	442,000000E+0	10,760000E+0	15,114000E+0	174,945000E+3	12,000000E+0
1041	442,000000E+0	10,760000E+0	15,343000E+0	175,029000E+3	12,000000E+0
1042	442,000000E+0	10,760000E+0	15,343000E+0	175,115000E+3	12,000000E+0
1043	442,000000E+0	10,760000E+0	15,343000E+0	175,201000E+3	12,000000E+0
1044	442,000000E+0	10,760000E+0	15,343000E+0	175,287000E+3	12,000000E+0
1045	442,000000E+0	10,760000E+0	15,343000E+0	175,370000E+3	12,000000E+0
1046	442,000000E+0	10,760000E+0	15,114000E+0	175,455000E+3	12,000000E+0
1047	442,000000E+0	10,760000E+0	15,343000E+0	175,540000E+3	12,000000E+0
1048	442,000000E+0	10,760000E+0	15,343000E+0	175,626000E+3	12,000000E+0
1049	442,000000E+0	10,760000E+0	15,343000E+0	175,710000E+3	12,000000E+0
1050	442,000000E+0	8,070000E+0	15,343000E+0	175,794000E+3	12,000000E+0
1051	442,000000E+0	10,760000E+0	15,343000E+0	175,880000E+3	12,000000E+0
1052	442,000000E+0	10,760000E+0	15,572000E+0	175,964000E+3	12,000000E+0
1053	442,000000E+0	10,760000E+0	15,572000E+0	176,049000E+3	12,000000E+0
1054	442,000000E+0	10,760000E+0	15,572000E+0	176,134000E+3	12,000000E+0
1055	442,000000E+0	10,760000E+0	15,572000E+0	176,217000E+3	12,000000E+0
1056	442,000000E+0	10,760000E+0	15,343000E+0	176,301000E+3	12,000000E+0
1057	442,000000E+0	10,760000E+0	15,572000E+0	176,386000E+3	12,000000E+0
1058	442,000000E+0	10,760000E+0	15,343000E+0	176,470000E+3	12,000000E+0
1059	442,000000E+0	10,760000E+0	15,343000E+0	176,554000E+3	12,000000E+0
1060	442,000000E+0	10,760000E+0	15,343000E+0	176,639000E+3	12,000000E+0
1061	442,000000E+0	10,760000E+0	15,343000E+0	176,723000E+3	12,000000E+0
1062	442,000000E+0	10,760000E+0	15,343000E+0	176,808000E+3	12,000000E+0
1063	442,000000E+0	10,760000E+0	15,343000E+0	176,893000E+3	12,000000E+0
1064	442,000000E+0	10,760000E+0	15,114000E+0	176,977000E+3	12,000000E+0
1065	442,000000E+0	10,760000E+0	15,114000E+0	177,061000E+3	12,000000E+0
1066	442,000000E+0	10,760000E+0	15,114000E+0	177,147000E+3	12,000000E+0
1067	442,000000E+0	10,760000E+0	15,114000E+0	177,230000E+3	12,000000E+0
1068	442,000000E+0	10,760000E+0	15,343000E+0	177,315000E+3	12,000000E+0
1069	442,000000E+0	10,760000E+0	15,343000E+0	177,400000E+3	12,000000E+0
1070	442,000000E+0	10,760000E+0	15,343000E+0	177,485000E+3	12,000000E+0
1071	442,000000E+0	10,760000E+0	15,343000E+0	177,571000E+3	12,000000E+0
1072	442,000000E+0	10,760000E+0	15,343000E+0	177,655000E+3	12,000000E+0
1073	442,000000E+0	10,760000E+0	15,343000E+0	177,739000E+3	12,000000E+0
1074	442,000000E+0	10,760000E+0	15,572000E+0	177,824000E+3	12,000000E+0
1075	442,000000E+0	10,760000E+0	15,572000E+0	177,908000E+3	12,000000E+0
1076	442,000000E+0	10,760000E+0	15,572000E+0	177,994000E+3	12,000000E+0
1077	442,000000E+0	10,760000E+0	15,572000E+0	178,079000E+3	12,000000E+0
1078	442,000000E+0	10,760000E+0	15,572000E+0	178,163000E+3	12,000000E+0
1079	442,000000E+0	10,760000E+0	15,572000E+0	178,249000E+3	12,000000E+0
1080	442,000000E+0	10,760000E+0	15,801000E+0	178,333000E+3	12,000000E+0
1081	442,000000E+0	10,760000E+0	15,572000E+0	178,418000E+3	12,000000E+0
1082	442,000000E+0	10,760000E+0	15,801000E+0	178,503000E+3	12,000000E+0
1083	442,000000E+0	10,760000E+0	15,572000E+0	178,587000E+3	12,000000E+0
1084	442,000000E+0	10,760000E+0	15,572000E+0	178,671000E+3	12,000000E+0
1085	442,000000E+0	10,760000E+0	15,572000E+0	178,758000E+3	12,000000E+0
1086	442,000000E+0	10,760000E+0	15,343000E+0	178,843000E+3	12,000000E+0
1087	442,000000E+0	10,760000E+0	15,343000E+0	178,928000E+3	12,000000E+0
1088	442,000000E+0	10,760000E+0	15,114000E+0	179,012000E+3	12,000000E+0
1089	442,000000E+0	10,760000E+0	15,114000E+0	179,097000E+3	12,000000E+0
1090	442,000000E+0	10,760000E+0	15,114000E+0	179,181000E+3	12,000000E+0
1091	442,000000E+0	10,760000E+0	15,114000E+0	179,267000E+3	12,000000E+0
1092	442,000000E+0	10,760000E+0	15,343000E+0	179,353000E+3	12,000000E+0
1093	442,000000E+0	10,760000E+0	15,343000E+0	179,437000E+3	12,000000E+0
1094	442,000000E+0	10,760000E+0	15,114000E+0	179,521000E+3	12,000000E+0
1095	442,000000E+0	10,760000E+0	15,114000E+0	179,606000E+3	12,000000E+0
1096	442,000000E+0	10,760000E+0	15,114000E+0	179,691000E+3	12,000000E+0
1097	442,000000E+0	10,760000E+0	15,343000E+0	179,776000E+3	12,000000E+0
1098	442,000000E+0	10,760000E+0	15,343000E+0	179,860000E+3	12,000000E+0
1099	442,000000E+0	10,760000E+0	15,572000E+0	179,945000E+3	12,000000E+0
1100	442,000000E+0	10,760000E+0	15,572000E+0	180,030000E+3	12,000000E+0
1101	442,000000E+0	10,760000E+0	15,572000E+0	180,116000E+3	12,000000E+0
1102	442,000000E+0	10,760000E+0	15,572000E+0	180,201000E+3	12,000000E+0
1103	442,000000E+0	10,760000E+0	15,572000E+0	180,283000E+3	12,000000E+0
1104	442,000000E+0	10,760000E+0	15,343000E+0	180,366000E+3	12,000000E+0
1105	442,000000E+0	10,760000E+0	15,572000E+0	180,452000E+3	12,000000E+0
1106	442,000000E+0	10,760000E+0	15,572000E+0	180,537000E+3	12,000000E+0
1107	442,000000E+0	10,760000E+0	15,343000E+0	180,621000E+3	12,000000E+0
1108	442,000000E+0	10,760000E+0	15,343000E+0	180,706000E+3	12,000000E+0
1109	442,000000E+0	10,760000E+0	15,343000E+0	180,790000E+3	12,000000E+0
1110	442,000000E+0	10,760000E+0	15,343000E+0	180,875000E+3	12,000000E+0
1111	442,000000E+0	10,760000E+0	15,114000E+0	180,958000E+3	12,000000E+0
1112	442,000000E+0	10,760000E+0	15,343000E+0	181,043000E+3	12,000000E+0
1113	442,000000E+0	10,760000E+0	15,114000E+0	181,126000E+3	12,000000E+0
1114	442,000000E+0	10,760000E+0	15,114000E+0	181,213000E+3	12,000000E+0
1115	442,000000E+0	10,760000E+0	15,114000E+0	181,297000E+3	12,000000E+0
1116	442,000000E+0	10,760000E+0	15,343000E+0	181,381000E+3	12,000000E+0
1117	442,000000E+0	10,760000E+0	15,343000E+0	181,466000E+3	12,000000E+0
1118	442,000000E+0	10,760000E+0	15,343000E+0	181,551000E+3	12,000000E+0
1119	442,000000E+0	10,760000E+0	15,343000E+0	181,636000E+3	12,000000E+0
1120	442,000000E+0	10,760000E+0	15,343000E+0	181,720000E+3	12,000000E+0
1121	442,000000E+0	10,760000E+0	15,572000E+0	181,805000E+3	12,000000E+0
1122	442,000000E+0	10,760000E+0	15,572000E+0	181,890000E+3	12,000000E+0
1123	442,000000E+0	10,760000E+0	15,572000E+0	181,976000E+3	12,000000E+0
1124	442,000000E+0	10,760000E+0	15,572000E+0	182,061000E+3	12,000000E+0
1125	442,000000E+0	10,760000E+0	15,801000E+0	182,147000E+3	12,000000E+0
1126	442,000000E+0	10,760000E+0	15,572000E+0	182,231000E+3	12,000000E+0
1127	442,000000E+0	10,760000E+0	15,572000E+0	182,315000E+3	12,000000E+0
1128	442,000000E+0	10,760000E+0	15,801000E+0	182,400000E+3	12,000000E+0
1129	442,000000E+0	10,760000E+0	15,572000E+0	182,486000E+3	12,000000E+0
1130	442,000000E+0	10,760000E+0	15,572000E+0	182,570000E+3	12,000000E+0
1131	442,000000E+0	10,760000E+0	15,572000E+0	182,653000E+3	12,000000E+0
1132	442,000000E+0	10,760000E+0	15,572000E+0	182,740000E+3	12,000000E+0
1133	442,000000E+0	10,760000E+0	15,343000E+0	182,825000E+3	12,000000E+0
1134	442,000000E+0	10,760000E+0	15,343000E+0	182,911000E+3	12,000000E+0
1135	442,000000E+0	10,760000E+0	15,114000E+0	182,995000E+3	12,000000E+0
1136	442,000000E+0	10,760000E+0	15,114000E+0	183,079000E+3	12,000000E+0
1137	442,000000E+0	10,760000E+0	15,343000E+0	183,163000E+3	12,000000E+0
1138	442,000000E+0	10,760000E+0	15,343000E+0	183,249000E+3	12,000000E+0
1139	442,000000E+0	10,760000E+0	15,114000E+0	183,334000E+3	12,000000E+0
1140	442,000000E+0	10,760000E+0	15,343000E+0	183,417000E+3	12,000000E+0
1141	442,000000E+0	10,760000E+0	15,343000E+0	183,504000E+3	12,000000E+0
1142	442,000000E+0	10,760000E+0	15,114000E+0	183,588000E+3	12,000000E+0
1143	442,000000E+0	10,760000E+0	15,343000E+0	183,672000E+3	12,000000E+0
1144	442,000000E+0	10,760000E+0	15,343000E+0	183,758000E+3	12,000000E+0
1145	442,000000E+0	10,760000E+0	15,343000E+0	183,843000E+3	12,000000E+0
1146	442,000000E+0	10,760000E+0	15,343000E+0	183,927000E+3	12,000000E+0
1147	442,000000E+0	10,760000E+0	15,572000E+0	184,013000E+3	12,000000E+0
1148	442,000000E+0	10,760000E+0	15,343000E+0	184,097000E+3	12,000000E+0
1149	442,000000E+0	10,760000E+0	15,572000E+0	184,182000E+3	12,000000E+0
1150	442,000000E+0	10,760000E+0	15,572000E+0	184,268000E+3	12,000000E+0
1151	442,000000E+0	10,760000E+0	15,572000E+0	184,352000E+3	12,000000E+0
1152	442,000000E+0	10,760000E+0	15,572000E+0	184,435000E+3	12,000000E+0
1153	442,000000E+0	10,760000E+0	15,343000E+0	184,520000E+3	12,000000E+0
1154	442,000000E+0	10,760000E+0	15,572000E+0	184,603000E+3	12,000000E+0
1155	442,000000E+0	10,760000E+0	15,343000E+0	184,688000E+3	12,000000E+0
1156	442,000000E+0	10,760000E+0	15,343000E+0	184,773000E+3	12,000000E+0
1157	442,000000E+0	10,760000E+0	15,343000E+0	184,857000E+3	12,000000E+0
1158	442,000000E+0	10,760000E+0	15,343000E+0	184,943000E+3	12,000000E+0
1159	442,000000E+0	10,760000E+0	15,343000E+0	185,027000E+3	12,000000E+0
1160	442,000000E+0	10,760000E+0	15,114000E+0	185,111000E+3	12,000000E+0
1161	442,000000E+0	10,760000E+0	15,343000E+0	185,195000E+3	12,000000E+0
1162	442,000000E+0	10,760000E+0	15,114000E+0	185,280000E+3	12,000000E+0
1163	442,000000E+0	10,760000E+0	15,343000E+0	185,364000E+3	12,000000E+0
1164	442,000000E+0	10,760000E+0	15,343000E+0	185,451000E+3	12,000000E+0
1165	442,000000E+0	10,760000E+0	15,343000E+0	185,534000E+3	12,000000E+0
1166	442,000000E+0	10,760000E+0	15,343000E+0	185,619000E+3	12,000000E+0
1167	442,000000E+0	10,760000E+0	15,343000E+0	185,704000E+3	12,000000E+0
1168	442,000000E+0	10,760000E+0	15,343000E+0	185,788000E+3	12,000000E+0
1169	442,000000E+0	10,760000E+0	15,572000E+0	185,873000E+3	12,000000E+0
1170	442,000000E+0	10,760000E+0	15,572000E+0	185,958000E+3	12,000000E+0
1171	442,000000E+0	10,760000E+0	15,572000E+0	186,044000E+3	12,000000E+0
1172	442,000000E+0	10,760000E+0	15,572000E+0	186,128000E+3	12,000000E+0
1173	442,000000E+0	10,760000E+0	15,572000E+0	186,213000E+3	12,000000E+0
1174	442,000000E+0	10,760000E+0	15,801000E+0	186,298000E+3	12,000000E+0
1175	442,000000E+0	10,760000E+0	15,801000E+0	186,384000E+3	12,000000E+0
1176	442,000000E+0	10,760000E+0	15,801000E+0	186,469000E+3	12,000000E+0
1177	442,000000E+0	10,760000E+0	15,572000E+0	186,554000E+3	12,000000E+0
1178	442,000000E+0	10,760000E+0	15,572000E+0	186,638000E+3	12,000000E+0
1179	442,000000E+0	10,760000E+0	15,572000E+0	186,721000E+3	12,000000E+0
1180	442,000000E+0	10,760000E+0	15,572000E+0	186,806000E+3	12,000000E+0
1181	442,000000E+0	10,760000E+0	15,572000E+0	186,890000E+3	12,000000E+0
1182	442,000000E+0	10,760000E+0	15,572000E+0	186,977000E+3	12,000000E+0
1183	442,000000E+0	10,760000E+0	15,343000E+0	187,077000E+3	12,000000E+0
1184	442,000000E+0	10,760000E+0	15,114000E+0	187,168000E+3	12,000000E+0
1185	442,000000E+0	10,760000E+0	15,114000E+0	187,273000E+3	12,000000E+0
1186	442,000000E+0	10,760000E+0	15,114000E+0	187,381000E+3	12,000000E+0
1187	442,000000E+0	10,760000E+0	15,114000E+0	187,465000E+3	12,000000E+0
1188	442,000000E+0	10,760000E+0	15,114000E+0	187,551000E+3	12,000000E+0
1189	442,000000E+0	10,760000E+0	15,114000E+0	187,635000E+3	12,000000E+0
1190	442,000000E+0	10,760000E+0	15,343000E+0	187,719000E+3	12,000000E+0
1191	442,000000E+0	10,760000E+0	15,114000E+0	187,804000E+3	12,000000E+0
1192	442,000000E+0	10,760000E+0	15,343000E+0	187,891000E+3	12,000000E+0
1193	442,000000E+0	10,760000E+0	15,343000E+0	187,975000E+3	12,000000E+0
1194	442,000000E+0	10,760000E+0	15,343000E+0	188,059000E+3	12,000000E+0
1195	442,000000E+0	10,760000E+0	15,572000E+0	188,144000E+3	12,000000E+0
1196	442,000000E+0	10,760000E+0	15,343000E+0	188,229000E+3	12,000000E+0
1197	442,000000E+0	10,760000E+0	15,572000E+0	188,314000E+3	12,000000E+0
1198	442,000000E+0	10,760000E+0	15,572000E+0	188,399000E+3	12,000000E+0
1199	442,000000E+0	10,760000E+0	15,572000E+0	188,483000E+3	12,000000E+0
1200	442,000000E+0	10,760000E+0	15,572000E+0	188,567000E+3	12,000000E+0
1201	442,000000E+0	10,760000E+0	15,572000E+0	188,651000E+3	12,000000E+0
1202	442,000000E+0	10,760000E+0	15,572000E+0	188,736000E+3	12,000000E+0
1203	442,000000E+0	10,760000E+0	15,343000E+0	188,820000E+3	12,000000E+0
1204	442,000000E+0	10,760000E+0	15,343000E+0	188,904000E+3	12,000000E+0
1205	442,000000E+0	10,760000E+0	15,343000E+0	188,989000E+3	12,000000E+0
1206	442,000000E+0	10,760000E+0	15,343000E+0	189,074000E+3	12,000000E+0
1207	442,000000E+0	10,760000E+0	15,343000E+0	189,160000E+3	12,000000E+0
1208	442,000000E+0	10,760000E+0	15,343000E+0	189,243000E+3	12,000000E+0
1209	442,000000E+0	10,760000E+0	15,114000E+0	189,327000E+3	12,000000E+0
1210	442,000000E+0	10,760000E+0	15,114000E+0	189,411000E+3	12,000000E+0
1211	442,000000E+0	10,760000E+0	15,114000E+0	189,497000E+3	12,000000E+0
1212	442,000000E+0	10,760000E+0	15,343000E+0	189,581000E+3	12,000000E+0
1213	442,000000E+0	10,760000E+0	15,343000E+0	189,667000E+3	12,000000E+0
1214	442,000000E+0	10,760000E+0	15,343000E+0	189,751000E+3	12,000000E+0
1215	442,000000E+0	10,760000E+0	15,343000E+0	189,837000E+3	12,000000E+0
1216	442,000000E+0	10,760000E+0	15,343000E+0	189,920000E+3	12,000000E+0
1217	442,000000E+0	10,760000E+0	15,343000E+0	190,004000E+3	12,000000E+0
1218	442,000000E+0	10,760000E+0	15,572000E+0	190,090000E+3	12,000000E+0
1219	442,000000E+0	10,760000E+0	15,572000E+0	190,175000E+3	12,000000E+0
1220	442,000000E+0	10,760000E+0	15,572000E+0	190,260000E+3	12,000000E+0
1221	442,000000E+0	10,760000E+0	15,801000E+0	190,346000E+3	12,000000E+0
1222	442,000000E+0	10,760000E+0	15,801000E+0	190,432000E+3	12,000000E+0
1223	442,000000E+0	10,760000E+0	15,572000E+0	190,516000E+3	12,000000E+0
1224	442,000000E+0	10,760000E+0	15,801000E+0	190,600000E+3	12,000000E+0
1225	442,000000E+0	10,760000E+0	15,572000E+0	190,687000E+3	12,000000E+0
1226	442,000000E+0	10,760000E+0	15,572000E+0	190,770000E+3	12,000000E+0
1227	442,000000E+0	10,760000E+0	15,572000E+0	190,853000E+3	12,000000E+0
1228	442,000000E+0	10,760000E+0	15,572000E+0	190,939000E+3	12,000000E+0
1229	442,000000E+0	10,760000E+0	15,343000E+0	191,025000E+3	12,000000E+0
1230	442,000000E+0	10,760000E+0	15,343000E+0	191,110000E+3	12,000000E+0
1231	442,000000E+0	10,760000E+0	15,343000E+0	191,194000E+3	12,000000E+0
1232	442,000000E+0	10,760000E+0	15,114000E+0	191,279000E+3	12,000000E+0
1233	442,000000E+0	10,760000E+0	15,114000E+0	191,363000E+3	12,000000E+0
1234	442,000000E+0	10,760000E+0	15,114000E+0	191,449000E+3	12,000000E+0
1235	442,000000E+0	10,760000E+0	15,114000E+0	191,534000E+3	12,000000E+0
1236	442,000000E+0	10,760000E+0	15,114000E+0	191,617000E+3	12,000000E+0
1237	442,000000E+0	10,760000E+0	15,343000E+0	191,704000E+3	12,000000E+0
1238	442,000000E+0	10,760000E+0	15,114000E+0	191,788000E+3	12,000000E+0
1239	442,000000E+0	10,760000E+0	15,114000E+0	191,872000E+3	12,000000E+0
1240	442,000000E+0	10,760000E+0	15,343000E+0	191,958000E+3	12,000000E+0
1241	442,000000E+0	10,760000E+0	15,343000E+0	192,043000E+3	12,000000E+0
1242	442,000000E+0	10,760000E+0	15,343000E+0	192,128000E+3	12,000000E+0
1243	442,000000E+0	10,760000E+0	15,572000E+0	192,212000E+3	12,000000E+0
1244	442,000000E+0	10,760000E+0	15,572000E+0	192,296000E+3	12,000000E+0
1245	442,000000E+0	10,760000E+0	15,572000E+0	192,382000E+3	12,000000E+0
1246	442,000000E+0	10,760000E+0	15,572000E+0	192,467000E+3	12,000000E+0
1247	442,000000E+0	10,760000E+0	15,572000E+0	192,550000E+3	12,000000E+0
1248	442,000000E+0	10,760000E+0	15,572000E+0	192,634000E+3	12,000000E+0
1249	442,000000E+0	10,760000E+0	15,572000E+0	192,721000E+3	12,000000E+0
1250	442,000000E+0	10,760000E+0	15,572000E+0	192,806000E+3	12,000000E+0
1251	442,000000E+0	10,760000E+0	15,343000E+0	192,889000E+3	12,000000E+0
