vendredi 22 décembre 2023	16:48:55	Sampling Period : 40  ms		
Unities: time [sample], PWM [raw], Current [mA], velocity [rev/min], Position [pulse], Present Input Voltage [V]

t	DXL_PWM		DXL_Current		DXL_Velocity		DXL_Position		DXL_Input_Voltage
0	7,000000E+0	0,000000E+0	0,000000E+0	1,023000E+3	12,000000E+0
1	65,353000E+3	176,235350E+3	0,000000E+0	1,020000E+3	12,000000E+0
2	65,261000E+3	176,227280E+3	-3,664000E+0	996,000000E+0	12,000000E+0
3	65,261000E+3	176,232660E+3	-5,725000E+0	963,000000E+0	12,000000E+0
4	65,268000E+3	176,235350E+3	-5,954000E+0	928,000000E+0	12,000000E+0
5	65,289000E+3	176,240730E+3	-5,725000E+0	896,000000E+0	12,000000E+0
6	65,303000E+3	176,240730E+3	-5,267000E+0	865,000000E+0	12,000000E+0
7	65,332000E+3	176,256870E+3	-5,038000E+0	837,000000E+0	12,000000E+0
8	65,360000E+3	176,254180E+3	-4,351000E+0	813,000000E+0	12,000000E+0
9	65,381000E+3	176,256870E+3	-3,893000E+0	791,000000E+0	12,000000E+0
10	65,416000E+3	176,267630E+3	-3,206000E+0	772,000000E+0	12,000000E+0
11	65,437000E+3	176,273010E+3	-2,748000E+0	758,000000E+0	12,000000E+0
12	65,472000E+3	176,283770E+3	-2,061000E+0	746,000000E+0	12,000000E+0
13	65,514000E+3	0,000000E+0	-1,145000E+0	740,000000E+0	12,000000E+0
14	65,451000E+3	176,273010E+3	-458,000000E-3	737,000000E+0	12,000000E+0
15	65,205000E+3	176,192310E+3	-1,832000E+0	721,000000E+0	12,000000E+0
16	65,036000E+3	176,176170E+3	-7,099000E+0	677,000000E+0	12,000000E+0
17	64,987000E+3	176,168100E+3	-10,992000E+0	615,000000E+0	12,000000E+0
18	65,100000E+3	176,216520E+3	-11,908000E+0	548,000000E+0	12,000000E+0
19	65,353000E+3	176,283770E+3	-9,389000E+0	498,000000E+0	12,000000E+0
20	91,000000E+0	40,350000E+0	-3,893000E+0	479,000000E+0	12,000000E+0
21	323,000000E+0	83,390000E+0	1,603000E+0	495,000000E+0	12,000000E+0
22	365,000000E+0	78,010000E+0	6,641000E+0	535,000000E+0	12,000000E+0
23	281,000000E+0	40,350000E+0	7,786000E+0	578,000000E+0	12,000000E+0
24	323,000000E+0	59,180000E+0	6,183000E+0	615,000000E+0	12,000000E+0
25	267,000000E+0	40,350000E+0	6,870000E+0	654,000000E+0	12,000000E+0
26	189,000000E+0	21,520000E+0	5,954000E+0	686,000000E+0	12,000000E+0
27	126,000000E+0	10,760000E+0	4,122000E+0	707,000000E+0	12,000000E+0
28	91,000000E+0	8,070000E+0	2,748000E+0	722,000000E+0	12,000000E+0
29	84,000000E+0	8,070000E+0	1,832000E+0	733,000000E+0	12,000000E+0
30	98,000000E+0	16,140000E+0	1,832000E+0	744,000000E+0	12,000000E+0
31	154,000000E+0	32,280000E+0	2,061000E+0	757,000000E+0	12,000000E+0
32	274,000000E+0	61,870000E+0	3,435000E+0	778,000000E+0	12,000000E+0
33	583,000000E+0	129,120000E+0	6,183000E+0	819,000000E+0	12,000000E+0
34	611,000000E+0	129,120000E+0	12,366000E+0	890,000000E+0	12,000000E+0
35	65,507000E+3	176,229970E+3	12,595000E+0	955,000000E+0	12,000000E+0
36	64,938000E+3	176,122370E+3	-458,000000E-3	940,000000E+0	12,000000E+0
37	64,651000E+3	176,033600E+3	-12,366000E+0	864,000000E+0	12,000000E+0
38	64,651000E+3	176,084710E+3	-19,236000E+0	754,000000E+0	12,000000E+0
39	64,846000E+3	176,176170E+3	-20,381000E+0	643,000000E+0	12,000000E+0
40	65,247000E+3	176,267630E+3	-15,114000E+0	563,000000E+0	12,000000E+0
41	91,000000E+0	45,730000E+0	-6,641000E+0	533,000000E+0	12,000000E+0
42	274,000000E+0	61,870000E+0	1,374000E+0	548,000000E+0	12,000000E+0
43	260,000000E+0	45,730000E+0	5,725000E+0	581,000000E+0	12,000000E+0
44	316,000000E+0	59,180000E+0	5,725000E+0	615,000000E+0	12,000000E+0
45	274,000000E+0	43,040000E+0	6,870000E+0	654,000000E+0	12,000000E+0
46	189,000000E+0	18,830000E+0	5,725000E+0	686,000000E+0	12,000000E+0
47	126,000000E+0	10,760000E+0	4,122000E+0	707,000000E+0	12,000000E+0
48	91,000000E+0	10,760000E+0	2,748000E+0	722,000000E+0	12,000000E+0
49	84,000000E+0	2,690000E+0	1,832000E+0	733,000000E+0	12,000000E+0
50	98,000000E+0	16,140000E+0	1,832000E+0	743,000000E+0	12,000000E+0
51	161,000000E+0	32,280000E+0	2,061000E+0	757,000000E+0	12,000000E+0
52	274,000000E+0	53,800000E+0	3,435000E+0	778,000000E+0	12,000000E+0
53	590,000000E+0	153,330000E+0	5,954000E+0	818,000000E+0	12,000000E+0
54	604,000000E+0	110,290000E+0	12,366000E+0	890,000000E+0	12,000000E+0
55	65,507000E+3	176,224590E+3	12,595000E+0	955,000000E+0	12,000000E+0
56	64,945000E+3	176,125060E+3	-458,000000E-3	940,000000E+0	12,000000E+0
57	64,651000E+3	176,014770E+3	-12,366000E+0	865,000000E+0	12,000000E+0
58	64,651000E+3	176,063190E+3	-19,007000E+0	756,000000E+0	12,000000E+0
59	64,839000E+3	176,186930E+3	-20,610000E+0	643,000000E+0	12,000000E+0
60	65,240000E+3	176,264940E+3	-15,343000E+0	563,000000E+0	12,000000E+0
61	91,000000E+0	48,420000E+0	-6,412000E+0	533,000000E+0	12,000000E+0
62	274,000000E+0	61,870000E+0	1,603000E+0	547,000000E+0	12,000000E+0
63	260,000000E+0	40,350000E+0	5,725000E+0	581,000000E+0	12,000000E+0
64	316,000000E+0	56,490000E+0	5,725000E+0	616,000000E+0	12,000000E+0
65	274,000000E+0	43,040000E+0	6,870000E+0	654,000000E+0	12,000000E+0
66	189,000000E+0	18,830000E+0	5,725000E+0	686,000000E+0	12,000000E+0
67	126,000000E+0	10,760000E+0	4,122000E+0	708,000000E+0	12,000000E+0
68	91,000000E+0	5,380000E+0	2,748000E+0	722,000000E+0	12,000000E+0
69	84,000000E+0	10,760000E+0	1,832000E+0	733,000000E+0	12,000000E+0
70	105,000000E+0	16,140000E+0	1,832000E+0	744,000000E+0	12,000000E+0
71	161,000000E+0	26,900000E+0	2,061000E+0	757,000000E+0	12,000000E+0
72	274,000000E+0	53,800000E+0	3,435000E+0	778,000000E+0	12,000000E+0
73	576,000000E+0	126,430000E+0	6,183000E+0	819,000000E+0	12,000000E+0
74	604,000000E+0	110,290000E+0	12,366000E+0	891,000000E+0	12,000000E+0
75	65,507000E+3	176,224590E+3	12,595000E+0	955,000000E+0	12,000000E+0
76	64,945000E+3	176,122370E+3	-458,000000E-3	941,000000E+0	12,000000E+0
77	64,651000E+3	176,044360E+3	-12,366000E+0	864,000000E+0	12,000000E+0
78	64,651000E+3	176,084710E+3	-19,007000E+0	754,000000E+0	12,000000E+0
79	64,839000E+3	176,165410E+3	-20,381000E+0	644,000000E+0	12,000000E+0
80	65,240000E+3	176,264940E+3	-15,343000E+0	563,000000E+0	12,000000E+0
81	91,000000E+0	48,420000E+0	-6,412000E+0	533,000000E+0	12,000000E+0
82	274,000000E+0	75,320000E+0	1,374000E+0	547,000000E+0	12,000000E+0
83	260,000000E+0	40,350000E+0	5,725000E+0	581,000000E+0	12,000000E+0
84	316,000000E+0	61,870000E+0	5,725000E+0	615,000000E+0	12,000000E+0
85	267,000000E+0	45,730000E+0	6,870000E+0	654,000000E+0	12,000000E+0
86	189,000000E+0	24,210000E+0	5,725000E+0	686,000000E+0	12,000000E+0
87	126,000000E+0	10,760000E+0	4,122000E+0	708,000000E+0	12,000000E+0
88	91,000000E+0	8,070000E+0	2,748000E+0	722,000000E+0	12,000000E+0
89	84,000000E+0	5,380000E+0	1,832000E+0	733,000000E+0	12,000000E+0
90	98,000000E+0	16,140000E+0	1,832000E+0	744,000000E+0	12,000000E+0
91	154,000000E+0	29,590000E+0	2,061000E+0	757,000000E+0	12,000000E+0
92	274,000000E+0	53,800000E+0	3,435000E+0	778,000000E+0	12,000000E+0
93	583,000000E+0	129,120000E+0	6,183000E+0	819,000000E+0	12,000000E+0
94	604,000000E+0	112,980000E+0	12,366000E+0	891,000000E+0	12,000000E+0
95	65,500000E+3	176,227280E+3	12,595000E+0	955,000000E+0	12,000000E+0
96	64,938000E+3	176,108920E+3	-229,000000E-3	941,000000E+0	12,000000E+0
97	64,651000E+3	176,044360E+3	-12,366000E+0	864,000000E+0	12,000000E+0
98	64,651000E+3	176,087400E+3	-19,236000E+0	754,000000E+0	12,000000E+0
99	64,839000E+3	176,165410E+3	-20,381000E+0	643,000000E+0	12,000000E+0
100	65,247000E+3	176,270320E+3	-15,343000E+0	563,000000E+0	12,000000E+0
101	84,000000E+0	43,040000E+0	-6,412000E+0	533,000000E+0	12,000000E+0
102	274,000000E+0	67,250000E+0	1,374000E+0	547,000000E+0	12,000000E+0
103	267,000000E+0	40,350000E+0	5,725000E+0	581,000000E+0	12,000000E+0
104	316,000000E+0	53,800000E+0	5,725000E+0	615,000000E+0	12,000000E+0
105	267,000000E+0	40,350000E+0	6,870000E+0	654,000000E+0	12,000000E+0
106	189,000000E+0	21,520000E+0	5,725000E+0	686,000000E+0	12,000000E+0
107	126,000000E+0	8,070000E+0	4,122000E+0	708,000000E+0	12,000000E+0
108	91,000000E+0	10,760000E+0	2,519000E+0	722,000000E+0	12,000000E+0
109	84,000000E+0	8,070000E+0	1,832000E+0	734,000000E+0	12,000000E+0
110	105,000000E+0	16,140000E+0	1,832000E+0	744,000000E+0	12,000000E+0
111	154,000000E+0	26,900000E+0	2,061000E+0	757,000000E+0	12,000000E+0
112	274,000000E+0	53,800000E+0	3,435000E+0	778,000000E+0	12,000000E+0
113	590,000000E+0	142,570000E+0	6,183000E+0	819,000000E+0	12,000000E+0
114	597,000000E+0	102,220000E+0	12,366000E+0	891,000000E+0	12,000000E+0
115	65,507000E+3	176,229970E+3	12,595000E+0	955,000000E+0	12,000000E+0
116	64,938000E+3	176,125060E+3	-458,000000E-3	940,000000E+0	12,000000E+0
117	64,651000E+3	176,057810E+3	-12,595000E+0	863,000000E+0	12,000000E+0
118	64,651000E+3	176,082020E+3	-19,007000E+0	754,000000E+0	12,000000E+0
119	64,839000E+3	176,176170E+3	-20,381000E+0	642,000000E+0	12,000000E+0
120	65,240000E+3	176,267630E+3	-15,343000E+0	563,000000E+0	12,000000E+0
121	84,000000E+0	43,040000E+0	-6,412000E+0	534,000000E+0	12,000000E+0
122	274,000000E+0	59,180000E+0	1,374000E+0	548,000000E+0	12,000000E+0
123	267,000000E+0	43,040000E+0	5,725000E+0	581,000000E+0	12,000000E+0
124	316,000000E+0	61,870000E+0	5,725000E+0	615,000000E+0	12,000000E+0
125	267,000000E+0	37,660000E+0	6,870000E+0	654,000000E+0	12,000000E+0
126	189,000000E+0	18,830000E+0	5,725000E+0	686,000000E+0	12,000000E+0
127	126,000000E+0	8,070000E+0	4,122000E+0	708,000000E+0	12,000000E+0
128	91,000000E+0	5,380000E+0	2,748000E+0	722,000000E+0	12,000000E+0
129	84,000000E+0	5,380000E+0	1,832000E+0	734,000000E+0	12,000000E+0
130	105,000000E+0	18,830000E+0	1,603000E+0	744,000000E+0	12,000000E+0
131	154,000000E+0	32,280000E+0	2,061000E+0	757,000000E+0	12,000000E+0
132	274,000000E+0	59,180000E+0	3,435000E+0	778,000000E+0	12,000000E+0
133	583,000000E+0	118,360000E+0	6,183000E+0	820,000000E+0	12,000000E+0
134	604,000000E+0	121,050000E+0	12,366000E+0	890,000000E+0	12,000000E+0
135	65,507000E+3	176,227280E+3	12,595000E+0	955,000000E+0	12,000000E+0
136	64,945000E+3	176,111610E+3	-229,000000E-3	941,000000E+0	12,000000E+0
137	64,651000E+3	176,060500E+3	-12,595000E+0	863,000000E+0	11,900000E+0
138	64,651000E+3	176,076640E+3	-19,236000E+0	755,000000E+0	12,000000E+0
139	64,846000E+3	176,176170E+3	-20,381000E+0	643,000000E+0	12,000000E+0
140	65,240000E+3	176,270320E+3	-15,343000E+0	563,000000E+0	12,000000E+0
141	91,000000E+0	48,420000E+0	-6,412000E+0	533,000000E+0	12,000000E+0
142	274,000000E+0	61,870000E+0	1,603000E+0	548,000000E+0	12,000000E+0
143	267,000000E+0	48,420000E+0	5,725000E+0	581,000000E+0	12,000000E+0
144	316,000000E+0	67,250000E+0	5,725000E+0	615,000000E+0	12,000000E+0
145	274,000000E+0	45,730000E+0	6,870000E+0	653,000000E+0	12,000000E+0
146	189,000000E+0	18,830000E+0	5,725000E+0	686,000000E+0	12,000000E+0
147	126,000000E+0	13,450000E+0	4,122000E+0	707,000000E+0	12,000000E+0
148	91,000000E+0	5,380000E+0	2,748000E+0	723,000000E+0	12,000000E+0
149	84,000000E+0	8,070000E+0	1,832000E+0	733,000000E+0	12,000000E+0
150	98,000000E+0	16,140000E+0	1,832000E+0	743,000000E+0	12,000000E+0
151	154,000000E+0	32,280000E+0	2,061000E+0	757,000000E+0	12,000000E+0
152	281,000000E+0	61,870000E+0	3,435000E+0	778,000000E+0	12,000000E+0
153	583,000000E+0	118,360000E+0	6,183000E+0	820,000000E+0	12,000000E+0
154	590,000000E+0	112,980000E+0	12,366000E+0	891,000000E+0	12,000000E+0
155	65,507000E+3	176,224590E+3	12,595000E+0	955,000000E+0	12,000000E+0
156	64,938000E+3	176,111610E+3	-229,000000E-3	941,000000E+0	12,000000E+0
157	64,651000E+3	176,047050E+3	-12,366000E+0	864,000000E+0	12,000000E+0
158	64,651000E+3	176,087400E+3	-19,236000E+0	754,000000E+0	12,000000E+0
159	64,839000E+3	176,186930E+3	-20,381000E+0	642,000000E+0	12,000000E+0
160	65,247000E+3	176,267630E+3	-15,114000E+0	563,000000E+0	12,000000E+0
161	91,000000E+0	45,730000E+0	-6,412000E+0	533,000000E+0	12,000000E+0
162	274,000000E+0	61,870000E+0	1,374000E+0	547,000000E+0	12,000000E+0
163	267,000000E+0	45,730000E+0	5,725000E+0	581,000000E+0	12,000000E+0
164	316,000000E+0	53,800000E+0	5,725000E+0	615,000000E+0	12,000000E+0
165	274,000000E+0	43,040000E+0	6,870000E+0	654,000000E+0	12,000000E+0
166	182,000000E+0	18,830000E+0	5,725000E+0	686,000000E+0	12,000000E+0
167	119,000000E+0	5,380000E+0	3,893000E+0	708,000000E+0	12,000000E+0
168	91,000000E+0	10,760000E+0	2,519000E+0	722,000000E+0	12,000000E+0
169	84,000000E+0	2,690000E+0	1,832000E+0	733,000000E+0	12,000000E+0
170	98,000000E+0	13,450000E+0	1,832000E+0	744,000000E+0	12,000000E+0
171	154,000000E+0	26,900000E+0	2,061000E+0	757,000000E+0	12,000000E+0
172	281,000000E+0	72,630000E+0	3,206000E+0	778,000000E+0	12,000000E+0
173	583,000000E+0	129,120000E+0	6,183000E+0	819,000000E+0	12,000000E+0
174	590,000000E+0	96,840000E+0	12,366000E+0	891,000000E+0	12,000000E+0
175	65,507000E+3	176,224590E+3	12,595000E+0	955,000000E+0	12,000000E+0
176	64,938000E+3	176,125060E+3	-229,000000E-3	940,000000E+0	12,000000E+0
177	64,651000E+3	176,060500E+3	-12,366000E+0	863,000000E+0	12,000000E+0
178	64,651000E+3	176,084710E+3	-19,007000E+0	754,000000E+0	12,000000E+0
179	64,839000E+3	176,173480E+3	-20,381000E+0	643,000000E+0	12,000000E+0
180	65,240000E+3	176,267630E+3	-15,343000E+0	563,000000E+0	12,000000E+0
181	91,000000E+0	45,730000E+0	-6,412000E+0	533,000000E+0	12,000000E+0
182	274,000000E+0	64,560000E+0	1,374000E+0	547,000000E+0	12,000000E+0
183	260,000000E+0	40,350000E+0	5,725000E+0	581,000000E+0	12,000000E+0
184	323,000000E+0	64,560000E+0	5,725000E+0	615,000000E+0	12,000000E+0
185	267,000000E+0	43,040000E+0	6,870000E+0	654,000000E+0	12,000000E+0
186	189,000000E+0	24,210000E+0	5,725000E+0	686,000000E+0	12,000000E+0
187	126,000000E+0	10,760000E+0	4,122000E+0	708,000000E+0	12,000000E+0
188	91,000000E+0	8,070000E+0	2,748000E+0	723,000000E+0	12,000000E+0
189	84,000000E+0	8,070000E+0	1,832000E+0	733,000000E+0	12,000000E+0
190	98,000000E+0	13,450000E+0	1,832000E+0	743,000000E+0	12,000000E+0
191	154,000000E+0	29,590000E+0	2,061000E+0	757,000000E+0	12,000000E+0
192	274,000000E+0	53,800000E+0	3,435000E+0	778,000000E+0	12,000000E+0
193	576,000000E+0	129,120000E+0	6,183000E+0	819,000000E+0	12,000000E+0
194	597,000000E+0	112,980000E+0	12,366000E+0	891,000000E+0	12,000000E+0
195	65,507000E+3	176,227280E+3	12,595000E+0	955,000000E+0	12,000000E+0
196	64,938000E+3	176,108920E+3	-229,000000E-3	941,000000E+0	12,000000E+0
197	64,651000E+3	176,057810E+3	-12,366000E+0	863,000000E+0	12,000000E+0
198	64,651000E+3	176,092780E+3	-19,007000E+0	753,000000E+0	12,000000E+0
199	64,839000E+3	176,168100E+3	-20,381000E+0	643,000000E+0	12,000000E+0
200	65,240000E+3	176,267630E+3	-15,343000E+0	563,000000E+0	12,000000E+0
201	84,000000E+0	43,040000E+0	-6,641000E+0	534,000000E+0	12,000000E+0
202	274,000000E+0	59,180000E+0	1,603000E+0	548,000000E+0	12,000000E+0
203	260,000000E+0	40,350000E+0	5,725000E+0	581,000000E+0	12,000000E+0
204	316,000000E+0	61,870000E+0	5,725000E+0	615,000000E+0	12,000000E+0
205	274,000000E+0	40,350000E+0	6,870000E+0	654,000000E+0	12,000000E+0
206	182,000000E+0	18,830000E+0	5,725000E+0	686,000000E+0	12,000000E+0
207	126,000000E+0	10,760000E+0	4,122000E+0	707,000000E+0	12,000000E+0
208	91,000000E+0	5,380000E+0	2,748000E+0	722,000000E+0	12,000000E+0
209	84,000000E+0	5,380000E+0	1,832000E+0	734,000000E+0	12,000000E+0
210	98,000000E+0	16,140000E+0	1,832000E+0	744,000000E+0	12,000000E+0
211	154,000000E+0	29,590000E+0	2,061000E+0	757,000000E+0	12,000000E+0
212	274,000000E+0	53,800000E+0	3,435000E+0	778,000000E+0	12,000000E+0
213	583,000000E+0	126,430000E+0	6,183000E+0	819,000000E+0	12,000000E+0
214	611,000000E+0	126,430000E+0	12,366000E+0	890,000000E+0	12,000000E+0
215	65,507000E+3	176,224590E+3	12,595000E+0	955,000000E+0	12,000000E+0
216	64,938000E+3	176,111610E+3	-458,000000E-3	941,000000E+0	12,000000E+0
217	64,651000E+3	176,057810E+3	-12,366000E+0	863,000000E+0	12,000000E+0
218	64,651000E+3	176,073950E+3	-19,007000E+0	755,000000E+0	12,000000E+0
219	64,839000E+3	176,173480E+3	-20,381000E+0	643,000000E+0	12,000000E+0
220	65,247000E+3	176,267630E+3	-15,343000E+0	563,000000E+0	12,000000E+0
221	91,000000E+0	48,420000E+0	-6,412000E+0	534,000000E+0	12,000000E+0
222	274,000000E+0	67,250000E+0	1,374000E+0	547,000000E+0	12,000000E+0
223	267,000000E+0	40,350000E+0	5,725000E+0	581,000000E+0	12,000000E+0
224	316,000000E+0	61,870000E+0	5,725000E+0	615,000000E+0	12,000000E+0
225	274,000000E+0	45,730000E+0	6,870000E+0	654,000000E+0	12,000000E+0
226	189,000000E+0	18,830000E+0	5,725000E+0	685,000000E+0	12,000000E+0
227	126,000000E+0	5,380000E+0	4,122000E+0	708,000000E+0	12,000000E+0
228	91,000000E+0	5,380000E+0	2,519000E+0	722,000000E+0	12,000000E+0
229	84,000000E+0	8,070000E+0	1,832000E+0	733,000000E+0	12,000000E+0
230	105,000000E+0	18,830000E+0	1,832000E+0	744,000000E+0	12,000000E+0
231	154,000000E+0	26,900000E+0	2,061000E+0	757,000000E+0	12,000000E+0
232	274,000000E+0	53,800000E+0	3,435000E+0	778,000000E+0	12,000000E+0
233	590,000000E+0	139,880000E+0	5,954000E+0	818,000000E+0	12,000000E+0
234	604,000000E+0	110,290000E+0	12,366000E+0	891,000000E+0	12,000000E+0
235	65,507000E+3	176,229970E+3	12,595000E+0	955,000000E+0	12,000000E+0
236	64,945000E+3	176,125060E+3	-458,000000E-3	940,000000E+0	12,000000E+0
237	64,651000E+3	176,057810E+3	-12,366000E+0	863,000000E+0	12,000000E+0
238	64,651000E+3	176,073950E+3	-19,007000E+0	755,000000E+0	12,000000E+0
239	64,846000E+3	176,186930E+3	-20,381000E+0	642,000000E+0	12,000000E+0
240	65,247000E+3	176,267630E+3	-15,114000E+0	563,000000E+0	12,000000E+0
241	91,000000E+0	45,730000E+0	-6,412000E+0	534,000000E+0	12,000000E+0
242	274,000000E+0	67,250000E+0	1,374000E+0	548,000000E+0	12,000000E+0
243	260,000000E+0	40,350000E+0	5,725000E+0	581,000000E+0	12,000000E+0
244	316,000000E+0	61,870000E+0	5,725000E+0	615,000000E+0	12,000000E+0
245	267,000000E+0	45,730000E+0	6,870000E+0	654,000000E+0	12,000000E+0
246	189,000000E+0	21,520000E+0	5,725000E+0	685,000000E+0	12,000000E+0
247	126,000000E+0	10,760000E+0	4,122000E+0	708,000000E+0	12,000000E+0
248	91,000000E+0	10,760000E+0	2,748000E+0	722,000000E+0	12,000000E+0
249	84,000000E+0	8,070000E+0	1,832000E+0	733,000000E+0	12,000000E+0
250	105,000000E+0	18,830000E+0	1,832000E+0	743,000000E+0	12,000000E+0
251	154,000000E+0	26,900000E+0	2,061000E+0	757,000000E+0	12,000000E+0
252	274,000000E+0	59,180000E+0	3,435000E+0	778,000000E+0	12,000000E+0
253	583,000000E+0	129,120000E+0	6,183000E+0	819,000000E+0	12,000000E+0
254	604,000000E+0	112,980000E+0	12,366000E+0	891,000000E+0	12,000000E+0
255	65,507000E+3	176,227280E+3	12,595000E+0	956,000000E+0	12,000000E+0
256	64,931000E+3	176,095470E+3	-229,000000E-3	941,000000E+0	12,000000E+0
257	64,651000E+3	176,057810E+3	-12,595000E+0	863,000000E+0	12,000000E+0
258	64,651000E+3	176,076640E+3	-19,007000E+0	755,000000E+0	12,000000E+0
259	64,839000E+3	176,176170E+3	-20,381000E+0	643,000000E+0	12,000000E+0
260	65,247000E+3	176,267630E+3	-15,343000E+0	563,000000E+0	12,000000E+0
261	91,000000E+0	51,110000E+0	-6,641000E+0	534,000000E+0	12,000000E+0
262	267,000000E+0	56,490000E+0	1,603000E+0	548,000000E+0	12,000000E+0
263	267,000000E+0	45,730000E+0	5,725000E+0	581,000000E+0	12,000000E+0
264	309,000000E+0	59,180000E+0	5,725000E+0	615,000000E+0	12,000000E+0
265	267,000000E+0	45,730000E+0	6,641000E+0	653,000000E+0	12,000000E+0
266	182,000000E+0	21,520000E+0	5,725000E+0	685,000000E+0	12,000000E+0
267	112,000000E+0	8,070000E+0	3,893000E+0	705,000000E+0	12,000000E+0
268	70,000000E+0	2,690000E+0	2,290000E+0	718,000000E+0	12,000000E+0
269	35,000000E+0	0,000000E+0	1,374000E+0	727,000000E+0	12,000000E+0
270	28,000000E+0	0,000000E+0	687,000000E-3	730,000000E+0	12,000000E+0
271	14,000000E+0	0,000000E+0	458,000000E-3	733,000000E+0	12,000000E+0
272	7,000000E+0	0,000000E+0	0,000000E+0	734,000000E+0	12,000000E+0
273	885,000000E+0	271,690000E+0	458,000000E-3	749,000000E+0	11,900000E+0
