mercredi 24 janvier 2024	15:37:13	Sampling Period : 20  ms		
Unities: time [sample], PWM [raw], Current [mA], velocity [rev/min], Position [pulse], Present Input Voltage [V]

t	DXL_PWM		DXL_Current		DXL_Velocity		DXL_Position		DXL_Input_Voltage
0	1,000000E+0	0,000000E+0	0,000000E+0	1,124855E+6	12,000000E+0
1	67,000000E+0	21,520000E+0	0,000000E+0	1,124856E+6	12,000000E+0
2	213,000000E+0	18,830000E+0	3,435000E+0	1,124878E+6	12,000000E+0
3	316,000000E+0	24,210000E+0	8,244000E+0	1,124928E+6	12,000000E+0
4	409,000000E+0	16,140000E+0	11,908000E+0	1,124997E+6	12,000000E+0
5	494,000000E+0	21,520000E+0	14,656000E+0	1,125080E+6	12,000000E+0
6	530,000000E+0	24,210000E+0	17,175000E+0	1,125177E+6	12,000000E+0
7	577,000000E+0	18,830000E+0	18,778000E+0	1,125283E+6	12,000000E+0
8	629,000000E+0	21,520000E+0	20,610000E+0	1,125398E+6	12,000000E+0
9	642,000000E+0	21,520000E+0	21,755000E+0	1,125521E+6	12,000000E+0
10	681,000000E+0	21,520000E+0	22,671000E+0	1,125648E+6	12,000000E+0
11	691,000000E+0	21,520000E+0	23,587000E+0	1,125779E+6	12,000000E+0
12	718,000000E+0	16,140000E+0	24,503000E+0	1,125916E+6	12,000000E+0
13	742,000000E+0	21,520000E+0	25,419000E+0	1,126055E+6	12,000000E+0
14	744,000000E+0	24,210000E+0	25,877000E+0	1,126196E+6	12,000000E+0
15	769,000000E+0	18,830000E+0	26,335000E+0	1,126341E+6	12,000000E+0
16	767,000000E+0	21,520000E+0	26,793000E+0	1,126485E+6	12,000000E+0
17	776,000000E+0	16,140000E+0	27,022000E+0	1,126633E+6	12,000000E+0
18	766,000000E+0	24,210000E+0	27,251000E+0	1,126781E+6	12,000000E+0
19	776,000000E+0	24,210000E+0	27,251000E+0	1,126930E+6	12,000000E+0
20	791,000000E+0	21,520000E+0	27,480000E+0	1,127081E+6	12,000000E+0
21	795,000000E+0	16,140000E+0	27,480000E+0	1,127234E+6	12,000000E+0
22	793,000000E+0	18,830000E+0	27,709000E+0	1,127388E+6	12,000000E+0
23	831,000000E+0	21,520000E+0	27,938000E+0	1,127543E+6	12,000000E+0
24	814,000000E+0	18,830000E+0	28,167000E+0	1,127699E+6	12,000000E+0
25	837,000000E+0	24,210000E+0	28,396000E+0	1,127857E+6	12,000000E+0
26	818,000000E+0	21,520000E+0	28,854000E+0	1,128016E+6	12,000000E+0
27	844,000000E+0	18,830000E+0	29,312000E+0	1,128176E+6	12,000000E+0
28	851,000000E+0	16,140000E+0	29,770000E+0	1,128337E+6	12,000000E+0
29	838,000000E+0	21,520000E+0	29,999000E+0	1,128498E+6	12,000000E+0
30	845,000000E+0	24,210000E+0	29,999000E+0	1,128661E+6	12,000000E+0
31	851,000000E+0	24,210000E+0	29,999000E+0	1,128821E+6	12,000000E+0
32	843,000000E+0	18,830000E+0	29,999000E+0	1,128983E+6	12,000000E+0
33	841,000000E+0	18,830000E+0	29,770000E+0	1,129148E+6	12,000000E+0
34	846,000000E+0	18,830000E+0	29,770000E+0	1,129312E+6	12,000000E+0
35	865,000000E+0	24,210000E+0	29,541000E+0	1,129477E+6	12,000000E+0
36	862,000000E+0	21,520000E+0	29,541000E+0	1,129644E+6	12,000000E+0
37	859,000000E+0	16,140000E+0	29,541000E+0	1,129806E+6	12,000000E+0
38	864,000000E+0	21,520000E+0	29,999000E+0	1,129971E+6	12,000000E+0
39	878,000000E+0	21,520000E+0	30,228000E+0	1,130138E+6	12,000000E+0
40	878,000000E+0	21,520000E+0	30,686000E+0	1,130304E+6	12,000000E+0
41	878,000000E+0	21,520000E+0	30,686000E+0	1,130473E+6	12,000000E+0
42	878,000000E+0	21,520000E+0	30,915000E+0	1,130637E+6	12,000000E+0
43	878,000000E+0	21,520000E+0	30,686000E+0	1,130806E+6	12,000000E+0
44	878,000000E+0	21,520000E+0	30,686000E+0	1,130971E+6	12,000000E+0
45	884,000000E+0	18,830000E+0	30,228000E+0	1,131139E+6	12,000000E+0
46	884,000000E+0	18,830000E+0	30,228000E+0	1,131305E+6	12,000000E+0
47	884,000000E+0	18,830000E+0	30,228000E+0	1,131474E+6	12,000000E+0
48	884,000000E+0	18,830000E+0	30,228000E+0	1,131640E+6	12,000000E+0
49	884,000000E+0	18,830000E+0	30,228000E+0	1,131807E+6	12,000000E+0
50	884,000000E+0	18,830000E+0	30,457000E+0	1,131975E+6	12,000000E+0
51	884,000000E+0	18,830000E+0	30,686000E+0	1,132142E+6	12,000000E+0
52	884,000000E+0	18,830000E+0	30,915000E+0	1,132310E+6	12,000000E+0
53	884,000000E+0	18,830000E+0	31,144000E+0	1,132479E+6	12,000000E+0
54	884,000000E+0	18,830000E+0	31,144000E+0	1,132647E+6	12,000000E+0
55	878,000000E+0	21,520000E+0	30,915000E+0	1,132814E+6	12,000000E+0
56	878,000000E+0	21,520000E+0	30,915000E+0	1,132981E+6	12,000000E+0
57	878,000000E+0	21,520000E+0	30,686000E+0	1,133148E+6	12,000000E+0
58	878,000000E+0	21,520000E+0	30,457000E+0	1,133316E+6	12,000000E+0
59	878,000000E+0	21,520000E+0	30,228000E+0	1,133483E+6	12,000000E+0
60	885,000000E+0	18,830000E+0	30,228000E+0	1,133652E+6	12,000000E+0
61	884,000000E+0	18,830000E+0	30,228000E+0	1,133819E+6	12,000000E+0
62	884,000000E+0	18,830000E+0	30,228000E+0	1,133987E+6	12,000000E+0
63	885,000000E+0	18,830000E+0	30,457000E+0	1,134155E+6	12,000000E+0
64	885,000000E+0	18,830000E+0	30,686000E+0	1,134323E+6	12,000000E+0
65	885,000000E+0	18,830000E+0	30,686000E+0	1,134491E+6	12,000000E+0
66	884,000000E+0	18,830000E+0	30,686000E+0	1,134656E+6	12,000000E+0
67	884,000000E+0	18,830000E+0	30,686000E+0	1,134824E+6	12,000000E+0
68	885,000000E+0	18,830000E+0	30,686000E+0	1,134991E+6	12,000000E+0
69	885,000000E+0	18,830000E+0	30,457000E+0	1,135157E+6	12,000000E+0
70	885,000000E+0	18,830000E+0	30,228000E+0	1,135324E+6	12,000000E+0
71	885,000000E+0	18,830000E+0	29,999000E+0	1,135490E+6	12,000000E+0
72	885,000000E+0	18,830000E+0	30,228000E+0	1,135658E+6	12,000000E+0
73	884,000000E+0	18,830000E+0	30,228000E+0	1,135826E+6	12,000000E+0
74	885,000000E+0	18,830000E+0	30,457000E+0	1,135994E+6	12,000000E+0
75	885,000000E+0	18,830000E+0	30,686000E+0	1,136161E+6	12,000000E+0
76	885,000000E+0	18,830000E+0	30,686000E+0	1,136330E+6	12,000000E+0
77	885,000000E+0	18,830000E+0	30,915000E+0	1,136497E+6	12,000000E+0
78	885,000000E+0	18,830000E+0	31,144000E+0	1,136666E+6	12,000000E+0
79	885,000000E+0	18,830000E+0	31,144000E+0	1,136834E+6	12,000000E+0
80	885,000000E+0	18,830000E+0	30,915000E+0	1,137000E+6	12,000000E+0
81	884,000000E+0	18,830000E+0	30,686000E+0	1,137165E+6	12,000000E+0
82	885,000000E+0	18,830000E+0	30,457000E+0	1,137334E+6	12,000000E+0
83	885,000000E+0	18,830000E+0	30,228000E+0	1,137502E+6	12,000000E+0
84	885,000000E+0	18,830000E+0	30,228000E+0	1,137670E+6	12,000000E+0
85	885,000000E+0	18,830000E+0	30,457000E+0	1,137839E+6	12,000000E+0
86	885,000000E+0	18,830000E+0	30,228000E+0	1,138005E+6	12,000000E+0
87	885,000000E+0	18,830000E+0	30,228000E+0	1,138173E+6	12,000000E+0
88	885,000000E+0	18,830000E+0	30,457000E+0	1,138341E+6	12,000000E+0
89	885,000000E+0	18,830000E+0	30,686000E+0	1,138508E+6	12,000000E+0
90	885,000000E+0	18,830000E+0	30,686000E+0	1,138676E+6	12,000000E+0
91	885,000000E+0	18,830000E+0	30,915000E+0	1,138841E+6	12,000000E+0
92	885,000000E+0	18,830000E+0	30,686000E+0	1,139009E+6	12,000000E+0
93	885,000000E+0	18,830000E+0	30,686000E+0	1,139176E+6	12,000000E+0
94	885,000000E+0	18,830000E+0	30,457000E+0	1,139343E+6	12,000000E+0
95	885,000000E+0	18,830000E+0	30,228000E+0	1,139510E+6	12,000000E+0
96	885,000000E+0	18,830000E+0	29,999000E+0	1,139676E+6	12,000000E+0
97	885,000000E+0	18,830000E+0	30,228000E+0	1,139845E+6	12,000000E+0
98	884,000000E+0	18,830000E+0	30,457000E+0	1,140011E+6	12,000000E+0
99	885,000000E+0	18,830000E+0	30,457000E+0	1,140179E+6	12,000000E+0
100	884,000000E+0	18,830000E+0	30,686000E+0	1,140347E+6	12,000000E+0
101	885,000000E+0	18,830000E+0	30,915000E+0	1,140516E+6	12,000000E+0
102	885,000000E+0	18,830000E+0	31,144000E+0	1,140684E+6	12,000000E+0
103	885,000000E+0	18,830000E+0	31,144000E+0	1,140849E+6	12,000000E+0
104	884,000000E+0	18,830000E+0	30,915000E+0	1,141019E+6	12,000000E+0
105	885,000000E+0	18,830000E+0	30,915000E+0	1,141184E+6	12,000000E+0
106	885,000000E+0	18,830000E+0	30,686000E+0	1,141353E+6	12,000000E+0
107	885,000000E+0	18,830000E+0	30,457000E+0	1,141520E+6	12,000000E+0
108	885,000000E+0	18,830000E+0	30,228000E+0	1,141687E+6	12,000000E+0
109	885,000000E+0	18,830000E+0	30,228000E+0	1,141855E+6	12,000000E+0
110	885,000000E+0	18,830000E+0	30,228000E+0	1,142024E+6	12,000000E+0
111	884,000000E+0	18,830000E+0	30,228000E+0	1,142192E+6	12,000000E+0
112	885,000000E+0	18,830000E+0	30,228000E+0	1,142359E+6	12,000000E+0
113	885,000000E+0	18,830000E+0	30,686000E+0	1,142527E+6	12,000000E+0
114	885,000000E+0	18,830000E+0	30,686000E+0	1,142694E+6	12,000000E+0
115	885,000000E+0	18,830000E+0	30,686000E+0	1,142860E+6	12,000000E+0
116	885,000000E+0	18,830000E+0	30,686000E+0	1,143027E+6	12,000000E+0
117	885,000000E+0	18,830000E+0	30,686000E+0	1,143194E+6	12,000000E+0
118	885,000000E+0	18,830000E+0	30,457000E+0	1,143360E+6	12,000000E+0
119	884,000000E+0	18,830000E+0	30,228000E+0	1,143527E+6	12,000000E+0
120	885,000000E+0	18,830000E+0	30,228000E+0	1,143694E+6	12,000000E+0
121	885,000000E+0	18,830000E+0	29,999000E+0	1,143862E+6	12,000000E+0
122	885,000000E+0	18,830000E+0	30,228000E+0	1,144028E+6	12,000000E+0
123	884,000000E+0	18,830000E+0	30,457000E+0	1,144197E+6	12,000000E+0
124	885,000000E+0	18,830000E+0	30,686000E+0	1,144364E+6	12,000000E+0
125	885,000000E+0	18,830000E+0	30,915000E+0	1,144532E+6	12,000000E+0
126	885,000000E+0	18,830000E+0	31,144000E+0	1,144700E+6	12,000000E+0
127	885,000000E+0	18,830000E+0	31,144000E+0	1,144868E+6	12,000000E+0
128	884,000000E+0	18,830000E+0	30,915000E+0	1,145036E+6	12,000000E+0
129	884,000000E+0	18,830000E+0	30,915000E+0	1,145202E+6	12,000000E+0
130	885,000000E+0	18,830000E+0	30,686000E+0	1,145369E+6	12,000000E+0
131	885,000000E+0	18,830000E+0	30,457000E+0	1,145538E+6	12,000000E+0
132	885,000000E+0	18,830000E+0	30,457000E+0	1,145705E+6	12,000000E+0
133	884,000000E+0	18,830000E+0	30,228000E+0	1,145872E+6	12,000000E+0
134	884,000000E+0	18,830000E+0	30,228000E+0	1,146041E+6	12,000000E+0
135	885,000000E+0	18,830000E+0	30,228000E+0	1,146208E+6	12,000000E+0
136	885,000000E+0	18,830000E+0	30,457000E+0	1,146375E+6	12,000000E+0
137	884,000000E+0	18,830000E+0	30,457000E+0	1,146543E+6	12,000000E+0
138	884,000000E+0	18,830000E+0	30,457000E+0	1,146709E+6	12,000000E+0
139	885,000000E+0	18,830000E+0	30,915000E+0	1,146878E+6	12,000000E+0
140	885,000000E+0	18,830000E+0	30,686000E+0	1,147044E+6	12,000000E+0
141	884,000000E+0	18,830000E+0	30,686000E+0	1,147210E+6	12,000000E+0
142	884,000000E+0	18,830000E+0	30,686000E+0	1,147377E+6	12,000000E+0
143	885,000000E+0	18,830000E+0	30,457000E+0	1,147546E+6	12,000000E+0
144	885,000000E+0	18,830000E+0	30,228000E+0	1,147713E+6	12,000000E+0
145	885,000000E+0	18,830000E+0	29,999000E+0	1,147880E+6	12,000000E+0
146	884,000000E+0	18,830000E+0	30,228000E+0	1,148046E+6	12,000000E+0
147	884,000000E+0	18,830000E+0	30,228000E+0	1,148214E+6	12,000000E+0
148	884,000000E+0	18,830000E+0	30,457000E+0	1,148382E+6	12,000000E+0
149	885,000000E+0	18,830000E+0	30,686000E+0	1,148550E+6	12,000000E+0
150	885,000000E+0	18,830000E+0	30,915000E+0	1,148718E+6	12,000000E+0
151	885,000000E+0	18,830000E+0	31,144000E+0	1,148887E+6	12,000000E+0
152	885,000000E+0	18,830000E+0	31,144000E+0	1,149053E+6	12,000000E+0
153	885,000000E+0	18,830000E+0	30,915000E+0	1,149223E+6	12,000000E+0
154	885,000000E+0	18,830000E+0	30,686000E+0	1,149387E+6	12,000000E+0
155	884,000000E+0	18,830000E+0	30,686000E+0	1,149556E+6	12,000000E+0
156	885,000000E+0	18,830000E+0	30,457000E+0	1,149723E+6	12,000000E+0
157	885,000000E+0	18,830000E+0	30,228000E+0	1,149889E+6	12,000000E+0
158	885,000000E+0	18,830000E+0	30,228000E+0	1,150057E+6	12,000000E+0
159	884,000000E+0	18,830000E+0	30,228000E+0	1,150227E+6	12,000000E+0
160	885,000000E+0	18,830000E+0	30,228000E+0	1,150394E+6	12,000000E+0
161	885,000000E+0	18,830000E+0	30,457000E+0	1,150562E+6	12,000000E+0
162	885,000000E+0	18,830000E+0	30,686000E+0	1,150730E+6	12,000000E+0
163	884,000000E+0	18,830000E+0	30,686000E+0	1,150897E+6	12,000000E+0
164	879,000000E+0	21,520000E+0	30,686000E+0	1,151063E+6	12,000000E+0
165	885,000000E+0	18,830000E+0	30,686000E+0	1,151230E+6	12,000000E+0
166	885,000000E+0	18,830000E+0	30,686000E+0	1,151395E+6	12,000000E+0
167	884,000000E+0	18,830000E+0	30,228000E+0	1,151563E+6	12,000000E+0
168	885,000000E+0	18,830000E+0	30,228000E+0	1,151730E+6	12,000000E+0
169	884,000000E+0	18,830000E+0	30,228000E+0	1,151897E+6	12,000000E+0
170	885,000000E+0	18,830000E+0	30,228000E+0	1,152065E+6	12,000000E+0
171	885,000000E+0	18,830000E+0	30,228000E+0	1,152233E+6	12,000000E+0
172	885,000000E+0	18,830000E+0	30,228000E+0	1,152400E+6	12,000000E+0
173	885,000000E+0	18,830000E+0	30,457000E+0	1,152567E+6	12,000000E+0
174	885,000000E+0	18,830000E+0	30,915000E+0	1,152735E+6	12,000000E+0
175	885,000000E+0	18,830000E+0	31,144000E+0	1,152903E+6	12,000000E+0
176	885,000000E+0	18,830000E+0	31,144000E+0	1,153071E+6	12,000000E+0
177	885,000000E+0	18,830000E+0	31,144000E+0	1,153240E+6	12,000000E+0
178	885,000000E+0	18,830000E+0	30,915000E+0	1,153405E+6	12,000000E+0
179	885,000000E+0	18,830000E+0	30,686000E+0	1,153573E+6	12,000000E+0
180	885,000000E+0	18,830000E+0	30,457000E+0	1,153742E+6	12,000000E+0
181	885,000000E+0	18,830000E+0	30,228000E+0	1,153907E+6	12,000000E+0
182	885,000000E+0	18,830000E+0	30,228000E+0	1,154075E+6	12,000000E+0
183	885,000000E+0	18,830000E+0	30,457000E+0	1,154246E+6	12,000000E+0
184	885,000000E+0	18,830000E+0	30,228000E+0	1,154412E+6	12,000000E+0
185	885,000000E+0	18,830000E+0	30,457000E+0	1,154580E+6	12,000000E+0
186	885,000000E+0	18,830000E+0	30,457000E+0	1,154748E+6	12,000000E+0
187	885,000000E+0	18,830000E+0	30,686000E+0	1,154915E+6	12,000000E+0
188	885,000000E+0	18,830000E+0	30,686000E+0	1,155083E+6	12,000000E+0
189	885,000000E+0	18,830000E+0	30,686000E+0	1,155249E+6	12,000000E+0
190	885,000000E+0	18,830000E+0	30,686000E+0	1,155417E+6	12,000000E+0
191	885,000000E+0	18,830000E+0	30,457000E+0	1,155582E+6	12,000000E+0
192	885,000000E+0	18,830000E+0	30,228000E+0	1,155749E+6	12,000000E+0
193	885,000000E+0	18,830000E+0	30,228000E+0	1,155916E+6	12,000000E+0
194	885,000000E+0	18,830000E+0	30,228000E+0	1,156084E+6	12,000000E+0
195	885,000000E+0	18,830000E+0	30,228000E+0	1,156251E+6	12,000000E+0
196	885,000000E+0	18,830000E+0	30,457000E+0	1,156419E+6	12,000000E+0
197	885,000000E+0	18,830000E+0	30,457000E+0	1,156586E+6	12,000000E+0
198	885,000000E+0	18,830000E+0	30,686000E+0	1,156754E+6	12,000000E+0
199	885,000000E+0	18,830000E+0	30,915000E+0	1,156921E+6	12,000000E+0
200	885,000000E+0	18,830000E+0	31,144000E+0	1,157089E+6	12,000000E+0
201	885,000000E+0	18,830000E+0	31,373000E+0	1,157256E+6	12,000000E+0
202	885,000000E+0	18,830000E+0	30,915000E+0	1,157425E+6	12,000000E+0
203	885,000000E+0	18,830000E+0	30,915000E+0	1,157592E+6	12,000000E+0
204	885,000000E+0	18,830000E+0	30,457000E+0	1,157761E+6	12,000000E+0
205	885,000000E+0	18,830000E+0	30,228000E+0	1,157927E+6	12,000000E+0
206	885,000000E+0	18,830000E+0	30,228000E+0	1,158094E+6	12,000000E+0
207	885,000000E+0	18,830000E+0	30,228000E+0	1,158263E+6	12,000000E+0
208	885,000000E+0	18,830000E+0	30,228000E+0	1,158431E+6	12,000000E+0
209	885,000000E+0	18,830000E+0	30,228000E+0	1,158598E+6	12,000000E+0
210	885,000000E+0	18,830000E+0	30,457000E+0	1,158767E+6	12,000000E+0
211	885,000000E+0	18,830000E+0	30,686000E+0	1,158935E+6	12,000000E+0
212	885,000000E+0	18,830000E+0	30,686000E+0	1,159103E+6	12,000000E+0
213	885,000000E+0	18,830000E+0	30,915000E+0	1,159267E+6	12,000000E+0
214	885,000000E+0	18,830000E+0	30,686000E+0	1,159436E+6	12,000000E+0
215	885,000000E+0	18,830000E+0	30,686000E+0	1,159602E+6	12,000000E+0
216	885,000000E+0	18,830000E+0	30,457000E+0	1,159769E+6	12,000000E+0
217	885,000000E+0	18,830000E+0	30,228000E+0	1,159936E+6	12,000000E+0
218	885,000000E+0	18,830000E+0	29,999000E+0	1,160102E+6	12,000000E+0
219	885,000000E+0	18,830000E+0	30,228000E+0	1,160271E+6	12,000000E+0
220	885,000000E+0	18,830000E+0	30,228000E+0	1,160438E+6	12,000000E+0
221	885,000000E+0	18,830000E+0	30,457000E+0	1,160608E+6	12,000000E+0
222	885,000000E+0	18,830000E+0	30,686000E+0	1,160775E+6	12,000000E+0
223	885,000000E+0	18,830000E+0	30,915000E+0	1,160943E+6	12,000000E+0
224	885,000000E+0	18,830000E+0	30,915000E+0	1,161111E+6	12,000000E+0
225	885,000000E+0	18,830000E+0	31,144000E+0	1,161280E+6	12,000000E+0
226	885,000000E+0	18,830000E+0	31,144000E+0	1,161447E+6	12,000000E+0
227	885,000000E+0	18,830000E+0	31,144000E+0	1,161614E+6	12,000000E+0
228	885,000000E+0	18,830000E+0	30,686000E+0	1,161782E+6	12,000000E+0
229	885,000000E+0	18,830000E+0	30,457000E+0	1,161950E+6	12,000000E+0
230	885,000000E+0	18,830000E+0	30,228000E+0	1,162115E+6	12,000000E+0
231	885,000000E+0	18,830000E+0	30,228000E+0	1,162286E+6	12,000000E+0
232	885,000000E+0	18,830000E+0	30,228000E+0	1,162454E+6	12,000000E+0
233	885,000000E+0	18,830000E+0	30,228000E+0	1,162620E+6	12,000000E+0
234	885,000000E+0	18,830000E+0	30,457000E+0	1,162788E+6	12,000000E+0
235	885,000000E+0	18,830000E+0	30,686000E+0	1,162956E+6	12,000000E+0
236	885,000000E+0	18,830000E+0	30,686000E+0	1,163124E+6	12,000000E+0
237	885,000000E+0	16,140000E+0	30,686000E+0	1,163292E+6	12,000000E+0
238	885,000000E+0	18,830000E+0	30,686000E+0	1,163459E+6	12,000000E+0
239	885,000000E+0	18,830000E+0	30,686000E+0	1,163624E+6	12,000000E+0
240	885,000000E+0	18,830000E+0	30,457000E+0	1,163791E+6	12,000000E+0
241	885,000000E+0	18,830000E+0	30,457000E+0	1,163959E+6	12,000000E+0
242	885,000000E+0	18,830000E+0	30,228000E+0	1,164125E+6	12,000000E+0
243	885,000000E+0	18,830000E+0	29,999000E+0	1,164292E+6	12,000000E+0
244	885,000000E+0	18,830000E+0	30,228000E+0	1,164460E+6	12,000000E+0
245	885,000000E+0	18,830000E+0	30,457000E+0	1,164627E+6	12,000000E+0
246	885,000000E+0	18,830000E+0	30,457000E+0	1,164795E+6	12,000000E+0
247	885,000000E+0	18,830000E+0	30,915000E+0	1,164964E+6	12,000000E+0
248	885,000000E+0	18,830000E+0	30,915000E+0	1,165133E+6	12,000000E+0
249	885,000000E+0	18,830000E+0	31,144000E+0	1,165298E+6	12,000000E+0
250	885,000000E+0	18,830000E+0	31,144000E+0	1,165468E+6	12,000000E+0
251	885,000000E+0	18,830000E+0	31,144000E+0	1,165636E+6	12,000000E+0
252	885,000000E+0	18,830000E+0	30,915000E+0	1,165801E+6	12,000000E+0
253	885,000000E+0	18,830000E+0	30,686000E+0	1,165970E+6	12,000000E+0
254	885,000000E+0	18,830000E+0	30,228000E+0	1,166139E+6	12,000000E+0
255	885,000000E+0	18,830000E+0	30,228000E+0	1,166306E+6	12,000000E+0
256	885,000000E+0	18,830000E+0	30,228000E+0	1,166473E+6	12,000000E+0
257	885,000000E+0	18,830000E+0	30,228000E+0	1,166642E+6	12,000000E+0
258	885,000000E+0	18,830000E+0	30,228000E+0	1,166809E+6	12,000000E+0
259	885,000000E+0	18,830000E+0	30,457000E+0	1,166978E+6	12,000000E+0
260	885,000000E+0	18,830000E+0	30,686000E+0	1,167144E+6	12,000000E+0
261	885,000000E+0	18,830000E+0	30,686000E+0	1,167313E+6	12,000000E+0
262	885,000000E+0	18,830000E+0	30,686000E+0	1,167476E+6	12,000000E+0
263	885,000000E+0	18,830000E+0	30,686000E+0	1,167646E+6	12,000000E+0
264	885,000000E+0	18,830000E+0	30,686000E+0	1,167811E+6	12,000000E+0
265	885,000000E+0	18,830000E+0	30,457000E+0	1,167980E+6	12,000000E+0
266	885,000000E+0	18,830000E+0	30,228000E+0	1,168146E+6	12,000000E+0
267	885,000000E+0	18,830000E+0	30,228000E+0	1,168314E+6	12,000000E+0
268	885,000000E+0	18,830000E+0	30,228000E+0	1,168482E+6	12,000000E+0
269	885,000000E+0	18,830000E+0	30,228000E+0	1,168649E+6	12,000000E+0
270	885,000000E+0	18,830000E+0	30,457000E+0	1,168816E+6	12,000000E+0
271	885,000000E+0	18,830000E+0	30,686000E+0	1,168984E+6	12,000000E+0
272	885,000000E+0	18,830000E+0	30,915000E+0	1,169152E+6	12,000000E+0
273	885,000000E+0	18,830000E+0	31,144000E+0	1,169320E+6	12,000000E+0
274	885,000000E+0	18,830000E+0	31,144000E+0	1,169488E+6	12,000000E+0
275	885,000000E+0	18,830000E+0	31,144000E+0	1,169655E+6	12,000000E+0
276	885,000000E+0	18,830000E+0	30,915000E+0	1,169823E+6	12,000000E+0
277	885,000000E+0	18,830000E+0	30,915000E+0	1,169991E+6	12,000000E+0
278	885,000000E+0	18,830000E+0	30,457000E+0	1,170160E+6	12,000000E+0
279	885,000000E+0	18,830000E+0	30,228000E+0	1,170326E+6	12,000000E+0
280	885,000000E+0	18,830000E+0	29,999000E+0	1,170494E+6	12,000000E+0
281	885,000000E+0	18,830000E+0	30,228000E+0	1,170662E+6	12,000000E+0
282	885,000000E+0	18,830000E+0	30,228000E+0	1,170828E+6	12,000000E+0
283	885,000000E+0	18,830000E+0	30,457000E+0	1,170998E+6	12,000000E+0
284	885,000000E+0	18,830000E+0	30,686000E+0	1,171164E+6	12,000000E+0
285	885,000000E+0	18,830000E+0	30,686000E+0	1,171332E+6	12,000000E+0
286	885,000000E+0	18,830000E+0	30,915000E+0	1,171500E+6	12,000000E+0
287	885,000000E+0	18,830000E+0	30,686000E+0	1,171667E+6	12,000000E+0
288	885,000000E+0	18,830000E+0	30,686000E+0	1,171832E+6	12,000000E+0
289	885,000000E+0	18,830000E+0	30,457000E+0	1,171999E+6	12,000000E+0
290	885,000000E+0	18,830000E+0	30,228000E+0	1,172166E+6	12,000000E+0
291	885,000000E+0	18,830000E+0	30,228000E+0	1,172333E+6	12,000000E+0
292	885,000000E+0	18,830000E+0	30,228000E+0	1,172500E+6	12,000000E+0
293	885,000000E+0	18,830000E+0	30,228000E+0	1,172668E+6	12,000000E+0
294	885,000000E+0	18,830000E+0	30,228000E+0	1,172836E+6	12,000000E+0
295	885,000000E+0	18,830000E+0	30,457000E+0	1,173006E+6	12,000000E+0
296	885,000000E+0	18,830000E+0	30,915000E+0	1,173174E+6	12,000000E+0
297	885,000000E+0	18,830000E+0	30,915000E+0	1,173342E+6	12,000000E+0
298	885,000000E+0	18,830000E+0	31,144000E+0	1,173520E+6	12,000000E+0
299	885,000000E+0	18,830000E+0	31,144000E+0	1,173718E+6	12,000000E+0
300	885,000000E+0	18,830000E+0	30,915000E+0	1,173925E+6	12,000000E+0
301	885,000000E+0	18,830000E+0	30,686000E+0	1,174137E+6	12,000000E+0
302	885,000000E+0	18,830000E+0	30,457000E+0	1,174304E+6	12,000000E+0
303	885,000000E+0	18,830000E+0	29,999000E+0	1,174470E+6	12,000000E+0
