vendredi 19 janvier 2024	17:35:04	Sampling Period : 20  ms		
Unities: time [sample], PWM [raw], Current [mA], velocity [rev/min], Position [pulse], Present Input Voltage [V]

t	DXL_PWM		DXL_Current		DXL_Velocity		DXL_Position		DXL_Input_Voltage
0	0,000000E+0	-2,690000E+0	0,000000E+0	1,039785E+6	12,000000E+0
1	44,000000E+0	5,380000E+0	0,000000E+0	1,039786E+6	12,000000E+0
2	44,000000E+0	0,000000E+0	1,145000E+0	1,039793E+6	12,000000E+0
3	44,000000E+0	0,000000E+0	1,374000E+0	1,039800E+6	12,000000E+0
4	44,000000E+0	0,000000E+0	1,145000E+0	1,039807E+6	12,000000E+0
5	44,000000E+0	0,000000E+0	1,374000E+0	1,039815E+6	12,000000E+0
6	44,000000E+0	0,000000E+0	1,374000E+0	1,039823E+6	12,000000E+0
7	44,000000E+0	0,000000E+0	1,374000E+0	1,039831E+6	12,000000E+0
8	44,000000E+0	0,000000E+0	1,374000E+0	1,039838E+6	12,000000E+0
9	44,000000E+0	0,000000E+0	1,374000E+0	1,039848E+6	12,000000E+0
10	44,000000E+0	0,000000E+0	1,374000E+0	1,039856E+6	12,000000E+0
11	44,000000E+0	0,000000E+0	1,374000E+0	1,039864E+6	12,000000E+0
12	44,000000E+0	0,000000E+0	1,374000E+0	1,039872E+6	12,000000E+0
13	44,000000E+0	0,000000E+0	1,374000E+0	1,039880E+6	12,000000E+0
14	44,000000E+0	0,000000E+0	1,374000E+0	1,039887E+6	12,000000E+0
15	44,000000E+0	0,000000E+0	1,145000E+0	1,039895E+6	12,000000E+0
16	44,000000E+0	0,000000E+0	1,374000E+0	1,039903E+6	12,000000E+0
17	44,000000E+0	0,000000E+0	1,374000E+0	1,039911E+6	12,000000E+0
18	44,000000E+0	0,000000E+0	1,374000E+0	1,039918E+6	12,000000E+0
19	44,000000E+0	0,000000E+0	1,374000E+0	1,039926E+6	12,000000E+0
20	44,000000E+0	0,000000E+0	1,374000E+0	1,039934E+6	12,000000E+0
21	44,000000E+0	0,000000E+0	1,374000E+0	1,039942E+6	12,000000E+0
22	44,000000E+0	0,000000E+0	1,374000E+0	1,039950E+6	12,000000E+0
23	44,000000E+0	0,000000E+0	1,374000E+0	1,039958E+6	12,000000E+0
24	44,000000E+0	0,000000E+0	1,374000E+0	1,039967E+6	12,000000E+0
25	44,000000E+0	0,000000E+0	1,374000E+0	1,039974E+6	12,000000E+0
26	44,000000E+0	0,000000E+0	1,374000E+0	1,039982E+6	12,000000E+0
27	44,000000E+0	0,000000E+0	1,374000E+0	1,039990E+6	12,000000E+0
28	44,000000E+0	0,000000E+0	1,374000E+0	1,039998E+6	12,000000E+0
29	44,000000E+0	0,000000E+0	1,374000E+0	1,040006E+6	12,000000E+0
30	44,000000E+0	0,000000E+0	1,374000E+0	1,040014E+6	12,000000E+0
31	44,000000E+0	0,000000E+0	1,374000E+0	1,040021E+6	12,000000E+0
32	44,000000E+0	0,000000E+0	1,374000E+0	1,040029E+6	12,000000E+0
33	44,000000E+0	0,000000E+0	1,374000E+0	1,040037E+6	12,000000E+0
34	44,000000E+0	0,000000E+0	1,374000E+0	1,040045E+6	12,000000E+0
35	44,000000E+0	0,000000E+0	1,374000E+0	1,040054E+6	12,000000E+0
36	44,000000E+0	0,000000E+0	1,374000E+0	1,040062E+6	12,000000E+0
37	44,000000E+0	0,000000E+0	1,374000E+0	1,040070E+6	12,000000E+0
38	44,000000E+0	0,000000E+0	1,374000E+0	1,040077E+6	12,000000E+0
39	44,000000E+0	0,000000E+0	1,374000E+0	1,040085E+6	12,000000E+0
40	44,000000E+0	0,000000E+0	1,374000E+0	1,040093E+6	12,000000E+0
41	44,000000E+0	0,000000E+0	1,374000E+0	1,040101E+6	12,000000E+0
42	44,000000E+0	0,000000E+0	1,374000E+0	1,040109E+6	12,000000E+0
43	44,000000E+0	0,000000E+0	1,374000E+0	1,040117E+6	12,000000E+0
44	44,000000E+0	0,000000E+0	1,374000E+0	1,040126E+6	12,000000E+0
45	44,000000E+0	0,000000E+0	1,374000E+0	1,040133E+6	12,000000E+0
46	44,000000E+0	0,000000E+0	1,374000E+0	1,040141E+6	12,000000E+0
47	44,000000E+0	0,000000E+0	1,374000E+0	1,040149E+6	12,000000E+0
48	44,000000E+0	0,000000E+0	1,374000E+0	1,040157E+6	12,000000E+0
49	44,000000E+0	0,000000E+0	1,374000E+0	1,040164E+6	12,000000E+0
50	44,000000E+0	0,000000E+0	1,374000E+0	1,040172E+6	12,000000E+0
51	44,000000E+0	0,000000E+0	1,374000E+0	1,040180E+6	12,000000E+0
52	44,000000E+0	0,000000E+0	1,374000E+0	1,040188E+6	12,000000E+0
53	44,000000E+0	0,000000E+0	1,374000E+0	1,040196E+6	12,000000E+0
54	44,000000E+0	0,000000E+0	1,374000E+0	1,040204E+6	12,000000E+0
55	44,000000E+0	0,000000E+0	1,374000E+0	1,040212E+6	12,000000E+0
56	44,000000E+0	0,000000E+0	1,374000E+0	1,040220E+6	12,000000E+0
57	44,000000E+0	0,000000E+0	1,374000E+0	1,040228E+6	12,000000E+0
58	44,000000E+0	0,000000E+0	1,374000E+0	1,040236E+6	12,000000E+0
59	44,000000E+0	0,000000E+0	1,374000E+0	1,040244E+6	12,000000E+0
60	44,000000E+0	0,000000E+0	1,374000E+0	1,040252E+6	12,000000E+0
61	44,000000E+0	0,000000E+0	1,374000E+0	1,040260E+6	12,000000E+0
62	44,000000E+0	0,000000E+0	1,374000E+0	1,040267E+6	12,000000E+0
63	44,000000E+0	0,000000E+0	1,374000E+0	1,040275E+6	12,000000E+0
64	44,000000E+0	0,000000E+0	1,374000E+0	1,040284E+6	12,000000E+0
65	44,000000E+0	0,000000E+0	1,374000E+0	1,040292E+6	12,000000E+0
66	44,000000E+0	0,000000E+0	1,374000E+0	1,040299E+6	12,000000E+0
67	44,000000E+0	0,000000E+0	1,374000E+0	1,040307E+6	12,000000E+0
68	44,000000E+0	0,000000E+0	1,374000E+0	1,040316E+6	12,000000E+0
69	44,000000E+0	0,000000E+0	1,374000E+0	1,040324E+6	12,000000E+0
70	44,000000E+0	0,000000E+0	1,374000E+0	1,040331E+6	12,000000E+0
71	44,000000E+0	0,000000E+0	1,374000E+0	1,040339E+6	12,000000E+0
72	44,000000E+0	0,000000E+0	1,374000E+0	1,040347E+6	12,000000E+0
73	44,000000E+0	0,000000E+0	1,374000E+0	1,040355E+6	12,000000E+0
74	44,000000E+0	0,000000E+0	1,374000E+0	1,040362E+6	12,000000E+0
75	44,000000E+0	0,000000E+0	1,374000E+0	1,040371E+6	12,000000E+0
76	44,000000E+0	0,000000E+0	1,374000E+0	1,040379E+6	12,000000E+0
77	44,000000E+0	0,000000E+0	1,374000E+0	1,040387E+6	12,000000E+0
78	44,000000E+0	0,000000E+0	1,374000E+0	1,040394E+6	12,000000E+0
79	44,000000E+0	0,000000E+0	1,374000E+0	1,040401E+6	12,000000E+0
80	44,000000E+0	0,000000E+0	1,374000E+0	1,040409E+6	12,000000E+0
81	44,000000E+0	0,000000E+0	1,374000E+0	1,040417E+6	12,000000E+0
82	44,000000E+0	0,000000E+0	1,374000E+0	1,040424E+6	12,000000E+0
83	44,000000E+0	0,000000E+0	1,374000E+0	1,040432E+6	12,000000E+0
84	44,000000E+0	0,000000E+0	1,374000E+0	1,040439E+6	12,000000E+0
85	44,000000E+0	0,000000E+0	1,374000E+0	1,040447E+6	12,000000E+0
86	44,000000E+0	0,000000E+0	1,374000E+0	1,040455E+6	12,000000E+0
87	44,000000E+0	0,000000E+0	1,374000E+0	1,040463E+6	12,000000E+0
88	44,000000E+0	0,000000E+0	1,374000E+0	1,040471E+6	12,000000E+0
89	44,000000E+0	0,000000E+0	1,374000E+0	1,040479E+6	12,000000E+0
90	44,000000E+0	0,000000E+0	1,374000E+0	1,040486E+6	12,000000E+0
91	44,000000E+0	0,000000E+0	1,374000E+0	1,040494E+6	12,000000E+0
92	44,000000E+0	0,000000E+0	1,374000E+0	1,040502E+6	12,000000E+0
93	44,000000E+0	0,000000E+0	1,374000E+0	1,040510E+6	12,000000E+0
94	44,000000E+0	0,000000E+0	1,374000E+0	1,040517E+6	12,000000E+0
95	44,000000E+0	0,000000E+0	1,374000E+0	1,040525E+6	12,000000E+0
96	44,000000E+0	0,000000E+0	1,374000E+0	1,040533E+6	12,000000E+0
97	44,000000E+0	0,000000E+0	1,374000E+0	1,040541E+6	12,000000E+0
98	44,000000E+0	0,000000E+0	1,374000E+0	1,040550E+6	12,000000E+0
99	44,000000E+0	0,000000E+0	1,374000E+0	1,040558E+6	12,000000E+0
100	44,000000E+0	0,000000E+0	1,374000E+0	1,040566E+6	12,000000E+0
101	44,000000E+0	0,000000E+0	1,374000E+0	1,040574E+6	12,000000E+0
102	44,000000E+0	0,000000E+0	1,374000E+0	1,040582E+6	12,000000E+0
103	44,000000E+0	0,000000E+0	1,374000E+0	1,040590E+6	12,000000E+0
104	44,000000E+0	0,000000E+0	1,374000E+0	1,040598E+6	12,000000E+0
105	44,000000E+0	0,000000E+0	1,374000E+0	1,040605E+6	12,000000E+0
106	44,000000E+0	0,000000E+0	1,374000E+0	1,040612E+6	12,000000E+0
107	44,000000E+0	0,000000E+0	1,374000E+0	1,040620E+6	12,000000E+0
108	44,000000E+0	0,000000E+0	1,374000E+0	1,040628E+6	12,000000E+0
109	44,000000E+0	0,000000E+0	1,374000E+0	1,040636E+6	12,000000E+0
110	44,000000E+0	0,000000E+0	1,374000E+0	1,040645E+6	12,000000E+0
111	44,000000E+0	0,000000E+0	1,374000E+0	1,040652E+6	12,000000E+0
112	44,000000E+0	0,000000E+0	1,374000E+0	1,040660E+6	12,000000E+0
113	44,000000E+0	0,000000E+0	1,374000E+0	1,040668E+6	12,000000E+0
114	44,000000E+0	0,000000E+0	1,374000E+0	1,040676E+6	12,000000E+0
115	44,000000E+0	0,000000E+0	1,374000E+0	1,040684E+6	12,000000E+0
116	44,000000E+0	0,000000E+0	1,374000E+0	1,040692E+6	12,000000E+0
117	44,000000E+0	0,000000E+0	1,374000E+0	1,040699E+6	12,000000E+0
118	44,000000E+0	0,000000E+0	1,374000E+0	1,040707E+6	12,000000E+0
119	44,000000E+0	0,000000E+0	1,374000E+0	1,040715E+6	12,000000E+0
120	44,000000E+0	0,000000E+0	1,374000E+0	1,040723E+6	12,000000E+0
121	44,000000E+0	0,000000E+0	1,374000E+0	1,040730E+6	12,000000E+0
122	44,000000E+0	0,000000E+0	1,374000E+0	1,040738E+6	12,000000E+0
123	44,000000E+0	0,000000E+0	1,374000E+0	1,040746E+6	12,000000E+0
124	44,000000E+0	0,000000E+0	1,374000E+0	1,040754E+6	12,000000E+0
125	44,000000E+0	0,000000E+0	1,374000E+0	1,040762E+6	12,000000E+0
126	44,000000E+0	0,000000E+0	1,374000E+0	1,040770E+6	12,000000E+0
127	44,000000E+0	0,000000E+0	1,145000E+0	1,040778E+6	12,000000E+0
128	44,000000E+0	0,000000E+0	1,145000E+0	1,040785E+6	12,000000E+0
129	44,000000E+0	0,000000E+0	1,374000E+0	1,040793E+6	12,000000E+0
130	44,000000E+0	0,000000E+0	1,374000E+0	1,040800E+6	12,000000E+0
131	44,000000E+0	0,000000E+0	1,374000E+0	1,040807E+6	12,000000E+0
132	44,000000E+0	0,000000E+0	1,374000E+0	1,040816E+6	12,000000E+0
133	44,000000E+0	0,000000E+0	1,374000E+0	1,040824E+6	12,000000E+0
134	44,000000E+0	0,000000E+0	1,374000E+0	1,040832E+6	12,000000E+0
135	44,000000E+0	0,000000E+0	1,374000E+0	1,040840E+6	12,000000E+0
136	44,000000E+0	0,000000E+0	1,374000E+0	1,040848E+6	12,000000E+0
137	44,000000E+0	0,000000E+0	1,374000E+0	1,040856E+6	12,000000E+0
138	44,000000E+0	0,000000E+0	1,374000E+0	1,040863E+6	12,000000E+0
139	44,000000E+0	0,000000E+0	1,145000E+0	1,040871E+6	12,000000E+0
140	44,000000E+0	0,000000E+0	1,374000E+0	1,040878E+6	12,000000E+0
141	44,000000E+0	0,000000E+0	1,145000E+0	1,040886E+6	12,000000E+0
142	44,000000E+0	0,000000E+0	1,374000E+0	1,040894E+6	12,000000E+0
143	44,000000E+0	0,000000E+0	1,374000E+0	1,040902E+6	12,000000E+0
144	44,000000E+0	0,000000E+0	1,374000E+0	1,040910E+6	12,000000E+0
145	44,000000E+0	0,000000E+0	1,374000E+0	1,040917E+6	12,000000E+0
146	44,000000E+0	0,000000E+0	1,374000E+0	1,040925E+6	12,000000E+0
147	44,000000E+0	0,000000E+0	1,374000E+0	1,040934E+6	12,000000E+0
148	44,000000E+0	0,000000E+0	1,374000E+0	1,040941E+6	12,000000E+0
149	44,000000E+0	0,000000E+0	1,374000E+0	1,040949E+6	12,000000E+0
150	44,000000E+0	0,000000E+0	1,145000E+0	1,040956E+6	12,000000E+0
151	44,000000E+0	0,000000E+0	1,374000E+0	1,040963E+6	12,000000E+0
152	44,000000E+0	0,000000E+0	1,374000E+0	1,040971E+6	12,000000E+0
153	44,000000E+0	0,000000E+0	1,374000E+0	1,040979E+6	12,000000E+0
154	44,000000E+0	0,000000E+0	1,374000E+0	1,040987E+6	12,000000E+0
155	44,000000E+0	0,000000E+0	1,374000E+0	1,040996E+6	12,000000E+0
156	44,000000E+0	0,000000E+0	1,374000E+0	1,041004E+6	12,000000E+0
157	44,000000E+0	0,000000E+0	1,374000E+0	1,041012E+6	12,000000E+0
158	44,000000E+0	0,000000E+0	1,374000E+0	1,041020E+6	12,000000E+0
159	44,000000E+0	0,000000E+0	1,374000E+0	1,041028E+6	12,000000E+0
160	44,000000E+0	0,000000E+0	1,374000E+0	1,041036E+6	12,000000E+0
161	44,000000E+0	0,000000E+0	1,374000E+0	1,041043E+6	12,000000E+0
162	44,000000E+0	0,000000E+0	1,374000E+0	1,041051E+6	12,000000E+0
163	44,000000E+0	0,000000E+0	1,374000E+0	1,041059E+6	12,000000E+0
164	44,000000E+0	0,000000E+0	1,374000E+0	1,041066E+6	12,000000E+0
165	44,000000E+0	0,000000E+0	1,374000E+0	1,041074E+6	12,000000E+0
166	44,000000E+0	0,000000E+0	1,374000E+0	1,041082E+6	12,000000E+0
167	44,000000E+0	0,000000E+0	1,374000E+0	1,041091E+6	12,000000E+0
168	44,000000E+0	0,000000E+0	1,374000E+0	1,041100E+6	12,000000E+0
169	44,000000E+0	0,000000E+0	1,374000E+0	1,041110E+6	12,000000E+0
170	44,000000E+0	0,000000E+0	1,374000E+0	1,041119E+6	12,000000E+0
171	44,000000E+0	0,000000E+0	1,374000E+0	1,041127E+6	12,000000E+0
172	44,000000E+0	0,000000E+0	1,374000E+0	1,041135E+6	12,000000E+0
173	44,000000E+0	0,000000E+0	1,374000E+0	1,041143E+6	12,000000E+0
174	44,000000E+0	0,000000E+0	1,374000E+0	1,041151E+6	12,000000E+0
175	44,000000E+0	0,000000E+0	1,374000E+0	1,041158E+6	12,000000E+0
176	44,000000E+0	0,000000E+0	1,374000E+0	1,041166E+6	12,000000E+0
177	44,000000E+0	0,000000E+0	1,374000E+0	1,041174E+6	12,000000E+0
178	44,000000E+0	0,000000E+0	1,374000E+0	1,041181E+6	12,000000E+0
179	44,000000E+0	0,000000E+0	1,374000E+0	1,041191E+6	12,000000E+0
180	44,000000E+0	0,000000E+0	1,374000E+0	1,041198E+6	12,000000E+0
181	44,000000E+0	0,000000E+0	1,374000E+0	1,041206E+6	12,000000E+0
182	44,000000E+0	0,000000E+0	1,374000E+0	1,041214E+6	12,000000E+0
183	44,000000E+0	0,000000E+0	1,374000E+0	1,041222E+6	12,000000E+0
184	44,000000E+0	0,000000E+0	1,374000E+0	1,041229E+6	12,000000E+0
185	44,000000E+0	0,000000E+0	1,374000E+0	1,041237E+6	12,000000E+0
186	44,000000E+0	0,000000E+0	1,374000E+0	1,041245E+6	12,000000E+0
187	44,000000E+0	0,000000E+0	1,374000E+0	1,041253E+6	12,000000E+0
188	44,000000E+0	0,000000E+0	1,374000E+0	1,041261E+6	12,000000E+0
189	44,000000E+0	0,000000E+0	1,374000E+0	1,041268E+6	12,000000E+0
190	44,000000E+0	0,000000E+0	1,374000E+0	1,041276E+6	12,000000E+0
191	44,000000E+0	0,000000E+0	1,374000E+0	1,041284E+6	12,000000E+0
192	44,000000E+0	0,000000E+0	1,374000E+0	1,041293E+6	12,000000E+0
193	44,000000E+0	0,000000E+0	1,374000E+0	1,041302E+6	12,000000E+0
194	44,000000E+0	0,000000E+0	1,374000E+0	1,041310E+6	12,000000E+0
195	44,000000E+0	0,000000E+0	1,374000E+0	1,041318E+6	12,000000E+0
196	44,000000E+0	0,000000E+0	1,374000E+0	1,041326E+6	12,000000E+0
197	44,000000E+0	0,000000E+0	1,145000E+0	1,041334E+6	12,000000E+0
198	44,000000E+0	0,000000E+0	1,145000E+0	1,041342E+6	12,000000E+0
199	44,000000E+0	0,000000E+0	1,374000E+0	1,041349E+6	12,000000E+0
200	44,000000E+0	0,000000E+0	1,374000E+0	1,041357E+6	12,000000E+0
201	44,000000E+0	0,000000E+0	1,374000E+0	1,041365E+6	12,000000E+0
202	44,000000E+0	0,000000E+0	1,374000E+0	1,041373E+6	12,000000E+0
203	44,000000E+0	0,000000E+0	1,374000E+0	1,041381E+6	12,000000E+0
204	44,000000E+0	0,000000E+0	1,374000E+0	1,041388E+6	12,000000E+0
205	44,000000E+0	0,000000E+0	1,374000E+0	1,041396E+6	12,000000E+0
206	44,000000E+0	0,000000E+0	1,374000E+0	1,041404E+6	12,000000E+0
207	44,000000E+0	0,000000E+0	1,374000E+0	1,041411E+6	12,000000E+0
208	44,000000E+0	0,000000E+0	1,374000E+0	1,041420E+6	12,000000E+0
209	44,000000E+0	0,000000E+0	1,374000E+0	1,041427E+6	12,000000E+0
210	44,000000E+0	0,000000E+0	1,374000E+0	1,041435E+6	12,000000E+0
211	44,000000E+0	0,000000E+0	1,374000E+0	1,041443E+6	12,000000E+0
212	44,000000E+0	0,000000E+0	1,374000E+0	1,041451E+6	12,000000E+0
213	44,000000E+0	0,000000E+0	1,374000E+0	1,041459E+6	12,000000E+0
214	44,000000E+0	0,000000E+0	1,374000E+0	1,041467E+6	12,000000E+0
215	44,000000E+0	0,000000E+0	1,374000E+0	1,041475E+6	12,000000E+0
216	44,000000E+0	0,000000E+0	1,374000E+0	1,041482E+6	12,000000E+0
217	44,000000E+0	0,000000E+0	1,374000E+0	1,041490E+6	12,000000E+0
218	44,000000E+0	0,000000E+0	1,374000E+0	1,041498E+6	12,000000E+0
219	44,000000E+0	0,000000E+0	1,374000E+0	1,041507E+6	12,000000E+0
220	44,000000E+0	0,000000E+0	1,374000E+0	1,041514E+6	12,000000E+0
221	44,000000E+0	0,000000E+0	1,374000E+0	1,041522E+6	12,000000E+0
222	44,000000E+0	0,000000E+0	1,374000E+0	1,041530E+6	12,000000E+0
223	44,000000E+0	0,000000E+0	1,374000E+0	1,041538E+6	12,000000E+0
224	44,000000E+0	0,000000E+0	1,374000E+0	1,041546E+6	12,000000E+0
225	44,000000E+0	0,000000E+0	1,374000E+0	1,041553E+6	12,000000E+0
226	44,000000E+0	0,000000E+0	1,374000E+0	1,041561E+6	12,000000E+0
227	44,000000E+0	0,000000E+0	1,374000E+0	1,041569E+6	12,000000E+0
228	44,000000E+0	0,000000E+0	1,374000E+0	1,041577E+6	12,000000E+0
229	44,000000E+0	0,000000E+0	1,374000E+0	1,041585E+6	12,000000E+0
230	44,000000E+0	0,000000E+0	1,374000E+0	1,041592E+6	12,000000E+0
231	44,000000E+0	0,000000E+0	1,374000E+0	1,041600E+6	12,000000E+0
232	44,000000E+0	0,000000E+0	1,374000E+0	1,041607E+6	12,000000E+0
233	44,000000E+0	0,000000E+0	1,374000E+0	1,041615E+6	12,000000E+0
234	44,000000E+0	0,000000E+0	1,374000E+0	1,041623E+6	12,000000E+0
235	44,000000E+0	0,000000E+0	1,374000E+0	1,041631E+6	12,000000E+0
236	44,000000E+0	0,000000E+0	1,374000E+0	1,041640E+6	12,000000E+0
237	44,000000E+0	0,000000E+0	1,374000E+0	1,041648E+6	12,000000E+0
238	44,000000E+0	0,000000E+0	1,374000E+0	1,041656E+6	12,000000E+0
239	44,000000E+0	0,000000E+0	1,374000E+0	1,041663E+6	12,000000E+0
240	44,000000E+0	0,000000E+0	1,374000E+0	1,041671E+6	12,000000E+0
241	44,000000E+0	0,000000E+0	1,374000E+0	1,041679E+6	12,000000E+0
242	44,000000E+0	0,000000E+0	1,374000E+0	1,041687E+6	12,000000E+0
243	44,000000E+0	0,000000E+0	1,374000E+0	1,041694E+6	12,000000E+0
244	44,000000E+0	0,000000E+0	1,374000E+0	1,041702E+6	12,000000E+0
245	44,000000E+0	0,000000E+0	1,374000E+0	1,041710E+6	12,000000E+0
246	44,000000E+0	0,000000E+0	1,374000E+0	1,041718E+6	12,000000E+0
247	44,000000E+0	0,000000E+0	1,374000E+0	1,041726E+6	12,000000E+0
248	44,000000E+0	0,000000E+0	1,374000E+0	1,041734E+6	12,000000E+0
249	44,000000E+0	0,000000E+0	1,374000E+0	1,041741E+6	12,000000E+0
250	44,000000E+0	0,000000E+0	1,374000E+0	1,041750E+6	12,000000E+0
251	44,000000E+0	0,000000E+0	1,374000E+0	1,041757E+6	12,000000E+0
252	44,000000E+0	0,000000E+0	1,374000E+0	1,041766E+6	12,000000E+0
253	44,000000E+0	0,000000E+0	1,145000E+0	1,041773E+6	12,000000E+0
254	44,000000E+0	0,000000E+0	1,374000E+0	1,041781E+6	12,000000E+0
255	44,000000E+0	0,000000E+0	1,374000E+0	1,041789E+6	12,000000E+0
256	44,000000E+0	0,000000E+0	1,374000E+0	1,041797E+6	12,000000E+0
257	44,000000E+0	0,000000E+0	1,374000E+0	1,041805E+6	12,000000E+0
258	44,000000E+0	0,000000E+0	1,374000E+0	1,041813E+6	12,000000E+0
259	44,000000E+0	0,000000E+0	1,374000E+0	1,041821E+6	12,000000E+0
260	44,000000E+0	0,000000E+0	1,374000E+0	1,041829E+6	12,000000E+0
261	44,000000E+0	0,000000E+0	1,374000E+0	1,041837E+6	12,000000E+0
262	44,000000E+0	0,000000E+0	1,374000E+0	1,041844E+6	12,000000E+0
263	44,000000E+0	0,000000E+0	1,374000E+0	1,041852E+6	12,000000E+0
264	44,000000E+0	0,000000E+0	1,374000E+0	1,041860E+6	12,000000E+0
265	44,000000E+0	0,000000E+0	1,374000E+0	1,041868E+6	12,000000E+0
266	44,000000E+0	0,000000E+0	1,374000E+0	1,041876E+6	12,000000E+0
267	44,000000E+0	0,000000E+0	1,374000E+0	1,041883E+6	12,000000E+0
268	44,000000E+0	0,000000E+0	1,374000E+0	1,041892E+6	12,000000E+0
269	44,000000E+0	0,000000E+0	1,374000E+0	1,041899E+6	12,000000E+0
270	44,000000E+0	0,000000E+0	1,374000E+0	1,041907E+6	12,000000E+0
271	44,000000E+0	0,000000E+0	1,374000E+0	1,041915E+6	12,000000E+0
272	44,000000E+0	0,000000E+0	1,374000E+0	1,041923E+6	12,000000E+0
273	44,000000E+0	0,000000E+0	1,374000E+0	1,041931E+6	12,000000E+0
274	44,000000E+0	0,000000E+0	1,374000E+0	1,041939E+6	12,000000E+0
275	44,000000E+0	0,000000E+0	1,374000E+0	1,041947E+6	12,000000E+0
276	44,000000E+0	0,000000E+0	1,374000E+0	1,041953E+6	12,000000E+0
277	44,000000E+0	0,000000E+0	1,374000E+0	1,041961E+6	12,000000E+0
278	44,000000E+0	0,000000E+0	1,374000E+0	1,041969E+6	12,000000E+0
279	44,000000E+0	0,000000E+0	1,374000E+0	1,041977E+6	12,000000E+0
280	44,000000E+0	0,000000E+0	1,374000E+0	1,041985E+6	12,000000E+0
281	44,000000E+0	0,000000E+0	1,374000E+0	1,041993E+6	12,000000E+0
282	44,000000E+0	0,000000E+0	1,374000E+0	1,042001E+6	12,000000E+0
283	44,000000E+0	0,000000E+0	1,374000E+0	1,042011E+6	12,000000E+0
284	44,000000E+0	0,000000E+0	1,145000E+0	1,042021E+6	12,000000E+0
285	44,000000E+0	0,000000E+0	1,374000E+0	1,042031E+6	12,000000E+0
286	44,000000E+0	0,000000E+0	1,374000E+0	1,042038E+6	12,000000E+0
287	44,000000E+0	0,000000E+0	1,374000E+0	1,042046E+6	12,000000E+0
288	44,000000E+0	0,000000E+0	1,374000E+0	1,042054E+6	12,000000E+0
289	44,000000E+0	0,000000E+0	1,374000E+0	1,042062E+6	12,000000E+0
290	44,000000E+0	0,000000E+0	1,374000E+0	1,042070E+6	12,000000E+0
291	44,000000E+0	0,000000E+0	1,374000E+0	1,042078E+6	12,000000E+0
292	44,000000E+0	0,000000E+0	1,374000E+0	1,042086E+6	12,000000E+0
293	44,000000E+0	0,000000E+0	1,374000E+0	1,042094E+6	12,000000E+0
294	44,000000E+0	0,000000E+0	1,374000E+0	1,042103E+6	12,000000E+0
295	44,000000E+0	0,000000E+0	1,374000E+0	1,042111E+6	12,000000E+0
296	44,000000E+0	0,000000E+0	1,374000E+0	1,042118E+6	12,000000E+0
297	44,000000E+0	0,000000E+0	1,374000E+0	1,042126E+6	12,000000E+0
298	44,000000E+0	0,000000E+0	1,374000E+0	1,042133E+6	12,000000E+0
299	44,000000E+0	0,000000E+0	1,374000E+0	1,042141E+6	12,000000E+0
300	44,000000E+0	0,000000E+0	1,374000E+0	1,042149E+6	12,000000E+0
301	44,000000E+0	0,000000E+0	1,374000E+0	1,042157E+6	12,000000E+0
302	44,000000E+0	0,000000E+0	1,374000E+0	1,042164E+6	12,000000E+0
303	44,000000E+0	0,000000E+0	1,374000E+0	1,042172E+6	12,000000E+0
304	44,000000E+0	0,000000E+0	1,374000E+0	1,042180E+6	12,000000E+0
305	44,000000E+0	0,000000E+0	1,374000E+0	1,042188E+6	12,000000E+0
306	44,000000E+0	0,000000E+0	1,374000E+0	1,042197E+6	12,000000E+0
307	44,000000E+0	0,000000E+0	1,374000E+0	1,042204E+6	12,000000E+0
308	44,000000E+0	0,000000E+0	1,374000E+0	1,042212E+6	12,000000E+0
309	44,000000E+0	0,000000E+0	1,374000E+0	1,042220E+6	12,000000E+0
310	44,000000E+0	0,000000E+0	1,374000E+0	1,042228E+6	12,000000E+0
311	44,000000E+0	0,000000E+0	1,374000E+0	1,042236E+6	12,000000E+0
312	44,000000E+0	0,000000E+0	1,374000E+0	1,042244E+6	12,000000E+0
313	44,000000E+0	0,000000E+0	1,374000E+0	1,042252E+6	12,000000E+0
314	44,000000E+0	0,000000E+0	1,374000E+0	1,042260E+6	12,000000E+0
315	44,000000E+0	0,000000E+0	1,374000E+0	1,042268E+6	12,000000E+0
316	44,000000E+0	0,000000E+0	1,374000E+0	1,042275E+6	12,000000E+0
317	44,000000E+0	0,000000E+0	1,374000E+0	1,042283E+6	12,000000E+0
318	44,000000E+0	0,000000E+0	1,374000E+0	1,042291E+6	12,000000E+0
319	44,000000E+0	0,000000E+0	1,374000E+0	1,042299E+6	12,000000E+0
320	44,000000E+0	0,000000E+0	1,374000E+0	1,042307E+6	12,000000E+0
321	44,000000E+0	0,000000E+0	1,374000E+0	1,042315E+6	12,000000E+0
322	44,000000E+0	0,000000E+0	1,374000E+0	1,042323E+6	12,000000E+0
323	44,000000E+0	0,000000E+0	1,374000E+0	1,042330E+6	12,000000E+0
324	44,000000E+0	0,000000E+0	1,374000E+0	1,042338E+6	12,000000E+0
325	44,000000E+0	0,000000E+0	1,374000E+0	1,042346E+6	12,000000E+0
326	44,000000E+0	0,000000E+0	1,374000E+0	1,042354E+6	12,000000E+0
327	44,000000E+0	0,000000E+0	1,374000E+0	1,042362E+6	12,000000E+0
328	44,000000E+0	0,000000E+0	1,374000E+0	1,042371E+6	12,000000E+0
329	44,000000E+0	0,000000E+0	1,374000E+0	1,042378E+6	12,000000E+0
330	44,000000E+0	0,000000E+0	1,374000E+0	1,042386E+6	12,000000E+0
331	44,000000E+0	0,000000E+0	1,374000E+0	1,042394E+6	12,000000E+0
332	44,000000E+0	0,000000E+0	1,374000E+0	1,042401E+6	12,000000E+0
333	44,000000E+0	0,000000E+0	1,374000E+0	1,042409E+6	12,000000E+0
334	44,000000E+0	0,000000E+0	1,374000E+0	1,042417E+6	12,000000E+0
335	44,000000E+0	0,000000E+0	1,374000E+0	1,042425E+6	12,000000E+0
336	44,000000E+0	0,000000E+0	1,374000E+0	1,042433E+6	12,000000E+0
337	44,000000E+0	0,000000E+0	1,374000E+0	1,042441E+6	12,000000E+0
338	44,000000E+0	0,000000E+0	1,374000E+0	1,042449E+6	12,000000E+0
339	44,000000E+0	0,000000E+0	1,374000E+0	1,042457E+6	12,000000E+0
340	44,000000E+0	0,000000E+0	1,374000E+0	1,042464E+6	12,000000E+0
341	44,000000E+0	0,000000E+0	1,374000E+0	1,042472E+6	12,000000E+0
342	44,000000E+0	0,000000E+0	1,374000E+0	1,042480E+6	12,000000E+0
343	44,000000E+0	0,000000E+0	1,374000E+0	1,042488E+6	12,000000E+0
344	44,000000E+0	0,000000E+0	1,374000E+0	1,042496E+6	12,000000E+0
345	44,000000E+0	0,000000E+0	1,374000E+0	1,042504E+6	12,000000E+0
346	44,000000E+0	0,000000E+0	1,374000E+0	1,042512E+6	12,000000E+0
347	44,000000E+0	0,000000E+0	1,374000E+0	1,042519E+6	12,000000E+0
348	44,000000E+0	0,000000E+0	1,374000E+0	1,042527E+6	12,000000E+0
349	44,000000E+0	0,000000E+0	1,374000E+0	1,042535E+6	12,000000E+0
350	44,000000E+0	0,000000E+0	1,374000E+0	1,042543E+6	12,000000E+0
351	44,000000E+0	0,000000E+0	1,374000E+0	1,042550E+6	12,000000E+0
352	44,000000E+0	0,000000E+0	1,374000E+0	1,042558E+6	12,000000E+0
353	44,000000E+0	0,000000E+0	1,374000E+0	1,042566E+6	12,000000E+0
354	44,000000E+0	0,000000E+0	1,374000E+0	1,042574E+6	12,000000E+0
355	44,000000E+0	0,000000E+0	1,374000E+0	1,042582E+6	12,000000E+0
356	44,000000E+0	0,000000E+0	1,374000E+0	1,042590E+6	12,000000E+0
357	44,000000E+0	0,000000E+0	1,374000E+0	1,042598E+6	12,000000E+0
358	44,000000E+0	0,000000E+0	1,374000E+0	1,042606E+6	12,000000E+0
359	44,000000E+0	0,000000E+0	1,374000E+0	1,042614E+6	12,000000E+0
360	44,000000E+0	0,000000E+0	1,374000E+0	1,042622E+6	12,000000E+0
361	44,000000E+0	0,000000E+0	1,374000E+0	1,042630E+6	12,000000E+0
362	44,000000E+0	0,000000E+0	1,374000E+0	1,042638E+6	12,000000E+0
363	44,000000E+0	0,000000E+0	1,374000E+0	1,042646E+6	12,000000E+0
364	44,000000E+0	0,000000E+0	1,374000E+0	1,042654E+6	12,000000E+0
365	44,000000E+0	0,000000E+0	1,374000E+0	1,042661E+6	12,000000E+0
366	44,000000E+0	0,000000E+0	1,374000E+0	1,042668E+6	12,000000E+0
367	44,000000E+0	0,000000E+0	1,374000E+0	1,042677E+6	12,000000E+0
368	44,000000E+0	0,000000E+0	1,374000E+0	1,042684E+6	12,000000E+0
369	44,000000E+0	0,000000E+0	1,374000E+0	1,042693E+6	12,000000E+0
370	44,000000E+0	0,000000E+0	1,374000E+0	1,042701E+6	12,000000E+0
371	44,000000E+0	0,000000E+0	1,374000E+0	1,042709E+6	12,000000E+0
372	44,000000E+0	0,000000E+0	1,374000E+0	1,042717E+6	12,000000E+0
373	44,000000E+0	0,000000E+0	1,374000E+0	1,042724E+6	12,000000E+0
374	44,000000E+0	0,000000E+0	1,374000E+0	1,042732E+6	12,000000E+0
375	44,000000E+0	0,000000E+0	1,374000E+0	1,042740E+6	12,000000E+0
376	44,000000E+0	0,000000E+0	1,374000E+0	1,042748E+6	12,000000E+0
377	44,000000E+0	0,000000E+0	1,374000E+0	1,042755E+6	12,000000E+0
378	44,000000E+0	0,000000E+0	1,374000E+0	1,042764E+6	12,000000E+0
379	44,000000E+0	0,000000E+0	1,374000E+0	1,042770E+6	12,000000E+0
380	44,000000E+0	0,000000E+0	1,374000E+0	1,042778E+6	12,000000E+0
381	44,000000E+0	0,000000E+0	1,374000E+0	1,042787E+6	12,000000E+0
382	44,000000E+0	0,000000E+0	1,374000E+0	1,042794E+6	12,000000E+0
383	44,000000E+0	0,000000E+0	1,374000E+0	1,042802E+6	12,000000E+0
384	44,000000E+0	0,000000E+0	1,374000E+0	1,042810E+6	12,000000E+0
385	44,000000E+0	0,000000E+0	1,374000E+0	1,042818E+6	12,000000E+0
386	44,000000E+0	0,000000E+0	1,374000E+0	1,042826E+6	12,000000E+0
387	44,000000E+0	0,000000E+0	1,374000E+0	1,042833E+6	12,000000E+0
388	44,000000E+0	0,000000E+0	1,145000E+0	1,042840E+6	12,000000E+0
389	44,000000E+0	0,000000E+0	1,374000E+0	1,042849E+6	12,000000E+0
390	44,000000E+0	0,000000E+0	1,374000E+0	1,042856E+6	12,000000E+0
391	44,000000E+0	0,000000E+0	1,374000E+0	1,042864E+6	12,000000E+0
392	44,000000E+0	0,000000E+0	1,374000E+0	1,042872E+6	12,000000E+0
393	44,000000E+0	0,000000E+0	1,374000E+0	1,042881E+6	12,000000E+0
394	44,000000E+0	0,000000E+0	1,374000E+0	1,042889E+6	12,000000E+0
395	44,000000E+0	0,000000E+0	1,374000E+0	1,042897E+6	12,000000E+0
396	44,000000E+0	0,000000E+0	1,374000E+0	1,042905E+6	12,000000E+0
397	44,000000E+0	0,000000E+0	1,374000E+0	1,042912E+6	12,000000E+0
398	44,000000E+0	0,000000E+0	1,374000E+0	1,042920E+6	12,000000E+0
399	44,000000E+0	0,000000E+0	1,145000E+0	1,042927E+6	12,000000E+0
400	44,000000E+0	0,000000E+0	1,374000E+0	1,042935E+6	12,000000E+0
401	44,000000E+0	0,000000E+0	1,374000E+0	1,042943E+6	12,000000E+0
402	44,000000E+0	0,000000E+0	1,374000E+0	1,042951E+6	12,000000E+0
403	44,000000E+0	0,000000E+0	1,374000E+0	1,042958E+6	12,000000E+0
404	44,000000E+0	0,000000E+0	1,374000E+0	1,042967E+6	12,000000E+0
405	44,000000E+0	0,000000E+0	1,374000E+0	1,042975E+6	12,000000E+0
406	44,000000E+0	0,000000E+0	1,374000E+0	1,042984E+6	12,000000E+0
407	44,000000E+0	0,000000E+0	1,374000E+0	1,042992E+6	12,000000E+0
408	44,000000E+0	0,000000E+0	1,374000E+0	1,043000E+6	12,000000E+0
409	44,000000E+0	0,000000E+0	1,145000E+0	1,043007E+6	12,000000E+0
410	44,000000E+0	0,000000E+0	1,374000E+0	1,043015E+6	12,000000E+0
411	44,000000E+0	0,000000E+0	1,374000E+0	1,043023E+6	12,000000E+0
412	44,000000E+0	0,000000E+0	1,374000E+0	1,043031E+6	12,000000E+0
413	44,000000E+0	0,000000E+0	1,374000E+0	1,043039E+6	12,000000E+0
414	44,000000E+0	0,000000E+0	1,374000E+0	1,043047E+6	12,000000E+0
415	44,000000E+0	0,000000E+0	1,374000E+0	1,043055E+6	12,000000E+0
416	44,000000E+0	0,000000E+0	1,374000E+0	1,043063E+6	12,000000E+0
417	44,000000E+0	0,000000E+0	1,374000E+0	1,043071E+6	12,000000E+0
418	44,000000E+0	0,000000E+0	1,374000E+0	1,043080E+6	12,000000E+0
419	44,000000E+0	0,000000E+0	1,374000E+0	1,043087E+6	12,000000E+0
420	44,000000E+0	0,000000E+0	1,374000E+0	1,043095E+6	12,000000E+0
421	44,000000E+0	0,000000E+0	1,374000E+0	1,043102E+6	12,000000E+0
422	44,000000E+0	0,000000E+0	1,374000E+0	1,043110E+6	12,000000E+0
423	44,000000E+0	0,000000E+0	1,374000E+0	1,043118E+6	12,000000E+0
424	44,000000E+0	0,000000E+0	1,374000E+0	1,043126E+6	12,000000E+0
425	44,000000E+0	0,000000E+0	1,374000E+0	1,043134E+6	12,000000E+0
426	44,000000E+0	0,000000E+0	1,374000E+0	1,043141E+6	12,000000E+0
427	44,000000E+0	0,000000E+0	1,374000E+0	1,043149E+6	12,000000E+0
428	44,000000E+0	0,000000E+0	1,374000E+0	1,043157E+6	12,000000E+0
429	44,000000E+0	0,000000E+0	1,374000E+0	1,043165E+6	12,000000E+0
430	44,000000E+0	0,000000E+0	1,374000E+0	1,043174E+6	12,000000E+0
431	44,000000E+0	0,000000E+0	1,374000E+0	1,043181E+6	12,000000E+0
432	44,000000E+0	0,000000E+0	1,374000E+0	1,043189E+6	12,000000E+0
433	44,000000E+0	0,000000E+0	1,374000E+0	1,043197E+6	12,000000E+0
434	44,000000E+0	0,000000E+0	1,374000E+0	1,043205E+6	12,000000E+0
435	44,000000E+0	0,000000E+0	1,374000E+0	1,043213E+6	12,000000E+0
436	44,000000E+0	0,000000E+0	1,374000E+0	1,043221E+6	12,000000E+0
437	44,000000E+0	0,000000E+0	1,374000E+0	1,043228E+6	12,000000E+0
438	44,000000E+0	0,000000E+0	1,374000E+0	1,043236E+6	12,000000E+0
439	44,000000E+0	0,000000E+0	1,374000E+0	1,043244E+6	12,000000E+0
440	44,000000E+0	0,000000E+0	1,374000E+0	1,043252E+6	12,000000E+0
441	44,000000E+0	0,000000E+0	1,374000E+0	1,043259E+6	12,000000E+0
442	44,000000E+0	0,000000E+0	1,374000E+0	1,043267E+6	12,000000E+0
443	44,000000E+0	0,000000E+0	1,374000E+0	1,043275E+6	12,000000E+0
444	44,000000E+0	0,000000E+0	1,145000E+0	1,043282E+6	12,000000E+0
445	44,000000E+0	0,000000E+0	1,374000E+0	1,043290E+6	12,000000E+0
446	44,000000E+0	0,000000E+0	1,374000E+0	1,043298E+6	12,000000E+0
447	44,000000E+0	0,000000E+0	1,374000E+0	1,043306E+6	12,000000E+0
448	44,000000E+0	0,000000E+0	1,374000E+0	1,043314E+6	12,000000E+0
449	44,000000E+0	0,000000E+0	1,374000E+0	1,043322E+6	12,000000E+0
450	44,000000E+0	0,000000E+0	1,374000E+0	1,043329E+6	12,000000E+0
451	44,000000E+0	0,000000E+0	1,374000E+0	1,043337E+6	12,000000E+0
452	44,000000E+0	0,000000E+0	1,374000E+0	1,043344E+6	12,000000E+0
453	44,000000E+0	0,000000E+0	1,374000E+0	1,043352E+6	12,000000E+0
454	44,000000E+0	0,000000E+0	1,374000E+0	1,043362E+6	12,000000E+0
455	44,000000E+0	0,000000E+0	1,374000E+0	1,043369E+6	12,000000E+0
456	44,000000E+0	0,000000E+0	1,374000E+0	1,043376E+6	12,000000E+0
457	44,000000E+0	0,000000E+0	1,374000E+0	1,043384E+6	12,000000E+0
458	44,000000E+0	0,000000E+0	1,374000E+0	1,043392E+6	12,000000E+0
459	44,000000E+0	0,000000E+0	1,374000E+0	1,043401E+6	12,000000E+0
460	44,000000E+0	0,000000E+0	1,374000E+0	1,043410E+6	12,000000E+0
461	21,760000E+3	30,300160E+3	23,051895E+6	-637,534208E+6	407,500000E+0
462	44,000000E+0	0,000000E+0	1,374000E+0	1,043426E+6	12,000000E+0
463	21,760000E+3	30,300160E+3	23,051895E+6	-369,098752E+6	407,500000E+0
464	11,264000E+3	0,000000E+0	351,744000E+0	267,121152E+6	3,072000E+3
465	11,264000E+3	0,000000E+0	351,744000E+0	267,123200E+6	3,072000E+3
466	85,000000E+0	118,360000E+0	90,046464E+3	-335,413248E+6	1,500000E+0
467	44,000000E+0	0,000000E+0	1,374000E+0	1,043466E+6	12,000000E+0
468	44,000000E+0	0,000000E+0	1,374000E+0	1,043473E+6	12,000000E+0
469	44,000000E+0	0,000000E+0	1,374000E+0	1,043481E+6	12,000000E+0
470	44,000000E+0	0,000000E+0	1,374000E+0	1,043490E+6	12,000000E+0
471	44,000000E+0	0,000000E+0	1,374000E+0	1,043497E+6	12,000000E+0
472	44,000000E+0	0,000000E+0	1,374000E+0	1,043505E+6	12,000000E+0
473	44,000000E+0	0,000000E+0	1,374000E+0	1,043513E+6	12,000000E+0
474	44,000000E+0	0,000000E+0	1,374000E+0	1,043521E+6	12,000000E+0
475	44,000000E+0	0,000000E+0	1,374000E+0	1,043529E+6	12,000000E+0
476	85,000000E+0	118,360000E+0	90,046464E+3	-330,235904E+6	1,500000E+0
477	256,000000E+0	80,700000E+0	660,360201E+3	393,216000E+3	0,000000E+0
478	44,000000E+0	0,000000E+0	1,374000E+0	1,043552E+6	12,000000E+0
479	11,264000E+3	0,000000E+0	351,744000E+0	267,151360E+6	3,072000E+3
480	44,000000E+0	0,000000E+0	1,374000E+0	1,043567E+6	12,000000E+0
481	44,000000E+0	0,000000E+0	1,374000E+0	1,043575E+6	12,000000E+0
482	44,000000E+0	0,000000E+0	1,374000E+0	1,043583E+6	12,000000E+0
483	30,000000E+0	228,650000E+0	10,076000E+0	6,000000E+0	6,055100E+3
484	44,000000E+0	0,000000E+0	1,374000E+0	1,043598E+6	12,000000E+0
485	44,000000E+0	0,000000E+0	1,374000E+0	1,043607E+6	12,000000E+0
486	85,000000E+0	118,360000E+0	90,046464E+3	-325,058560E+6	1,500000E+0
487	21,760000E+3	30,300160E+3	23,051895E+6	-1,493172E+9	407,600000E+0
488	44,000000E+0	0,000000E+0	1,374000E+0	1,043631E+6	12,000000E+0
489	44,000000E+0	0,000000E+0	1,374000E+0	1,043640E+6	12,000000E+0
490	11,264000E+3	0,000000E+0	351,744000E+0	267,173632E+6	3,072000E+3
491	44,000000E+0	0,000000E+0	1,374000E+0	1,043654E+6	12,000000E+0
492	11,264000E+3	0,000000E+0	351,744000E+0	267,177472E+6	3,072000E+3
493	44,000000E+0	0,000000E+0	1,374000E+0	1,043670E+6	12,000000E+0
494	44,000000E+0	0,000000E+0	1,374000E+0	1,043678E+6	12,000000E+0
495	85,000000E+0	118,360000E+0	90,046464E+3	-320,471040E+6	1,500000E+0
496	85,000000E+0	118,360000E+0	90,046464E+3	-319,946752E+6	1,500000E+0
497	44,000000E+0	0,000000E+0	1,374000E+0	1,043701E+6	12,000000E+0
498	85,000000E+0	118,360000E+0	90,046464E+3	-318,963712E+6	1,500000E+0
499	11,264000E+3	0,000000E+0	351,744000E+0	267,191552E+6	3,072000E+3
500	44,000000E+0	0,000000E+0	1,374000E+0	1,043725E+6	12,000000E+0
501	44,000000E+0	0,000000E+0	1,374000E+0	1,043732E+6	12,000000E+0
502	44,000000E+0	0,000000E+0	1,374000E+0	1,043740E+6	12,000000E+0
503	44,000000E+0	0,000000E+0	1,374000E+0	1,043748E+6	12,000000E+0
504	11,264000E+3	0,000000E+0	351,744000E+0	267,201536E+6	3,072000E+3
505	44,000000E+0	0,000000E+0	1,374000E+0	1,043765E+6	12,000000E+0
506	44,000000E+0	0,000000E+0	1,374000E+0	1,043773E+6	12,000000E+0
507	44,000000E+0	0,000000E+0	1,374000E+0	1,043781E+6	12,000000E+0
508	44,000000E+0	0,000000E+0	1,374000E+0	1,043789E+6	12,000000E+0
509	21,760000E+3	30,300160E+3	23,051895E+6	1,409286E+9	407,700000E+0
510	11,264000E+3	0,000000E+0	351,744000E+0	267,213824E+6	3,072000E+3
511	44,000000E+0	0,000000E+0	1,374000E+0	1,043811E+6	12,000000E+0
512	44,000000E+0	0,000000E+0	1,145000E+0	1,043819E+6	12,000000E+0
513	44,000000E+0	0,000000E+0	1,145000E+0	1,043826E+6	12,000000E+0
514	11,264000E+3	0,000000E+0	351,744000E+0	267,221504E+6	3,072000E+3
515	44,000000E+0	0,000000E+0	1,374000E+0	1,043842E+6	12,000000E+0
516	21,760000E+3	30,300160E+3	23,051895E+6	-1,962934E+9	407,700000E+0
517	44,000000E+0	0,000000E+0	1,374000E+0	1,043858E+6	12,000000E+0
518	11,264000E+3	0,000000E+0	351,744000E+0	267,229696E+6	3,072000E+3
519	11,264000E+3	0,000000E+0	351,744000E+0	267,232000E+6	3,072000E+3
520	11,264000E+3	0,000000E+0	351,744000E+0	267,234048E+6	3,072000E+3
521	21,760000E+3	30,300160E+3	23,051895E+6	-1,291846E+9	407,700000E+0
522	44,000000E+0	0,000000E+0	1,374000E+0	1,043898E+6	12,000000E+0
523	44,000000E+0	0,000000E+0	1,145000E+0	1,043906E+6	12,000000E+0
524	44,000000E+0	0,000000E+0	1,145000E+0	1,043915E+6	12,000000E+0
525	44,000000E+0	0,000000E+0	1,374000E+0	1,043924E+6	12,000000E+0
526	44,000000E+0	0,000000E+0	1,374000E+0	1,043932E+6	12,000000E+0
527	44,000000E+0	0,000000E+0	1,374000E+0	1,043943E+6	12,000000E+0
528	44,000000E+0	0,000000E+0	1,374000E+0	1,043951E+6	12,000000E+0
529	44,000000E+0	0,000000E+0	1,374000E+0	1,043959E+6	12,000000E+0
530	44,000000E+0	0,000000E+0	1,374000E+0	1,043967E+6	12,000000E+0
531	44,000000E+0	0,000000E+0	1,374000E+0	1,043975E+6	12,000000E+0
532	44,000000E+0	0,000000E+0	1,374000E+0	1,043983E+6	12,000000E+0
533	44,000000E+0	0,000000E+0	1,374000E+0	1,043990E+6	12,000000E+0
534	44,000000E+0	0,000000E+0	1,145000E+0	1,043998E+6	12,000000E+0
535	44,000000E+0	0,000000E+0	1,374000E+0	1,044005E+6	12,000000E+0
536	44,000000E+0	0,000000E+0	1,374000E+0	1,044013E+6	12,000000E+0
537	44,000000E+0	0,000000E+0	1,374000E+0	1,044021E+6	12,000000E+0
538	44,000000E+0	0,000000E+0	1,374000E+0	1,044029E+6	12,000000E+0
539	44,000000E+0	0,000000E+0	1,374000E+0	1,044037E+6	12,000000E+0
540	44,000000E+0	0,000000E+0	1,374000E+0	1,044045E+6	12,000000E+0
541	44,000000E+0	0,000000E+0	1,374000E+0	1,044053E+6	12,000000E+0
542	44,000000E+0	0,000000E+0	1,374000E+0	1,044062E+6	12,000000E+0
543	44,000000E+0	0,000000E+0	1,374000E+0	1,044069E+6	12,000000E+0
544	44,000000E+0	0,000000E+0	1,145000E+0	1,044076E+6	12,000000E+0
545	44,000000E+0	0,000000E+0	1,145000E+0	1,044084E+6	12,000000E+0
546	44,000000E+0	0,000000E+0	1,374000E+0	1,044091E+6	12,000000E+0
547	44,000000E+0	0,000000E+0	1,374000E+0	1,044100E+6	12,000000E+0
548	44,000000E+0	0,000000E+0	1,374000E+0	1,044107E+6	12,000000E+0
549	44,000000E+0	0,000000E+0	1,374000E+0	1,044116E+6	12,000000E+0
550	44,000000E+0	0,000000E+0	1,374000E+0	1,044123E+6	12,000000E+0
551	44,000000E+0	0,000000E+0	1,374000E+0	1,044131E+6	12,000000E+0
552	44,000000E+0	0,000000E+0	1,374000E+0	1,044139E+6	12,000000E+0
553	44,000000E+0	0,000000E+0	1,374000E+0	1,044147E+6	12,000000E+0
554	44,000000E+0	0,000000E+0	1,374000E+0	1,044156E+6	12,000000E+0
555	44,000000E+0	0,000000E+0	1,145000E+0	1,044163E+6	12,000000E+0
556	44,000000E+0	0,000000E+0	1,374000E+0	1,044170E+6	12,000000E+0
557	44,000000E+0	0,000000E+0	1,374000E+0	1,044179E+6	12,000000E+0
558	44,000000E+0	0,000000E+0	1,374000E+0	1,044186E+6	12,000000E+0
559	44,000000E+0	0,000000E+0	1,374000E+0	1,044194E+6	12,000000E+0
560	44,000000E+0	0,000000E+0	1,374000E+0	1,044202E+6	12,000000E+0
561	44,000000E+0	0,000000E+0	1,374000E+0	1,044210E+6	12,000000E+0
562	44,000000E+0	0,000000E+0	1,374000E+0	1,044218E+6	12,000000E+0
563	44,000000E+0	0,000000E+0	1,374000E+0	1,044225E+6	12,000000E+0
564	44,000000E+0	0,000000E+0	1,374000E+0	1,044234E+6	12,000000E+0
565	44,000000E+0	0,000000E+0	1,374000E+0	1,044242E+6	12,000000E+0
566	44,000000E+0	0,000000E+0	1,374000E+0	1,044250E+6	12,000000E+0
567	44,000000E+0	0,000000E+0	1,374000E+0	1,044256E+6	12,000000E+0
568	44,000000E+0	0,000000E+0	1,374000E+0	1,044264E+6	12,000000E+0
569	44,000000E+0	0,000000E+0	1,374000E+0	1,044272E+6	12,000000E+0
570	44,000000E+0	0,000000E+0	1,374000E+0	1,044279E+6	12,000000E+0
571	44,000000E+0	0,000000E+0	1,374000E+0	1,044288E+6	12,000000E+0
572	44,000000E+0	0,000000E+0	1,374000E+0	1,044295E+6	12,000000E+0
573	44,000000E+0	0,000000E+0	1,374000E+0	1,044303E+6	12,000000E+0
574	44,000000E+0	0,000000E+0	1,374000E+0	1,044311E+6	12,000000E+0
575	44,000000E+0	0,000000E+0	1,374000E+0	1,044319E+6	12,000000E+0
576	44,000000E+0	0,000000E+0	1,374000E+0	1,044328E+6	12,000000E+0
577	44,000000E+0	0,000000E+0	1,374000E+0	1,044336E+6	12,000000E+0
578	44,000000E+0	0,000000E+0	1,374000E+0	1,044343E+6	12,000000E+0
579	44,000000E+0	0,000000E+0	1,374000E+0	1,044351E+6	12,000000E+0
580	44,000000E+0	0,000000E+0	1,374000E+0	1,044359E+6	12,000000E+0
581	44,000000E+0	0,000000E+0	1,374000E+0	1,044367E+6	12,000000E+0
582	44,000000E+0	0,000000E+0	1,374000E+0	1,044375E+6	12,000000E+0
583	44,000000E+0	0,000000E+0	1,374000E+0	1,044383E+6	12,000000E+0
584	44,000000E+0	0,000000E+0	1,374000E+0	1,044391E+6	12,000000E+0
585	44,000000E+0	0,000000E+0	1,374000E+0	1,044399E+6	12,000000E+0
586	44,000000E+0	0,000000E+0	1,374000E+0	1,044406E+6	12,000000E+0
587	44,000000E+0	0,000000E+0	1,374000E+0	1,044415E+6	12,000000E+0
588	44,000000E+0	0,000000E+0	1,374000E+0	1,044422E+6	12,000000E+0
589	44,000000E+0	0,000000E+0	1,374000E+0	1,044430E+6	12,000000E+0
590	44,000000E+0	0,000000E+0	1,374000E+0	1,044438E+6	12,000000E+0
591	44,000000E+0	0,000000E+0	1,374000E+0	1,044445E+6	12,000000E+0
592	44,000000E+0	0,000000E+0	1,374000E+0	1,044454E+6	12,000000E+0
593	44,000000E+0	0,000000E+0	1,374000E+0	1,044462E+6	12,000000E+0
594	44,000000E+0	0,000000E+0	1,374000E+0	1,044469E+6	12,000000E+0
595	44,000000E+0	0,000000E+0	1,374000E+0	1,044477E+6	12,000000E+0
596	44,000000E+0	0,000000E+0	1,374000E+0	1,044485E+6	12,000000E+0
597	44,000000E+0	0,000000E+0	1,374000E+0	1,044492E+6	12,000000E+0
598	44,000000E+0	0,000000E+0	1,374000E+0	1,044500E+6	12,000000E+0
599	44,000000E+0	0,000000E+0	1,374000E+0	1,044508E+6	12,000000E+0
600	44,000000E+0	0,000000E+0	1,374000E+0	1,044515E+6	12,000000E+0
601	44,000000E+0	0,000000E+0	1,374000E+0	1,044523E+6	12,000000E+0
602	44,000000E+0	0,000000E+0	1,374000E+0	1,044530E+6	12,000000E+0
603	44,000000E+0	0,000000E+0	1,374000E+0	1,044537E+6	12,000000E+0
604	44,000000E+0	0,000000E+0	1,374000E+0	1,044545E+6	12,000000E+0
605	44,000000E+0	0,000000E+0	1,374000E+0	1,044553E+6	12,000000E+0
606	44,000000E+0	0,000000E+0	1,374000E+0	1,044561E+6	12,000000E+0
607	44,000000E+0	0,000000E+0	1,374000E+0	1,044569E+6	12,000000E+0
608	44,000000E+0	0,000000E+0	1,374000E+0	1,044576E+6	12,000000E+0
609	44,000000E+0	0,000000E+0	1,374000E+0	1,044584E+6	12,000000E+0
610	44,000000E+0	0,000000E+0	1,374000E+0	1,044592E+6	12,000000E+0
611	44,000000E+0	0,000000E+0	1,374000E+0	1,044600E+6	12,000000E+0
612	44,000000E+0	0,000000E+0	1,374000E+0	1,044608E+6	12,000000E+0
613	44,000000E+0	0,000000E+0	1,374000E+0	1,044615E+6	12,000000E+0
614	44,000000E+0	0,000000E+0	1,374000E+0	1,044623E+6	12,000000E+0
615	44,000000E+0	0,000000E+0	1,374000E+0	1,044631E+6	12,000000E+0
616	44,000000E+0	0,000000E+0	1,374000E+0	1,044639E+6	12,000000E+0
617	44,000000E+0	0,000000E+0	1,374000E+0	1,044648E+6	12,000000E+0
618	44,000000E+0	0,000000E+0	1,374000E+0	1,044656E+6	12,000000E+0
619	44,000000E+0	0,000000E+0	1,374000E+0	1,044664E+6	12,000000E+0
620	44,000000E+0	0,000000E+0	1,374000E+0	1,044672E+6	12,000000E+0
621	44,000000E+0	0,000000E+0	1,374000E+0	1,044679E+6	12,000000E+0
622	44,000000E+0	0,000000E+0	1,374000E+0	1,044687E+6	12,000000E+0
623	44,000000E+0	0,000000E+0	1,374000E+0	1,044695E+6	12,000000E+0
624	44,000000E+0	0,000000E+0	1,374000E+0	1,044703E+6	12,000000E+0
625	44,000000E+0	0,000000E+0	1,374000E+0	1,044710E+6	12,000000E+0
626	44,000000E+0	0,000000E+0	1,374000E+0	1,044718E+6	12,000000E+0
627	44,000000E+0	0,000000E+0	1,374000E+0	1,044725E+6	12,000000E+0
628	44,000000E+0	0,000000E+0	1,374000E+0	1,044734E+6	12,000000E+0
629	44,000000E+0	0,000000E+0	1,374000E+0	1,044741E+6	12,000000E+0
630	44,000000E+0	0,000000E+0	1,374000E+0	1,044749E+6	12,000000E+0
631	44,000000E+0	0,000000E+0	1,374000E+0	1,044757E+6	12,000000E+0
632	44,000000E+0	0,000000E+0	1,374000E+0	1,044764E+6	12,000000E+0
633	44,000000E+0	0,000000E+0	1,374000E+0	1,044772E+6	12,000000E+0
634	44,000000E+0	0,000000E+0	1,374000E+0	1,044781E+6	12,000000E+0
635	44,000000E+0	0,000000E+0	1,374000E+0	1,044788E+6	12,000000E+0
636	44,000000E+0	0,000000E+0	1,374000E+0	1,044796E+6	12,000000E+0
637	44,000000E+0	0,000000E+0	1,374000E+0	1,044804E+6	12,000000E+0
638	44,000000E+0	0,000000E+0	1,374000E+0	1,044811E+6	12,000000E+0
639	44,000000E+0	0,000000E+0	1,374000E+0	1,044819E+6	12,000000E+0
640	44,000000E+0	0,000000E+0	1,374000E+0	1,044827E+6	12,000000E+0
641	44,000000E+0	0,000000E+0	1,374000E+0	1,044834E+6	12,000000E+0
642	44,000000E+0	0,000000E+0	1,374000E+0	1,044842E+6	12,000000E+0
643	44,000000E+0	0,000000E+0	1,374000E+0	1,044850E+6	12,000000E+0
644	44,000000E+0	0,000000E+0	1,374000E+0	1,044858E+6	12,000000E+0
645	44,000000E+0	0,000000E+0	1,374000E+0	1,044866E+6	12,000000E+0
646	44,000000E+0	0,000000E+0	1,374000E+0	1,044874E+6	12,000000E+0
647	44,000000E+0	0,000000E+0	1,374000E+0	1,044882E+6	12,000000E+0
648	44,000000E+0	0,000000E+0	1,374000E+0	1,044889E+6	12,000000E+0
649	44,000000E+0	0,000000E+0	1,374000E+0	1,044896E+6	12,000000E+0
650	44,000000E+0	0,000000E+0	1,374000E+0	1,044904E+6	12,000000E+0
651	44,000000E+0	0,000000E+0	1,374000E+0	1,044912E+6	12,000000E+0
652	44,000000E+0	0,000000E+0	1,374000E+0	1,044919E+6	12,000000E+0
653	44,000000E+0	0,000000E+0	1,374000E+0	1,044927E+6	12,000000E+0
654	44,000000E+0	0,000000E+0	1,374000E+0	1,044935E+6	12,000000E+0
655	44,000000E+0	0,000000E+0	1,374000E+0	1,044943E+6	12,000000E+0
656	44,000000E+0	0,000000E+0	1,374000E+0	1,044951E+6	12,000000E+0
657	44,000000E+0	0,000000E+0	1,374000E+0	1,044959E+6	12,000000E+0
658	44,000000E+0	0,000000E+0	1,145000E+0	1,044967E+6	12,000000E+0
659	44,000000E+0	0,000000E+0	1,374000E+0	1,044974E+6	12,000000E+0
660	44,000000E+0	0,000000E+0	1,145000E+0	1,044982E+6	12,000000E+0
661	44,000000E+0	0,000000E+0	1,374000E+0	1,044990E+6	12,000000E+0
662	44,000000E+0	0,000000E+0	1,374000E+0	1,044998E+6	12,000000E+0
663	44,000000E+0	0,000000E+0	1,374000E+0	1,045005E+6	12,000000E+0
664	44,000000E+0	0,000000E+0	1,374000E+0	1,045014E+6	12,000000E+0
665	44,000000E+0	0,000000E+0	1,374000E+0	1,045021E+6	12,000000E+0
666	44,000000E+0	0,000000E+0	1,374000E+0	1,045030E+6	12,000000E+0
667	44,000000E+0	0,000000E+0	1,374000E+0	1,045037E+6	12,000000E+0
668	44,000000E+0	0,000000E+0	1,374000E+0	1,045045E+6	12,000000E+0
669	44,000000E+0	0,000000E+0	1,145000E+0	1,045052E+6	12,000000E+0
670	44,000000E+0	0,000000E+0	1,145000E+0	1,045059E+6	12,000000E+0
671	44,000000E+0	0,000000E+0	1,374000E+0	1,045067E+6	12,000000E+0
672	44,000000E+0	0,000000E+0	1,374000E+0	1,045075E+6	12,000000E+0
673	44,000000E+0	0,000000E+0	1,374000E+0	1,045083E+6	12,000000E+0
674	44,000000E+0	0,000000E+0	1,374000E+0	1,045091E+6	12,000000E+0
675	44,000000E+0	0,000000E+0	1,374000E+0	1,045100E+6	12,000000E+0
676	44,000000E+0	0,000000E+0	1,374000E+0	1,045108E+6	12,000000E+0
677	44,000000E+0	0,000000E+0	1,374000E+0	1,045115E+6	12,000000E+0
678	44,000000E+0	0,000000E+0	1,374000E+0	1,045123E+6	12,000000E+0
679	44,000000E+0	0,000000E+0	1,374000E+0	1,045131E+6	12,000000E+0
680	44,000000E+0	0,000000E+0	1,374000E+0	1,045139E+6	12,000000E+0
681	44,000000E+0	0,000000E+0	1,145000E+0	1,045145E+6	12,000000E+0
682	44,000000E+0	0,000000E+0	1,374000E+0	1,045153E+6	12,000000E+0
683	44,000000E+0	0,000000E+0	1,374000E+0	1,045161E+6	12,000000E+0
684	44,000000E+0	0,000000E+0	1,374000E+0	1,045169E+6	12,000000E+0
685	44,000000E+0	0,000000E+0	1,374000E+0	1,045176E+6	12,000000E+0
686	44,000000E+0	0,000000E+0	1,374000E+0	1,045184E+6	12,000000E+0
687	44,000000E+0	0,000000E+0	1,374000E+0	1,045193E+6	12,000000E+0
688	44,000000E+0	0,000000E+0	1,145000E+0	1,045200E+6	12,000000E+0
689	44,000000E+0	0,000000E+0	1,374000E+0	1,045208E+6	12,000000E+0
690	44,000000E+0	0,000000E+0	1,374000E+0	1,045216E+6	12,000000E+0
691	44,000000E+0	0,000000E+0	1,374000E+0	1,045223E+6	12,000000E+0
692	44,000000E+0	0,000000E+0	1,145000E+0	1,045231E+6	12,000000E+0
693	44,000000E+0	0,000000E+0	1,374000E+0	1,045238E+6	12,000000E+0
694	44,000000E+0	0,000000E+0	1,374000E+0	1,045246E+6	12,000000E+0
695	44,000000E+0	0,000000E+0	1,374000E+0	1,045254E+6	12,000000E+0
696	44,000000E+0	0,000000E+0	1,374000E+0	1,045261E+6	12,000000E+0
697	44,000000E+0	0,000000E+0	1,374000E+0	1,045269E+6	12,000000E+0
698	44,000000E+0	0,000000E+0	1,374000E+0	1,045277E+6	12,000000E+0
699	44,000000E+0	0,000000E+0	1,374000E+0	1,045286E+6	12,000000E+0
700	44,000000E+0	0,000000E+0	1,374000E+0	1,045294E+6	12,000000E+0
701	44,000000E+0	0,000000E+0	1,374000E+0	1,045301E+6	12,000000E+0
702	44,000000E+0	0,000000E+0	1,374000E+0	1,045309E+6	12,000000E+0
703	44,000000E+0	0,000000E+0	1,374000E+0	1,045317E+6	12,000000E+0
704	44,000000E+0	0,000000E+0	1,374000E+0	1,045324E+6	12,000000E+0
705	44,000000E+0	0,000000E+0	1,374000E+0	1,045332E+6	12,000000E+0
706	44,000000E+0	0,000000E+0	1,374000E+0	1,045340E+6	12,000000E+0
707	44,000000E+0	0,000000E+0	1,374000E+0	1,045348E+6	12,000000E+0
708	44,000000E+0	0,000000E+0	1,374000E+0	1,045356E+6	12,000000E+0
709	44,000000E+0	0,000000E+0	1,374000E+0	1,045363E+6	12,000000E+0
710	44,000000E+0	0,000000E+0	1,374000E+0	1,045371E+6	12,000000E+0
711	44,000000E+0	0,000000E+0	1,374000E+0	1,045379E+6	12,000000E+0
712	44,000000E+0	0,000000E+0	1,374000E+0	1,045386E+6	12,000000E+0
713	44,000000E+0	0,000000E+0	1,374000E+0	1,045395E+6	12,000000E+0
714	44,000000E+0	0,000000E+0	1,374000E+0	1,045403E+6	12,000000E+0
715	44,000000E+0	0,000000E+0	1,374000E+0	1,045411E+6	12,000000E+0
716	44,000000E+0	0,000000E+0	1,374000E+0	1,045418E+6	12,000000E+0
717	44,000000E+0	0,000000E+0	1,374000E+0	1,045427E+6	12,000000E+0
718	44,000000E+0	0,000000E+0	1,374000E+0	1,045435E+6	12,000000E+0
719	44,000000E+0	0,000000E+0	1,374000E+0	1,045442E+6	12,000000E+0
720	44,000000E+0	0,000000E+0	1,374000E+0	1,045450E+6	12,000000E+0
721	44,000000E+0	0,000000E+0	1,374000E+0	1,045458E+6	12,000000E+0
722	44,000000E+0	0,000000E+0	1,374000E+0	1,045466E+6	12,000000E+0
723	44,000000E+0	0,000000E+0	1,374000E+0	1,045473E+6	12,000000E+0
724	44,000000E+0	0,000000E+0	1,374000E+0	1,045481E+6	12,000000E+0
725	44,000000E+0	0,000000E+0	1,374000E+0	1,045489E+6	12,000000E+0
726	44,000000E+0	0,000000E+0	1,374000E+0	1,045496E+6	12,000000E+0
727	44,000000E+0	0,000000E+0	1,374000E+0	1,045504E+6	12,000000E+0
728	44,000000E+0	0,000000E+0	1,374000E+0	1,045512E+6	12,000000E+0
729	44,000000E+0	0,000000E+0	1,374000E+0	1,045519E+6	12,000000E+0
730	44,000000E+0	0,000000E+0	1,145000E+0	1,045527E+6	12,000000E+0
731	44,000000E+0	0,000000E+0	1,374000E+0	1,045535E+6	12,000000E+0
732	44,000000E+0	0,000000E+0	1,374000E+0	1,045544E+6	12,000000E+0
733	44,000000E+0	0,000000E+0	1,374000E+0	1,045552E+6	12,000000E+0
734	44,000000E+0	0,000000E+0	1,374000E+0	1,045559E+6	12,000000E+0
735	44,000000E+0	0,000000E+0	1,374000E+0	1,045567E+6	12,000000E+0
736	44,000000E+0	0,000000E+0	1,374000E+0	1,045575E+6	12,000000E+0
737	44,000000E+0	0,000000E+0	1,374000E+0	1,045583E+6	12,000000E+0
738	44,000000E+0	0,000000E+0	1,374000E+0	1,045590E+6	12,000000E+0
739	44,000000E+0	0,000000E+0	1,374000E+0	1,045599E+6	12,000000E+0
740	44,000000E+0	0,000000E+0	1,374000E+0	1,045607E+6	12,000000E+0
741	44,000000E+0	0,000000E+0	1,374000E+0	1,045615E+6	12,000000E+0
742	44,000000E+0	0,000000E+0	1,374000E+0	1,045623E+6	12,000000E+0
743	44,000000E+0	0,000000E+0	1,374000E+0	1,045630E+6	12,000000E+0
744	44,000000E+0	0,000000E+0	1,374000E+0	1,045638E+6	12,000000E+0
745	44,000000E+0	0,000000E+0	1,374000E+0	1,045646E+6	12,000000E+0
746	44,000000E+0	0,000000E+0	1,374000E+0	1,045654E+6	12,000000E+0
747	44,000000E+0	0,000000E+0	1,374000E+0	1,045662E+6	12,000000E+0
748	44,000000E+0	0,000000E+0	1,374000E+0	1,045670E+6	12,000000E+0
749	44,000000E+0	0,000000E+0	1,374000E+0	1,045677E+6	12,000000E+0
750	44,000000E+0	0,000000E+0	1,374000E+0	1,045685E+6	12,000000E+0
751	44,000000E+0	0,000000E+0	1,374000E+0	1,045693E+6	12,000000E+0
752	44,000000E+0	0,000000E+0	1,374000E+0	1,045700E+6	12,000000E+0
753	44,000000E+0	0,000000E+0	1,374000E+0	1,045708E+6	12,000000E+0
754	44,000000E+0	0,000000E+0	1,374000E+0	1,045716E+6	12,000000E+0
755	44,000000E+0	0,000000E+0	1,374000E+0	1,045723E+6	12,000000E+0
756	44,000000E+0	0,000000E+0	1,374000E+0	1,045732E+6	12,000000E+0
757	44,000000E+0	0,000000E+0	1,374000E+0	1,045740E+6	12,000000E+0
758	44,000000E+0	0,000000E+0	1,374000E+0	1,045748E+6	12,000000E+0
759	44,000000E+0	0,000000E+0	1,374000E+0	1,045756E+6	12,000000E+0
760	44,000000E+0	0,000000E+0	1,374000E+0	1,045764E+6	12,000000E+0
761	44,000000E+0	0,000000E+0	1,374000E+0	1,045772E+6	12,000000E+0
762	44,000000E+0	0,000000E+0	1,374000E+0	1,045779E+6	12,000000E+0
763	44,000000E+0	0,000000E+0	1,374000E+0	1,045787E+6	12,000000E+0
764	44,000000E+0	0,000000E+0	1,374000E+0	1,045794E+6	12,000000E+0
765	44,000000E+0	0,000000E+0	1,374000E+0	1,045802E+6	12,000000E+0
766	44,000000E+0	0,000000E+0	1,374000E+0	1,045809E+6	12,000000E+0
767	44,000000E+0	0,000000E+0	1,374000E+0	1,045818E+6	12,000000E+0
768	44,000000E+0	0,000000E+0	1,374000E+0	1,045825E+6	12,000000E+0
769	44,000000E+0	0,000000E+0	1,374000E+0	1,045833E+6	12,000000E+0
770	44,000000E+0	0,000000E+0	1,374000E+0	1,045841E+6	12,000000E+0
771	44,000000E+0	0,000000E+0	1,374000E+0	1,045849E+6	12,000000E+0
772	44,000000E+0	0,000000E+0	1,374000E+0	1,045858E+6	12,000000E+0
773	44,000000E+0	0,000000E+0	1,374000E+0	1,045865E+6	12,000000E+0
774	44,000000E+0	0,000000E+0	1,374000E+0	1,045873E+6	12,000000E+0
775	44,000000E+0	0,000000E+0	1,374000E+0	1,045881E+6	12,000000E+0
776	44,000000E+0	0,000000E+0	1,374000E+0	1,045889E+6	12,000000E+0
777	44,000000E+0	0,000000E+0	1,374000E+0	1,045896E+6	12,000000E+0
778	44,000000E+0	0,000000E+0	1,374000E+0	1,045904E+6	12,000000E+0
779	44,000000E+0	0,000000E+0	1,374000E+0	1,045912E+6	12,000000E+0
780	44,000000E+0	0,000000E+0	1,374000E+0	1,045921E+6	12,000000E+0
781	44,000000E+0	0,000000E+0	1,374000E+0	1,045928E+6	12,000000E+0
782	44,000000E+0	0,000000E+0	1,374000E+0	1,045936E+6	12,000000E+0
783	44,000000E+0	0,000000E+0	1,374000E+0	1,045944E+6	12,000000E+0
784	44,000000E+0	0,000000E+0	1,374000E+0	1,045951E+6	12,000000E+0
785	44,000000E+0	0,000000E+0	1,374000E+0	1,045959E+6	12,000000E+0
786	44,000000E+0	0,000000E+0	1,374000E+0	1,045967E+6	12,000000E+0
787	44,000000E+0	0,000000E+0	1,374000E+0	1,045975E+6	12,000000E+0
788	44,000000E+0	0,000000E+0	1,374000E+0	1,045983E+6	12,000000E+0
789	44,000000E+0	0,000000E+0	1,374000E+0	1,045990E+6	12,000000E+0
790	44,000000E+0	0,000000E+0	1,374000E+0	1,045999E+6	12,000000E+0
791	44,000000E+0	0,000000E+0	1,374000E+0	1,046007E+6	12,000000E+0
792	44,000000E+0	0,000000E+0	1,374000E+0	1,046015E+6	12,000000E+0
793	44,000000E+0	0,000000E+0	1,374000E+0	1,046022E+6	12,000000E+0
794	44,000000E+0	0,000000E+0	1,374000E+0	1,046030E+6	12,000000E+0
795	44,000000E+0	0,000000E+0	1,145000E+0	1,046038E+6	12,000000E+0
796	44,000000E+0	0,000000E+0	1,374000E+0	1,046045E+6	12,000000E+0
797	44,000000E+0	0,000000E+0	1,374000E+0	1,046053E+6	12,000000E+0
798	44,000000E+0	0,000000E+0	1,374000E+0	1,046060E+6	12,000000E+0
799	44,000000E+0	0,000000E+0	1,374000E+0	1,046068E+6	12,000000E+0
800	44,000000E+0	0,000000E+0	1,374000E+0	1,046076E+6	12,000000E+0
801	44,000000E+0	0,000000E+0	1,374000E+0	1,046084E+6	12,000000E+0
802	44,000000E+0	0,000000E+0	1,374000E+0	1,046092E+6	12,000000E+0
803	44,000000E+0	0,000000E+0	1,374000E+0	1,046100E+6	12,000000E+0
804	44,000000E+0	0,000000E+0	1,374000E+0	1,046108E+6	12,000000E+0
805	44,000000E+0	0,000000E+0	1,374000E+0	1,046116E+6	12,000000E+0
806	44,000000E+0	0,000000E+0	1,374000E+0	1,046123E+6	12,000000E+0
807	44,000000E+0	0,000000E+0	1,374000E+0	1,046131E+6	12,000000E+0
808	44,000000E+0	0,000000E+0	1,374000E+0	1,046139E+6	12,000000E+0
809	44,000000E+0	0,000000E+0	1,374000E+0	1,046147E+6	12,000000E+0
810	44,000000E+0	0,000000E+0	1,374000E+0	1,046155E+6	12,000000E+0
811	44,000000E+0	0,000000E+0	1,374000E+0	1,046163E+6	12,000000E+0
812	44,000000E+0	0,000000E+0	1,374000E+0	1,046171E+6	12,000000E+0
813	44,000000E+0	0,000000E+0	1,374000E+0	1,046179E+6	12,000000E+0
814	44,000000E+0	0,000000E+0	1,374000E+0	1,046187E+6	12,000000E+0
815	44,000000E+0	0,000000E+0	1,374000E+0	1,046195E+6	12,000000E+0
816	44,000000E+0	0,000000E+0	1,374000E+0	1,046204E+6	12,000000E+0
817	44,000000E+0	0,000000E+0	1,145000E+0	1,046211E+6	12,000000E+0
818	44,000000E+0	0,000000E+0	1,374000E+0	1,046219E+6	12,000000E+0
819	44,000000E+0	0,000000E+0	1,374000E+0	1,046225E+6	12,000000E+0
820	44,000000E+0	0,000000E+0	1,374000E+0	1,046233E+6	12,000000E+0
821	44,000000E+0	0,000000E+0	1,374000E+0	1,046242E+6	12,000000E+0
822	44,000000E+0	0,000000E+0	1,374000E+0	1,046250E+6	12,000000E+0
823	44,000000E+0	0,000000E+0	1,374000E+0	1,046257E+6	12,000000E+0
824	44,000000E+0	0,000000E+0	1,374000E+0	1,046265E+6	12,000000E+0
825	44,000000E+0	0,000000E+0	1,374000E+0	1,046273E+6	12,000000E+0
826	44,000000E+0	0,000000E+0	1,374000E+0	1,046281E+6	12,000000E+0
827	44,000000E+0	0,000000E+0	1,374000E+0	1,046289E+6	12,000000E+0
828	44,000000E+0	0,000000E+0	1,374000E+0	1,046297E+6	12,000000E+0
829	44,000000E+0	0,000000E+0	1,374000E+0	1,046304E+6	12,000000E+0
830	44,000000E+0	0,000000E+0	1,374000E+0	1,046312E+6	12,000000E+0
831	44,000000E+0	0,000000E+0	1,374000E+0	1,046321E+6	12,000000E+0
832	44,000000E+0	0,000000E+0	1,374000E+0	1,046328E+6	12,000000E+0
833	44,000000E+0	0,000000E+0	1,374000E+0	1,046336E+6	12,000000E+0
834	44,000000E+0	0,000000E+0	1,374000E+0	1,046344E+6	12,000000E+0
835	44,000000E+0	0,000000E+0	1,374000E+0	1,046352E+6	12,000000E+0
836	44,000000E+0	0,000000E+0	1,374000E+0	1,046360E+6	12,000000E+0
837	44,000000E+0	0,000000E+0	1,374000E+0	1,046368E+6	12,000000E+0
838	44,000000E+0	0,000000E+0	1,374000E+0	1,046375E+6	12,000000E+0
839	44,000000E+0	0,000000E+0	1,374000E+0	1,046383E+6	12,000000E+0
840	44,000000E+0	0,000000E+0	1,374000E+0	1,046391E+6	12,000000E+0
841	44,000000E+0	0,000000E+0	1,374000E+0	1,046399E+6	12,000000E+0
842	44,000000E+0	0,000000E+0	1,374000E+0	1,046407E+6	12,000000E+0
843	44,000000E+0	0,000000E+0	1,374000E+0	1,046415E+6	12,000000E+0
844	44,000000E+0	0,000000E+0	1,374000E+0	1,046423E+6	12,000000E+0
845	44,000000E+0	0,000000E+0	1,374000E+0	1,046431E+6	12,000000E+0
846	44,000000E+0	0,000000E+0	1,374000E+0	1,046438E+6	12,000000E+0
847	44,000000E+0	0,000000E+0	1,374000E+0	1,046446E+6	12,000000E+0
848	44,000000E+0	0,000000E+0	1,374000E+0	1,046454E+6	12,000000E+0
849	44,000000E+0	0,000000E+0	1,374000E+0	1,046463E+6	12,000000E+0
850	44,000000E+0	0,000000E+0	1,374000E+0	1,046470E+6	12,000000E+0
851	44,000000E+0	0,000000E+0	1,374000E+0	1,046478E+6	12,000000E+0
852	44,000000E+0	0,000000E+0	1,374000E+0	1,046486E+6	12,000000E+0
853	44,000000E+0	0,000000E+0	1,374000E+0	1,046494E+6	12,000000E+0
854	44,000000E+0	0,000000E+0	1,374000E+0	1,046501E+6	12,000000E+0
855	44,000000E+0	0,000000E+0	1,374000E+0	1,046509E+6	12,000000E+0
856	44,000000E+0	0,000000E+0	1,374000E+0	1,046517E+6	12,000000E+0
857	44,000000E+0	0,000000E+0	1,374000E+0	1,046525E+6	12,000000E+0
858	44,000000E+0	0,000000E+0	1,374000E+0	1,046533E+6	12,000000E+0
859	44,000000E+0	0,000000E+0	1,374000E+0	1,046541E+6	12,000000E+0
860	44,000000E+0	0,000000E+0	1,374000E+0	1,046550E+6	12,000000E+0
861	44,000000E+0	0,000000E+0	1,374000E+0	1,046558E+6	12,000000E+0
862	44,000000E+0	0,000000E+0	1,374000E+0	1,046565E+6	12,000000E+0
863	44,000000E+0	0,000000E+0	1,374000E+0	1,046572E+6	12,000000E+0
864	44,000000E+0	0,000000E+0	1,374000E+0	1,046580E+6	12,000000E+0
865	44,000000E+0	0,000000E+0	1,374000E+0	1,046588E+6	12,000000E+0
866	44,000000E+0	0,000000E+0	1,374000E+0	1,046596E+6	12,000000E+0
867	44,000000E+0	0,000000E+0	1,374000E+0	1,046604E+6	12,000000E+0
868	44,000000E+0	0,000000E+0	1,374000E+0	1,046611E+6	12,000000E+0
869	44,000000E+0	0,000000E+0	1,374000E+0	1,046619E+6	12,000000E+0
870	44,000000E+0	0,000000E+0	1,374000E+0	1,046627E+6	12,000000E+0
871	44,000000E+0	0,000000E+0	1,374000E+0	1,046635E+6	12,000000E+0
872	44,000000E+0	0,000000E+0	1,374000E+0	1,046643E+6	12,000000E+0
873	44,000000E+0	0,000000E+0	1,374000E+0	1,046652E+6	12,000000E+0
874	44,000000E+0	0,000000E+0	1,374000E+0	1,046662E+6	12,000000E+0
875	44,000000E+0	0,000000E+0	1,374000E+0	1,046672E+6	12,000000E+0
876	44,000000E+0	0,000000E+0	1,374000E+0	1,046680E+6	12,000000E+0
877	44,000000E+0	0,000000E+0	1,374000E+0	1,046688E+6	12,000000E+0
878	44,000000E+0	0,000000E+0	1,374000E+0	1,046696E+6	12,000000E+0
879	44,000000E+0	0,000000E+0	1,374000E+0	1,046704E+6	12,000000E+0
880	44,000000E+0	0,000000E+0	1,374000E+0	1,046711E+6	12,000000E+0
881	44,000000E+0	0,000000E+0	1,374000E+0	1,046720E+6	12,000000E+0
882	44,000000E+0	0,000000E+0	1,374000E+0	1,046728E+6	12,000000E+0
883	44,000000E+0	0,000000E+0	1,374000E+0	1,046736E+6	12,000000E+0
884	44,000000E+0	0,000000E+0	1,374000E+0	1,046744E+6	12,000000E+0
885	44,000000E+0	0,000000E+0	1,374000E+0	1,046752E+6	12,000000E+0
886	44,000000E+0	0,000000E+0	1,374000E+0	1,046759E+6	12,000000E+0
887	44,000000E+0	0,000000E+0	1,374000E+0	1,046767E+6	12,000000E+0
888	44,000000E+0	0,000000E+0	1,374000E+0	1,046775E+6	12,000000E+0
889	44,000000E+0	0,000000E+0	1,374000E+0	1,046783E+6	12,000000E+0
890	44,000000E+0	0,000000E+0	1,374000E+0	1,046791E+6	12,000000E+0
891	44,000000E+0	0,000000E+0	1,374000E+0	1,046798E+6	12,000000E+0
892	44,000000E+0	0,000000E+0	1,374000E+0	1,046806E+6	12,000000E+0
893	44,000000E+0	0,000000E+0	1,374000E+0	1,046814E+6	12,000000E+0
894	44,000000E+0	0,000000E+0	1,374000E+0	1,046822E+6	12,000000E+0
895	44,000000E+0	0,000000E+0	1,374000E+0	1,046830E+6	12,000000E+0
896	44,000000E+0	0,000000E+0	1,374000E+0	1,046837E+6	12,000000E+0
897	44,000000E+0	0,000000E+0	1,374000E+0	1,046845E+6	12,000000E+0
898	44,000000E+0	0,000000E+0	1,374000E+0	1,046853E+6	12,000000E+0
899	44,000000E+0	0,000000E+0	1,374000E+0	1,046861E+6	12,000000E+0
900	44,000000E+0	0,000000E+0	1,374000E+0	1,046868E+6	12,000000E+0
901	44,000000E+0	0,000000E+0	1,374000E+0	1,046875E+6	12,000000E+0
902	44,000000E+0	0,000000E+0	1,374000E+0	1,046883E+6	12,000000E+0
903	44,000000E+0	0,000000E+0	1,374000E+0	1,046892E+6	12,000000E+0
904	44,000000E+0	0,000000E+0	1,374000E+0	1,046898E+6	12,000000E+0
905	44,000000E+0	0,000000E+0	1,374000E+0	1,046906E+6	12,000000E+0
906	44,000000E+0	0,000000E+0	1,374000E+0	1,046915E+6	12,000000E+0
907	44,000000E+0	0,000000E+0	1,374000E+0	1,046922E+6	12,000000E+0
908	44,000000E+0	0,000000E+0	1,374000E+0	1,046930E+6	12,000000E+0
909	44,000000E+0	0,000000E+0	1,374000E+0	1,046937E+6	12,000000E+0
910	44,000000E+0	0,000000E+0	1,374000E+0	1,046945E+6	12,000000E+0
911	44,000000E+0	0,000000E+0	1,374000E+0	1,046954E+6	12,000000E+0
912	44,000000E+0	0,000000E+0	1,374000E+0	1,046962E+6	12,000000E+0
913	44,000000E+0	0,000000E+0	1,374000E+0	1,046970E+6	12,000000E+0
914	44,000000E+0	0,000000E+0	1,374000E+0	1,046978E+6	12,000000E+0
915	44,000000E+0	0,000000E+0	1,374000E+0	1,046986E+6	12,000000E+0
916	44,000000E+0	0,000000E+0	1,374000E+0	1,046994E+6	12,000000E+0
917	44,000000E+0	0,000000E+0	1,374000E+0	1,047002E+6	12,000000E+0
918	44,000000E+0	0,000000E+0	1,374000E+0	1,047009E+6	12,000000E+0
919	44,000000E+0	0,000000E+0	1,374000E+0	1,047016E+6	12,000000E+0
920	44,000000E+0	0,000000E+0	1,145000E+0	1,047024E+6	12,000000E+0
921	44,000000E+0	0,000000E+0	1,374000E+0	1,047031E+6	12,000000E+0
922	44,000000E+0	0,000000E+0	1,374000E+0	1,047040E+6	12,000000E+0
923	44,000000E+0	0,000000E+0	1,374000E+0	1,047047E+6	12,000000E+0
924	44,000000E+0	0,000000E+0	1,374000E+0	1,047055E+6	12,000000E+0
925	44,000000E+0	0,000000E+0	1,374000E+0	1,047064E+6	12,000000E+0
926	44,000000E+0	0,000000E+0	1,374000E+0	1,047071E+6	12,000000E+0
927	44,000000E+0	0,000000E+0	1,374000E+0	1,047081E+6	12,000000E+0
928	44,000000E+0	0,000000E+0	1,374000E+0	1,047089E+6	12,000000E+0
929	44,000000E+0	0,000000E+0	1,374000E+0	1,047097E+6	12,000000E+0
930	44,000000E+0	0,000000E+0	1,374000E+0	1,047105E+6	12,000000E+0
931	44,000000E+0	0,000000E+0	1,374000E+0	1,047112E+6	12,000000E+0
932	44,000000E+0	0,000000E+0	1,145000E+0	1,047119E+6	12,000000E+0
933	44,000000E+0	0,000000E+0	1,374000E+0	1,047127E+6	12,000000E+0
934	44,000000E+0	0,000000E+0	1,374000E+0	1,047135E+6	12,000000E+0
935	44,000000E+0	0,000000E+0	1,374000E+0	1,047144E+6	12,000000E+0
936	44,000000E+0	0,000000E+0	1,374000E+0	1,047152E+6	12,000000E+0
937	44,000000E+0	0,000000E+0	1,374000E+0	1,047161E+6	12,000000E+0
938	44,000000E+0	0,000000E+0	1,374000E+0	1,047168E+6	12,000000E+0
939	44,000000E+0	0,000000E+0	1,374000E+0	1,047176E+6	12,000000E+0
940	44,000000E+0	0,000000E+0	1,374000E+0	1,047184E+6	12,000000E+0
941	44,000000E+0	0,000000E+0	1,374000E+0	1,047191E+6	12,000000E+0
942	44,000000E+0	0,000000E+0	1,145000E+0	1,047199E+6	12,000000E+0
943	44,000000E+0	0,000000E+0	1,374000E+0	1,047206E+6	12,000000E+0
944	44,000000E+0	0,000000E+0	1,374000E+0	1,047214E+6	12,000000E+0
945	44,000000E+0	0,000000E+0	1,374000E+0	1,047222E+6	12,000000E+0
946	44,000000E+0	0,000000E+0	1,374000E+0	1,047230E+6	12,000000E+0
947	44,000000E+0	0,000000E+0	1,374000E+0	1,047238E+6	12,000000E+0
948	44,000000E+0	0,000000E+0	1,374000E+0	1,047247E+6	12,000000E+0
949	44,000000E+0	0,000000E+0	1,374000E+0	1,047254E+6	12,000000E+0
950	44,000000E+0	0,000000E+0	1,374000E+0	1,047262E+6	12,000000E+0
951	44,000000E+0	0,000000E+0	1,374000E+0	1,047271E+6	12,000000E+0
952	44,000000E+0	0,000000E+0	1,374000E+0	1,047279E+6	12,000000E+0
953	44,000000E+0	0,000000E+0	1,145000E+0	1,047286E+6	12,000000E+0
954	44,000000E+0	0,000000E+0	1,374000E+0	1,047294E+6	12,000000E+0
955	44,000000E+0	0,000000E+0	1,374000E+0	1,047302E+6	12,000000E+0
956	44,000000E+0	0,000000E+0	1,374000E+0	1,047310E+6	12,000000E+0
957	44,000000E+0	0,000000E+0	1,374000E+0	1,047318E+6	12,000000E+0
958	44,000000E+0	0,000000E+0	1,374000E+0	1,047325E+6	12,000000E+0
959	44,000000E+0	0,000000E+0	1,374000E+0	1,047333E+6	12,000000E+0
960	44,000000E+0	0,000000E+0	1,374000E+0	1,047341E+6	12,000000E+0
961	44,000000E+0	0,000000E+0	1,374000E+0	1,047349E+6	12,000000E+0
962	44,000000E+0	0,000000E+0	1,374000E+0	1,047357E+6	12,000000E+0
963	44,000000E+0	0,000000E+0	1,374000E+0	1,047364E+6	12,000000E+0
964	44,000000E+0	0,000000E+0	1,145000E+0	1,047372E+6	12,000000E+0
965	44,000000E+0	0,000000E+0	1,374000E+0	1,047380E+6	12,000000E+0
966	44,000000E+0	0,000000E+0	1,374000E+0	1,047387E+6	12,000000E+0
967	44,000000E+0	0,000000E+0	1,145000E+0	1,047395E+6	12,000000E+0
968	44,000000E+0	0,000000E+0	1,374000E+0	1,047405E+6	12,000000E+0
969	44,000000E+0	0,000000E+0	1,374000E+0	1,047412E+6	12,000000E+0
970	44,000000E+0	0,000000E+0	1,374000E+0	1,047420E+6	12,000000E+0
971	44,000000E+0	0,000000E+0	1,374000E+0	1,047428E+6	12,000000E+0
972	44,000000E+0	0,000000E+0	1,374000E+0	1,047436E+6	12,000000E+0
973	44,000000E+0	0,000000E+0	1,374000E+0	1,047444E+6	12,000000E+0
974	44,000000E+0	0,000000E+0	1,374000E+0	1,047451E+6	12,000000E+0
975	44,000000E+0	0,000000E+0	1,145000E+0	1,047460E+6	12,000000E+0
976	44,000000E+0	0,000000E+0	1,374000E+0	1,047467E+6	12,000000E+0
977	44,000000E+0	0,000000E+0	1,145000E+0	1,047475E+6	12,000000E+0
978	44,000000E+0	0,000000E+0	1,145000E+0	1,047483E+6	12,000000E+0
979	44,000000E+0	0,000000E+0	1,374000E+0	1,047491E+6	12,000000E+0
980	44,000000E+0	0,000000E+0	1,374000E+0	1,047498E+6	12,000000E+0
981	44,000000E+0	0,000000E+0	1,374000E+0	1,047507E+6	12,000000E+0
982	44,000000E+0	0,000000E+0	1,374000E+0	1,047514E+6	12,000000E+0
983	44,000000E+0	0,000000E+0	1,374000E+0	1,047522E+6	12,000000E+0
984	44,000000E+0	0,000000E+0	1,374000E+0	1,047530E+6	12,000000E+0
985	44,000000E+0	0,000000E+0	1,374000E+0	1,047539E+6	12,000000E+0
986	44,000000E+0	0,000000E+0	1,374000E+0	1,047547E+6	12,000000E+0
987	44,000000E+0	0,000000E+0	1,145000E+0	1,047554E+6	12,000000E+0
988	44,000000E+0	0,000000E+0	1,374000E+0	1,047562E+6	12,000000E+0
989	44,000000E+0	0,000000E+0	1,374000E+0	1,047570E+6	12,000000E+0
990	44,000000E+0	0,000000E+0	1,374000E+0	1,047578E+6	12,000000E+0
991	44,000000E+0	0,000000E+0	1,374000E+0	1,047586E+6	12,000000E+0
992	44,000000E+0	0,000000E+0	1,374000E+0	1,047594E+6	12,000000E+0
993	44,000000E+0	0,000000E+0	1,374000E+0	1,047602E+6	12,000000E+0
994	44,000000E+0	0,000000E+0	1,374000E+0	1,047610E+6	12,000000E+0
995	44,000000E+0	0,000000E+0	1,374000E+0	1,047618E+6	12,000000E+0
996	44,000000E+0	0,000000E+0	1,374000E+0	1,047626E+6	12,000000E+0
997	44,000000E+0	0,000000E+0	1,374000E+0	1,047633E+6	12,000000E+0
998	44,000000E+0	0,000000E+0	1,374000E+0	1,047641E+6	12,000000E+0
999	44,000000E+0	0,000000E+0	1,374000E+0	1,047649E+6	12,000000E+0
1000	44,000000E+0	0,000000E+0	1,374000E+0	1,047656E+6	12,000000E+0
1001	44,000000E+0	0,000000E+0	1,374000E+0	1,047664E+6	12,000000E+0
1002	44,000000E+0	0,000000E+0	1,374000E+0	1,047671E+6	12,000000E+0
1003	44,000000E+0	0,000000E+0	1,374000E+0	1,047679E+6	12,000000E+0
1004	44,000000E+0	0,000000E+0	1,374000E+0	1,047687E+6	12,000000E+0
1005	44,000000E+0	0,000000E+0	1,374000E+0	1,047695E+6	12,000000E+0
1006	44,000000E+0	0,000000E+0	1,374000E+0	1,047704E+6	12,000000E+0
1007	44,000000E+0	0,000000E+0	1,374000E+0	1,047712E+6	12,000000E+0
1008	44,000000E+0	0,000000E+0	1,374000E+0	1,047720E+6	12,000000E+0
1009	44,000000E+0	0,000000E+0	1,374000E+0	1,047727E+6	12,000000E+0
1010	44,000000E+0	0,000000E+0	1,374000E+0	1,047736E+6	12,000000E+0
1011	44,000000E+0	0,000000E+0	1,374000E+0	1,047743E+6	12,000000E+0
1012	44,000000E+0	0,000000E+0	1,374000E+0	1,047751E+6	12,000000E+0
1013	44,000000E+0	0,000000E+0	1,374000E+0	1,047758E+6	12,000000E+0
1014	44,000000E+0	0,000000E+0	1,374000E+0	1,047767E+6	12,000000E+0
1015	44,000000E+0	0,000000E+0	1,374000E+0	1,047774E+6	12,000000E+0
1016	44,000000E+0	0,000000E+0	1,145000E+0	1,047782E+6	12,000000E+0
1017	44,000000E+0	0,000000E+0	1,374000E+0	1,047790E+6	12,000000E+0
1018	44,000000E+0	0,000000E+0	1,374000E+0	1,047798E+6	12,000000E+0
1019	44,000000E+0	0,000000E+0	1,374000E+0	1,047806E+6	12,000000E+0
1020	44,000000E+0	0,000000E+0	1,374000E+0	1,047813E+6	12,000000E+0
1021	44,000000E+0	0,000000E+0	1,374000E+0	1,047821E+6	12,000000E+0
1022	44,000000E+0	0,000000E+0	1,374000E+0	1,047828E+6	12,000000E+0
1023	44,000000E+0	0,000000E+0	1,374000E+0	1,047836E+6	12,000000E+0
1024	44,000000E+0	0,000000E+0	1,374000E+0	1,047845E+6	12,000000E+0
1025	44,000000E+0	0,000000E+0	1,374000E+0	1,047853E+6	12,000000E+0
1026	44,000000E+0	0,000000E+0	1,374000E+0	1,047861E+6	12,000000E+0
1027	44,000000E+0	0,000000E+0	1,374000E+0	1,047869E+6	12,000000E+0
1028	44,000000E+0	0,000000E+0	1,374000E+0	1,047876E+6	12,000000E+0
1029	44,000000E+0	0,000000E+0	1,374000E+0	1,047885E+6	12,000000E+0
1030	44,000000E+0	0,000000E+0	1,374000E+0	1,047892E+6	12,000000E+0
1031	44,000000E+0	0,000000E+0	1,374000E+0	1,047900E+6	12,000000E+0
1032	44,000000E+0	0,000000E+0	1,374000E+0	1,047907E+6	12,000000E+0
1033	44,000000E+0	0,000000E+0	1,145000E+0	1,047915E+6	12,000000E+0
1034	44,000000E+0	0,000000E+0	1,374000E+0	1,047923E+6	12,000000E+0
1035	44,000000E+0	0,000000E+0	1,374000E+0	1,047930E+6	12,000000E+0
1036	44,000000E+0	0,000000E+0	1,374000E+0	1,047938E+6	12,000000E+0
1037	44,000000E+0	0,000000E+0	1,374000E+0	1,047946E+6	12,000000E+0
1038	44,000000E+0	0,000000E+0	1,374000E+0	1,047954E+6	12,000000E+0
1039	44,000000E+0	0,000000E+0	1,374000E+0	1,047962E+6	12,000000E+0
1040	44,000000E+0	0,000000E+0	1,374000E+0	1,047971E+6	12,000000E+0
1041	44,000000E+0	0,000000E+0	1,374000E+0	1,047979E+6	12,000000E+0
1042	44,000000E+0	0,000000E+0	1,374000E+0	1,047986E+6	12,000000E+0
1043	44,000000E+0	0,000000E+0	1,374000E+0	1,047994E+6	12,000000E+0
1044	44,000000E+0	0,000000E+0	1,374000E+0	1,048002E+6	12,000000E+0
1045	44,000000E+0	0,000000E+0	1,374000E+0	1,048009E+6	12,000000E+0
1046	44,000000E+0	0,000000E+0	1,374000E+0	1,048017E+6	12,000000E+0
1047	44,000000E+0	0,000000E+0	1,374000E+0	1,048025E+6	12,000000E+0
1048	44,000000E+0	0,000000E+0	1,374000E+0	1,048034E+6	12,000000E+0
1049	44,000000E+0	0,000000E+0	1,374000E+0	1,048041E+6	12,000000E+0
1050	44,000000E+0	0,000000E+0	1,374000E+0	1,048050E+6	12,000000E+0
1051	44,000000E+0	0,000000E+0	1,374000E+0	1,048057E+6	12,000000E+0
1052	44,000000E+0	0,000000E+0	1,374000E+0	1,048066E+6	12,000000E+0
1053	44,000000E+0	0,000000E+0	1,374000E+0	1,048074E+6	12,000000E+0
1054	44,000000E+0	0,000000E+0	1,374000E+0	1,048081E+6	12,000000E+0
1055	44,000000E+0	0,000000E+0	1,145000E+0	1,048089E+6	12,000000E+0
1056	44,000000E+0	0,000000E+0	1,145000E+0	1,048096E+6	12,000000E+0
1057	44,000000E+0	0,000000E+0	1,374000E+0	1,048104E+6	12,000000E+0
1058	44,000000E+0	0,000000E+0	1,374000E+0	1,048112E+6	12,000000E+0
1059	44,000000E+0	0,000000E+0	1,374000E+0	1,048120E+6	12,000000E+0
1060	44,000000E+0	0,000000E+0	1,374000E+0	1,048128E+6	12,000000E+0
1061	44,000000E+0	0,000000E+0	1,374000E+0	1,048136E+6	12,000000E+0
1062	44,000000E+0	0,000000E+0	1,374000E+0	1,048144E+6	12,000000E+0
1063	44,000000E+0	0,000000E+0	1,374000E+0	1,048152E+6	12,000000E+0
1064	44,000000E+0	0,000000E+0	1,374000E+0	1,048160E+6	12,000000E+0
1065	44,000000E+0	0,000000E+0	1,374000E+0	1,048168E+6	12,000000E+0
1066	44,000000E+0	0,000000E+0	1,374000E+0	1,048176E+6	12,000000E+0
1067	44,000000E+0	0,000000E+0	1,374000E+0	1,048184E+6	12,000000E+0
1068	44,000000E+0	0,000000E+0	1,374000E+0	1,048194E+6	12,000000E+0
1069	44,000000E+0	0,000000E+0	1,374000E+0	1,048202E+6	12,000000E+0
1070	44,000000E+0	0,000000E+0	1,374000E+0	1,048210E+6	12,000000E+0
1071	44,000000E+0	0,000000E+0	1,374000E+0	1,048219E+6	12,000000E+0
1072	44,000000E+0	0,000000E+0	1,374000E+0	1,048226E+6	12,000000E+0
1073	44,000000E+0	0,000000E+0	1,374000E+0	1,048236E+6	12,000000E+0
1074	44,000000E+0	0,000000E+0	1,374000E+0	1,048244E+6	12,000000E+0
1075	44,000000E+0	0,000000E+0	1,374000E+0	1,048252E+6	12,000000E+0
1076	44,000000E+0	0,000000E+0	1,374000E+0	1,048259E+6	12,000000E+0
1077	44,000000E+0	0,000000E+0	1,374000E+0	1,048267E+6	12,000000E+0
1078	44,000000E+0	0,000000E+0	1,374000E+0	1,048275E+6	12,000000E+0
1079	44,000000E+0	0,000000E+0	1,374000E+0	1,048283E+6	12,000000E+0
1080	44,000000E+0	0,000000E+0	1,374000E+0	1,048290E+6	12,000000E+0
1081	44,000000E+0	0,000000E+0	1,374000E+0	1,048298E+6	12,000000E+0
1082	44,000000E+0	0,000000E+0	1,374000E+0	1,048306E+6	12,000000E+0
1083	44,000000E+0	0,000000E+0	1,374000E+0	1,048314E+6	12,000000E+0
1084	44,000000E+0	0,000000E+0	1,374000E+0	1,048322E+6	12,000000E+0
1085	44,000000E+0	0,000000E+0	1,374000E+0	1,048330E+6	12,000000E+0
1086	44,000000E+0	0,000000E+0	1,374000E+0	1,048338E+6	12,000000E+0
1087	44,000000E+0	0,000000E+0	1,374000E+0	1,048346E+6	12,000000E+0
1088	44,000000E+0	0,000000E+0	1,145000E+0	1,048353E+6	12,000000E+0
1089	44,000000E+0	0,000000E+0	1,374000E+0	1,048360E+6	12,000000E+0
1090	44,000000E+0	0,000000E+0	1,374000E+0	1,048368E+6	12,000000E+0
1091	44,000000E+0	0,000000E+0	1,374000E+0	1,048376E+6	12,000000E+0
1092	44,000000E+0	0,000000E+0	1,374000E+0	1,048383E+6	12,000000E+0
1093	44,000000E+0	0,000000E+0	1,374000E+0	1,048391E+6	12,000000E+0
1094	44,000000E+0	0,000000E+0	1,374000E+0	1,048400E+6	12,000000E+0
1095	44,000000E+0	0,000000E+0	1,374000E+0	1,048408E+6	12,000000E+0
1096	44,000000E+0	0,000000E+0	1,374000E+0	1,048416E+6	12,000000E+0
1097	44,000000E+0	0,000000E+0	1,374000E+0	1,048424E+6	12,000000E+0
1098	44,000000E+0	0,000000E+0	1,374000E+0	1,048431E+6	12,000000E+0
1099	44,000000E+0	0,000000E+0	1,374000E+0	1,048439E+6	12,000000E+0
1100	44,000000E+0	0,000000E+0	1,374000E+0	1,048447E+6	12,000000E+0
1101	44,000000E+0	0,000000E+0	1,374000E+0	1,048455E+6	12,000000E+0
1102	44,000000E+0	0,000000E+0	1,374000E+0	1,048463E+6	12,000000E+0
1103	44,000000E+0	0,000000E+0	1,374000E+0	1,048471E+6	12,000000E+0
1104	44,000000E+0	0,000000E+0	1,374000E+0	1,048479E+6	12,000000E+0
1105	44,000000E+0	0,000000E+0	1,374000E+0	1,048487E+6	12,000000E+0
1106	44,000000E+0	0,000000E+0	1,374000E+0	1,048495E+6	12,000000E+0
1107	44,000000E+0	0,000000E+0	1,374000E+0	1,048503E+6	12,000000E+0
1108	44,000000E+0	0,000000E+0	1,374000E+0	1,048511E+6	12,000000E+0
1109	44,000000E+0	0,000000E+0	1,374000E+0	1,048518E+6	12,000000E+0
1110	44,000000E+0	0,000000E+0	1,374000E+0	1,048526E+6	12,000000E+0
1111	44,000000E+0	0,000000E+0	1,374000E+0	1,048534E+6	12,000000E+0
1112	44,000000E+0	0,000000E+0	1,374000E+0	1,048542E+6	12,000000E+0
1113	44,000000E+0	0,000000E+0	1,374000E+0	1,048550E+6	12,000000E+0
1114	44,000000E+0	0,000000E+0	1,374000E+0	1,048557E+6	12,000000E+0
1115	44,000000E+0	0,000000E+0	1,374000E+0	1,048565E+6	12,000000E+0
1116	44,000000E+0	0,000000E+0	1,374000E+0	1,048573E+6	12,000000E+0
1117	44,000000E+0	0,000000E+0	1,374000E+0	1,048581E+6	12,000000E+0
1118	44,000000E+0	0,000000E+0	1,374000E+0	1,048588E+6	12,000000E+0
1119	44,000000E+0	0,000000E+0	1,374000E+0	1,048596E+6	12,000000E+0
1120	44,000000E+0	0,000000E+0	1,374000E+0	1,048604E+6	12,000000E+0
1121	44,000000E+0	0,000000E+0	1,374000E+0	1,048612E+6	12,000000E+0
1122	44,000000E+0	0,000000E+0	1,374000E+0	1,048619E+6	12,000000E+0
1123	44,000000E+0	0,000000E+0	1,374000E+0	1,048627E+6	12,000000E+0
1124	44,000000E+0	0,000000E+0	1,374000E+0	1,048633E+6	12,000000E+0
1125	44,000000E+0	0,000000E+0	1,374000E+0	1,048642E+6	12,000000E+0
1126	44,000000E+0	0,000000E+0	1,374000E+0	1,048649E+6	12,000000E+0
1127	44,000000E+0	0,000000E+0	1,374000E+0	1,048657E+6	12,000000E+0
1128	44,000000E+0	0,000000E+0	1,374000E+0	1,048665E+6	12,000000E+0
1129	44,000000E+0	0,000000E+0	1,374000E+0	1,048672E+6	12,000000E+0
1130	44,000000E+0	0,000000E+0	1,374000E+0	1,048680E+6	12,000000E+0
1131	44,000000E+0	0,000000E+0	1,374000E+0	1,048688E+6	12,000000E+0
1132	44,000000E+0	0,000000E+0	1,374000E+0	1,048696E+6	12,000000E+0
1133	44,000000E+0	0,000000E+0	1,374000E+0	1,048704E+6	12,000000E+0
1134	44,000000E+0	0,000000E+0	1,374000E+0	1,048712E+6	12,000000E+0
1135	44,000000E+0	0,000000E+0	1,374000E+0	1,048720E+6	12,000000E+0
1136	44,000000E+0	0,000000E+0	1,374000E+0	1,048727E+6	12,000000E+0
1137	44,000000E+0	0,000000E+0	1,374000E+0	1,048735E+6	12,000000E+0
1138	44,000000E+0	0,000000E+0	1,374000E+0	1,048744E+6	12,000000E+0
1139	44,000000E+0	0,000000E+0	1,374000E+0	1,048752E+6	12,000000E+0
1140	44,000000E+0	0,000000E+0	1,374000E+0	1,048760E+6	12,000000E+0
1141	44,000000E+0	0,000000E+0	1,374000E+0	1,048768E+6	12,000000E+0
1142	44,000000E+0	0,000000E+0	1,374000E+0	1,048776E+6	12,000000E+0
1143	44,000000E+0	0,000000E+0	1,374000E+0	1,048784E+6	12,000000E+0
1144	44,000000E+0	0,000000E+0	1,374000E+0	1,048792E+6	12,000000E+0
1145	44,000000E+0	0,000000E+0	1,374000E+0	1,048799E+6	12,000000E+0
1146	44,000000E+0	0,000000E+0	1,374000E+0	1,048806E+6	12,000000E+0
1147	44,000000E+0	0,000000E+0	1,374000E+0	1,048814E+6	12,000000E+0
1148	44,000000E+0	0,000000E+0	1,374000E+0	1,048822E+6	12,000000E+0
1149	44,000000E+0	0,000000E+0	1,374000E+0	1,048830E+6	12,000000E+0
1150	44,000000E+0	0,000000E+0	1,374000E+0	1,048838E+6	12,000000E+0
1151	44,000000E+0	0,000000E+0	1,374000E+0	1,048845E+6	12,000000E+0
1152	44,000000E+0	0,000000E+0	1,374000E+0	1,048853E+6	12,000000E+0
1153	44,000000E+0	0,000000E+0	1,374000E+0	1,048862E+6	12,000000E+0
1154	44,000000E+0	0,000000E+0	1,374000E+0	1,048869E+6	12,000000E+0
1155	44,000000E+0	0,000000E+0	1,374000E+0	1,048878E+6	12,000000E+0
1156	44,000000E+0	0,000000E+0	1,374000E+0	1,048885E+6	12,000000E+0
1157	44,000000E+0	0,000000E+0	1,374000E+0	1,048893E+6	12,000000E+0
1158	44,000000E+0	0,000000E+0	1,374000E+0	1,048901E+6	12,000000E+0
1159	44,000000E+0	0,000000E+0	1,374000E+0	1,048908E+6	12,000000E+0
1160	44,000000E+0	0,000000E+0	1,374000E+0	1,048917E+6	12,000000E+0
1161	44,000000E+0	0,000000E+0	1,374000E+0	1,048924E+6	12,000000E+0
1162	44,000000E+0	0,000000E+0	1,374000E+0	1,048931E+6	12,000000E+0
1163	44,000000E+0	0,000000E+0	1,374000E+0	1,048939E+6	12,000000E+0
1164	44,000000E+0	0,000000E+0	1,374000E+0	1,048947E+6	12,000000E+0
1165	44,000000E+0	0,000000E+0	1,374000E+0	1,048955E+6	12,000000E+0
1166	44,000000E+0	0,000000E+0	1,374000E+0	1,048963E+6	12,000000E+0
1167	44,000000E+0	0,000000E+0	1,374000E+0	1,048971E+6	12,000000E+0
1168	44,000000E+0	0,000000E+0	1,374000E+0	1,048978E+6	12,000000E+0
1169	44,000000E+0	0,000000E+0	1,374000E+0	1,048986E+6	12,000000E+0
1170	44,000000E+0	0,000000E+0	1,374000E+0	1,048993E+6	12,000000E+0
1171	44,000000E+0	0,000000E+0	1,374000E+0	1,049001E+6	12,000000E+0
1172	44,000000E+0	0,000000E+0	1,374000E+0	1,049008E+6	12,000000E+0
1173	44,000000E+0	0,000000E+0	1,374000E+0	1,049017E+6	12,000000E+0
1174	44,000000E+0	0,000000E+0	1,374000E+0	1,049024E+6	12,000000E+0
1175	44,000000E+0	0,000000E+0	1,374000E+0	1,049032E+6	12,000000E+0
1176	44,000000E+0	0,000000E+0	1,374000E+0	1,049040E+6	12,000000E+0
1177	44,000000E+0	0,000000E+0	1,374000E+0	1,049047E+6	12,000000E+0
1178	44,000000E+0	0,000000E+0	1,374000E+0	1,049055E+6	12,000000E+0
1179	44,000000E+0	0,000000E+0	1,145000E+0	1,049063E+6	12,000000E+0
1180	44,000000E+0	0,000000E+0	1,374000E+0	1,049071E+6	12,000000E+0
1181	44,000000E+0	0,000000E+0	1,374000E+0	1,049079E+6	12,000000E+0
1182	44,000000E+0	0,000000E+0	1,374000E+0	1,049086E+6	12,000000E+0
1183	44,000000E+0	0,000000E+0	1,374000E+0	1,049095E+6	12,000000E+0
1184	44,000000E+0	0,000000E+0	1,374000E+0	1,049103E+6	12,000000E+0
1185	21,760000E+3	30,300160E+3	23,051895E+6	369,098752E+6	409,800000E+0
1186	44,000000E+0	0,000000E+0	1,374000E+0	1,049118E+6	12,000000E+0
1187	44,000000E+0	0,000000E+0	1,374000E+0	1,049126E+6	12,000000E+0
1188	44,000000E+0	0,000000E+0	1,374000E+0	1,049134E+6	12,000000E+0
1189	44,000000E+0	0,000000E+0	1,374000E+0	1,049141E+6	12,000000E+0
1190	44,000000E+0	0,000000E+0	1,374000E+0	1,049149E+6	12,000000E+0
1191	44,000000E+0	0,000000E+0	1,145000E+0	1,049157E+6	12,000000E+0
1192	44,000000E+0	0,000000E+0	1,374000E+0	1,049164E+6	12,000000E+0
1193	44,000000E+0	0,000000E+0	1,374000E+0	1,049172E+6	12,000000E+0
1194	44,000000E+0	0,000000E+0	1,374000E+0	1,049180E+6	12,000000E+0
1195	44,000000E+0	0,000000E+0	1,374000E+0	1,049189E+6	12,000000E+0
1196	44,000000E+0	0,000000E+0	1,374000E+0	1,049197E+6	12,000000E+0
1197	44,000000E+0	0,000000E+0	1,374000E+0	1,049205E+6	12,000000E+0
1198	44,000000E+0	0,000000E+0	1,374000E+0	1,049213E+6	12,000000E+0
1199	44,000000E+0	0,000000E+0	1,374000E+0	1,049220E+6	12,000000E+0
1200	44,000000E+0	0,000000E+0	1,374000E+0	1,049228E+6	12,000000E+0
1201	44,000000E+0	0,000000E+0	1,374000E+0	1,049236E+6	12,000000E+0
1202	44,000000E+0	0,000000E+0	1,374000E+0	1,049243E+6	12,000000E+0
1203	44,000000E+0	0,000000E+0	1,145000E+0	1,049251E+6	12,000000E+0
1204	44,000000E+0	0,000000E+0	1,374000E+0	1,049259E+6	12,000000E+0
1205	44,000000E+0	0,000000E+0	1,374000E+0	1,049267E+6	12,000000E+0
1206	44,000000E+0	0,000000E+0	1,374000E+0	1,049274E+6	12,000000E+0
1207	44,000000E+0	0,000000E+0	1,374000E+0	1,049282E+6	12,000000E+0
1208	44,000000E+0	0,000000E+0	1,374000E+0	1,049290E+6	12,000000E+0
1209	44,000000E+0	0,000000E+0	1,374000E+0	1,049297E+6	12,000000E+0
1210	44,000000E+0	0,000000E+0	1,374000E+0	1,049305E+6	12,000000E+0
1211	44,000000E+0	0,000000E+0	1,374000E+0	1,049313E+6	12,000000E+0
1212	44,000000E+0	0,000000E+0	1,374000E+0	1,049321E+6	12,000000E+0
1213	44,000000E+0	0,000000E+0	1,145000E+0	1,049328E+6	12,000000E+0
1214	44,000000E+0	0,000000E+0	1,145000E+0	1,049335E+6	12,000000E+0
1215	44,000000E+0	0,000000E+0	1,374000E+0	1,049343E+6	12,000000E+0
1216	44,000000E+0	0,000000E+0	1,374000E+0	1,049351E+6	12,000000E+0
1217	44,000000E+0	0,000000E+0	1,374000E+0	1,049359E+6	12,000000E+0
1218	44,000000E+0	0,000000E+0	1,374000E+0	1,049367E+6	12,000000E+0
1219	44,000000E+0	0,000000E+0	1,374000E+0	1,049374E+6	12,000000E+0
1220	44,000000E+0	0,000000E+0	1,374000E+0	1,049383E+6	12,000000E+0
1221	44,000000E+0	0,000000E+0	1,374000E+0	1,049391E+6	12,000000E+0
1222	44,000000E+0	0,000000E+0	1,374000E+0	1,049399E+6	12,000000E+0
1223	44,000000E+0	0,000000E+0	1,374000E+0	1,049406E+6	12,000000E+0
1224	44,000000E+0	0,000000E+0	1,374000E+0	1,049414E+6	12,000000E+0
1225	44,000000E+0	0,000000E+0	1,145000E+0	1,049421E+6	12,000000E+0
1226	44,000000E+0	0,000000E+0	1,374000E+0	1,049429E+6	12,000000E+0
1227	44,000000E+0	0,000000E+0	1,374000E+0	1,049436E+6	12,000000E+0
1228	44,000000E+0	0,000000E+0	1,374000E+0	1,049444E+6	12,000000E+0
1229	44,000000E+0	0,000000E+0	1,374000E+0	1,049452E+6	12,000000E+0
1230	44,000000E+0	0,000000E+0	1,374000E+0	1,049460E+6	12,000000E+0
1231	44,000000E+0	0,000000E+0	1,374000E+0	1,049468E+6	12,000000E+0
1232	44,000000E+0	0,000000E+0	1,374000E+0	1,049475E+6	12,000000E+0
1233	44,000000E+0	0,000000E+0	1,374000E+0	1,049483E+6	12,000000E+0
1234	44,000000E+0	0,000000E+0	1,374000E+0	1,049492E+6	12,000000E+0
1235	44,000000E+0	0,000000E+0	1,374000E+0	1,049499E+6	12,000000E+0
1236	44,000000E+0	0,000000E+0	1,145000E+0	1,049507E+6	12,000000E+0
1237	44,000000E+0	0,000000E+0	1,374000E+0	1,049515E+6	12,000000E+0
1238	44,000000E+0	0,000000E+0	1,145000E+0	1,049523E+6	12,000000E+0
1239	44,000000E+0	0,000000E+0	1,374000E+0	1,049531E+6	12,000000E+0
1240	44,000000E+0	0,000000E+0	1,374000E+0	1,049539E+6	12,000000E+0
1241	44,000000E+0	0,000000E+0	1,374000E+0	1,049546E+6	12,000000E+0
1242	44,000000E+0	0,000000E+0	1,374000E+0	1,049554E+6	12,000000E+0
1243	44,000000E+0	0,000000E+0	1,374000E+0	1,049562E+6	12,000000E+0
1244	44,000000E+0	0,000000E+0	1,374000E+0	1,049570E+6	12,000000E+0
1245	44,000000E+0	0,000000E+0	1,374000E+0	1,049577E+6	12,000000E+0
1246	44,000000E+0	0,000000E+0	1,374000E+0	1,049585E+6	12,000000E+0
1247	44,000000E+0	0,000000E+0	1,374000E+0	1,049593E+6	12,000000E+0
1248	44,000000E+0	0,000000E+0	1,374000E+0	1,049601E+6	12,000000E+0
1249	44,000000E+0	0,000000E+0	1,374000E+0	1,049608E+6	12,000000E+0
1250	44,000000E+0	0,000000E+0	1,374000E+0	1,049616E+6	12,000000E+0
1251	44,000000E+0	0,000000E+0	1,374000E+0	1,049624E+6	12,000000E+0
