samedi 20 janvier 2024	15:23:02	Sampling Period : 20  ms		
Unities: time [sample], PWM [raw], Current [mA], velocity [rev/min], Position [pulse], Present Input Voltage [V]

t	DXL_PWM		DXL_Current		DXL_Velocity		DXL_Position		DXL_Input_Voltage
0	1,000000E+0	0,000000E+0	0,000000E+0	735,817000E+3	12,000000E+0
1	115,000000E+0	53,800000E+0	0,000000E+0	735,819000E+3	12,000000E+0
2	447,000000E+0	51,110000E+0	7,328000E+0	735,867000E+3	12,000000E+0
3	676,000000E+0	51,110000E+0	17,404000E+0	735,970000E+3	12,000000E+0
4	885,000000E+0	40,350000E+0	25,419000E+0	736,115000E+3	12,000000E+0
5	885,000000E+0	26,900000E+0	29,770000E+0	736,282000E+3	12,000000E+0
6	885,000000E+0	26,900000E+0	30,228000E+0	736,450000E+3	12,000000E+0
7	885,000000E+0	24,210000E+0	29,999000E+0	736,616000E+3	12,000000E+0
8	885,000000E+0	24,210000E+0	30,228000E+0	736,784000E+3	12,000000E+0
9	885,000000E+0	24,210000E+0	30,457000E+0	736,951000E+3	12,000000E+0
10	885,000000E+0	24,210000E+0	30,457000E+0	737,116000E+3	12,000000E+0
11	885,000000E+0	24,210000E+0	30,686000E+0	737,284000E+3	12,000000E+0
12	885,000000E+0	24,210000E+0	30,457000E+0	737,449000E+3	12,000000E+0
13	885,000000E+0	21,520000E+0	30,686000E+0	737,615000E+3	12,000000E+0
14	885,000000E+0	21,520000E+0	30,457000E+0	737,781000E+3	12,000000E+0
15	885,000000E+0	21,520000E+0	30,228000E+0	737,948000E+3	12,000000E+0
16	885,000000E+0	21,520000E+0	29,999000E+0	738,113000E+3	12,000000E+0
17	885,000000E+0	21,520000E+0	29,770000E+0	738,279000E+3	12,000000E+0
18	885,000000E+0	21,520000E+0	29,999000E+0	738,446000E+3	12,000000E+0
19	885,000000E+0	21,520000E+0	30,228000E+0	738,613000E+3	12,000000E+0
20	885,000000E+0	21,520000E+0	30,228000E+0	738,780000E+3	12,000000E+0
21	885,000000E+0	24,210000E+0	30,686000E+0	738,947000E+3	12,000000E+0
22	885,000000E+0	24,210000E+0	30,915000E+0	739,114000E+3	12,000000E+0
23	885,000000E+0	24,210000E+0	30,915000E+0	739,281000E+3	12,000000E+0
24	885,000000E+0	21,520000E+0	30,915000E+0	739,448000E+3	12,000000E+0
25	885,000000E+0	21,520000E+0	30,915000E+0	739,616000E+3	12,000000E+0
26	885,000000E+0	21,520000E+0	30,686000E+0	739,782000E+3	12,000000E+0
27	885,000000E+0	21,520000E+0	30,457000E+0	739,950000E+3	12,000000E+0
28	885,000000E+0	21,520000E+0	30,457000E+0	740,117000E+3	12,000000E+0
29	885,000000E+0	21,520000E+0	30,228000E+0	740,283000E+3	12,000000E+0
30	885,000000E+0	21,520000E+0	29,999000E+0	740,450000E+3	12,000000E+0
31	885,000000E+0	21,520000E+0	30,228000E+0	740,617000E+3	12,000000E+0
32	885,000000E+0	21,520000E+0	30,228000E+0	740,785000E+3	12,000000E+0
33	885,000000E+0	21,520000E+0	30,228000E+0	740,951000E+3	12,000000E+0
34	885,000000E+0	21,520000E+0	30,457000E+0	741,119000E+3	12,000000E+0
35	885,000000E+0	21,520000E+0	30,686000E+0	741,287000E+3	12,000000E+0
36	885,000000E+0	21,520000E+0	30,686000E+0	741,450000E+3	12,000000E+0
37	885,000000E+0	21,520000E+0	30,457000E+0	741,617000E+3	12,000000E+0
38	885,000000E+0	21,520000E+0	30,457000E+0	741,783000E+3	12,000000E+0
39	885,000000E+0	21,520000E+0	30,457000E+0	741,949000E+3	12,000000E+0
40	885,000000E+0	21,520000E+0	30,228000E+0	742,116000E+3	12,000000E+0
41	885,000000E+0	21,520000E+0	29,999000E+0	742,282000E+3	12,000000E+0
42	885,000000E+0	21,520000E+0	29,999000E+0	742,449000E+3	12,000000E+0
43	885,000000E+0	21,520000E+0	29,999000E+0	742,617000E+3	12,000000E+0
44	885,000000E+0	21,520000E+0	30,228000E+0	742,785000E+3	12,000000E+0
45	885,000000E+0	21,520000E+0	30,457000E+0	742,951000E+3	12,000000E+0
46	885,000000E+0	21,520000E+0	30,686000E+0	743,119000E+3	12,000000E+0
47	885,000000E+0	21,520000E+0	31,144000E+0	743,286000E+3	12,000000E+0
48	885,000000E+0	21,520000E+0	30,915000E+0	743,454000E+3	12,000000E+0
49	885,000000E+0	21,520000E+0	30,915000E+0	743,620000E+3	12,000000E+0
50	885,000000E+0	21,520000E+0	30,915000E+0	743,786000E+3	12,000000E+0
51	885,000000E+0	21,520000E+0	30,686000E+0	743,954000E+3	12,000000E+0
52	885,000000E+0	21,520000E+0	30,457000E+0	744,122000E+3	12,000000E+0
53	885,000000E+0	21,520000E+0	30,228000E+0	744,288000E+3	12,000000E+0
54	885,000000E+0	21,520000E+0	30,228000E+0	744,455000E+3	12,000000E+0
55	885,000000E+0	21,520000E+0	30,228000E+0	744,623000E+3	12,000000E+0
56	885,000000E+0	21,520000E+0	30,228000E+0	744,790000E+3	12,000000E+0
57	885,000000E+0	21,520000E+0	30,228000E+0	744,958000E+3	12,000000E+0
58	885,000000E+0	21,520000E+0	30,228000E+0	745,125000E+3	12,000000E+0
59	885,000000E+0	21,520000E+0	30,457000E+0	745,291000E+3	12,000000E+0
60	885,000000E+0	21,520000E+0	30,686000E+0	745,459000E+3	12,000000E+0
61	885,000000E+0	21,520000E+0	30,686000E+0	745,623000E+3	12,000000E+0
62	885,000000E+0	21,520000E+0	30,686000E+0	745,790000E+3	12,000000E+0
63	885,000000E+0	21,520000E+0	30,457000E+0	745,957000E+3	12,000000E+0
64	885,000000E+0	21,520000E+0	30,228000E+0	746,123000E+3	12,000000E+0
65	885,000000E+0	21,520000E+0	30,228000E+0	746,290000E+3	12,000000E+0
66	885,000000E+0	21,520000E+0	29,999000E+0	746,456000E+3	12,000000E+0
67	885,000000E+0	21,520000E+0	30,228000E+0	746,623000E+3	12,000000E+0
68	885,000000E+0	21,520000E+0	30,228000E+0	746,790000E+3	12,000000E+0
69	885,000000E+0	21,520000E+0	30,228000E+0	746,956000E+3	12,000000E+0
70	885,000000E+0	21,520000E+0	30,686000E+0	747,124000E+3	12,000000E+0
71	885,000000E+0	21,520000E+0	30,915000E+0	747,291000E+3	12,000000E+0
72	885,000000E+0	21,520000E+0	30,915000E+0	747,459000E+3	12,000000E+0
73	885,000000E+0	21,520000E+0	31,144000E+0	747,627000E+3	12,000000E+0
74	885,000000E+0	21,520000E+0	30,915000E+0	747,794000E+3	12,000000E+0
75	885,000000E+0	21,520000E+0	30,686000E+0	747,958000E+3	12,000000E+0
76	885,000000E+0	21,520000E+0	30,686000E+0	748,125000E+3	12,000000E+0
77	885,000000E+0	21,520000E+0	30,457000E+0	748,295000E+3	12,000000E+0
78	885,000000E+0	21,520000E+0	30,228000E+0	748,459000E+3	12,000000E+0
79	885,000000E+0	21,520000E+0	30,228000E+0	748,627000E+3	12,000000E+0
80	885,000000E+0	21,520000E+0	29,999000E+0	748,794000E+3	12,000000E+0
81	885,000000E+0	21,520000E+0	29,999000E+0	748,961000E+3	12,000000E+0
82	885,000000E+0	21,520000E+0	30,228000E+0	749,130000E+3	12,000000E+0
83	885,000000E+0	21,520000E+0	30,457000E+0	749,298000E+3	12,000000E+0
84	885,000000E+0	21,520000E+0	30,457000E+0	749,464000E+3	12,000000E+0
85	885,000000E+0	21,520000E+0	30,686000E+0	749,630000E+3	12,000000E+0
86	885,000000E+0	21,520000E+0	30,686000E+0	749,797000E+3	12,000000E+0
87	885,000000E+0	21,520000E+0	30,457000E+0	749,963000E+3	12,000000E+0
88	885,000000E+0	21,520000E+0	30,228000E+0	750,128000E+3	12,000000E+0
89	885,000000E+0	21,520000E+0	30,228000E+0	750,295000E+3	12,000000E+0
90	885,000000E+0	21,520000E+0	29,999000E+0	750,460000E+3	12,000000E+0
91	885,000000E+0	21,520000E+0	29,999000E+0	750,628000E+3	12,000000E+0
92	885,000000E+0	21,520000E+0	30,228000E+0	750,795000E+3	12,000000E+0
93	885,000000E+0	21,520000E+0	30,228000E+0	750,963000E+3	12,000000E+0
94	885,000000E+0	21,520000E+0	30,228000E+0	751,129000E+3	12,000000E+0
95	885,000000E+0	21,520000E+0	30,686000E+0	751,297000E+3	12,000000E+0
96	885,000000E+0	21,520000E+0	30,915000E+0	751,463000E+3	12,000000E+0
97	885,000000E+0	21,520000E+0	30,915000E+0	751,630000E+3	12,000000E+0
98	885,000000E+0	21,520000E+0	31,144000E+0	751,798000E+3	12,000000E+0
99	885,000000E+0	21,520000E+0	30,915000E+0	751,975000E+3	12,000000E+0
100	885,000000E+0	21,520000E+0	30,686000E+0	752,129000E+3	12,000000E+0
101	885,000000E+0	21,520000E+0	30,457000E+0	752,299000E+3	12,000000E+0
102	885,000000E+0	21,520000E+0	30,457000E+0	752,465000E+3	12,000000E+0
103	885,000000E+0	21,520000E+0	29,999000E+0	752,634000E+3	12,000000E+0
104	885,000000E+0	21,520000E+0	29,999000E+0	752,801000E+3	12,000000E+0
105	885,000000E+0	21,520000E+0	29,999000E+0	752,967000E+3	12,000000E+0
106	885,000000E+0	21,520000E+0	30,228000E+0	753,135000E+3	12,000000E+0
107	885,000000E+0	18,830000E+0	30,228000E+0	753,301000E+3	12,000000E+0
108	885,000000E+0	21,520000E+0	30,686000E+0	753,468000E+3	12,000000E+0
109	885,000000E+0	21,520000E+0	30,686000E+0	753,636000E+3	12,000000E+0
110	885,000000E+0	21,520000E+0	30,686000E+0	753,800000E+3	12,000000E+0
111	885,000000E+0	21,520000E+0	30,686000E+0	753,969000E+3	12,000000E+0
112	885,000000E+0	21,520000E+0	30,457000E+0	754,133000E+3	12,000000E+0
113	885,000000E+0	21,520000E+0	30,228000E+0	754,302000E+3	12,000000E+0
114	885,000000E+0	21,520000E+0	30,228000E+0	754,468000E+3	12,000000E+0
115	885,000000E+0	21,520000E+0	29,999000E+0	754,635000E+3	12,000000E+0
116	885,000000E+0	21,520000E+0	30,228000E+0	754,802000E+3	12,000000E+0
117	885,000000E+0	21,520000E+0	30,228000E+0	754,968000E+3	12,000000E+0
118	885,000000E+0	21,520000E+0	30,457000E+0	755,135000E+3	12,000000E+0
119	885,000000E+0	21,520000E+0	30,457000E+0	755,302000E+3	12,000000E+0
120	885,000000E+0	21,520000E+0	30,686000E+0	755,468000E+3	12,000000E+0
121	885,000000E+0	21,520000E+0	31,144000E+0	755,636000E+3	12,000000E+0
122	885,000000E+0	21,520000E+0	30,915000E+0	755,804000E+3	12,000000E+0
123	885,000000E+0	21,520000E+0	30,915000E+0	755,971000E+3	12,000000E+0
124	885,000000E+0	21,520000E+0	30,915000E+0	756,137000E+3	12,000000E+0
125	885,000000E+0	21,520000E+0	30,457000E+0	756,304000E+3	12,000000E+0
126	885,000000E+0	21,520000E+0	30,228000E+0	756,473000E+3	12,000000E+0
127	885,000000E+0	21,520000E+0	30,228000E+0	756,638000E+3	12,000000E+0
128	885,000000E+0	21,520000E+0	30,228000E+0	756,808000E+3	12,000000E+0
129	885,000000E+0	21,520000E+0	29,999000E+0	756,973000E+3	12,000000E+0
130	885,000000E+0	21,520000E+0	29,999000E+0	757,139000E+3	12,000000E+0
131	885,000000E+0	21,520000E+0	30,228000E+0	757,307000E+3	12,000000E+0
132	885,000000E+0	21,520000E+0	30,457000E+0	757,474000E+3	12,000000E+0
133	885,000000E+0	21,520000E+0	30,686000E+0	757,641000E+3	12,000000E+0
134	885,000000E+0	21,520000E+0	30,915000E+0	757,808000E+3	12,000000E+0
135	885,000000E+0	21,520000E+0	30,686000E+0	757,976000E+3	12,000000E+0
136	885,000000E+0	21,520000E+0	30,686000E+0	758,142000E+3	12,000000E+0
137	885,000000E+0	21,520000E+0	30,457000E+0	758,309000E+3	12,000000E+0
138	885,000000E+0	21,520000E+0	30,228000E+0	758,474000E+3	12,000000E+0
139	885,000000E+0	21,520000E+0	29,999000E+0	758,640000E+3	12,000000E+0
140	885,000000E+0	21,520000E+0	29,999000E+0	758,805000E+3	12,000000E+0
141	885,000000E+0	21,520000E+0	30,228000E+0	758,972000E+3	12,000000E+0
142	885,000000E+0	21,520000E+0	30,228000E+0	759,142000E+3	12,000000E+0
143	885,000000E+0	21,520000E+0	30,457000E+0	759,310000E+3	12,000000E+0
144	885,000000E+0	21,520000E+0	30,686000E+0	759,476000E+3	12,000000E+0
145	885,000000E+0	21,520000E+0	30,686000E+0	759,644000E+3	12,000000E+0
146	885,000000E+0	21,520000E+0	30,915000E+0	759,810000E+3	12,000000E+0
147	885,000000E+0	18,830000E+0	31,144000E+0	759,977000E+3	12,000000E+0
148	885,000000E+0	18,830000E+0	30,915000E+0	760,144000E+3	12,000000E+0
149	885,000000E+0	18,830000E+0	30,915000E+0	760,310000E+3	12,000000E+0
150	885,000000E+0	18,830000E+0	30,457000E+0	760,479000E+3	12,000000E+0
151	885,000000E+0	18,830000E+0	30,228000E+0	760,645000E+3	12,000000E+0
152	885,000000E+0	18,830000E+0	29,999000E+0	760,812000E+3	12,000000E+0
153	885,000000E+0	18,830000E+0	29,999000E+0	760,980000E+3	12,000000E+0
154	885,000000E+0	18,830000E+0	29,999000E+0	761,147000E+3	12,000000E+0
155	885,000000E+0	18,830000E+0	30,228000E+0	761,314000E+3	12,000000E+0
156	885,000000E+0	18,830000E+0	30,457000E+0	761,481000E+3	12,000000E+0
157	885,000000E+0	18,830000E+0	30,686000E+0	761,648000E+3	12,000000E+0
158	885,000000E+0	18,830000E+0	30,686000E+0	761,816000E+3	12,000000E+0
159	885,000000E+0	18,830000E+0	30,686000E+0	761,980000E+3	12,000000E+0
160	885,000000E+0	18,830000E+0	30,686000E+0	762,149000E+3	12,000000E+0
161	885,000000E+0	18,830000E+0	30,457000E+0	762,313000E+3	12,000000E+0
162	885,000000E+0	18,830000E+0	30,228000E+0	762,481000E+3	12,000000E+0
163	885,000000E+0	18,830000E+0	30,228000E+0	762,647000E+3	12,000000E+0
164	885,000000E+0	18,830000E+0	29,999000E+0	762,812000E+3	12,000000E+0
165	885,000000E+0	21,520000E+0	29,999000E+0	762,978000E+3	12,000000E+0
166	885,000000E+0	21,520000E+0	30,228000E+0	763,147000E+3	12,000000E+0
167	885,000000E+0	21,520000E+0	30,457000E+0	763,315000E+3	12,000000E+0
168	885,000000E+0	21,520000E+0	30,457000E+0	763,481000E+3	12,000000E+0
169	885,000000E+0	21,520000E+0	30,915000E+0	763,648000E+3	12,000000E+0
170	885,000000E+0	18,830000E+0	30,915000E+0	763,816000E+3	12,000000E+0
171	885,000000E+0	18,830000E+0	30,915000E+0	763,983000E+3	12,000000E+0
172	885,000000E+0	18,830000E+0	31,144000E+0	764,151000E+3	12,000000E+0
173	885,000000E+0	18,830000E+0	30,915000E+0	764,317000E+3	12,000000E+0
174	885,000000E+0	18,830000E+0	30,686000E+0	764,485000E+3	12,000000E+0
175	885,000000E+0	18,830000E+0	30,457000E+0	764,653000E+3	12,000000E+0
176	885,000000E+0	18,830000E+0	29,999000E+0	764,817000E+3	12,000000E+0
177	885,000000E+0	18,830000E+0	29,999000E+0	764,986000E+3	12,000000E+0
178	885,000000E+0	18,830000E+0	30,228000E+0	765,154000E+3	12,000000E+0
179	885,000000E+0	18,830000E+0	30,228000E+0	765,319000E+3	12,000000E+0
180	885,000000E+0	18,830000E+0	30,228000E+0	765,487000E+3	12,000000E+0
181	885,000000E+0	18,830000E+0	30,457000E+0	765,654000E+3	12,000000E+0
182	885,000000E+0	18,830000E+0	30,686000E+0	765,821000E+3	12,000000E+0
183	885,000000E+0	18,830000E+0	30,686000E+0	765,988000E+3	12,000000E+0
184	885,000000E+0	18,830000E+0	30,686000E+0	766,154000E+3	12,000000E+0
185	885,000000E+0	18,830000E+0	30,686000E+0	766,320000E+3	12,000000E+0
186	885,000000E+0	18,830000E+0	30,457000E+0	766,487000E+3	12,000000E+0
187	885,000000E+0	18,830000E+0	30,228000E+0	766,652000E+3	12,000000E+0
188	885,000000E+0	18,830000E+0	30,228000E+0	766,819000E+3	12,000000E+0
189	885,000000E+0	18,830000E+0	29,999000E+0	766,985000E+3	12,000000E+0
190	885,000000E+0	21,520000E+0	30,228000E+0	767,153000E+3	12,000000E+0
191	885,000000E+0	18,830000E+0	30,228000E+0	767,319000E+3	12,000000E+0
192	885,000000E+0	18,830000E+0	30,457000E+0	767,488000E+3	12,000000E+0
193	885,000000E+0	18,830000E+0	30,686000E+0	767,655000E+3	12,000000E+0
194	885,000000E+0	18,830000E+0	30,915000E+0	767,822000E+3	12,000000E+0
195	885,000000E+0	18,830000E+0	31,144000E+0	767,989000E+3	12,000000E+0
196	885,000000E+0	18,830000E+0	30,915000E+0	768,156000E+3	12,000000E+0
197	885,000000E+0	18,830000E+0	30,915000E+0	768,323000E+3	12,000000E+0
198	885,000000E+0	18,830000E+0	30,915000E+0	768,489000E+3	12,000000E+0
199	885,000000E+0	21,520000E+0	30,457000E+0	768,658000E+3	12,000000E+0
200	885,000000E+0	21,520000E+0	30,228000E+0	768,825000E+3	12,000000E+0
201	885,000000E+0	21,520000E+0	29,999000E+0	768,990000E+3	12,000000E+0
202	885,000000E+0	18,830000E+0	29,999000E+0	769,158000E+3	12,000000E+0
203	885,000000E+0	18,830000E+0	30,228000E+0	769,325000E+3	12,000000E+0
204	885,000000E+0	18,830000E+0	30,228000E+0	769,492000E+3	12,000000E+0
205	885,000000E+0	18,830000E+0	30,457000E+0	769,660000E+3	12,000000E+0
206	885,000000E+0	18,830000E+0	30,686000E+0	769,826000E+3	12,000000E+0
207	885,000000E+0	18,830000E+0	30,686000E+0	769,995000E+3	12,000000E+0
208	885,000000E+0	18,830000E+0	30,686000E+0	770,161000E+3	12,000000E+0
209	885,000000E+0	18,830000E+0	30,457000E+0	770,327000E+3	12,000000E+0
210	885,000000E+0	18,830000E+0	30,457000E+0	770,492000E+3	12,000000E+0
211	885,000000E+0	18,830000E+0	30,457000E+0	770,660000E+3	12,000000E+0
212	885,000000E+0	18,830000E+0	30,228000E+0	770,825000E+3	12,000000E+0
213	885,000000E+0	18,830000E+0	29,999000E+0	770,993000E+3	12,000000E+0
214	885,000000E+0	18,830000E+0	29,999000E+0	771,159000E+3	12,000000E+0
215	885,000000E+0	21,520000E+0	30,228000E+0	771,327000E+3	12,000000E+0
216	885,000000E+0	21,520000E+0	30,228000E+0	771,492000E+3	12,000000E+0
217	885,000000E+0	21,520000E+0	30,457000E+0	771,659000E+3	12,000000E+0
218	885,000000E+0	18,830000E+0	30,686000E+0	771,825000E+3	12,000000E+0
219	885,000000E+0	18,830000E+0	30,915000E+0	771,994000E+3	12,000000E+0
220	885,000000E+0	18,830000E+0	31,144000E+0	772,161000E+3	12,000000E+0
221	885,000000E+0	18,830000E+0	30,915000E+0	772,329000E+3	12,000000E+0
222	885,000000E+0	18,830000E+0	30,686000E+0	772,494000E+3	12,000000E+0
223	885,000000E+0	18,830000E+0	30,686000E+0	772,662000E+3	12,000000E+0
224	885,000000E+0	18,830000E+0	30,457000E+0	772,829000E+3	12,000000E+0
225	885,000000E+0	18,830000E+0	29,999000E+0	772,995000E+3	12,000000E+0
226	885,000000E+0	18,830000E+0	29,999000E+0	773,163000E+3	12,000000E+0
227	885,000000E+0	18,830000E+0	29,999000E+0	773,330000E+3	12,000000E+0
228	885,000000E+0	18,830000E+0	30,228000E+0	773,497000E+3	12,000000E+0
229	885,000000E+0	18,830000E+0	30,228000E+0	773,665000E+3	12,000000E+0
230	885,000000E+0	18,830000E+0	30,457000E+0	773,834000E+3	12,000000E+0
231	885,000000E+0	21,520000E+0	30,686000E+0	774,001000E+3	12,000000E+0
232	885,000000E+0	21,520000E+0	30,686000E+0	774,168000E+3	12,000000E+0
233	885,000000E+0	18,830000E+0	30,686000E+0	774,335000E+3	12,000000E+0
234	885,000000E+0	18,830000E+0	30,686000E+0	774,500000E+3	12,000000E+0
235	885,000000E+0	18,830000E+0	30,228000E+0	774,666000E+3	12,000000E+0
236	885,000000E+0	18,830000E+0	30,228000E+0	774,833000E+3	12,000000E+0
237	885,000000E+0	18,830000E+0	30,228000E+0	774,998000E+3	12,000000E+0
238	885,000000E+0	21,520000E+0	29,999000E+0	775,165000E+3	12,000000E+0
239	885,000000E+0	21,520000E+0	30,228000E+0	775,333000E+3	12,000000E+0
240	885,000000E+0	18,830000E+0	30,228000E+0	775,499000E+3	12,000000E+0
241	885,000000E+0	18,830000E+0	30,228000E+0	775,665000E+3	12,000000E+0
242	885,000000E+0	18,830000E+0	30,457000E+0	775,833000E+3	12,000000E+0
243	885,000000E+0	18,830000E+0	30,915000E+0	776,000000E+3	12,000000E+0
244	885,000000E+0	18,830000E+0	31,144000E+0	776,167000E+3	12,000000E+0
245	885,000000E+0	18,830000E+0	31,144000E+0	776,335000E+3	12,000000E+0
246	885,000000E+0	18,830000E+0	30,915000E+0	776,501000E+3	12,000000E+0
247	885,000000E+0	18,830000E+0	30,686000E+0	776,667000E+3	12,000000E+0
248	885,000000E+0	18,830000E+0	30,457000E+0	776,835000E+3	12,000000E+0
249	885,000000E+0	18,830000E+0	30,228000E+0	777,003000E+3	12,000000E+0
250	885,000000E+0	18,830000E+0	29,999000E+0	777,171000E+3	12,000000E+0
251	885,000000E+0	18,830000E+0	30,228000E+0	777,336000E+3	12,000000E+0
252	885,000000E+0	18,830000E+0	30,228000E+0	777,506000E+3	12,000000E+0
253	885,000000E+0	18,830000E+0	30,228000E+0	777,672000E+3	12,000000E+0
254	885,000000E+0	18,830000E+0	30,457000E+0	777,840000E+3	12,000000E+0
255	885,000000E+0	18,830000E+0	30,457000E+0	778,007000E+3	12,000000E+0
256	885,000000E+0	18,830000E+0	30,686000E+0	778,174000E+3	12,000000E+0
257	885,000000E+0	18,830000E+0	30,686000E+0	778,338000E+3	12,000000E+0
258	885,000000E+0	18,830000E+0	30,686000E+0	778,506000E+3	12,000000E+0
259	885,000000E+0	18,830000E+0	30,686000E+0	778,671000E+3	12,000000E+0
260	885,000000E+0	18,830000E+0	30,228000E+0	778,838000E+3	12,000000E+0
261	885,000000E+0	18,830000E+0	30,228000E+0	779,005000E+3	12,000000E+0
262	885,000000E+0	18,830000E+0	29,999000E+0	779,171000E+3	12,000000E+0
263	885,000000E+0	18,830000E+0	29,999000E+0	779,338000E+3	12,000000E+0
264	885,000000E+0	18,830000E+0	30,228000E+0	779,504000E+3	12,000000E+0
265	885,000000E+0	18,830000E+0	30,228000E+0	779,673000E+3	12,000000E+0
266	885,000000E+0	18,830000E+0	30,457000E+0	779,838000E+3	12,000000E+0
267	885,000000E+0	18,830000E+0	30,686000E+0	780,006000E+3	12,000000E+0
268	885,000000E+0	18,830000E+0	30,915000E+0	780,174000E+3	12,000000E+0
269	885,000000E+0	18,830000E+0	31,144000E+0	780,341000E+3	12,000000E+0
270	885,000000E+0	18,830000E+0	31,144000E+0	780,509000E+3	12,000000E+0
271	885,000000E+0	18,830000E+0	30,915000E+0	780,675000E+3	12,000000E+0
272	885,000000E+0	18,830000E+0	30,686000E+0	780,842000E+3	12,000000E+0
273	885,000000E+0	18,830000E+0	30,228000E+0	781,009000E+3	12,000000E+0
274	885,000000E+0	18,830000E+0	30,228000E+0	781,175000E+3	12,000000E+0
275	885,000000E+0	18,830000E+0	29,999000E+0	781,343000E+3	12,000000E+0
276	885,000000E+0	18,830000E+0	30,228000E+0	781,512000E+3	12,000000E+0
277	885,000000E+0	18,830000E+0	30,228000E+0	781,678000E+3	12,000000E+0
278	885,000000E+0	18,830000E+0	30,228000E+0	781,845000E+3	12,000000E+0
279	885,000000E+0	18,830000E+0	30,457000E+0	782,012000E+3	12,000000E+0
280	885,000000E+0	18,830000E+0	30,457000E+0	782,179000E+3	12,000000E+0
281	885,000000E+0	18,830000E+0	30,686000E+0	782,347000E+3	12,000000E+0
282	885,000000E+0	18,830000E+0	30,686000E+0	782,512000E+3	12,000000E+0
283	885,000000E+0	18,830000E+0	30,686000E+0	782,678000E+3	12,000000E+0
284	885,000000E+0	18,830000E+0	30,457000E+0	782,844000E+3	12,000000E+0
285	885,000000E+0	18,830000E+0	30,228000E+0	783,011000E+3	12,000000E+0
286	885,000000E+0	18,830000E+0	29,999000E+0	783,176000E+3	12,000000E+0
287	885,000000E+0	18,830000E+0	29,999000E+0	783,343000E+3	12,000000E+0
288	885,000000E+0	18,830000E+0	30,228000E+0	783,511000E+3	12,000000E+0
289	885,000000E+0	18,830000E+0	30,228000E+0	783,677000E+3	12,000000E+0
290	885,000000E+0	18,830000E+0	30,457000E+0	783,845000E+3	12,000000E+0
291	885,000000E+0	18,830000E+0	30,686000E+0	784,010000E+3	12,000000E+0
292	885,000000E+0	18,830000E+0	30,915000E+0	784,220000E+3	12,000000E+0
293	885,000000E+0	18,830000E+0	30,915000E+0	784,387000E+3	12,000000E+0
294	885,000000E+0	18,830000E+0	30,915000E+0	784,554000E+3	12,000000E+0
295	885,000000E+0	18,830000E+0	30,915000E+0	784,721000E+3	12,000000E+0
296	885,000000E+0	18,830000E+0	30,915000E+0	784,888000E+3	12,000000E+0
297	885,000000E+0	18,830000E+0	30,457000E+0	785,056000E+3	12,000000E+0
298	885,000000E+0	18,830000E+0	30,228000E+0	785,223000E+3	12,000000E+0
299	885,000000E+0	18,830000E+0	29,999000E+0	785,389000E+3	12,000000E+0
300	885,000000E+0	18,830000E+0	30,228000E+0	785,560000E+3	12,000000E+0
301	29,952000E+3	4,828550E+3	7,679744E+3	201,145856E+6	3,072000E+3
302	29,952000E+3	4,828550E+3	7,738368E+3	201,188352E+6	3,072000E+3
303	29,952000E+3	4,828550E+3	7,796992E+3	201,231104E+6	3,072000E+3
304	885,000000E+0	18,830000E+0	30,457000E+0	786,225000E+3	12,000000E+0
305	885,000000E+0	18,830000E+0	30,686000E+0	786,393000E+3	12,000000E+0
306	885,000000E+0	18,830000E+0	30,686000E+0	786,558000E+3	12,000000E+0
307	885,000000E+0	18,830000E+0	30,686000E+0	786,726000E+3	12,000000E+0
308	885,000000E+0	18,830000E+0	30,457000E+0	786,891000E+3	12,000000E+0
309	885,000000E+0	18,830000E+0	30,228000E+0	787,059000E+3	12,000000E+0
310	885,000000E+0	18,830000E+0	30,228000E+0	787,224000E+3	12,000000E+0
311	885,000000E+0	18,830000E+0	29,999000E+0	787,391000E+3	12,000000E+0
312	885,000000E+0	18,830000E+0	29,999000E+0	787,558000E+3	12,000000E+0
313	885,000000E+0	18,830000E+0	30,228000E+0	787,725000E+3	12,000000E+0
314	885,000000E+0	18,830000E+0	30,228000E+0	787,892000E+3	12,000000E+0
315	885,000000E+0	18,830000E+0	30,457000E+0	788,059000E+3	12,000000E+0
316	885,000000E+0	18,830000E+0	30,915000E+0	788,226000E+3	12,000000E+0
317	885,000000E+0	18,830000E+0	30,915000E+0	788,393000E+3	12,000000E+0
318	885,000000E+0	18,830000E+0	30,915000E+0	788,560000E+3	12,000000E+0
319	885,000000E+0	18,830000E+0	31,144000E+0	788,728000E+3	12,000000E+0
320	885,000000E+0	18,830000E+0	30,915000E+0	788,895000E+3	12,000000E+0
321	85,000000E+0	2,380650E+3	2,011039E+6	172,294144E+6	1,200000E+0
322	885,000000E+0	18,830000E+0	30,457000E+0	789,231000E+3	12,000000E+0
323	85,000000E+0	2,380650E+3	1,966016E+6	194,248704E+6	1,200000E+0
324	85,000000E+0	2,380650E+3	1,966016E+6	205,324288E+6	1,200000E+0
325	85,000000E+0	2,380650E+3	1,981024E+6	216,268800E+6	1,200000E+0
326	85,000000E+0	2,380650E+3	1,981024E+6	227,147776E+6	1,200000E+0
327	85,000000E+0	2,380650E+3	1,981024E+6	238,157824E+6	1,200000E+0
328	85,000000E+0	2,380650E+3	1,996032E+6	249,102336E+6	1,200000E+0
329	85,000000E+0	2,380650E+3	2,011039E+6	260,112384E+6	1,200000E+0
330	85,000000E+0	2,380650E+3	2,011039E+6	270,991360E+6	1,200000E+0
331	29,952000E+3	4,828550E+3	7,855616E+3	202,427904E+6	3,072000E+3
332	29,952000E+3	4,828550E+3	7,855616E+3	202,470144E+6	3,072000E+3
333	29,952000E+3	4,828550E+3	7,796992E+3	202,512640E+6	3,072000E+3
334	85,000000E+0	2,380650E+3	1,981024E+6	314,572800E+6	1,200000E+0
335	29,952000E+3	4,828550E+3	7,738368E+3	202,597888E+6	3,072000E+3
336	29,952000E+3	4,828550E+3	7,679744E+3	202,640384E+6	3,072000E+3
337	85,000000E+0	2,380650E+3	1,966016E+6	347,144192E+6	1,200000E+0
338	885,000000E+0	18,830000E+0	30,228000E+0	791,897000E+3	12,000000E+0
339	885,000000E+0	18,830000E+0	30,457000E+0	792,065000E+3	12,000000E+0
340	885,000000E+0	18,830000E+0	30,686000E+0	792,232000E+3	12,000000E+0
341	885,000000E+0	18,830000E+0	30,915000E+0	792,402000E+3	12,000000E+0
342	85,000000E+0	2,380650E+3	2,041055E+6	402,128896E+6	1,200000E+0
343	85,000000E+0	2,380650E+3	2,026047E+6	413,073408E+6	1,200000E+0
344	85,000000E+0	2,380650E+3	2,026047E+6	424,017920E+6	1,200000E+0
345	85,000000E+0	2,380650E+3	2,026047E+6	434,765824E+6	1,200000E+0
346	885,000000E+0	18,830000E+0	30,457000E+0	793,235000E+3	12,000000E+0
347	885,000000E+0	18,830000E+0	30,228000E+0	793,402000E+3	12,000000E+0
348	885,000000E+0	18,830000E+0	29,999000E+0	793,568000E+3	12,000000E+0
349	885,000000E+0	18,830000E+0	29,999000E+0	793,735000E+3	12,000000E+0
350	885,000000E+0	18,830000E+0	29,999000E+0	793,904000E+3	12,000000E+0
351	885,000000E+0	18,830000E+0	30,228000E+0	794,069000E+3	12,000000E+0
352	885,000000E+0	21,520000E+0	30,457000E+0	794,238000E+3	12,000000E+0
353	885,000000E+0	21,520000E+0	30,457000E+0	794,404000E+3	12,000000E+0
354	885,000000E+0	21,520000E+0	30,686000E+0	794,573000E+3	12,000000E+0
355	885,000000E+0	18,830000E+0	30,686000E+0	794,737000E+3	12,000000E+0
356	885,000000E+0	18,830000E+0	30,686000E+0	794,904000E+3	12,000000E+0
357	885,000000E+0	18,830000E+0	30,457000E+0	795,070000E+3	12,000000E+0
358	885,000000E+0	18,830000E+0	30,228000E+0	795,237000E+3	12,000000E+0
359	885,000000E+0	18,830000E+0	30,228000E+0	795,402000E+3	12,000000E+0
360	885,000000E+0	18,830000E+0	29,999000E+0	795,570000E+3	12,000000E+0
361	885,000000E+0	18,830000E+0	29,999000E+0	795,736000E+3	12,000000E+0
362	885,000000E+0	18,830000E+0	30,228000E+0	795,904000E+3	12,000000E+0
363	885,000000E+0	18,830000E+0	30,228000E+0	796,071000E+3	12,000000E+0
364	885,000000E+0	18,830000E+0	30,686000E+0	796,237000E+3	12,000000E+0
365	885,000000E+0	18,830000E+0	30,686000E+0	796,406000E+3	12,000000E+0
366	30,000000E+0	228,650000E+0	105,256873E+3	135,000000E+0	1,014200E+3
367	21,760000E+3	80,570880E+3	-461,037485E+6	1,140851E+9	311,200000E+0
368	885,000000E+0	18,830000E+0	30,915000E+0	796,906000E+3	12,000000E+0
369	885,000000E+0	18,830000E+0	30,915000E+0	797,074000E+3	12,000000E+0
370	21,760000E+3	80,570880E+3	-468,721450E+6	1,023410E+9	311,400000E+0
371	885,000000E+0	18,830000E+0	30,457000E+0	797,451000E+3	12,000000E+0
372	885,000000E+0	18,830000E+0	29,999000E+0	797,659000E+3	12,000000E+0
373	885,000000E+0	18,830000E+0	30,228000E+0	797,827000E+3	12,000000E+0
374	885,000000E+0	18,830000E+0	29,999000E+0	797,994000E+3	12,000000E+0
375	885,000000E+0	18,830000E+0	30,228000E+0	798,161000E+3	12,000000E+0
376	885,000000E+0	18,830000E+0	30,457000E+0	798,329000E+3	12,000000E+0
377	885,000000E+0	18,830000E+0	30,457000E+0	798,496000E+3	12,000000E+0
378	885,000000E+0	21,520000E+0	30,686000E+0	798,705000E+3	12,000000E+0
379	885,000000E+0	21,520000E+0	30,686000E+0	798,869000E+3	12,000000E+0
380	885,000000E+0	21,520000E+0	30,686000E+0	799,037000E+3	12,000000E+0
381	885,000000E+0	21,520000E+0	30,457000E+0	799,202000E+3	12,000000E+0
382	885,000000E+0	21,520000E+0	30,228000E+0	799,369000E+3	12,000000E+0
383	885,000000E+0	18,830000E+0	30,228000E+0	799,535000E+3	12,000000E+0
384	885,000000E+0	18,830000E+0	29,999000E+0	799,702000E+3	12,000000E+0
385	885,000000E+0	18,830000E+0	30,228000E+0	799,870000E+3	12,000000E+0
386	885,000000E+0	18,830000E+0	30,228000E+0	800,036000E+3	12,000000E+0
387	885,000000E+0	18,830000E+0	30,228000E+0	800,203000E+3	12,000000E+0
388	885,000000E+0	18,830000E+0	30,457000E+0	800,369000E+3	12,000000E+0
389	885,000000E+0	18,830000E+0	30,915000E+0	800,537000E+3	12,000000E+0
390	885,000000E+0	18,830000E+0	30,915000E+0	800,704000E+3	12,000000E+0
391	885,000000E+0	18,830000E+0	31,144000E+0	800,871000E+3	12,000000E+0
392	885,000000E+0	18,830000E+0	30,915000E+0	801,039000E+3	12,000000E+0
393	885,000000E+0	18,830000E+0	30,686000E+0	801,204000E+3	12,000000E+0
394	885,000000E+0	18,830000E+0	30,457000E+0	801,373000E+3	12,000000E+0
395	885,000000E+0	18,830000E+0	30,457000E+0	801,540000E+3	12,000000E+0
396	885,000000E+0	18,830000E+0	30,228000E+0	801,706000E+3	12,000000E+0
397	885,000000E+0	18,830000E+0	29,999000E+0	801,875000E+3	12,000000E+0
398	885,000000E+0	18,830000E+0	29,999000E+0	802,042000E+3	12,000000E+0
399	885,000000E+0	18,830000E+0	30,228000E+0	802,209000E+3	12,000000E+0
400	885,000000E+0	18,830000E+0	30,228000E+0	802,375000E+3	12,000000E+0
401	885,000000E+0	18,830000E+0	30,457000E+0	802,543000E+3	12,000000E+0
402	885,000000E+0	18,830000E+0	30,686000E+0	802,710000E+3	12,000000E+0
403	885,000000E+0	18,830000E+0	30,686000E+0	802,877000E+3	12,000000E+0
404	885,000000E+0	18,830000E+0	30,686000E+0	803,042000E+3	12,000000E+0
405	885,000000E+0	18,830000E+0	30,686000E+0	803,209000E+3	12,000000E+0
406	885,000000E+0	18,830000E+0	30,228000E+0	803,375000E+3	12,000000E+0
407	885,000000E+0	18,830000E+0	30,228000E+0	803,541000E+3	12,000000E+0
408	885,000000E+0	18,830000E+0	29,999000E+0	803,707000E+3	12,000000E+0
409	885,000000E+0	18,830000E+0	29,999000E+0	803,874000E+3	12,000000E+0
410	885,000000E+0	21,520000E+0	30,228000E+0	804,041000E+3	12,000000E+0
411	885,000000E+0	21,520000E+0	30,228000E+0	804,209000E+3	12,000000E+0
412	885,000000E+0	21,520000E+0	30,457000E+0	804,376000E+3	12,000000E+0
413	885,000000E+0	18,830000E+0	30,686000E+0	804,543000E+3	12,000000E+0
414	885,000000E+0	18,830000E+0	30,915000E+0	804,710000E+3	12,000000E+0
415	885,000000E+0	18,830000E+0	31,144000E+0	804,878000E+3	12,000000E+0
416	885,000000E+0	18,830000E+0	30,915000E+0	805,045000E+3	12,000000E+0
417	885,000000E+0	18,830000E+0	30,915000E+0	805,214000E+3	12,000000E+0
418	885,000000E+0	18,830000E+0	30,686000E+0	805,378000E+3	12,000000E+0
419	885,000000E+0	18,830000E+0	30,457000E+0	805,547000E+3	12,000000E+0
420	885,000000E+0	18,830000E+0	30,228000E+0	805,714000E+3	12,000000E+0
421	885,000000E+0	18,830000E+0	30,228000E+0	805,881000E+3	12,000000E+0
422	885,000000E+0	18,830000E+0	30,228000E+0	806,049000E+3	12,000000E+0
423	885,000000E+0	18,830000E+0	29,999000E+0	806,216000E+3	12,000000E+0
424	885,000000E+0	18,830000E+0	30,228000E+0	806,381000E+3	12,000000E+0
425	885,000000E+0	18,830000E+0	30,457000E+0	806,549000E+3	12,000000E+0
426	885,000000E+0	18,830000E+0	30,457000E+0	806,717000E+3	12,000000E+0
427	885,000000E+0	18,830000E+0	30,686000E+0	806,885000E+3	12,000000E+0
428	885,000000E+0	18,830000E+0	30,686000E+0	807,049000E+3	12,000000E+0
429	885,000000E+0	21,520000E+0	30,686000E+0	807,215000E+3	12,000000E+0
430	885,000000E+0	18,830000E+0	30,457000E+0	807,383000E+3	12,000000E+0
431	885,000000E+0	18,830000E+0	30,228000E+0	807,550000E+3	12,000000E+0
432	885,000000E+0	18,830000E+0	29,999000E+0	807,714000E+3	12,000000E+0
433	885,000000E+0	18,830000E+0	29,999000E+0	807,882000E+3	12,000000E+0
434	885,000000E+0	18,830000E+0	30,228000E+0	808,048000E+3	12,000000E+0
435	885,000000E+0	21,520000E+0	30,228000E+0	808,216000E+3	12,000000E+0
436	885,000000E+0	21,520000E+0	30,228000E+0	808,383000E+3	12,000000E+0
437	885,000000E+0	18,830000E+0	30,686000E+0	808,550000E+3	12,000000E+0
438	885,000000E+0	18,830000E+0	30,686000E+0	808,716000E+3	12,000000E+0
439	885,000000E+0	18,830000E+0	30,915000E+0	808,883000E+3	12,000000E+0
440	885,000000E+0	21,520000E+0	31,144000E+0	809,050000E+3	12,000000E+0
441	885,000000E+0	18,830000E+0	30,915000E+0	809,218000E+3	12,000000E+0
442	885,000000E+0	18,830000E+0	30,915000E+0	809,385000E+3	12,000000E+0
443	885,000000E+0	18,830000E+0	30,686000E+0	809,553000E+3	12,000000E+0
444	885,000000E+0	18,830000E+0	30,228000E+0	809,721000E+3	12,000000E+0
445	885,000000E+0	18,830000E+0	30,228000E+0	809,886000E+3	12,000000E+0
446	885,000000E+0	18,830000E+0	29,999000E+0	810,054000E+3	12,000000E+0
447	885,000000E+0	18,830000E+0	30,228000E+0	810,221000E+3	12,000000E+0
448	885,000000E+0	18,830000E+0	29,999000E+0	810,397000E+3	12,000000E+0
449	885,000000E+0	18,830000E+0	30,457000E+0	810,597000E+3	12,000000E+0
450	29,952000E+3	4,828550E+3	7,796992E+3	207,555840E+6	3,072000E+3
451	885,000000E+0	18,830000E+0	30,686000E+0	810,934000E+3	12,000000E+0
452	885,000000E+0	18,830000E+0	30,686000E+0	811,140000E+3	12,000000E+0
453	885,000000E+0	18,830000E+0	30,686000E+0	811,349000E+3	12,000000E+0
454	885,000000E+0	18,830000E+0	30,457000E+0	811,515000E+3	12,000000E+0
455	885,000000E+0	18,830000E+0	30,228000E+0	811,681000E+3	12,000000E+0
456	885,000000E+0	18,830000E+0	30,228000E+0	811,847000E+3	12,000000E+0
457	885,000000E+0	18,830000E+0	29,999000E+0	812,013000E+3	12,000000E+0
458	885,000000E+0	18,830000E+0	29,999000E+0	812,180000E+3	12,000000E+0
459	885,000000E+0	18,830000E+0	30,228000E+0	812,347000E+3	12,000000E+0
460	885,000000E+0	18,830000E+0	30,228000E+0	812,514000E+3	12,000000E+0
461	885,000000E+0	18,830000E+0	30,686000E+0	812,682000E+3	12,000000E+0
462	885,000000E+0	18,830000E+0	30,915000E+0	812,849000E+3	12,000000E+0
463	885,000000E+0	18,830000E+0	30,915000E+0	813,016000E+3	12,000000E+0
464	885,000000E+0	18,830000E+0	31,144000E+0	813,182000E+3	12,000000E+0
465	885,000000E+0	18,830000E+0	30,915000E+0	813,350000E+3	12,000000E+0
466	885,000000E+0	18,830000E+0	30,686000E+0	813,517000E+3	12,000000E+0
467	885,000000E+0	18,830000E+0	30,457000E+0	813,684000E+3	12,000000E+0
468	885,000000E+0	18,830000E+0	30,228000E+0	813,851000E+3	12,000000E+0
469	885,000000E+0	18,830000E+0	30,228000E+0	814,017000E+3	12,000000E+0
470	885,000000E+0	18,830000E+0	29,999000E+0	814,184000E+3	12,000000E+0
471	885,000000E+0	18,830000E+0	30,228000E+0	814,352000E+3	12,000000E+0
472	885,000000E+0	18,830000E+0	30,228000E+0	814,520000E+3	12,000000E+0
473	885,000000E+0	18,830000E+0	30,228000E+0	814,687000E+3	12,000000E+0
474	885,000000E+0	18,830000E+0	30,457000E+0	814,854000E+3	12,000000E+0
475	885,000000E+0	18,830000E+0	30,686000E+0	815,063000E+3	12,000000E+0
476	885,000000E+0	18,830000E+0	30,686000E+0	815,227000E+3	12,000000E+0
477	885,000000E+0	18,830000E+0	30,686000E+0	815,395000E+3	12,000000E+0
478	885,000000E+0	18,830000E+0	30,457000E+0	815,561000E+3	12,000000E+0
479	885,000000E+0	18,830000E+0	30,228000E+0	815,728000E+3	12,000000E+0
480	885,000000E+0	18,830000E+0	30,228000E+0	815,894000E+3	12,000000E+0
481	885,000000E+0	18,830000E+0	29,999000E+0	816,061000E+3	12,000000E+0
482	885,000000E+0	18,830000E+0	29,999000E+0	816,228000E+3	12,000000E+0
483	885,000000E+0	18,830000E+0	30,228000E+0	816,394000E+3	12,000000E+0
484	885,000000E+0	18,830000E+0	30,457000E+0	816,562000E+3	12,000000E+0
485	885,000000E+0	18,830000E+0	30,686000E+0	816,729000E+3	12,000000E+0
486	885,000000E+0	18,830000E+0	30,686000E+0	816,896000E+3	12,000000E+0
487	885,000000E+0	18,830000E+0	30,915000E+0	817,063000E+3	12,000000E+0
488	885,000000E+0	18,830000E+0	31,144000E+0	817,232000E+3	12,000000E+0
489	885,000000E+0	18,830000E+0	30,915000E+0	817,398000E+3	12,000000E+0
490	885,000000E+0	18,830000E+0	30,915000E+0	817,564000E+3	12,000000E+0
491	885,000000E+0	18,830000E+0	30,686000E+0	817,731000E+3	12,000000E+0
492	885,000000E+0	18,830000E+0	30,228000E+0	817,901000E+3	12,000000E+0
493	885,000000E+0	18,830000E+0	30,228000E+0	818,065000E+3	12,000000E+0
494	885,000000E+0	18,830000E+0	29,999000E+0	818,233000E+3	12,000000E+0
495	885,000000E+0	18,830000E+0	30,228000E+0	818,401000E+3	12,000000E+0
496	885,000000E+0	18,830000E+0	30,228000E+0	818,567000E+3	12,000000E+0
497	885,000000E+0	18,830000E+0	30,228000E+0	818,735000E+3	12,000000E+0
498	885,000000E+0	18,830000E+0	30,457000E+0	818,902000E+3	12,000000E+0
499	885,000000E+0	18,830000E+0	30,686000E+0	819,069000E+3	12,000000E+0
500	885,000000E+0	18,830000E+0	30,686000E+0	819,236000E+3	12,000000E+0
501	885,000000E+0	18,830000E+0	30,686000E+0	819,403000E+3	12,000000E+0
502	885,000000E+0	18,830000E+0	30,457000E+0	819,567000E+3	12,000000E+0
503	885,000000E+0	18,830000E+0	30,457000E+0	819,735000E+3	12,000000E+0
504	885,000000E+0	18,830000E+0	30,228000E+0	819,901000E+3	12,000000E+0
505	885,000000E+0	18,830000E+0	30,228000E+0	820,066000E+3	12,000000E+0
506	885,000000E+0	18,830000E+0	30,228000E+0	820,233000E+3	12,000000E+0
507	885,000000E+0	18,830000E+0	30,228000E+0	820,401000E+3	12,000000E+0
508	885,000000E+0	18,830000E+0	30,228000E+0	820,567000E+3	12,000000E+0
509	885,000000E+0	18,830000E+0	30,457000E+0	820,735000E+3	12,000000E+0
510	885,000000E+0	18,830000E+0	30,686000E+0	820,902000E+3	12,000000E+0
511	885,000000E+0	18,830000E+0	30,915000E+0	821,069000E+3	12,000000E+0
512	885,000000E+0	18,830000E+0	30,915000E+0	821,237000E+3	12,000000E+0
513	885,000000E+0	18,830000E+0	31,144000E+0	821,404000E+3	12,000000E+0
514	885,000000E+0	18,830000E+0	30,915000E+0	821,571000E+3	12,000000E+0
515	885,000000E+0	18,830000E+0	30,686000E+0	821,737000E+3	12,000000E+0
516	885,000000E+0	18,830000E+0	30,686000E+0	821,905000E+3	12,000000E+0
517	885,000000E+0	18,830000E+0	30,228000E+0	822,072000E+3	12,000000E+0
518	885,000000E+0	18,830000E+0	29,999000E+0	822,238000E+3	12,000000E+0
519	885,000000E+0	18,830000E+0	30,228000E+0	822,406000E+3	12,000000E+0
520	885,000000E+0	18,830000E+0	29,999000E+0	822,573000E+3	12,000000E+0
521	885,000000E+0	18,830000E+0	30,228000E+0	822,739000E+3	12,000000E+0
522	885,000000E+0	18,830000E+0	30,457000E+0	822,907000E+3	12,000000E+0
523	885,000000E+0	18,830000E+0	30,686000E+0	823,074000E+3	12,000000E+0
524	885,000000E+0	18,830000E+0	30,686000E+0	823,242000E+3	12,000000E+0
525	885,000000E+0	18,830000E+0	30,686000E+0	823,408000E+3	12,000000E+0
526	885,000000E+0	18,830000E+0	30,686000E+0	823,574000E+3	12,000000E+0
527	885,000000E+0	18,830000E+0	30,457000E+0	823,739000E+3	12,000000E+0
528	885,000000E+0	18,830000E+0	30,228000E+0	823,908000E+3	12,000000E+0
529	885,000000E+0	18,830000E+0	30,228000E+0	824,072000E+3	12,000000E+0
530	885,000000E+0	18,830000E+0	29,999000E+0	824,239000E+3	12,000000E+0
531	885,000000E+0	18,830000E+0	30,228000E+0	824,405000E+3	12,000000E+0
532	885,000000E+0	18,830000E+0	30,228000E+0	824,573000E+3	12,000000E+0
533	885,000000E+0	18,830000E+0	30,228000E+0	824,741000E+3	12,000000E+0
534	885,000000E+0	18,830000E+0	30,457000E+0	824,907000E+3	12,000000E+0
535	885,000000E+0	18,830000E+0	30,686000E+0	825,074000E+3	12,000000E+0
536	885,000000E+0	18,830000E+0	30,915000E+0	825,243000E+3	12,000000E+0
537	885,000000E+0	18,830000E+0	30,915000E+0	825,410000E+3	12,000000E+0
538	885,000000E+0	18,830000E+0	31,144000E+0	825,577000E+3	12,000000E+0
539	885,000000E+0	18,830000E+0	30,915000E+0	825,743000E+3	12,000000E+0
540	885,000000E+0	18,830000E+0	30,457000E+0	825,910000E+3	12,000000E+0
541	885,000000E+0	18,830000E+0	30,457000E+0	826,078000E+3	12,000000E+0
542	885,000000E+0	18,830000E+0	30,228000E+0	826,244000E+3	12,000000E+0
543	885,000000E+0	18,830000E+0	29,999000E+0	826,412000E+3	12,000000E+0
544	885,000000E+0	18,830000E+0	30,228000E+0	826,579000E+3	12,000000E+0
545	885,000000E+0	18,830000E+0	29,999000E+0	826,745000E+3	12,000000E+0
546	885,000000E+0	18,830000E+0	30,228000E+0	826,913000E+3	12,000000E+0
547	885,000000E+0	18,830000E+0	30,457000E+0	827,081000E+3	12,000000E+0
548	885,000000E+0	18,830000E+0	30,686000E+0	827,247000E+3	12,000000E+0
549	885,000000E+0	18,830000E+0	30,686000E+0	827,416000E+3	12,000000E+0
550	885,000000E+0	18,830000E+0	30,686000E+0	827,581000E+3	12,000000E+0
551	885,000000E+0	18,830000E+0	30,686000E+0	827,746000E+3	12,000000E+0
552	885,000000E+0	18,830000E+0	30,457000E+0	827,912000E+3	12,000000E+0
553	885,000000E+0	18,830000E+0	30,228000E+0	828,079000E+3	12,000000E+0
554	885,000000E+0	18,830000E+0	30,228000E+0	828,244000E+3	12,000000E+0
555	885,000000E+0	18,830000E+0	29,999000E+0	828,410000E+3	12,000000E+0
556	885,000000E+0	18,830000E+0	30,228000E+0	828,579000E+3	12,000000E+0
557	885,000000E+0	18,830000E+0	30,228000E+0	828,746000E+3	12,000000E+0
558	885,000000E+0	18,830000E+0	30,228000E+0	828,913000E+3	12,000000E+0
559	885,000000E+0	18,830000E+0	30,457000E+0	829,080000E+3	12,000000E+0
560	885,000000E+0	18,830000E+0	30,686000E+0	829,247000E+3	12,000000E+0
561	885,000000E+0	18,830000E+0	31,144000E+0	829,414000E+3	12,000000E+0
562	885,000000E+0	18,830000E+0	31,144000E+0	829,582000E+3	12,000000E+0
563	885,000000E+0	18,830000E+0	30,915000E+0	829,749000E+3	12,000000E+0
564	885,000000E+0	18,830000E+0	30,915000E+0	829,915000E+3	12,000000E+0
565	885,000000E+0	18,830000E+0	30,457000E+0	830,082000E+3	12,000000E+0
566	885,000000E+0	18,830000E+0	30,228000E+0	830,248000E+3	12,000000E+0
567	885,000000E+0	18,830000E+0	30,228000E+0	830,415000E+3	12,000000E+0
568	885,000000E+0	18,830000E+0	29,999000E+0	830,582000E+3	12,000000E+0
569	885,000000E+0	18,830000E+0	30,228000E+0	830,750000E+3	12,000000E+0
570	885,000000E+0	18,830000E+0	30,228000E+0	830,917000E+3	12,000000E+0
571	885,000000E+0	18,830000E+0	30,228000E+0	831,084000E+3	12,000000E+0
572	885,000000E+0	18,830000E+0	30,457000E+0	831,251000E+3	12,000000E+0
573	885,000000E+0	18,830000E+0	30,686000E+0	831,418000E+3	12,000000E+0
574	885,000000E+0	18,830000E+0	30,686000E+0	831,583000E+3	12,000000E+0
575	885,000000E+0	18,830000E+0	30,686000E+0	831,750000E+3	12,000000E+0
576	885,000000E+0	18,830000E+0	30,686000E+0	831,915000E+3	12,000000E+0
577	885,000000E+0	18,830000E+0	30,457000E+0	832,082000E+3	12,000000E+0
578	885,000000E+0	18,830000E+0	29,999000E+0	832,248000E+3	12,000000E+0
579	885,000000E+0	18,830000E+0	29,999000E+0	832,415000E+3	12,000000E+0
580	885,000000E+0	18,830000E+0	30,228000E+0	832,582000E+3	12,000000E+0
581	885,000000E+0	18,830000E+0	30,228000E+0	832,749000E+3	12,000000E+0
582	885,000000E+0	18,830000E+0	30,228000E+0	832,916000E+3	12,000000E+0
583	885,000000E+0	18,830000E+0	30,457000E+0	833,083000E+3	12,000000E+0
584	885,000000E+0	18,830000E+0	30,686000E+0	833,250000E+3	12,000000E+0
585	885,000000E+0	18,830000E+0	30,915000E+0	833,418000E+3	12,000000E+0
586	885,000000E+0	18,830000E+0	31,144000E+0	833,585000E+3	12,000000E+0
587	885,000000E+0	18,830000E+0	31,144000E+0	833,752000E+3	12,000000E+0
588	885,000000E+0	18,830000E+0	30,915000E+0	833,919000E+3	12,000000E+0
589	885,000000E+0	18,830000E+0	30,686000E+0	834,086000E+3	12,000000E+0
590	885,000000E+0	18,830000E+0	30,457000E+0	834,253000E+3	12,000000E+0
591	885,000000E+0	18,830000E+0	30,228000E+0	834,419000E+3	12,000000E+0
592	885,000000E+0	18,830000E+0	30,228000E+0	834,587000E+3	12,000000E+0
593	885,000000E+0	18,830000E+0	30,228000E+0	834,755000E+3	12,000000E+0
594	885,000000E+0	18,830000E+0	29,999000E+0	834,922000E+3	12,000000E+0
595	885,000000E+0	18,830000E+0	30,228000E+0	835,090000E+3	12,000000E+0
596	885,000000E+0	18,830000E+0	30,457000E+0	835,256000E+3	12,000000E+0
597	885,000000E+0	18,830000E+0	30,686000E+0	835,424000E+3	12,000000E+0
598	885,000000E+0	18,830000E+0	30,457000E+0	835,591000E+3	12,000000E+0
599	885,000000E+0	18,830000E+0	30,686000E+0	835,754000E+3	12,000000E+0
600	885,000000E+0	18,830000E+0	30,686000E+0	835,922000E+3	12,000000E+0
601	885,000000E+0	18,830000E+0	30,457000E+0	836,089000E+3	12,000000E+0
602	885,000000E+0	18,830000E+0	30,457000E+0	836,256000E+3	12,000000E+0
603	885,000000E+0	18,830000E+0	29,999000E+0	836,421000E+3	12,000000E+0
604	885,000000E+0	18,830000E+0	29,770000E+0	836,586000E+3	12,000000E+0
605	885,000000E+0	18,830000E+0	30,228000E+0	836,754000E+3	12,000000E+0
606	885,000000E+0	18,830000E+0	30,228000E+0	836,920000E+3	12,000000E+0
607	885,000000E+0	18,830000E+0	30,228000E+0	837,087000E+3	12,000000E+0
608	885,000000E+0	18,830000E+0	30,686000E+0	837,255000E+3	12,000000E+0
609	885,000000E+0	18,830000E+0	30,915000E+0	837,422000E+3	12,000000E+0
610	885,000000E+0	18,830000E+0	30,915000E+0	837,590000E+3	12,000000E+0
611	885,000000E+0	18,830000E+0	30,915000E+0	837,756000E+3	12,000000E+0
612	885,000000E+0	18,830000E+0	30,915000E+0	837,926000E+3	12,000000E+0
613	885,000000E+0	18,830000E+0	30,686000E+0	838,090000E+3	12,000000E+0
614	885,000000E+0	18,830000E+0	30,457000E+0	838,258000E+3	12,000000E+0
615	885,000000E+0	18,830000E+0	30,457000E+0	838,427000E+3	12,000000E+0
616	885,000000E+0	18,830000E+0	30,228000E+0	838,593000E+3	12,000000E+0
617	885,000000E+0	18,830000E+0	29,999000E+0	838,760000E+3	12,000000E+0
618	885,000000E+0	18,830000E+0	30,228000E+0	838,927000E+3	12,000000E+0
619	885,000000E+0	18,830000E+0	30,228000E+0	839,095000E+3	12,000000E+0
620	885,000000E+0	18,830000E+0	30,228000E+0	839,262000E+3	12,000000E+0
621	885,000000E+0	18,830000E+0	30,457000E+0	839,429000E+3	12,000000E+0
622	885,000000E+0	18,830000E+0	30,686000E+0	839,596000E+3	12,000000E+0
623	885,000000E+0	18,830000E+0	30,686000E+0	839,761000E+3	12,000000E+0
624	885,000000E+0	18,830000E+0	30,686000E+0	839,928000E+3	12,000000E+0
625	885,000000E+0	18,830000E+0	30,686000E+0	840,094000E+3	12,000000E+0
626	885,000000E+0	18,830000E+0	30,228000E+0	840,260000E+3	12,000000E+0
627	885,000000E+0	18,830000E+0	30,228000E+0	840,427000E+3	12,000000E+0
628	885,000000E+0	18,830000E+0	30,228000E+0	840,594000E+3	12,000000E+0
629	885,000000E+0	18,830000E+0	29,999000E+0	840,760000E+3	12,000000E+0
630	885,000000E+0	18,830000E+0	29,999000E+0	840,926000E+3	12,000000E+0
631	885,000000E+0	18,830000E+0	30,228000E+0	841,095000E+3	12,000000E+0
632	885,000000E+0	18,830000E+0	30,457000E+0	841,260000E+3	12,000000E+0
633	885,000000E+0	18,830000E+0	30,686000E+0	841,429000E+3	12,000000E+0
634	885,000000E+0	18,830000E+0	30,915000E+0	841,596000E+3	12,000000E+0
635	885,000000E+0	18,830000E+0	30,915000E+0	841,763000E+3	12,000000E+0
636	885,000000E+0	18,830000E+0	30,915000E+0	841,930000E+3	12,000000E+0
637	885,000000E+0	18,830000E+0	30,915000E+0	842,096000E+3	12,000000E+0
638	885,000000E+0	18,830000E+0	30,686000E+0	842,262000E+3	12,000000E+0
639	885,000000E+0	18,830000E+0	30,457000E+0	842,431000E+3	12,000000E+0
640	885,000000E+0	18,830000E+0	30,228000E+0	842,596000E+3	12,000000E+0
641	885,000000E+0	18,830000E+0	30,228000E+0	842,765000E+3	12,000000E+0
642	885,000000E+0	18,830000E+0	30,228000E+0	842,934000E+3	12,000000E+0
643	885,000000E+0	18,830000E+0	30,228000E+0	843,100000E+3	12,000000E+0
644	885,000000E+0	18,830000E+0	30,228000E+0	843,268000E+3	12,000000E+0
645	885,000000E+0	18,830000E+0	30,228000E+0	843,434000E+3	12,000000E+0
646	885,000000E+0	18,830000E+0	30,457000E+0	843,601000E+3	12,000000E+0
647	885,000000E+0	18,830000E+0	30,686000E+0	843,769000E+3	12,000000E+0
648	885,000000E+0	18,830000E+0	30,686000E+0	843,933000E+3	12,000000E+0
649	885,000000E+0	18,830000E+0	30,457000E+0	844,101000E+3	12,000000E+0
650	885,000000E+0	18,830000E+0	30,457000E+0	844,267000E+3	12,000000E+0
651	885,000000E+0	18,830000E+0	30,228000E+0	844,433000E+3	12,000000E+0
652	885,000000E+0	18,830000E+0	29,999000E+0	844,598000E+3	12,000000E+0
653	885,000000E+0	18,830000E+0	29,999000E+0	844,765000E+3	12,000000E+0
654	885,000000E+0	18,830000E+0	30,228000E+0	844,932000E+3	12,000000E+0
655	885,000000E+0	18,830000E+0	30,228000E+0	845,099000E+3	12,000000E+0
656	885,000000E+0	18,830000E+0	30,228000E+0	845,265000E+3	12,000000E+0
657	885,000000E+0	18,830000E+0	30,686000E+0	845,432000E+3	12,000000E+0
658	885,000000E+0	18,830000E+0	30,915000E+0	845,600000E+3	12,000000E+0
659	885,000000E+0	18,830000E+0	30,915000E+0	845,768000E+3	12,000000E+0
660	885,000000E+0	18,830000E+0	31,144000E+0	845,935000E+3	12,000000E+0
661	885,000000E+0	18,830000E+0	30,915000E+0	846,102000E+3	12,000000E+0
662	885,000000E+0	18,830000E+0	30,686000E+0	846,268000E+3	12,000000E+0
663	885,000000E+0	18,830000E+0	30,686000E+0	846,436000E+3	12,000000E+0
664	885,000000E+0	18,830000E+0	30,457000E+0	846,603000E+3	12,000000E+0
665	885,000000E+0	18,830000E+0	30,228000E+0	846,770000E+3	12,000000E+0
666	885,000000E+0	18,830000E+0	30,228000E+0	846,938000E+3	12,000000E+0
667	885,000000E+0	18,830000E+0	29,999000E+0	847,105000E+3	12,000000E+0
668	885,000000E+0	18,830000E+0	29,999000E+0	847,272000E+3	12,000000E+0
669	885,000000E+0	18,830000E+0	30,228000E+0	847,439000E+3	12,000000E+0
670	885,000000E+0	18,830000E+0	30,457000E+0	847,606000E+3	12,000000E+0
671	885,000000E+0	18,830000E+0	30,686000E+0	847,772000E+3	12,000000E+0
672	885,000000E+0	18,830000E+0	30,686000E+0	847,938000E+3	12,000000E+0
673	885,000000E+0	18,830000E+0	30,686000E+0	848,106000E+3	12,000000E+0
674	885,000000E+0	18,830000E+0	30,457000E+0	848,272000E+3	12,000000E+0
675	885,000000E+0	18,830000E+0	30,228000E+0	848,437000E+3	12,000000E+0
676	885,000000E+0	18,830000E+0	30,228000E+0	848,604000E+3	12,000000E+0
677	885,000000E+0	18,830000E+0	29,999000E+0	848,771000E+3	12,000000E+0
678	885,000000E+0	18,830000E+0	29,999000E+0	848,937000E+3	12,000000E+0
679	885,000000E+0	18,830000E+0	30,228000E+0	849,104000E+3	12,000000E+0
680	885,000000E+0	18,830000E+0	30,228000E+0	849,272000E+3	12,000000E+0
681	885,000000E+0	18,830000E+0	30,457000E+0	849,438000E+3	12,000000E+0
682	885,000000E+0	18,830000E+0	30,686000E+0	849,606000E+3	12,000000E+0
683	885,000000E+0	18,830000E+0	30,915000E+0	849,773000E+3	12,000000E+0
684	885,000000E+0	18,830000E+0	31,144000E+0	849,941000E+3	12,000000E+0
685	885,000000E+0	18,830000E+0	31,144000E+0	850,108000E+3	12,000000E+0
686	885,000000E+0	18,830000E+0	30,915000E+0	850,273000E+3	12,000000E+0
687	885,000000E+0	18,830000E+0	30,686000E+0	850,440000E+3	12,000000E+0
688	885,000000E+0	18,830000E+0	30,457000E+0	850,608000E+3	12,000000E+0
689	885,000000E+0	18,830000E+0	30,457000E+0	850,776000E+3	12,000000E+0
690	885,000000E+0	18,830000E+0	30,228000E+0	850,943000E+3	12,000000E+0
691	885,000000E+0	18,830000E+0	29,999000E+0	851,110000E+3	12,000000E+0
692	885,000000E+0	18,830000E+0	29,999000E+0	851,277000E+3	12,000000E+0
693	885,000000E+0	18,830000E+0	30,228000E+0	851,445000E+3	12,000000E+0
694	885,000000E+0	18,830000E+0	30,457000E+0	851,611000E+3	12,000000E+0
695	885,000000E+0	18,830000E+0	30,686000E+0	851,777000E+3	12,000000E+0
696	885,000000E+0	18,830000E+0	30,686000E+0	851,945000E+3	12,000000E+0
697	885,000000E+0	18,830000E+0	30,686000E+0	852,109000E+3	12,000000E+0
698	885,000000E+0	18,830000E+0	30,686000E+0	852,277000E+3	12,000000E+0
699	885,000000E+0	18,830000E+0	30,457000E+0	852,442000E+3	12,000000E+0
700	885,000000E+0	18,830000E+0	30,228000E+0	852,610000E+3	12,000000E+0
701	885,000000E+0	18,830000E+0	29,999000E+0	852,775000E+3	12,000000E+0
702	885,000000E+0	18,830000E+0	29,999000E+0	852,942000E+3	12,000000E+0
703	885,000000E+0	18,830000E+0	30,228000E+0	853,109000E+3	12,000000E+0
704	885,000000E+0	18,830000E+0	30,228000E+0	853,276000E+3	12,000000E+0
705	885,000000E+0	18,830000E+0	30,457000E+0	853,443000E+3	12,000000E+0
706	885,000000E+0	18,830000E+0	30,457000E+0	853,610000E+3	12,000000E+0
707	885,000000E+0	18,830000E+0	30,686000E+0	853,776000E+3	12,000000E+0
708	885,000000E+0	18,830000E+0	30,915000E+0	853,945000E+3	12,000000E+0
709	885,000000E+0	18,830000E+0	30,915000E+0	854,112000E+3	12,000000E+0
710	885,000000E+0	18,830000E+0	30,915000E+0	854,279000E+3	12,000000E+0
711	885,000000E+0	18,830000E+0	30,915000E+0	854,445000E+3	12,000000E+0
712	885,000000E+0	18,830000E+0	30,686000E+0	854,613000E+3	12,000000E+0
713	885,000000E+0	18,830000E+0	30,457000E+0	854,781000E+3	12,000000E+0
714	885,000000E+0	18,830000E+0	30,228000E+0	854,946000E+3	12,000000E+0
715	885,000000E+0	18,830000E+0	30,228000E+0	855,115000E+3	12,000000E+0
716	885,000000E+0	18,830000E+0	29,999000E+0	855,281000E+3	12,000000E+0
717	885,000000E+0	18,830000E+0	29,999000E+0	855,447000E+3	12,000000E+0
718	885,000000E+0	18,830000E+0	30,228000E+0	855,615000E+3	12,000000E+0
719	885,000000E+0	18,830000E+0	30,457000E+0	855,782000E+3	12,000000E+0
720	885,000000E+0	18,830000E+0	30,686000E+0	855,951000E+3	12,000000E+0
721	885,000000E+0	18,830000E+0	30,686000E+0	856,117000E+3	12,000000E+0
722	885,000000E+0	18,830000E+0	30,686000E+0	856,284000E+3	12,000000E+0
723	885,000000E+0	18,830000E+0	30,686000E+0	856,450000E+3	12,000000E+0
724	885,000000E+0	18,830000E+0	30,457000E+0	856,616000E+3	12,000000E+0
725	885,000000E+0	18,830000E+0	30,228000E+0	856,782000E+3	12,000000E+0
726	885,000000E+0	18,830000E+0	29,999000E+0	856,947000E+3	12,000000E+0
727	885,000000E+0	18,830000E+0	29,999000E+0	857,114000E+3	12,000000E+0
728	885,000000E+0	18,830000E+0	30,228000E+0	857,281000E+3	12,000000E+0
729	885,000000E+0	18,830000E+0	30,228000E+0	857,449000E+3	12,000000E+0
730	885,000000E+0	18,830000E+0	30,457000E+0	857,617000E+3	12,000000E+0
731	885,000000E+0	18,830000E+0	30,686000E+0	857,784000E+3	12,000000E+0
732	885,000000E+0	18,830000E+0	30,686000E+0	857,950000E+3	12,000000E+0
733	885,000000E+0	18,830000E+0	30,915000E+0	858,117000E+3	12,000000E+0
734	885,000000E+0	18,830000E+0	30,915000E+0	858,284000E+3	12,000000E+0
735	885,000000E+0	18,830000E+0	30,915000E+0	858,450000E+3	12,000000E+0
736	885,000000E+0	18,830000E+0	30,915000E+0	858,615000E+3	12,000000E+0
737	885,000000E+0	18,830000E+0	30,457000E+0	858,784000E+3	12,000000E+0
738	885,000000E+0	18,830000E+0	30,228000E+0	858,952000E+3	12,000000E+0
739	885,000000E+0	18,830000E+0	29,999000E+0	859,119000E+3	12,000000E+0
740	885,000000E+0	18,830000E+0	30,228000E+0	859,286000E+3	12,000000E+0
741	885,000000E+0	18,830000E+0	29,999000E+0	859,455000E+3	12,000000E+0
742	885,000000E+0	18,830000E+0	29,999000E+0	859,621000E+3	12,000000E+0
743	885,000000E+0	18,830000E+0	30,457000E+0	859,788000E+3	12,000000E+0
744	885,000000E+0	18,830000E+0	30,457000E+0	859,955000E+3	12,000000E+0
745	885,000000E+0	18,830000E+0	30,686000E+0	860,123000E+3	12,000000E+0
746	885,000000E+0	18,830000E+0	30,686000E+0	860,285000E+3	12,000000E+0
747	885,000000E+0	18,830000E+0	30,686000E+0	860,454000E+3	12,000000E+0
748	885,000000E+0	18,830000E+0	30,457000E+0	860,619000E+3	12,000000E+0
749	885,000000E+0	18,830000E+0	30,228000E+0	860,787000E+3	12,000000E+0
750	885,000000E+0	18,830000E+0	30,228000E+0	860,952000E+3	12,000000E+0
751	885,000000E+0	18,830000E+0	29,999000E+0	861,119000E+3	12,000000E+0
752	885,000000E+0	18,830000E+0	29,999000E+0	861,286000E+3	12,000000E+0
753	885,000000E+0	18,830000E+0	30,228000E+0	861,453000E+3	12,000000E+0
754	885,000000E+0	18,830000E+0	30,457000E+0	861,621000E+3	12,000000E+0
755	885,000000E+0	18,830000E+0	30,457000E+0	861,787000E+3	12,000000E+0
756	885,000000E+0	18,830000E+0	30,915000E+0	861,954000E+3	12,000000E+0
757	885,000000E+0	18,830000E+0	30,915000E+0	862,122000E+3	12,000000E+0
758	885,000000E+0	18,830000E+0	30,915000E+0	862,288000E+3	12,000000E+0
759	885,000000E+0	18,830000E+0	31,144000E+0	862,456000E+3	12,000000E+0
760	885,000000E+0	18,830000E+0	30,915000E+0	862,622000E+3	12,000000E+0
761	885,000000E+0	18,830000E+0	30,686000E+0	862,790000E+3	12,000000E+0
762	885,000000E+0	18,830000E+0	30,228000E+0	862,959000E+3	12,000000E+0
763	885,000000E+0	18,830000E+0	29,999000E+0	863,123000E+3	12,000000E+0
764	885,000000E+0	18,830000E+0	29,999000E+0	863,292000E+3	12,000000E+0
765	885,000000E+0	18,830000E+0	30,228000E+0	863,459000E+3	12,000000E+0
766	885,000000E+0	18,830000E+0	30,228000E+0	863,625000E+3	12,000000E+0
767	885,000000E+0	18,830000E+0	30,228000E+0	863,793000E+3	12,000000E+0
768	885,000000E+0	18,830000E+0	30,457000E+0	863,960000E+3	12,000000E+0
769	885,000000E+0	18,830000E+0	30,686000E+0	864,127000E+3	12,000000E+0
770	885,000000E+0	18,830000E+0	30,686000E+0	864,293000E+3	12,000000E+0
771	885,000000E+0	18,830000E+0	30,686000E+0	864,462000E+3	12,000000E+0
772	885,000000E+0	18,830000E+0	30,686000E+0	864,626000E+3	12,000000E+0
773	885,000000E+0	18,830000E+0	30,457000E+0	864,792000E+3	12,000000E+0
774	885,000000E+0	18,830000E+0	30,228000E+0	864,959000E+3	12,000000E+0
775	885,000000E+0	18,830000E+0	30,228000E+0	865,125000E+3	12,000000E+0
776	885,000000E+0	18,830000E+0	29,999000E+0	865,291000E+3	12,000000E+0
777	885,000000E+0	18,830000E+0	30,228000E+0	865,458000E+3	12,000000E+0
778	885,000000E+0	18,830000E+0	30,228000E+0	865,626000E+3	12,000000E+0
779	885,000000E+0	18,830000E+0	30,457000E+0	865,794000E+3	12,000000E+0
780	885,000000E+0	18,830000E+0	30,686000E+0	865,961000E+3	12,000000E+0
781	885,000000E+0	18,830000E+0	30,915000E+0	866,129000E+3	12,000000E+0
782	885,000000E+0	18,830000E+0	31,144000E+0	866,296000E+3	12,000000E+0
783	885,000000E+0	18,830000E+0	30,915000E+0	866,463000E+3	12,000000E+0
784	885,000000E+0	18,830000E+0	30,915000E+0	866,630000E+3	12,000000E+0
785	885,000000E+0	18,830000E+0	30,915000E+0	866,796000E+3	12,000000E+0
786	885,000000E+0	18,830000E+0	30,457000E+0	866,966000E+3	12,000000E+0
787	885,000000E+0	18,830000E+0	30,228000E+0	867,131000E+3	12,000000E+0
788	885,000000E+0	18,830000E+0	29,999000E+0	867,300000E+3	12,000000E+0
789	885,000000E+0	18,830000E+0	29,999000E+0	867,466000E+3	12,000000E+0
790	885,000000E+0	18,830000E+0	29,999000E+0	867,634000E+3	12,000000E+0
791	885,000000E+0	18,830000E+0	30,228000E+0	867,800000E+3	12,000000E+0
792	885,000000E+0	18,830000E+0	30,457000E+0	867,968000E+3	12,000000E+0
793	885,000000E+0	18,830000E+0	30,457000E+0	868,135000E+3	12,000000E+0
794	885,000000E+0	18,830000E+0	30,915000E+0	868,304000E+3	12,000000E+0
795	885,000000E+0	18,830000E+0	30,686000E+0	868,468000E+3	12,000000E+0
796	885,000000E+0	18,830000E+0	30,686000E+0	868,635000E+3	12,000000E+0
797	885,000000E+0	18,830000E+0	30,457000E+0	868,801000E+3	12,000000E+0
798	885,000000E+0	18,830000E+0	30,228000E+0	868,968000E+3	12,000000E+0
799	885,000000E+0	18,830000E+0	30,228000E+0	869,132000E+3	12,000000E+0
800	885,000000E+0	18,830000E+0	29,999000E+0	869,301000E+3	12,000000E+0
801	885,000000E+0	18,830000E+0	30,228000E+0	869,467000E+3	12,000000E+0
802	885,000000E+0	18,830000E+0	30,228000E+0	869,635000E+3	12,000000E+0
803	885,000000E+0	18,830000E+0	30,228000E+0	869,802000E+3	12,000000E+0
804	885,000000E+0	18,830000E+0	30,686000E+0	869,969000E+3	12,000000E+0
805	885,000000E+0	18,830000E+0	30,915000E+0	870,136000E+3	12,000000E+0
806	885,000000E+0	18,830000E+0	30,915000E+0	870,304000E+3	12,000000E+0
807	885,000000E+0	18,830000E+0	31,144000E+0	870,473000E+3	12,000000E+0
808	885,000000E+0	16,140000E+0	30,915000E+0	870,640000E+3	12,000000E+0
809	885,000000E+0	16,140000E+0	30,915000E+0	870,806000E+3	12,000000E+0
810	885,000000E+0	16,140000E+0	30,915000E+0	870,975000E+3	12,000000E+0
811	885,000000E+0	16,140000E+0	30,457000E+0	871,143000E+3	12,000000E+0
812	885,000000E+0	16,140000E+0	29,999000E+0	871,308000E+3	12,000000E+0
813	885,000000E+0	16,140000E+0	29,999000E+0	871,477000E+3	12,000000E+0
814	885,000000E+0	16,140000E+0	29,999000E+0	871,644000E+3	12,000000E+0
815	885,000000E+0	16,140000E+0	30,228000E+0	871,810000E+3	12,000000E+0
816	885,000000E+0	16,140000E+0	30,228000E+0	871,979000E+3	12,000000E+0
817	885,000000E+0	18,830000E+0	30,686000E+0	872,147000E+3	12,000000E+0
818	885,000000E+0	18,830000E+0	30,686000E+0	872,314000E+3	12,000000E+0
819	885,000000E+0	18,830000E+0	30,686000E+0	872,481000E+3	12,000000E+0
820	885,000000E+0	18,830000E+0	30,915000E+0	872,648000E+3	12,000000E+0
821	885,000000E+0	18,830000E+0	30,686000E+0	872,813000E+3	12,000000E+0
822	885,000000E+0	18,830000E+0	30,228000E+0	872,979000E+3	12,000000E+0
823	885,000000E+0	18,830000E+0	30,457000E+0	873,147000E+3	12,000000E+0
824	885,000000E+0	18,830000E+0	30,228000E+0	873,312000E+3	12,000000E+0
825	885,000000E+0	18,830000E+0	29,999000E+0	873,479000E+3	12,000000E+0
826	885,000000E+0	18,830000E+0	30,228000E+0	873,648000E+3	12,000000E+0
827	885,000000E+0	18,830000E+0	30,228000E+0	873,813000E+3	12,000000E+0
828	885,000000E+0	16,140000E+0	30,457000E+0	873,982000E+3	12,000000E+0
829	885,000000E+0	16,140000E+0	30,686000E+0	874,149000E+3	12,000000E+0
830	885,000000E+0	16,140000E+0	30,915000E+0	874,316000E+3	12,000000E+0
831	885,000000E+0	16,140000E+0	31,144000E+0	874,484000E+3	12,000000E+0
832	885,000000E+0	16,140000E+0	31,144000E+0	874,651000E+3	12,000000E+0
833	885,000000E+0	16,140000E+0	31,144000E+0	874,819000E+3	12,000000E+0
834	885,000000E+0	16,140000E+0	30,686000E+0	874,984000E+3	12,000000E+0
835	885,000000E+0	16,140000E+0	30,457000E+0	875,155000E+3	12,000000E+0
836	885,000000E+0	16,140000E+0	30,457000E+0	875,321000E+3	12,000000E+0
837	885,000000E+0	18,830000E+0	29,999000E+0	875,488000E+3	12,000000E+0
838	885,000000E+0	16,140000E+0	29,999000E+0	875,654000E+3	12,000000E+0
839	885,000000E+0	16,140000E+0	30,228000E+0	875,823000E+3	12,000000E+0
840	885,000000E+0	16,140000E+0	30,228000E+0	875,989000E+3	12,000000E+0
841	885,000000E+0	16,140000E+0	30,457000E+0	876,158000E+3	12,000000E+0
842	885,000000E+0	16,140000E+0	30,686000E+0	876,324000E+3	12,000000E+0
843	885,000000E+0	18,830000E+0	30,915000E+0	876,493000E+3	12,000000E+0
844	885,000000E+0	18,830000E+0	30,686000E+0	876,657000E+3	12,000000E+0
845	885,000000E+0	16,140000E+0	30,686000E+0	876,825000E+3	12,000000E+0
846	885,000000E+0	16,140000E+0	30,686000E+0	876,990000E+3	12,000000E+0
847	885,000000E+0	16,140000E+0	30,228000E+0	877,160000E+3	12,000000E+0
848	885,000000E+0	18,830000E+0	30,228000E+0	877,322000E+3	12,000000E+0
849	885,000000E+0	18,830000E+0	30,228000E+0	877,493000E+3	12,000000E+0
850	885,000000E+0	18,830000E+0	30,228000E+0	877,659000E+3	12,000000E+0
851	885,000000E+0	18,830000E+0	30,228000E+0	877,827000E+3	12,000000E+0
852	885,000000E+0	18,830000E+0	30,228000E+0	877,994000E+3	12,000000E+0
853	885,000000E+0	18,830000E+0	30,457000E+0	878,161000E+3	12,000000E+0
854	885,000000E+0	18,830000E+0	30,686000E+0	878,328000E+3	12,000000E+0
855	885,000000E+0	18,830000E+0	30,915000E+0	878,496000E+3	12,000000E+0
856	885,000000E+0	18,830000E+0	31,144000E+0	878,664000E+3	12,000000E+0
857	885,000000E+0	18,830000E+0	30,915000E+0	878,831000E+3	12,000000E+0
858	885,000000E+0	18,830000E+0	30,915000E+0	878,998000E+3	12,000000E+0
859	885,000000E+0	18,830000E+0	30,686000E+0	879,166000E+3	12,000000E+0
860	885,000000E+0	18,830000E+0	30,228000E+0	879,334000E+3	12,000000E+0
861	885,000000E+0	16,140000E+0	30,228000E+0	879,499000E+3	12,000000E+0
862	885,000000E+0	16,140000E+0	29,999000E+0	879,669000E+3	12,000000E+0
863	885,000000E+0	16,140000E+0	29,999000E+0	879,835000E+3	12,000000E+0
864	885,000000E+0	16,140000E+0	30,228000E+0	880,002000E+3	12,000000E+0
865	885,000000E+0	16,140000E+0	30,228000E+0	880,170000E+3	12,000000E+0
866	885,000000E+0	16,140000E+0	30,686000E+0	880,337000E+3	12,000000E+0
867	885,000000E+0	16,140000E+0	30,686000E+0	880,504000E+3	12,000000E+0
868	885,000000E+0	16,140000E+0	30,686000E+0	880,672000E+3	12,000000E+0
869	885,000000E+0	16,140000E+0	30,686000E+0	880,839000E+3	12,000000E+0
870	885,000000E+0	16,140000E+0	30,686000E+0	881,005000E+3	12,000000E+0
871	885,000000E+0	16,140000E+0	30,457000E+0	881,172000E+3	12,000000E+0
872	885,000000E+0	16,140000E+0	30,228000E+0	881,338000E+3	12,000000E+0
873	885,000000E+0	16,140000E+0	29,999000E+0	881,504000E+3	12,000000E+0
874	885,000000E+0	16,140000E+0	30,228000E+0	881,669000E+3	12,000000E+0
875	885,000000E+0	16,140000E+0	30,228000E+0	881,837000E+3	12,000000E+0
876	885,000000E+0	16,140000E+0	30,228000E+0	882,005000E+3	12,000000E+0
877	885,000000E+0	16,140000E+0	30,457000E+0	882,173000E+3	12,000000E+0
878	885,000000E+0	16,140000E+0	30,686000E+0	882,340000E+3	12,000000E+0
879	885,000000E+0	16,140000E+0	30,915000E+0	882,507000E+3	12,000000E+0
880	885,000000E+0	16,140000E+0	31,144000E+0	882,675000E+3	12,000000E+0
881	885,000000E+0	16,140000E+0	31,144000E+0	882,842000E+3	12,000000E+0
882	885,000000E+0	16,140000E+0	31,144000E+0	883,011000E+3	12,000000E+0
883	885,000000E+0	16,140000E+0	30,915000E+0	883,176000E+3	12,000000E+0
884	885,000000E+0	16,140000E+0	30,686000E+0	883,346000E+3	12,000000E+0
885	885,000000E+0	16,140000E+0	30,228000E+0	883,512000E+3	12,000000E+0
886	885,000000E+0	16,140000E+0	29,999000E+0	883,680000E+3	12,000000E+0
887	885,000000E+0	16,140000E+0	30,228000E+0	883,848000E+3	12,000000E+0
888	885,000000E+0	16,140000E+0	29,999000E+0	884,016000E+3	12,000000E+0
889	885,000000E+0	16,140000E+0	30,228000E+0	884,183000E+3	12,000000E+0
890	885,000000E+0	16,140000E+0	30,457000E+0	884,353000E+3	12,000000E+0
891	885,000000E+0	16,140000E+0	30,686000E+0	884,518000E+3	12,000000E+0
892	885,000000E+0	16,140000E+0	30,686000E+0	884,688000E+3	12,000000E+0
893	885,000000E+0	16,140000E+0	30,686000E+0	884,851000E+3	12,000000E+0
894	885,000000E+0	16,140000E+0	30,686000E+0	885,020000E+3	12,000000E+0
895	885,000000E+0	16,140000E+0	30,686000E+0	885,186000E+3	12,000000E+0
896	885,000000E+0	16,140000E+0	30,457000E+0	885,353000E+3	12,000000E+0
897	885,000000E+0	16,140000E+0	30,228000E+0	885,518000E+3	12,000000E+0
898	885,000000E+0	16,140000E+0	29,999000E+0	885,687000E+3	12,000000E+0
899	885,000000E+0	16,140000E+0	30,228000E+0	885,854000E+3	12,000000E+0
900	885,000000E+0	16,140000E+0	30,457000E+0	886,022000E+3	12,000000E+0
901	885,000000E+0	16,140000E+0	30,457000E+0	886,190000E+3	12,000000E+0
902	885,000000E+0	16,140000E+0	30,686000E+0	886,357000E+3	12,000000E+0
903	885,000000E+0	16,140000E+0	30,915000E+0	886,525000E+3	12,000000E+0
904	885,000000E+0	16,140000E+0	30,915000E+0	886,693000E+3	12,000000E+0
905	885,000000E+0	16,140000E+0	31,144000E+0	886,861000E+3	12,000000E+0
906	885,000000E+0	13,450000E+0	31,144000E+0	887,030000E+3	12,000000E+0
907	885,000000E+0	13,450000E+0	31,144000E+0	887,196000E+3	12,000000E+0
908	885,000000E+0	13,450000E+0	30,915000E+0	887,365000E+3	12,000000E+0
909	885,000000E+0	13,450000E+0	30,457000E+0	887,534000E+3	12,000000E+0
910	885,000000E+0	13,450000E+0	30,228000E+0	887,700000E+3	12,000000E+0
911	885,000000E+0	13,450000E+0	29,999000E+0	887,869000E+3	12,000000E+0
912	885,000000E+0	13,450000E+0	30,228000E+0	888,035000E+3	12,000000E+0
913	885,000000E+0	13,450000E+0	30,228000E+0	888,204000E+3	12,000000E+0
914	885,000000E+0	13,450000E+0	30,228000E+0	888,371000E+3	12,000000E+0
915	885,000000E+0	13,450000E+0	30,686000E+0	888,541000E+3	12,000000E+0
916	885,000000E+0	13,450000E+0	30,686000E+0	888,708000E+3	12,000000E+0
917	885,000000E+0	13,450000E+0	30,915000E+0	888,875000E+3	12,000000E+0
918	885,000000E+0	13,450000E+0	30,686000E+0	889,040000E+3	12,000000E+0
919	885,000000E+0	13,450000E+0	30,686000E+0	889,207000E+3	12,000000E+0
920	885,000000E+0	16,140000E+0	30,457000E+0	889,374000E+3	12,000000E+0
921	885,000000E+0	16,140000E+0	30,228000E+0	889,543000E+3	12,000000E+0
922	885,000000E+0	16,140000E+0	30,228000E+0	889,708000E+3	12,000000E+0
923	885,000000E+0	16,140000E+0	30,228000E+0	889,877000E+3	12,000000E+0
924	885,000000E+0	13,450000E+0	30,228000E+0	890,045000E+3	12,000000E+0
925	885,000000E+0	13,450000E+0	30,457000E+0	890,213000E+3	12,000000E+0
926	885,000000E+0	13,450000E+0	30,686000E+0	890,381000E+3	12,000000E+0
927	885,000000E+0	16,140000E+0	30,686000E+0	890,549000E+3	12,000000E+0
928	885,000000E+0	16,140000E+0	31,144000E+0	890,717000E+3	12,000000E+0
929	885,000000E+0	16,140000E+0	31,144000E+0	890,885000E+3	12,000000E+0
930	885,000000E+0	13,450000E+0	31,144000E+0	891,051000E+3	12,000000E+0
931	885,000000E+0	13,450000E+0	31,144000E+0	891,219000E+3	12,000000E+0
932	885,000000E+0	13,450000E+0	30,915000E+0	891,386000E+3	12,000000E+0
933	885,000000E+0	13,450000E+0	30,686000E+0	891,555000E+3	12,000000E+0
934	885,000000E+0	13,450000E+0	30,457000E+0	891,724000E+3	12,000000E+0
935	885,000000E+0	13,450000E+0	29,999000E+0	891,891000E+3	12,000000E+0
936	885,000000E+0	13,450000E+0	30,228000E+0	892,058000E+3	12,000000E+0
937	885,000000E+0	13,450000E+0	30,228000E+0	892,226000E+3	12,000000E+0
938	885,000000E+0	13,450000E+0	30,457000E+0	892,394000E+3	12,000000E+0
939	885,000000E+0	16,140000E+0	30,457000E+0	892,561000E+3	12,000000E+0
940	885,000000E+0	16,140000E+0	30,686000E+0	892,728000E+3	12,000000E+0
941	885,000000E+0	16,140000E+0	30,915000E+0	892,898000E+3	12,000000E+0
942	885,000000E+0	13,450000E+0	30,686000E+0	893,062000E+3	12,000000E+0
943	885,000000E+0	13,450000E+0	30,686000E+0	893,231000E+3	12,000000E+0
944	885,000000E+0	16,140000E+0	30,686000E+0	893,396000E+3	12,000000E+0
945	885,000000E+0	16,140000E+0	30,457000E+0	893,563000E+3	12,000000E+0
946	885,000000E+0	16,140000E+0	30,228000E+0	893,730000E+3	12,000000E+0
947	885,000000E+0	16,140000E+0	30,228000E+0	893,898000E+3	12,000000E+0
948	885,000000E+0	16,140000E+0	30,228000E+0	894,065000E+3	12,000000E+0
949	885,000000E+0	16,140000E+0	30,228000E+0	894,232000E+3	12,000000E+0
950	885,000000E+0	13,450000E+0	30,457000E+0	894,401000E+3	12,000000E+0
951	885,000000E+0	13,450000E+0	30,686000E+0	894,566000E+3	12,000000E+0
952	885,000000E+0	13,450000E+0	30,915000E+0	894,736000E+3	12,000000E+0
953	885,000000E+0	13,450000E+0	31,144000E+0	894,905000E+3	12,000000E+0
954	885,000000E+0	16,140000E+0	31,144000E+0	895,072000E+3	12,000000E+0
955	885,000000E+0	16,140000E+0	30,915000E+0	895,240000E+3	12,000000E+0
956	885,000000E+0	16,140000E+0	30,915000E+0	895,406000E+3	12,000000E+0
957	885,000000E+0	16,140000E+0	30,915000E+0	895,575000E+3	12,000000E+0
958	885,000000E+0	16,140000E+0	30,686000E+0	895,743000E+3	12,000000E+0
959	885,000000E+0	16,140000E+0	30,228000E+0	895,910000E+3	12,000000E+0
960	885,000000E+0	16,140000E+0	29,999000E+0	896,079000E+3	12,000000E+0
961	885,000000E+0	13,450000E+0	30,228000E+0	896,247000E+3	12,000000E+0
962	885,000000E+0	13,450000E+0	30,228000E+0	896,413000E+3	12,000000E+0
963	885,000000E+0	13,450000E+0	30,457000E+0	896,582000E+3	12,000000E+0
964	885,000000E+0	13,450000E+0	30,686000E+0	896,749000E+3	12,000000E+0
965	885,000000E+0	16,140000E+0	30,686000E+0	896,915000E+3	12,000000E+0
966	885,000000E+0	16,140000E+0	30,686000E+0	897,083000E+3	12,000000E+0
967	885,000000E+0	16,140000E+0	30,915000E+0	897,251000E+3	12,000000E+0
968	885,000000E+0	16,140000E+0	30,686000E+0	897,417000E+3	12,000000E+0
969	885,000000E+0	16,140000E+0	30,457000E+0	897,584000E+3	12,000000E+0
970	885,000000E+0	16,140000E+0	30,457000E+0	897,751000E+3	12,000000E+0
971	885,000000E+0	16,140000E+0	30,228000E+0	897,916000E+3	12,000000E+0
972	885,000000E+0	16,140000E+0	29,999000E+0	898,084000E+3	12,000000E+0
973	885,000000E+0	16,140000E+0	30,228000E+0	898,252000E+3	12,000000E+0
974	885,000000E+0	16,140000E+0	30,228000E+0	898,418000E+3	12,000000E+0
975	885,000000E+0	16,140000E+0	30,457000E+0	898,586000E+3	12,000000E+0
976	885,000000E+0	16,140000E+0	30,915000E+0	898,754000E+3	12,000000E+0
977	885,000000E+0	16,140000E+0	31,144000E+0	898,921000E+3	12,000000E+0
978	885,000000E+0	16,140000E+0	31,144000E+0	899,090000E+3	12,000000E+0
979	885,000000E+0	16,140000E+0	31,144000E+0	899,257000E+3	12,000000E+0
980	885,000000E+0	16,140000E+0	30,915000E+0	899,424000E+3	12,000000E+0
981	885,000000E+0	16,140000E+0	30,686000E+0	899,590000E+3	12,000000E+0
982	885,000000E+0	16,140000E+0	30,686000E+0	899,760000E+3	12,000000E+0
983	885,000000E+0	16,140000E+0	30,457000E+0	899,927000E+3	12,000000E+0
984	885,000000E+0	16,140000E+0	30,228000E+0	900,095000E+3	12,000000E+0
985	885,000000E+0	16,140000E+0	30,228000E+0	900,262000E+3	12,000000E+0
986	885,000000E+0	16,140000E+0	29,999000E+0	900,429000E+3	12,000000E+0
987	885,000000E+0	16,140000E+0	30,228000E+0	900,597000E+3	12,000000E+0
988	885,000000E+0	16,140000E+0	30,457000E+0	900,764000E+3	12,000000E+0
989	885,000000E+0	16,140000E+0	30,686000E+0	900,930000E+3	12,000000E+0
990	885,000000E+0	16,140000E+0	30,686000E+0	901,099000E+3	12,000000E+0
991	885,000000E+0	16,140000E+0	30,686000E+0	901,263000E+3	12,000000E+0
992	885,000000E+0	16,140000E+0	30,686000E+0	901,432000E+3	12,000000E+0
993	885,000000E+0	16,140000E+0	30,457000E+0	901,598000E+3	12,000000E+0
994	885,000000E+0	16,140000E+0	30,228000E+0	901,767000E+3	12,000000E+0
995	885,000000E+0	16,140000E+0	30,228000E+0	901,934000E+3	12,000000E+0
996	885,000000E+0	18,830000E+0	29,999000E+0	902,099000E+3	12,000000E+0
997	885,000000E+0	18,830000E+0	30,228000E+0	902,267000E+3	12,000000E+0
998	885,000000E+0	16,140000E+0	30,228000E+0	902,434000E+3	12,000000E+0
999	885,000000E+0	16,140000E+0	30,457000E+0	902,601000E+3	12,000000E+0
1000	885,000000E+0	16,140000E+0	30,686000E+0	902,768000E+3	12,000000E+0
1001	885,000000E+0	16,140000E+0	30,915000E+0	902,936000E+3	12,000000E+0
1002	885,000000E+0	16,140000E+0	31,144000E+0	903,104000E+3	12,000000E+0
1003	885,000000E+0	16,140000E+0	31,144000E+0	903,272000E+3	12,000000E+0
1004	885,000000E+0	16,140000E+0	30,915000E+0	903,440000E+3	12,000000E+0
1005	885,000000E+0	16,140000E+0	30,915000E+0	903,605000E+3	12,000000E+0
1006	885,000000E+0	16,140000E+0	30,686000E+0	903,773000E+3	12,000000E+0
1007	885,000000E+0	16,140000E+0	30,457000E+0	903,941000E+3	12,000000E+0
1008	885,000000E+0	16,140000E+0	30,457000E+0	904,108000E+3	12,000000E+0
1009	885,000000E+0	16,140000E+0	30,228000E+0	904,276000E+3	12,000000E+0
1010	885,000000E+0	16,140000E+0	30,228000E+0	904,443000E+3	12,000000E+0
1011	885,000000E+0	16,140000E+0	30,228000E+0	904,611000E+3	12,000000E+0
1012	885,000000E+0	16,140000E+0	30,228000E+0	904,778000E+3	12,000000E+0
1013	885,000000E+0	16,140000E+0	30,457000E+0	904,946000E+3	12,000000E+0
1014	885,000000E+0	16,140000E+0	30,686000E+0	905,113000E+3	12,000000E+0
1015	885,000000E+0	16,140000E+0	30,686000E+0	905,278000E+3	12,000000E+0
1016	885,000000E+0	16,140000E+0	30,686000E+0	905,444000E+3	12,000000E+0
1017	885,000000E+0	16,140000E+0	30,686000E+0	905,611000E+3	12,000000E+0
1018	885,000000E+0	16,140000E+0	30,457000E+0	905,778000E+3	12,000000E+0
1019	885,000000E+0	16,140000E+0	30,228000E+0	905,944000E+3	12,000000E+0
1020	885,000000E+0	16,140000E+0	29,999000E+0	906,110000E+3	12,000000E+0
1021	885,000000E+0	16,140000E+0	29,999000E+0	906,278000E+3	12,000000E+0
1022	885,000000E+0	16,140000E+0	30,228000E+0	906,445000E+3	12,000000E+0
1023	885,000000E+0	16,140000E+0	30,228000E+0	906,613000E+3	12,000000E+0
1024	885,000000E+0	16,140000E+0	30,457000E+0	906,780000E+3	12,000000E+0
1025	885,000000E+0	16,140000E+0	30,686000E+0	906,948000E+3	12,000000E+0
1026	885,000000E+0	16,140000E+0	30,915000E+0	907,115000E+3	12,000000E+0
1027	885,000000E+0	16,140000E+0	31,144000E+0	907,283000E+3	12,000000E+0
1028	885,000000E+0	16,140000E+0	31,144000E+0	907,451000E+3	12,000000E+0
1029	885,000000E+0	16,140000E+0	30,915000E+0	907,617000E+3	12,000000E+0
1030	885,000000E+0	16,140000E+0	30,915000E+0	907,784000E+3	12,000000E+0
1031	885,000000E+0	16,140000E+0	30,457000E+0	907,953000E+3	12,000000E+0
1032	885,000000E+0	16,140000E+0	30,228000E+0	908,119000E+3	12,000000E+0
1033	885,000000E+0	16,140000E+0	30,228000E+0	908,288000E+3	12,000000E+0
1034	885,000000E+0	16,140000E+0	30,457000E+0	908,469000E+3	12,000000E+0
1035	885,000000E+0	16,140000E+0	30,228000E+0	908,665000E+3	12,000000E+0
1036	885,000000E+0	16,140000E+0	30,228000E+0	908,875000E+3	12,000000E+0
1037	885,000000E+0	16,140000E+0	30,457000E+0	909,043000E+3	12,000000E+0
1038	885,000000E+0	16,140000E+0	30,686000E+0	909,252000E+3	12,000000E+0
1039	885,000000E+0	16,140000E+0	30,686000E+0	909,415000E+3	12,000000E+0
1040	885,000000E+0	16,140000E+0	30,686000E+0	909,585000E+3	12,000000E+0
1041	885,000000E+0	16,140000E+0	30,457000E+0	909,750000E+3	12,000000E+0
1042	885,000000E+0	16,140000E+0	30,457000E+0	909,917000E+3	12,000000E+0
1043	885,000000E+0	16,140000E+0	30,228000E+0	910,083000E+3	12,000000E+0
1044	885,000000E+0	16,140000E+0	29,999000E+0	910,249000E+3	12,000000E+0
1045	885,000000E+0	16,140000E+0	29,999000E+0	910,417000E+3	12,000000E+0
1046	885,000000E+0	16,140000E+0	30,228000E+0	910,584000E+3	12,000000E+0
1047	885,000000E+0	16,140000E+0	30,457000E+0	910,752000E+3	12,000000E+0
1048	885,000000E+0	16,140000E+0	30,457000E+0	910,918000E+3	12,000000E+0
1049	885,000000E+0	16,140000E+0	30,915000E+0	911,087000E+3	12,000000E+0
1050	885,000000E+0	16,140000E+0	30,915000E+0	911,254000E+3	12,000000E+0
1051	885,000000E+0	16,140000E+0	30,915000E+0	911,421000E+3	12,000000E+0
1052	885,000000E+0	16,140000E+0	31,144000E+0	911,588000E+3	12,000000E+0
1053	885,000000E+0	16,140000E+0	31,144000E+0	911,756000E+3	12,000000E+0
1054	885,000000E+0	16,140000E+0	30,686000E+0	911,923000E+3	12,000000E+0
1055	885,000000E+0	16,140000E+0	30,457000E+0	912,090000E+3	12,000000E+0
1056	885,000000E+0	16,140000E+0	29,999000E+0	912,254000E+3	12,000000E+0
1057	885,000000E+0	16,140000E+0	29,999000E+0	912,424000E+3	12,000000E+0
1058	885,000000E+0	16,140000E+0	30,228000E+0	912,596000E+3	12,000000E+0
1059	885,000000E+0	16,140000E+0	30,228000E+0	912,760000E+3	12,000000E+0
1060	885,000000E+0	16,140000E+0	30,457000E+0	912,929000E+3	12,000000E+0
1061	885,000000E+0	16,140000E+0	30,457000E+0	913,096000E+3	12,000000E+0
1062	885,000000E+0	16,140000E+0	30,686000E+0	913,263000E+3	12,000000E+0
1063	885,000000E+0	16,140000E+0	30,686000E+0	913,431000E+3	12,000000E+0
1064	885,000000E+0	16,140000E+0	30,686000E+0	913,599000E+3	12,000000E+0
1065	885,000000E+0	16,140000E+0	30,686000E+0	913,762000E+3	12,000000E+0
1066	885,000000E+0	16,140000E+0	30,457000E+0	913,930000E+3	12,000000E+0
1067	885,000000E+0	18,830000E+0	30,228000E+0	914,096000E+3	12,000000E+0
1068	885,000000E+0	18,830000E+0	30,228000E+0	914,263000E+3	12,000000E+0
1069	885,000000E+0	18,830000E+0	29,999000E+0	914,430000E+3	12,000000E+0
1070	885,000000E+0	18,830000E+0	30,228000E+0	914,597000E+3	12,000000E+0
1071	885,000000E+0	16,140000E+0	30,228000E+0	914,764000E+3	12,000000E+0
1072	885,000000E+0	16,140000E+0	30,457000E+0	914,932000E+3	12,000000E+0
1073	885,000000E+0	16,140000E+0	30,686000E+0	915,099000E+3	12,000000E+0
1074	885,000000E+0	16,140000E+0	30,915000E+0	915,267000E+3	12,000000E+0
1075	885,000000E+0	16,140000E+0	31,144000E+0	915,434000E+3	12,000000E+0
1076	885,000000E+0	16,140000E+0	31,144000E+0	915,599000E+3	12,000000E+0
1077	885,000000E+0	16,140000E+0	30,915000E+0	915,768000E+3	12,000000E+0
1078	885,000000E+0	16,140000E+0	30,915000E+0	915,935000E+3	12,000000E+0
1079	885,000000E+0	16,140000E+0	30,686000E+0	916,105000E+3	12,000000E+0
1080	885,000000E+0	16,140000E+0	30,228000E+0	916,271000E+3	12,000000E+0
1081	885,000000E+0	16,140000E+0	30,228000E+0	916,438000E+3	12,000000E+0
1082	885,000000E+0	16,140000E+0	30,228000E+0	916,606000E+3	12,000000E+0
1083	885,000000E+0	16,140000E+0	30,228000E+0	916,774000E+3	12,000000E+0
1084	885,000000E+0	16,140000E+0	30,457000E+0	916,941000E+3	12,000000E+0
1085	885,000000E+0	16,140000E+0	30,457000E+0	917,109000E+3	12,000000E+0
1086	885,000000E+0	16,140000E+0	30,686000E+0	917,277000E+3	12,000000E+0
1087	885,000000E+0	16,140000E+0	30,686000E+0	917,443000E+3	12,000000E+0
1088	885,000000E+0	16,140000E+0	30,686000E+0	917,609000E+3	12,000000E+0
1089	885,000000E+0	16,140000E+0	30,686000E+0	917,777000E+3	12,000000E+0
1090	885,000000E+0	16,140000E+0	30,457000E+0	917,941000E+3	12,000000E+0
1091	885,000000E+0	16,140000E+0	30,457000E+0	918,110000E+3	12,000000E+0
1092	885,000000E+0	16,140000E+0	30,228000E+0	918,276000E+3	12,000000E+0
1093	885,000000E+0	16,140000E+0	30,228000E+0	918,441000E+3	12,000000E+0
1094	885,000000E+0	16,140000E+0	30,228000E+0	918,609000E+3	12,000000E+0
1095	885,000000E+0	16,140000E+0	30,228000E+0	918,776000E+3	12,000000E+0
1096	885,000000E+0	16,140000E+0	30,228000E+0	918,943000E+3	12,000000E+0
1097	885,000000E+0	16,140000E+0	30,457000E+0	919,110000E+3	12,000000E+0
1098	885,000000E+0	16,140000E+0	30,915000E+0	919,280000E+3	12,000000E+0
1099	885,000000E+0	16,140000E+0	30,915000E+0	919,448000E+3	12,000000E+0
1100	885,000000E+0	16,140000E+0	31,144000E+0	919,616000E+3	12,000000E+0
1101	885,000000E+0	16,140000E+0	31,144000E+0	919,782000E+3	12,000000E+0
1102	885,000000E+0	16,140000E+0	30,915000E+0	919,948000E+3	12,000000E+0
1103	885,000000E+0	16,140000E+0	30,686000E+0	920,116000E+3	12,000000E+0
1104	885,000000E+0	16,140000E+0	30,457000E+0	920,285000E+3	12,000000E+0
1105	885,000000E+0	16,140000E+0	29,999000E+0	920,450000E+3	12,000000E+0
1106	885,000000E+0	16,140000E+0	30,228000E+0	920,619000E+3	12,000000E+0
1107	885,000000E+0	16,140000E+0	30,228000E+0	920,786000E+3	12,000000E+0
1108	885,000000E+0	16,140000E+0	30,228000E+0	920,951000E+3	12,000000E+0
1109	885,000000E+0	16,140000E+0	30,457000E+0	921,119000E+3	12,000000E+0
1110	885,000000E+0	16,140000E+0	30,457000E+0	921,288000E+3	12,000000E+0
1111	885,000000E+0	16,140000E+0	30,686000E+0	921,455000E+3	12,000000E+0
1112	885,000000E+0	16,140000E+0	30,686000E+0	921,621000E+3	12,000000E+0
1113	885,000000E+0	16,140000E+0	30,686000E+0	921,789000E+3	12,000000E+0
1114	885,000000E+0	16,140000E+0	30,686000E+0	921,954000E+3	12,000000E+0
1115	885,000000E+0	16,140000E+0	30,228000E+0	922,122000E+3	12,000000E+0
1116	885,000000E+0	16,140000E+0	30,457000E+0	922,289000E+3	12,000000E+0
1117	885,000000E+0	16,140000E+0	30,228000E+0	922,456000E+3	12,000000E+0
1118	885,000000E+0	16,140000E+0	29,999000E+0	922,623000E+3	12,000000E+0
1119	885,000000E+0	16,140000E+0	30,228000E+0	922,791000E+3	12,000000E+0
1120	885,000000E+0	16,140000E+0	30,228000E+0	922,958000E+3	12,000000E+0
1121	885,000000E+0	16,140000E+0	30,457000E+0	923,126000E+3	12,000000E+0
1122	885,000000E+0	16,140000E+0	30,686000E+0	923,293000E+3	12,000000E+0
1123	885,000000E+0	16,140000E+0	30,915000E+0	923,461000E+3	12,000000E+0
1124	885,000000E+0	16,140000E+0	31,144000E+0	923,628000E+3	12,000000E+0
1125	885,000000E+0	16,140000E+0	31,144000E+0	923,795000E+3	12,000000E+0
1126	885,000000E+0	16,140000E+0	31,144000E+0	923,964000E+3	12,000000E+0
1127	885,000000E+0	16,140000E+0	30,915000E+0	924,130000E+3	12,000000E+0
1128	885,000000E+0	16,140000E+0	30,457000E+0	924,298000E+3	12,000000E+0
1129	885,000000E+0	16,140000E+0	30,457000E+0	924,465000E+3	12,000000E+0
1130	885,000000E+0	16,140000E+0	29,999000E+0	924,632000E+3	12,000000E+0
1131	885,000000E+0	16,140000E+0	29,999000E+0	924,799000E+3	12,000000E+0
1132	885,000000E+0	16,140000E+0	30,228000E+0	924,969000E+3	12,000000E+0
1133	885,000000E+0	16,140000E+0	30,228000E+0	925,135000E+3	12,000000E+0
1134	885,000000E+0	16,140000E+0	30,457000E+0	925,302000E+3	12,000000E+0
1135	885,000000E+0	16,140000E+0	30,686000E+0	925,471000E+3	12,000000E+0
1136	885,000000E+0	16,140000E+0	30,686000E+0	925,639000E+3	12,000000E+0
1137	885,000000E+0	16,140000E+0	30,686000E+0	925,803000E+3	12,000000E+0
1138	885,000000E+0	16,140000E+0	30,686000E+0	925,971000E+3	12,000000E+0
1139	885,000000E+0	16,140000E+0	30,686000E+0	926,137000E+3	12,000000E+0
1140	885,000000E+0	16,140000E+0	30,228000E+0	926,303000E+3	12,000000E+0
1141	885,000000E+0	16,140000E+0	30,228000E+0	926,477000E+3	12,000000E+0
1142	885,000000E+0	16,140000E+0	30,228000E+0	926,636000E+3	12,000000E+0
1143	885,000000E+0	16,140000E+0	30,228000E+0	926,805000E+3	12,000000E+0
1144	885,000000E+0	16,140000E+0	30,228000E+0	926,971000E+3	12,000000E+0
1145	885,000000E+0	16,140000E+0	30,457000E+0	927,139000E+3	12,000000E+0
1146	885,000000E+0	16,140000E+0	30,457000E+0	927,306000E+3	12,000000E+0
1147	885,000000E+0	16,140000E+0	30,686000E+0	927,473000E+3	12,000000E+0
1148	885,000000E+0	16,140000E+0	31,144000E+0	927,642000E+3	12,000000E+0
1149	885,000000E+0	16,140000E+0	31,144000E+0	927,809000E+3	12,000000E+0
1150	885,000000E+0	16,140000E+0	31,144000E+0	927,977000E+3	12,000000E+0
1151	885,000000E+0	16,140000E+0	30,915000E+0	928,144000E+3	12,000000E+0
1152	885,000000E+0	16,140000E+0	30,686000E+0	928,311000E+3	12,000000E+0
1153	885,000000E+0	16,140000E+0	30,457000E+0	928,479000E+3	12,000000E+0
1154	885,000000E+0	16,140000E+0	30,228000E+0	928,646000E+3	12,000000E+0
1155	885,000000E+0	16,140000E+0	30,228000E+0	928,815000E+3	12,000000E+0
1156	885,000000E+0	16,140000E+0	30,228000E+0	928,982000E+3	12,000000E+0
1157	885,000000E+0	16,140000E+0	30,228000E+0	929,149000E+3	12,000000E+0
1158	885,000000E+0	16,140000E+0	30,457000E+0	929,317000E+3	12,000000E+0
1159	885,000000E+0	16,140000E+0	30,686000E+0	929,485000E+3	12,000000E+0
1160	885,000000E+0	16,140000E+0	30,686000E+0	929,653000E+3	12,000000E+0
1161	885,000000E+0	16,140000E+0	30,915000E+0	929,822000E+3	12,000000E+0
1162	885,000000E+0	16,140000E+0	30,686000E+0	929,987000E+3	12,000000E+0
1163	885,000000E+0	16,140000E+0	30,686000E+0	930,153000E+3	12,000000E+0
1164	885,000000E+0	16,140000E+0	30,457000E+0	930,320000E+3	12,000000E+0
1165	885,000000E+0	16,140000E+0	30,228000E+0	930,487000E+3	12,000000E+0
1166	885,000000E+0	16,140000E+0	30,228000E+0	930,653000E+3	12,000000E+0
1167	885,000000E+0	16,140000E+0	29,999000E+0	930,820000E+3	12,000000E+0
1168	885,000000E+0	16,140000E+0	30,228000E+0	930,989000E+3	12,000000E+0
1169	885,000000E+0	16,140000E+0	30,228000E+0	931,156000E+3	12,000000E+0
1170	885,000000E+0	16,140000E+0	30,457000E+0	931,324000E+3	12,000000E+0
1171	885,000000E+0	16,140000E+0	30,686000E+0	931,491000E+3	12,000000E+0
1172	885,000000E+0	16,140000E+0	30,915000E+0	931,658000E+3	12,000000E+0
1173	885,000000E+0	16,140000E+0	31,144000E+0	931,826000E+3	12,000000E+0
1174	885,000000E+0	16,140000E+0	31,144000E+0	932,000000E+3	12,000000E+0
1175	885,000000E+0	16,140000E+0	31,144000E+0	932,161000E+3	12,000000E+0
1176	885,000000E+0	16,140000E+0	30,915000E+0	932,327000E+3	12,000000E+0
1177	885,000000E+0	16,140000E+0	30,457000E+0	932,496000E+3	12,000000E+0
1178	885,000000E+0	16,140000E+0	30,228000E+0	932,663000E+3	12,000000E+0
1179	885,000000E+0	16,140000E+0	30,228000E+0	932,830000E+3	12,000000E+0
1180	885,000000E+0	16,140000E+0	30,228000E+0	932,998000E+3	12,000000E+0
1181	885,000000E+0	16,140000E+0	30,228000E+0	933,167000E+3	12,000000E+0
1182	885,000000E+0	16,140000E+0	30,228000E+0	933,334000E+3	12,000000E+0
1183	885,000000E+0	16,140000E+0	30,457000E+0	933,503000E+3	12,000000E+0
1184	885,000000E+0	16,140000E+0	30,686000E+0	933,668000E+3	12,000000E+0
1185	885,000000E+0	16,140000E+0	30,686000E+0	933,836000E+3	12,000000E+0
1186	885,000000E+0	16,140000E+0	30,915000E+0	934,001000E+3	12,000000E+0
1187	885,000000E+0	16,140000E+0	30,686000E+0	934,170000E+3	12,000000E+0
1188	885,000000E+0	16,140000E+0	30,686000E+0	934,335000E+3	12,000000E+0
1189	885,000000E+0	16,140000E+0	30,457000E+0	934,503000E+3	12,000000E+0
1190	885,000000E+0	16,140000E+0	30,228000E+0	934,669000E+3	12,000000E+0
1191	885,000000E+0	16,140000E+0	30,228000E+0	934,837000E+3	12,000000E+0
1192	885,000000E+0	16,140000E+0	30,228000E+0	935,003000E+3	12,000000E+0
1193	885,000000E+0	16,140000E+0	30,228000E+0	935,171000E+3	12,000000E+0
1194	885,000000E+0	16,140000E+0	30,457000E+0	935,339000E+3	12,000000E+0
1195	885,000000E+0	16,140000E+0	30,457000E+0	935,506000E+3	12,000000E+0
1196	885,000000E+0	16,140000E+0	30,915000E+0	935,673000E+3	12,000000E+0
1197	885,000000E+0	16,140000E+0	30,915000E+0	935,841000E+3	12,000000E+0
1198	885,000000E+0	16,140000E+0	30,915000E+0	936,009000E+3	12,000000E+0
1199	885,000000E+0	16,140000E+0	31,144000E+0	936,177000E+3	12,000000E+0
1200	885,000000E+0	16,140000E+0	30,915000E+0	936,343000E+3	12,000000E+0
1201	885,000000E+0	16,140000E+0	30,686000E+0	936,512000E+3	12,000000E+0
1202	885,000000E+0	16,140000E+0	30,457000E+0	936,681000E+3	12,000000E+0
1203	885,000000E+0	16,140000E+0	29,999000E+0	936,846000E+3	12,000000E+0
1204	885,000000E+0	16,140000E+0	29,999000E+0	937,015000E+3	12,000000E+0
1205	885,000000E+0	16,140000E+0	30,228000E+0	937,183000E+3	12,000000E+0
1206	885,000000E+0	16,140000E+0	30,228000E+0	937,350000E+3	12,000000E+0
1207	885,000000E+0	16,140000E+0	30,457000E+0	937,518000E+3	12,000000E+0
1208	885,000000E+0	16,140000E+0	30,457000E+0	937,684000E+3	12,000000E+0
1209	885,000000E+0	16,140000E+0	30,686000E+0	937,852000E+3	12,000000E+0
1210	885,000000E+0	16,140000E+0	30,686000E+0	938,018000E+3	12,000000E+0
1211	885,000000E+0	16,140000E+0	30,686000E+0	938,186000E+3	12,000000E+0
1212	885,000000E+0	16,140000E+0	30,686000E+0	938,352000E+3	12,000000E+0
1213	885,000000E+0	16,140000E+0	30,457000E+0	938,519000E+3	12,000000E+0
1214	885,000000E+0	16,140000E+0	30,228000E+0	938,685000E+3	12,000000E+0
1215	885,000000E+0	16,140000E+0	30,228000E+0	938,853000E+3	12,000000E+0
1216	885,000000E+0	16,140000E+0	30,228000E+0	939,019000E+3	12,000000E+0
1217	885,000000E+0	16,140000E+0	30,228000E+0	939,187000E+3	12,000000E+0
1218	885,000000E+0	16,140000E+0	30,228000E+0	939,353000E+3	12,000000E+0
1219	885,000000E+0	16,140000E+0	30,457000E+0	939,562000E+3	12,000000E+0
1220	885,000000E+0	16,140000E+0	30,915000E+0	939,733000E+3	12,000000E+0
1221	885,000000E+0	16,140000E+0	31,144000E+0	939,942000E+3	12,000000E+0
1222	885,000000E+0	16,140000E+0	31,144000E+0	940,152000E+3	12,000000E+0
1223	885,000000E+0	16,140000E+0	30,915000E+0	940,320000E+3	12,000000E+0
1224	885,000000E+0	16,140000E+0	30,915000E+0	940,487000E+3	12,000000E+0
1225	885,000000E+0	16,140000E+0	30,686000E+0	940,655000E+3	12,000000E+0
1226	885,000000E+0	16,140000E+0	30,457000E+0	940,822000E+3	12,000000E+0
1227	885,000000E+0	16,140000E+0	30,228000E+0	940,987000E+3	12,000000E+0
1228	885,000000E+0	16,140000E+0	30,228000E+0	941,156000E+3	12,000000E+0
1229	885,000000E+0	16,140000E+0	30,228000E+0	941,324000E+3	12,000000E+0
1230	885,000000E+0	16,140000E+0	30,228000E+0	941,492000E+3	12,000000E+0
1231	885,000000E+0	16,140000E+0	30,457000E+0	941,660000E+3	12,000000E+0
1232	885,000000E+0	16,140000E+0	30,457000E+0	941,827000E+3	12,000000E+0
1233	885,000000E+0	16,140000E+0	30,686000E+0	941,994000E+3	12,000000E+0
1234	885,000000E+0	16,140000E+0	30,686000E+0	942,161000E+3	12,000000E+0
1235	885,000000E+0	16,140000E+0	30,686000E+0	942,327000E+3	12,000000E+0
1236	885,000000E+0	16,140000E+0	30,686000E+0	942,494000E+3	12,000000E+0
1237	885,000000E+0	16,140000E+0	30,457000E+0	942,660000E+3	12,000000E+0
1238	885,000000E+0	16,140000E+0	30,228000E+0	942,827000E+3	12,000000E+0
1239	885,000000E+0	16,140000E+0	30,228000E+0	942,994000E+3	12,000000E+0
1240	885,000000E+0	16,140000E+0	30,228000E+0	943,203000E+3	12,000000E+0
1241	885,000000E+0	16,140000E+0	30,228000E+0	943,370000E+3	12,000000E+0
1242	885,000000E+0	16,140000E+0	30,457000E+0	943,538000E+3	12,000000E+0
1243	885,000000E+0	16,140000E+0	30,686000E+0	943,707000E+3	12,000000E+0
1244	885,000000E+0	16,140000E+0	30,915000E+0	943,875000E+3	12,000000E+0
1245	885,000000E+0	16,140000E+0	30,915000E+0	944,042000E+3	12,000000E+0
1246	885,000000E+0	16,140000E+0	31,144000E+0	944,210000E+3	12,000000E+0
1247	885,000000E+0	16,140000E+0	31,144000E+0	944,377000E+3	12,000000E+0
1248	885,000000E+0	16,140000E+0	30,915000E+0	944,543000E+3	12,000000E+0
1249	885,000000E+0	16,140000E+0	30,915000E+0	944,713000E+3	12,000000E+0
1250	885,000000E+0	16,140000E+0	30,686000E+0	944,881000E+3	12,000000E+0
1251	559,000000E+0	-45,730000E+0	29,999000E+0	945,044000E+3	12,000000E+0
1252	74,000000E+0	21,520000E+0	18,778000E+0	945,139000E+3	12,000000E+0
