mercredi 24 janvier 2024	15:34:58	Sampling Period : 20  ms		
Unities: time [sample], PWM [raw], Current [mA], velocity [rev/min], Position [pulse], Present Input Voltage [V]

t	DXL_PWM		DXL_Current		DXL_Velocity		DXL_Position		DXL_Input_Voltage
0	1,000000E+0	0,000000E+0	0,000000E+0	912,577000E+3	12,000000E+0
1	81,000000E+0	24,210000E+0	0,000000E+0	912,579000E+3	12,000000E+0
2	235,000000E+0	24,210000E+0	3,893000E+0	912,604000E+3	12,000000E+0
3	379,000000E+0	29,590000E+0	9,618000E+0	912,661000E+3	12,000000E+0
4	501,000000E+0	24,210000E+0	14,198000E+0	912,744000E+3	12,000000E+0
5	589,000000E+0	29,590000E+0	17,862000E+0	912,845000E+3	12,000000E+0
6	664,000000E+0	29,590000E+0	20,839000E+0	912,961000E+3	12,000000E+0
7	714,000000E+0	26,900000E+0	23,587000E+0	913,093000E+3	12,000000E+0
8	757,000000E+0	21,520000E+0	25,419000E+0	913,231000E+3	12,000000E+0
9	796,000000E+0	32,280000E+0	27,022000E+0	913,379000E+3	12,000000E+0
10	815,000000E+0	24,210000E+0	28,167000E+0	913,531000E+3	12,000000E+0
11	848,000000E+0	26,900000E+0	29,312000E+0	913,692000E+3	12,000000E+0
12	885,000000E+0	24,210000E+0	29,999000E+0	913,855000E+3	12,000000E+0
13	885,000000E+0	21,520000E+0	30,228000E+0	914,023000E+3	12,000000E+0
14	885,000000E+0	21,520000E+0	30,228000E+0	914,188000E+3	12,000000E+0
15	885,000000E+0	21,520000E+0	29,999000E+0	914,354000E+3	12,000000E+0
16	885,000000E+0	21,520000E+0	30,228000E+0	914,522000E+3	12,000000E+0
17	885,000000E+0	21,520000E+0	30,228000E+0	914,690000E+3	12,000000E+0
18	885,000000E+0	21,520000E+0	30,457000E+0	914,858000E+3	12,000000E+0
19	885,000000E+0	21,520000E+0	30,686000E+0	915,024000E+3	12,000000E+0
20	885,000000E+0	21,520000E+0	30,686000E+0	915,191000E+3	12,000000E+0
21	885,000000E+0	21,520000E+0	30,915000E+0	915,359000E+3	12,000000E+0
22	885,000000E+0	21,520000E+0	31,144000E+0	915,527000E+3	12,000000E+0
23	885,000000E+0	21,520000E+0	31,144000E+0	915,694000E+3	12,000000E+0
24	885,000000E+0	21,520000E+0	30,915000E+0	915,861000E+3	12,000000E+0
25	885,000000E+0	21,520000E+0	30,686000E+0	916,029000E+3	12,000000E+0
26	885,000000E+0	21,520000E+0	30,457000E+0	916,198000E+3	12,000000E+0
27	885,000000E+0	21,520000E+0	30,228000E+0	916,363000E+3	12,000000E+0
28	885,000000E+0	21,520000E+0	29,999000E+0	916,532000E+3	12,000000E+0
29	885,000000E+0	21,520000E+0	30,228000E+0	916,701000E+3	12,000000E+0
30	885,000000E+0	21,520000E+0	30,228000E+0	916,867000E+3	12,000000E+0
31	885,000000E+0	21,520000E+0	30,457000E+0	917,036000E+3	12,000000E+0
32	885,000000E+0	21,520000E+0	30,457000E+0	917,204000E+3	12,000000E+0
33	885,000000E+0	18,830000E+0	30,686000E+0	917,371000E+3	12,000000E+0
34	885,000000E+0	18,830000E+0	30,686000E+0	917,537000E+3	12,000000E+0
35	885,000000E+0	18,830000E+0	30,686000E+0	917,704000E+3	12,000000E+0
36	885,000000E+0	18,830000E+0	30,686000E+0	917,870000E+3	12,000000E+0
37	885,000000E+0	18,830000E+0	30,457000E+0	918,037000E+3	12,000000E+0
38	885,000000E+0	18,830000E+0	30,457000E+0	918,204000E+3	12,000000E+0
39	885,000000E+0	18,830000E+0	30,228000E+0	918,370000E+3	12,000000E+0
40	885,000000E+0	18,830000E+0	29,999000E+0	918,537000E+3	12,000000E+0
41	885,000000E+0	18,830000E+0	30,228000E+0	918,715000E+3	12,000000E+0
42	885,000000E+0	18,830000E+0	30,457000E+0	918,915000E+3	12,000000E+0
43	885,000000E+0	18,830000E+0	30,686000E+0	919,124000E+3	12,000000E+0
44	885,000000E+0	18,830000E+0	30,915000E+0	919,335000E+3	12,000000E+0
45	885,000000E+0	18,830000E+0	31,144000E+0	919,502000E+3	12,000000E+0
46	885,000000E+0	18,830000E+0	31,144000E+0	919,670000E+3	12,000000E+0
47	885,000000E+0	18,830000E+0	31,144000E+0	919,839000E+3	12,000000E+0
48	885,000000E+0	18,830000E+0	30,915000E+0	920,005000E+3	12,000000E+0
49	885,000000E+0	18,830000E+0	30,457000E+0	920,171000E+3	12,000000E+0
50	885,000000E+0	18,830000E+0	30,457000E+0	920,340000E+3	12,000000E+0
51	885,000000E+0	18,830000E+0	30,228000E+0	920,506000E+3	12,000000E+0
52	885,000000E+0	18,830000E+0	30,228000E+0	920,675000E+3	12,000000E+0
53	885,000000E+0	18,830000E+0	30,457000E+0	920,842000E+3	12,000000E+0
54	885,000000E+0	18,830000E+0	30,228000E+0	921,010000E+3	12,000000E+0
55	885,000000E+0	18,830000E+0	30,457000E+0	921,178000E+3	12,000000E+0
56	885,000000E+0	18,830000E+0	30,686000E+0	921,346000E+3	12,000000E+0
57	885,000000E+0	18,830000E+0	30,686000E+0	921,513000E+3	12,000000E+0
58	885,000000E+0	18,830000E+0	30,686000E+0	921,678000E+3	12,000000E+0
59	885,000000E+0	18,830000E+0	30,686000E+0	921,846000E+3	12,000000E+0
60	885,000000E+0	18,830000E+0	30,686000E+0	922,012000E+3	12,000000E+0
61	885,000000E+0	18,830000E+0	30,457000E+0	922,182000E+3	12,000000E+0
62	885,000000E+0	18,830000E+0	30,228000E+0	922,349000E+3	12,000000E+0
63	885,000000E+0	18,830000E+0	30,228000E+0	922,515000E+3	12,000000E+0
64	885,000000E+0	18,830000E+0	29,999000E+0	922,683000E+3	12,000000E+0
65	885,000000E+0	18,830000E+0	30,228000E+0	922,851000E+3	12,000000E+0
66	885,000000E+0	18,830000E+0	30,457000E+0	923,018000E+3	12,000000E+0
67	885,000000E+0	18,830000E+0	30,686000E+0	923,186000E+3	12,000000E+0
68	885,000000E+0	18,830000E+0	30,915000E+0	923,353000E+3	12,000000E+0
69	885,000000E+0	18,830000E+0	31,144000E+0	923,521000E+3	12,000000E+0
70	885,000000E+0	18,830000E+0	31,144000E+0	923,689000E+3	12,000000E+0
71	885,000000E+0	18,830000E+0	31,144000E+0	923,857000E+3	12,000000E+0
72	885,000000E+0	18,830000E+0	30,915000E+0	924,023000E+3	12,000000E+0
73	885,000000E+0	18,830000E+0	30,686000E+0	924,191000E+3	12,000000E+0
74	885,000000E+0	18,830000E+0	30,457000E+0	924,360000E+3	12,000000E+0
75	885,000000E+0	18,830000E+0	30,457000E+0	924,526000E+3	12,000000E+0
76	885,000000E+0	18,830000E+0	30,228000E+0	924,695000E+3	12,000000E+0
77	885,000000E+0	18,830000E+0	30,457000E+0	924,864000E+3	12,000000E+0
78	885,000000E+0	18,830000E+0	30,228000E+0	925,030000E+3	12,000000E+0
79	885,000000E+0	18,830000E+0	30,457000E+0	925,200000E+3	12,000000E+0
80	885,000000E+0	18,830000E+0	30,457000E+0	925,367000E+3	12,000000E+0
81	885,000000E+0	18,830000E+0	30,686000E+0	925,535000E+3	12,000000E+0
82	885,000000E+0	18,830000E+0	30,915000E+0	925,704000E+3	12,000000E+0
83	885,000000E+0	18,830000E+0	30,686000E+0	925,870000E+3	12,000000E+0
84	885,000000E+0	18,830000E+0	30,686000E+0	926,036000E+3	12,000000E+0
85	885,000000E+0	18,830000E+0	30,457000E+0	926,203000E+3	12,000000E+0
86	885,000000E+0	18,830000E+0	30,457000E+0	926,369000E+3	12,000000E+0
87	885,000000E+0	18,830000E+0	30,228000E+0	926,535000E+3	12,000000E+0
88	885,000000E+0	18,830000E+0	30,228000E+0	926,704000E+3	12,000000E+0
89	885,000000E+0	18,830000E+0	30,228000E+0	926,872000E+3	12,000000E+0
90	885,000000E+0	18,830000E+0	30,228000E+0	927,038000E+3	12,000000E+0
91	885,000000E+0	18,830000E+0	30,457000E+0	927,207000E+3	12,000000E+0
92	885,000000E+0	18,830000E+0	30,915000E+0	927,375000E+3	12,000000E+0
93	885,000000E+0	18,830000E+0	30,915000E+0	927,542000E+3	12,000000E+0
94	885,000000E+0	18,830000E+0	31,144000E+0	927,711000E+3	12,000000E+0
95	885,000000E+0	18,830000E+0	31,144000E+0	927,879000E+3	12,000000E+0
96	885,000000E+0	18,830000E+0	31,144000E+0	928,046000E+3	12,000000E+0
97	885,000000E+0	18,830000E+0	30,915000E+0	928,213000E+3	12,000000E+0
98	885,000000E+0	18,830000E+0	30,686000E+0	928,382000E+3	12,000000E+0
99	885,000000E+0	18,830000E+0	30,228000E+0	928,550000E+3	12,000000E+0
100	885,000000E+0	18,830000E+0	30,228000E+0	928,716000E+3	12,000000E+0
101	885,000000E+0	18,830000E+0	30,228000E+0	928,884000E+3	12,000000E+0
102	885,000000E+0	18,830000E+0	30,228000E+0	929,053000E+3	12,000000E+0
103	885,000000E+0	18,830000E+0	30,228000E+0	929,222000E+3	12,000000E+0
104	885,000000E+0	18,830000E+0	30,457000E+0	929,390000E+3	12,000000E+0
105	885,000000E+0	18,830000E+0	30,686000E+0	929,559000E+3	12,000000E+0
106	885,000000E+0	18,830000E+0	30,686000E+0	929,725000E+3	12,000000E+0
107	885,000000E+0	18,830000E+0	30,915000E+0	929,890000E+3	12,000000E+0
108	885,000000E+0	18,830000E+0	30,686000E+0	930,058000E+3	12,000000E+0
109	885,000000E+0	18,830000E+0	30,686000E+0	930,224000E+3	12,000000E+0
110	885,000000E+0	18,830000E+0	30,457000E+0	930,391000E+3	12,000000E+0
111	885,000000E+0	18,830000E+0	30,457000E+0	930,558000E+3	12,000000E+0
112	885,000000E+0	18,830000E+0	30,228000E+0	930,726000E+3	12,000000E+0
113	885,000000E+0	18,830000E+0	30,228000E+0	930,894000E+3	12,000000E+0
114	885,000000E+0	18,830000E+0	30,228000E+0	931,062000E+3	12,000000E+0
115	885,000000E+0	18,830000E+0	30,457000E+0	931,230000E+3	12,000000E+0
116	885,000000E+0	18,830000E+0	30,457000E+0	931,396000E+3	12,000000E+0
117	885,000000E+0	18,830000E+0	30,915000E+0	931,565000E+3	12,000000E+0
118	885,000000E+0	18,830000E+0	31,144000E+0	931,733000E+3	12,000000E+0
119	885,000000E+0	18,830000E+0	31,144000E+0	931,902000E+3	12,000000E+0
120	885,000000E+0	18,830000E+0	31,144000E+0	932,069000E+3	12,000000E+0
121	885,000000E+0	18,830000E+0	30,915000E+0	932,236000E+3	12,000000E+0
122	885,000000E+0	16,140000E+0	30,686000E+0	932,404000E+3	12,000000E+0
123	885,000000E+0	18,830000E+0	30,457000E+0	932,573000E+3	12,000000E+0
124	885,000000E+0	18,830000E+0	30,228000E+0	932,739000E+3	12,000000E+0
125	885,000000E+0	18,830000E+0	29,999000E+0	932,908000E+3	12,000000E+0
126	885,000000E+0	18,830000E+0	30,228000E+0	933,076000E+3	12,000000E+0
127	885,000000E+0	18,830000E+0	30,228000E+0	933,243000E+3	12,000000E+0
128	885,000000E+0	18,830000E+0	30,457000E+0	933,412000E+3	12,000000E+0
129	885,000000E+0	18,830000E+0	30,457000E+0	933,579000E+3	12,000000E+0
130	885,000000E+0	18,830000E+0	30,686000E+0	933,747000E+3	12,000000E+0
131	885,000000E+0	18,830000E+0	30,686000E+0	933,915000E+3	12,000000E+0
132	885,000000E+0	18,830000E+0	30,686000E+0	934,081000E+3	12,000000E+0
133	885,000000E+0	18,830000E+0	30,686000E+0	934,247000E+3	12,000000E+0
134	885,000000E+0	18,830000E+0	30,457000E+0	934,414000E+3	12,000000E+0
135	885,000000E+0	18,830000E+0	30,228000E+0	934,581000E+3	12,000000E+0
136	885,000000E+0	18,830000E+0	30,228000E+0	934,748000E+3	12,000000E+0
137	885,000000E+0	18,830000E+0	30,228000E+0	934,914000E+3	12,000000E+0
138	885,000000E+0	18,830000E+0	30,228000E+0	935,084000E+3	12,000000E+0
139	885,000000E+0	18,830000E+0	30,228000E+0	935,251000E+3	12,000000E+0
140	885,000000E+0	18,830000E+0	30,457000E+0	935,421000E+3	12,000000E+0
141	885,000000E+0	18,830000E+0	30,686000E+0	935,588000E+3	12,000000E+0
142	885,000000E+0	18,830000E+0	30,915000E+0	935,757000E+3	12,000000E+0
143	885,000000E+0	18,830000E+0	31,144000E+0	935,931000E+3	12,000000E+0
144	885,000000E+0	18,830000E+0	31,144000E+0	936,093000E+3	12,000000E+0
145	885,000000E+0	18,830000E+0	31,144000E+0	936,261000E+3	12,000000E+0
146	885,000000E+0	18,830000E+0	30,915000E+0	936,424000E+3	12,000000E+0
147	885,000000E+0	18,830000E+0	30,686000E+0	936,595000E+3	12,000000E+0
148	885,000000E+0	18,830000E+0	30,228000E+0	936,763000E+3	12,000000E+0
149	885,000000E+0	18,830000E+0	30,228000E+0	936,930000E+3	12,000000E+0
150	885,000000E+0	18,830000E+0	30,228000E+0	937,098000E+3	12,000000E+0
151	885,000000E+0	18,830000E+0	30,228000E+0	937,266000E+3	12,000000E+0
152	885,000000E+0	18,830000E+0	30,457000E+0	937,434000E+3	12,000000E+0
153	885,000000E+0	18,830000E+0	30,457000E+0	937,602000E+3	12,000000E+0
154	885,000000E+0	18,830000E+0	30,686000E+0	937,769000E+3	12,000000E+0
155	885,000000E+0	18,830000E+0	30,686000E+0	937,980000E+3	12,000000E+0
156	885,000000E+0	18,830000E+0	30,686000E+0	938,147000E+3	12,000000E+0
157	885,000000E+0	18,830000E+0	30,686000E+0	938,313000E+3	12,000000E+0
158	885,000000E+0	18,830000E+0	30,686000E+0	938,480000E+3	12,000000E+0
159	885,000000E+0	18,830000E+0	30,457000E+0	938,648000E+3	12,000000E+0
160	885,000000E+0	18,830000E+0	30,228000E+0	938,814000E+3	12,000000E+0
161	885,000000E+0	18,830000E+0	30,228000E+0	938,981000E+3	12,000000E+0
162	885,000000E+0	18,830000E+0	30,228000E+0	939,151000E+3	12,000000E+0
163	21,760000E+3	80,570880E+3	-476,405414E+6	889,192448E+6	366,900000E+0
164	885,000000E+0	18,830000E+0	30,457000E+0	939,485000E+3	12,000000E+0
165	885,000000E+0	18,830000E+0	30,686000E+0	939,652000E+3	12,000000E+0
166	885,000000E+0	18,830000E+0	30,915000E+0	939,820000E+3	12,000000E+0
167	885,000000E+0	18,830000E+0	31,144000E+0	939,989000E+3	12,000000E+0
168	885,000000E+0	18,830000E+0	31,144000E+0	940,157000E+3	12,000000E+0
169	885,000000E+0	18,830000E+0	31,144000E+0	940,325000E+3	12,000000E+0
170	885,000000E+0	18,830000E+0	30,915000E+0	940,492000E+3	12,000000E+0
171	885,000000E+0	18,830000E+0	30,686000E+0	940,660000E+3	12,000000E+0
172	885,000000E+0	18,830000E+0	30,457000E+0	940,828000E+3	12,000000E+0
173	885,000000E+0	18,830000E+0	30,228000E+0	940,994000E+3	12,000000E+0
174	885,000000E+0	18,830000E+0	30,457000E+0	941,164000E+3	12,000000E+0
175	885,000000E+0	18,830000E+0	30,457000E+0	941,333000E+3	12,000000E+0
176	885,000000E+0	18,830000E+0	30,228000E+0	941,500000E+3	12,000000E+0
177	885,000000E+0	18,830000E+0	30,457000E+0	941,669000E+3	12,000000E+0
178	885,000000E+0	18,830000E+0	30,686000E+0	941,836000E+3	12,000000E+0
179	885,000000E+0	18,830000E+0	30,686000E+0	942,003000E+3	12,000000E+0
180	885,000000E+0	18,830000E+0	30,686000E+0	942,169000E+3	12,000000E+0
181	885,000000E+0	18,830000E+0	30,686000E+0	942,336000E+3	12,000000E+0
182	885,000000E+0	18,830000E+0	30,686000E+0	942,503000E+3	12,000000E+0
183	885,000000E+0	18,830000E+0	30,457000E+0	942,671000E+3	12,000000E+0
184	885,000000E+0	18,830000E+0	30,457000E+0	942,838000E+3	12,000000E+0
185	885,000000E+0	18,830000E+0	30,228000E+0	943,005000E+3	12,000000E+0
186	885,000000E+0	18,830000E+0	30,228000E+0	943,172000E+3	12,000000E+0
187	885,000000E+0	18,830000E+0	30,228000E+0	943,341000E+3	12,000000E+0
188	885,000000E+0	18,830000E+0	30,457000E+0	943,509000E+3	12,000000E+0
189	885,000000E+0	18,830000E+0	30,686000E+0	943,676000E+3	12,000000E+0
190	885,000000E+0	18,830000E+0	30,915000E+0	943,844000E+3	12,000000E+0
191	885,000000E+0	18,830000E+0	31,144000E+0	944,012000E+3	12,000000E+0
192	885,000000E+0	18,830000E+0	31,144000E+0	944,180000E+3	12,000000E+0
193	885,000000E+0	18,830000E+0	31,144000E+0	944,348000E+3	12,000000E+0
194	885,000000E+0	18,830000E+0	31,144000E+0	944,515000E+3	12,000000E+0
195	885,000000E+0	18,830000E+0	30,686000E+0	944,682000E+3	12,000000E+0
196	885,000000E+0	18,830000E+0	30,457000E+0	944,850000E+3	12,000000E+0
197	885,000000E+0	18,830000E+0	30,228000E+0	945,018000E+3	12,000000E+0
198	885,000000E+0	18,830000E+0	30,228000E+0	945,187000E+3	12,000000E+0
199	885,000000E+0	18,830000E+0	30,228000E+0	945,356000E+3	12,000000E+0
200	885,000000E+0	18,830000E+0	30,457000E+0	945,522000E+3	12,000000E+0
201	885,000000E+0	18,830000E+0	30,457000E+0	945,690000E+3	12,000000E+0
202	885,000000E+0	18,830000E+0	30,686000E+0	945,860000E+3	12,000000E+0
203	85,000000E+0	2,380650E+3	2,011039E+6	1,869283E+9	1,400000E+0
204	885,000000E+0	18,830000E+0	30,686000E+0	946,194000E+3	12,000000E+0
205	885,000000E+0	18,830000E+0	30,686000E+0	946,361000E+3	12,000000E+0
206	885,000000E+0	18,830000E+0	30,686000E+0	946,528000E+3	12,000000E+0
207	885,000000E+0	18,830000E+0	30,457000E+0	946,695000E+3	12,000000E+0
208	885,000000E+0	18,830000E+0	30,457000E+0	946,862000E+3	12,000000E+0
209	885,000000E+0	18,830000E+0	30,228000E+0	947,029000E+3	12,000000E+0
210	885,000000E+0	18,830000E+0	30,228000E+0	947,197000E+3	12,000000E+0
211	885,000000E+0	18,830000E+0	30,228000E+0	947,363000E+3	12,000000E+0
212	885,000000E+0	18,830000E+0	30,228000E+0	947,530000E+3	12,000000E+0
213	885,000000E+0	18,830000E+0	30,686000E+0	947,700000E+3	12,000000E+0
214	885,000000E+0	18,830000E+0	30,686000E+0	947,867000E+3	12,000000E+0
215	885,000000E+0	16,140000E+0	31,144000E+0	948,035000E+3	12,000000E+0
216	885,000000E+0	16,140000E+0	31,144000E+0	948,203000E+3	12,000000E+0
217	885,000000E+0	18,830000E+0	31,144000E+0	948,371000E+3	12,000000E+0
218	885,000000E+0	18,830000E+0	31,144000E+0	948,539000E+3	12,000000E+0
219	885,000000E+0	18,830000E+0	30,915000E+0	948,706000E+3	12,000000E+0
220	885,000000E+0	18,830000E+0	30,686000E+0	948,876000E+3	12,000000E+0
221	885,000000E+0	18,830000E+0	30,228000E+0	949,042000E+3	12,000000E+0
222	885,000000E+0	18,830000E+0	30,228000E+0	949,209000E+3	12,000000E+0
223	885,000000E+0	18,830000E+0	30,228000E+0	949,378000E+3	12,000000E+0
224	885,000000E+0	18,830000E+0	30,228000E+0	949,546000E+3	12,000000E+0
225	885,000000E+0	18,830000E+0	30,457000E+0	949,714000E+3	12,000000E+0
226	885,000000E+0	18,830000E+0	30,457000E+0	949,882000E+3	12,000000E+0
227	885,000000E+0	18,830000E+0	30,686000E+0	950,050000E+3	12,000000E+0
228	885,000000E+0	18,830000E+0	30,915000E+0	950,219000E+3	12,000000E+0
229	885,000000E+0	18,830000E+0	30,915000E+0	950,384000E+3	12,000000E+0
230	885,000000E+0	18,830000E+0	30,686000E+0	950,552000E+3	12,000000E+0
231	885,000000E+0	18,830000E+0	30,686000E+0	950,718000E+3	12,000000E+0
232	885,000000E+0	18,830000E+0	30,457000E+0	950,886000E+3	12,000000E+0
233	885,000000E+0	18,830000E+0	30,228000E+0	951,052000E+3	12,000000E+0
234	885,000000E+0	18,830000E+0	30,228000E+0	951,220000E+3	12,000000E+0
235	885,000000E+0	18,830000E+0	30,228000E+0	951,387000E+3	12,000000E+0
236	885,000000E+0	18,830000E+0	30,228000E+0	951,556000E+3	12,000000E+0
237	885,000000E+0	18,830000E+0	30,457000E+0	951,723000E+3	12,000000E+0
238	885,000000E+0	18,830000E+0	30,686000E+0	951,891000E+3	12,000000E+0
239	29,952000E+3	4,828550E+3	7,914240E+3	243,726848E+6	3,072000E+3
240	885,000000E+0	18,830000E+0	31,144000E+0	952,227000E+3	12,000000E+0
241	885,000000E+0	18,830000E+0	31,373000E+0	952,396000E+3	12,000000E+0
242	885,000000E+0	18,830000E+0	31,144000E+0	952,563000E+3	12,000000E+0
243	885,000000E+0	18,830000E+0	30,915000E+0	952,731000E+3	12,000000E+0
244	885,000000E+0	18,830000E+0	30,915000E+0	952,900000E+3	12,000000E+0
245	885,000000E+0	18,830000E+0	30,686000E+0	953,069000E+3	12,000000E+0
246	885,000000E+0	18,830000E+0	30,228000E+0	953,233000E+3	12,000000E+0
247	885,000000E+0	18,830000E+0	30,228000E+0	953,402000E+3	12,000000E+0
248	885,000000E+0	18,830000E+0	30,228000E+0	953,570000E+3	12,000000E+0
249	885,000000E+0	18,830000E+0	30,228000E+0	953,738000E+3	12,000000E+0
250	885,000000E+0	18,830000E+0	30,457000E+0	953,907000E+3	12,000000E+0
251	885,000000E+0	18,830000E+0	30,686000E+0	954,075000E+3	12,000000E+0
252	885,000000E+0	18,830000E+0	30,686000E+0	954,242000E+3	12,000000E+0
253	885,000000E+0	18,830000E+0	30,915000E+0	954,409000E+3	12,000000E+0
254	885,000000E+0	18,830000E+0	30,915000E+0	954,577000E+3	12,000000E+0
255	885,000000E+0	18,830000E+0	30,686000E+0	954,743000E+3	12,000000E+0
256	885,000000E+0	18,830000E+0	30,228000E+0	954,910000E+3	12,000000E+0
257	885,000000E+0	18,830000E+0	30,457000E+0	955,077000E+3	12,000000E+0
258	885,000000E+0	18,830000E+0	30,228000E+0	955,242000E+3	12,000000E+0
259	885,000000E+0	18,830000E+0	30,228000E+0	955,411000E+3	12,000000E+0
260	885,000000E+0	18,830000E+0	30,228000E+0	955,578000E+3	12,000000E+0
261	885,000000E+0	18,830000E+0	30,457000E+0	955,747000E+3	12,000000E+0
262	885,000000E+0	18,830000E+0	30,457000E+0	955,914000E+3	12,000000E+0
263	885,000000E+0	18,830000E+0	30,915000E+0	956,082000E+3	12,000000E+0
264	885,000000E+0	18,830000E+0	31,144000E+0	956,250000E+3	12,000000E+0
265	885,000000E+0	18,830000E+0	31,144000E+0	956,420000E+3	12,000000E+0
266	85,000000E+0	2,380650E+3	2,041055E+6	-1,733558E+9	1,400000E+0
267	21,760000E+3	80,570880E+3	-464,879467E+6	1,392509E+9	373,700000E+0
268	85,000000E+0	2,380650E+3	2,026047E+6	-1,711669E+9	1,400000E+0
269	21,760000E+3	80,570880E+3	-468,721450E+6	-1,543504E+9	373,800000E+0
270	85,000000E+0	2,380650E+3	1,996032E+6	-1,689518E+9	1,400000E+0
271	85,000000E+0	2,380650E+3	1,966016E+6	-1,678574E+9	1,400000E+0
272	85,000000E+0	2,380650E+3	1,966016E+6	-1,667629E+9	1,400000E+0
273	85,000000E+0	2,380650E+3	1,981024E+6	-1,656685E+9	1,400000E+0
274	85,000000E+0	2,380650E+3	1,981024E+6	-1,645543E+9	1,400000E+0
275	85,000000E+0	2,380650E+3	1,996032E+6	-1,634664E+9	1,400000E+0
276	85,000000E+0	2,380650E+3	2,011039E+6	-1,623654E+9	1,400000E+0
277	85,000000E+0	2,380650E+3	2,026047E+6	-1,612579E+9	1,400000E+0
278	21,760000E+3	80,570880E+3	-464,879467E+6	-2,046820E+9	374,400000E+0
279	85,000000E+0	2,380650E+3	2,026047E+6	-1,590755E+9	1,400000E+0
280	21,760000E+3	80,570880E+3	-468,721450E+6	-704,643072E+6	374,500000E+0
281	30,000000E+0	228,650000E+0	105,256873E+3	132,000000E+0	4,159700E+3
282	85,000000E+0	2,380650E+3	1,981024E+6	-1,557987E+9	1,400000E+0
283	85,000000E+0	2,380650E+3	1,981024E+6	-1,547043E+9	1,400000E+0
284	85,000000E+0	2,380650E+3	1,981024E+6	-1,535967E+9	1,400000E+0
285	85,000000E+0	2,380650E+3	1,996032E+6	-1,525023E+9	1,400000E+0
286	85,000000E+0	2,380650E+3	1,996032E+6	-1,514013E+9	1,400000E+0
287	85,000000E+0	2,380650E+3	2,011039E+6	-1,503003E+9	1,400000E+0
288	256,000000E+0	80,700000E+0	13,281873E+6	8,847367E+6	0,000000E+0
289	21,760000E+3	80,570880E+3	-461,037485E+6	-1,174405E+9	375,100000E+0
290	21,760000E+3	80,570880E+3	-461,037485E+6	1,627390E+9	375,200000E+0
291	85,000000E+0	2,380650E+3	2,041055E+6	-1,458962E+9	1,400000E+0
292	85,000000E+0	2,380650E+3	2,026047E+6	-1,448083E+9	1,400000E+0
293	30,000000E+0	228,650000E+0	105,256873E+3	134,000000E+0	4,360800E+3
294	21,760000E+3	80,570880E+3	-472,563432E+6	16,777216E+6	375,500000E+0
295	21,760000E+3	80,570880E+3	-472,563432E+6	-1,476395E+9	375,500000E+0
296	21,760000E+3	80,570880E+3	-476,405414E+6	1,358954E+9	375,600000E+0
297	21,760000E+3	80,570880E+3	-476,405414E+6	-134,217728E+6	375,600000E+0
298	21,760000E+3	80,570880E+3	-476,405414E+6	-1,627390E+9	375,700000E+0
299	21,760000E+3	80,570880E+3	-472,563432E+6	1,191182E+9	375,800000E+0
300	21,760000E+3	80,570880E+3	-468,721450E+6	-268,435456E+6	375,800000E+0
301	85,000000E+0	2,380650E+3	2,011039E+6	-1,348993E+9	1,400000E+0
302	21,760000E+3	80,570880E+3	-468,721450E+6	1,023410E+9	376,000000E+0
303	21,760000E+3	80,570880E+3	-464,879467E+6	-452,984832E+6	376,000000E+0
304	21,760000E+3	80,570880E+3	-468,721450E+6	-1,946157E+9	376,100000E+0
305	85,000000E+0	2,380650E+3	1,996032E+6	-1,305281E+9	1,400000E+0
306	21,760000E+3	80,570880E+3	-476,405414E+6	-654,311424E+6	376,200000E+0
307	85,000000E+0	2,380650E+3	1,966016E+6	-1,283523E+9	1,400000E+0
308	29,952000E+3	4,828550E+3	7,738368E+3	246,687744E+6	3,072000E+3
309	85,000000E+0	2,380650E+3	1,996032E+6	-1,261502E+9	1,400000E+0
310	29,952000E+3	4,828550E+3	7,796992E+3	246,773504E+6	3,072000E+3
311	29,952000E+3	4,828550E+3	7,855616E+3	246,816768E+6	3,072000E+3
312	29,952000E+3	4,828550E+3	7,914240E+3	246,859776E+6	3,072000E+3
313	29,952000E+3	4,828550E+3	7,914240E+3	246,902528E+6	3,072000E+3
314	85,000000E+0	2,380650E+3	2,041055E+6	-1,206387E+9	1,400000E+0
315	85,000000E+0	2,380650E+3	2,041055E+6	-1,195377E+9	1,400000E+0
316	29,952000E+3	4,828550E+3	7,914240E+3	247,031296E+6	3,072000E+3
317	29,952000E+3	4,828550E+3	7,914240E+3	247,074048E+6	3,072000E+3
318	29,952000E+3	4,828550E+3	7,796992E+3	247,117312E+6	3,072000E+3
319	29,952000E+3	4,828550E+3	7,796992E+3	247,160320E+6	3,072000E+3
320	29,952000E+3	4,828550E+3	7,738368E+3	247,203328E+6	3,072000E+3
321	29,952000E+3	4,828550E+3	7,796992E+3	247,246592E+6	3,072000E+3
322	29,952000E+3	4,828550E+3	7,738368E+3	247,289344E+6	3,072000E+3
323	29,952000E+3	4,828550E+3	7,738368E+3	247,332352E+6	3,072000E+3
324	29,952000E+3	4,828550E+3	7,796992E+3	247,375104E+6	3,072000E+3
325	29,952000E+3	4,828550E+3	7,855616E+3	247,418112E+6	3,072000E+3
326	29,952000E+3	4,828550E+3	7,855616E+3	247,460864E+6	3,072000E+3
327	29,952000E+3	4,828550E+3	7,914240E+3	247,503104E+6	3,072000E+3
328	885,000000E+0	18,830000E+0	30,686000E+0	966,977000E+3	12,000000E+0
329	885,000000E+0	18,830000E+0	30,686000E+0	967,143000E+3	12,000000E+0
330	885,000000E+0	18,830000E+0	30,457000E+0	967,312000E+3	12,000000E+0
331	29,952000E+3	4,828550E+3	7,738368E+3	247,674368E+6	3,072000E+3
332	885,000000E+0	18,830000E+0	29,999000E+0	967,645000E+3	12,000000E+0
333	885,000000E+0	18,830000E+0	30,228000E+0	967,813000E+3	12,000000E+0
334	885,000000E+0	18,830000E+0	30,457000E+0	967,980000E+3	12,000000E+0
335	885,000000E+0	18,830000E+0	30,457000E+0	968,149000E+3	12,000000E+0
336	885,000000E+0	18,830000E+0	30,686000E+0	968,316000E+3	12,000000E+0
337	29,952000E+3	4,828550E+3	7,972864E+3	247,931904E+6	3,072000E+3
338	885,000000E+0	18,830000E+0	31,144000E+0	968,653000E+3	12,000000E+0
339	885,000000E+0	18,830000E+0	31,144000E+0	968,822000E+3	12,000000E+0
340	885,000000E+0	18,830000E+0	31,144000E+0	969,031000E+3	12,000000E+0
341	885,000000E+0	18,830000E+0	30,686000E+0	969,238000E+3	12,000000E+0
342	885,000000E+0	18,830000E+0	30,457000E+0	969,408000E+3	12,000000E+0
343	885,000000E+0	18,830000E+0	30,228000E+0	969,575000E+3	12,000000E+0
344	885,000000E+0	18,830000E+0	30,228000E+0	969,744000E+3	12,000000E+0
345	885,000000E+0	18,830000E+0	30,457000E+0	969,913000E+3	12,000000E+0
346	885,000000E+0	18,830000E+0	30,457000E+0	970,080000E+3	12,000000E+0
347	885,000000E+0	18,830000E+0	30,228000E+0	970,248000E+3	12,000000E+0
348	885,000000E+0	18,830000E+0	30,457000E+0	970,416000E+3	12,000000E+0
349	885,000000E+0	18,830000E+0	30,686000E+0	970,583000E+3	12,000000E+0
350	885,000000E+0	18,830000E+0	30,686000E+0	970,752000E+3	12,000000E+0
351	885,000000E+0	18,830000E+0	30,686000E+0	970,917000E+3	12,000000E+0
352	885,000000E+0	18,830000E+0	30,686000E+0	971,085000E+3	12,000000E+0
353	885,000000E+0	18,830000E+0	30,686000E+0	971,252000E+3	12,000000E+0
354	885,000000E+0	18,830000E+0	30,457000E+0	971,419000E+3	12,000000E+0
355	885,000000E+0	18,830000E+0	30,228000E+0	971,585000E+3	12,000000E+0
356	885,000000E+0	18,830000E+0	30,228000E+0	971,793000E+3	12,000000E+0
357	885,000000E+0	18,830000E+0	30,228000E+0	971,961000E+3	12,000000E+0
358	885,000000E+0	18,830000E+0	30,457000E+0	972,127000E+3	12,000000E+0
359	885,000000E+0	18,830000E+0	30,686000E+0	972,298000E+3	12,000000E+0
360	885,000000E+0	18,830000E+0	30,915000E+0	972,466000E+3	12,000000E+0
361	885,000000E+0	18,830000E+0	31,144000E+0	972,635000E+3	12,000000E+0
362	885,000000E+0	18,830000E+0	31,144000E+0	972,802000E+3	12,000000E+0
363	885,000000E+0	18,830000E+0	31,144000E+0	972,970000E+3	12,000000E+0
364	885,000000E+0	18,830000E+0	31,144000E+0	973,137000E+3	12,000000E+0
365	885,000000E+0	18,830000E+0	30,915000E+0	973,304000E+3	12,000000E+0
366	885,000000E+0	18,830000E+0	30,686000E+0	973,472000E+3	12,000000E+0
367	885,000000E+0	18,830000E+0	30,457000E+0	973,641000E+3	12,000000E+0
368	885,000000E+0	18,830000E+0	30,228000E+0	973,810000E+3	12,000000E+0
369	885,000000E+0	18,830000E+0	30,228000E+0	973,975000E+3	12,000000E+0
370	885,000000E+0	18,830000E+0	30,228000E+0	974,144000E+3	12,000000E+0
371	885,000000E+0	18,830000E+0	30,457000E+0	974,311000E+3	12,000000E+0
372	885,000000E+0	18,830000E+0	30,457000E+0	974,478000E+3	12,000000E+0
373	885,000000E+0	18,830000E+0	30,686000E+0	974,645000E+3	12,000000E+0
374	885,000000E+0	18,830000E+0	30,915000E+0	974,815000E+3	12,000000E+0
375	885,000000E+0	18,830000E+0	30,915000E+0	974,979000E+3	12,000000E+0
376	885,000000E+0	18,830000E+0	30,686000E+0	975,148000E+3	12,000000E+0
377	885,000000E+0	18,830000E+0	30,686000E+0	975,313000E+3	12,000000E+0
378	885,000000E+0	18,830000E+0	30,457000E+0	975,483000E+3	12,000000E+0
379	885,000000E+0	18,830000E+0	30,228000E+0	975,649000E+3	12,000000E+0
380	885,000000E+0	18,830000E+0	30,228000E+0	975,816000E+3	12,000000E+0
381	885,000000E+0	18,830000E+0	30,228000E+0	975,984000E+3	12,000000E+0
382	885,000000E+0	18,830000E+0	30,228000E+0	976,151000E+3	12,000000E+0
383	885,000000E+0	18,830000E+0	30,457000E+0	976,320000E+3	12,000000E+0
384	885,000000E+0	18,830000E+0	30,686000E+0	976,488000E+3	12,000000E+0
385	885,000000E+0	18,830000E+0	31,144000E+0	976,656000E+3	12,000000E+0
386	885,000000E+0	18,830000E+0	31,144000E+0	976,824000E+3	12,000000E+0
387	885,000000E+0	18,830000E+0	31,144000E+0	976,992000E+3	12,000000E+0
388	885,000000E+0	18,830000E+0	30,915000E+0	977,161000E+3	12,000000E+0
389	885,000000E+0	18,830000E+0	30,915000E+0	977,326000E+3	12,000000E+0
390	885,000000E+0	18,830000E+0	30,915000E+0	977,495000E+3	12,000000E+0
391	885,000000E+0	18,830000E+0	30,686000E+0	977,663000E+3	12,000000E+0
392	885,000000E+0	18,830000E+0	30,228000E+0	977,830000E+3	12,000000E+0
393	885,000000E+0	18,830000E+0	30,228000E+0	978,000000E+3	12,000000E+0
394	885,000000E+0	18,830000E+0	30,228000E+0	978,167000E+3	12,000000E+0
395	885,000000E+0	18,830000E+0	30,228000E+0	978,333000E+3	12,000000E+0
396	885,000000E+0	18,830000E+0	30,457000E+0	978,502000E+3	12,000000E+0
397	885,000000E+0	18,830000E+0	30,686000E+0	978,669000E+3	12,000000E+0
398	885,000000E+0	18,830000E+0	30,686000E+0	978,837000E+3	12,000000E+0
399	885,000000E+0	18,830000E+0	30,915000E+0	979,004000E+3	12,000000E+0
400	885,000000E+0	18,830000E+0	30,915000E+0	979,170000E+3	12,000000E+0
401	885,000000E+0	18,830000E+0	30,686000E+0	979,337000E+3	12,000000E+0
402	885,000000E+0	18,830000E+0	30,457000E+0	979,504000E+3	12,000000E+0
403	885,000000E+0	18,830000E+0	30,457000E+0	979,671000E+3	12,000000E+0
404	885,000000E+0	18,830000E+0	30,228000E+0	979,836000E+3	12,000000E+0
405	885,000000E+0	18,830000E+0	30,228000E+0	980,007000E+3	12,000000E+0
406	885,000000E+0	18,830000E+0	30,228000E+0	980,174000E+3	12,000000E+0
407	885,000000E+0	18,830000E+0	30,228000E+0	980,344000E+3	12,000000E+0
408	885,000000E+0	18,830000E+0	30,457000E+0	980,510000E+3	12,000000E+0
409	885,000000E+0	18,830000E+0	30,915000E+0	980,679000E+3	12,000000E+0
410	885,000000E+0	18,830000E+0	31,144000E+0	980,847000E+3	12,000000E+0
411	885,000000E+0	18,830000E+0	31,144000E+0	981,015000E+3	12,000000E+0
412	885,000000E+0	18,830000E+0	31,144000E+0	981,183000E+3	12,000000E+0
413	885,000000E+0	18,830000E+0	30,915000E+0	981,349000E+3	12,000000E+0
414	885,000000E+0	18,830000E+0	30,686000E+0	981,516000E+3	12,000000E+0
415	885,000000E+0	18,830000E+0	30,686000E+0	981,685000E+3	12,000000E+0
416	885,000000E+0	18,830000E+0	30,457000E+0	981,853000E+3	12,000000E+0
417	885,000000E+0	18,830000E+0	30,228000E+0	982,021000E+3	12,000000E+0
418	885,000000E+0	18,830000E+0	30,228000E+0	982,190000E+3	12,000000E+0
419	885,000000E+0	18,830000E+0	30,228000E+0	982,357000E+3	12,000000E+0
420	885,000000E+0	18,830000E+0	30,457000E+0	982,526000E+3	12,000000E+0
421	885,000000E+0	18,830000E+0	30,457000E+0	982,692000E+3	12,000000E+0
422	885,000000E+0	18,830000E+0	30,686000E+0	982,860000E+3	12,000000E+0
423	885,000000E+0	18,830000E+0	30,915000E+0	983,028000E+3	12,000000E+0
424	885,000000E+0	18,830000E+0	30,686000E+0	983,194000E+3	12,000000E+0
425	885,000000E+0	18,830000E+0	30,915000E+0	983,361000E+3	12,000000E+0
426	885,000000E+0	18,830000E+0	30,686000E+0	983,528000E+3	12,000000E+0
427	885,000000E+0	18,830000E+0	30,228000E+0	983,695000E+3	12,000000E+0
428	885,000000E+0	18,830000E+0	30,228000E+0	983,861000E+3	12,000000E+0
429	885,000000E+0	18,830000E+0	30,228000E+0	984,029000E+3	12,000000E+0
430	885,000000E+0	18,830000E+0	30,228000E+0	984,197000E+3	12,000000E+0
431	885,000000E+0	18,830000E+0	30,457000E+0	984,365000E+3	12,000000E+0
432	885,000000E+0	18,830000E+0	30,457000E+0	984,533000E+3	12,000000E+0
433	885,000000E+0	18,830000E+0	30,686000E+0	984,700000E+3	12,000000E+0
434	885,000000E+0	18,830000E+0	30,915000E+0	984,868000E+3	12,000000E+0
435	885,000000E+0	18,830000E+0	31,144000E+0	985,037000E+3	12,000000E+0
436	885,000000E+0	18,830000E+0	31,373000E+0	985,204000E+3	12,000000E+0
437	885,000000E+0	18,830000E+0	30,915000E+0	985,373000E+3	12,000000E+0
438	885,000000E+0	18,830000E+0	30,915000E+0	985,539000E+3	12,000000E+0
439	885,000000E+0	18,830000E+0	30,686000E+0	985,708000E+3	12,000000E+0
440	885,000000E+0	18,830000E+0	30,228000E+0	985,875000E+3	12,000000E+0
441	885,000000E+0	18,830000E+0	30,457000E+0	986,042000E+3	12,000000E+0
442	885,000000E+0	18,830000E+0	30,228000E+0	986,211000E+3	12,000000E+0
443	885,000000E+0	18,830000E+0	30,228000E+0	986,379000E+3	12,000000E+0
444	885,000000E+0	18,830000E+0	30,228000E+0	986,547000E+3	12,000000E+0
445	885,000000E+0	18,830000E+0	30,457000E+0	986,714000E+3	12,000000E+0
446	885,000000E+0	18,830000E+0	30,686000E+0	986,882000E+3	12,000000E+0
447	885,000000E+0	18,830000E+0	30,686000E+0	987,050000E+3	12,000000E+0
448	885,000000E+0	18,830000E+0	30,686000E+0	987,215000E+3	12,000000E+0
449	885,000000E+0	18,830000E+0	30,686000E+0	987,383000E+3	12,000000E+0
450	885,000000E+0	18,830000E+0	30,686000E+0	987,550000E+3	12,000000E+0
451	885,000000E+0	18,830000E+0	30,457000E+0	987,717000E+3	12,000000E+0
452	885,000000E+0	18,830000E+0	30,228000E+0	987,884000E+3	12,000000E+0
453	885,000000E+0	18,830000E+0	29,999000E+0	988,052000E+3	12,000000E+0
454	885,000000E+0	18,830000E+0	30,228000E+0	988,219000E+3	12,000000E+0
455	885,000000E+0	18,830000E+0	30,228000E+0	988,387000E+3	12,000000E+0
456	885,000000E+0	18,830000E+0	30,457000E+0	988,555000E+3	12,000000E+0
457	885,000000E+0	18,830000E+0	30,686000E+0	988,722000E+3	12,000000E+0
458	885,000000E+0	18,830000E+0	30,915000E+0	988,890000E+3	12,000000E+0
459	885,000000E+0	18,830000E+0	30,915000E+0	989,059000E+3	12,000000E+0
460	885,000000E+0	18,830000E+0	31,144000E+0	989,227000E+3	12,000000E+0
461	885,000000E+0	18,830000E+0	31,144000E+0	989,396000E+3	12,000000E+0
462	885,000000E+0	18,830000E+0	30,915000E+0	989,561000E+3	12,000000E+0
463	885,000000E+0	18,830000E+0	30,686000E+0	989,730000E+3	12,000000E+0
464	885,000000E+0	18,830000E+0	30,457000E+0	989,897000E+3	12,000000E+0
465	885,000000E+0	18,830000E+0	30,228000E+0	990,064000E+3	12,000000E+0
466	885,000000E+0	18,830000E+0	30,228000E+0	990,232000E+3	12,000000E+0
467	885,000000E+0	18,830000E+0	30,457000E+0	990,402000E+3	12,000000E+0
468	885,000000E+0	18,830000E+0	30,228000E+0	990,568000E+3	12,000000E+0
469	885,000000E+0	18,830000E+0	30,228000E+0	990,737000E+3	12,000000E+0
470	885,000000E+0	18,830000E+0	30,457000E+0	990,904000E+3	12,000000E+0
471	885,000000E+0	18,830000E+0	30,686000E+0	991,072000E+3	12,000000E+0
472	885,000000E+0	18,830000E+0	30,686000E+0	991,240000E+3	12,000000E+0
473	885,000000E+0	18,830000E+0	30,686000E+0	991,406000E+3	12,000000E+0
474	885,000000E+0	18,830000E+0	30,686000E+0	991,573000E+3	12,000000E+0
475	885,000000E+0	18,830000E+0	30,686000E+0	991,740000E+3	12,000000E+0
476	885,000000E+0	18,830000E+0	30,457000E+0	991,907000E+3	12,000000E+0
477	885,000000E+0	18,830000E+0	30,228000E+0	992,074000E+3	12,000000E+0
478	885,000000E+0	18,830000E+0	29,999000E+0	992,241000E+3	12,000000E+0
479	885,000000E+0	18,830000E+0	30,228000E+0	992,409000E+3	12,000000E+0
480	885,000000E+0	18,830000E+0	30,457000E+0	992,578000E+3	12,000000E+0
481	885,000000E+0	18,830000E+0	30,457000E+0	992,746000E+3	12,000000E+0
482	885,000000E+0	18,830000E+0	30,686000E+0	992,913000E+3	12,000000E+0
483	885,000000E+0	18,830000E+0	30,915000E+0	993,081000E+3	12,000000E+0
484	885,000000E+0	18,830000E+0	31,144000E+0	993,249000E+3	12,000000E+0
485	885,000000E+0	18,830000E+0	31,144000E+0	993,416000E+3	12,000000E+0
486	885,000000E+0	18,830000E+0	31,144000E+0	993,585000E+3	12,000000E+0
487	885,000000E+0	18,830000E+0	30,915000E+0	993,752000E+3	12,000000E+0
488	885,000000E+0	18,830000E+0	30,686000E+0	993,920000E+3	12,000000E+0
489	885,000000E+0	18,830000E+0	30,457000E+0	994,088000E+3	12,000000E+0
490	885,000000E+0	18,830000E+0	30,228000E+0	994,255000E+3	12,000000E+0
491	885,000000E+0	18,830000E+0	30,228000E+0	994,423000E+3	12,000000E+0
492	885,000000E+0	18,830000E+0	30,457000E+0	994,591000E+3	12,000000E+0
493	885,000000E+0	18,830000E+0	30,457000E+0	994,759000E+3	12,000000E+0
494	885,000000E+0	18,830000E+0	30,457000E+0	994,928000E+3	12,000000E+0
495	885,000000E+0	18,830000E+0	30,686000E+0	995,096000E+3	12,000000E+0
496	885,000000E+0	18,830000E+0	30,686000E+0	995,263000E+3	12,000000E+0
497	885,000000E+0	18,830000E+0	30,915000E+0	995,428000E+3	12,000000E+0
498	885,000000E+0	18,830000E+0	30,686000E+0	995,596000E+3	12,000000E+0
499	885,000000E+0	18,830000E+0	30,686000E+0	995,762000E+3	12,000000E+0
500	885,000000E+0	18,830000E+0	30,457000E+0	995,929000E+3	12,000000E+0
501	885,000000E+0	18,830000E+0	30,228000E+0	996,096000E+3	12,000000E+0
502	885,000000E+0	18,830000E+0	30,228000E+0	996,263000E+3	12,000000E+0
503	885,000000E+0	18,830000E+0	30,228000E+0	996,430000E+3	12,000000E+0
504	885,000000E+0	18,830000E+0	30,228000E+0	996,599000E+3	12,000000E+0
505	885,000000E+0	18,830000E+0	30,457000E+0	996,767000E+3	12,000000E+0
506	885,000000E+0	18,830000E+0	30,686000E+0	996,934000E+3	12,000000E+0
507	885,000000E+0	18,830000E+0	30,915000E+0	997,104000E+3	12,000000E+0
508	885,000000E+0	18,830000E+0	31,144000E+0	997,272000E+3	12,000000E+0
509	885,000000E+0	18,830000E+0	31,144000E+0	997,439000E+3	12,000000E+0
510	885,000000E+0	18,830000E+0	31,144000E+0	997,606000E+3	12,000000E+0
511	885,000000E+0	18,830000E+0	31,144000E+0	997,773000E+3	12,000000E+0
512	885,000000E+0	18,830000E+0	30,686000E+0	997,942000E+3	12,000000E+0
513	885,000000E+0	18,830000E+0	30,457000E+0	998,110000E+3	12,000000E+0
514	885,000000E+0	18,830000E+0	30,228000E+0	998,277000E+3	12,000000E+0
515	885,000000E+0	18,830000E+0	29,999000E+0	998,446000E+3	12,000000E+0
516	885,000000E+0	18,830000E+0	30,228000E+0	998,621000E+3	12,000000E+0
517	30,000000E+0	228,650000E+0	105,256873E+3	132,000000E+0	1,574100E+3
518	885,000000E+0	18,830000E+0	30,457000E+0	998,950000E+3	12,000000E+0
519	885,000000E+0	18,830000E+0	30,686000E+0	999,118000E+3	12,000000E+0
520	885,000000E+0	18,830000E+0	30,686000E+0	999,286000E+3	12,000000E+0
521	885,000000E+0	18,830000E+0	30,915000E+0	999,454000E+3	12,000000E+0
522	885,000000E+0	18,830000E+0	30,686000E+0	999,620000E+3	12,000000E+0
523	885,000000E+0	18,830000E+0	30,686000E+0	999,786000E+3	12,000000E+0
524	885,000000E+0	18,830000E+0	30,457000E+0	999,952000E+3	12,000000E+0
525	885,000000E+0	18,830000E+0	30,457000E+0	1,000121E+6	12,000000E+0
526	885,000000E+0	18,830000E+0	30,228000E+0	1,000286E+6	12,000000E+0
527	885,000000E+0	18,830000E+0	30,228000E+0	1,000454E+6	12,000000E+0
528	885,000000E+0	18,830000E+0	30,228000E+0	1,000623E+6	12,000000E+0
529	885,000000E+0	18,830000E+0	30,228000E+0	1,000790E+6	12,000000E+0
530	885,000000E+0	18,830000E+0	30,457000E+0	1,000960E+6	12,000000E+0
531	885,000000E+0	18,830000E+0	30,915000E+0	1,001127E+6	12,000000E+0
532	885,000000E+0	18,830000E+0	30,915000E+0	1,001295E+6	12,000000E+0
533	885,000000E+0	18,830000E+0	31,144000E+0	1,001462E+6	12,000000E+0
534	885,000000E+0	18,830000E+0	31,144000E+0	1,001630E+6	12,000000E+0
535	885,000000E+0	18,830000E+0	31,144000E+0	1,001799E+6	12,000000E+0
536	885,000000E+0	18,830000E+0	30,915000E+0	1,001964E+6	12,000000E+0
537	885,000000E+0	18,830000E+0	30,686000E+0	1,002135E+6	12,000000E+0
538	885,000000E+0	18,830000E+0	30,228000E+0	1,002303E+6	12,000000E+0
539	885,000000E+0	18,830000E+0	29,999000E+0	1,002470E+6	12,000000E+0
540	885,000000E+0	18,830000E+0	30,228000E+0	1,002637E+6	12,000000E+0
541	885,000000E+0	18,830000E+0	30,228000E+0	1,002806E+6	12,000000E+0
542	885,000000E+0	18,830000E+0	30,457000E+0	1,002974E+6	12,000000E+0
543	885,000000E+0	18,830000E+0	30,457000E+0	1,003141E+6	12,000000E+0
544	885,000000E+0	18,830000E+0	30,686000E+0	1,003309E+6	12,000000E+0
545	885,000000E+0	18,830000E+0	30,915000E+0	1,003479E+6	12,000000E+0
546	885,000000E+0	18,830000E+0	30,915000E+0	1,003643E+6	12,000000E+0
547	885,000000E+0	18,830000E+0	30,915000E+0	1,003812E+6	12,000000E+0
548	885,000000E+0	18,830000E+0	30,686000E+0	1,003977E+6	12,000000E+0
549	885,000000E+0	18,830000E+0	30,457000E+0	1,004145E+6	12,000000E+0
550	885,000000E+0	18,830000E+0	30,228000E+0	1,004312E+6	12,000000E+0
551	885,000000E+0	18,830000E+0	30,228000E+0	1,004479E+6	12,000000E+0
552	885,000000E+0	18,830000E+0	30,228000E+0	1,004648E+6	12,000000E+0
553	885,000000E+0	18,830000E+0	30,457000E+0	1,004815E+6	12,000000E+0
554	885,000000E+0	18,830000E+0	30,457000E+0	1,004983E+6	12,000000E+0
555	885,000000E+0	18,830000E+0	30,686000E+0	1,005151E+6	12,000000E+0
556	885,000000E+0	18,830000E+0	30,915000E+0	1,005319E+6	12,000000E+0
557	885,000000E+0	18,830000E+0	31,144000E+0	1,005487E+6	12,000000E+0
558	885,000000E+0	18,830000E+0	31,144000E+0	1,005655E+6	12,000000E+0
559	885,000000E+0	18,830000E+0	31,144000E+0	1,005825E+6	12,000000E+0
560	885,000000E+0	18,830000E+0	30,915000E+0	1,005993E+6	12,000000E+0
561	885,000000E+0	18,830000E+0	30,686000E+0	1,006160E+6	12,000000E+0
562	885,000000E+0	18,830000E+0	30,686000E+0	1,006329E+6	12,000000E+0
563	885,000000E+0	18,830000E+0	30,228000E+0	1,006495E+6	12,000000E+0
564	885,000000E+0	18,830000E+0	30,228000E+0	1,006664E+6	12,000000E+0
565	885,000000E+0	18,830000E+0	30,228000E+0	1,006832E+6	12,000000E+0
566	885,000000E+0	18,830000E+0	30,228000E+0	1,006996E+6	12,000000E+0
567	885,000000E+0	18,830000E+0	30,457000E+0	1,007168E+6	12,000000E+0
568	885,000000E+0	18,830000E+0	30,686000E+0	1,007335E+6	12,000000E+0
569	885,000000E+0	18,830000E+0	30,915000E+0	1,007505E+6	12,000000E+0
570	885,000000E+0	18,830000E+0	30,915000E+0	1,007669E+6	12,000000E+0
571	885,000000E+0	18,830000E+0	30,915000E+0	1,007839E+6	12,000000E+0
572	885,000000E+0	18,830000E+0	30,686000E+0	1,008005E+6	12,000000E+0
573	885,000000E+0	18,830000E+0	30,457000E+0	1,008172E+6	12,000000E+0
574	885,000000E+0	18,830000E+0	30,228000E+0	1,008338E+6	12,000000E+0
575	885,000000E+0	18,830000E+0	30,228000E+0	1,008505E+6	12,000000E+0
576	885,000000E+0	18,830000E+0	30,228000E+0	1,008671E+6	12,000000E+0
577	885,000000E+0	18,830000E+0	30,228000E+0	1,008841E+6	12,000000E+0
578	885,000000E+0	18,830000E+0	30,457000E+0	1,009009E+6	12,000000E+0
579	885,000000E+0	18,830000E+0	30,457000E+0	1,009176E+6	12,000000E+0
580	885,000000E+0	18,830000E+0	30,915000E+0	1,009344E+6	12,000000E+0
581	885,000000E+0	18,830000E+0	31,144000E+0	1,009512E+6	12,000000E+0
582	885,000000E+0	18,830000E+0	31,144000E+0	1,009681E+6	12,000000E+0
583	885,000000E+0	18,830000E+0	31,144000E+0	1,009849E+6	12,000000E+0
584	885,000000E+0	18,830000E+0	31,144000E+0	1,010017E+6	12,000000E+0
585	885,000000E+0	18,830000E+0	30,915000E+0	1,010183E+6	12,000000E+0
586	885,000000E+0	18,830000E+0	30,686000E+0	1,010352E+6	12,000000E+0
587	885,000000E+0	18,830000E+0	30,457000E+0	1,010519E+6	12,000000E+0
588	885,000000E+0	18,830000E+0	30,228000E+0	1,010689E+6	12,000000E+0
589	885,000000E+0	18,830000E+0	30,228000E+0	1,010858E+6	12,000000E+0
590	885,000000E+0	18,830000E+0	29,999000E+0	1,011024E+6	12,000000E+0
591	885,000000E+0	16,140000E+0	30,457000E+0	1,011192E+6	12,000000E+0
592	885,000000E+0	16,140000E+0	30,457000E+0	1,011360E+6	12,000000E+0
593	885,000000E+0	16,140000E+0	30,686000E+0	1,011527E+6	12,000000E+0
594	885,000000E+0	16,140000E+0	30,915000E+0	1,011697E+6	12,000000E+0
595	885,000000E+0	16,140000E+0	30,915000E+0	1,011861E+6	12,000000E+0
596	885,000000E+0	16,140000E+0	30,915000E+0	1,012030E+6	12,000000E+0
597	885,000000E+0	16,140000E+0	30,686000E+0	1,012195E+6	12,000000E+0
598	885,000000E+0	16,140000E+0	30,457000E+0	1,012363E+6	12,000000E+0
599	885,000000E+0	18,830000E+0	30,228000E+0	1,012531E+6	12,000000E+0
600	885,000000E+0	18,830000E+0	29,999000E+0	1,012696E+6	12,000000E+0
601	885,000000E+0	18,830000E+0	30,228000E+0	1,012864E+6	12,000000E+0
602	885,000000E+0	18,830000E+0	30,228000E+0	1,013032E+6	12,000000E+0
603	885,000000E+0	18,830000E+0	30,457000E+0	1,013201E+6	12,000000E+0
604	885,000000E+0	18,830000E+0	30,686000E+0	1,013369E+6	12,000000E+0
605	885,000000E+0	18,830000E+0	30,915000E+0	1,013536E+6	12,000000E+0
606	885,000000E+0	18,830000E+0	31,144000E+0	1,013705E+6	12,000000E+0
607	885,000000E+0	18,830000E+0	31,144000E+0	1,013872E+6	12,000000E+0
608	885,000000E+0	18,830000E+0	31,144000E+0	1,014041E+6	12,000000E+0
609	885,000000E+0	18,830000E+0	30,915000E+0	1,014208E+6	12,000000E+0
610	885,000000E+0	18,830000E+0	30,686000E+0	1,014377E+6	12,000000E+0
611	885,000000E+0	18,830000E+0	30,457000E+0	1,014544E+6	12,000000E+0
612	885,000000E+0	18,830000E+0	30,228000E+0	1,014710E+6	12,000000E+0
613	885,000000E+0	18,830000E+0	30,228000E+0	1,014880E+6	12,000000E+0
614	885,000000E+0	18,830000E+0	30,457000E+0	1,015047E+6	12,000000E+0
615	885,000000E+0	18,830000E+0	30,228000E+0	1,015215E+6	12,000000E+0
616	885,000000E+0	18,830000E+0	30,457000E+0	1,015382E+6	12,000000E+0
617	885,000000E+0	18,830000E+0	30,686000E+0	1,015550E+6	12,000000E+0
618	885,000000E+0	18,830000E+0	30,686000E+0	1,015717E+6	12,000000E+0
619	885,000000E+0	18,830000E+0	30,686000E+0	1,015882E+6	12,000000E+0
620	885,000000E+0	18,830000E+0	30,686000E+0	1,016050E+6	12,000000E+0
621	885,000000E+0	18,830000E+0	30,686000E+0	1,016217E+6	12,000000E+0
622	885,000000E+0	18,830000E+0	30,457000E+0	1,016384E+6	12,000000E+0
623	885,000000E+0	18,830000E+0	30,457000E+0	1,016553E+6	12,000000E+0
624	885,000000E+0	18,830000E+0	30,228000E+0	1,016719E+6	12,000000E+0
625	885,000000E+0	18,830000E+0	29,999000E+0	1,016887E+6	12,000000E+0
626	885,000000E+0	18,830000E+0	30,228000E+0	1,017052E+6	12,000000E+0
627	885,000000E+0	18,830000E+0	30,457000E+0	1,017223E+6	12,000000E+0
628	885,000000E+0	18,830000E+0	30,686000E+0	1,017391E+6	12,000000E+0
629	885,000000E+0	18,830000E+0	30,915000E+0	1,017559E+6	12,000000E+0
630	885,000000E+0	18,830000E+0	31,144000E+0	1,017727E+6	12,000000E+0
631	885,000000E+0	18,830000E+0	31,144000E+0	1,017894E+6	12,000000E+0
632	885,000000E+0	18,830000E+0	31,144000E+0	1,018063E+6	12,000000E+0
633	885,000000E+0	18,830000E+0	30,915000E+0	1,018230E+6	12,000000E+0
634	885,000000E+0	18,830000E+0	30,686000E+0	1,018397E+6	12,000000E+0
635	885,000000E+0	18,830000E+0	30,457000E+0	1,018565E+6	12,000000E+0
636	885,000000E+0	18,830000E+0	30,228000E+0	1,018732E+6	12,000000E+0
637	885,000000E+0	18,830000E+0	30,228000E+0	1,018900E+6	12,000000E+0
638	885,000000E+0	18,830000E+0	30,457000E+0	1,019069E+6	12,000000E+0
639	885,000000E+0	18,830000E+0	30,228000E+0	1,019237E+6	12,000000E+0
640	885,000000E+0	18,830000E+0	30,228000E+0	1,019405E+6	12,000000E+0
641	885,000000E+0	18,830000E+0	30,457000E+0	1,019572E+6	12,000000E+0
642	885,000000E+0	18,830000E+0	30,686000E+0	1,019739E+6	12,000000E+0
643	885,000000E+0	18,830000E+0	30,686000E+0	1,019909E+6	12,000000E+0
644	885,000000E+0	18,830000E+0	30,686000E+0	1,020074E+6	12,000000E+0
645	885,000000E+0	18,830000E+0	30,686000E+0	1,020242E+6	12,000000E+0
646	885,000000E+0	18,830000E+0	30,457000E+0	1,020408E+6	12,000000E+0
647	885,000000E+0	18,830000E+0	30,457000E+0	1,020575E+6	12,000000E+0
648	885,000000E+0	18,830000E+0	30,228000E+0	1,020743E+6	12,000000E+0
649	885,000000E+0	18,830000E+0	29,999000E+0	1,020910E+6	12,000000E+0
650	885,000000E+0	18,830000E+0	30,228000E+0	1,021076E+6	12,000000E+0
651	885,000000E+0	18,830000E+0	30,228000E+0	1,021243E+6	12,000000E+0
652	885,000000E+0	18,830000E+0	30,457000E+0	1,021413E+6	12,000000E+0
653	885,000000E+0	18,830000E+0	30,686000E+0	1,021581E+6	12,000000E+0
654	885,000000E+0	18,830000E+0	31,144000E+0	1,021747E+6	12,000000E+0
655	885,000000E+0	18,830000E+0	31,144000E+0	1,021915E+6	12,000000E+0
656	885,000000E+0	18,830000E+0	31,144000E+0	1,022082E+6	12,000000E+0
657	885,000000E+0	18,830000E+0	30,915000E+0	1,022250E+6	12,000000E+0
658	885,000000E+0	18,830000E+0	30,915000E+0	1,022418E+6	12,000000E+0
659	885,000000E+0	18,830000E+0	30,686000E+0	1,022587E+6	12,000000E+0
660	885,000000E+0	18,830000E+0	30,228000E+0	1,022753E+6	12,000000E+0
661	885,000000E+0	18,830000E+0	30,228000E+0	1,022920E+6	12,000000E+0
662	885,000000E+0	18,830000E+0	30,228000E+0	1,023089E+6	12,000000E+0
663	885,000000E+0	18,830000E+0	30,228000E+0	1,023257E+6	12,000000E+0
664	885,000000E+0	18,830000E+0	30,457000E+0	1,023426E+6	12,000000E+0
665	885,000000E+0	18,830000E+0	30,457000E+0	1,023594E+6	12,000000E+0
666	885,000000E+0	18,830000E+0	30,686000E+0	1,023761E+6	12,000000E+0
667	885,000000E+0	18,830000E+0	30,915000E+0	1,023929E+6	12,000000E+0
668	885,000000E+0	18,830000E+0	30,915000E+0	1,024094E+6	12,000000E+0
669	885,000000E+0	18,830000E+0	30,686000E+0	1,024263E+6	12,000000E+0
670	885,000000E+0	18,830000E+0	30,686000E+0	1,024429E+6	12,000000E+0
671	885,000000E+0	18,830000E+0	30,457000E+0	1,024596E+6	12,000000E+0
672	885,000000E+0	18,830000E+0	30,457000E+0	1,024763E+6	12,000000E+0
673	885,000000E+0	18,830000E+0	30,228000E+0	1,024931E+6	12,000000E+0
674	885,000000E+0	18,830000E+0	30,228000E+0	1,025098E+6	12,000000E+0
675	885,000000E+0	18,830000E+0	30,228000E+0	1,025265E+6	12,000000E+0
676	885,000000E+0	18,830000E+0	30,457000E+0	1,025433E+6	12,000000E+0
677	885,000000E+0	18,830000E+0	30,686000E+0	1,025599E+6	12,000000E+0
678	885,000000E+0	18,830000E+0	30,915000E+0	1,025769E+6	12,000000E+0
679	885,000000E+0	18,830000E+0	31,144000E+0	1,025937E+6	12,000000E+0
680	885,000000E+0	18,830000E+0	31,144000E+0	1,026106E+6	12,000000E+0
681	885,000000E+0	18,830000E+0	31,144000E+0	1,026274E+6	12,000000E+0
682	885,000000E+0	18,830000E+0	30,915000E+0	1,026439E+6	12,000000E+0
683	885,000000E+0	18,830000E+0	30,915000E+0	1,026608E+6	12,000000E+0
684	885,000000E+0	18,830000E+0	30,457000E+0	1,026776E+6	12,000000E+0
685	885,000000E+0	18,830000E+0	30,228000E+0	1,026942E+6	12,000000E+0
686	885,000000E+0	18,830000E+0	30,228000E+0	1,027112E+6	12,000000E+0
687	885,000000E+0	18,830000E+0	30,228000E+0	1,027281E+6	12,000000E+0
688	885,000000E+0	18,830000E+0	30,228000E+0	1,027447E+6	12,000000E+0
689	885,000000E+0	18,830000E+0	30,457000E+0	1,027615E+6	12,000000E+0
690	885,000000E+0	18,830000E+0	30,686000E+0	1,027784E+6	12,000000E+0
691	885,000000E+0	18,830000E+0	30,686000E+0	1,027951E+6	12,000000E+0
692	885,000000E+0	18,830000E+0	30,686000E+0	1,028119E+6	12,000000E+0
693	885,000000E+0	18,830000E+0	30,915000E+0	1,028286E+6	12,000000E+0
694	885,000000E+0	18,830000E+0	30,686000E+0	1,028452E+6	12,000000E+0
695	885,000000E+0	18,830000E+0	30,457000E+0	1,028618E+6	12,000000E+0
696	885,000000E+0	18,830000E+0	30,457000E+0	1,028786E+6	12,000000E+0
697	885,000000E+0	18,830000E+0	30,228000E+0	1,028953E+6	12,000000E+0
698	885,000000E+0	18,830000E+0	30,228000E+0	1,029119E+6	12,000000E+0
699	885,000000E+0	18,830000E+0	30,457000E+0	1,029288E+6	12,000000E+0
700	885,000000E+0	18,830000E+0	30,228000E+0	1,029455E+6	12,000000E+0
701	885,000000E+0	18,830000E+0	30,457000E+0	1,029624E+6	12,000000E+0
702	885,000000E+0	18,830000E+0	30,686000E+0	1,029791E+6	12,000000E+0
703	885,000000E+0	18,830000E+0	31,144000E+0	1,029960E+6	12,000000E+0
704	885,000000E+0	18,830000E+0	31,144000E+0	1,030127E+6	12,000000E+0
705	885,000000E+0	18,830000E+0	31,144000E+0	1,030295E+6	12,000000E+0
706	885,000000E+0	18,830000E+0	31,144000E+0	1,030464E+6	12,000000E+0
707	885,000000E+0	18,830000E+0	30,915000E+0	1,030630E+6	12,000000E+0
708	885,000000E+0	18,830000E+0	30,686000E+0	1,030799E+6	12,000000E+0
709	885,000000E+0	18,830000E+0	30,457000E+0	1,030966E+6	12,000000E+0
710	885,000000E+0	18,830000E+0	29,999000E+0	1,031133E+6	12,000000E+0
711	885,000000E+0	18,830000E+0	30,228000E+0	1,031300E+6	12,000000E+0
712	885,000000E+0	18,830000E+0	30,228000E+0	1,031469E+6	12,000000E+0
713	885,000000E+0	18,830000E+0	30,228000E+0	1,031636E+6	12,000000E+0
714	885,000000E+0	18,830000E+0	30,457000E+0	1,031805E+6	12,000000E+0
715	885,000000E+0	18,830000E+0	30,686000E+0	1,031972E+6	12,000000E+0
716	885,000000E+0	18,830000E+0	30,915000E+0	1,032141E+6	12,000000E+0
717	885,000000E+0	18,830000E+0	30,915000E+0	1,032306E+6	12,000000E+0
718	885,000000E+0	18,830000E+0	30,915000E+0	1,032474E+6	12,000000E+0
719	885,000000E+0	18,830000E+0	30,686000E+0	1,032642E+6	12,000000E+0
720	885,000000E+0	18,830000E+0	30,457000E+0	1,032810E+6	12,000000E+0
721	885,000000E+0	18,830000E+0	30,228000E+0	1,032976E+6	12,000000E+0
722	885,000000E+0	18,830000E+0	30,228000E+0	1,033144E+6	12,000000E+0
723	885,000000E+0	18,830000E+0	30,228000E+0	1,033311E+6	12,000000E+0
724	885,000000E+0	18,830000E+0	30,457000E+0	1,033479E+6	12,000000E+0
725	885,000000E+0	18,830000E+0	30,457000E+0	1,033647E+6	12,000000E+0
726	885,000000E+0	18,830000E+0	30,686000E+0	1,033814E+6	12,000000E+0
727	885,000000E+0	18,830000E+0	30,915000E+0	1,033981E+6	12,000000E+0
728	885,000000E+0	18,830000E+0	31,144000E+0	1,034150E+6	12,000000E+0
729	885,000000E+0	18,830000E+0	31,144000E+0	1,034319E+6	12,000000E+0
730	885,000000E+0	18,830000E+0	31,144000E+0	1,034487E+6	12,000000E+0
731	885,000000E+0	18,830000E+0	31,144000E+0	1,034654E+6	12,000000E+0
732	885,000000E+0	18,830000E+0	30,686000E+0	1,034822E+6	12,000000E+0
733	885,000000E+0	18,830000E+0	30,457000E+0	1,034990E+6	12,000000E+0
734	885,000000E+0	18,830000E+0	30,228000E+0	1,035156E+6	12,000000E+0
735	885,000000E+0	18,830000E+0	30,228000E+0	1,035326E+6	12,000000E+0
736	885,000000E+0	18,830000E+0	30,228000E+0	1,035494E+6	12,000000E+0
737	885,000000E+0	18,830000E+0	30,228000E+0	1,035661E+6	12,000000E+0
738	885,000000E+0	18,830000E+0	30,457000E+0	1,035829E+6	12,000000E+0
739	885,000000E+0	18,830000E+0	30,686000E+0	1,035997E+6	12,000000E+0
740	885,000000E+0	18,830000E+0	30,686000E+0	1,036164E+6	12,000000E+0
741	885,000000E+0	18,830000E+0	30,915000E+0	1,036332E+6	12,000000E+0
742	885,000000E+0	18,830000E+0	30,915000E+0	1,036500E+6	12,000000E+0
743	885,000000E+0	18,830000E+0	30,686000E+0	1,036665E+6	12,000000E+0
744	885,000000E+0	18,830000E+0	30,457000E+0	1,036831E+6	12,000000E+0
745	885,000000E+0	18,830000E+0	30,457000E+0	1,036999E+6	12,000000E+0
746	885,000000E+0	18,830000E+0	30,228000E+0	1,037166E+6	12,000000E+0
747	885,000000E+0	18,830000E+0	30,228000E+0	1,037333E+6	12,000000E+0
748	885,000000E+0	18,830000E+0	30,457000E+0	1,037502E+6	12,000000E+0
749	885,000000E+0	18,830000E+0	30,457000E+0	1,037670E+6	12,000000E+0
750	885,000000E+0	18,830000E+0	30,686000E+0	1,037838E+6	12,000000E+0
751	885,000000E+0	18,830000E+0	30,686000E+0	1,038006E+6	12,000000E+0
752	885,000000E+0	18,830000E+0	30,915000E+0	1,038173E+6	12,000000E+0
753	885,000000E+0	18,830000E+0	31,144000E+0	1,038341E+6	12,000000E+0
754	885,000000E+0	18,830000E+0	31,144000E+0	1,038508E+6	12,000000E+0
755	885,000000E+0	18,830000E+0	31,144000E+0	1,038676E+6	12,000000E+0
756	885,000000E+0	18,830000E+0	30,915000E+0	1,038842E+6	12,000000E+0
757	885,000000E+0	18,830000E+0	30,686000E+0	1,039012E+6	12,000000E+0
758	885,000000E+0	18,830000E+0	30,228000E+0	1,039178E+6	12,000000E+0
759	885,000000E+0	18,830000E+0	30,228000E+0	1,039347E+6	12,000000E+0
760	885,000000E+0	18,830000E+0	30,228000E+0	1,039515E+6	12,000000E+0
761	885,000000E+0	18,830000E+0	30,228000E+0	1,039683E+6	12,000000E+0
762	885,000000E+0	18,830000E+0	30,228000E+0	1,039850E+6	12,000000E+0
763	885,000000E+0	18,830000E+0	30,457000E+0	1,040018E+6	12,000000E+0
764	885,000000E+0	18,830000E+0	30,686000E+0	1,040187E+6	12,000000E+0
765	885,000000E+0	18,830000E+0	30,686000E+0	1,040354E+6	12,000000E+0
766	885,000000E+0	18,830000E+0	30,915000E+0	1,040519E+6	12,000000E+0
767	885,000000E+0	18,830000E+0	30,686000E+0	1,040688E+6	12,000000E+0
768	885,000000E+0	18,830000E+0	30,686000E+0	1,040853E+6	12,000000E+0
769	885,000000E+0	18,830000E+0	30,457000E+0	1,041022E+6	12,000000E+0
770	885,000000E+0	18,830000E+0	30,228000E+0	1,041189E+6	12,000000E+0
771	885,000000E+0	18,830000E+0	30,228000E+0	1,041356E+6	12,000000E+0
772	885,000000E+0	18,830000E+0	30,228000E+0	1,041523E+6	12,000000E+0
773	885,000000E+0	18,830000E+0	30,457000E+0	1,041692E+6	12,000000E+0
774	885,000000E+0	18,830000E+0	30,457000E+0	1,041860E+6	12,000000E+0
775	885,000000E+0	18,830000E+0	30,686000E+0	1,042028E+6	12,000000E+0
776	885,000000E+0	18,830000E+0	30,915000E+0	1,042195E+6	12,000000E+0
777	885,000000E+0	18,830000E+0	31,144000E+0	1,042363E+6	12,000000E+0
778	885,000000E+0	18,830000E+0	31,144000E+0	1,042530E+6	12,000000E+0
779	885,000000E+0	18,830000E+0	31,144000E+0	1,042699E+6	12,000000E+0
780	885,000000E+0	18,830000E+0	30,915000E+0	1,042866E+6	12,000000E+0
781	885,000000E+0	18,830000E+0	30,686000E+0	1,043034E+6	12,000000E+0
782	885,000000E+0	18,830000E+0	30,457000E+0	1,043203E+6	12,000000E+0
783	885,000000E+0	18,830000E+0	30,228000E+0	1,043369E+6	12,000000E+0
784	885,000000E+0	18,830000E+0	30,228000E+0	1,043538E+6	12,000000E+0
785	885,000000E+0	18,830000E+0	30,228000E+0	1,043706E+6	12,000000E+0
786	885,000000E+0	18,830000E+0	30,228000E+0	1,043875E+6	12,000000E+0
787	885,000000E+0	18,830000E+0	30,228000E+0	1,044042E+6	12,000000E+0
788	885,000000E+0	18,830000E+0	30,686000E+0	1,044210E+6	12,000000E+0
789	885,000000E+0	18,830000E+0	30,686000E+0	1,044377E+6	12,000000E+0
790	885,000000E+0	18,830000E+0	30,915000E+0	1,044543E+6	12,000000E+0
791	885,000000E+0	18,830000E+0	30,686000E+0	1,044711E+6	12,000000E+0
792	885,000000E+0	18,830000E+0	30,686000E+0	1,044878E+6	12,000000E+0
793	885,000000E+0	18,830000E+0	30,457000E+0	1,045044E+6	12,000000E+0
794	885,000000E+0	18,830000E+0	30,457000E+0	1,045212E+6	12,000000E+0
795	885,000000E+0	18,830000E+0	30,228000E+0	1,045378E+6	12,000000E+0
796	885,000000E+0	18,830000E+0	30,228000E+0	1,045546E+6	12,000000E+0
797	885,000000E+0	18,830000E+0	30,228000E+0	1,045713E+6	12,000000E+0
798	885,000000E+0	18,830000E+0	30,457000E+0	1,045881E+6	12,000000E+0
799	885,000000E+0	18,830000E+0	30,686000E+0	1,046048E+6	12,000000E+0
800	885,000000E+0	18,830000E+0	30,915000E+0	1,046218E+6	12,000000E+0
801	885,000000E+0	18,830000E+0	31,144000E+0	1,046386E+6	12,000000E+0
802	885,000000E+0	18,830000E+0	31,144000E+0	1,046556E+6	12,000000E+0
803	885,000000E+0	18,830000E+0	31,144000E+0	1,046723E+6	12,000000E+0
804	885,000000E+0	18,830000E+0	30,915000E+0	1,046890E+6	12,000000E+0
805	885,000000E+0	18,830000E+0	30,915000E+0	1,047057E+6	12,000000E+0
806	885,000000E+0	18,830000E+0	30,457000E+0	1,047226E+6	12,000000E+0
807	885,000000E+0	18,830000E+0	30,457000E+0	1,047394E+6	12,000000E+0
808	885,000000E+0	18,830000E+0	30,228000E+0	1,047561E+6	12,000000E+0
809	885,000000E+0	18,830000E+0	30,228000E+0	1,047730E+6	12,000000E+0
810	885,000000E+0	18,830000E+0	30,228000E+0	1,047897E+6	12,000000E+0
811	885,000000E+0	18,830000E+0	30,457000E+0	1,048066E+6	12,000000E+0
812	885,000000E+0	18,830000E+0	30,457000E+0	1,048233E+6	12,000000E+0
813	885,000000E+0	18,830000E+0	30,686000E+0	1,048400E+6	12,000000E+0
814	885,000000E+0	18,830000E+0	30,915000E+0	1,048570E+6	12,000000E+0
815	885,000000E+0	18,830000E+0	30,686000E+0	1,048751E+6	12,000000E+0
816	885,000000E+0	18,830000E+0	30,686000E+0	1,048942E+6	12,000000E+0
817	885,000000E+0	18,830000E+0	30,457000E+0	1,049152E+6	12,000000E+0
818	885,000000E+0	18,830000E+0	30,457000E+0	1,049319E+6	12,000000E+0
819	885,000000E+0	18,830000E+0	30,228000E+0	1,049529E+6	12,000000E+0
820	885,000000E+0	18,830000E+0	30,228000E+0	1,049697E+6	12,000000E+0
821	885,000000E+0	18,830000E+0	30,228000E+0	1,049864E+6	12,000000E+0
822	885,000000E+0	18,830000E+0	30,457000E+0	1,050032E+6	12,000000E+0
823	885,000000E+0	18,830000E+0	30,686000E+0	1,050199E+6	12,000000E+0
824	885,000000E+0	18,830000E+0	30,915000E+0	1,050367E+6	12,000000E+0
825	885,000000E+0	18,830000E+0	31,144000E+0	1,050535E+6	12,000000E+0
826	885,000000E+0	18,830000E+0	31,144000E+0	1,050703E+6	12,000000E+0
827	885,000000E+0	18,830000E+0	31,144000E+0	1,050871E+6	12,000000E+0
828	885,000000E+0	18,830000E+0	30,915000E+0	1,051037E+6	12,000000E+0
829	885,000000E+0	18,830000E+0	30,915000E+0	1,051206E+6	12,000000E+0
830	885,000000E+0	18,830000E+0	30,457000E+0	1,051375E+6	12,000000E+0
831	885,000000E+0	18,830000E+0	30,228000E+0	1,051540E+6	12,000000E+0
832	885,000000E+0	18,830000E+0	30,228000E+0	1,051711E+6	12,000000E+0
833	885,000000E+0	18,830000E+0	30,228000E+0	1,051877E+6	12,000000E+0
834	885,000000E+0	18,830000E+0	30,228000E+0	1,052045E+6	12,000000E+0
835	885,000000E+0	18,830000E+0	30,457000E+0	1,052213E+6	12,000000E+0
836	885,000000E+0	18,830000E+0	30,686000E+0	1,052381E+6	12,000000E+0
837	885,000000E+0	18,830000E+0	30,686000E+0	1,052549E+6	12,000000E+0
838	885,000000E+0	18,830000E+0	30,915000E+0	1,052716E+6	12,000000E+0
839	885,000000E+0	18,830000E+0	30,915000E+0	1,052883E+6	12,000000E+0
840	885,000000E+0	18,830000E+0	30,686000E+0	1,053049E+6	12,000000E+0
841	885,000000E+0	18,830000E+0	30,457000E+0	1,053215E+6	12,000000E+0
842	885,000000E+0	18,830000E+0	30,457000E+0	1,053384E+6	12,000000E+0
843	885,000000E+0	18,830000E+0	30,228000E+0	1,053549E+6	12,000000E+0
844	885,000000E+0	18,830000E+0	30,228000E+0	1,053717E+6	12,000000E+0
845	885,000000E+0	18,830000E+0	30,228000E+0	1,053885E+6	12,000000E+0
846	885,000000E+0	18,830000E+0	30,457000E+0	1,054056E+6	12,000000E+0
847	885,000000E+0	18,830000E+0	30,457000E+0	1,054223E+6	12,000000E+0
848	885,000000E+0	18,830000E+0	30,915000E+0	1,054392E+6	12,000000E+0
849	885,000000E+0	18,830000E+0	31,144000E+0	1,054560E+6	12,000000E+0
850	885,000000E+0	18,830000E+0	31,144000E+0	1,054727E+6	12,000000E+0
851	885,000000E+0	18,830000E+0	31,144000E+0	1,054896E+6	12,000000E+0
852	885,000000E+0	18,830000E+0	31,144000E+0	1,055060E+6	12,000000E+0
853	885,000000E+0	18,830000E+0	30,915000E+0	1,055228E+6	12,000000E+0
854	885,000000E+0	18,830000E+0	30,686000E+0	1,055398E+6	12,000000E+0
855	885,000000E+0	18,830000E+0	30,457000E+0	1,055566E+6	12,000000E+0
856	885,000000E+0	18,830000E+0	30,228000E+0	1,055734E+6	12,000000E+0
857	885,000000E+0	18,830000E+0	30,228000E+0	1,055901E+6	12,000000E+0
858	885,000000E+0	18,830000E+0	30,228000E+0	1,056068E+6	12,000000E+0
859	885,000000E+0	18,830000E+0	30,228000E+0	1,056236E+6	12,000000E+0
860	885,000000E+0	18,830000E+0	30,457000E+0	1,056404E+6	12,000000E+0
861	885,000000E+0	18,830000E+0	30,686000E+0	1,056570E+6	12,000000E+0
862	885,000000E+0	18,830000E+0	30,915000E+0	1,056741E+6	12,000000E+0
863	885,000000E+0	18,830000E+0	30,915000E+0	1,056905E+6	12,000000E+0
864	885,000000E+0	18,830000E+0	30,686000E+0	1,057074E+6	12,000000E+0
865	885,000000E+0	18,830000E+0	30,686000E+0	1,057239E+6	12,000000E+0
866	885,000000E+0	18,830000E+0	30,228000E+0	1,057407E+6	12,000000E+0
867	885,000000E+0	18,830000E+0	30,228000E+0	1,057574E+6	12,000000E+0
868	885,000000E+0	18,830000E+0	30,228000E+0	1,057743E+6	12,000000E+0
869	885,000000E+0	18,830000E+0	30,228000E+0	1,057911E+6	12,000000E+0
870	885,000000E+0	18,830000E+0	30,457000E+0	1,058078E+6	12,000000E+0
871	885,000000E+0	16,140000E+0	30,457000E+0	1,058245E+6	12,000000E+0
872	885,000000E+0	16,140000E+0	30,686000E+0	1,058413E+6	12,000000E+0
873	885,000000E+0	16,140000E+0	30,915000E+0	1,058580E+6	12,000000E+0
874	885,000000E+0	16,140000E+0	31,144000E+0	1,058749E+6	12,000000E+0
875	885,000000E+0	16,140000E+0	31,144000E+0	1,058917E+6	12,000000E+0
876	885,000000E+0	16,140000E+0	30,915000E+0	1,059085E+6	12,000000E+0
877	885,000000E+0	16,140000E+0	30,915000E+0	1,059252E+6	12,000000E+0
878	885,000000E+0	16,140000E+0	30,686000E+0	1,059420E+6	12,000000E+0
879	885,000000E+0	16,140000E+0	30,457000E+0	1,059589E+6	12,000000E+0
880	885,000000E+0	16,140000E+0	30,457000E+0	1,059755E+6	12,000000E+0
881	885,000000E+0	16,140000E+0	30,228000E+0	1,059927E+6	12,000000E+0
882	885,000000E+0	18,830000E+0	30,228000E+0	1,060091E+6	12,000000E+0
883	885,000000E+0	16,140000E+0	30,228000E+0	1,060261E+6	12,000000E+0
884	885,000000E+0	18,830000E+0	30,457000E+0	1,060429E+6	12,000000E+0
885	885,000000E+0	18,830000E+0	30,686000E+0	1,060598E+6	12,000000E+0
886	885,000000E+0	18,830000E+0	30,686000E+0	1,060765E+6	12,000000E+0
887	885,000000E+0	18,830000E+0	30,686000E+0	1,060930E+6	12,000000E+0
888	885,000000E+0	18,830000E+0	30,915000E+0	1,061098E+6	12,000000E+0
889	885,000000E+0	18,830000E+0	30,686000E+0	1,061265E+6	12,000000E+0
890	885,000000E+0	18,830000E+0	30,457000E+0	1,061432E+6	12,000000E+0
891	885,000000E+0	18,830000E+0	30,228000E+0	1,061598E+6	12,000000E+0
892	885,000000E+0	18,830000E+0	29,999000E+0	1,061763E+6	12,000000E+0
893	885,000000E+0	18,830000E+0	30,228000E+0	1,061933E+6	12,000000E+0
894	885,000000E+0	18,830000E+0	30,457000E+0	1,062100E+6	12,000000E+0
895	885,000000E+0	18,830000E+0	30,457000E+0	1,062269E+6	12,000000E+0
896	885,000000E+0	18,830000E+0	30,686000E+0	1,062436E+6	12,000000E+0
897	885,000000E+0	16,140000E+0	30,915000E+0	1,062606E+6	12,000000E+0
898	885,000000E+0	16,140000E+0	30,915000E+0	1,062773E+6	12,000000E+0
899	885,000000E+0	16,140000E+0	31,144000E+0	1,062941E+6	12,000000E+0
900	885,000000E+0	16,140000E+0	31,144000E+0	1,063110E+6	12,000000E+0
901	885,000000E+0	16,140000E+0	30,915000E+0	1,063276E+6	12,000000E+0
902	885,000000E+0	16,140000E+0	30,915000E+0	1,063443E+6	12,000000E+0
903	885,000000E+0	16,140000E+0	30,457000E+0	1,063613E+6	12,000000E+0
904	885,000000E+0	16,140000E+0	30,457000E+0	1,063780E+6	12,000000E+0
905	885,000000E+0	16,140000E+0	30,228000E+0	1,063948E+6	12,000000E+0
906	885,000000E+0	16,140000E+0	30,457000E+0	1,064118E+6	12,000000E+0
907	885,000000E+0	16,140000E+0	30,228000E+0	1,064284E+6	12,000000E+0
908	885,000000E+0	16,140000E+0	30,228000E+0	1,064453E+6	12,000000E+0
909	885,000000E+0	16,140000E+0	30,686000E+0	1,064620E+6	12,000000E+0
910	885,000000E+0	16,140000E+0	30,686000E+0	1,064788E+6	12,000000E+0
911	885,000000E+0	16,140000E+0	30,686000E+0	1,064957E+6	12,000000E+0
912	885,000000E+0	16,140000E+0	30,915000E+0	1,065122E+6	12,000000E+0
913	885,000000E+0	18,830000E+0	30,686000E+0	1,065290E+6	12,000000E+0
914	885,000000E+0	18,830000E+0	30,686000E+0	1,065456E+6	12,000000E+0
915	885,000000E+0	18,830000E+0	30,457000E+0	1,065624E+6	12,000000E+0
916	885,000000E+0	18,830000E+0	30,228000E+0	1,065791E+6	12,000000E+0
917	885,000000E+0	18,830000E+0	29,999000E+0	1,065957E+6	12,000000E+0
918	885,000000E+0	18,830000E+0	30,228000E+0	1,066125E+6	12,000000E+0
919	885,000000E+0	18,830000E+0	30,457000E+0	1,066293E+6	12,000000E+0
920	885,000000E+0	18,830000E+0	30,457000E+0	1,066461E+6	12,000000E+0
921	885,000000E+0	18,830000E+0	30,686000E+0	1,066629E+6	12,000000E+0
922	885,000000E+0	18,830000E+0	30,915000E+0	1,066798E+6	12,000000E+0
923	885,000000E+0	18,830000E+0	31,144000E+0	1,066966E+6	12,000000E+0
924	885,000000E+0	18,830000E+0	31,144000E+0	1,067134E+6	12,000000E+0
925	885,000000E+0	18,830000E+0	31,144000E+0	1,067303E+6	12,000000E+0
926	885,000000E+0	16,140000E+0	30,915000E+0	1,067468E+6	12,000000E+0
927	885,000000E+0	16,140000E+0	30,686000E+0	1,067637E+6	12,000000E+0
928	885,000000E+0	16,140000E+0	30,457000E+0	1,067805E+6	12,000000E+0
929	885,000000E+0	16,140000E+0	30,228000E+0	1,067971E+6	12,000000E+0
930	885,000000E+0	16,140000E+0	30,228000E+0	1,068140E+6	12,000000E+0
931	885,000000E+0	16,140000E+0	30,457000E+0	1,068308E+6	12,000000E+0
932	885,000000E+0	18,830000E+0	30,457000E+0	1,068477E+6	12,000000E+0
933	885,000000E+0	18,830000E+0	30,457000E+0	1,068645E+6	12,000000E+0
934	885,000000E+0	18,830000E+0	30,686000E+0	1,068813E+6	12,000000E+0
935	885,000000E+0	18,830000E+0	30,686000E+0	1,068982E+6	12,000000E+0
936	885,000000E+0	18,830000E+0	30,686000E+0	1,069146E+6	12,000000E+0
937	885,000000E+0	18,830000E+0	30,686000E+0	1,069314E+6	12,000000E+0
938	885,000000E+0	18,830000E+0	30,686000E+0	1,069479E+6	12,000000E+0
939	885,000000E+0	18,830000E+0	30,457000E+0	1,069648E+6	12,000000E+0
940	885,000000E+0	18,830000E+0	30,457000E+0	1,069816E+6	12,000000E+0
941	885,000000E+0	18,830000E+0	30,228000E+0	1,069982E+6	12,000000E+0
942	885,000000E+0	18,830000E+0	30,228000E+0	1,070150E+6	12,000000E+0
943	885,000000E+0	18,830000E+0	30,228000E+0	1,070318E+6	12,000000E+0
944	885,000000E+0	18,830000E+0	30,457000E+0	1,070486E+6	12,000000E+0
945	885,000000E+0	18,830000E+0	30,686000E+0	1,070653E+6	12,000000E+0
946	885,000000E+0	18,830000E+0	30,915000E+0	1,070822E+6	12,000000E+0
947	885,000000E+0	18,830000E+0	31,144000E+0	1,070991E+6	12,000000E+0
948	885,000000E+0	18,830000E+0	31,144000E+0	1,071158E+6	12,000000E+0
949	885,000000E+0	18,830000E+0	31,144000E+0	1,071327E+6	12,000000E+0
950	885,000000E+0	18,830000E+0	31,144000E+0	1,071493E+6	12,000000E+0
951	885,000000E+0	18,830000E+0	30,686000E+0	1,071662E+6	12,000000E+0
952	885,000000E+0	18,830000E+0	30,457000E+0	1,071830E+6	12,000000E+0
953	885,000000E+0	18,830000E+0	30,228000E+0	1,071996E+6	12,000000E+0
954	885,000000E+0	18,830000E+0	30,228000E+0	1,072165E+6	12,000000E+0
955	885,000000E+0	18,830000E+0	30,457000E+0	1,072335E+6	12,000000E+0
956	885,000000E+0	18,830000E+0	30,228000E+0	1,072501E+6	12,000000E+0
957	885,000000E+0	18,830000E+0	30,457000E+0	1,072670E+6	12,000000E+0
958	885,000000E+0	18,830000E+0	30,686000E+0	1,072838E+6	12,000000E+0
959	885,000000E+0	18,830000E+0	30,686000E+0	1,073006E+6	12,000000E+0
960	885,000000E+0	18,830000E+0	30,915000E+0	1,073174E+6	12,000000E+0
961	885,000000E+0	18,830000E+0	30,686000E+0	1,073340E+6	12,000000E+0
962	885,000000E+0	18,830000E+0	30,686000E+0	1,073506E+6	12,000000E+0
963	885,000000E+0	18,830000E+0	30,457000E+0	1,073673E+6	12,000000E+0
964	885,000000E+0	18,830000E+0	30,457000E+0	1,073841E+6	12,000000E+0
965	885,000000E+0	18,830000E+0	30,228000E+0	1,074008E+6	12,000000E+0
966	885,000000E+0	18,830000E+0	30,228000E+0	1,074175E+6	12,000000E+0
967	885,000000E+0	18,830000E+0	30,228000E+0	1,074343E+6	12,000000E+0
968	885,000000E+0	18,830000E+0	30,228000E+0	1,074510E+6	12,000000E+0
969	885,000000E+0	18,830000E+0	30,457000E+0	1,074679E+6	12,000000E+0
970	885,000000E+0	18,830000E+0	30,915000E+0	1,074846E+6	12,000000E+0
971	885,000000E+0	18,830000E+0	31,144000E+0	1,075015E+6	12,000000E+0
972	885,000000E+0	18,830000E+0	31,144000E+0	1,075183E+6	12,000000E+0
973	885,000000E+0	18,830000E+0	31,144000E+0	1,075350E+6	12,000000E+0
974	885,000000E+0	18,830000E+0	31,144000E+0	1,075519E+6	12,000000E+0
975	885,000000E+0	18,830000E+0	30,915000E+0	1,075685E+6	12,000000E+0
976	885,000000E+0	18,830000E+0	30,686000E+0	1,075855E+6	12,000000E+0
977	885,000000E+0	18,830000E+0	30,228000E+0	1,076022E+6	12,000000E+0
978	885,000000E+0	18,830000E+0	29,999000E+0	1,076189E+6	12,000000E+0
979	885,000000E+0	18,830000E+0	30,228000E+0	1,076357E+6	12,000000E+0
980	885,000000E+0	18,830000E+0	30,228000E+0	1,076526E+6	12,000000E+0
981	885,000000E+0	18,830000E+0	30,228000E+0	1,076692E+6	12,000000E+0
982	885,000000E+0	18,830000E+0	30,686000E+0	1,076861E+6	12,000000E+0
983	885,000000E+0	18,830000E+0	30,686000E+0	1,077028E+6	12,000000E+0
984	885,000000E+0	18,830000E+0	30,915000E+0	1,077198E+6	12,000000E+0
985	885,000000E+0	18,830000E+0	30,915000E+0	1,077362E+6	12,000000E+0
986	885,000000E+0	18,830000E+0	30,686000E+0	1,077531E+6	12,000000E+0
987	885,000000E+0	18,830000E+0	30,686000E+0	1,077697E+6	12,000000E+0
988	885,000000E+0	18,830000E+0	30,228000E+0	1,077865E+6	12,000000E+0
989	885,000000E+0	18,830000E+0	30,457000E+0	1,078031E+6	12,000000E+0
990	885,000000E+0	18,830000E+0	30,228000E+0	1,078199E+6	12,000000E+0
991	885,000000E+0	18,830000E+0	30,228000E+0	1,078365E+6	12,000000E+0
992	885,000000E+0	18,830000E+0	30,457000E+0	1,078534E+6	12,000000E+0
993	885,000000E+0	18,830000E+0	30,457000E+0	1,078702E+6	12,000000E+0
994	885,000000E+0	18,830000E+0	30,686000E+0	1,078869E+6	12,000000E+0
995	885,000000E+0	18,830000E+0	30,915000E+0	1,079037E+6	12,000000E+0
996	885,000000E+0	18,830000E+0	31,144000E+0	1,079205E+6	12,000000E+0
997	885,000000E+0	18,830000E+0	31,144000E+0	1,079375E+6	12,000000E+0
998	885,000000E+0	18,830000E+0	31,144000E+0	1,079542E+6	12,000000E+0
999	885,000000E+0	18,830000E+0	30,915000E+0	1,079709E+6	12,000000E+0
1000	885,000000E+0	18,830000E+0	30,686000E+0	1,079877E+6	12,000000E+0
1001	885,000000E+0	18,830000E+0	30,457000E+0	1,080046E+6	12,000000E+0
1002	885,000000E+0	18,830000E+0	30,228000E+0	1,080213E+6	12,000000E+0
1003	885,000000E+0	18,830000E+0	29,999000E+0	1,080381E+6	12,000000E+0
1004	885,000000E+0	18,830000E+0	30,228000E+0	1,080549E+6	12,000000E+0
1005	885,000000E+0	18,830000E+0	30,228000E+0	1,080716E+6	12,000000E+0
1006	885,000000E+0	18,830000E+0	30,457000E+0	1,080884E+6	12,000000E+0
1007	885,000000E+0	18,830000E+0	30,686000E+0	1,081052E+6	12,000000E+0
1008	885,000000E+0	18,830000E+0	30,686000E+0	1,081220E+6	12,000000E+0
1009	885,000000E+0	18,830000E+0	30,915000E+0	1,081387E+6	12,000000E+0
1010	885,000000E+0	18,830000E+0	30,915000E+0	1,081556E+6	12,000000E+0
1011	885,000000E+0	18,830000E+0	30,686000E+0	1,081721E+6	12,000000E+0
1012	885,000000E+0	18,830000E+0	30,457000E+0	1,081888E+6	12,000000E+0
1013	885,000000E+0	18,830000E+0	30,228000E+0	1,082055E+6	12,000000E+0
1014	885,000000E+0	18,830000E+0	30,228000E+0	1,082222E+6	12,000000E+0
1015	885,000000E+0	18,830000E+0	30,228000E+0	1,082392E+6	12,000000E+0
1016	885,000000E+0	18,830000E+0	30,228000E+0	1,082558E+6	12,000000E+0
1017	885,000000E+0	18,830000E+0	30,457000E+0	1,082727E+6	12,000000E+0
1018	885,000000E+0	18,830000E+0	30,457000E+0	1,082895E+6	12,000000E+0
1019	885,000000E+0	18,830000E+0	30,686000E+0	1,083063E+6	12,000000E+0
1020	885,000000E+0	18,830000E+0	31,144000E+0	1,083230E+6	12,000000E+0
1021	885,000000E+0	18,830000E+0	31,144000E+0	1,083398E+6	12,000000E+0
1022	885,000000E+0	18,830000E+0	31,144000E+0	1,083565E+6	12,000000E+0
1023	885,000000E+0	18,830000E+0	31,144000E+0	1,083733E+6	12,000000E+0
1024	885,000000E+0	18,830000E+0	30,915000E+0	1,083900E+6	12,000000E+0
1025	885,000000E+0	18,830000E+0	30,686000E+0	1,084069E+6	12,000000E+0
1026	885,000000E+0	18,830000E+0	30,457000E+0	1,084237E+6	12,000000E+0
1027	885,000000E+0	18,830000E+0	30,228000E+0	1,084406E+6	12,000000E+0
1028	885,000000E+0	18,830000E+0	30,228000E+0	1,084573E+6	12,000000E+0
1029	885,000000E+0	18,830000E+0	29,999000E+0	1,084740E+6	12,000000E+0
1030	885,000000E+0	18,830000E+0	30,228000E+0	1,084911E+6	12,000000E+0
1031	885,000000E+0	18,830000E+0	30,457000E+0	1,085077E+6	12,000000E+0
1032	885,000000E+0	18,830000E+0	30,686000E+0	1,085244E+6	12,000000E+0
1033	885,000000E+0	18,830000E+0	30,915000E+0	1,085414E+6	12,000000E+0
1034	885,000000E+0	18,830000E+0	30,915000E+0	1,085578E+6	12,000000E+0
1035	885,000000E+0	18,830000E+0	30,915000E+0	1,085746E+6	12,000000E+0
1036	885,000000E+0	18,830000E+0	30,686000E+0	1,085912E+6	12,000000E+0
1037	885,000000E+0	18,830000E+0	30,457000E+0	1,086081E+6	12,000000E+0
1038	885,000000E+0	18,830000E+0	30,228000E+0	1,086249E+6	12,000000E+0
1039	885,000000E+0	18,830000E+0	29,999000E+0	1,086415E+6	12,000000E+0
1040	885,000000E+0	18,830000E+0	30,228000E+0	1,086582E+6	12,000000E+0
1041	885,000000E+0	18,830000E+0	30,457000E+0	1,086748E+6	12,000000E+0
1042	885,000000E+0	18,830000E+0	30,457000E+0	1,086918E+6	12,000000E+0
1043	885,000000E+0	18,830000E+0	30,686000E+0	1,087086E+6	12,000000E+0
1044	885,000000E+0	18,830000E+0	30,915000E+0	1,087253E+6	12,000000E+0
1045	885,000000E+0	18,830000E+0	31,144000E+0	1,087422E+6	12,000000E+0
1046	885,000000E+0	18,830000E+0	31,144000E+0	1,087589E+6	12,000000E+0
1047	885,000000E+0	18,830000E+0	31,144000E+0	1,087758E+6	12,000000E+0
1048	885,000000E+0	18,830000E+0	30,915000E+0	1,087925E+6	12,000000E+0
1049	885,000000E+0	18,830000E+0	30,686000E+0	1,088094E+6	12,000000E+0
1050	885,000000E+0	18,830000E+0	30,457000E+0	1,088263E+6	12,000000E+0
1051	885,000000E+0	18,830000E+0	30,228000E+0	1,088430E+6	12,000000E+0
1052	885,000000E+0	18,830000E+0	30,228000E+0	1,088599E+6	12,000000E+0
1053	885,000000E+0	18,830000E+0	30,457000E+0	1,088765E+6	12,000000E+0
1054	885,000000E+0	18,830000E+0	30,228000E+0	1,088933E+6	12,000000E+0
1055	885,000000E+0	18,830000E+0	30,457000E+0	1,089101E+6	12,000000E+0
1056	885,000000E+0	18,830000E+0	30,686000E+0	1,089269E+6	12,000000E+0
1057	885,000000E+0	18,830000E+0	30,686000E+0	1,089436E+6	12,000000E+0
1058	885,000000E+0	18,830000E+0	30,915000E+0	1,089602E+6	12,000000E+0
1059	885,000000E+0	18,830000E+0	30,686000E+0	1,089770E+6	12,000000E+0
1060	885,000000E+0	18,830000E+0	30,686000E+0	1,089937E+6	12,000000E+0
1061	885,000000E+0	18,830000E+0	30,457000E+0	1,090105E+6	12,000000E+0
1062	885,000000E+0	18,830000E+0	30,457000E+0	1,090271E+6	12,000000E+0
1063	885,000000E+0	18,830000E+0	30,228000E+0	1,090438E+6	12,000000E+0
1064	885,000000E+0	18,830000E+0	29,999000E+0	1,090608E+6	12,000000E+0
1065	885,000000E+0	18,830000E+0	30,457000E+0	1,090773E+6	12,000000E+0
1066	885,000000E+0	18,830000E+0	30,457000E+0	1,090942E+6	12,000000E+0
1067	885,000000E+0	18,830000E+0	30,686000E+0	1,091111E+6	12,000000E+0
1068	885,000000E+0	18,830000E+0	30,915000E+0	1,091280E+6	12,000000E+0
1069	885,000000E+0	18,830000E+0	31,144000E+0	1,091448E+6	12,000000E+0
1070	885,000000E+0	18,830000E+0	31,144000E+0	1,091615E+6	12,000000E+0
1071	885,000000E+0	18,830000E+0	31,144000E+0	1,091784E+6	12,000000E+0
1072	885,000000E+0	18,830000E+0	30,915000E+0	1,091952E+6	12,000000E+0
1073	885,000000E+0	18,830000E+0	30,686000E+0	1,092118E+6	12,000000E+0
1074	885,000000E+0	18,830000E+0	30,686000E+0	1,092287E+6	12,000000E+0
1075	885,000000E+0	18,830000E+0	30,228000E+0	1,092453E+6	12,000000E+0
1076	885,000000E+0	18,830000E+0	30,228000E+0	1,092622E+6	12,000000E+0
1077	885,000000E+0	18,830000E+0	30,457000E+0	1,092792E+6	12,000000E+0
1078	885,000000E+0	18,830000E+0	30,228000E+0	1,092960E+6	12,000000E+0
1079	885,000000E+0	18,830000E+0	30,457000E+0	1,093127E+6	12,000000E+0
1080	885,000000E+0	18,830000E+0	30,457000E+0	1,093294E+6	12,000000E+0
1081	885,000000E+0	18,830000E+0	30,686000E+0	1,093462E+6	12,000000E+0
1082	885,000000E+0	18,830000E+0	30,686000E+0	1,093632E+6	12,000000E+0
1083	885,000000E+0	18,830000E+0	30,686000E+0	1,093796E+6	12,000000E+0
1084	885,000000E+0	18,830000E+0	30,915000E+0	1,093965E+6	12,000000E+0
1085	885,000000E+0	18,830000E+0	30,686000E+0	1,094130E+6	12,000000E+0
1086	885,000000E+0	18,830000E+0	30,457000E+0	1,094298E+6	12,000000E+0
1087	885,000000E+0	18,830000E+0	30,228000E+0	1,094465E+6	12,000000E+0
1088	885,000000E+0	18,830000E+0	30,228000E+0	1,094632E+6	12,000000E+0
1089	885,000000E+0	18,830000E+0	30,228000E+0	1,094800E+6	12,000000E+0
1090	885,000000E+0	18,830000E+0	30,228000E+0	1,094967E+6	12,000000E+0
1091	885,000000E+0	18,830000E+0	30,457000E+0	1,095136E+6	12,000000E+0
1092	885,000000E+0	18,830000E+0	30,686000E+0	1,095305E+6	12,000000E+0
1093	885,000000E+0	18,830000E+0	30,915000E+0	1,095472E+6	12,000000E+0
1094	885,000000E+0	18,830000E+0	31,144000E+0	1,095641E+6	12,000000E+0
1095	885,000000E+0	18,830000E+0	31,144000E+0	1,095808E+6	12,000000E+0
1096	885,000000E+0	18,830000E+0	31,144000E+0	1,095976E+6	12,000000E+0
1097	885,000000E+0	18,830000E+0	30,915000E+0	1,096144E+6	12,000000E+0
1098	885,000000E+0	18,830000E+0	30,686000E+0	1,096313E+6	12,000000E+0
1099	885,000000E+0	18,830000E+0	30,457000E+0	1,096479E+6	12,000000E+0
1100	885,000000E+0	18,830000E+0	30,228000E+0	1,096646E+6	12,000000E+0
1101	885,000000E+0	18,830000E+0	30,228000E+0	1,096814E+6	12,000000E+0
1102	885,000000E+0	18,830000E+0	30,228000E+0	1,096983E+6	12,000000E+0
1103	885,000000E+0	18,830000E+0	30,457000E+0	1,097151E+6	12,000000E+0
1104	885,000000E+0	18,830000E+0	30,457000E+0	1,097319E+6	12,000000E+0
1105	885,000000E+0	18,830000E+0	30,686000E+0	1,097486E+6	12,000000E+0
1106	885,000000E+0	18,830000E+0	30,915000E+0	1,097655E+6	12,000000E+0
1107	885,000000E+0	16,140000E+0	30,915000E+0	1,097821E+6	12,000000E+0
1108	885,000000E+0	16,140000E+0	30,686000E+0	1,097988E+6	12,000000E+0
1109	885,000000E+0	16,140000E+0	30,686000E+0	1,098153E+6	12,000000E+0
1110	885,000000E+0	16,140000E+0	30,457000E+0	1,098321E+6	12,000000E+0
1111	885,000000E+0	16,140000E+0	30,457000E+0	1,098489E+6	12,000000E+0
1112	885,000000E+0	16,140000E+0	30,228000E+0	1,098657E+6	12,000000E+0
1113	885,000000E+0	16,140000E+0	30,228000E+0	1,098824E+6	12,000000E+0
1114	885,000000E+0	16,140000E+0	30,228000E+0	1,098992E+6	12,000000E+0
1115	885,000000E+0	16,140000E+0	30,228000E+0	1,099158E+6	12,000000E+0
1116	885,000000E+0	16,140000E+0	30,686000E+0	1,099326E+6	12,000000E+0
1117	885,000000E+0	16,140000E+0	30,915000E+0	1,099495E+6	12,000000E+0
1118	885,000000E+0	16,140000E+0	31,144000E+0	1,099663E+6	12,000000E+0
1119	885,000000E+0	18,830000E+0	31,144000E+0	1,099831E+6	12,000000E+0
1120	885,000000E+0	18,830000E+0	31,144000E+0	1,099999E+6	12,000000E+0
1121	885,000000E+0	18,830000E+0	30,915000E+0	1,100165E+6	12,000000E+0
1122	885,000000E+0	18,830000E+0	30,915000E+0	1,100334E+6	12,000000E+0
1123	885,000000E+0	18,830000E+0	30,457000E+0	1,100504E+6	12,000000E+0
1124	885,000000E+0	18,830000E+0	30,228000E+0	1,100670E+6	12,000000E+0
1125	885,000000E+0	18,830000E+0	30,228000E+0	1,100838E+6	12,000000E+0
1126	885,000000E+0	18,830000E+0	30,228000E+0	1,101007E+6	12,000000E+0
1127	885,000000E+0	18,830000E+0	30,228000E+0	1,101173E+6	12,000000E+0
1128	885,000000E+0	18,830000E+0	30,457000E+0	1,101342E+6	12,000000E+0
1129	885,000000E+0	18,830000E+0	30,686000E+0	1,101511E+6	12,000000E+0
1130	885,000000E+0	18,830000E+0	30,686000E+0	1,101679E+6	12,000000E+0
1131	885,000000E+0	18,830000E+0	30,686000E+0	1,101846E+6	12,000000E+0
1132	885,000000E+0	18,830000E+0	30,915000E+0	1,102013E+6	12,000000E+0
1133	885,000000E+0	18,830000E+0	30,686000E+0	1,102179E+6	12,000000E+0
1134	885,000000E+0	18,830000E+0	30,457000E+0	1,102346E+6	12,000000E+0
1135	885,000000E+0	18,830000E+0	30,457000E+0	1,102513E+6	12,000000E+0
1136	885,000000E+0	18,830000E+0	30,228000E+0	1,102680E+6	12,000000E+0
1137	885,000000E+0	18,830000E+0	30,228000E+0	1,102846E+6	12,000000E+0
1138	885,000000E+0	18,830000E+0	30,228000E+0	1,103015E+6	12,000000E+0
1139	885,000000E+0	18,830000E+0	30,457000E+0	1,103182E+6	12,000000E+0
1140	885,000000E+0	18,830000E+0	30,457000E+0	1,103351E+6	12,000000E+0
1141	885,000000E+0	18,830000E+0	30,686000E+0	1,103519E+6	12,000000E+0
1142	885,000000E+0	18,830000E+0	31,144000E+0	1,103687E+6	12,000000E+0
1143	885,000000E+0	18,830000E+0	31,144000E+0	1,103854E+6	12,000000E+0
1144	885,000000E+0	18,830000E+0	31,144000E+0	1,104022E+6	12,000000E+0
1145	885,000000E+0	18,830000E+0	31,144000E+0	1,104192E+6	12,000000E+0
1146	885,000000E+0	18,830000E+0	30,915000E+0	1,104359E+6	12,000000E+0
1147	885,000000E+0	18,830000E+0	30,686000E+0	1,104528E+6	12,000000E+0
1148	885,000000E+0	18,830000E+0	30,457000E+0	1,104696E+6	12,000000E+0
1149	885,000000E+0	18,830000E+0	29,999000E+0	1,104863E+6	12,000000E+0
1150	885,000000E+0	18,830000E+0	29,999000E+0	1,105029E+6	12,000000E+0
1151	885,000000E+0	18,830000E+0	30,228000E+0	1,105200E+6	12,000000E+0
1152	885,000000E+0	18,830000E+0	30,228000E+0	1,105366E+6	12,000000E+0
1153	885,000000E+0	18,830000E+0	30,457000E+0	1,105534E+6	12,000000E+0
1154	885,000000E+0	18,830000E+0	30,686000E+0	1,105702E+6	12,000000E+0
1155	885,000000E+0	18,830000E+0	30,915000E+0	1,105871E+6	12,000000E+0
1156	885,000000E+0	18,830000E+0	30,915000E+0	1,106036E+6	12,000000E+0
1157	885,000000E+0	18,830000E+0	30,686000E+0	1,106205E+6	12,000000E+0
1158	885,000000E+0	18,830000E+0	30,686000E+0	1,106370E+6	12,000000E+0
1159	885,000000E+0	18,830000E+0	30,457000E+0	1,106538E+6	12,000000E+0
1160	885,000000E+0	18,830000E+0	30,228000E+0	1,106709E+6	12,000000E+0
1161	885,000000E+0	18,830000E+0	30,228000E+0	1,106872E+6	12,000000E+0
1162	885,000000E+0	18,830000E+0	30,228000E+0	1,107041E+6	12,000000E+0
1163	885,000000E+0	18,830000E+0	30,457000E+0	1,107206E+6	12,000000E+0
1164	885,000000E+0	18,830000E+0	30,457000E+0	1,107374E+6	12,000000E+0
1165	885,000000E+0	18,830000E+0	30,686000E+0	1,107543E+6	12,000000E+0
1166	885,000000E+0	18,830000E+0	30,915000E+0	1,107711E+6	12,000000E+0
1167	885,000000E+0	18,830000E+0	31,144000E+0	1,107879E+6	12,000000E+0
1168	885,000000E+0	18,830000E+0	31,144000E+0	1,108048E+6	12,000000E+0
1169	885,000000E+0	18,830000E+0	31,144000E+0	1,108216E+6	12,000000E+0
1170	885,000000E+0	18,830000E+0	31,144000E+0	1,108383E+6	12,000000E+0
1171	885,000000E+0	18,830000E+0	30,686000E+0	1,108551E+6	12,000000E+0
1172	885,000000E+0	18,830000E+0	30,457000E+0	1,108720E+6	12,000000E+0
1173	885,000000E+0	18,830000E+0	30,228000E+0	1,108884E+6	12,000000E+0
1174	885,000000E+0	18,830000E+0	30,228000E+0	1,109053E+6	12,000000E+0
1175	885,000000E+0	18,830000E+0	30,228000E+0	1,109221E+6	12,000000E+0
1176	885,000000E+0	18,830000E+0	30,228000E+0	1,109388E+6	12,000000E+0
1177	885,000000E+0	18,830000E+0	30,457000E+0	1,109558E+6	12,000000E+0
1178	885,000000E+0	18,830000E+0	30,686000E+0	1,109727E+6	12,000000E+0
1179	885,000000E+0	18,830000E+0	30,686000E+0	1,109894E+6	12,000000E+0
1180	885,000000E+0	18,830000E+0	30,915000E+0	1,110061E+6	12,000000E+0
1181	885,000000E+0	18,830000E+0	30,915000E+0	1,110228E+6	12,000000E+0
1182	885,000000E+0	18,830000E+0	30,686000E+0	1,110396E+6	12,000000E+0
1183	885,000000E+0	18,830000E+0	30,457000E+0	1,110561E+6	12,000000E+0
1184	885,000000E+0	18,830000E+0	30,457000E+0	1,110729E+6	12,000000E+0
1185	885,000000E+0	18,830000E+0	30,228000E+0	1,110894E+6	12,000000E+0
1186	885,000000E+0	18,830000E+0	30,228000E+0	1,111062E+6	12,000000E+0
1187	885,000000E+0	18,830000E+0	30,457000E+0	1,111231E+6	12,000000E+0
1188	885,000000E+0	18,830000E+0	30,457000E+0	1,111399E+6	12,000000E+0
1189	885,000000E+0	18,830000E+0	30,686000E+0	1,111567E+6	12,000000E+0
1190	885,000000E+0	18,830000E+0	30,686000E+0	1,111735E+6	12,000000E+0
1191	885,000000E+0	18,830000E+0	30,915000E+0	1,111903E+6	12,000000E+0
1192	885,000000E+0	18,830000E+0	31,144000E+0	1,112071E+6	12,000000E+0
1193	885,000000E+0	18,830000E+0	31,144000E+0	1,112239E+6	12,000000E+0
1194	885,000000E+0	18,830000E+0	31,144000E+0	1,112406E+6	12,000000E+0
1195	885,000000E+0	18,830000E+0	30,915000E+0	1,112574E+6	12,000000E+0
1196	885,000000E+0	16,140000E+0	30,686000E+0	1,112744E+6	12,000000E+0
1197	885,000000E+0	16,140000E+0	30,457000E+0	1,112911E+6	12,000000E+0
1198	885,000000E+0	16,140000E+0	30,228000E+0	1,113079E+6	12,000000E+0
1199	885,000000E+0	16,140000E+0	30,228000E+0	1,113248E+6	12,000000E+0
1200	885,000000E+0	16,140000E+0	30,228000E+0	1,113414E+6	12,000000E+0
1201	885,000000E+0	16,140000E+0	30,228000E+0	1,113582E+6	12,000000E+0
1202	885,000000E+0	16,140000E+0	30,457000E+0	1,113749E+6	12,000000E+0
1203	885,000000E+0	16,140000E+0	30,686000E+0	1,113917E+6	12,000000E+0
1204	885,000000E+0	16,140000E+0	30,686000E+0	1,114086E+6	12,000000E+0
1205	885,000000E+0	16,140000E+0	30,915000E+0	1,114251E+6	12,000000E+0
1206	885,000000E+0	16,140000E+0	30,686000E+0	1,114419E+6	12,000000E+0
1207	885,000000E+0	16,140000E+0	30,686000E+0	1,114585E+6	12,000000E+0
1208	885,000000E+0	18,830000E+0	30,457000E+0	1,114754E+6	12,000000E+0
1209	885,000000E+0	18,830000E+0	30,228000E+0	1,114920E+6	12,000000E+0
1210	885,000000E+0	18,830000E+0	29,999000E+0	1,115086E+6	12,000000E+0
1211	885,000000E+0	18,830000E+0	30,228000E+0	1,115254E+6	12,000000E+0
1212	885,000000E+0	18,830000E+0	30,457000E+0	1,115421E+6	12,000000E+0
1213	885,000000E+0	18,830000E+0	30,457000E+0	1,115592E+6	12,000000E+0
1214	885,000000E+0	18,830000E+0	30,686000E+0	1,115760E+6	12,000000E+0
1215	885,000000E+0	18,830000E+0	30,915000E+0	1,115928E+6	12,000000E+0
1216	885,000000E+0	18,830000E+0	31,144000E+0	1,116096E+6	12,000000E+0
1217	885,000000E+0	18,830000E+0	31,144000E+0	1,116264E+6	12,000000E+0
1218	885,000000E+0	18,830000E+0	31,144000E+0	1,116432E+6	12,000000E+0
1219	885,000000E+0	18,830000E+0	30,915000E+0	1,116599E+6	12,000000E+0
1220	885,000000E+0	18,830000E+0	30,686000E+0	1,116767E+6	12,000000E+0
1221	885,000000E+0	18,830000E+0	30,457000E+0	1,116935E+6	12,000000E+0
1222	885,000000E+0	18,830000E+0	30,228000E+0	1,117102E+6	12,000000E+0
1223	885,000000E+0	18,830000E+0	30,228000E+0	1,117270E+6	12,000000E+0
1224	885,000000E+0	18,830000E+0	30,228000E+0	1,117439E+6	12,000000E+0
1225	885,000000E+0	18,830000E+0	30,228000E+0	1,117606E+6	12,000000E+0
1226	885,000000E+0	18,830000E+0	30,457000E+0	1,117775E+6	12,000000E+0
1227	885,000000E+0	18,830000E+0	30,686000E+0	1,117942E+6	12,000000E+0
1228	885,000000E+0	18,830000E+0	30,686000E+0	1,118109E+6	12,000000E+0
1229	885,000000E+0	18,830000E+0	30,915000E+0	1,118276E+6	12,000000E+0
1230	885,000000E+0	18,830000E+0	30,686000E+0	1,118442E+6	12,000000E+0
1231	885,000000E+0	18,830000E+0	30,686000E+0	1,118610E+6	12,000000E+0
1232	885,000000E+0	18,830000E+0	30,457000E+0	1,118777E+6	12,000000E+0
1233	885,000000E+0	18,830000E+0	30,457000E+0	1,118945E+6	12,000000E+0
1234	885,000000E+0	18,830000E+0	30,228000E+0	1,119111E+6	12,000000E+0
1235	885,000000E+0	18,830000E+0	30,228000E+0	1,119279E+6	12,000000E+0
1236	885,000000E+0	18,830000E+0	30,228000E+0	1,119445E+6	12,000000E+0
1237	885,000000E+0	18,830000E+0	30,457000E+0	1,119614E+6	12,000000E+0
1238	885,000000E+0	18,830000E+0	30,686000E+0	1,119781E+6	12,000000E+0
1239	885,000000E+0	18,830000E+0	30,915000E+0	1,119951E+6	12,000000E+0
1240	885,000000E+0	18,830000E+0	31,144000E+0	1,120119E+6	12,000000E+0
1241	885,000000E+0	18,830000E+0	31,144000E+0	1,120288E+6	12,000000E+0
1242	885,000000E+0	18,830000E+0	31,144000E+0	1,120455E+6	12,000000E+0
1243	885,000000E+0	18,830000E+0	30,915000E+0	1,120622E+6	12,000000E+0
1244	885,000000E+0	18,830000E+0	30,915000E+0	1,120788E+6	12,000000E+0
1245	885,000000E+0	18,830000E+0	30,457000E+0	1,120957E+6	12,000000E+0
1246	885,000000E+0	18,830000E+0	30,457000E+0	1,121125E+6	12,000000E+0
1247	885,000000E+0	18,830000E+0	30,228000E+0	1,121294E+6	12,000000E+0
1248	885,000000E+0	18,830000E+0	30,228000E+0	1,121463E+6	12,000000E+0
1249	885,000000E+0	18,830000E+0	30,228000E+0	1,121629E+6	12,000000E+0
1250	885,000000E+0	18,830000E+0	30,457000E+0	1,121798E+6	12,000000E+0
1251	885,000000E+0	18,830000E+0	30,457000E+0	1,121966E+6	12,000000E+0
1252	885,000000E+0	18,830000E+0	30,686000E+0	1,122132E+6	12,000000E+0
1253	885,000000E+0	18,830000E+0	30,915000E+0	1,122301E+6	12,000000E+0
1254	885,000000E+0	18,830000E+0	30,686000E+0	1,122469E+6	12,000000E+0
1255	885,000000E+0	18,830000E+0	30,686000E+0	1,122635E+6	12,000000E+0
1256	885,000000E+0	18,830000E+0	30,686000E+0	1,122802E+6	12,000000E+0
1257	885,000000E+0	18,830000E+0	30,457000E+0	1,122969E+6	12,000000E+0
1258	885,000000E+0	18,830000E+0	30,228000E+0	1,123136E+6	12,000000E+0
1259	885,000000E+0	18,830000E+0	30,228000E+0	1,123304E+6	12,000000E+0
1260	885,000000E+0	18,830000E+0	30,228000E+0	1,123471E+6	12,000000E+0
1261	885,000000E+0	18,830000E+0	30,228000E+0	1,123639E+6	12,000000E+0
1262	885,000000E+0	18,830000E+0	30,457000E+0	1,123807E+6	12,000000E+0
1263	885,000000E+0	18,830000E+0	30,686000E+0	1,123975E+6	12,000000E+0
