vendredi 22 décembre 2023	16:46:47	Sampling Period : 40  ms		
Unities: time [sample], PWM [raw], Current [mA], velocity [rev/min], Position [pulse], Present Input Voltage [V]

t	DXL_PWM		DXL_Current		DXL_Velocity		DXL_Position		DXL_Input_Voltage
0	0,000000E+0	0,000000E+0	0,000000E+0	1,023000E+3	12,000000E+0
1	65,451000E+3	176,267630E+3	0,000000E+0	1,022000E+3	12,000000E+0
2	65,346000E+3	176,238040E+3	-1,603000E+0	1,010000E+3	12,000000E+0
3	65,339000E+3	176,251490E+3	-3,893000E+0	986,000000E+0	12,000000E+0
4	65,353000E+3	176,256870E+3	-4,351000E+0	962,000000E+0	12,000000E+0
5	65,367000E+3	176,259560E+3	-3,893000E+0	938,000000E+0	12,000000E+0
6	65,374000E+3	176,259560E+3	-3,435000E+0	918,000000E+0	12,000000E+0
7	65,381000E+3	176,256870E+3	-3,435000E+0	897,000000E+0	12,000000E+0
8	65,402000E+3	176,264940E+3	-3,206000E+0	879,000000E+0	12,000000E+0
9	65,423000E+3	176,264940E+3	-2,977000E+0	863,000000E+0	12,000000E+0
10	65,437000E+3	176,273010E+3	-2,519000E+0	850,000000E+0	12,000000E+0
11	65,465000E+3	176,281080E+3	-1,832000E+0	838,000000E+0	12,000000E+0
12	65,486000E+3	176,289150E+3	-1,374000E+0	830,000000E+0	12,000000E+0
13	65,514000E+3	0,000000E+0	-916,000000E-3	824,000000E+0	12,000000E+0
14	65,521000E+3	176,283770E+3	-458,000000E-3	822,000000E+0	12,000000E+0
15	65,437000E+3	176,262250E+3	-229,000000E-3	819,000000E+0	12,000000E+0
16	65,339000E+3	176,238040E+3	-2,061000E+0	806,000000E+0	12,000000E+0
17	65,282000E+3	176,227280E+3	-4,122000E+0	780,000000E+0	12,000000E+0
18	65,275000E+3	176,240730E+3	-5,496000E+0	749,000000E+0	12,000000E+0
19	65,311000E+3	176,243420E+3	-5,496000E+0	718,000000E+0	12,000000E+0
20	65,388000E+3	176,264940E+3	-4,809000E+0	691,000000E+0	12,000000E+0
21	65,493000E+3	0,000000E+0	-2,977000E+0	675,000000E+0	12,000000E+0
22	49,000000E+0	8,070000E+0	-916,000000E-3	672,000000E+0	12,000000E+0
23	140,000000E+0	32,280000E+0	916,000000E-3	679,000000E+0	12,000000E+0
24	182,000000E+0	29,590000E+0	2,748000E+0	697,000000E+0	12,000000E+0
25	189,000000E+0	32,280000E+0	3,893000E+0	720,000000E+0	12,000000E+0
26	189,000000E+0	32,280000E+0	4,122000E+0	743,000000E+0	12,000000E+0
27	175,000000E+0	26,900000E+0	4,122000E+0	766,000000E+0	12,000000E+0
28	112,000000E+0	10,760000E+0	3,664000E+0	786,000000E+0	12,000000E+0
29	70,000000E+0	0,000000E+0	2,290000E+0	801,000000E+0	12,000000E+0
30	49,000000E+0	0,000000E+0	1,374000E+0	809,000000E+0	12,000000E+0
31	35,000000E+0	0,000000E+0	916,000000E-3	814,000000E+0	12,000000E+0
32	21,000000E+0	0,000000E+0	687,000000E-3	818,000000E+0	12,000000E+0
33	28,000000E+0	0,000000E+0	229,000000E-3	820,000000E+0	12,000000E+0
34	35,000000E+0	2,690000E+0	458,000000E-3	823,000000E+0	12,000000E+0
35	49,000000E+0	2,690000E+0	458,000000E-3	828,000000E+0	12,000000E+0
36	84,000000E+0	13,450000E+0	916,000000E-3	833,000000E+0	12,000000E+0
37	154,000000E+0	29,590000E+0	1,603000E+0	844,000000E+0	12,000000E+0
38	288,000000E+0	64,560000E+0	3,206000E+0	865,000000E+0	12,000000E+0
39	239,000000E+0	37,660000E+0	5,954000E+0	900,000000E+0	12,000000E+0
40	65,514000E+3	176,267630E+3	4,809000E+0	925,000000E+0	12,000000E+0
41	65,303000E+3	176,216520E+3	-229,000000E-3	919,000000E+0	12,000000E+0
42	65,170000E+3	176,197690E+3	-4,809000E+0	887,000000E+0	12,000000E+0
43	65,142000E+3	176,203070E+3	-7,786000E+0	843,000000E+0	12,000000E+0
44	65,177000E+3	176,224590E+3	-8,473000E+0	794,000000E+0	12,000000E+0
45	65,268000E+3	176,248800E+3	-7,786000E+0	751,000000E+0	12,000000E+0
46	65,388000E+3	176,275700E+3	-5,725000E+0	720,000000E+0	12,000000E+0
47	65,514000E+3	5,380000E+0	-3,206000E+0	704,000000E+0	12,000000E+0
48	91,000000E+0	21,520000E+0	-229,000000E-3	704,000000E+0	12,000000E+0
49	147,000000E+0	26,900000E+0	1,603000E+0	715,000000E+0	12,000000E+0
50	182,000000E+0	32,280000E+0	3,206000E+0	734,000000E+0	12,000000E+0
51	189,000000E+0	32,280000E+0	3,893000E+0	756,000000E+0	12,000000E+0
52	140,000000E+0	18,830000E+0	3,893000E+0	778,000000E+0	12,000000E+0
53	91,000000E+0	8,070000E+0	2,977000E+0	794,000000E+0	12,000000E+0
54	56,000000E+0	0,000000E+0	1,832000E+0	806,000000E+0	12,000000E+0
55	35,000000E+0	5,380000E+0	1,145000E+0	812,000000E+0	12,000000E+0
56	28,000000E+0	0,000000E+0	458,000000E-3	816,000000E+0	12,000000E+0
57	28,000000E+0	0,000000E+0	458,000000E-3	820,000000E+0	12,000000E+0
58	28,000000E+0	0,000000E+0	458,000000E-3	822,000000E+0	12,000000E+0
59	42,000000E+0	8,070000E+0	458,000000E-3	825,000000E+0	12,000000E+0
60	63,000000E+0	10,760000E+0	687,000000E-3	831,000000E+0	12,000000E+0
61	112,000000E+0	21,520000E+0	1,145000E+0	838,000000E+0	12,000000E+0
62	203,000000E+0	40,350000E+0	2,290000E+0	853,000000E+0	12,000000E+0
63	316,000000E+0	67,250000E+0	4,351000E+0	880,000000E+0	12,000000E+0
64	119,000000E+0	0,000000E+0	6,641000E+0	916,000000E+0	12,000000E+0
65	65,402000E+3	176,232660E+3	2,519000E+0	926,000000E+0	12,000000E+0
66	65,219000E+3	176,205760E+3	-2,748000E+0	906,000000E+0	12,000000E+0
67	65,142000E+3	176,197690E+3	-6,641000E+0	865,000000E+0	12,000000E+0
68	65,156000E+3	176,213830E+3	-8,244000E+0	818,000000E+0	12,000000E+0
69	65,219000E+3	176,229970E+3	-8,244000E+0	771,000000E+0	12,000000E+0
70	65,332000E+3	176,259560E+3	-6,870000E+0	733,000000E+0	12,000000E+0
71	65,451000E+3	176,289150E+3	-4,351000E+0	710,000000E+0	12,000000E+0
72	35,000000E+0	5,380000E+0	-1,832000E+0	701,000000E+0	12,000000E+0
73	133,000000E+0	32,280000E+0	687,000000E-3	708,000000E+0	12,000000E+0
74	161,000000E+0	32,280000E+0	2,748000E+0	724,000000E+0	12,000000E+0
75	196,000000E+0	34,970000E+0	3,435000E+0	744,000000E+0	12,000000E+0
76	161,000000E+0	21,520000E+0	4,122000E+0	768,000000E+0	12,000000E+0
77	112,000000E+0	13,450000E+0	3,435000E+0	787,000000E+0	12,000000E+0
78	70,000000E+0	0,000000E+0	2,290000E+0	801,000000E+0	12,000000E+0
79	49,000000E+0	0,000000E+0	1,374000E+0	809,000000E+0	12,000000E+0
80	35,000000E+0	0,000000E+0	916,000000E-3	814,000000E+0	12,000000E+0
81	21,000000E+0	0,000000E+0	687,000000E-3	818,000000E+0	12,000000E+0
82	28,000000E+0	2,690000E+0	229,000000E-3	820,000000E+0	12,000000E+0
83	35,000000E+0	0,000000E+0	458,000000E-3	823,000000E+0	12,000000E+0
84	49,000000E+0	8,070000E+0	458,000000E-3	828,000000E+0	12,000000E+0
85	84,000000E+0	16,140000E+0	916,000000E-3	833,000000E+0	12,000000E+0
86	154,000000E+0	32,280000E+0	1,603000E+0	844,000000E+0	12,000000E+0
87	295,000000E+0	69,940000E+0	3,206000E+0	865,000000E+0	12,000000E+0
88	239,000000E+0	37,660000E+0	5,954000E+0	900,000000E+0	12,000000E+0
89	65,514000E+3	176,264940E+3	4,809000E+0	925,000000E+0	12,000000E+0
90	65,296000E+3	176,219210E+3	-229,000000E-3	919,000000E+0	12,000000E+0
91	65,170000E+3	176,205760E+3	-4,809000E+0	887,000000E+0	12,000000E+0
92	65,142000E+3	176,200380E+3	-7,786000E+0	843,000000E+0	12,000000E+0
93	65,170000E+3	176,205760E+3	-8,473000E+0	795,000000E+0	12,000000E+0
94	65,268000E+3	176,240730E+3	-8,015000E+0	751,000000E+0	12,000000E+0
95	65,388000E+3	176,275700E+3	-5,725000E+0	719,000000E+0	12,000000E+0
96	65,514000E+3	5,380000E+0	-3,206000E+0	704,000000E+0	12,000000E+0
97	91,000000E+0	21,520000E+0	-458,000000E-3	703,000000E+0	12,000000E+0
98	147,000000E+0	26,900000E+0	1,603000E+0	715,000000E+0	12,000000E+0
99	182,000000E+0	32,280000E+0	2,977000E+0	734,000000E+0	12,000000E+0
100	189,000000E+0	32,280000E+0	3,893000E+0	756,000000E+0	12,000000E+0
101	140,000000E+0	16,140000E+0	4,122000E+0	779,000000E+0	12,000000E+0
102	91,000000E+0	5,380000E+0	2,977000E+0	794,000000E+0	12,000000E+0
103	56,000000E+0	0,000000E+0	1,832000E+0	806,000000E+0	12,000000E+0
104	35,000000E+0	0,000000E+0	1,145000E+0	812,000000E+0	12,000000E+0
105	28,000000E+0	0,000000E+0	687,000000E-3	816,000000E+0	12,000000E+0
106	28,000000E+0	0,000000E+0	458,000000E-3	819,000000E+0	12,000000E+0
107	28,000000E+0	0,000000E+0	458,000000E-3	822,000000E+0	12,000000E+0
108	42,000000E+0	0,000000E+0	458,000000E-3	826,000000E+0	12,000000E+0
109	63,000000E+0	8,070000E+0	687,000000E-3	831,000000E+0	12,000000E+0
110	112,000000E+0	21,520000E+0	1,145000E+0	839,000000E+0	12,000000E+0
111	203,000000E+0	45,730000E+0	2,290000E+0	853,000000E+0	12,000000E+0
112	316,000000E+0	72,630000E+0	4,351000E+0	880,000000E+0	12,000000E+0
113	126,000000E+0	0,000000E+0	6,412000E+0	916,000000E+0	12,000000E+0
114	65,402000E+3	176,243420E+3	2,519000E+0	926,000000E+0	12,000000E+0
115	65,219000E+3	176,208450E+3	-2,748000E+0	905,000000E+0	12,000000E+0
116	65,142000E+3	176,200380E+3	-6,641000E+0	865,000000E+0	12,000000E+0
117	65,156000E+3	176,219210E+3	-8,244000E+0	817,000000E+0	12,000000E+0
118	65,219000E+3	176,229970E+3	-8,244000E+0	771,000000E+0	12,000000E+0
119	65,325000E+3	176,256870E+3	-6,870000E+0	733,000000E+0	12,000000E+0
120	65,451000E+3	176,289150E+3	-4,580000E+0	710,000000E+0	12,000000E+0
121	35,000000E+0	10,760000E+0	-1,832000E+0	702,000000E+0	12,000000E+0
122	126,000000E+0	26,900000E+0	687,000000E-3	708,000000E+0	12,000000E+0
123	161,000000E+0	24,210000E+0	2,519000E+0	724,000000E+0	12,000000E+0
124	196,000000E+0	34,970000E+0	3,435000E+0	745,000000E+0	12,000000E+0
125	161,000000E+0	21,520000E+0	4,122000E+0	768,000000E+0	12,000000E+0
126	112,000000E+0	10,760000E+0	3,435000E+0	787,000000E+0	12,000000E+0
127	70,000000E+0	2,690000E+0	2,290000E+0	801,000000E+0	12,000000E+0
128	49,000000E+0	0,000000E+0	1,374000E+0	809,000000E+0	12,000000E+0
129	35,000000E+0	0,000000E+0	916,000000E-3	814,000000E+0	12,000000E+0
130	21,000000E+0	0,000000E+0	687,000000E-3	818,000000E+0	12,000000E+0
131	28,000000E+0	0,000000E+0	229,000000E-3	820,000000E+0	12,000000E+0
132	35,000000E+0	0,000000E+0	458,000000E-3	824,000000E+0	12,000000E+0
133	42,000000E+0	2,690000E+0	458,000000E-3	828,000000E+0	12,000000E+0
134	77,000000E+0	16,140000E+0	916,000000E-3	834,000000E+0	12,000000E+0
135	154,000000E+0	34,970000E+0	1,603000E+0	844,000000E+0	12,000000E+0
136	288,000000E+0	69,940000E+0	3,206000E+0	865,000000E+0	12,000000E+0
137	239,000000E+0	37,660000E+0	5,954000E+0	899,000000E+0	12,000000E+0
138	65,514000E+3	176,264940E+3	4,809000E+0	925,000000E+0	12,000000E+0
139	65,303000E+3	176,213830E+3	-229,000000E-3	919,000000E+0	12,000000E+0
140	65,170000E+3	176,200380E+3	-4,809000E+0	888,000000E+0	12,000000E+0
141	65,142000E+3	176,203070E+3	-7,786000E+0	843,000000E+0	12,000000E+0
142	65,177000E+3	176,219210E+3	-8,473000E+0	794,000000E+0	12,000000E+0
143	65,268000E+3	176,243420E+3	-7,786000E+0	751,000000E+0	12,000000E+0
144	65,388000E+3	176,270320E+3	-5,725000E+0	720,000000E+0	12,000000E+0
145	65,514000E+3	5,380000E+0	-2,977000E+0	704,000000E+0	12,000000E+0
146	91,000000E+0	21,520000E+0	-229,000000E-3	704,000000E+0	12,000000E+0
147	147,000000E+0	26,900000E+0	1,603000E+0	716,000000E+0	12,000000E+0
148	182,000000E+0	32,280000E+0	2,977000E+0	734,000000E+0	12,000000E+0
149	189,000000E+0	32,280000E+0	3,893000E+0	756,000000E+0	12,000000E+0
150	140,000000E+0	18,830000E+0	3,893000E+0	778,000000E+0	12,000000E+0
151	91,000000E+0	5,380000E+0	2,977000E+0	794,000000E+0	12,000000E+0
152	56,000000E+0	0,000000E+0	1,832000E+0	806,000000E+0	12,000000E+0
153	35,000000E+0	0,000000E+0	1,145000E+0	812,000000E+0	12,000000E+0
154	28,000000E+0	0,000000E+0	687,000000E-3	816,000000E+0	12,000000E+0
155	28,000000E+0	2,690000E+0	458,000000E-3	819,000000E+0	12,000000E+0
156	28,000000E+0	0,000000E+0	458,000000E-3	822,000000E+0	12,000000E+0
157	42,000000E+0	8,070000E+0	458,000000E-3	825,000000E+0	12,000000E+0
158	63,000000E+0	10,760000E+0	687,000000E-3	831,000000E+0	12,000000E+0
159	112,000000E+0	24,210000E+0	1,145000E+0	838,000000E+0	12,000000E+0
160	203,000000E+0	48,420000E+0	2,290000E+0	853,000000E+0	12,000000E+0
161	316,000000E+0	69,940000E+0	4,351000E+0	880,000000E+0	12,000000E+0
162	119,000000E+0	0,000000E+0	6,641000E+0	916,000000E+0	12,000000E+0
163	65,402000E+3	176,240730E+3	2,519000E+0	926,000000E+0	12,000000E+0
164	65,219000E+3	176,203070E+3	-2,748000E+0	906,000000E+0	12,000000E+0
165	65,142000E+3	176,197690E+3	-6,641000E+0	866,000000E+0	12,000000E+0
166	65,149000E+3	176,213830E+3	-8,244000E+0	818,000000E+0	12,000000E+0
167	65,212000E+3	176,227280E+3	-8,244000E+0	771,000000E+0	12,000000E+0
168	65,325000E+3	176,256870E+3	-6,870000E+0	734,000000E+0	12,000000E+0
169	65,444000E+3	176,286460E+3	-4,580000E+0	710,000000E+0	12,000000E+0
170	42,000000E+0	10,760000E+0	-1,832000E+0	702,000000E+0	12,000000E+0
171	133,000000E+0	32,280000E+0	687,000000E-3	707,000000E+0	12,000000E+0
172	161,000000E+0	29,590000E+0	2,748000E+0	724,000000E+0	12,000000E+0
173	196,000000E+0	34,970000E+0	3,435000E+0	744,000000E+0	12,000000E+0
174	168,000000E+0	21,520000E+0	4,122000E+0	767,000000E+0	12,000000E+0
175	119,000000E+0	13,450000E+0	3,435000E+0	786,000000E+0	12,000000E+0
176	70,000000E+0	0,000000E+0	2,290000E+0	801,000000E+0	12,000000E+0
177	49,000000E+0	0,000000E+0	1,374000E+0	809,000000E+0	12,000000E+0
178	35,000000E+0	0,000000E+0	916,000000E-3	814,000000E+0	12,000000E+0
179	21,000000E+0	0,000000E+0	687,000000E-3	818,000000E+0	12,000000E+0
180	28,000000E+0	0,000000E+0	229,000000E-3	820,000000E+0	12,000000E+0
181	35,000000E+0	2,690000E+0	458,000000E-3	823,000000E+0	12,000000E+0
182	42,000000E+0	2,690000E+0	687,000000E-3	827,000000E+0	12,000000E+0
183	77,000000E+0	8,070000E+0	916,000000E-3	834,000000E+0	12,000000E+0
184	154,000000E+0	32,280000E+0	1,603000E+0	844,000000E+0	12,000000E+0
185	295,000000E+0	69,940000E+0	3,206000E+0	865,000000E+0	12,000000E+0
186	239,000000E+0	34,970000E+0	5,954000E+0	900,000000E+0	12,000000E+0
187	65,514000E+3	176,264940E+3	4,809000E+0	925,000000E+0	12,000000E+0
188	65,303000E+3	176,219210E+3	-229,000000E-3	919,000000E+0	12,000000E+0
189	65,170000E+3	176,203070E+3	-4,809000E+0	887,000000E+0	12,000000E+0
190	65,142000E+3	176,200380E+3	-7,786000E+0	843,000000E+0	12,000000E+0
191	65,177000E+3	176,224590E+3	-8,473000E+0	794,000000E+0	12,000000E+0
192	65,268000E+3	176,248800E+3	-7,786000E+0	751,000000E+0	12,000000E+0
193	65,388000E+3	176,273010E+3	-5,954000E+0	720,000000E+0	12,000000E+0
194	65,514000E+3	2,690000E+0	-3,206000E+0	704,000000E+0	12,000000E+0
195	91,000000E+0	21,520000E+0	-458,000000E-3	703,000000E+0	12,000000E+0
196	147,000000E+0	26,900000E+0	1,603000E+0	716,000000E+0	12,000000E+0
197	182,000000E+0	32,280000E+0	2,977000E+0	734,000000E+0	12,000000E+0
198	189,000000E+0	29,590000E+0	3,893000E+0	756,000000E+0	12,000000E+0
199	140,000000E+0	16,140000E+0	3,893000E+0	778,000000E+0	12,000000E+0
200	91,000000E+0	8,070000E+0	2,977000E+0	794,000000E+0	12,000000E+0
201	56,000000E+0	0,000000E+0	1,832000E+0	806,000000E+0	12,000000E+0
202	35,000000E+0	0,000000E+0	1,145000E+0	812,000000E+0	12,000000E+0
203	28,000000E+0	0,000000E+0	687,000000E-3	816,000000E+0	12,000000E+0
204	28,000000E+0	0,000000E+0	458,000000E-3	819,000000E+0	12,000000E+0
205	28,000000E+0	0,000000E+0	458,000000E-3	822,000000E+0	12,000000E+0
206	42,000000E+0	2,690000E+0	458,000000E-3	826,000000E+0	12,000000E+0
207	56,000000E+0	5,380000E+0	687,000000E-3	830,000000E+0	12,000000E+0
208	112,000000E+0	21,520000E+0	1,145000E+0	838,000000E+0	12,000000E+0
209	203,000000E+0	43,040000E+0	2,290000E+0	853,000000E+0	12,000000E+0
210	309,000000E+0	64,560000E+0	4,351000E+0	880,000000E+0	12,000000E+0
211	119,000000E+0	0,000000E+0	6,412000E+0	916,000000E+0	12,000000E+0
212	65,402000E+3	176,243420E+3	2,519000E+0	926,000000E+0	12,000000E+0
213	65,219000E+3	176,211140E+3	-2,748000E+0	906,000000E+0	12,000000E+0
214	65,142000E+3	176,197690E+3	-6,641000E+0	866,000000E+0	12,000000E+0
215	65,156000E+3	176,216520E+3	-8,244000E+0	817,000000E+0	12,000000E+0
216	65,219000E+3	176,232660E+3	-8,244000E+0	771,000000E+0	12,000000E+0
217	65,325000E+3	176,259560E+3	-6,870000E+0	733,000000E+0	12,000000E+0
218	65,451000E+3	176,289150E+3	-4,580000E+0	710,000000E+0	12,000000E+0
219	35,000000E+0	8,070000E+0	-1,832000E+0	702,000000E+0	12,000000E+0
220	133,000000E+0	34,970000E+0	687,000000E-3	707,000000E+0	12,000000E+0
221	161,000000E+0	29,590000E+0	2,519000E+0	724,000000E+0	12,000000E+0
222	189,000000E+0	32,280000E+0	3,435000E+0	744,000000E+0	12,000000E+0
223	168,000000E+0	21,520000E+0	3,893000E+0	768,000000E+0	12,000000E+0
224	112,000000E+0	13,450000E+0	3,435000E+0	786,000000E+0	12,000000E+0
225	70,000000E+0	2,690000E+0	2,290000E+0	801,000000E+0	12,000000E+0
226	49,000000E+0	0,000000E+0	1,374000E+0	809,000000E+0	12,000000E+0
227	35,000000E+0	0,000000E+0	916,000000E-3	814,000000E+0	12,000000E+0
228	21,000000E+0	0,000000E+0	687,000000E-3	818,000000E+0	12,000000E+0
229	28,000000E+0	2,690000E+0	229,000000E-3	821,000000E+0	12,000000E+0
230	35,000000E+0	5,380000E+0	458,000000E-3	823,000000E+0	12,000000E+0
231	49,000000E+0	8,070000E+0	458,000000E-3	828,000000E+0	12,000000E+0
232	84,000000E+0	18,830000E+0	916,000000E-3	834,000000E+0	12,000000E+0
233	154,000000E+0	34,970000E+0	1,603000E+0	844,000000E+0	12,000000E+0
234	295,000000E+0	69,940000E+0	3,206000E+0	865,000000E+0	12,000000E+0
235	239,000000E+0	40,350000E+0	5,954000E+0	899,000000E+0	12,000000E+0
236	65,514000E+3	176,262250E+3	5,038000E+0	925,000000E+0	12,000000E+0
237	65,296000E+3	176,216520E+3	-229,000000E-3	919,000000E+0	12,000000E+0
238	65,170000E+3	176,197690E+3	-4,809000E+0	887,000000E+0	12,000000E+0
239	65,142000E+3	176,203070E+3	-7,786000E+0	843,000000E+0	12,000000E+0
240	65,170000E+3	176,216520E+3	-8,473000E+0	794,000000E+0	12,000000E+0
241	65,268000E+3	176,240730E+3	-7,786000E+0	751,000000E+0	12,000000E+0
242	65,388000E+3	176,270320E+3	-5,954000E+0	720,000000E+0	12,000000E+0
243	65,514000E+3	5,380000E+0	-3,206000E+0	704,000000E+0	12,000000E+0
244	91,000000E+0	21,520000E+0	-458,000000E-3	703,000000E+0	12,000000E+0
245	147,000000E+0	26,900000E+0	1,603000E+0	715,000000E+0	12,000000E+0
246	182,000000E+0	32,280000E+0	2,977000E+0	734,000000E+0	12,000000E+0
247	189,000000E+0	32,280000E+0	3,893000E+0	756,000000E+0	12,000000E+0
248	140,000000E+0	13,450000E+0	3,893000E+0	779,000000E+0	12,000000E+0
249	91,000000E+0	5,380000E+0	2,977000E+0	794,000000E+0	12,000000E+0
250	56,000000E+0	0,000000E+0	1,832000E+0	806,000000E+0	12,000000E+0
251	35,000000E+0	0,000000E+0	1,145000E+0	812,000000E+0	12,000000E+0
252	28,000000E+0	0,000000E+0	687,000000E-3	816,000000E+0	12,000000E+0
253	28,000000E+0	0,000000E+0	458,000000E-3	820,000000E+0	12,000000E+0
254	28,000000E+0	0,000000E+0	458,000000E-3	822,000000E+0	12,000000E+0
255	35,000000E+0	2,690000E+0	458,000000E-3	826,000000E+0	12,000000E+0
256	56,000000E+0	5,380000E+0	687,000000E-3	830,000000E+0	12,000000E+0
257	112,000000E+0	18,830000E+0	1,145000E+0	838,000000E+0	12,000000E+0
258	203,000000E+0	43,040000E+0	2,290000E+0	853,000000E+0	12,000000E+0
259	316,000000E+0	69,940000E+0	4,351000E+0	880,000000E+0	12,000000E+0
260	119,000000E+0	0,000000E+0	6,412000E+0	916,000000E+0	12,000000E+0
261	65,402000E+3	176,243420E+3	2,519000E+0	926,000000E+0	12,000000E+0
262	65,219000E+3	176,208450E+3	-2,748000E+0	906,000000E+0	12,000000E+0
263	65,135000E+3	176,195000E+3	-6,641000E+0	865,000000E+0	12,000000E+0
264	65,156000E+3	176,216520E+3	-8,244000E+0	817,000000E+0	12,000000E+0
265	65,212000E+3	176,229970E+3	-8,244000E+0	771,000000E+0	12,000000E+0
266	65,325000E+3	176,256870E+3	-6,870000E+0	734,000000E+0	12,000000E+0
267	65,451000E+3	0,000000E+0	-4,580000E+0	710,000000E+0	12,000000E+0
268	42,000000E+0	8,070000E+0	-1,832000E+0	702,000000E+0	12,000000E+0
269	133,000000E+0	32,280000E+0	687,000000E-3	707,000000E+0	12,000000E+0
270	161,000000E+0	29,590000E+0	2,748000E+0	724,000000E+0	12,000000E+0
271	196,000000E+0	34,970000E+0	3,435000E+0	744,000000E+0	12,000000E+0
272	168,000000E+0	24,210000E+0	4,122000E+0	767,000000E+0	12,000000E+0
273	119,000000E+0	16,140000E+0	3,664000E+0	787,000000E+0	12,000000E+0
274	70,000000E+0	0,000000E+0	2,290000E+0	801,000000E+0	12,000000E+0
275	49,000000E+0	0,000000E+0	1,374000E+0	809,000000E+0	12,000000E+0
276	35,000000E+0	0,000000E+0	916,000000E-3	814,000000E+0	12,000000E+0
277	21,000000E+0	0,000000E+0	687,000000E-3	818,000000E+0	12,000000E+0
278	28,000000E+0	0,000000E+0	229,000000E-3	820,000000E+0	12,000000E+0
279	35,000000E+0	2,690000E+0	458,000000E-3	823,000000E+0	12,000000E+0
280	49,000000E+0	5,380000E+0	687,000000E-3	827,000000E+0	12,000000E+0
281	77,000000E+0	16,140000E+0	916,000000E-3	834,000000E+0	12,000000E+0
282	154,000000E+0	29,590000E+0	1,603000E+0	844,000000E+0	12,000000E+0
283	295,000000E+0	69,940000E+0	3,206000E+0	865,000000E+0	12,000000E+0
284	239,000000E+0	37,660000E+0	5,954000E+0	899,000000E+0	12,000000E+0
285	65,514000E+3	176,264940E+3	5,038000E+0	925,000000E+0	12,000000E+0
286	65,296000E+3	176,216520E+3	-229,000000E-3	919,000000E+0	12,000000E+0
287	65,170000E+3	176,197690E+3	-4,809000E+0	887,000000E+0	12,000000E+0
288	65,142000E+3	176,200380E+3	-7,786000E+0	843,000000E+0	12,000000E+0
289	65,170000E+3	176,216520E+3	-8,473000E+0	794,000000E+0	12,000000E+0
290	65,268000E+3	176,240730E+3	-7,786000E+0	751,000000E+0	12,000000E+0
291	65,388000E+3	176,273010E+3	-5,954000E+0	720,000000E+0	12,000000E+0
292	65,514000E+3	5,380000E+0	-3,206000E+0	704,000000E+0	12,000000E+0
293	91,000000E+0	21,520000E+0	-458,000000E-3	703,000000E+0	12,000000E+0
294	147,000000E+0	29,590000E+0	1,603000E+0	715,000000E+0	12,000000E+0
295	182,000000E+0	26,900000E+0	2,977000E+0	734,000000E+0	12,000000E+0
296	189,000000E+0	32,280000E+0	3,893000E+0	756,000000E+0	12,000000E+0
297	140,000000E+0	16,140000E+0	3,893000E+0	778,000000E+0	12,000000E+0
298	91,000000E+0	5,380000E+0	2,977000E+0	794,000000E+0	12,000000E+0
299	63,000000E+0	0,000000E+0	1,832000E+0	806,000000E+0	12,000000E+0
300	35,000000E+0	0,000000E+0	1,145000E+0	812,000000E+0	12,000000E+0
301	28,000000E+0	0,000000E+0	458,000000E-3	816,000000E+0	12,000000E+0
302	28,000000E+0	0,000000E+0	458,000000E-3	819,000000E+0	12,000000E+0
303	28,000000E+0	0,000000E+0	458,000000E-3	822,000000E+0	12,000000E+0
304	35,000000E+0	2,690000E+0	458,000000E-3	826,000000E+0	12,000000E+0
305	63,000000E+0	8,070000E+0	687,000000E-3	830,000000E+0	12,000000E+0
306	112,000000E+0	21,520000E+0	1,145000E+0	838,000000E+0	12,000000E+0
307	203,000000E+0	45,730000E+0	2,290000E+0	853,000000E+0	12,000000E+0
308	309,000000E+0	69,940000E+0	4,351000E+0	879,000000E+0	12,000000E+0
309	119,000000E+0	0,000000E+0	6,412000E+0	916,000000E+0	12,000000E+0
310	65,402000E+3	176,246110E+3	2,519000E+0	926,000000E+0	12,000000E+0
311	65,219000E+3	176,203070E+3	-2,748000E+0	905,000000E+0	12,000000E+0
312	65,142000E+3	176,189620E+3	-6,641000E+0	866,000000E+0	12,000000E+0
313	65,142000E+3	176,178860E+3	-8,244000E+0	819,000000E+0	12,000000E+0
314	65,212000E+3	176,229970E+3	-8,473000E+0	771,000000E+0	12,000000E+0
315	65,325000E+3	176,259560E+3	-7,099000E+0	734,000000E+0	12,000000E+0
316	65,451000E+3	0,000000E+0	-4,580000E+0	710,000000E+0	12,000000E+0
317	35,000000E+0	5,380000E+0	-1,832000E+0	701,000000E+0	12,000000E+0
318	133,000000E+0	26,900000E+0	687,000000E-3	708,000000E+0	12,000000E+0
319	161,000000E+0	24,210000E+0	2,519000E+0	724,000000E+0	12,000000E+0
320	196,000000E+0	34,970000E+0	3,435000E+0	744,000000E+0	12,000000E+0
321	168,000000E+0	24,210000E+0	3,893000E+0	768,000000E+0	12,000000E+0
322	112,000000E+0	10,760000E+0	3,435000E+0	787,000000E+0	12,000000E+0
323	77,000000E+0	5,380000E+0	2,290000E+0	799,000000E+0	12,000000E+0
324	42,000000E+0	0,000000E+0	1,603000E+0	809,000000E+0	12,000000E+0
325	21,000000E+0	0,000000E+0	916,000000E-3	814,000000E+0	12,000000E+0
326	21,000000E+0	0,000000E+0	458,000000E-3	816,000000E+0	12,000000E+0
327	14,000000E+0	0,000000E+0	229,000000E-3	818,000000E+0	12,000000E+0
328	7,000000E+0	176,289150E+3	0,000000E+0	819,000000E+0	12,000000E+0
329	7,000000E+0	0,000000E+0	0,000000E+0	819,000000E+0	12,000000E+0
330	14,000000E+0	0,000000E+0	0,000000E+0	820,000000E+0	12,000000E+0
331	7,000000E+0	0,000000E+0	0,000000E+0	820,000000E+0	12,000000E+0
