vendredi 22 décembre 2023	17:10:01	Sampling Period : 40  ms		
Unities: time [sample], PWM [raw], Current [mA], velocity [rev/min], Position [pulse], Present Input Voltage [V]

t	DXL_PWM		DXL_Current		DXL_Velocity		DXL_Position		DXL_Input_Voltage
0	65,528000E+3	176,286460E+3	0,000000E+0	1,026000E+3	12,000000E+0
1	0,000000E+0	0,000000E+0	0,000000E+0	1,024000E+3	12,000000E+0
2	28,000000E+0	18,830000E+0	-458,000000E-3	1,020000E+3	12,000000E+0
3	7,000000E+0	0,000000E+0	0,000000E+0	1,023000E+3	11,900000E+0
4	65,514000E+3	0,000000E+0	229,000000E-3	1,026000E+3	11,900000E+0
5	21,000000E+0	5,380000E+0	-229,000000E-3	261,629000E+3	3,072000E+3
6	0,000000E+0	0,000000E+0	0,000000E+0	1,023000E+3	11,900000E+0
7	0,000000E+0	0,000000E+0	0,000000E+0	1,024000E+3	12,000000E+0
8	65,528000E+3	2,690000E+0	0,000000E+0	1,025000E+3	12,000000E+0
9	7,000000E+0	0,000000E+0	-229,000000E-3	1,022000E+3	12,000000E+0
10	65,528000E+3	0,000000E+0	0,000000E+0	1,025000E+3	12,000000E+0
11	7,000000E+0	0,000000E+0	-229,000000E-3	1,023000E+3	12,000000E+0
12	65,514000E+3	176,286460E+3	229,000000E-3	1,027000E+3	12,000000E+0
13	65,528000E+3	0,000000E+0	0,000000E+0	1,025000E+3	12,000000E+0
14	65,528000E+3	176,289150E+3	0,000000E+0	1,025000E+3	12,000000E+0
15	14,000000E+0	0,000000E+0	-229,000000E-3	1,022000E+3	11,900000E+0
16	35,000000E+0	26,900000E+0	-916,000000E-3	1,019000E+3	11,900000E+0
17	21,000000E+0	16,140000E+0	-458,000000E-3	1,020000E+3	11,900000E+0
18	7,000000E+0	2,690000E+0	0,000000E+0	1,023000E+3	12,000000E+0
19	65,507000E+3	176,262250E+3	458,000000E-3	1,028000E+3	12,000000E+0
20	65,500000E+3	176,256870E+3	1,145000E+0	1,029000E+3	12,000000E+0
21	65,507000E+3	176,243420E+3	916,000000E-3	1,028000E+3	12,000000E+0
22	65,507000E+3	176,254180E+3	458,000000E-3	1,027000E+3	12,000000E+0
23	7,000000E+0	176,286460E+3	-687,000000E-3	1,023000E+3	12,000000E+0
24	28,000000E+0	29,590000E+0	-1,374000E+0	1,020000E+3	12,000000E+0
25	0,000000E+0	0,000000E+0	0,000000E+0	1,023000E+3	12,000000E+0
26	65,514000E+3	176,270320E+3	458,000000E-3	1,027000E+3	12,000000E+0
27	65,514000E+3	176,273010E+3	458,000000E-3	1,026000E+3	12,000000E+0
28	65,521000E+3	176,281080E+3	0,000000E+0	1,025000E+3	12,000000E+0
29	65,528000E+3	176,283770E+3	0,000000E+0	1,025000E+3	12,000000E+0
30	65,521000E+3	176,283770E+3	0,000000E+0	1,026000E+3	12,000000E+0
31	65,528000E+3	176,286460E+3	0,000000E+0	1,025000E+3	12,000000E+0
32	65,521000E+3	176,283770E+3	0,000000E+0	1,026000E+3	12,000000E+0
33	65,521000E+3	176,281080E+3	0,000000E+0	1,026000E+3	12,000000E+0
34	65,514000E+3	176,262250E+3	687,000000E-3	1,027000E+3	12,000000E+0
35	65,528000E+3	176,289150E+3	0,000000E+0	1,024000E+3	12,000000E+0
36	28,000000E+0	34,970000E+0	-1,374000E+0	1,020000E+3	12,000000E+0
37	28,000000E+0	43,040000E+0	-916,000000E-3	1,019000E+3	11,900000E+0
38	28,000000E+0	21,520000E+0	-458,000000E-3	261,629000E+3	3,046400E+3
39	65,521000E+3	176,289150E+3	0,000000E+0	1,026000E+3	12,000000E+0
40	65,507000E+3	176,262250E+3	916,000000E-3	1,028000E+3	12,000000E+0
41	65,507000E+3	176,238040E+3	1,374000E+0	1,028000E+3	12,000000E+0
42	65,507000E+3	176,229970E+3	916,000000E-3	1,028000E+3	12,000000E+0
43	65,514000E+3	176,273010E+3	229,000000E-3	1,027000E+3	12,000000E+0
44	28,000000E+0	34,970000E+0	-1,603000E+0	1,020000E+3	11,900000E+0
45	21,000000E+0	10,760000E+0	-687,000000E-3	1,020000E+3	12,000000E+0
46	65,514000E+3	176,286460E+3	229,000000E-3	1,027000E+3	12,000000E+0
47	65,507000E+3	176,262250E+3	916,000000E-3	1,028000E+3	12,000000E+0
48	65,521000E+3	176,281080E+3	0,000000E+0	1,026000E+3	12,000000E+0
49	65,528000E+3	176,286460E+3	0,000000E+0	1,026000E+3	12,000000E+0
50	65,521000E+3	176,283770E+3	0,000000E+0	1,026000E+3	12,000000E+0
51	65,528000E+3	176,286460E+3	0,000000E+0	1,025000E+3	12,000000E+0
52	65,528000E+3	176,283770E+3	0,000000E+0	1,025000E+3	12,000000E+0
53	65,521000E+3	176,281080E+3	0,000000E+0	1,026000E+3	12,000000E+0
54	65,514000E+3	176,267630E+3	687,000000E-3	1,027000E+3	12,000000E+0
55	0,000000E+0	176,289150E+3	0,000000E+0	1,024000E+3	11,900000E+0
56	35,000000E+0	40,350000E+0	-1,374000E+0	1,020000E+3	11,900000E+0
57	28,000000E+0	45,730000E+0	-916,000000E-3	1,020000E+3	11,900000E+0
58	21,000000E+0	21,520000E+0	-458,000000E-3	261,629000E+3	3,046400E+3
59	65,514000E+3	176,283770E+3	0,000000E+0	1,026000E+3	12,000000E+0
60	65,507000E+3	176,259560E+3	916,000000E-3	1,028000E+3	12,000000E+0
61	65,500000E+3	176,235350E+3	1,374000E+0	1,029000E+3	11,900000E+0
62	65,507000E+3	176,232660E+3	916,000000E-3	1,028000E+3	12,000000E+0
63	65,514000E+3	176,270320E+3	229,000000E-3	1,027000E+3	12,000000E+0
64	28,000000E+0	37,660000E+0	-1,603000E+0	1,020000E+3	11,900000E+0
65	21,000000E+0	13,450000E+0	-687,000000E-3	1,020000E+3	12,000000E+0
66	65,514000E+3	176,286460E+3	0,000000E+0	1,027000E+3	12,000000E+0
67	65,507000E+3	176,262250E+3	916,000000E-3	1,028000E+3	12,000000E+0
68	65,521000E+3	176,281080E+3	0,000000E+0	1,026000E+3	12,000000E+0
69	65,521000E+3	176,286460E+3	0,000000E+0	1,025000E+3	12,000000E+0
70	65,528000E+3	176,283770E+3	0,000000E+0	1,026000E+3	12,000000E+0
71	65,528000E+3	176,286460E+3	0,000000E+0	1,025000E+3	12,000000E+0
72	65,528000E+3	176,283770E+3	0,000000E+0	1,025000E+3	12,000000E+0
73	65,528000E+3	176,281080E+3	0,000000E+0	1,026000E+3	12,000000E+0
74	65,514000E+3	176,270320E+3	687,000000E-3	1,027000E+3	12,000000E+0
75	0,000000E+0	176,283770E+3	0,000000E+0	1,024000E+3	12,000000E+0
76	35,000000E+0	40,350000E+0	-1,374000E+0	1,020000E+3	11,900000E+0
77	28,000000E+0	43,040000E+0	-916,000000E-3	1,020000E+3	11,900000E+0
78	28,000000E+0	21,520000E+0	-458,000000E-3	1,020000E+3	11,900000E+0
79	65,521000E+3	0,000000E+0	0,000000E+0	1,026000E+3	12,000000E+0
80	65,507000E+3	176,259560E+3	916,000000E-3	1,028000E+3	11,900000E+0
81	65,500000E+3	176,227280E+3	1,374000E+0	1,029000E+3	12,000000E+0
82	65,507000E+3	176,229970E+3	916,000000E-3	1,028000E+3	11,900000E+0
83	65,514000E+3	176,270320E+3	229,000000E-3	1,027000E+3	12,000000E+0
84	28,000000E+0	40,350000E+0	-1,603000E+0	1,020000E+3	11,900000E+0
85	21,000000E+0	13,450000E+0	-687,000000E-3	1,020000E+3	12,000000E+0
86	65,514000E+3	176,283770E+3	0,000000E+0	1,027000E+3	12,000000E+0
87	65,507000E+3	176,262250E+3	1,145000E+0	1,028000E+3	12,000000E+0
88	65,521000E+3	176,281080E+3	0,000000E+0	1,026000E+3	12,000000E+0
89	65,528000E+3	176,286460E+3	0,000000E+0	1,025000E+3	12,000000E+0
90	65,521000E+3	176,283770E+3	0,000000E+0	1,025000E+3	12,000000E+0
91	65,521000E+3	176,286460E+3	0,000000E+0	1,025000E+3	12,000000E+0
92	65,528000E+3	176,286460E+3	0,000000E+0	1,025000E+3	12,000000E+0
93	65,521000E+3	176,281080E+3	0,000000E+0	1,026000E+3	12,000000E+0
94	65,514000E+3	176,267630E+3	687,000000E-3	1,027000E+3	12,000000E+0
95	0,000000E+0	176,289150E+3	0,000000E+0	1,024000E+3	11,900000E+0
96	28,000000E+0	34,970000E+0	-1,374000E+0	1,020000E+3	11,900000E+0
97	28,000000E+0	48,420000E+0	-916,000000E-3	1,020000E+3	11,900000E+0
98	28,000000E+0	21,520000E+0	-458,000000E-3	1,020000E+3	11,900000E+0
99	65,521000E+3	0,000000E+0	0,000000E+0	1,026000E+3	12,000000E+0
100	65,507000E+3	176,259560E+3	916,000000E-3	1,028000E+3	12,000000E+0
101	65,500000E+3	176,229970E+3	1,374000E+0	1,029000E+3	12,000000E+0
102	65,507000E+3	176,227280E+3	916,000000E-3	1,028000E+3	11,900000E+0
103	65,514000E+3	176,273010E+3	229,000000E-3	1,027000E+3	12,000000E+0
104	28,000000E+0	40,350000E+0	-1,603000E+0	1,020000E+3	11,900000E+0
105	28,000000E+0	13,450000E+0	-687,000000E-3	1,020000E+3	12,000000E+0
106	65,514000E+3	176,283770E+3	229,000000E-3	1,027000E+3	12,000000E+0
107	65,507000E+3	176,262250E+3	1,145000E+0	1,028000E+3	12,000000E+0
108	65,521000E+3	176,281080E+3	0,000000E+0	1,026000E+3	12,000000E+0
109	65,521000E+3	176,286460E+3	0,000000E+0	1,025000E+3	12,000000E+0
110	65,528000E+3	176,286460E+3	0,000000E+0	1,025000E+3	12,000000E+0
111	65,521000E+3	176,286460E+3	0,000000E+0	1,026000E+3	12,000000E+0
112	65,521000E+3	176,281080E+3	0,000000E+0	1,026000E+3	12,000000E+0
113	65,514000E+3	176,264940E+3	687,000000E-3	1,027000E+3	12,000000E+0
114	65,528000E+3	176,286460E+3	0,000000E+0	1,024000E+3	12,000000E+0
115	35,000000E+0	37,660000E+0	-1,374000E+0	1,019000E+3	11,900000E+0
116	28,000000E+0	48,420000E+0	-916,000000E-3	1,020000E+3	11,900000E+0
117	21,000000E+0	24,210000E+0	-458,000000E-3	1,020000E+3	11,900000E+0
118	65,521000E+3	0,000000E+0	0,000000E+0	1,026000E+3	12,000000E+0
119	65,507000E+3	176,259560E+3	916,000000E-3	1,028000E+3	11,900000E+0
120	65,500000E+3	176,229970E+3	1,374000E+0	1,028000E+3	12,000000E+0
121	65,507000E+3	176,229970E+3	916,000000E-3	1,028000E+3	11,900000E+0
122	65,514000E+3	176,270320E+3	229,000000E-3	1,027000E+3	12,000000E+0
123	28,000000E+0	40,350000E+0	-1,603000E+0	1,019000E+3	11,900000E+0
124	28,000000E+0	10,760000E+0	-687,000000E-3	1,020000E+3	12,000000E+0
125	65,514000E+3	176,281080E+3	229,000000E-3	1,027000E+3	12,000000E+0
126	65,507000E+3	176,262250E+3	1,145000E+0	1,028000E+3	12,000000E+0
127	65,521000E+3	176,281080E+3	0,000000E+0	1,026000E+3	12,000000E+0
128	65,528000E+3	176,286460E+3	0,000000E+0	1,026000E+3	12,000000E+0
129	65,528000E+3	176,283770E+3	0,000000E+0	1,025000E+3	12,000000E+0
130	65,528000E+3	176,286460E+3	0,000000E+0	1,026000E+3	12,000000E+0
131	65,521000E+3	176,283770E+3	0,000000E+0	1,026000E+3	12,000000E+0
132	65,521000E+3	176,281080E+3	0,000000E+0	1,026000E+3	12,000000E+0
133	65,514000E+3	176,264940E+3	687,000000E-3	1,027000E+3	12,000000E+0
134	0,000000E+0	176,286460E+3	229,000000E-3	1,024000E+3	12,000000E+0
135	28,000000E+0	40,350000E+0	-1,374000E+0	1,020000E+3	12,000000E+0
136	28,000000E+0	43,040000E+0	-916,000000E-3	1,019000E+3	11,900000E+0
137	28,000000E+0	21,520000E+0	-458,000000E-3	1,020000E+3	11,900000E+0
138	65,521000E+3	0,000000E+0	0,000000E+0	1,026000E+3	12,000000E+0
139	65,507000E+3	176,256870E+3	916,000000E-3	1,028000E+3	11,900000E+0
140	65,500000E+3	176,232660E+3	1,374000E+0	1,028000E+3	12,000000E+0
141	65,507000E+3	176,232660E+3	916,000000E-3	1,028000E+3	11,900000E+0
142	65,514000E+3	176,273010E+3	229,000000E-3	1,027000E+3	12,000000E+0
143	28,000000E+0	34,970000E+0	-1,603000E+0	1,020000E+3	11,900000E+0
144	28,000000E+0	10,760000E+0	-687,000000E-3	1,020000E+3	12,000000E+0
145	65,514000E+3	176,283770E+3	0,000000E+0	1,027000E+3	12,000000E+0
146	65,507000E+3	176,259560E+3	1,145000E+0	1,028000E+3	12,000000E+0
147	65,521000E+3	176,281080E+3	0,000000E+0	1,026000E+3	12,000000E+0
148	65,528000E+3	176,286460E+3	0,000000E+0	1,026000E+3	12,000000E+0
149	65,521000E+3	176,283770E+3	0,000000E+0	1,025000E+3	12,000000E+0
150	65,521000E+3	176,286460E+3	0,000000E+0	1,025000E+3	12,000000E+0
151	65,521000E+3	176,283770E+3	0,000000E+0	1,026000E+3	12,000000E+0
152	65,528000E+3	176,281080E+3	0,000000E+0	1,026000E+3	12,000000E+0
153	65,514000E+3	176,267630E+3	687,000000E-3	1,027000E+3	12,000000E+0
154	0,000000E+0	176,286460E+3	0,000000E+0	1,024000E+3	12,000000E+0
155	35,000000E+0	40,350000E+0	-1,374000E+0	1,020000E+3	11,900000E+0
156	28,000000E+0	48,420000E+0	-916,000000E-3	1,020000E+3	11,900000E+0
157	28,000000E+0	21,520000E+0	-458,000000E-3	1,020000E+3	11,900000E+0
158	65,514000E+3	176,286460E+3	0,000000E+0	1,026000E+3	12,000000E+0
159	65,507000E+3	176,262250E+3	916,000000E-3	1,028000E+3	11,900000E+0
160	65,507000E+3	176,235350E+3	1,374000E+0	1,029000E+3	11,900000E+0
161	65,507000E+3	176,229970E+3	916,000000E-3	1,028000E+3	12,000000E+0
162	65,514000E+3	176,273010E+3	229,000000E-3	1,027000E+3	12,000000E+0
163	28,000000E+0	40,350000E+0	-1,603000E+0	1,020000E+3	11,900000E+0
164	28,000000E+0	10,760000E+0	-687,000000E-3	1,020000E+3	12,000000E+0
165	65,514000E+3	176,283770E+3	229,000000E-3	1,027000E+3	12,000000E+0
166	65,507000E+3	176,259560E+3	1,145000E+0	1,028000E+3	12,000000E+0
167	65,521000E+3	176,281080E+3	0,000000E+0	1,026000E+3	12,000000E+0
168	65,521000E+3	176,286460E+3	0,000000E+0	1,026000E+3	12,000000E+0
169	65,521000E+3	176,283770E+3	0,000000E+0	1,025000E+3	12,000000E+0
170	65,521000E+3	176,286460E+3	0,000000E+0	1,025000E+3	12,000000E+0
171	65,528000E+3	176,283770E+3	0,000000E+0	1,026000E+3	12,000000E+0
172	65,521000E+3	176,281080E+3	0,000000E+0	1,026000E+3	12,000000E+0
173	65,514000E+3	176,270320E+3	687,000000E-3	1,027000E+3	12,000000E+0
174	0,000000E+0	176,286460E+3	0,000000E+0	1,024000E+3	12,000000E+0
175	28,000000E+0	34,970000E+0	-1,374000E+0	1,020000E+3	12,000000E+0
176	28,000000E+0	45,730000E+0	-916,000000E-3	1,020000E+3	11,900000E+0
177	28,000000E+0	21,520000E+0	-458,000000E-3	261,629000E+3	3,046400E+3
178	65,514000E+3	176,289150E+3	0,000000E+0	1,027000E+3	12,000000E+0
179	65,507000E+3	176,262250E+3	916,000000E-3	1,028000E+3	12,000000E+0
180	65,507000E+3	176,229970E+3	1,374000E+0	1,029000E+3	12,000000E+0
181	65,507000E+3	176,232660E+3	916,000000E-3	1,028000E+3	12,000000E+0
182	65,514000E+3	176,273010E+3	229,000000E-3	1,027000E+3	12,000000E+0
183	28,000000E+0	34,970000E+0	-1,603000E+0	1,020000E+3	11,900000E+0
184	28,000000E+0	16,140000E+0	-687,000000E-3	261,629000E+3	3,072000E+3
185	65,514000E+3	176,286460E+3	0,000000E+0	1,027000E+3	12,000000E+0
186	65,507000E+3	176,262250E+3	1,145000E+0	1,028000E+3	12,000000E+0
187	65,521000E+3	176,281080E+3	0,000000E+0	1,026000E+3	12,000000E+0
188	65,528000E+3	176,286460E+3	0,000000E+0	1,025000E+3	12,000000E+0
189	65,528000E+3	176,281080E+3	0,000000E+0	1,025000E+3	12,000000E+0
190	65,521000E+3	176,286460E+3	0,000000E+0	1,025000E+3	12,000000E+0
191	65,528000E+3	176,283770E+3	0,000000E+0	1,025000E+3	12,000000E+0
192	65,521000E+3	176,281080E+3	0,000000E+0	1,026000E+3	12,000000E+0
193	65,514000E+3	176,270320E+3	687,000000E-3	1,027000E+3	12,000000E+0
194	0,000000E+0	176,289150E+3	0,000000E+0	1,024000E+3	12,000000E+0
195	28,000000E+0	34,970000E+0	-1,374000E+0	1,020000E+3	11,900000E+0
196	28,000000E+0	43,040000E+0	-916,000000E-3	1,020000E+3	11,900000E+0
197	21,000000E+0	18,830000E+0	-458,000000E-3	261,629000E+3	3,046400E+3
198	65,521000E+3	0,000000E+0	0,000000E+0	1,026000E+3	12,000000E+0
199	65,507000E+3	176,259560E+3	916,000000E-3	1,028000E+3	11,900000E+0
200	65,500000E+3	176,232660E+3	1,374000E+0	1,028000E+3	11,900000E+0
201	65,507000E+3	176,229970E+3	916,000000E-3	1,028000E+3	11,900000E+0
202	65,514000E+3	176,273010E+3	229,000000E-3	1,027000E+3	12,000000E+0
203	28,000000E+0	34,970000E+0	-1,603000E+0	1,020000E+3	12,000000E+0
204	28,000000E+0	10,760000E+0	-687,000000E-3	1,020000E+3	12,000000E+0
205	65,514000E+3	176,283770E+3	229,000000E-3	1,027000E+3	12,000000E+0
206	65,507000E+3	176,262250E+3	1,145000E+0	1,028000E+3	12,000000E+0
207	65,521000E+3	176,281080E+3	0,000000E+0	1,026000E+3	12,000000E+0
208	65,528000E+3	176,286460E+3	0,000000E+0	1,025000E+3	12,000000E+0
209	65,521000E+3	176,283770E+3	0,000000E+0	1,026000E+3	12,000000E+0
210	65,528000E+3	176,286460E+3	0,000000E+0	1,026000E+3	12,000000E+0
211	65,528000E+3	176,283770E+3	0,000000E+0	1,025000E+3	12,000000E+0
212	65,521000E+3	176,278390E+3	0,000000E+0	1,026000E+3	12,000000E+0
213	65,514000E+3	176,264940E+3	687,000000E-3	1,027000E+3	12,000000E+0
214	0,000000E+0	176,289150E+3	0,000000E+0	1,024000E+3	12,000000E+0
215	28,000000E+0	40,350000E+0	-1,374000E+0	1,020000E+3	12,000000E+0
216	28,000000E+0	45,730000E+0	-916,000000E-3	1,020000E+3	11,900000E+0
217	21,000000E+0	16,140000E+0	-458,000000E-3	1,020000E+3	11,900000E+0
218	65,521000E+3	0,000000E+0	0,000000E+0	1,026000E+3	12,000000E+0
219	65,507000E+3	176,259560E+3	916,000000E-3	1,028000E+3	11,900000E+0
220	65,507000E+3	176,232660E+3	1,374000E+0	1,029000E+3	12,000000E+0
221	65,507000E+3	176,229970E+3	916,000000E-3	1,028000E+3	12,000000E+0
222	65,514000E+3	176,273010E+3	229,000000E-3	1,027000E+3	12,000000E+0
223	28,000000E+0	32,280000E+0	-1,603000E+0	1,020000E+3	11,900000E+0
224	28,000000E+0	13,450000E+0	-687,000000E-3	1,020000E+3	12,000000E+0
225	65,514000E+3	176,281080E+3	229,000000E-3	1,027000E+3	12,000000E+0
226	65,507000E+3	176,256870E+3	1,145000E+0	1,028000E+3	12,000000E+0
227	65,521000E+3	176,281080E+3	0,000000E+0	1,026000E+3	12,000000E+0
228	65,528000E+3	176,286460E+3	0,000000E+0	1,026000E+3	12,000000E+0
229	65,521000E+3	176,283770E+3	0,000000E+0	1,026000E+3	12,000000E+0
230	65,521000E+3	176,286460E+3	0,000000E+0	1,026000E+3	12,000000E+0
231	65,528000E+3	176,283770E+3	0,000000E+0	1,025000E+3	12,000000E+0
232	65,528000E+3	176,281080E+3	0,000000E+0	1,026000E+3	12,000000E+0
233	65,514000E+3	176,267630E+3	687,000000E-3	1,027000E+3	12,000000E+0
234	65,528000E+3	176,289150E+3	0,000000E+0	1,025000E+3	11,900000E+0
235	28,000000E+0	34,970000E+0	-1,374000E+0	1,019000E+3	12,000000E+0
236	28,000000E+0	43,040000E+0	-916,000000E-3	1,020000E+3	12,000000E+0
237	28,000000E+0	21,520000E+0	-458,000000E-3	261,629000E+3	3,046400E+3
238	65,521000E+3	176,286460E+3	0,000000E+0	1,026000E+3	12,000000E+0
239	65,507000E+3	176,259560E+3	916,000000E-3	1,028000E+3	11,900000E+0
240	65,507000E+3	176,238040E+3	1,374000E+0	1,029000E+3	12,000000E+0
241	65,507000E+3	176,229970E+3	916,000000E-3	1,028000E+3	12,000000E+0
242	65,514000E+3	176,273010E+3	229,000000E-3	1,027000E+3	12,000000E+0
243	28,000000E+0	34,970000E+0	-1,603000E+0	1,020000E+3	11,900000E+0
244	28,000000E+0	13,450000E+0	-687,000000E-3	1,020000E+3	12,000000E+0
245	65,514000E+3	176,283770E+3	229,000000E-3	1,027000E+3	12,000000E+0
246	65,507000E+3	176,262250E+3	1,145000E+0	1,028000E+3	12,000000E+0
247	65,521000E+3	176,281080E+3	0,000000E+0	1,026000E+3	12,000000E+0
248	65,521000E+3	176,283770E+3	0,000000E+0	1,026000E+3	12,000000E+0
249	65,521000E+3	176,281080E+3	0,000000E+0	1,026000E+3	12,000000E+0
250	65,514000E+3	176,267630E+3	687,000000E-3	1,027000E+3	12,000000E+0
251	0,000000E+0	176,289150E+3	0,000000E+0	1,025000E+3	12,000000E+0
252	28,000000E+0	40,350000E+0	-1,374000E+0	1,020000E+3	11,900000E+0
253	28,000000E+0	40,350000E+0	-916,000000E-3	1,019000E+3	11,900000E+0
254	28,000000E+0	21,520000E+0	-458,000000E-3	261,629000E+3	3,046400E+3
255	65,514000E+3	176,286460E+3	0,000000E+0	1,026000E+3	12,000000E+0
256	65,507000E+3	176,259560E+3	916,000000E-3	1,028000E+3	12,000000E+0
257	65,507000E+3	176,238040E+3	1,374000E+0	1,029000E+3	12,000000E+0
258	65,507000E+3	176,229970E+3	916,000000E-3	1,028000E+3	12,000000E+0
259	65,514000E+3	176,273010E+3	229,000000E-3	1,027000E+3	12,000000E+0
260	28,000000E+0	32,280000E+0	-1,603000E+0	1,020000E+3	11,900000E+0
261	21,000000E+0	13,450000E+0	-687,000000E-3	1,020000E+3	12,000000E+0
262	65,514000E+3	176,281080E+3	229,000000E-3	1,027000E+3	12,000000E+0
263	65,507000E+3	176,256870E+3	1,145000E+0	1,028000E+3	12,000000E+0
264	65,521000E+3	176,281080E+3	0,000000E+0	1,026000E+3	12,000000E+0
265	65,528000E+3	176,286460E+3	0,000000E+0	1,026000E+3	12,000000E+0
266	65,528000E+3	176,283770E+3	0,000000E+0	1,026000E+3	12,000000E+0
267	65,521000E+3	176,286460E+3	0,000000E+0	1,025000E+3	12,000000E+0
268	65,521000E+3	176,283770E+3	0,000000E+0	1,025000E+3	12,000000E+0
