vendredi 22 décembre 2023	16:33:07	Sampling Period : 40  ms		
Unities: time [sample], PWM [raw], Current [mA], velocity [rev/min], Position [pulse], Present Input Voltage [V]

t	DXL_PWM		DXL_Current		DXL_Velocity		DXL_Position		DXL_Input_Voltage
0	7,000000E+0	0,000000E+0	0,000000E+0	1,023000E+3	11,900000E+0
1	14,000000E+0	0,000000E+0	0,000000E+0	1,022000E+3	11,900000E+0
2	0,000000E+0	0,000000E+0	229,000000E-3	1,024000E+3	11,900000E+0
3	7,000000E+0	0,000000E+0	0,000000E+0	1,023000E+3	11,900000E+0
4	14,000000E+0	0,000000E+0	0,000000E+0	1,022000E+3	11,900000E+0
5	7,000000E+0	0,000000E+0	0,000000E+0	1,022000E+3	11,900000E+0
6	14,000000E+0	0,000000E+0	0,000000E+0	1,022000E+3	11,900000E+0
7	7,000000E+0	0,000000E+0	0,000000E+0	1,022000E+3	11,900000E+0
8	14,000000E+0	0,000000E+0	0,000000E+0	1,023000E+3	11,900000E+0
9	7,000000E+0	0,000000E+0	0,000000E+0	1,022000E+3	11,900000E+0
10	7,000000E+0	0,000000E+0	0,000000E+0	1,023000E+3	11,900000E+0
11	14,000000E+0	0,000000E+0	0,000000E+0	1,023000E+3	11,900000E+0
12	7,000000E+0	0,000000E+0	0,000000E+0	1,022000E+3	11,900000E+0
13	7,000000E+0	0,000000E+0	0,000000E+0	1,023000E+3	11,900000E+0
14	14,000000E+0	0,000000E+0	0,000000E+0	1,022000E+3	11,900000E+0
15	14,000000E+0	0,000000E+0	0,000000E+0	1,023000E+3	11,900000E+0
16	7,000000E+0	0,000000E+0	0,000000E+0	1,023000E+3	11,900000E+0
17	14,000000E+0	0,000000E+0	0,000000E+0	1,022000E+3	11,900000E+0
18	14,000000E+0	0,000000E+0	0,000000E+0	1,023000E+3	11,900000E+0
19	7,000000E+0	0,000000E+0	0,000000E+0	1,022000E+3	11,900000E+0
20	14,000000E+0	0,000000E+0	0,000000E+0	1,023000E+3	11,900000E+0
21	7,000000E+0	0,000000E+0	0,000000E+0	1,023000E+3	11,900000E+0
22	0,000000E+0	0,000000E+0	0,000000E+0	1,024000E+3	11,900000E+0
23	21,000000E+0	16,140000E+0	-916,000000E-3	261,629000E+3	3,046400E+3
24	14,000000E+0	2,690000E+0	0,000000E+0	1,023000E+3	11,900000E+0
25	14,000000E+0	5,380000E+0	0,000000E+0	1,022000E+3	11,900000E+0
26	65,521000E+3	0,000000E+0	229,000000E-3	1,025000E+3	11,900000E+0
27	14,000000E+0	0,000000E+0	458,000000E-3	1,022000E+3	11,900000E+0
28	7,000000E+0	0,000000E+0	458,000000E-3	1,022000E+3	11,900000E+0
29	7,000000E+0	0,000000E+0	458,000000E-3	1,023000E+3	11,900000E+0
30	7,000000E+0	0,000000E+0	0,000000E+0	1,022000E+3	11,900000E+0
31	14,000000E+0	0,000000E+0	0,000000E+0	1,023000E+3	11,900000E+0
32	7,000000E+0	0,000000E+0	0,000000E+0	1,023000E+3	11,900000E+0
33	14,000000E+0	5,380000E+0	-229,000000E-3	1,022000E+3	11,900000E+0
34	14,000000E+0	0,000000E+0	0,000000E+0	1,023000E+3	11,900000E+0
35	7,000000E+0	0,000000E+0	0,000000E+0	1,022000E+3	11,900000E+0
36	7,000000E+0	0,000000E+0	0,000000E+0	1,023000E+3	11,900000E+0
37	14,000000E+0	0,000000E+0	0,000000E+0	1,022000E+3	11,900000E+0
38	7,000000E+0	0,000000E+0	0,000000E+0	1,022000E+3	11,900000E+0
39	14,000000E+0	0,000000E+0	0,000000E+0	1,022000E+3	11,900000E+0
40	7,000000E+0	0,000000E+0	0,000000E+0	1,023000E+3	11,900000E+0
41	0,000000E+0	0,000000E+0	0,000000E+0	1,024000E+3	11,900000E+0
42	14,000000E+0	5,380000E+0	-458,000000E-3	1,022000E+3	11,900000E+0
43	14,000000E+0	10,760000E+0	-229,000000E-3	1,022000E+3	11,900000E+0
44	14,000000E+0	13,450000E+0	0,000000E+0	1,022000E+3	11,900000E+0
45	0,000000E+0	0,000000E+0	229,000000E-3	1,024000E+3	11,900000E+0
46	0,000000E+0	0,000000E+0	687,000000E-3	1,024000E+3	11,900000E+0
47	14,000000E+0	0,000000E+0	229,000000E-3	1,022000E+3	11,900000E+0
48	7,000000E+0	0,000000E+0	458,000000E-3	1,023000E+3	11,900000E+0
49	14,000000E+0	2,690000E+0	229,000000E-3	1,022000E+3	11,900000E+0
50	14,000000E+0	0,000000E+0	0,000000E+0	1,023000E+3	11,900000E+0
51	7,000000E+0	0,000000E+0	0,000000E+0	1,023000E+3	11,900000E+0
52	14,000000E+0	0,000000E+0	-229,000000E-3	1,023000E+3	11,900000E+0
53	14,000000E+0	8,070000E+0	-229,000000E-3	1,022000E+3	11,900000E+0
54	7,000000E+0	0,000000E+0	0,000000E+0	1,022000E+3	11,900000E+0
55	7,000000E+0	0,000000E+0	0,000000E+0	1,023000E+3	11,900000E+0
56	7,000000E+0	0,000000E+0	0,000000E+0	1,022000E+3	11,900000E+0
57	7,000000E+0	0,000000E+0	0,000000E+0	1,023000E+3	11,900000E+0
58	14,000000E+0	0,000000E+0	0,000000E+0	1,023000E+3	11,900000E+0
59	7,000000E+0	0,000000E+0	0,000000E+0	1,022000E+3	11,900000E+0
60	7,000000E+0	0,000000E+0	0,000000E+0	1,023000E+3	11,900000E+0
61	7,000000E+0	0,000000E+0	0,000000E+0	1,024000E+3	11,900000E+0
62	7,000000E+0	0,000000E+0	0,000000E+0	1,023000E+3	11,900000E+0
63	21,000000E+0	18,830000E+0	-916,000000E-3	261,629000E+3	3,046400E+3
64	7,000000E+0	0,000000E+0	0,000000E+0	1,022000E+3	11,900000E+0
65	14,000000E+0	8,070000E+0	0,000000E+0	1,022000E+3	11,900000E+0
66	65,521000E+3	0,000000E+0	229,000000E-3	1,026000E+3	11,900000E+0
67	7,000000E+0	0,000000E+0	687,000000E-3	1,022000E+3	11,900000E+0
68	14,000000E+0	0,000000E+0	229,000000E-3	1,022000E+3	11,900000E+0
69	7,000000E+0	0,000000E+0	229,000000E-3	1,023000E+3	11,900000E+0
70	7,000000E+0	0,000000E+0	0,000000E+0	1,023000E+3	11,900000E+0
71	14,000000E+0	0,000000E+0	0,000000E+0	1,023000E+3	11,900000E+0
72	7,000000E+0	0,000000E+0	0,000000E+0	1,023000E+3	11,900000E+0
73	14,000000E+0	5,380000E+0	-229,000000E-3	1,022000E+3	11,900000E+0
74	14,000000E+0	2,690000E+0	-229,000000E-3	1,023000E+3	11,900000E+0
75	14,000000E+0	0,000000E+0	0,000000E+0	1,023000E+3	11,900000E+0
76	7,000000E+0	0,000000E+0	0,000000E+0	1,023000E+3	11,900000E+0
77	14,000000E+0	0,000000E+0	0,000000E+0	1,022000E+3	11,900000E+0
78	14,000000E+0	0,000000E+0	0,000000E+0	1,023000E+3	11,900000E+0
79	7,000000E+0	0,000000E+0	0,000000E+0	1,022000E+3	11,900000E+0
80	14,000000E+0	0,000000E+0	0,000000E+0	1,022000E+3	11,900000E+0
81	7,000000E+0	0,000000E+0	0,000000E+0	1,023000E+3	11,900000E+0
82	7,000000E+0	0,000000E+0	0,000000E+0	1,024000E+3	11,900000E+0
83	14,000000E+0	2,690000E+0	-687,000000E-3	1,022000E+3	11,900000E+0
84	14,000000E+0	8,070000E+0	-229,000000E-3	1,022000E+3	11,900000E+0
85	14,000000E+0	13,450000E+0	0,000000E+0	1,021000E+3	11,900000E+0
86	65,528000E+3	0,000000E+0	229,000000E-3	1,024000E+3	11,900000E+0
87	0,000000E+0	0,000000E+0	458,000000E-3	1,024000E+3	11,900000E+0
88	14,000000E+0	0,000000E+0	458,000000E-3	1,022000E+3	11,900000E+0
89	7,000000E+0	0,000000E+0	458,000000E-3	1,023000E+3	11,900000E+0
90	14,000000E+0	0,000000E+0	229,000000E-3	1,022000E+3	11,900000E+0
91	14,000000E+0	0,000000E+0	0,000000E+0	1,023000E+3	11,900000E+0
92	7,000000E+0	0,000000E+0	0,000000E+0	1,023000E+3	11,900000E+0
93	14,000000E+0	5,380000E+0	-229,000000E-3	1,022000E+3	11,900000E+0
94	14,000000E+0	8,070000E+0	-229,000000E-3	1,022000E+3	11,900000E+0
95	14,000000E+0	2,690000E+0	0,000000E+0	1,022000E+3	11,900000E+0
96	7,000000E+0	0,000000E+0	0,000000E+0	1,023000E+3	11,900000E+0
97	14,000000E+0	0,000000E+0	0,000000E+0	1,023000E+3	11,900000E+0
98	7,000000E+0	0,000000E+0	0,000000E+0	1,023000E+3	11,900000E+0
99	7,000000E+0	0,000000E+0	0,000000E+0	1,022000E+3	11,900000E+0
100	14,000000E+0	0,000000E+0	0,000000E+0	1,023000E+3	11,900000E+0
101	7,000000E+0	0,000000E+0	0,000000E+0	1,023000E+3	11,900000E+0
102	7,000000E+0	0,000000E+0	0,000000E+0	1,024000E+3	11,900000E+0
103	21,000000E+0	16,140000E+0	-916,000000E-3	261,629000E+3	3,046400E+3
104	14,000000E+0	2,690000E+0	0,000000E+0	1,022000E+3	11,900000E+0
105	7,000000E+0	5,380000E+0	0,000000E+0	1,022000E+3	11,900000E+0
106	65,528000E+3	0,000000E+0	229,000000E-3	1,025000E+3	11,900000E+0
107	7,000000E+0	0,000000E+0	687,000000E-3	1,023000E+3	11,900000E+0
108	14,000000E+0	0,000000E+0	229,000000E-3	1,022000E+3	11,900000E+0
109	7,000000E+0	0,000000E+0	458,000000E-3	1,023000E+3	11,900000E+0
110	14,000000E+0	2,690000E+0	0,000000E+0	1,022000E+3	11,900000E+0
111	7,000000E+0	0,000000E+0	0,000000E+0	1,023000E+3	11,900000E+0
112	14,000000E+0	5,380000E+0	-229,000000E-3	1,022000E+3	11,900000E+0
113	7,000000E+0	0,000000E+0	0,000000E+0	1,023000E+3	11,900000E+0
114	14,000000E+0	0,000000E+0	0,000000E+0	1,023000E+3	11,900000E+0
115	7,000000E+0	0,000000E+0	0,000000E+0	1,022000E+3	11,900000E+0
116	7,000000E+0	0,000000E+0	0,000000E+0	1,023000E+3	11,900000E+0
117	7,000000E+0	0,000000E+0	0,000000E+0	1,022000E+3	11,900000E+0
118	14,000000E+0	0,000000E+0	0,000000E+0	1,023000E+3	11,900000E+0
119	7,000000E+0	0,000000E+0	0,000000E+0	1,022000E+3	11,900000E+0
120	7,000000E+0	0,000000E+0	0,000000E+0	1,023000E+3	11,900000E+0
121	14,000000E+0	5,380000E+0	-687,000000E-3	1,022000E+3	11,900000E+0
122	14,000000E+0	10,760000E+0	-229,000000E-3	1,022000E+3	11,900000E+0
123	14,000000E+0	13,450000E+0	0,000000E+0	1,022000E+3	11,900000E+0
124	0,000000E+0	0,000000E+0	229,000000E-3	1,024000E+3	11,900000E+0
125	0,000000E+0	0,000000E+0	687,000000E-3	1,024000E+3	11,900000E+0
126	14,000000E+0	0,000000E+0	458,000000E-3	1,022000E+3	11,900000E+0
127	7,000000E+0	0,000000E+0	458,000000E-3	1,023000E+3	11,900000E+0
128	14,000000E+0	2,690000E+0	229,000000E-3	1,022000E+3	11,900000E+0
129	14,000000E+0	0,000000E+0	0,000000E+0	1,023000E+3	11,900000E+0
130	7,000000E+0	0,000000E+0	0,000000E+0	1,023000E+3	11,900000E+0
131	7,000000E+0	0,000000E+0	0,000000E+0	1,024000E+3	11,900000E+0
132	7,000000E+0	0,000000E+0	0,000000E+0	1,023000E+3	11,900000E+0
133	7,000000E+0	0,000000E+0	0,000000E+0	1,022000E+3	11,900000E+0
134	14,000000E+0	8,070000E+0	-229,000000E-3	1,022000E+3	11,900000E+0
135	14,000000E+0	2,690000E+0	0,000000E+0	1,023000E+3	11,900000E+0
136	7,000000E+0	0,000000E+0	0,000000E+0	1,023000E+3	11,900000E+0
137	7,000000E+0	0,000000E+0	0,000000E+0	1,022000E+3	11,900000E+0
138	14,000000E+0	0,000000E+0	0,000000E+0	1,023000E+3	11,900000E+0
139	7,000000E+0	0,000000E+0	0,000000E+0	1,023000E+3	11,900000E+0
140	7,000000E+0	0,000000E+0	0,000000E+0	1,022000E+3	11,900000E+0
141	7,000000E+0	0,000000E+0	0,000000E+0	1,023000E+3	11,900000E+0
142	21,000000E+0	16,140000E+0	-916,000000E-3	261,629000E+3	3,046400E+3
143	14,000000E+0	2,690000E+0	0,000000E+0	1,022000E+3	11,900000E+0
144	14,000000E+0	5,380000E+0	0,000000E+0	1,022000E+3	11,900000E+0
145	65,528000E+3	0,000000E+0	229,000000E-3	1,025000E+3	11,900000E+0
146	0,000000E+0	0,000000E+0	687,000000E-3	1,023000E+3	11,900000E+0
147	14,000000E+0	0,000000E+0	458,000000E-3	1,022000E+3	11,900000E+0
148	7,000000E+0	0,000000E+0	458,000000E-3	1,023000E+3	11,900000E+0
149	7,000000E+0	0,000000E+0	0,000000E+0	1,023000E+3	11,900000E+0
150	14,000000E+0	0,000000E+0	0,000000E+0	1,023000E+3	11,900000E+0
151	7,000000E+0	0,000000E+0	0,000000E+0	1,023000E+3	11,900000E+0
152	14,000000E+0	5,380000E+0	-229,000000E-3	1,022000E+3	11,900000E+0
153	14,000000E+0	2,690000E+0	-229,000000E-3	1,022000E+3	11,900000E+0
154	7,000000E+0	0,000000E+0	0,000000E+0	1,022000E+3	11,900000E+0
155	7,000000E+0	0,000000E+0	0,000000E+0	1,023000E+3	11,900000E+0
156	7,000000E+0	0,000000E+0	0,000000E+0	1,022000E+3	11,900000E+0
157	7,000000E+0	0,000000E+0	0,000000E+0	1,023000E+3	11,900000E+0
158	7,000000E+0	0,000000E+0	0,000000E+0	1,024000E+3	11,900000E+0
159	14,000000E+0	2,690000E+0	-687,000000E-3	1,022000E+3	11,900000E+0
160	14,000000E+0	8,070000E+0	-229,000000E-3	1,022000E+3	11,900000E+0
161	14,000000E+0	13,450000E+0	0,000000E+0	1,022000E+3	11,900000E+0
162	0,000000E+0	0,000000E+0	229,000000E-3	1,024000E+3	11,900000E+0
163	0,000000E+0	0,000000E+0	458,000000E-3	1,024000E+3	11,900000E+0
164	14,000000E+0	0,000000E+0	458,000000E-3	1,022000E+3	11,900000E+0
165	0,000000E+0	0,000000E+0	458,000000E-3	1,023000E+3	11,900000E+0
166	14,000000E+0	5,380000E+0	229,000000E-3	1,022000E+3	11,900000E+0
167	7,000000E+0	0,000000E+0	0,000000E+0	1,022000E+3	11,900000E+0
168	7,000000E+0	0,000000E+0	0,000000E+0	1,023000E+3	11,900000E+0
169	14,000000E+0	0,000000E+0	0,000000E+0	1,023000E+3	11,900000E+0
170	7,000000E+0	0,000000E+0	0,000000E+0	1,023000E+3	11,900000E+0
171	14,000000E+0	5,380000E+0	-229,000000E-3	1,022000E+3	11,900000E+0
172	14,000000E+0	8,070000E+0	-229,000000E-3	1,022000E+3	11,900000E+0
173	7,000000E+0	2,690000E+0	0,000000E+0	1,022000E+3	11,900000E+0
174	7,000000E+0	0,000000E+0	0,000000E+0	1,022000E+3	11,900000E+0
175	7,000000E+0	0,000000E+0	0,000000E+0	1,023000E+3	11,900000E+0
176	7,000000E+0	0,000000E+0	0,000000E+0	1,022000E+3	11,900000E+0
177	14,000000E+0	0,000000E+0	0,000000E+0	1,023000E+3	11,900000E+0
178	14,000000E+0	0,000000E+0	0,000000E+0	1,022000E+3	11,900000E+0
179	7,000000E+0	0,000000E+0	0,000000E+0	1,023000E+3	11,900000E+0
180	21,000000E+0	13,450000E+0	-916,000000E-3	261,629000E+3	3,046400E+3
181	14,000000E+0	0,000000E+0	0,000000E+0	1,022000E+3	11,900000E+0
182	14,000000E+0	5,380000E+0	0,000000E+0	1,022000E+3	11,900000E+0
183	65,528000E+3	0,000000E+0	229,000000E-3	1,024000E+3	11,900000E+0
184	0,000000E+0	0,000000E+0	687,000000E-3	1,023000E+3	11,900000E+0
185	14,000000E+0	0,000000E+0	458,000000E-3	1,022000E+3	11,900000E+0
186	7,000000E+0	0,000000E+0	458,000000E-3	1,023000E+3	11,900000E+0
187	14,000000E+0	0,000000E+0	0,000000E+0	1,023000E+3	11,900000E+0
188	14,000000E+0	0,000000E+0	0,000000E+0	1,022000E+3	11,900000E+0
189	7,000000E+0	0,000000E+0	0,000000E+0	1,023000E+3	11,900000E+0
190	14,000000E+0	5,380000E+0	-229,000000E-3	1,022000E+3	11,900000E+0
191	14,000000E+0	2,690000E+0	-229,000000E-3	1,022000E+3	11,900000E+0
192	7,000000E+0	0,000000E+0	0,000000E+0	1,022000E+3	11,900000E+0
193	7,000000E+0	0,000000E+0	0,000000E+0	1,023000E+3	11,900000E+0
194	7,000000E+0	0,000000E+0	0,000000E+0	1,022000E+3	11,900000E+0
195	14,000000E+0	0,000000E+0	0,000000E+0	1,023000E+3	11,900000E+0
196	7,000000E+0	0,000000E+0	0,000000E+0	1,023000E+3	11,900000E+0
197	7,000000E+0	0,000000E+0	0,000000E+0	1,024000E+3	11,900000E+0
198	14,000000E+0	5,380000E+0	-687,000000E-3	1,022000E+3	11,900000E+0
199	14,000000E+0	10,760000E+0	-229,000000E-3	1,022000E+3	11,900000E+0
200	14,000000E+0	13,450000E+0	0,000000E+0	1,022000E+3	11,900000E+0
201	0,000000E+0	0,000000E+0	229,000000E-3	1,024000E+3	11,900000E+0
202	0,000000E+0	0,000000E+0	687,000000E-3	1,024000E+3	11,900000E+0
203	14,000000E+0	0,000000E+0	458,000000E-3	1,022000E+3	11,900000E+0
204	7,000000E+0	0,000000E+0	458,000000E-3	1,023000E+3	11,900000E+0
205	14,000000E+0	2,690000E+0	229,000000E-3	1,022000E+3	11,900000E+0
206	7,000000E+0	0,000000E+0	0,000000E+0	1,023000E+3	11,900000E+0
207	14,000000E+0	5,380000E+0	0,000000E+0	1,023000E+3	11,900000E+0
208	14,000000E+0	5,380000E+0	-229,000000E-3	1,022000E+3	11,900000E+0
209	14,000000E+0	0,000000E+0	0,000000E+0	1,022000E+3	11,900000E+0
210	7,000000E+0	0,000000E+0	0,000000E+0	1,022000E+3	11,900000E+0
211	7,000000E+0	0,000000E+0	0,000000E+0	1,023000E+3	11,900000E+0
212	14,000000E+0	0,000000E+0	0,000000E+0	1,023000E+3	11,900000E+0
213	7,000000E+0	0,000000E+0	0,000000E+0	1,023000E+3	11,900000E+0
214	14,000000E+0	0,000000E+0	0,000000E+0	1,022000E+3	11,900000E+0
215	7,000000E+0	0,000000E+0	0,000000E+0	1,023000E+3	11,900000E+0
216	0,000000E+0	0,000000E+0	0,000000E+0	1,024000E+3	11,900000E+0
217	21,000000E+0	16,140000E+0	-916,000000E-3	261,629000E+3	3,046400E+3
218	14,000000E+0	2,690000E+0	0,000000E+0	1,022000E+3	11,900000E+0
219	14,000000E+0	8,070000E+0	0,000000E+0	1,022000E+3	11,900000E+0
220	65,528000E+3	0,000000E+0	229,000000E-3	1,025000E+3	11,900000E+0
221	7,000000E+0	0,000000E+0	687,000000E-3	1,024000E+3	11,900000E+0
222	14,000000E+0	0,000000E+0	229,000000E-3	1,022000E+3	11,900000E+0
223	0,000000E+0	0,000000E+0	458,000000E-3	1,023000E+3	11,900000E+0
224	14,000000E+0	2,690000E+0	0,000000E+0	1,022000E+3	11,900000E+0
225	7,000000E+0	0,000000E+0	0,000000E+0	1,022000E+3	11,900000E+0
226	14,000000E+0	0,000000E+0	0,000000E+0	1,023000E+3	11,900000E+0
227	7,000000E+0	0,000000E+0	0,000000E+0	1,023000E+3	11,900000E+0
228	14,000000E+0	5,380000E+0	-229,000000E-3	1,022000E+3	11,900000E+0
229	14,000000E+0	2,690000E+0	-229,000000E-3	1,023000E+3	11,900000E+0
230	7,000000E+0	0,000000E+0	0,000000E+0	1,023000E+3	11,900000E+0
231	14,000000E+0	2,690000E+0	0,000000E+0	1,022000E+3	11,900000E+0
232	14,000000E+0	0,000000E+0	0,000000E+0	1,023000E+3	11,900000E+0
233	7,000000E+0	0,000000E+0	0,000000E+0	1,023000E+3	11,900000E+0
234	14,000000E+0	0,000000E+0	0,000000E+0	1,023000E+3	11,900000E+0
235	7,000000E+0	0,000000E+0	0,000000E+0	1,023000E+3	11,900000E+0
236	14,000000E+0	2,690000E+0	-687,000000E-3	1,022000E+3	11,900000E+0
237	14,000000E+0	10,760000E+0	-229,000000E-3	1,022000E+3	11,900000E+0
238	14,000000E+0	16,140000E+0	0,000000E+0	1,022000E+3	11,900000E+0
239	0,000000E+0	0,000000E+0	229,000000E-3	1,024000E+3	11,900000E+0
240	0,000000E+0	0,000000E+0	458,000000E-3	1,024000E+3	11,900000E+0
241	14,000000E+0	0,000000E+0	229,000000E-3	1,022000E+3	11,900000E+0
242	7,000000E+0	0,000000E+0	458,000000E-3	1,023000E+3	11,900000E+0
243	14,000000E+0	0,000000E+0	229,000000E-3	1,022000E+3	11,900000E+0
244	14,000000E+0	0,000000E+0	0,000000E+0	1,022000E+3	11,900000E+0
245	7,000000E+0	0,000000E+0	0,000000E+0	1,023000E+3	11,900000E+0
246	7,000000E+0	0,000000E+0	0,000000E+0	1,022000E+3	11,900000E+0
247	14,000000E+0	8,070000E+0	-229,000000E-3	1,022000E+3	11,900000E+0
248	7,000000E+0	0,000000E+0	0,000000E+0	1,023000E+3	11,900000E+0
249	7,000000E+0	0,000000E+0	0,000000E+0	1,022000E+3	11,900000E+0
250	7,000000E+0	0,000000E+0	0,000000E+0	1,023000E+3	11,900000E+0
251	14,000000E+0	0,000000E+0	0,000000E+0	1,023000E+3	11,900000E+0
252	7,000000E+0	0,000000E+0	0,000000E+0	1,023000E+3	11,900000E+0
253	0,000000E+0	0,000000E+0	0,000000E+0	1,024000E+3	11,900000E+0
254	21,000000E+0	16,140000E+0	-916,000000E-3	261,629000E+3	3,046400E+3
255	14,000000E+0	2,690000E+0	0,000000E+0	1,022000E+3	11,900000E+0
256	14,000000E+0	5,380000E+0	0,000000E+0	1,022000E+3	11,900000E+0
257	7,000000E+0	0,000000E+0	0,000000E+0	1,023000E+3	11,900000E+0
258	0,000000E+0	0,000000E+0	458,000000E-3	1,023000E+3	11,900000E+0
259	14,000000E+0	5,380000E+0	0,000000E+0	1,022000E+3	11,900000E+0
260	14,000000E+0	2,690000E+0	0,000000E+0	1,022000E+3	11,900000E+0
261	7,000000E+0	0,000000E+0	0,000000E+0	1,022000E+3	11,900000E+0
262	7,000000E+0	0,000000E+0	0,000000E+0	1,023000E+3	11,900000E+0
