samedi 20 janvier 2024	15:27:03	Sampling Period : 20  ms		
Unities: time [sample], PWM [raw], Current [mA], velocity [rev/min], Position [pulse], Present Input Voltage [V]

t	DXL_PWM		DXL_Current		DXL_Velocity		DXL_Position		DXL_Input_Voltage
0	0,000000E+0	0,000000E+0	0,000000E+0	1,154728E+6	12,000000E+0
1	66,000000E+0	18,830000E+0	0,000000E+0	1,154729E+6	12,000000E+0
2	199,000000E+0	21,520000E+0	3,435000E+0	1,154752E+6	12,000000E+0
3	320,000000E+0	21,520000E+0	8,244000E+0	1,154800E+6	12,000000E+0
4	394,000000E+0	18,830000E+0	11,908000E+0	1,154867E+6	12,000000E+0
5	486,000000E+0	16,140000E+0	14,885000E+0	1,154950E+6	12,000000E+0
6	542,000000E+0	21,520000E+0	17,175000E+0	1,155046E+6	12,000000E+0
7	576,000000E+0	21,520000E+0	19,236000E+0	1,155150E+6	12,000000E+0
8	620,000000E+0	18,830000E+0	20,610000E+0	1,155265E+6	12,000000E+0
9	650,000000E+0	18,830000E+0	21,984000E+0	1,155385E+6	12,000000E+0
10	671,000000E+0	16,140000E+0	23,129000E+0	1,155510E+6	12,000000E+0
11	697,000000E+0	18,830000E+0	23,816000E+0	1,155642E+6	12,000000E+0
12	735,000000E+0	18,830000E+0	24,503000E+0	1,155778E+6	12,000000E+0
13	746,000000E+0	21,520000E+0	25,190000E+0	1,155919E+6	12,000000E+0
14	771,000000E+0	16,140000E+0	25,648000E+0	1,156061E+6	12,000000E+0
15	764,000000E+0	18,830000E+0	26,564000E+0	1,156211E+6	12,000000E+0
16	778,000000E+0	24,210000E+0	27,022000E+0	1,156360E+6	12,000000E+0
17	782,000000E+0	16,140000E+0	27,480000E+0	1,156512E+6	12,000000E+0
18	827,000000E+0	21,520000E+0	28,167000E+0	1,156665E+6	12,000000E+0
19	823,000000E+0	16,140000E+0	28,854000E+0	1,156823E+6	12,000000E+0
20	843,000000E+0	24,210000E+0	29,312000E+0	1,156982E+6	12,000000E+0
21	845,000000E+0	18,830000E+0	29,770000E+0	1,157144E+6	12,000000E+0
22	857,000000E+0	21,520000E+0	30,457000E+0	1,157308E+6	12,000000E+0
23	882,000000E+0	18,830000E+0	30,686000E+0	1,157472E+6	12,000000E+0
24	882,000000E+0	18,830000E+0	30,686000E+0	1,157639E+6	12,000000E+0
25	885,000000E+0	18,830000E+0	30,686000E+0	1,157808E+6	12,000000E+0
26	885,000000E+0	18,830000E+0	30,228000E+0	1,157974E+6	12,000000E+0
27	885,000000E+0	18,830000E+0	30,228000E+0	1,158141E+6	12,000000E+0
28	885,000000E+0	18,830000E+0	29,999000E+0	1,158309E+6	12,000000E+0
29	885,000000E+0	18,830000E+0	29,999000E+0	1,158476E+6	12,000000E+0
30	885,000000E+0	18,830000E+0	30,228000E+0	1,158643E+6	12,000000E+0
31	885,000000E+0	18,830000E+0	30,228000E+0	1,158810E+6	12,000000E+0
32	885,000000E+0	18,830000E+0	30,686000E+0	1,158977E+6	12,000000E+0
33	885,000000E+0	18,830000E+0	30,686000E+0	1,159145E+6	12,000000E+0
34	885,000000E+0	18,830000E+0	30,686000E+0	1,159309E+6	12,000000E+0
35	884,000000E+0	18,830000E+0	30,686000E+0	1,159486E+6	12,000000E+0
36	885,000000E+0	18,830000E+0	30,457000E+0	1,159641E+6	12,000000E+0
37	885,000000E+0	18,830000E+0	30,228000E+0	1,159810E+6	12,000000E+0
38	885,000000E+0	18,830000E+0	30,228000E+0	1,159975E+6	12,000000E+0
39	885,000000E+0	18,830000E+0	29,999000E+0	1,160141E+6	12,000000E+0
40	885,000000E+0	18,830000E+0	29,999000E+0	1,160308E+6	12,000000E+0
41	885,000000E+0	18,830000E+0	30,228000E+0	1,160475E+6	12,000000E+0
42	885,000000E+0	18,830000E+0	30,457000E+0	1,160642E+6	12,000000E+0
43	885,000000E+0	16,140000E+0	30,686000E+0	1,160810E+6	12,000000E+0
44	885,000000E+0	16,140000E+0	30,915000E+0	1,160978E+6	12,000000E+0
45	885,000000E+0	16,140000E+0	31,144000E+0	1,161145E+6	12,000000E+0
46	885,000000E+0	16,140000E+0	30,915000E+0	1,161311E+6	12,000000E+0
47	885,000000E+0	16,140000E+0	30,915000E+0	1,161479E+6	12,000000E+0
48	885,000000E+0	16,140000E+0	30,915000E+0	1,161645E+6	12,000000E+0
49	885,000000E+0	18,830000E+0	30,686000E+0	1,161813E+6	12,000000E+0
50	885,000000E+0	18,830000E+0	30,457000E+0	1,161982E+6	12,000000E+0
51	885,000000E+0	18,830000E+0	30,228000E+0	1,162148E+6	12,000000E+0
52	885,000000E+0	18,830000E+0	29,999000E+0	1,162315E+6	12,000000E+0
53	885,000000E+0	18,830000E+0	30,228000E+0	1,162483E+6	12,000000E+0
54	885,000000E+0	18,830000E+0	30,228000E+0	1,162650E+6	12,000000E+0
55	885,000000E+0	18,830000E+0	30,228000E+0	1,162817E+6	12,000000E+0
56	885,000000E+0	18,830000E+0	30,457000E+0	1,162984E+6	12,000000E+0
57	885,000000E+0	18,830000E+0	30,686000E+0	1,163154E+6	12,000000E+0
58	885,000000E+0	16,140000E+0	30,686000E+0	1,163318E+6	12,000000E+0
59	885,000000E+0	16,140000E+0	30,686000E+0	1,163485E+6	12,000000E+0
60	885,000000E+0	18,830000E+0	30,457000E+0	1,163650E+6	12,000000E+0
61	885,000000E+0	18,830000E+0	30,457000E+0	1,163816E+6	12,000000E+0
62	885,000000E+0	18,830000E+0	30,228000E+0	1,163983E+6	12,000000E+0
63	885,000000E+0	18,830000E+0	30,228000E+0	1,164149E+6	12,000000E+0
64	885,000000E+0	18,830000E+0	29,999000E+0	1,164315E+6	12,000000E+0
65	885,000000E+0	18,830000E+0	30,228000E+0	1,164483E+6	12,000000E+0
66	885,000000E+0	18,830000E+0	30,228000E+0	1,164650E+6	12,000000E+0
67	885,000000E+0	18,830000E+0	30,457000E+0	1,164818E+6	12,000000E+0
68	885,000000E+0	18,830000E+0	30,686000E+0	1,164985E+6	12,000000E+0
69	885,000000E+0	18,830000E+0	30,915000E+0	1,165152E+6	12,000000E+0
70	885,000000E+0	16,140000E+0	31,144000E+0	1,165320E+6	12,000000E+0
71	885,000000E+0	16,140000E+0	31,144000E+0	1,165486E+6	12,000000E+0
72	885,000000E+0	16,140000E+0	30,915000E+0	1,165652E+6	12,000000E+0
73	885,000000E+0	16,140000E+0	30,915000E+0	1,165818E+6	12,000000E+0
74	885,000000E+0	16,140000E+0	30,686000E+0	1,165988E+6	12,000000E+0
75	885,000000E+0	16,140000E+0	30,228000E+0	1,166157E+6	12,000000E+0
76	885,000000E+0	16,140000E+0	29,999000E+0	1,166323E+6	12,000000E+0
77	885,000000E+0	16,140000E+0	29,999000E+0	1,166490E+6	12,000000E+0
78	885,000000E+0	16,140000E+0	29,999000E+0	1,166656E+6	12,000000E+0
79	885,000000E+0	16,140000E+0	30,228000E+0	1,166824E+6	12,000000E+0
80	885,000000E+0	16,140000E+0	30,457000E+0	1,166991E+6	12,000000E+0
81	885,000000E+0	16,140000E+0	30,686000E+0	1,167158E+6	12,000000E+0
82	885,000000E+0	16,140000E+0	30,686000E+0	1,167326E+6	12,000000E+0
83	885,000000E+0	16,140000E+0	30,915000E+0	1,167490E+6	12,000000E+0
84	885,000000E+0	16,140000E+0	30,686000E+0	1,167661E+6	12,000000E+0
85	885,000000E+0	16,140000E+0	30,457000E+0	1,167825E+6	12,000000E+0
86	885,000000E+0	16,140000E+0	30,228000E+0	1,167993E+6	12,000000E+0
87	885,000000E+0	16,140000E+0	30,228000E+0	1,168157E+6	12,000000E+0
88	885,000000E+0	16,140000E+0	29,999000E+0	1,168324E+6	12,000000E+0
89	885,000000E+0	16,140000E+0	30,228000E+0	1,168491E+6	12,000000E+0
90	885,000000E+0	16,140000E+0	30,228000E+0	1,168658E+6	12,000000E+0
91	885,000000E+0	16,140000E+0	30,228000E+0	1,168824E+6	12,000000E+0
92	885,000000E+0	16,140000E+0	30,457000E+0	1,168991E+6	12,000000E+0
93	885,000000E+0	16,140000E+0	30,915000E+0	1,169159E+6	12,000000E+0
94	885,000000E+0	16,140000E+0	30,915000E+0	1,169328E+6	12,000000E+0
95	885,000000E+0	16,140000E+0	30,915000E+0	1,169494E+6	12,000000E+0
96	885,000000E+0	16,140000E+0	31,144000E+0	1,169662E+6	12,000000E+0
97	885,000000E+0	16,140000E+0	30,915000E+0	1,169828E+6	12,000000E+0
98	885,000000E+0	16,140000E+0	30,686000E+0	1,169995E+6	12,000000E+0
99	885,000000E+0	16,140000E+0	30,457000E+0	1,170166E+6	12,000000E+0
100	885,000000E+0	16,140000E+0	30,228000E+0	1,170331E+6	12,000000E+0
101	885,000000E+0	16,140000E+0	29,999000E+0	1,170498E+6	12,000000E+0
102	885,000000E+0	16,140000E+0	30,228000E+0	1,170666E+6	12,000000E+0
103	885,000000E+0	16,140000E+0	29,999000E+0	1,170832E+6	12,000000E+0
104	885,000000E+0	16,140000E+0	30,228000E+0	1,171000E+6	12,000000E+0
105	885,000000E+0	16,140000E+0	30,457000E+0	1,171168E+6	12,000000E+0
106	885,000000E+0	16,140000E+0	30,686000E+0	1,171333E+6	12,000000E+0
107	885,000000E+0	16,140000E+0	30,686000E+0	1,171500E+6	12,000000E+0
108	885,000000E+0	16,140000E+0	30,686000E+0	1,171667E+6	12,000000E+0
109	885,000000E+0	16,140000E+0	30,686000E+0	1,171834E+6	12,000000E+0
110	885,000000E+0	16,140000E+0	30,228000E+0	1,171999E+6	12,000000E+0
111	885,000000E+0	16,140000E+0	30,228000E+0	1,172165E+6	12,000000E+0
112	885,000000E+0	16,140000E+0	30,228000E+0	1,172331E+6	12,000000E+0
113	885,000000E+0	16,140000E+0	29,999000E+0	1,172498E+6	12,000000E+0
114	885,000000E+0	16,140000E+0	30,228000E+0	1,172665E+6	12,000000E+0
115	885,000000E+0	16,140000E+0	30,228000E+0	1,172834E+6	12,000000E+0
116	885,000000E+0	16,140000E+0	30,457000E+0	1,173001E+6	12,000000E+0
117	885,000000E+0	16,140000E+0	30,686000E+0	1,173168E+6	12,000000E+0
118	885,000000E+0	16,140000E+0	30,915000E+0	1,173334E+6	12,000000E+0
119	885,000000E+0	16,140000E+0	31,144000E+0	1,173501E+6	12,000000E+0
120	885,000000E+0	16,140000E+0	31,144000E+0	1,173669E+6	12,000000E+0
121	885,000000E+0	16,140000E+0	30,915000E+0	1,173836E+6	12,000000E+0
122	885,000000E+0	16,140000E+0	30,915000E+0	1,174002E+6	12,000000E+0
123	885,000000E+0	16,140000E+0	30,457000E+0	1,174171E+6	12,000000E+0
124	885,000000E+0	16,140000E+0	30,228000E+0	1,174338E+6	12,000000E+0
125	885,000000E+0	16,140000E+0	29,999000E+0	1,174506E+6	12,000000E+0
126	885,000000E+0	16,140000E+0	29,999000E+0	1,174673E+6	12,000000E+0
127	885,000000E+0	16,140000E+0	29,999000E+0	1,174840E+6	12,000000E+0
128	885,000000E+0	16,140000E+0	30,228000E+0	1,175006E+6	12,000000E+0
129	885,000000E+0	16,140000E+0	30,457000E+0	1,175175E+6	12,000000E+0
130	885,000000E+0	16,140000E+0	30,457000E+0	1,175341E+6	12,000000E+0
131	885,000000E+0	16,140000E+0	30,686000E+0	1,175508E+6	12,000000E+0
132	885,000000E+0	16,140000E+0	30,915000E+0	1,175673E+6	12,000000E+0
133	885,000000E+0	16,140000E+0	30,686000E+0	1,175842E+6	12,000000E+0
134	885,000000E+0	16,140000E+0	30,686000E+0	1,176006E+6	12,000000E+0
135	885,000000E+0	16,140000E+0	30,228000E+0	1,176175E+6	12,000000E+0
136	885,000000E+0	16,140000E+0	29,999000E+0	1,176340E+6	12,000000E+0
137	885,000000E+0	16,140000E+0	29,999000E+0	1,176507E+6	12,000000E+0
138	885,000000E+0	16,140000E+0	30,228000E+0	1,176674E+6	12,000000E+0
139	885,000000E+0	16,140000E+0	30,228000E+0	1,176842E+6	12,000000E+0
140	885,000000E+0	16,140000E+0	30,457000E+0	1,177008E+6	12,000000E+0
141	885,000000E+0	16,140000E+0	30,686000E+0	1,177175E+6	12,000000E+0
142	885,000000E+0	16,140000E+0	30,686000E+0	1,177343E+6	12,000000E+0
143	885,000000E+0	16,140000E+0	30,915000E+0	1,177510E+6	12,000000E+0
144	885,000000E+0	16,140000E+0	31,144000E+0	1,177679E+6	12,000000E+0
145	885,000000E+0	16,140000E+0	31,144000E+0	1,177846E+6	12,000000E+0
146	885,000000E+0	16,140000E+0	30,915000E+0	1,178011E+6	12,000000E+0
147	885,000000E+0	16,140000E+0	30,686000E+0	1,178179E+6	12,000000E+0
148	885,000000E+0	16,140000E+0	30,228000E+0	1,178347E+6	12,000000E+0
149	885,000000E+0	16,140000E+0	29,999000E+0	1,178511E+6	12,000000E+0
150	885,000000E+0	16,140000E+0	29,999000E+0	1,178681E+6	12,000000E+0
151	885,000000E+0	16,140000E+0	30,228000E+0	1,178849E+6	12,000000E+0
152	885,000000E+0	16,140000E+0	29,999000E+0	1,179014E+6	12,000000E+0
153	885,000000E+0	16,140000E+0	30,228000E+0	1,179183E+6	12,000000E+0
154	885,000000E+0	16,140000E+0	30,457000E+0	1,179349E+6	12,000000E+0
155	885,000000E+0	16,140000E+0	30,686000E+0	1,179517E+6	12,000000E+0
156	885,000000E+0	16,140000E+0	30,686000E+0	1,179683E+6	12,000000E+0
157	885,000000E+0	16,140000E+0	30,686000E+0	1,179850E+6	12,000000E+0
158	885,000000E+0	16,140000E+0	30,686000E+0	1,180016E+6	12,000000E+0
159	885,000000E+0	16,140000E+0	30,457000E+0	1,180182E+6	12,000000E+0
160	885,000000E+0	16,140000E+0	30,457000E+0	1,180349E+6	12,000000E+0
161	885,000000E+0	16,140000E+0	29,999000E+0	1,180515E+6	12,000000E+0
162	885,000000E+0	16,140000E+0	29,999000E+0	1,180681E+6	12,000000E+0
163	885,000000E+0	16,140000E+0	30,228000E+0	1,180850E+6	12,000000E+0
164	885,000000E+0	16,140000E+0	30,228000E+0	1,181017E+6	12,000000E+0
165	885,000000E+0	16,140000E+0	30,457000E+0	1,181184E+6	12,000000E+0
166	885,000000E+0	16,140000E+0	30,686000E+0	1,181352E+6	12,000000E+0
167	885,000000E+0	16,140000E+0	30,915000E+0	1,181520E+6	12,000000E+0
168	885,000000E+0	16,140000E+0	30,915000E+0	1,181688E+6	12,000000E+0
169	885,000000E+0	16,140000E+0	30,915000E+0	1,181854E+6	12,000000E+0
170	885,000000E+0	16,140000E+0	31,144000E+0	1,182022E+6	12,000000E+0
171	885,000000E+0	16,140000E+0	30,915000E+0	1,182188E+6	12,000000E+0
172	885,000000E+0	16,140000E+0	30,457000E+0	1,182357E+6	12,000000E+0
173	885,000000E+0	16,140000E+0	30,228000E+0	1,182524E+6	12,000000E+0
174	885,000000E+0	16,140000E+0	29,999000E+0	1,182691E+6	12,000000E+0
175	885,000000E+0	16,140000E+0	29,999000E+0	1,182857E+6	12,000000E+0
176	885,000000E+0	16,140000E+0	30,228000E+0	1,183025E+6	12,000000E+0
177	885,000000E+0	16,140000E+0	30,228000E+0	1,183193E+6	12,000000E+0
178	885,000000E+0	16,140000E+0	30,457000E+0	1,183360E+6	12,000000E+0
179	885,000000E+0	16,140000E+0	30,686000E+0	1,183527E+6	12,000000E+0
180	885,000000E+0	16,140000E+0	30,686000E+0	1,183695E+6	12,000000E+0
181	885,000000E+0	16,140000E+0	30,686000E+0	1,183859E+6	12,000000E+0
182	885,000000E+0	16,140000E+0	30,686000E+0	1,184027E+6	12,000000E+0
183	885,000000E+0	16,140000E+0	30,686000E+0	1,184192E+6	12,000000E+0
184	885,000000E+0	16,140000E+0	30,228000E+0	1,184361E+6	12,000000E+0
185	885,000000E+0	16,140000E+0	30,228000E+0	1,184526E+6	12,000000E+0
186	885,000000E+0	16,140000E+0	30,228000E+0	1,184694E+6	12,000000E+0
187	885,000000E+0	16,140000E+0	29,999000E+0	1,184859E+6	12,000000E+0
188	885,000000E+0	16,140000E+0	30,228000E+0	1,185027E+6	12,000000E+0
189	885,000000E+0	16,140000E+0	30,457000E+0	1,185195E+6	12,000000E+0
190	885,000000E+0	16,140000E+0	30,457000E+0	1,185361E+6	12,000000E+0
191	885,000000E+0	16,140000E+0	30,915000E+0	1,185528E+6	12,000000E+0
192	885,000000E+0	16,140000E+0	30,915000E+0	1,185697E+6	12,000000E+0
193	885,000000E+0	16,140000E+0	31,144000E+0	1,185865E+6	12,000000E+0
194	885,000000E+0	16,140000E+0	30,915000E+0	1,186031E+6	12,000000E+0
195	885,000000E+0	16,140000E+0	30,915000E+0	1,186197E+6	12,000000E+0
196	885,000000E+0	16,140000E+0	30,686000E+0	1,186365E+6	12,000000E+0
197	885,000000E+0	16,140000E+0	30,457000E+0	1,186534E+6	12,000000E+0
198	885,000000E+0	16,140000E+0	29,999000E+0	1,186698E+6	12,000000E+0
199	885,000000E+0	16,140000E+0	29,999000E+0	1,186867E+6	12,000000E+0
200	885,000000E+0	16,140000E+0	30,228000E+0	1,187035E+6	12,000000E+0
201	885,000000E+0	16,140000E+0	30,228000E+0	1,187200E+6	12,000000E+0
202	885,000000E+0	16,140000E+0	30,457000E+0	1,187369E+6	12,000000E+0
203	885,000000E+0	16,140000E+0	30,457000E+0	1,187536E+6	12,000000E+0
204	885,000000E+0	16,140000E+0	30,686000E+0	1,187704E+6	12,000000E+0
205	885,000000E+0	16,140000E+0	30,686000E+0	1,187871E+6	12,000000E+0
206	885,000000E+0	16,140000E+0	30,686000E+0	1,188038E+6	12,000000E+0
207	885,000000E+0	16,140000E+0	30,457000E+0	1,188203E+6	12,000000E+0
208	885,000000E+0	16,140000E+0	30,457000E+0	1,188369E+6	12,000000E+0
209	885,000000E+0	16,140000E+0	30,228000E+0	1,188536E+6	12,000000E+0
210	885,000000E+0	16,140000E+0	30,228000E+0	1,188702E+6	12,000000E+0
211	885,000000E+0	16,140000E+0	30,228000E+0	1,188869E+6	12,000000E+0
212	885,000000E+0	16,140000E+0	30,228000E+0	1,189037E+6	12,000000E+0
213	885,000000E+0	16,140000E+0	30,228000E+0	1,189205E+6	12,000000E+0
214	885,000000E+0	16,140000E+0	30,457000E+0	1,189373E+6	12,000000E+0
215	885,000000E+0	16,140000E+0	30,686000E+0	1,189540E+6	12,000000E+0
216	885,000000E+0	16,140000E+0	30,915000E+0	1,189708E+6	12,000000E+0
217	885,000000E+0	16,140000E+0	31,144000E+0	1,189875E+6	12,000000E+0
218	885,000000E+0	16,140000E+0	31,144000E+0	1,190041E+6	12,000000E+0
219	885,000000E+0	16,140000E+0	30,915000E+0	1,190209E+6	12,000000E+0
220	885,000000E+0	16,140000E+0	30,686000E+0	1,190375E+6	12,000000E+0
221	885,000000E+0	16,140000E+0	30,686000E+0	1,190544E+6	12,000000E+0
222	885,000000E+0	16,140000E+0	30,228000E+0	1,190712E+6	12,000000E+0
223	885,000000E+0	16,140000E+0	29,999000E+0	1,190878E+6	12,000000E+0
224	885,000000E+0	16,140000E+0	30,228000E+0	1,191045E+6	12,000000E+0
225	885,000000E+0	16,140000E+0	30,228000E+0	1,191213E+6	12,000000E+0
226	885,000000E+0	16,140000E+0	30,228000E+0	1,191380E+6	12,000000E+0
227	885,000000E+0	16,140000E+0	30,457000E+0	1,191547E+6	12,000000E+0
228	885,000000E+0	16,140000E+0	30,686000E+0	1,191714E+6	12,000000E+0
229	885,000000E+0	16,140000E+0	30,686000E+0	1,191882E+6	12,000000E+0
230	885,000000E+0	16,140000E+0	30,915000E+0	1,192047E+6	12,000000E+0
231	885,000000E+0	16,140000E+0	30,686000E+0	1,192216E+6	12,000000E+0
232	885,000000E+0	16,140000E+0	30,457000E+0	1,192380E+6	12,000000E+0
233	885,000000E+0	16,140000E+0	30,228000E+0	1,192548E+6	12,000000E+0
234	885,000000E+0	16,140000E+0	30,228000E+0	1,192713E+6	12,000000E+0
235	885,000000E+0	16,140000E+0	30,228000E+0	1,192881E+6	12,000000E+0
236	885,000000E+0	16,140000E+0	30,228000E+0	1,193047E+6	12,000000E+0
237	885,000000E+0	16,140000E+0	30,228000E+0	1,193217E+6	12,000000E+0
238	885,000000E+0	16,140000E+0	30,228000E+0	1,193384E+6	12,000000E+0
239	885,000000E+0	16,140000E+0	30,457000E+0	1,193551E+6	12,000000E+0
240	885,000000E+0	16,140000E+0	30,915000E+0	1,193718E+6	12,000000E+0
241	885,000000E+0	13,450000E+0	30,915000E+0	1,193887E+6	12,000000E+0
242	885,000000E+0	16,140000E+0	31,144000E+0	1,194054E+6	12,000000E+0
243	885,000000E+0	16,140000E+0	31,144000E+0	1,194222E+6	12,000000E+0
244	885,000000E+0	16,140000E+0	30,915000E+0	1,194387E+6	12,000000E+0
245	885,000000E+0	16,140000E+0	30,686000E+0	1,194555E+6	12,000000E+0
246	885,000000E+0	16,140000E+0	30,457000E+0	1,194725E+6	12,000000E+0
247	885,000000E+0	16,140000E+0	30,228000E+0	1,194890E+6	12,000000E+0
248	885,000000E+0	16,140000E+0	29,999000E+0	1,195058E+6	12,000000E+0
249	885,000000E+0	16,140000E+0	30,228000E+0	1,195225E+6	12,000000E+0
250	885,000000E+0	16,140000E+0	30,228000E+0	1,195391E+6	12,000000E+0
251	885,000000E+0	16,140000E+0	30,228000E+0	1,195558E+6	12,000000E+0
252	885,000000E+0	13,450000E+0	30,457000E+0	1,195729E+6	12,000000E+0
253	885,000000E+0	16,140000E+0	30,686000E+0	1,195894E+6	12,000000E+0
254	885,000000E+0	16,140000E+0	30,686000E+0	1,196061E+6	12,000000E+0
255	885,000000E+0	16,140000E+0	30,686000E+0	1,196228E+6	12,000000E+0
256	885,000000E+0	16,140000E+0	30,686000E+0	1,196394E+6	12,000000E+0
257	885,000000E+0	16,140000E+0	30,457000E+0	1,196559E+6	12,000000E+0
258	885,000000E+0	16,140000E+0	30,228000E+0	1,196726E+6	12,000000E+0
259	885,000000E+0	16,140000E+0	30,228000E+0	1,196892E+6	12,000000E+0
260	885,000000E+0	16,140000E+0	30,228000E+0	1,197059E+6	12,000000E+0
261	885,000000E+0	16,140000E+0	30,228000E+0	1,197227E+6	12,000000E+0
262	885,000000E+0	16,140000E+0	30,228000E+0	1,197395E+6	12,000000E+0
263	885,000000E+0	16,140000E+0	30,457000E+0	1,197563E+6	12,000000E+0
264	885,000000E+0	16,140000E+0	30,686000E+0	1,197729E+6	12,000000E+0
265	885,000000E+0	16,140000E+0	30,915000E+0	1,197897E+6	12,000000E+0
266	885,000000E+0	16,140000E+0	31,144000E+0	1,198064E+6	12,000000E+0
267	885,000000E+0	16,140000E+0	31,144000E+0	1,198232E+6	12,000000E+0
268	885,000000E+0	16,140000E+0	31,144000E+0	1,198399E+6	12,000000E+0
269	885,000000E+0	16,140000E+0	30,915000E+0	1,198565E+6	12,000000E+0
270	885,000000E+0	16,140000E+0	30,457000E+0	1,198735E+6	12,000000E+0
271	885,000000E+0	16,140000E+0	30,228000E+0	1,198903E+6	12,000000E+0
272	885,000000E+0	16,140000E+0	29,999000E+0	1,199070E+6	12,000000E+0
273	885,000000E+0	16,140000E+0	30,228000E+0	1,199237E+6	12,000000E+0
274	885,000000E+0	16,140000E+0	29,999000E+0	1,199412E+6	12,000000E+0
275	885,000000E+0	16,140000E+0	30,228000E+0	1,199572E+6	12,000000E+0
276	885,000000E+0	16,140000E+0	30,457000E+0	1,199739E+6	12,000000E+0
277	885,000000E+0	16,140000E+0	30,457000E+0	1,199905E+6	12,000000E+0
278	885,000000E+0	16,140000E+0	30,915000E+0	1,200075E+6	12,000000E+0
279	885,000000E+0	16,140000E+0	30,686000E+0	1,200239E+6	12,000000E+0
280	885,000000E+0	16,140000E+0	30,686000E+0	1,200407E+6	12,000000E+0
281	885,000000E+0	16,140000E+0	30,686000E+0	1,200573E+6	12,000000E+0
282	885,000000E+0	16,140000E+0	30,228000E+0	1,200741E+6	12,000000E+0
283	885,000000E+0	16,140000E+0	30,228000E+0	1,200906E+6	12,000000E+0
284	885,000000E+0	16,140000E+0	29,999000E+0	1,201073E+6	12,000000E+0
285	885,000000E+0	16,140000E+0	30,228000E+0	1,201240E+6	12,000000E+0
286	885,000000E+0	16,140000E+0	30,228000E+0	1,201408E+6	12,000000E+0
287	885,000000E+0	16,140000E+0	30,228000E+0	1,201574E+6	12,000000E+0
288	885,000000E+0	16,140000E+0	30,686000E+0	1,201741E+6	12,000000E+0
289	885,000000E+0	16,140000E+0	30,686000E+0	1,201909E+6	12,000000E+0
290	885,000000E+0	16,140000E+0	30,915000E+0	1,202078E+6	12,000000E+0
291	885,000000E+0	16,140000E+0	31,144000E+0	1,202246E+6	12,000000E+0
292	885,000000E+0	16,140000E+0	31,144000E+0	1,202413E+6	12,000000E+0
293	885,000000E+0	16,140000E+0	30,915000E+0	1,202579E+6	12,000000E+0
294	885,000000E+0	16,140000E+0	30,686000E+0	1,202748E+6	12,000000E+0
295	885,000000E+0	16,140000E+0	30,228000E+0	1,202916E+6	12,000000E+0
296	885,000000E+0	16,140000E+0	30,228000E+0	1,203081E+6	12,000000E+0
297	885,000000E+0	16,140000E+0	29,999000E+0	1,203251E+6	12,000000E+0
298	885,000000E+0	16,140000E+0	30,228000E+0	1,203418E+6	12,000000E+0
299	885,000000E+0	16,140000E+0	30,228000E+0	1,203585E+6	12,000000E+0
300	885,000000E+0	16,140000E+0	30,228000E+0	1,203753E+6	12,000000E+0
301	885,000000E+0	16,140000E+0	30,457000E+0	1,203920E+6	12,000000E+0
302	885,000000E+0	16,140000E+0	30,686000E+0	1,204087E+6	12,000000E+0
303	885,000000E+0	16,140000E+0	30,686000E+0	1,204255E+6	12,000000E+0
304	885,000000E+0	16,140000E+0	30,686000E+0	1,204422E+6	12,000000E+0
305	885,000000E+0	16,140000E+0	30,686000E+0	1,204587E+6	12,000000E+0
306	885,000000E+0	16,140000E+0	30,457000E+0	1,204753E+6	12,000000E+0
307	885,000000E+0	16,140000E+0	30,457000E+0	1,204921E+6	12,000000E+0
308	885,000000E+0	16,140000E+0	29,999000E+0	1,205086E+6	12,000000E+0
309	885,000000E+0	16,140000E+0	29,999000E+0	1,205253E+6	12,000000E+0
310	885,000000E+0	16,140000E+0	30,228000E+0	1,205421E+6	12,000000E+0
311	885,000000E+0	16,140000E+0	30,228000E+0	1,205588E+6	12,000000E+0
312	885,000000E+0	16,140000E+0	30,457000E+0	1,205756E+6	12,000000E+0
313	885,000000E+0	16,140000E+0	30,686000E+0	1,205924E+6	12,000000E+0
314	885,000000E+0	16,140000E+0	30,915000E+0	1,206092E+6	12,000000E+0
315	885,000000E+0	16,140000E+0	30,915000E+0	1,206258E+6	12,000000E+0
316	885,000000E+0	16,140000E+0	31,144000E+0	1,206425E+6	12,000000E+0
317	885,000000E+0	16,140000E+0	31,144000E+0	1,206594E+6	12,000000E+0
318	885,000000E+0	16,140000E+0	30,915000E+0	1,206759E+6	12,000000E+0
319	885,000000E+0	16,140000E+0	30,457000E+0	1,206928E+6	12,000000E+0
320	885,000000E+0	16,140000E+0	30,228000E+0	1,207094E+6	12,000000E+0
321	885,000000E+0	16,140000E+0	29,999000E+0	1,207261E+6	12,000000E+0
322	885,000000E+0	16,140000E+0	30,228000E+0	1,207428E+6	12,000000E+0
323	885,000000E+0	16,140000E+0	30,228000E+0	1,207597E+6	12,000000E+0
324	885,000000E+0	16,140000E+0	30,228000E+0	1,207764E+6	12,000000E+0
325	885,000000E+0	16,140000E+0	30,457000E+0	1,207934E+6	12,000000E+0
326	885,000000E+0	16,140000E+0	30,686000E+0	1,208098E+6	12,000000E+0
327	885,000000E+0	16,140000E+0	30,686000E+0	1,208267E+6	12,000000E+0
328	885,000000E+0	16,140000E+0	30,686000E+0	1,208432E+6	12,000000E+0
329	885,000000E+0	16,140000E+0	30,686000E+0	1,208600E+6	12,000000E+0
330	885,000000E+0	16,140000E+0	30,686000E+0	1,208765E+6	12,000000E+0
331	885,000000E+0	16,140000E+0	30,228000E+0	1,208933E+6	12,000000E+0
332	885,000000E+0	16,140000E+0	30,228000E+0	1,209099E+6	12,000000E+0
333	885,000000E+0	16,140000E+0	29,999000E+0	1,209266E+6	12,000000E+0
334	885,000000E+0	16,140000E+0	29,999000E+0	1,209432E+6	12,000000E+0
335	885,000000E+0	16,140000E+0	30,228000E+0	1,209600E+6	12,000000E+0
336	885,000000E+0	13,450000E+0	30,457000E+0	1,209768E+6	12,000000E+0
337	885,000000E+0	13,450000E+0	30,686000E+0	1,209935E+6	12,000000E+0
338	885,000000E+0	13,450000E+0	30,686000E+0	1,210102E+6	12,000000E+0
339	885,000000E+0	13,450000E+0	31,144000E+0	1,210270E+6	12,000000E+0
340	885,000000E+0	16,140000E+0	31,144000E+0	1,210438E+6	12,000000E+0
341	885,000000E+0	16,140000E+0	30,915000E+0	1,210604E+6	12,000000E+0
342	885,000000E+0	16,140000E+0	30,915000E+0	1,210771E+6	12,000000E+0
343	885,000000E+0	16,140000E+0	30,686000E+0	1,210940E+6	12,000000E+0
344	885,000000E+0	16,140000E+0	30,228000E+0	1,211108E+6	12,000000E+0
345	885,000000E+0	16,140000E+0	30,228000E+0	1,211272E+6	12,000000E+0
346	885,000000E+0	16,140000E+0	29,999000E+0	1,211441E+6	12,000000E+0
347	885,000000E+0	16,140000E+0	30,228000E+0	1,211609E+6	12,000000E+0
348	885,000000E+0	16,140000E+0	30,228000E+0	1,211775E+6	12,000000E+0
349	885,000000E+0	16,140000E+0	30,228000E+0	1,211946E+6	12,000000E+0
350	885,000000E+0	16,140000E+0	30,457000E+0	1,212112E+6	12,000000E+0
351	885,000000E+0	16,140000E+0	30,686000E+0	1,212278E+6	12,000000E+0
352	885,000000E+0	16,140000E+0	30,686000E+0	1,212446E+6	12,000000E+0
353	885,000000E+0	16,140000E+0	30,686000E+0	1,212612E+6	12,000000E+0
354	885,000000E+0	16,140000E+0	30,457000E+0	1,212777E+6	12,000000E+0
355	885,000000E+0	16,140000E+0	30,457000E+0	1,212944E+6	12,000000E+0
356	885,000000E+0	16,140000E+0	30,228000E+0	1,213111E+6	12,000000E+0
357	885,000000E+0	16,140000E+0	30,228000E+0	1,213278E+6	12,000000E+0
358	885,000000E+0	16,140000E+0	30,228000E+0	1,213445E+6	12,000000E+0
359	885,000000E+0	16,140000E+0	30,228000E+0	1,213612E+6	12,000000E+0
360	885,000000E+0	16,140000E+0	30,228000E+0	1,213780E+6	12,000000E+0
361	885,000000E+0	16,140000E+0	30,457000E+0	1,213948E+6	12,000000E+0
362	885,000000E+0	16,140000E+0	30,686000E+0	1,214115E+6	12,000000E+0
363	885,000000E+0	16,140000E+0	30,915000E+0	1,214282E+6	12,000000E+0
364	885,000000E+0	16,140000E+0	31,144000E+0	1,214449E+6	12,000000E+0
365	885,000000E+0	16,140000E+0	31,144000E+0	1,214616E+6	12,000000E+0
366	885,000000E+0	16,140000E+0	30,915000E+0	1,214785E+6	12,000000E+0
367	885,000000E+0	16,140000E+0	30,686000E+0	1,214950E+6	12,000000E+0
368	885,000000E+0	16,140000E+0	30,686000E+0	1,215120E+6	12,000000E+0
369	885,000000E+0	16,140000E+0	30,228000E+0	1,215287E+6	12,000000E+0
370	885,000000E+0	16,140000E+0	29,999000E+0	1,215453E+6	12,000000E+0
371	885,000000E+0	16,140000E+0	30,228000E+0	1,215620E+6	12,000000E+0
372	885,000000E+0	16,140000E+0	30,228000E+0	1,215789E+6	12,000000E+0
373	885,000000E+0	16,140000E+0	30,228000E+0	1,215955E+6	12,000000E+0
374	885,000000E+0	16,140000E+0	30,457000E+0	1,216124E+6	12,000000E+0
375	885,000000E+0	16,140000E+0	30,686000E+0	1,216290E+6	12,000000E+0
376	885,000000E+0	16,140000E+0	30,686000E+0	1,216459E+6	12,000000E+0
377	885,000000E+0	16,140000E+0	30,686000E+0	1,216624E+6	12,000000E+0
378	885,000000E+0	16,140000E+0	30,686000E+0	1,216792E+6	12,000000E+0
379	885,000000E+0	16,140000E+0	30,457000E+0	1,216957E+6	12,000000E+0
380	885,000000E+0	16,140000E+0	30,228000E+0	1,217125E+6	12,000000E+0
381	885,000000E+0	16,140000E+0	30,228000E+0	1,217290E+6	12,000000E+0
382	885,000000E+0	16,140000E+0	29,999000E+0	1,217459E+6	12,000000E+0
383	885,000000E+0	16,140000E+0	30,228000E+0	1,217626E+6	12,000000E+0
384	885,000000E+0	16,140000E+0	30,228000E+0	1,217792E+6	12,000000E+0
385	885,000000E+0	16,140000E+0	30,228000E+0	1,217959E+6	12,000000E+0
386	885,000000E+0	16,140000E+0	30,457000E+0	1,218128E+6	12,000000E+0
387	885,000000E+0	16,140000E+0	30,915000E+0	1,218295E+6	12,000000E+0
388	885,000000E+0	16,140000E+0	30,915000E+0	1,218464E+6	12,000000E+0
389	885,000000E+0	16,140000E+0	31,144000E+0	1,218632E+6	12,000000E+0
390	885,000000E+0	16,140000E+0	31,144000E+0	1,218798E+6	12,000000E+0
391	885,000000E+0	16,140000E+0	30,915000E+0	1,218966E+6	12,000000E+0
392	885,000000E+0	16,140000E+0	30,686000E+0	1,219132E+6	12,000000E+0
393	885,000000E+0	16,140000E+0	30,457000E+0	1,219300E+6	12,000000E+0
394	885,000000E+0	16,140000E+0	30,228000E+0	1,219466E+6	12,000000E+0
395	885,000000E+0	16,140000E+0	29,999000E+0	1,219634E+6	12,000000E+0
396	885,000000E+0	16,140000E+0	30,228000E+0	1,219801E+6	12,000000E+0
397	885,000000E+0	16,140000E+0	30,228000E+0	1,219968E+6	12,000000E+0
398	885,000000E+0	16,140000E+0	30,228000E+0	1,220137E+6	12,000000E+0
399	885,000000E+0	16,140000E+0	30,457000E+0	1,220304E+6	12,000000E+0
400	885,000000E+0	16,140000E+0	30,686000E+0	1,220471E+6	12,000000E+0
401	885,000000E+0	16,140000E+0	30,686000E+0	1,220639E+6	12,000000E+0
402	885,000000E+0	16,140000E+0	30,686000E+0	1,220807E+6	12,000000E+0
403	885,000000E+0	16,140000E+0	30,686000E+0	1,220973E+6	12,000000E+0
404	885,000000E+0	16,140000E+0	30,457000E+0	1,221140E+6	12,000000E+0
405	885,000000E+0	16,140000E+0	30,228000E+0	1,221306E+6	12,000000E+0
406	885,000000E+0	16,140000E+0	30,228000E+0	1,221472E+6	12,000000E+0
407	885,000000E+0	16,140000E+0	29,999000E+0	1,221638E+6	12,000000E+0
408	885,000000E+0	16,140000E+0	30,228000E+0	1,221808E+6	12,000000E+0
409	885,000000E+0	16,140000E+0	30,457000E+0	1,221974E+6	12,000000E+0
410	885,000000E+0	16,140000E+0	30,457000E+0	1,222142E+6	12,000000E+0
411	885,000000E+0	16,140000E+0	30,686000E+0	1,222309E+6	12,000000E+0
412	885,000000E+0	16,140000E+0	30,915000E+0	1,222476E+6	12,000000E+0
413	885,000000E+0	16,140000E+0	31,144000E+0	1,222644E+6	12,000000E+0
414	885,000000E+0	16,140000E+0	31,144000E+0	1,222812E+6	12,000000E+0
415	885,000000E+0	16,140000E+0	30,915000E+0	1,222979E+6	12,000000E+0
416	885,000000E+0	16,140000E+0	30,915000E+0	1,223145E+6	12,000000E+0
417	885,000000E+0	16,140000E+0	30,457000E+0	1,223326E+6	12,000000E+0
418	885,000000E+0	16,140000E+0	30,228000E+0	1,223522E+6	12,000000E+0
419	885,000000E+0	16,140000E+0	30,228000E+0	1,223690E+6	12,000000E+0
420	885,000000E+0	16,140000E+0	30,228000E+0	1,223859E+6	12,000000E+0
421	885,000000E+0	16,140000E+0	29,999000E+0	1,224025E+6	12,000000E+0
422	885,000000E+0	16,140000E+0	30,228000E+0	1,224193E+6	12,000000E+0
423	885,000000E+0	16,140000E+0	30,457000E+0	1,224360E+6	12,000000E+0
424	885,000000E+0	16,140000E+0	30,457000E+0	1,224527E+6	12,000000E+0
425	885,000000E+0	16,140000E+0	30,686000E+0	1,224695E+6	12,000000E+0
426	885,000000E+0	16,140000E+0	30,686000E+0	1,224860E+6	12,000000E+0
427	885,000000E+0	16,140000E+0	30,686000E+0	1,225028E+6	12,000000E+0
428	885,000000E+0	16,140000E+0	30,686000E+0	1,225195E+6	12,000000E+0
429	885,000000E+0	16,140000E+0	30,228000E+0	1,225360E+6	12,000000E+0
430	885,000000E+0	16,140000E+0	30,228000E+0	1,225526E+6	12,000000E+0
431	885,000000E+0	16,140000E+0	29,999000E+0	1,225693E+6	12,000000E+0
432	885,000000E+0	16,140000E+0	30,228000E+0	1,225861E+6	12,000000E+0
433	885,000000E+0	16,140000E+0	30,228000E+0	1,226028E+6	12,000000E+0
434	885,000000E+0	16,140000E+0	30,457000E+0	1,226195E+6	12,000000E+0
435	885,000000E+0	16,140000E+0	30,686000E+0	1,226362E+6	12,000000E+0
436	885,000000E+0	16,140000E+0	30,915000E+0	1,226529E+6	12,000000E+0
437	885,000000E+0	16,140000E+0	30,915000E+0	1,226697E+6	12,000000E+0
438	885,000000E+0	16,140000E+0	31,144000E+0	1,226865E+6	12,000000E+0
439	885,000000E+0	16,140000E+0	30,915000E+0	1,227034E+6	12,000000E+0
440	885,000000E+0	16,140000E+0	30,915000E+0	1,227199E+6	12,000000E+0
441	885,000000E+0	16,140000E+0	30,686000E+0	1,227368E+6	12,000000E+0
442	885,000000E+0	16,140000E+0	30,457000E+0	1,227535E+6	12,000000E+0
443	885,000000E+0	16,140000E+0	30,228000E+0	1,227701E+6	12,000000E+0
444	885,000000E+0	16,140000E+0	30,228000E+0	1,227870E+6	12,000000E+0
445	885,000000E+0	16,140000E+0	30,228000E+0	1,228038E+6	12,000000E+0
446	885,000000E+0	16,140000E+0	30,228000E+0	1,228204E+6	12,000000E+0
447	885,000000E+0	16,140000E+0	30,228000E+0	1,228372E+6	12,000000E+0
448	885,000000E+0	16,140000E+0	30,686000E+0	1,228539E+6	12,000000E+0
449	885,000000E+0	16,140000E+0	30,686000E+0	1,228709E+6	12,000000E+0
450	885,000000E+0	16,140000E+0	30,686000E+0	1,228873E+6	12,000000E+0
451	885,000000E+0	16,140000E+0	30,686000E+0	1,229041E+6	12,000000E+0
452	885,000000E+0	16,140000E+0	30,686000E+0	1,229207E+6	12,000000E+0
453	885,000000E+0	16,140000E+0	30,457000E+0	1,229374E+6	12,000000E+0
454	885,000000E+0	16,140000E+0	30,228000E+0	1,229540E+6	12,000000E+0
455	885,000000E+0	16,140000E+0	29,999000E+0	1,229707E+6	12,000000E+0
456	885,000000E+0	16,140000E+0	29,999000E+0	1,229875E+6	12,000000E+0
457	885,000000E+0	16,140000E+0	30,228000E+0	1,230041E+6	12,000000E+0
458	885,000000E+0	16,140000E+0	30,457000E+0	1,230210E+6	12,000000E+0
459	885,000000E+0	16,140000E+0	30,457000E+0	1,230376E+6	12,000000E+0
460	885,000000E+0	16,140000E+0	30,915000E+0	1,230545E+6	12,000000E+0
461	885,000000E+0	16,140000E+0	30,915000E+0	1,230713E+6	12,000000E+0
462	885,000000E+0	16,140000E+0	30,915000E+0	1,230880E+6	12,000000E+0
463	885,000000E+0	16,140000E+0	31,144000E+0	1,231047E+6	12,000000E+0
464	885,000000E+0	16,140000E+0	30,915000E+0	1,231214E+6	12,000000E+0
465	885,000000E+0	16,140000E+0	30,686000E+0	1,231379E+6	12,000000E+0
466	885,000000E+0	16,140000E+0	30,686000E+0	1,231549E+6	12,000000E+0
467	885,000000E+0	16,140000E+0	30,228000E+0	1,231715E+6	12,000000E+0
468	885,000000E+0	16,140000E+0	30,228000E+0	1,231883E+6	12,000000E+0
469	885,000000E+0	16,140000E+0	30,228000E+0	1,232052E+6	12,000000E+0
470	885,000000E+0	16,140000E+0	30,228000E+0	1,232219E+6	12,000000E+0
471	885,000000E+0	16,140000E+0	30,228000E+0	1,232387E+6	12,000000E+0
472	885,000000E+0	16,140000E+0	30,457000E+0	1,232554E+6	12,000000E+0
473	885,000000E+0	16,140000E+0	30,686000E+0	1,232720E+6	12,000000E+0
474	885,000000E+0	16,140000E+0	30,686000E+0	1,232889E+6	12,000000E+0
475	885,000000E+0	16,140000E+0	30,686000E+0	1,233053E+6	12,000000E+0
476	885,000000E+0	16,140000E+0	30,686000E+0	1,233221E+6	12,000000E+0
477	885,000000E+0	16,140000E+0	30,686000E+0	1,233387E+6	12,000000E+0
478	885,000000E+0	16,140000E+0	30,228000E+0	1,233554E+6	12,000000E+0
479	885,000000E+0	16,140000E+0	30,228000E+0	1,233720E+6	12,000000E+0
480	885,000000E+0	16,140000E+0	29,999000E+0	1,233886E+6	12,000000E+0
481	885,000000E+0	16,140000E+0	29,999000E+0	1,234055E+6	12,000000E+0
482	85,000000E+0	2,380650E+3	1,981024E+6	-718,536704E+6	1,800000E+0
483	885,000000E+0	16,140000E+0	30,457000E+0	1,234388E+6	12,000000E+0
484	885,000000E+0	16,140000E+0	30,686000E+0	1,234556E+6	12,000000E+0
485	885,000000E+0	16,140000E+0	30,915000E+0	1,234724E+6	12,000000E+0
486	885,000000E+0	16,140000E+0	31,144000E+0	1,234893E+6	12,000000E+0
487	885,000000E+0	16,140000E+0	30,915000E+0	1,235058E+6	12,000000E+0
488	885,000000E+0	16,140000E+0	30,915000E+0	1,235226E+6	12,000000E+0
489	885,000000E+0	16,140000E+0	30,915000E+0	1,235393E+6	12,000000E+0
490	885,000000E+0	16,140000E+0	30,686000E+0	1,235562E+6	12,000000E+0
491	885,000000E+0	16,140000E+0	30,457000E+0	1,235729E+6	12,000000E+0
492	885,000000E+0	16,140000E+0	30,228000E+0	1,235896E+6	12,000000E+0
493	885,000000E+0	16,140000E+0	29,999000E+0	1,236064E+6	12,000000E+0
494	885,000000E+0	16,140000E+0	30,228000E+0	1,236231E+6	12,000000E+0
495	885,000000E+0	16,140000E+0	30,228000E+0	1,236399E+6	12,000000E+0
496	885,000000E+0	16,140000E+0	30,457000E+0	1,236565E+6	12,000000E+0
497	885,000000E+0	16,140000E+0	30,457000E+0	1,236734E+6	12,000000E+0
498	885,000000E+0	16,140000E+0	30,686000E+0	1,236900E+6	12,000000E+0
499	885,000000E+0	16,140000E+0	30,915000E+0	1,237066E+6	12,000000E+0
500	885,000000E+0	16,140000E+0	30,686000E+0	1,237233E+6	12,000000E+0
501	885,000000E+0	16,140000E+0	30,457000E+0	1,237399E+6	12,000000E+0
502	885,000000E+0	16,140000E+0	30,457000E+0	1,237566E+6	12,000000E+0
503	885,000000E+0	16,140000E+0	30,228000E+0	1,237735E+6	12,000000E+0
504	21,760000E+3	80,570880E+3	-476,405473E+6	-1,946157E+9	483,500000E+0
505	21,760000E+3	80,570880E+3	-476,405473E+6	889,192448E+6	483,600000E+0
506	21,760000E+3	80,570880E+3	-476,405473E+6	-620,756992E+6	483,600000E+0
507	85,000000E+0	2,380650E+3	1,981024E+6	-444,399616E+6	1,800000E+0
508	21,760000E+3	80,570880E+3	-472,563491E+6	671,088640E+6	483,800000E+0
509	85,000000E+0	2,380650E+3	2,026047E+6	-422,510592E+6	1,800000E+0
510	85,000000E+0	2,380650E+3	2,026047E+6	-411,566080E+6	1,800000E+0
511	85,000000E+0	2,380650E+3	2,041055E+6	-400,490496E+6	1,800000E+0
512	21,760000E+3	80,570880E+3	-461,037543E+6	-939,524096E+6	484,000000E+0
513	85,000000E+0	2,380650E+3	2,026047E+6	-378,667008E+6	1,800000E+0
514	85,000000E+0	2,380650E+3	2,011039E+6	-367,788032E+6	1,800000E+0
515	85,000000E+0	2,380650E+3	1,996031E+6	-356,712448E+6	1,800000E+0
516	85,000000E+0	2,380650E+3	1,981024E+6	-345,767936E+6	1,800000E+0
517	85,000000E+0	2,380650E+3	1,981024E+6	-334,626816E+6	1,800000E+0
518	30,000000E+0	228,650000E+0	90,249129E+3	132,000000E+0	6,059700E+3
519	85,000000E+0	2,380650E+3	1,981024E+6	-312,803328E+6	1,800000E+0
520	29,952000E+3	4,139910E+3	7,738368E+3	317,588480E+6	3,072000E+3
521	29,952000E+3	4,139910E+3	7,796992E+3	317,630976E+6	3,072000E+3
522	29,952000E+3	4,139910E+3	7,796992E+3	317,673472E+6	3,072000E+3
523	885,000000E+0	16,140000E+0	30,686000E+0	1,241080E+6	12,000000E+0
524	885,000000E+0	16,140000E+0	30,915000E+0	1,241245E+6	12,000000E+0
525	885,000000E+0	16,140000E+0	30,686000E+0	1,241413E+6	12,000000E+0
526	885,000000E+0	16,140000E+0	30,457000E+0	1,241578E+6	12,000000E+0
527	885,000000E+0	16,140000E+0	30,228000E+0	1,241746E+6	12,000000E+0
528	885,000000E+0	16,140000E+0	30,228000E+0	1,241912E+6	12,000000E+0
529	885,000000E+0	16,140000E+0	29,999000E+0	1,242078E+6	12,000000E+0
530	885,000000E+0	16,140000E+0	30,228000E+0	1,242246E+6	12,000000E+0
531	885,000000E+0	16,140000E+0	30,228000E+0	1,242412E+6	12,000000E+0
532	885,000000E+0	16,140000E+0	30,228000E+0	1,242579E+6	12,000000E+0
533	885,000000E+0	16,140000E+0	30,686000E+0	1,242748E+6	12,000000E+0
534	30,000000E+0	228,650000E+0	90,249129E+3	135,000000E+0	6,326700E+3
535	30,000000E+0	228,650000E+0	90,249129E+3	136,000000E+0	6,343700E+3
536	21,760000E+3	80,570880E+3	-461,037543E+6	1,895825E+9	485,600000E+0
537	885,000000E+0	16,140000E+0	31,144000E+0	1,243420E+6	12,000000E+0
538	30,000000E+0	228,650000E+0	90,249129E+3	135,000000E+0	6,393700E+3
539	30,000000E+0	228,650000E+0	90,249129E+3	133,000000E+0	6,410500E+3
540	30,000000E+0	228,650000E+0	90,249129E+3	133,000000E+0	6,427300E+3
541	21,760000E+3	80,570880E+3	-476,405473E+6	-1,224737E+9	485,900000E+0
542	30,000000E+0	228,650000E+0	90,249129E+3	132,000000E+0	6,460800E+3
543	21,760000E+3	80,570880E+3	-476,405473E+6	117,440512E+6	486,100000E+0
544	21,760000E+3	80,570880E+3	-476,405473E+6	-1,358954E+9	486,100000E+0
545	30,000000E+0	228,650000E+0	90,249129E+3	132,000000E+0	6,510900E+3
546	30,000000E+0	228,650000E+0	90,249129E+3	133,000000E+0	6,527800E+3
547	30,000000E+0	228,650000E+0	90,249129E+3	134,000000E+0	6,544500E+3
548	30,000000E+0	228,650000E+0	90,249129E+3	134,000000E+0	7,400000E+0
549	30,000000E+0	228,650000E+0	90,249129E+3	134,000000E+0	24,100000E+0
550	30,000000E+0	228,650000E+0	90,249129E+3	134,000000E+0	40,700000E+0
551	30,000000E+0	228,650000E+0	90,249129E+3	133,000000E+0	57,400000E+0
552	30,000000E+0	228,650000E+0	90,249129E+3	131,000000E+0	74,000000E+0
553	30,000000E+0	228,650000E+0	90,249129E+3	132,000000E+0	90,600000E+0
554	7,681000E+3	58,534400E+3	23,103777E+6	33,536000E+3	1,280000E+3
555	21,760000E+3	80,570880E+3	-476,405473E+6	-654,311424E+6	486,800000E+0
556	21,760000E+3	80,570880E+3	-472,563491E+6	-2,130706E+9	486,900000E+0
557	21,760000E+3	80,570880E+3	-472,563491E+6	637,534208E+6	487,000000E+0
558	21,760000E+3	80,570880E+3	-468,721508E+6	-822,083584E+6	487,000000E+0
559	21,760000E+3	80,570880E+3	-461,037543E+6	1,979711E+9	487,100000E+0
560	21,760000E+3	80,570880E+3	-461,037543E+6	520,093696E+6	487,200000E+0
561	21,760000E+3	80,570880E+3	-461,037543E+6	-973,078528E+6	487,200000E+0
562	30,000000E+0	228,650000E+0	90,249129E+3	135,000000E+0	241,200000E+0
563	21,760000E+3	80,570880E+3	-468,721508E+6	301,989888E+6	487,400000E+0
564	85,000000E+0	2,380650E+3	1,996031E+6	179,961856E+6	1,900000E+0
565	85,000000E+0	2,380650E+3	1,981024E+6	190,971904E+6	1,900000E+0
566	85,000000E+0	2,380650E+3	1,981024E+6	201,981952E+6	1,900000E+0
567	85,000000E+0	2,380650E+3	1,981024E+6	213,057536E+6	1,900000E+0
568	21,760000E+3	80,570880E+3	-480,247456E+6	1,493172E+9	487,700000E+0
569	21,760000E+3	80,570880E+3	-476,405473E+6	0,000000E+0	487,800000E+0
570	21,760000E+3	80,570880E+3	-472,563491E+6	-1,493172E+9	487,800000E+0
571	21,760000E+3	80,570880E+3	-468,721508E+6	1,308623E+9	487,900000E+0
572	30,000000E+0	228,650000E+0	90,249129E+3	134,000000E+0	408,600000E+0
573	21,760000E+3	80,570880E+3	-468,721508E+6	-1,694499E+9	488,000000E+0
574	7,681000E+3	58,534400E+3	23,103777E+6	34,304000E+3	1,740800E+3
575	7,681000E+3	58,534400E+3	23,103777E+6	34,304000E+3	5,964800E+3
576	7,681000E+3	58,534400E+3	23,103777E+6	33,792000E+3	3,712000E+3
577	256,000000E+0	80,700000E+0	13,281873E+6	8,585222E+6	0,000000E+0
578	7,681000E+3	58,534400E+3	23,103777E+6	33,536000E+3	5,632000E+3
579	30,000000E+0	228,650000E+0	90,249129E+3	132,000000E+0	525,100000E+0
580	885,000000E+0	16,140000E+0	30,228000E+0	1,250602E+6	12,000000E+0
581	885,000000E+0	16,140000E+0	30,457000E+0	1,250772E+6	12,000000E+0
582	885,000000E+0	16,140000E+0	30,686000E+0	1,250980E+6	12,000000E+0
583	885,000000E+0	16,140000E+0	30,915000E+0	1,251189E+6	12,000000E+0
584	885,000000E+0	16,140000E+0	31,144000E+0	1,251358E+6	12,000000E+0
585	885,000000E+0	16,140000E+0	31,144000E+0	1,251526E+6	12,000000E+0
586	885,000000E+0	16,140000E+0	30,915000E+0	1,251691E+6	12,000000E+0
587	885,000000E+0	16,140000E+0	30,686000E+0	1,251858E+6	12,000000E+0
588	885,000000E+0	16,140000E+0	30,457000E+0	1,252026E+6	12,000000E+0
589	885,000000E+0	16,140000E+0	30,228000E+0	1,252192E+6	12,000000E+0
590	885,000000E+0	16,140000E+0	30,228000E+0	1,252361E+6	12,000000E+0
591	885,000000E+0	16,140000E+0	30,228000E+0	1,252530E+6	12,000000E+0
592	885,000000E+0	16,140000E+0	30,228000E+0	1,252696E+6	12,000000E+0
593	885,000000E+0	16,140000E+0	30,228000E+0	1,252865E+6	12,000000E+0
594	885,000000E+0	16,140000E+0	30,457000E+0	1,253030E+6	12,000000E+0
595	885,000000E+0	16,140000E+0	30,686000E+0	1,253197E+6	12,000000E+0
596	885,000000E+0	16,140000E+0	30,686000E+0	1,253365E+6	12,000000E+0
597	885,000000E+0	16,140000E+0	30,686000E+0	1,253530E+6	12,000000E+0
598	885,000000E+0	16,140000E+0	30,686000E+0	1,253698E+6	12,000000E+0
599	885,000000E+0	16,140000E+0	30,457000E+0	1,253864E+6	12,000000E+0
600	885,000000E+0	16,140000E+0	30,457000E+0	1,254031E+6	12,000000E+0
601	885,000000E+0	16,140000E+0	30,228000E+0	1,254197E+6	12,000000E+0
602	885,000000E+0	16,140000E+0	29,999000E+0	1,254363E+6	12,000000E+0
603	885,000000E+0	16,140000E+0	30,228000E+0	1,254531E+6	12,000000E+0
604	885,000000E+0	16,140000E+0	30,228000E+0	1,254698E+6	12,000000E+0
605	885,000000E+0	16,140000E+0	30,457000E+0	1,254865E+6	12,000000E+0
606	885,000000E+0	16,140000E+0	30,686000E+0	1,255031E+6	12,000000E+0
607	885,000000E+0	16,140000E+0	30,915000E+0	1,255199E+6	12,000000E+0
608	885,000000E+0	16,140000E+0	30,915000E+0	1,255367E+6	12,000000E+0
609	885,000000E+0	16,140000E+0	30,915000E+0	1,255534E+6	12,000000E+0
610	885,000000E+0	16,140000E+0	31,144000E+0	1,255702E+6	12,000000E+0
611	885,000000E+0	16,140000E+0	30,915000E+0	1,255868E+6	12,000000E+0
612	885,000000E+0	16,140000E+0	30,457000E+0	1,256037E+6	12,000000E+0
613	885,000000E+0	16,140000E+0	30,457000E+0	1,256204E+6	12,000000E+0
614	885,000000E+0	16,140000E+0	30,228000E+0	1,256370E+6	12,000000E+0
615	885,000000E+0	16,140000E+0	29,999000E+0	1,256538E+6	12,000000E+0
616	885,000000E+0	16,140000E+0	30,228000E+0	1,256706E+6	12,000000E+0
617	885,000000E+0	16,140000E+0	30,228000E+0	1,256873E+6	12,000000E+0
618	885,000000E+0	16,140000E+0	30,228000E+0	1,257040E+6	12,000000E+0
619	885,000000E+0	16,140000E+0	30,457000E+0	1,257207E+6	12,000000E+0
620	885,000000E+0	16,140000E+0	30,686000E+0	1,257374E+6	12,000000E+0
621	885,000000E+0	16,140000E+0	30,686000E+0	1,257539E+6	12,000000E+0
622	885,000000E+0	16,140000E+0	30,686000E+0	1,257706E+6	12,000000E+0
623	885,000000E+0	16,140000E+0	30,686000E+0	1,257874E+6	12,000000E+0
624	885,000000E+0	16,140000E+0	30,457000E+0	1,258039E+6	12,000000E+0
625	885,000000E+0	16,140000E+0	30,228000E+0	1,258206E+6	12,000000E+0
626	885,000000E+0	16,140000E+0	30,228000E+0	1,258371E+6	12,000000E+0
627	885,000000E+0	16,140000E+0	29,999000E+0	1,258539E+6	12,000000E+0
628	885,000000E+0	16,140000E+0	30,228000E+0	1,258750E+6	12,000000E+0
629	885,000000E+0	16,140000E+0	30,457000E+0	1,258916E+6	12,000000E+0
630	885,000000E+0	16,140000E+0	30,457000E+0	1,259082E+6	12,000000E+0
631	885,000000E+0	16,140000E+0	30,686000E+0	1,259249E+6	12,000000E+0
632	885,000000E+0	16,140000E+0	31,144000E+0	1,259419E+6	12,000000E+0
633	885,000000E+0	16,140000E+0	31,144000E+0	1,259586E+6	12,000000E+0
634	885,000000E+0	16,140000E+0	30,915000E+0	1,259753E+6	12,000000E+0
635	885,000000E+0	16,140000E+0	30,915000E+0	1,259919E+6	12,000000E+0
636	885,000000E+0	16,140000E+0	30,686000E+0	1,260087E+6	12,000000E+0
637	885,000000E+0	16,140000E+0	30,228000E+0	1,260254E+6	12,000000E+0
638	885,000000E+0	16,140000E+0	29,999000E+0	1,260422E+6	12,000000E+0
639	885,000000E+0	16,140000E+0	29,999000E+0	1,260589E+6	12,000000E+0
640	885,000000E+0	16,140000E+0	30,228000E+0	1,260757E+6	12,000000E+0
641	885,000000E+0	16,140000E+0	30,228000E+0	1,260921E+6	12,000000E+0
642	885,000000E+0	16,140000E+0	30,457000E+0	1,261090E+6	12,000000E+0
643	885,000000E+0	16,140000E+0	30,457000E+0	1,261256E+6	12,000000E+0
644	885,000000E+0	16,140000E+0	30,686000E+0	1,261425E+6	12,000000E+0
645	885,000000E+0	16,140000E+0	30,686000E+0	1,261592E+6	12,000000E+0
646	885,000000E+0	16,140000E+0	30,686000E+0	1,261757E+6	12,000000E+0
647	885,000000E+0	16,140000E+0	30,457000E+0	1,261923E+6	12,000000E+0
648	885,000000E+0	16,140000E+0	30,457000E+0	1,262092E+6	12,000000E+0
649	885,000000E+0	16,140000E+0	30,228000E+0	1,262259E+6	12,000000E+0
650	885,000000E+0	16,140000E+0	30,228000E+0	1,262425E+6	12,000000E+0
651	885,000000E+0	16,140000E+0	30,228000E+0	1,262592E+6	12,000000E+0
652	885,000000E+0	16,140000E+0	30,228000E+0	1,262760E+6	12,000000E+0
653	885,000000E+0	16,140000E+0	30,228000E+0	1,262926E+6	12,000000E+0
654	885,000000E+0	16,140000E+0	30,457000E+0	1,263094E+6	12,000000E+0
655	885,000000E+0	16,140000E+0	30,686000E+0	1,263262E+6	12,000000E+0
656	885,000000E+0	16,140000E+0	30,915000E+0	1,263429E+6	12,000000E+0
657	885,000000E+0	16,140000E+0	31,144000E+0	1,263597E+6	12,000000E+0
658	885,000000E+0	16,140000E+0	31,144000E+0	1,263761E+6	12,000000E+0
659	885,000000E+0	16,140000E+0	30,915000E+0	1,263931E+6	12,000000E+0
660	885,000000E+0	16,140000E+0	30,686000E+0	1,264097E+6	12,000000E+0
661	885,000000E+0	16,140000E+0	30,457000E+0	1,264267E+6	12,000000E+0
662	885,000000E+0	16,140000E+0	30,228000E+0	1,264434E+6	12,000000E+0
663	885,000000E+0	16,140000E+0	29,999000E+0	1,264600E+6	12,000000E+0
664	885,000000E+0	16,140000E+0	30,228000E+0	1,264766E+6	12,000000E+0
665	885,000000E+0	16,140000E+0	30,228000E+0	1,264935E+6	12,000000E+0
666	885,000000E+0	16,140000E+0	30,228000E+0	1,265102E+6	12,000000E+0
667	885,000000E+0	16,140000E+0	30,457000E+0	1,265270E+6	12,000000E+0
668	885,000000E+0	16,140000E+0	30,686000E+0	1,265437E+6	12,000000E+0
669	885,000000E+0	16,140000E+0	30,686000E+0	1,265604E+6	12,000000E+0
670	885,000000E+0	16,140000E+0	30,915000E+0	1,265769E+6	12,000000E+0
671	885,000000E+0	16,140000E+0	30,686000E+0	1,265938E+6	12,000000E+0
672	885,000000E+0	16,140000E+0	30,457000E+0	1,266103E+6	12,000000E+0
673	885,000000E+0	16,140000E+0	30,228000E+0	1,266270E+6	12,000000E+0
674	885,000000E+0	16,140000E+0	30,228000E+0	1,266437E+6	12,000000E+0
675	885,000000E+0	16,140000E+0	29,999000E+0	1,266604E+6	12,000000E+0
676	885,000000E+0	16,140000E+0	29,999000E+0	1,266771E+6	12,000000E+0
677	885,000000E+0	16,140000E+0	30,228000E+0	1,266939E+6	12,000000E+0
678	885,000000E+0	16,140000E+0	30,228000E+0	1,267105E+6	12,000000E+0
679	885,000000E+0	16,140000E+0	30,457000E+0	1,267271E+6	12,000000E+0
680	885,000000E+0	16,140000E+0	30,915000E+0	1,267440E+6	12,000000E+0
681	885,000000E+0	16,140000E+0	30,915000E+0	1,267607E+6	12,000000E+0
682	885,000000E+0	16,140000E+0	31,144000E+0	1,267775E+6	12,000000E+0
683	885,000000E+0	16,140000E+0	31,144000E+0	1,267943E+6	12,000000E+0
684	885,000000E+0	16,140000E+0	30,915000E+0	1,268108E+6	12,000000E+0
685	885,000000E+0	16,140000E+0	30,686000E+0	1,268276E+6	12,000000E+0
686	885,000000E+0	16,140000E+0	30,457000E+0	1,268444E+6	12,000000E+0
687	885,000000E+0	16,140000E+0	30,228000E+0	1,268611E+6	12,000000E+0
688	885,000000E+0	16,140000E+0	29,999000E+0	1,268778E+6	12,000000E+0
689	885,000000E+0	16,140000E+0	30,228000E+0	1,268945E+6	12,000000E+0
690	885,000000E+0	16,140000E+0	30,228000E+0	1,269112E+6	12,000000E+0
691	885,000000E+0	16,140000E+0	30,457000E+0	1,269280E+6	12,000000E+0
692	885,000000E+0	16,140000E+0	30,457000E+0	1,269448E+6	12,000000E+0
693	885,000000E+0	16,140000E+0	30,686000E+0	1,269616E+6	12,000000E+0
694	885,000000E+0	16,140000E+0	30,686000E+0	1,269782E+6	12,000000E+0
695	885,000000E+0	16,140000E+0	30,686000E+0	1,269948E+6	12,000000E+0
696	885,000000E+0	16,140000E+0	30,686000E+0	1,270114E+6	12,000000E+0
697	885,000000E+0	16,140000E+0	30,457000E+0	1,270281E+6	12,000000E+0
698	885,000000E+0	16,140000E+0	30,228000E+0	1,270447E+6	12,000000E+0
699	885,000000E+0	16,140000E+0	30,228000E+0	1,270613E+6	12,000000E+0
700	885,000000E+0	16,140000E+0	30,228000E+0	1,270780E+6	12,000000E+0
701	885,000000E+0	16,140000E+0	30,228000E+0	1,270948E+6	12,000000E+0
702	885,000000E+0	16,140000E+0	30,228000E+0	1,271115E+6	12,000000E+0
703	885,000000E+0	16,140000E+0	30,457000E+0	1,271282E+6	12,000000E+0
704	885,000000E+0	16,140000E+0	30,686000E+0	1,271449E+6	12,000000E+0
705	885,000000E+0	16,140000E+0	30,915000E+0	1,271617E+6	12,000000E+0
706	885,000000E+0	16,140000E+0	31,144000E+0	1,271785E+6	12,000000E+0
707	885,000000E+0	16,140000E+0	31,144000E+0	1,271952E+6	12,000000E+0
708	885,000000E+0	16,140000E+0	31,144000E+0	1,272120E+6	12,000000E+0
709	885,000000E+0	16,140000E+0	30,915000E+0	1,272287E+6	12,000000E+0
710	885,000000E+0	16,140000E+0	30,457000E+0	1,272455E+6	12,000000E+0
711	885,000000E+0	16,140000E+0	30,228000E+0	1,272622E+6	12,000000E+0
712	885,000000E+0	16,140000E+0	29,999000E+0	1,272789E+6	12,000000E+0
713	885,000000E+0	16,140000E+0	30,228000E+0	1,272956E+6	12,000000E+0
714	885,000000E+0	16,140000E+0	30,228000E+0	1,273124E+6	12,000000E+0
715	885,000000E+0	16,140000E+0	30,228000E+0	1,273291E+6	12,000000E+0
716	885,000000E+0	16,140000E+0	30,457000E+0	1,273458E+6	12,000000E+0
717	885,000000E+0	16,140000E+0	30,457000E+0	1,273627E+6	12,000000E+0
718	885,000000E+0	16,140000E+0	30,686000E+0	1,273794E+6	12,000000E+0
719	885,000000E+0	16,140000E+0	30,686000E+0	1,273957E+6	12,000000E+0
720	885,000000E+0	16,140000E+0	30,686000E+0	1,274125E+6	12,000000E+0
721	885,000000E+0	16,140000E+0	30,686000E+0	1,274291E+6	12,000000E+0
722	885,000000E+0	16,140000E+0	30,457000E+0	1,274458E+6	12,000000E+0
723	885,000000E+0	16,140000E+0	30,228000E+0	1,274624E+6	12,000000E+0
724	885,000000E+0	16,140000E+0	29,999000E+0	1,274791E+6	12,000000E+0
725	885,000000E+0	16,140000E+0	30,228000E+0	1,274958E+6	12,000000E+0
726	885,000000E+0	16,140000E+0	30,228000E+0	1,275126E+6	12,000000E+0
727	885,000000E+0	16,140000E+0	30,228000E+0	1,275293E+6	12,000000E+0
728	885,000000E+0	16,140000E+0	30,457000E+0	1,275460E+6	12,000000E+0
729	885,000000E+0	16,140000E+0	30,686000E+0	1,275628E+6	12,000000E+0
730	885,000000E+0	16,140000E+0	30,915000E+0	1,275795E+6	12,000000E+0
731	885,000000E+0	16,140000E+0	31,144000E+0	1,275963E+6	12,000000E+0
732	885,000000E+0	16,140000E+0	31,144000E+0	1,276130E+6	12,000000E+0
733	885,000000E+0	16,140000E+0	30,915000E+0	1,276296E+6	12,000000E+0
734	885,000000E+0	16,140000E+0	30,686000E+0	1,276464E+6	12,000000E+0
735	885,000000E+0	16,140000E+0	30,228000E+0	1,276631E+6	12,000000E+0
736	885,000000E+0	16,140000E+0	30,228000E+0	1,276797E+6	12,000000E+0
737	885,000000E+0	16,140000E+0	29,999000E+0	1,276968E+6	12,000000E+0
738	885,000000E+0	16,140000E+0	30,228000E+0	1,277135E+6	12,000000E+0
739	885,000000E+0	16,140000E+0	30,228000E+0	1,277302E+6	12,000000E+0
740	885,000000E+0	16,140000E+0	30,228000E+0	1,277469E+6	12,000000E+0
741	885,000000E+0	16,140000E+0	30,457000E+0	1,277637E+6	12,000000E+0
742	885,000000E+0	16,140000E+0	30,686000E+0	1,277804E+6	12,000000E+0
743	885,000000E+0	16,140000E+0	30,686000E+0	1,277971E+6	12,000000E+0
744	885,000000E+0	16,140000E+0	30,686000E+0	1,278138E+6	12,000000E+0
745	885,000000E+0	16,140000E+0	30,686000E+0	1,278304E+6	12,000000E+0
746	885,000000E+0	16,140000E+0	30,457000E+0	1,278469E+6	12,000000E+0
747	885,000000E+0	16,140000E+0	30,457000E+0	1,278636E+6	12,000000E+0
748	885,000000E+0	16,140000E+0	30,228000E+0	1,278802E+6	12,000000E+0
749	885,000000E+0	16,140000E+0	29,999000E+0	1,278968E+6	12,000000E+0
750	885,000000E+0	16,140000E+0	30,228000E+0	1,279136E+6	12,000000E+0
751	885,000000E+0	16,140000E+0	30,228000E+0	1,279303E+6	12,000000E+0
752	885,000000E+0	16,140000E+0	30,457000E+0	1,279471E+6	12,000000E+0
753	885,000000E+0	16,140000E+0	30,686000E+0	1,279639E+6	12,000000E+0
754	885,000000E+0	16,140000E+0	30,915000E+0	1,279806E+6	12,000000E+0
755	885,000000E+0	16,140000E+0	30,915000E+0	1,279973E+6	12,000000E+0
756	885,000000E+0	16,140000E+0	30,915000E+0	1,280141E+6	12,000000E+0
757	885,000000E+0	16,140000E+0	31,144000E+0	1,280308E+6	12,000000E+0
758	885,000000E+0	16,140000E+0	30,915000E+0	1,280475E+6	12,000000E+0
759	885,000000E+0	16,140000E+0	30,457000E+0	1,280644E+6	12,000000E+0
760	885,000000E+0	13,450000E+0	30,228000E+0	1,280810E+6	12,000000E+0
761	885,000000E+0	16,140000E+0	29,999000E+0	1,280975E+6	12,000000E+0
762	885,000000E+0	16,140000E+0	30,228000E+0	1,281142E+6	12,000000E+0
763	885,000000E+0	16,140000E+0	30,228000E+0	1,281311E+6	12,000000E+0
764	885,000000E+0	16,140000E+0	30,228000E+0	1,281478E+6	12,000000E+0
765	885,000000E+0	16,140000E+0	30,457000E+0	1,281646E+6	12,000000E+0
766	885,000000E+0	16,140000E+0	30,457000E+0	1,281814E+6	12,000000E+0
767	885,000000E+0	16,140000E+0	30,686000E+0	1,281981E+6	12,000000E+0
768	885,000000E+0	16,140000E+0	30,686000E+0	1,282145E+6	12,000000E+0
769	885,000000E+0	16,140000E+0	30,686000E+0	1,282313E+6	12,000000E+0
770	885,000000E+0	16,140000E+0	30,686000E+0	1,282480E+6	12,000000E+0
771	885,000000E+0	16,140000E+0	30,228000E+0	1,282646E+6	12,000000E+0
772	885,000000E+0	16,140000E+0	30,228000E+0	1,282812E+6	12,000000E+0
773	885,000000E+0	16,140000E+0	30,228000E+0	1,282980E+6	12,000000E+0
774	885,000000E+0	16,140000E+0	29,999000E+0	1,283146E+6	12,000000E+0
775	885,000000E+0	16,140000E+0	30,228000E+0	1,283316E+6	12,000000E+0
776	885,000000E+0	16,140000E+0	30,228000E+0	1,283481E+6	12,000000E+0
777	885,000000E+0	16,140000E+0	30,457000E+0	1,283648E+6	12,000000E+0
778	885,000000E+0	16,140000E+0	30,686000E+0	1,283816E+6	12,000000E+0
779	885,000000E+0	16,140000E+0	31,144000E+0	1,283984E+6	12,000000E+0
780	885,000000E+0	16,140000E+0	31,144000E+0	1,284151E+6	12,000000E+0
781	885,000000E+0	16,140000E+0	30,915000E+0	1,284319E+6	12,000000E+0
782	885,000000E+0	16,140000E+0	30,915000E+0	1,284485E+6	12,000000E+0
783	885,000000E+0	16,140000E+0	30,686000E+0	1,284653E+6	12,000000E+0
784	885,000000E+0	16,140000E+0	30,228000E+0	1,284820E+6	12,000000E+0
785	885,000000E+0	16,140000E+0	30,228000E+0	1,284986E+6	12,000000E+0
786	885,000000E+0	16,140000E+0	29,999000E+0	1,285155E+6	12,000000E+0
787	885,000000E+0	16,140000E+0	30,228000E+0	1,285323E+6	12,000000E+0
788	885,000000E+0	16,140000E+0	30,228000E+0	1,285489E+6	12,000000E+0
789	885,000000E+0	16,140000E+0	30,228000E+0	1,285657E+6	12,000000E+0
790	885,000000E+0	16,140000E+0	30,457000E+0	1,285825E+6	12,000000E+0
791	885,000000E+0	16,140000E+0	30,686000E+0	1,285992E+6	12,000000E+0
792	885,000000E+0	16,140000E+0	30,686000E+0	1,286157E+6	12,000000E+0
793	885,000000E+0	16,140000E+0	30,686000E+0	1,286326E+6	12,000000E+0
794	885,000000E+0	16,140000E+0	30,457000E+0	1,286491E+6	12,000000E+0
795	885,000000E+0	16,140000E+0	30,457000E+0	1,286657E+6	12,000000E+0
796	885,000000E+0	16,140000E+0	30,228000E+0	1,286824E+6	12,000000E+0
797	885,000000E+0	18,830000E+0	30,228000E+0	1,286990E+6	12,000000E+0
798	885,000000E+0	18,830000E+0	30,228000E+0	1,287157E+6	12,000000E+0
799	885,000000E+0	16,140000E+0	30,228000E+0	1,287324E+6	12,000000E+0
800	885,000000E+0	16,140000E+0	30,228000E+0	1,287491E+6	12,000000E+0
801	885,000000E+0	16,140000E+0	30,228000E+0	1,287659E+6	12,000000E+0
802	885,000000E+0	16,140000E+0	30,686000E+0	1,287826E+6	12,000000E+0
803	885,000000E+0	16,140000E+0	30,915000E+0	1,287994E+6	12,000000E+0
804	885,000000E+0	16,140000E+0	30,915000E+0	1,288161E+6	12,000000E+0
805	885,000000E+0	16,140000E+0	31,144000E+0	1,288328E+6	12,000000E+0
806	885,000000E+0	16,140000E+0	30,915000E+0	1,288496E+6	12,000000E+0
807	885,000000E+0	16,140000E+0	30,686000E+0	1,288662E+6	12,000000E+0
808	885,000000E+0	16,140000E+0	30,686000E+0	1,288831E+6	12,000000E+0
809	885,000000E+0	16,140000E+0	30,228000E+0	1,288998E+6	12,000000E+0
810	885,000000E+0	16,140000E+0	29,999000E+0	1,289163E+6	12,000000E+0
811	885,000000E+0	16,140000E+0	30,228000E+0	1,289332E+6	12,000000E+0
812	885,000000E+0	16,140000E+0	30,228000E+0	1,289499E+6	12,000000E+0
813	885,000000E+0	16,140000E+0	30,228000E+0	1,289667E+6	12,000000E+0
814	885,000000E+0	16,140000E+0	30,457000E+0	1,289835E+6	12,000000E+0
815	885,000000E+0	16,140000E+0	30,686000E+0	1,290003E+6	12,000000E+0
816	885,000000E+0	16,140000E+0	30,686000E+0	1,290170E+6	12,000000E+0
817	885,000000E+0	16,140000E+0	30,686000E+0	1,290335E+6	12,000000E+0
818	885,000000E+0	16,140000E+0	30,686000E+0	1,290502E+6	12,000000E+0
819	885,000000E+0	16,140000E+0	30,457000E+0	1,290667E+6	12,000000E+0
820	885,000000E+0	16,140000E+0	30,228000E+0	1,290833E+6	12,000000E+0
821	885,000000E+0	16,140000E+0	30,228000E+0	1,291001E+6	12,000000E+0
822	885,000000E+0	16,140000E+0	30,228000E+0	1,291167E+6	12,000000E+0
823	885,000000E+0	16,140000E+0	29,999000E+0	1,291334E+6	12,000000E+0
824	885,000000E+0	16,140000E+0	30,228000E+0	1,291502E+6	12,000000E+0
825	885,000000E+0	16,140000E+0	30,228000E+0	1,291669E+6	12,000000E+0
826	885,000000E+0	16,140000E+0	30,457000E+0	1,291835E+6	12,000000E+0
827	885,000000E+0	16,140000E+0	30,915000E+0	1,292003E+6	12,000000E+0
828	885,000000E+0	16,140000E+0	30,915000E+0	1,292171E+6	12,000000E+0
829	885,000000E+0	16,140000E+0	31,144000E+0	1,292339E+6	12,000000E+0
830	885,000000E+0	16,140000E+0	31,144000E+0	1,292507E+6	12,000000E+0
831	885,000000E+0	16,140000E+0	30,915000E+0	1,292672E+6	12,000000E+0
832	885,000000E+0	16,140000E+0	30,457000E+0	1,292842E+6	12,000000E+0
833	885,000000E+0	16,140000E+0	30,457000E+0	1,293010E+6	12,000000E+0
834	885,000000E+0	16,140000E+0	30,228000E+0	1,293174E+6	12,000000E+0
835	885,000000E+0	16,140000E+0	29,999000E+0	1,293341E+6	12,000000E+0
836	885,000000E+0	16,140000E+0	30,228000E+0	1,293511E+6	12,000000E+0
837	885,000000E+0	16,140000E+0	30,228000E+0	1,293677E+6	12,000000E+0
838	885,000000E+0	16,140000E+0	30,228000E+0	1,293847E+6	12,000000E+0
839	885,000000E+0	16,140000E+0	30,457000E+0	1,294012E+6	12,000000E+0
840	885,000000E+0	16,140000E+0	30,686000E+0	1,294182E+6	12,000000E+0
841	885,000000E+0	16,140000E+0	30,686000E+0	1,294347E+6	12,000000E+0
842	885,000000E+0	16,140000E+0	30,686000E+0	1,294513E+6	12,000000E+0
843	885,000000E+0	16,140000E+0	30,686000E+0	1,294682E+6	12,000000E+0
844	885,000000E+0	16,140000E+0	30,457000E+0	1,294845E+6	12,000000E+0
845	885,000000E+0	16,140000E+0	30,228000E+0	1,295012E+6	12,000000E+0
846	885,000000E+0	16,140000E+0	30,228000E+0	1,295178E+6	12,000000E+0
847	885,000000E+0	16,140000E+0	30,228000E+0	1,295345E+6	12,000000E+0
848	885,000000E+0	16,140000E+0	30,228000E+0	1,295511E+6	12,000000E+0
849	885,000000E+0	16,140000E+0	30,228000E+0	1,295679E+6	12,000000E+0
850	885,000000E+0	16,140000E+0	30,457000E+0	1,295848E+6	12,000000E+0
851	885,000000E+0	16,140000E+0	30,686000E+0	1,296015E+6	12,000000E+0
852	885,000000E+0	16,140000E+0	30,915000E+0	1,296183E+6	12,000000E+0
853	885,000000E+0	16,140000E+0	31,144000E+0	1,296351E+6	12,000000E+0
854	885,000000E+0	16,140000E+0	31,144000E+0	1,296517E+6	12,000000E+0
855	885,000000E+0	16,140000E+0	30,915000E+0	1,296686E+6	12,000000E+0
856	885,000000E+0	16,140000E+0	30,915000E+0	1,296852E+6	12,000000E+0
857	885,000000E+0	16,140000E+0	30,457000E+0	1,297020E+6	12,000000E+0
858	885,000000E+0	16,140000E+0	30,228000E+0	1,297187E+6	12,000000E+0
859	885,000000E+0	16,140000E+0	30,228000E+0	1,297353E+6	12,000000E+0
860	885,000000E+0	16,140000E+0	30,228000E+0	1,297522E+6	12,000000E+0
861	885,000000E+0	16,140000E+0	30,228000E+0	1,297689E+6	12,000000E+0
862	885,000000E+0	16,140000E+0	30,228000E+0	1,297855E+6	12,000000E+0
863	885,000000E+0	16,140000E+0	30,457000E+0	1,298024E+6	12,000000E+0
864	885,000000E+0	16,140000E+0	30,457000E+0	1,298191E+6	12,000000E+0
865	885,000000E+0	16,140000E+0	30,686000E+0	1,298359E+6	12,000000E+0
866	885,000000E+0	16,140000E+0	30,686000E+0	1,298525E+6	12,000000E+0
867	885,000000E+0	16,140000E+0	30,686000E+0	1,298690E+6	12,000000E+0
868	885,000000E+0	16,140000E+0	30,686000E+0	1,298857E+6	12,000000E+0
869	885,000000E+0	16,140000E+0	30,228000E+0	1,299023E+6	12,000000E+0
870	885,000000E+0	16,140000E+0	30,228000E+0	1,299189E+6	12,000000E+0
871	885,000000E+0	16,140000E+0	29,999000E+0	1,299357E+6	12,000000E+0
872	885,000000E+0	16,140000E+0	30,228000E+0	1,299522E+6	12,000000E+0
873	885,000000E+0	16,140000E+0	30,228000E+0	1,299692E+6	12,000000E+0
874	885,000000E+0	16,140000E+0	30,228000E+0	1,299859E+6	12,000000E+0
875	885,000000E+0	16,140000E+0	30,457000E+0	1,300026E+6	12,000000E+0
876	885,000000E+0	16,140000E+0	30,686000E+0	1,300194E+6	12,000000E+0
877	885,000000E+0	16,140000E+0	30,915000E+0	1,300361E+6	12,000000E+0
878	885,000000E+0	16,140000E+0	31,144000E+0	1,300529E+6	12,000000E+0
879	885,000000E+0	16,140000E+0	31,144000E+0	1,300697E+6	12,000000E+0
880	885,000000E+0	16,140000E+0	30,915000E+0	1,300862E+6	12,000000E+0
881	885,000000E+0	16,140000E+0	30,686000E+0	1,301029E+6	12,000000E+0
882	885,000000E+0	16,140000E+0	30,457000E+0	1,301196E+6	12,000000E+0
883	885,000000E+0	16,140000E+0	30,228000E+0	1,301363E+6	12,000000E+0
884	885,000000E+0	16,140000E+0	30,228000E+0	1,301531E+6	12,000000E+0
885	885,000000E+0	16,140000E+0	30,457000E+0	1,301700E+6	12,000000E+0
886	885,000000E+0	16,140000E+0	30,228000E+0	1,301866E+6	12,000000E+0
887	885,000000E+0	16,140000E+0	30,228000E+0	1,302035E+6	12,000000E+0
888	885,000000E+0	16,140000E+0	30,457000E+0	1,302202E+6	12,000000E+0
889	885,000000E+0	16,140000E+0	30,457000E+0	1,302369E+6	12,000000E+0
890	885,000000E+0	16,140000E+0	30,686000E+0	1,302537E+6	12,000000E+0
891	885,000000E+0	16,140000E+0	30,686000E+0	1,302714E+6	12,000000E+0
892	885,000000E+0	16,140000E+0	30,686000E+0	1,302910E+6	12,000000E+0
893	885,000000E+0	16,140000E+0	30,457000E+0	1,303118E+6	12,000000E+0
894	885,000000E+0	16,140000E+0	30,228000E+0	1,303326E+6	12,000000E+0
895	885,000000E+0	16,140000E+0	29,999000E+0	1,303493E+6	12,000000E+0
896	885,000000E+0	16,140000E+0	30,228000E+0	1,303661E+6	12,000000E+0
897	885,000000E+0	16,140000E+0	30,228000E+0	1,303828E+6	12,000000E+0
898	885,000000E+0	16,140000E+0	30,457000E+0	1,303995E+6	12,000000E+0
899	885,000000E+0	16,140000E+0	30,686000E+0	1,304163E+6	12,000000E+0
900	885,000000E+0	16,140000E+0	30,915000E+0	1,304330E+6	12,000000E+0
901	885,000000E+0	16,140000E+0	30,915000E+0	1,304497E+6	12,000000E+0
902	885,000000E+0	16,140000E+0	30,915000E+0	1,304665E+6	12,000000E+0
903	885,000000E+0	16,140000E+0	30,915000E+0	1,304833E+6	12,000000E+0
904	885,000000E+0	16,140000E+0	30,915000E+0	1,304999E+6	12,000000E+0
905	885,000000E+0	16,140000E+0	30,686000E+0	1,305167E+6	12,000000E+0
906	885,000000E+0	16,140000E+0	30,457000E+0	1,305336E+6	12,000000E+0
907	885,000000E+0	16,140000E+0	30,228000E+0	1,305502E+6	12,000000E+0
908	885,000000E+0	16,140000E+0	29,999000E+0	1,305670E+6	12,000000E+0
909	885,000000E+0	16,140000E+0	30,228000E+0	1,305836E+6	12,000000E+0
910	885,000000E+0	16,140000E+0	30,228000E+0	1,306002E+6	12,000000E+0
911	885,000000E+0	16,140000E+0	30,228000E+0	1,306172E+6	12,000000E+0
912	885,000000E+0	16,140000E+0	30,686000E+0	1,306339E+6	12,000000E+0
913	885,000000E+0	16,140000E+0	30,686000E+0	1,306506E+6	12,000000E+0
914	885,000000E+0	16,140000E+0	30,686000E+0	1,306671E+6	12,000000E+0
915	885,000000E+0	16,140000E+0	30,686000E+0	1,306839E+6	12,000000E+0
916	885,000000E+0	16,140000E+0	30,686000E+0	1,307005E+6	12,000000E+0
917	885,000000E+0	16,140000E+0	30,457000E+0	1,307172E+6	12,000000E+0
918	885,000000E+0	16,140000E+0	30,228000E+0	1,307338E+6	12,000000E+0
919	885,000000E+0	16,140000E+0	30,228000E+0	1,307504E+6	12,000000E+0
920	885,000000E+0	16,140000E+0	29,999000E+0	1,307671E+6	12,000000E+0
921	885,000000E+0	16,140000E+0	30,228000E+0	1,307838E+6	12,000000E+0
922	885,000000E+0	16,140000E+0	30,228000E+0	1,308006E+6	12,000000E+0
923	885,000000E+0	16,140000E+0	30,457000E+0	1,308174E+6	12,000000E+0
924	885,000000E+0	16,140000E+0	30,686000E+0	1,308341E+6	12,000000E+0
925	885,000000E+0	16,140000E+0	30,915000E+0	1,308510E+6	12,000000E+0
926	885,000000E+0	16,140000E+0	31,144000E+0	1,308679E+6	12,000000E+0
927	885,000000E+0	16,140000E+0	31,144000E+0	1,308846E+6	12,000000E+0
928	885,000000E+0	16,140000E+0	30,915000E+0	1,309013E+6	12,000000E+0
929	885,000000E+0	16,140000E+0	30,915000E+0	1,309179E+6	12,000000E+0
930	885,000000E+0	16,140000E+0	30,686000E+0	1,309349E+6	12,000000E+0
931	885,000000E+0	16,140000E+0	30,228000E+0	1,309516E+6	12,000000E+0
932	885,000000E+0	16,140000E+0	29,999000E+0	1,309684E+6	12,000000E+0
933	885,000000E+0	16,140000E+0	30,228000E+0	1,309850E+6	12,000000E+0
934	885,000000E+0	16,140000E+0	29,999000E+0	1,310017E+6	12,000000E+0
935	885,000000E+0	16,140000E+0	30,228000E+0	1,310185E+6	12,000000E+0
936	885,000000E+0	16,140000E+0	30,457000E+0	1,310352E+6	12,000000E+0
937	885,000000E+0	16,140000E+0	30,686000E+0	1,310520E+6	12,000000E+0
938	885,000000E+0	16,140000E+0	30,915000E+0	1,310688E+6	12,000000E+0
939	885,000000E+0	16,140000E+0	30,686000E+0	1,310852E+6	12,000000E+0
940	885,000000E+0	16,140000E+0	30,686000E+0	1,311020E+6	12,000000E+0
941	885,000000E+0	16,140000E+0	30,686000E+0	1,311185E+6	12,000000E+0
942	885,000000E+0	16,140000E+0	30,457000E+0	1,311353E+6	12,000000E+0
943	885,000000E+0	16,140000E+0	30,228000E+0	1,311519E+6	12,000000E+0
944	885,000000E+0	16,140000E+0	30,228000E+0	1,311686E+6	12,000000E+0
945	885,000000E+0	16,140000E+0	30,228000E+0	1,311854E+6	12,000000E+0
946	885,000000E+0	16,140000E+0	30,228000E+0	1,312021E+6	12,000000E+0
947	885,000000E+0	16,140000E+0	30,228000E+0	1,312188E+6	12,000000E+0
948	885,000000E+0	16,140000E+0	30,686000E+0	1,312356E+6	12,000000E+0
949	885,000000E+0	16,140000E+0	30,915000E+0	1,312523E+6	12,000000E+0
950	885,000000E+0	16,140000E+0	31,144000E+0	1,312691E+6	12,000000E+0
951	885,000000E+0	16,140000E+0	31,144000E+0	1,312859E+6	12,000000E+0
952	885,000000E+0	16,140000E+0	30,915000E+0	1,313026E+6	12,000000E+0
953	885,000000E+0	16,140000E+0	30,915000E+0	1,313192E+6	12,000000E+0
954	885,000000E+0	16,140000E+0	30,686000E+0	1,313360E+6	12,000000E+0
955	885,000000E+0	16,140000E+0	30,457000E+0	1,313528E+6	12,000000E+0
956	885,000000E+0	16,140000E+0	30,228000E+0	1,313694E+6	12,000000E+0
957	885,000000E+0	16,140000E+0	29,999000E+0	1,313863E+6	12,000000E+0
958	885,000000E+0	16,140000E+0	30,228000E+0	1,314031E+6	12,000000E+0
959	885,000000E+0	16,140000E+0	30,228000E+0	1,314196E+6	12,000000E+0
960	885,000000E+0	16,140000E+0	30,228000E+0	1,314363E+6	12,000000E+0
961	885,000000E+0	16,140000E+0	30,686000E+0	1,314531E+6	12,000000E+0
962	885,000000E+0	16,140000E+0	30,686000E+0	1,314700E+6	12,000000E+0
963	885,000000E+0	16,140000E+0	30,686000E+0	1,314867E+6	12,000000E+0
964	885,000000E+0	16,140000E+0	30,686000E+0	1,315034E+6	12,000000E+0
965	885,000000E+0	16,140000E+0	30,686000E+0	1,315199E+6	12,000000E+0
966	885,000000E+0	16,140000E+0	30,228000E+0	1,315366E+6	12,000000E+0
967	885,000000E+0	16,140000E+0	30,228000E+0	1,315532E+6	12,000000E+0
968	885,000000E+0	16,140000E+0	29,999000E+0	1,315698E+6	12,000000E+0
969	885,000000E+0	16,140000E+0	29,999000E+0	1,315866E+6	12,000000E+0
970	885,000000E+0	16,140000E+0	30,228000E+0	1,316034E+6	12,000000E+0
971	885,000000E+0	16,140000E+0	30,228000E+0	1,316201E+6	12,000000E+0
972	885,000000E+0	16,140000E+0	30,457000E+0	1,316367E+6	12,000000E+0
973	885,000000E+0	16,140000E+0	30,686000E+0	1,316534E+6	12,000000E+0
974	885,000000E+0	16,140000E+0	30,915000E+0	1,316704E+6	12,000000E+0
975	885,000000E+0	16,140000E+0	31,144000E+0	1,316869E+6	12,000000E+0
976	885,000000E+0	16,140000E+0	31,144000E+0	1,317036E+6	12,000000E+0
977	885,000000E+0	16,140000E+0	30,915000E+0	1,317205E+6	12,000000E+0
978	885,000000E+0	16,140000E+0	30,686000E+0	1,317371E+6	12,000000E+0
979	885,000000E+0	16,140000E+0	30,686000E+0	1,317541E+6	12,000000E+0
980	885,000000E+0	16,140000E+0	30,457000E+0	1,317708E+6	12,000000E+0
981	885,000000E+0	16,140000E+0	30,228000E+0	1,317875E+6	12,000000E+0
982	885,000000E+0	16,140000E+0	29,999000E+0	1,318043E+6	12,000000E+0
983	885,000000E+0	16,140000E+0	29,999000E+0	1,318209E+6	12,000000E+0
984	885,000000E+0	16,140000E+0	30,228000E+0	1,318377E+6	12,000000E+0
985	885,000000E+0	16,140000E+0	30,457000E+0	1,318544E+6	12,000000E+0
986	885,000000E+0	16,140000E+0	30,686000E+0	1,318711E+6	12,000000E+0
987	885,000000E+0	16,140000E+0	30,686000E+0	1,318879E+6	12,000000E+0
988	885,000000E+0	16,140000E+0	30,686000E+0	1,319044E+6	12,000000E+0
989	885,000000E+0	16,140000E+0	30,686000E+0	1,319214E+6	12,000000E+0
990	885,000000E+0	16,140000E+0	30,457000E+0	1,319377E+6	12,000000E+0
991	885,000000E+0	16,140000E+0	30,228000E+0	1,319545E+6	12,000000E+0
992	885,000000E+0	16,140000E+0	30,228000E+0	1,319710E+6	12,000000E+0
993	885,000000E+0	16,140000E+0	30,228000E+0	1,319878E+6	12,000000E+0
994	885,000000E+0	16,140000E+0	30,228000E+0	1,320046E+6	12,000000E+0
995	885,000000E+0	16,140000E+0	30,228000E+0	1,320212E+6	12,000000E+0
996	885,000000E+0	16,140000E+0	30,457000E+0	1,320379E+6	12,000000E+0
997	885,000000E+0	16,140000E+0	30,686000E+0	1,320547E+6	12,000000E+0
998	885,000000E+0	16,140000E+0	30,686000E+0	1,320713E+6	12,000000E+0
999	885,000000E+0	16,140000E+0	31,144000E+0	1,320881E+6	12,000000E+0
1000	885,000000E+0	16,140000E+0	31,144000E+0	1,321049E+6	12,000000E+0
1001	885,000000E+0	16,140000E+0	30,915000E+0	1,321217E+6	12,000000E+0
1002	885,000000E+0	16,140000E+0	30,915000E+0	1,321383E+6	12,000000E+0
1003	885,000000E+0	16,140000E+0	30,686000E+0	1,321551E+6	12,000000E+0
1004	885,000000E+0	16,140000E+0	30,457000E+0	1,321720E+6	12,000000E+0
1005	885,000000E+0	16,140000E+0	30,228000E+0	1,321886E+6	12,000000E+0
1006	885,000000E+0	16,140000E+0	30,228000E+0	1,322055E+6	12,000000E+0
1007	885,000000E+0	16,140000E+0	30,228000E+0	1,322222E+6	12,000000E+0
1008	885,000000E+0	16,140000E+0	30,228000E+0	1,322388E+6	12,000000E+0
1009	885,000000E+0	16,140000E+0	30,228000E+0	1,322556E+6	12,000000E+0
1010	885,000000E+0	16,140000E+0	30,686000E+0	1,322724E+6	12,000000E+0
1011	885,000000E+0	16,140000E+0	30,686000E+0	1,322891E+6	12,000000E+0
1012	885,000000E+0	16,140000E+0	30,915000E+0	1,323058E+6	12,000000E+0
1013	885,000000E+0	16,140000E+0	30,686000E+0	1,323225E+6	12,000000E+0
1014	885,000000E+0	16,140000E+0	30,686000E+0	1,323391E+6	12,000000E+0
1015	885,000000E+0	16,140000E+0	30,457000E+0	1,323558E+6	12,000000E+0
1016	885,000000E+0	16,140000E+0	30,228000E+0	1,323723E+6	12,000000E+0
1017	885,000000E+0	16,140000E+0	29,999000E+0	1,323890E+6	12,000000E+0
1018	885,000000E+0	16,140000E+0	30,228000E+0	1,324057E+6	12,000000E+0
1019	885,000000E+0	16,140000E+0	30,228000E+0	1,324225E+6	12,000000E+0
1020	885,000000E+0	16,140000E+0	30,457000E+0	1,324393E+6	12,000000E+0
1021	885,000000E+0	16,140000E+0	30,457000E+0	1,324561E+6	12,000000E+0
1022	885,000000E+0	16,140000E+0	30,686000E+0	1,324728E+6	12,000000E+0
1023	885,000000E+0	16,140000E+0	30,915000E+0	1,324937E+6	12,000000E+0
1024	885,000000E+0	16,140000E+0	31,144000E+0	1,325105E+6	12,000000E+0
1025	885,000000E+0	16,140000E+0	31,144000E+0	1,325274E+6	12,000000E+0
1026	885,000000E+0	16,140000E+0	30,915000E+0	1,325439E+6	12,000000E+0
1027	885,000000E+0	16,140000E+0	30,686000E+0	1,325607E+6	12,000000E+0
1028	885,000000E+0	16,140000E+0	30,457000E+0	1,325775E+6	12,000000E+0
1029	885,000000E+0	16,140000E+0	30,228000E+0	1,325941E+6	12,000000E+0
1030	885,000000E+0	16,140000E+0	30,228000E+0	1,326108E+6	12,000000E+0
1031	885,000000E+0	13,450000E+0	30,228000E+0	1,326278E+6	12,000000E+0
1032	885,000000E+0	13,450000E+0	30,228000E+0	1,326443E+6	12,000000E+0
1033	885,000000E+0	13,450000E+0	30,228000E+0	1,326612E+6	12,000000E+0
1034	885,000000E+0	13,450000E+0	30,457000E+0	1,326781E+6	12,000000E+0
1035	885,000000E+0	13,450000E+0	30,686000E+0	1,326947E+6	12,000000E+0
1036	885,000000E+0	16,140000E+0	30,686000E+0	1,327115E+6	12,000000E+0
1037	885,000000E+0	16,140000E+0	30,686000E+0	1,327281E+6	12,000000E+0
1038	885,000000E+0	16,140000E+0	30,686000E+0	1,327448E+6	12,000000E+0
1039	885,000000E+0	13,450000E+0	30,457000E+0	1,327614E+6	12,000000E+0
1040	885,000000E+0	13,450000E+0	30,457000E+0	1,327781E+6	12,000000E+0
1041	885,000000E+0	16,140000E+0	30,228000E+0	1,327947E+6	12,000000E+0
1042	885,000000E+0	16,140000E+0	29,999000E+0	1,328113E+6	12,000000E+0
1043	885,000000E+0	16,140000E+0	30,228000E+0	1,328281E+6	12,000000E+0
1044	885,000000E+0	16,140000E+0	30,228000E+0	1,328448E+6	12,000000E+0
1045	885,000000E+0	16,140000E+0	30,457000E+0	1,328615E+6	12,000000E+0
1046	885,000000E+0	16,140000E+0	30,686000E+0	1,328784E+6	12,000000E+0
1047	885,000000E+0	16,140000E+0	30,915000E+0	1,328951E+6	12,000000E+0
1048	885,000000E+0	16,140000E+0	31,144000E+0	1,329119E+6	12,000000E+0
1049	885,000000E+0	16,140000E+0	31,144000E+0	1,329286E+6	12,000000E+0
1050	885,000000E+0	16,140000E+0	31,144000E+0	1,329455E+6	12,000000E+0
1051	885,000000E+0	16,140000E+0	30,915000E+0	1,329622E+6	12,000000E+0
1052	885,000000E+0	16,140000E+0	30,457000E+0	1,329790E+6	12,000000E+0
1053	885,000000E+0	16,140000E+0	30,228000E+0	1,329957E+6	12,000000E+0
1054	885,000000E+0	16,140000E+0	30,228000E+0	1,330124E+6	12,000000E+0
1055	885,000000E+0	16,140000E+0	30,228000E+0	1,330291E+6	12,000000E+0
1056	885,000000E+0	16,140000E+0	30,457000E+0	1,330459E+6	12,000000E+0
1057	885,000000E+0	16,140000E+0	30,457000E+0	1,330626E+6	12,000000E+0
1058	885,000000E+0	16,140000E+0	30,457000E+0	1,330795E+6	12,000000E+0
1059	885,000000E+0	16,140000E+0	30,686000E+0	1,330963E+6	12,000000E+0
1060	885,000000E+0	16,140000E+0	30,686000E+0	1,331131E+6	12,000000E+0
1061	885,000000E+0	16,140000E+0	30,686000E+0	1,331296E+6	12,000000E+0
1062	885,000000E+0	16,140000E+0	30,686000E+0	1,331463E+6	12,000000E+0
1063	885,000000E+0	16,140000E+0	30,686000E+0	1,331629E+6	12,000000E+0
1064	885,000000E+0	16,140000E+0	30,457000E+0	1,331796E+6	12,000000E+0
1065	885,000000E+0	16,140000E+0	30,228000E+0	1,331963E+6	12,000000E+0
1066	885,000000E+0	16,140000E+0	30,228000E+0	1,332130E+6	12,000000E+0
1067	885,000000E+0	16,140000E+0	29,999000E+0	1,332297E+6	12,000000E+0
1068	885,000000E+0	16,140000E+0	30,228000E+0	1,332464E+6	12,000000E+0
1069	885,000000E+0	16,140000E+0	30,457000E+0	1,332632E+6	12,000000E+0
1070	885,000000E+0	16,140000E+0	30,457000E+0	1,332799E+6	12,000000E+0
1071	885,000000E+0	16,140000E+0	30,915000E+0	1,332966E+6	12,000000E+0
1072	885,000000E+0	16,140000E+0	31,144000E+0	1,333134E+6	12,000000E+0
1073	885,000000E+0	16,140000E+0	31,144000E+0	1,333302E+6	12,000000E+0
1074	885,000000E+0	16,140000E+0	30,915000E+0	1,333469E+6	12,000000E+0
1075	885,000000E+0	16,140000E+0	30,915000E+0	1,333635E+6	12,000000E+0
1076	885,000000E+0	16,140000E+0	30,686000E+0	1,333804E+6	12,000000E+0
1077	885,000000E+0	16,140000E+0	30,228000E+0	1,333971E+6	12,000000E+0
1078	885,000000E+0	16,140000E+0	30,228000E+0	1,334138E+6	12,000000E+0
1079	885,000000E+0	16,140000E+0	30,228000E+0	1,334306E+6	12,000000E+0
1080	885,000000E+0	16,140000E+0	30,228000E+0	1,334474E+6	12,000000E+0
1081	885,000000E+0	16,140000E+0	30,228000E+0	1,334641E+6	12,000000E+0
1082	885,000000E+0	16,140000E+0	30,457000E+0	1,334809E+6	12,000000E+0
1083	885,000000E+0	16,140000E+0	30,457000E+0	1,334977E+6	12,000000E+0
1084	885,000000E+0	16,140000E+0	30,686000E+0	1,335144E+6	12,000000E+0
1085	885,000000E+0	16,140000E+0	30,686000E+0	1,335311E+6	12,000000E+0
1086	885,000000E+0	16,140000E+0	30,686000E+0	1,335477E+6	12,000000E+0
1087	885,000000E+0	16,140000E+0	30,457000E+0	1,335644E+6	12,000000E+0
1088	885,000000E+0	16,140000E+0	30,457000E+0	1,335811E+6	12,000000E+0
1089	885,000000E+0	16,140000E+0	30,457000E+0	1,335977E+6	12,000000E+0
1090	885,000000E+0	16,140000E+0	30,228000E+0	1,336143E+6	12,000000E+0
1091	885,000000E+0	16,140000E+0	30,228000E+0	1,336310E+6	12,000000E+0
1092	885,000000E+0	16,140000E+0	30,228000E+0	1,336478E+6	12,000000E+0
1093	885,000000E+0	16,140000E+0	30,228000E+0	1,336644E+6	12,000000E+0
1094	885,000000E+0	16,140000E+0	30,457000E+0	1,336812E+6	12,000000E+0
1095	885,000000E+0	16,140000E+0	30,686000E+0	1,336980E+6	12,000000E+0
1096	885,000000E+0	16,140000E+0	30,915000E+0	1,337146E+6	12,000000E+0
1097	885,000000E+0	16,140000E+0	31,144000E+0	1,337314E+6	12,000000E+0
1098	885,000000E+0	16,140000E+0	31,144000E+0	1,337481E+6	12,000000E+0
1099	885,000000E+0	16,140000E+0	30,915000E+0	1,337649E+6	12,000000E+0
1100	885,000000E+0	16,140000E+0	30,686000E+0	1,337816E+6	12,000000E+0
1101	885,000000E+0	16,140000E+0	30,686000E+0	1,337985E+6	12,000000E+0
1102	885,000000E+0	16,140000E+0	30,228000E+0	1,338152E+6	12,000000E+0
1103	885,000000E+0	16,140000E+0	29,999000E+0	1,338317E+6	12,000000E+0
1104	885,000000E+0	16,140000E+0	30,228000E+0	1,338486E+6	12,000000E+0
1105	885,000000E+0	16,140000E+0	30,228000E+0	1,338653E+6	12,000000E+0
1106	885,000000E+0	16,140000E+0	30,228000E+0	1,338822E+6	12,000000E+0
1107	885,000000E+0	16,140000E+0	30,457000E+0	1,338990E+6	12,000000E+0
1108	885,000000E+0	16,140000E+0	30,686000E+0	1,339157E+6	12,000000E+0
1109	885,000000E+0	16,140000E+0	30,686000E+0	1,339324E+6	12,000000E+0
1110	885,000000E+0	16,140000E+0	30,915000E+0	1,339489E+6	12,000000E+0
1111	885,000000E+0	16,140000E+0	30,686000E+0	1,339656E+6	12,000000E+0
1112	885,000000E+0	16,140000E+0	30,457000E+0	1,339821E+6	12,000000E+0
1113	885,000000E+0	16,140000E+0	30,228000E+0	1,339991E+6	12,000000E+0
1114	885,000000E+0	16,140000E+0	30,228000E+0	1,340156E+6	12,000000E+0
1115	885,000000E+0	16,140000E+0	30,228000E+0	1,340323E+6	12,000000E+0
1116	885,000000E+0	16,140000E+0	30,228000E+0	1,340492E+6	12,000000E+0
1117	885,000000E+0	16,140000E+0	30,228000E+0	1,340658E+6	12,000000E+0
1118	885,000000E+0	16,140000E+0	30,228000E+0	1,340828E+6	12,000000E+0
1119	885,000000E+0	16,140000E+0	30,457000E+0	1,340991E+6	12,000000E+0
1120	885,000000E+0	16,140000E+0	30,915000E+0	1,341161E+6	12,000000E+0
1121	885,000000E+0	16,140000E+0	31,144000E+0	1,341330E+6	12,000000E+0
1122	885,000000E+0	16,140000E+0	31,144000E+0	1,341496E+6	12,000000E+0
1123	885,000000E+0	16,140000E+0	31,144000E+0	1,341664E+6	12,000000E+0
1124	885,000000E+0	16,140000E+0	30,915000E+0	1,341830E+6	12,000000E+0
1125	885,000000E+0	16,140000E+0	30,686000E+0	1,341999E+6	12,000000E+0
1126	885,000000E+0	16,140000E+0	30,457000E+0	1,342167E+6	12,000000E+0
1127	885,000000E+0	16,140000E+0	30,228000E+0	1,342334E+6	12,000000E+0
1128	885,000000E+0	16,140000E+0	30,228000E+0	1,342502E+6	12,000000E+0
1129	885,000000E+0	16,140000E+0	30,228000E+0	1,342671E+6	12,000000E+0
1130	885,000000E+0	16,140000E+0	30,228000E+0	1,342836E+6	12,000000E+0
1131	885,000000E+0	16,140000E+0	30,457000E+0	1,343005E+6	12,000000E+0
1132	885,000000E+0	16,140000E+0	30,457000E+0	1,343172E+6	12,000000E+0
1133	885,000000E+0	16,140000E+0	30,686000E+0	1,343340E+6	12,000000E+0
1134	885,000000E+0	16,140000E+0	30,686000E+0	1,343507E+6	12,000000E+0
1135	885,000000E+0	16,140000E+0	30,686000E+0	1,343673E+6	12,000000E+0
1136	885,000000E+0	16,140000E+0	30,686000E+0	1,343840E+6	12,000000E+0
1137	885,000000E+0	16,140000E+0	30,457000E+0	1,344006E+6	12,000000E+0
1138	885,000000E+0	16,140000E+0	30,228000E+0	1,344174E+6	12,000000E+0
1139	885,000000E+0	16,140000E+0	30,228000E+0	1,344338E+6	12,000000E+0
1140	885,000000E+0	16,140000E+0	30,228000E+0	1,344507E+6	12,000000E+0
1141	885,000000E+0	16,140000E+0	30,228000E+0	1,344674E+6	12,000000E+0
1142	885,000000E+0	16,140000E+0	30,228000E+0	1,344843E+6	12,000000E+0
1143	885,000000E+0	16,140000E+0	30,457000E+0	1,345010E+6	12,000000E+0
1144	885,000000E+0	16,140000E+0	30,686000E+0	1,345178E+6	12,000000E+0
1145	885,000000E+0	16,140000E+0	30,915000E+0	1,345345E+6	12,000000E+0
1146	885,000000E+0	16,140000E+0	31,144000E+0	1,345512E+6	12,000000E+0
1147	885,000000E+0	16,140000E+0	31,144000E+0	1,345681E+6	12,000000E+0
1148	885,000000E+0	16,140000E+0	31,144000E+0	1,345849E+6	12,000000E+0
1149	885,000000E+0	16,140000E+0	30,915000E+0	1,346015E+6	12,000000E+0
1150	885,000000E+0	16,140000E+0	30,457000E+0	1,346183E+6	12,000000E+0
1151	885,000000E+0	16,140000E+0	30,228000E+0	1,346350E+6	12,000000E+0
1152	885,000000E+0	16,140000E+0	29,999000E+0	1,346518E+6	12,000000E+0
1153	885,000000E+0	16,140000E+0	30,228000E+0	1,346684E+6	12,000000E+0
1154	885,000000E+0	16,140000E+0	30,228000E+0	1,346853E+6	12,000000E+0
1155	885,000000E+0	16,140000E+0	30,228000E+0	1,347020E+6	12,000000E+0
1156	885,000000E+0	16,140000E+0	30,457000E+0	1,347188E+6	12,000000E+0
1157	885,000000E+0	16,140000E+0	30,457000E+0	1,347356E+6	12,000000E+0
1158	885,000000E+0	16,140000E+0	30,686000E+0	1,347523E+6	12,000000E+0
1159	885,000000E+0	16,140000E+0	30,915000E+0	1,347687E+6	12,000000E+0
1160	885,000000E+0	16,140000E+0	30,686000E+0	1,347857E+6	12,000000E+0
1161	885,000000E+0	16,140000E+0	30,686000E+0	1,348023E+6	12,000000E+0
1162	885,000000E+0	16,140000E+0	30,457000E+0	1,348193E+6	12,000000E+0
1163	885,000000E+0	16,140000E+0	29,999000E+0	1,348397E+6	12,000000E+0
1164	885,000000E+0	16,140000E+0	29,999000E+0	1,348605E+6	12,000000E+0
1165	885,000000E+0	16,140000E+0	30,228000E+0	1,348774E+6	12,000000E+0
1166	885,000000E+0	16,140000E+0	30,228000E+0	1,348983E+6	12,000000E+0
1167	885,000000E+0	16,140000E+0	30,686000E+0	1,349151E+6	12,000000E+0
1168	885,000000E+0	16,140000E+0	30,686000E+0	1,349318E+6	12,000000E+0
1169	885,000000E+0	16,140000E+0	30,915000E+0	1,349484E+6	12,000000E+0
1170	885,000000E+0	16,140000E+0	31,144000E+0	1,349653E+6	12,000000E+0
1171	885,000000E+0	16,140000E+0	31,144000E+0	1,349820E+6	12,000000E+0
1172	885,000000E+0	16,140000E+0	30,915000E+0	1,349986E+6	12,000000E+0
1173	885,000000E+0	16,140000E+0	30,915000E+0	1,350154E+6	12,000000E+0
1174	885,000000E+0	16,140000E+0	30,457000E+0	1,350322E+6	12,000000E+0
1175	885,000000E+0	16,140000E+0	30,457000E+0	1,350489E+6	12,000000E+0
1176	885,000000E+0	16,140000E+0	30,228000E+0	1,350657E+6	12,000000E+0
1177	885,000000E+0	16,140000E+0	30,228000E+0	1,350826E+6	12,000000E+0
1178	885,000000E+0	16,140000E+0	30,228000E+0	1,350991E+6	12,000000E+0
1179	885,000000E+0	16,140000E+0	29,999000E+0	1,351161E+6	12,000000E+0
1180	885,000000E+0	16,140000E+0	30,457000E+0	1,351326E+6	12,000000E+0
1181	885,000000E+0	16,140000E+0	30,686000E+0	1,351495E+6	12,000000E+0
1182	885,000000E+0	16,140000E+0	30,686000E+0	1,351662E+6	12,000000E+0
1183	885,000000E+0	16,140000E+0	30,686000E+0	1,351827E+6	12,000000E+0
1184	885,000000E+0	16,140000E+0	30,686000E+0	1,351996E+6	12,000000E+0
1185	885,000000E+0	16,140000E+0	30,686000E+0	1,352161E+6	12,000000E+0
1186	885,000000E+0	16,140000E+0	30,457000E+0	1,352330E+6	12,000000E+0
1187	885,000000E+0	16,140000E+0	30,228000E+0	1,352496E+6	12,000000E+0
1188	885,000000E+0	16,140000E+0	29,999000E+0	1,352662E+6	12,000000E+0
1189	885,000000E+0	16,140000E+0	30,228000E+0	1,352830E+6	12,000000E+0
1190	885,000000E+0	16,140000E+0	30,457000E+0	1,352996E+6	12,000000E+0
1191	885,000000E+0	16,140000E+0	30,457000E+0	1,353165E+6	12,000000E+0
1192	885,000000E+0	16,140000E+0	30,686000E+0	1,353332E+6	12,000000E+0
1193	885,000000E+0	13,450000E+0	30,915000E+0	1,353499E+6	12,000000E+0
1194	885,000000E+0	13,450000E+0	30,915000E+0	1,353668E+6	12,000000E+0
1195	885,000000E+0	13,450000E+0	30,915000E+0	1,353835E+6	12,000000E+0
1196	885,000000E+0	13,450000E+0	31,144000E+0	1,354003E+6	12,000000E+0
1197	885,000000E+0	13,450000E+0	30,686000E+0	1,354169E+6	12,000000E+0
1198	885,000000E+0	13,450000E+0	30,686000E+0	1,354337E+6	12,000000E+0
1199	885,000000E+0	13,450000E+0	30,457000E+0	1,354505E+6	12,000000E+0
1200	885,000000E+0	13,450000E+0	29,999000E+0	1,354670E+6	12,000000E+0
1201	885,000000E+0	13,450000E+0	30,228000E+0	1,354840E+6	12,000000E+0
1202	885,000000E+0	13,450000E+0	30,228000E+0	1,355006E+6	12,000000E+0
1203	885,000000E+0	13,450000E+0	30,228000E+0	1,355174E+6	12,000000E+0
1204	885,000000E+0	13,450000E+0	30,228000E+0	1,355342E+6	12,000000E+0
1205	885,000000E+0	13,450000E+0	30,457000E+0	1,355509E+6	12,000000E+0
1206	885,000000E+0	13,450000E+0	30,686000E+0	1,355677E+6	12,000000E+0
1207	885,000000E+0	13,450000E+0	30,686000E+0	1,355842E+6	12,000000E+0
1208	885,000000E+0	13,450000E+0	30,686000E+0	1,356019E+6	12,000000E+0
1209	21,760000E+3	80,570880E+3	-468,721567E+6	-1,879048E+9	529,700000E+0
1210	885,000000E+0	13,450000E+0	30,457000E+0	1,356343E+6	12,000000E+0
1211	885,000000E+0	13,450000E+0	30,457000E+0	1,356510E+6	12,000000E+0
1212	885,000000E+0	13,450000E+0	30,228000E+0	1,356675E+6	12,000000E+0
1213	885,000000E+0	13,450000E+0	29,999000E+0	1,356843E+6	12,000000E+0
1214	885,000000E+0	16,140000E+0	30,228000E+0	1,357010E+6	12,000000E+0
1215	885,000000E+0	16,140000E+0	30,228000E+0	1,357178E+6	12,000000E+0
1216	885,000000E+0	16,140000E+0	30,686000E+0	1,357344E+6	12,000000E+0
1217	885,000000E+0	16,140000E+0	30,686000E+0	1,357514E+6	12,000000E+0
1218	885,000000E+0	16,140000E+0	31,144000E+0	1,357681E+6	12,000000E+0
1219	885,000000E+0	16,140000E+0	31,144000E+0	1,357850E+6	12,000000E+0
1220	885,000000E+0	16,140000E+0	30,915000E+0	1,358016E+6	12,000000E+0
1221	885,000000E+0	16,140000E+0	30,915000E+0	1,358183E+6	12,000000E+0
1222	885,000000E+0	13,450000E+0	30,915000E+0	1,358349E+6	12,000000E+0
1223	885,000000E+0	13,450000E+0	30,457000E+0	1,358518E+6	12,000000E+0
1224	885,000000E+0	13,450000E+0	30,457000E+0	1,358686E+6	12,000000E+0
1225	885,000000E+0	13,450000E+0	29,999000E+0	1,358853E+6	12,000000E+0
1226	885,000000E+0	16,140000E+0	30,228000E+0	1,359021E+6	12,000000E+0
1227	885,000000E+0	16,140000E+0	30,228000E+0	1,359189E+6	12,000000E+0
1228	885,000000E+0	16,140000E+0	30,228000E+0	1,359357E+6	12,000000E+0
1229	885,000000E+0	16,140000E+0	30,457000E+0	1,359523E+6	12,000000E+0
1230	885,000000E+0	16,140000E+0	30,457000E+0	1,359691E+6	12,000000E+0
1231	885,000000E+0	16,140000E+0	30,915000E+0	1,359860E+6	12,000000E+0
1232	885,000000E+0	16,140000E+0	30,686000E+0	1,360024E+6	12,000000E+0
1233	885,000000E+0	16,140000E+0	30,686000E+0	1,360192E+6	12,000000E+0
1234	885,000000E+0	16,140000E+0	30,686000E+0	1,360358E+6	12,000000E+0
1235	885,000000E+0	16,140000E+0	30,457000E+0	1,360524E+6	12,000000E+0
1236	885,000000E+0	16,140000E+0	30,228000E+0	1,360691E+6	12,000000E+0
1237	885,000000E+0	16,140000E+0	30,228000E+0	1,360858E+6	12,000000E+0
1238	885,000000E+0	16,140000E+0	30,228000E+0	1,361026E+6	12,000000E+0
1239	885,000000E+0	16,140000E+0	30,228000E+0	1,361193E+6	12,000000E+0
1240	885,000000E+0	16,140000E+0	30,457000E+0	1,361360E+6	12,000000E+0
1241	885,000000E+0	16,140000E+0	30,686000E+0	1,361537E+6	12,000000E+0
1242	885,000000E+0	16,140000E+0	30,915000E+0	1,361738E+6	12,000000E+0
1243	29,952000E+3	4,139910E+3	7,972864E+3	348,647168E+6	3,072000E+3
1244	885,000000E+0	16,140000E+0	31,144000E+0	1,362071E+6	12,000000E+0
1245	885,000000E+0	16,140000E+0	30,915000E+0	1,362239E+6	12,000000E+0
1246	885,000000E+0	16,140000E+0	30,915000E+0	1,362407E+6	12,000000E+0
1247	85,000000E+0	2,380650E+3	2,011039E+6	-896,466944E+6	2,000000E+0
1248	29,952000E+3	4,139910E+3	7,738368E+3	348,862464E+6	3,072000E+3
1249	85,000000E+0	2,380650E+3	1,966016E+6	-874,840064E+6	2,000000E+0
1250	885,000000E+0	16,140000E+0	30,228000E+0	1,363077E+6	12,000000E+0
