samedi 20 janvier 2024	15:40:16	Sampling Period : 20  ms		
Unities: time [sample], PWM [raw], Current [mA], velocity [rev/min], Position [pulse], Present Input Voltage [V]

t	DXL_PWM		DXL_Current		DXL_Velocity		DXL_Position		DXL_Input_Voltage
0	0,000000E+0	0,000000E+0	0,000000E+0	1,821468E+6	12,000000E+0
1	200,000000E+0	56,490000E+0	0,000000E+0	1,821472E+6	12,000000E+0
2	200,000000E+0	5,380000E+0	6,183000E+0	1,821509E+6	12,000000E+0
3	200,000000E+0	5,380000E+0	6,641000E+0	1,821546E+6	12,000000E+0
4	200,000000E+0	5,380000E+0	6,641000E+0	1,821583E+6	12,000000E+0
5	200,000000E+0	5,380000E+0	6,641000E+0	1,821621E+6	12,000000E+0
6	200,000000E+0	5,380000E+0	6,641000E+0	1,821659E+6	12,000000E+0
7	200,000000E+0	5,380000E+0	6,641000E+0	1,821698E+6	12,000000E+0
8	200,000000E+0	5,380000E+0	6,641000E+0	1,821736E+6	12,000000E+0
9	200,000000E+0	5,380000E+0	6,641000E+0	1,821774E+6	12,000000E+0
10	200,000000E+0	5,380000E+0	6,641000E+0	1,821810E+6	12,000000E+0
11	200,000000E+0	5,380000E+0	6,870000E+0	1,821850E+6	12,000000E+0
12	200,000000E+0	5,380000E+0	6,870000E+0	1,821888E+6	12,000000E+0
13	200,000000E+0	5,380000E+0	6,641000E+0	1,821926E+6	12,000000E+0
14	200,000000E+0	5,380000E+0	6,870000E+0	1,821963E+6	12,000000E+0
15	200,000000E+0	5,380000E+0	6,641000E+0	1,822001E+6	12,000000E+0
16	200,000000E+0	5,380000E+0	6,870000E+0	1,822039E+6	12,000000E+0
17	200,000000E+0	5,380000E+0	6,641000E+0	1,822075E+6	12,000000E+0
18	200,000000E+0	5,380000E+0	6,870000E+0	1,822115E+6	12,000000E+0
19	200,000000E+0	5,380000E+0	6,641000E+0	1,822151E+6	12,000000E+0
20	200,000000E+0	5,380000E+0	6,641000E+0	1,822190E+6	12,000000E+0
21	200,000000E+0	5,380000E+0	6,870000E+0	1,822229E+6	12,000000E+0
22	200,000000E+0	5,380000E+0	6,641000E+0	1,822265E+6	12,000000E+0
23	200,000000E+0	5,380000E+0	6,870000E+0	1,822303E+6	12,000000E+0
24	200,000000E+0	5,380000E+0	6,641000E+0	1,822341E+6	12,000000E+0
25	200,000000E+0	5,380000E+0	6,870000E+0	1,822379E+6	12,000000E+0
26	200,000000E+0	5,380000E+0	6,870000E+0	1,822417E+6	12,000000E+0
27	200,000000E+0	5,380000E+0	6,870000E+0	1,822455E+6	12,000000E+0
28	200,000000E+0	5,380000E+0	6,870000E+0	1,822493E+6	12,000000E+0
29	200,000000E+0	5,380000E+0	6,641000E+0	1,822530E+6	12,000000E+0
30	200,000000E+0	5,380000E+0	6,870000E+0	1,822568E+6	12,000000E+0
31	200,000000E+0	5,380000E+0	6,870000E+0	1,822606E+6	12,000000E+0
32	200,000000E+0	2,690000E+0	6,870000E+0	1,822644E+6	12,000000E+0
33	200,000000E+0	2,690000E+0	6,870000E+0	1,822682E+6	12,000000E+0
34	200,000000E+0	2,690000E+0	6,870000E+0	1,822720E+6	12,000000E+0
35	200,000000E+0	2,690000E+0	6,870000E+0	1,822757E+6	12,000000E+0
36	200,000000E+0	2,690000E+0	6,870000E+0	1,822793E+6	12,000000E+0
37	200,000000E+0	2,690000E+0	6,870000E+0	1,822830E+6	12,000000E+0
38	200,000000E+0	2,690000E+0	6,870000E+0	1,822868E+6	12,000000E+0
39	200,000000E+0	2,690000E+0	6,870000E+0	1,822907E+6	12,000000E+0
40	200,000000E+0	2,690000E+0	6,870000E+0	1,822944E+6	12,000000E+0
41	200,000000E+0	2,690000E+0	6,870000E+0	1,822982E+6	12,000000E+0
42	200,000000E+0	2,690000E+0	6,870000E+0	1,823020E+6	12,000000E+0
43	200,000000E+0	5,380000E+0	6,641000E+0	1,823058E+6	12,000000E+0
44	200,000000E+0	5,380000E+0	6,870000E+0	1,823095E+6	12,000000E+0
45	200,000000E+0	5,380000E+0	6,641000E+0	1,823133E+6	12,000000E+0
46	200,000000E+0	5,380000E+0	6,870000E+0	1,823169E+6	12,000000E+0
47	200,000000E+0	5,380000E+0	6,641000E+0	1,823207E+6	12,000000E+0
48	200,000000E+0	5,380000E+0	6,641000E+0	1,823245E+6	12,000000E+0
49	200,000000E+0	5,380000E+0	6,870000E+0	1,823284E+6	12,000000E+0
50	200,000000E+0	5,380000E+0	6,641000E+0	1,823320E+6	12,000000E+0
51	200,000000E+0	5,380000E+0	6,641000E+0	1,823359E+6	12,000000E+0
52	200,000000E+0	5,380000E+0	6,641000E+0	1,823396E+6	12,000000E+0
53	200,000000E+0	5,380000E+0	6,641000E+0	1,823434E+6	12,000000E+0
54	200,000000E+0	5,380000E+0	6,870000E+0	1,823471E+6	12,000000E+0
55	200,000000E+0	5,380000E+0	6,641000E+0	1,823508E+6	12,000000E+0
56	200,000000E+0	2,690000E+0	6,641000E+0	1,823547E+6	12,000000E+0
57	200,000000E+0	2,690000E+0	6,641000E+0	1,823584E+6	12,000000E+0
58	200,000000E+0	2,690000E+0	6,641000E+0	1,823621E+6	12,000000E+0
59	200,000000E+0	2,690000E+0	6,641000E+0	1,823659E+6	12,000000E+0
60	200,000000E+0	2,690000E+0	6,641000E+0	1,823697E+6	12,000000E+0
61	200,000000E+0	2,690000E+0	6,870000E+0	1,823735E+6	12,000000E+0
62	200,000000E+0	2,690000E+0	6,641000E+0	1,823772E+6	12,000000E+0
63	200,000000E+0	2,690000E+0	6,641000E+0	1,823810E+6	12,000000E+0
64	200,000000E+0	2,690000E+0	6,641000E+0	1,823849E+6	12,000000E+0
65	200,000000E+0	2,690000E+0	6,641000E+0	1,823886E+6	12,000000E+0
66	200,000000E+0	2,690000E+0	6,641000E+0	1,823924E+6	12,000000E+0
67	200,000000E+0	2,690000E+0	6,641000E+0	1,823961E+6	12,000000E+0
68	200,000000E+0	2,690000E+0	6,641000E+0	1,824000E+6	12,000000E+0
69	200,000000E+0	2,690000E+0	6,641000E+0	1,824037E+6	12,000000E+0
70	200,000000E+0	2,690000E+0	6,870000E+0	1,824076E+6	12,000000E+0
71	200,000000E+0	2,690000E+0	6,641000E+0	1,824113E+6	12,000000E+0
72	200,000000E+0	2,690000E+0	6,870000E+0	1,824151E+6	12,000000E+0
73	200,000000E+0	2,690000E+0	6,870000E+0	1,824189E+6	12,000000E+0
74	200,000000E+0	2,690000E+0	6,641000E+0	1,824227E+6	12,000000E+0
75	200,000000E+0	2,690000E+0	6,870000E+0	1,824265E+6	12,000000E+0
76	200,000000E+0	2,690000E+0	6,641000E+0	1,824302E+6	12,000000E+0
77	200,000000E+0	2,690000E+0	6,870000E+0	1,824340E+6	12,000000E+0
78	200,000000E+0	2,690000E+0	6,870000E+0	1,824378E+6	12,000000E+0
79	200,000000E+0	2,690000E+0	6,870000E+0	1,824416E+6	12,000000E+0
80	200,000000E+0	2,690000E+0	6,870000E+0	1,824454E+6	12,000000E+0
81	200,000000E+0	2,690000E+0	6,870000E+0	1,824492E+6	12,000000E+0
82	200,000000E+0	2,690000E+0	6,870000E+0	1,824529E+6	12,000000E+0
83	200,000000E+0	2,690000E+0	6,870000E+0	1,824568E+6	12,000000E+0
84	200,000000E+0	2,690000E+0	6,870000E+0	1,824606E+6	12,000000E+0
85	200,000000E+0	2,690000E+0	6,870000E+0	1,824644E+6	12,000000E+0
86	200,000000E+0	2,690000E+0	6,870000E+0	1,824681E+6	12,000000E+0
87	200,000000E+0	2,690000E+0	7,099000E+0	1,824719E+6	12,000000E+0
88	200,000000E+0	2,690000E+0	6,870000E+0	1,824757E+6	12,000000E+0
89	200,000000E+0	2,690000E+0	6,870000E+0	1,824795E+6	12,000000E+0
90	200,000000E+0	2,690000E+0	6,870000E+0	1,824833E+6	12,000000E+0
91	200,000000E+0	2,690000E+0	6,870000E+0	1,824870E+6	12,000000E+0
92	200,000000E+0	2,690000E+0	6,870000E+0	1,824908E+6	12,000000E+0
93	200,000000E+0	2,690000E+0	6,870000E+0	1,824946E+6	12,000000E+0
94	200,000000E+0	2,690000E+0	6,870000E+0	1,824985E+6	12,000000E+0
95	200,000000E+0	2,690000E+0	6,870000E+0	1,825022E+6	12,000000E+0
96	200,000000E+0	2,690000E+0	6,870000E+0	1,825059E+6	12,000000E+0
97	200,000000E+0	2,690000E+0	6,870000E+0	1,825097E+6	12,000000E+0
98	200,000000E+0	2,690000E+0	6,870000E+0	1,825135E+6	12,000000E+0
99	200,000000E+0	2,690000E+0	6,870000E+0	1,825172E+6	12,000000E+0
100	200,000000E+0	2,690000E+0	6,870000E+0	1,825210E+6	12,000000E+0
101	200,000000E+0	2,690000E+0	7,099000E+0	1,825248E+6	12,000000E+0
102	200,000000E+0	2,690000E+0	6,641000E+0	1,825285E+6	12,000000E+0
103	200,000000E+0	2,690000E+0	7,099000E+0	1,825327E+6	12,000000E+0
104	200,000000E+0	2,690000E+0	6,641000E+0	1,825371E+6	12,000000E+0
105	200,000000E+0	2,690000E+0	6,870000E+0	1,825420E+6	12,000000E+0
106	200,000000E+0	2,690000E+0	6,641000E+0	1,825467E+6	12,000000E+0
107	200,000000E+0	2,690000E+0	6,870000E+0	1,825506E+6	12,000000E+0
108	200,000000E+0	2,690000E+0	6,641000E+0	1,825543E+6	12,000000E+0
109	200,000000E+0	2,690000E+0	6,641000E+0	1,825580E+6	12,000000E+0
110	200,000000E+0	2,690000E+0	6,870000E+0	1,825618E+6	12,000000E+0
111	200,000000E+0	2,690000E+0	6,641000E+0	1,825655E+6	12,000000E+0
112	200,000000E+0	2,690000E+0	6,870000E+0	1,825693E+6	12,000000E+0
113	200,000000E+0	2,690000E+0	6,641000E+0	1,825730E+6	12,000000E+0
114	200,000000E+0	2,690000E+0	6,641000E+0	1,825769E+6	12,000000E+0
115	200,000000E+0	2,690000E+0	6,641000E+0	1,825807E+6	12,000000E+0
116	200,000000E+0	2,690000E+0	6,641000E+0	1,825845E+6	12,000000E+0
117	200,000000E+0	2,690000E+0	6,870000E+0	1,825883E+6	12,000000E+0
118	200,000000E+0	2,690000E+0	6,641000E+0	1,825920E+6	12,000000E+0
119	200,000000E+0	2,690000E+0	6,870000E+0	1,825959E+6	12,000000E+0
120	200,000000E+0	2,690000E+0	6,641000E+0	1,825997E+6	12,000000E+0
121	200,000000E+0	2,690000E+0	6,870000E+0	1,826034E+6	12,000000E+0
122	200,000000E+0	2,690000E+0	6,641000E+0	1,826072E+6	12,000000E+0
123	200,000000E+0	2,690000E+0	6,641000E+0	1,826110E+6	12,000000E+0
124	200,000000E+0	2,690000E+0	6,870000E+0	1,826148E+6	12,000000E+0
125	200,000000E+0	2,690000E+0	6,641000E+0	1,826185E+6	12,000000E+0
126	200,000000E+0	2,690000E+0	6,870000E+0	1,826224E+6	12,000000E+0
127	200,000000E+0	2,690000E+0	6,641000E+0	1,826261E+6	12,000000E+0
128	200,000000E+0	2,690000E+0	6,870000E+0	1,826301E+6	12,000000E+0
129	200,000000E+0	2,690000E+0	6,641000E+0	1,826338E+6	12,000000E+0
130	200,000000E+0	2,690000E+0	6,870000E+0	1,826375E+6	12,000000E+0
131	200,000000E+0	2,690000E+0	6,870000E+0	1,826413E+6	12,000000E+0
132	200,000000E+0	2,690000E+0	6,641000E+0	1,826450E+6	12,000000E+0
133	200,000000E+0	2,690000E+0	6,870000E+0	1,826489E+6	12,000000E+0
134	200,000000E+0	2,690000E+0	6,641000E+0	1,826526E+6	12,000000E+0
135	200,000000E+0	2,690000E+0	6,870000E+0	1,826565E+6	12,000000E+0
136	200,000000E+0	2,690000E+0	6,870000E+0	1,826601E+6	12,000000E+0
137	200,000000E+0	2,690000E+0	6,870000E+0	1,826639E+6	12,000000E+0
138	200,000000E+0	2,690000E+0	6,870000E+0	1,826679E+6	12,000000E+0
139	200,000000E+0	2,690000E+0	6,870000E+0	1,826715E+6	12,000000E+0
140	200,000000E+0	2,690000E+0	6,870000E+0	1,826754E+6	12,000000E+0
141	200,000000E+0	2,690000E+0	6,870000E+0	1,826792E+6	12,000000E+0
142	200,000000E+0	2,690000E+0	6,870000E+0	1,826830E+6	12,000000E+0
143	200,000000E+0	2,690000E+0	6,870000E+0	1,826867E+6	12,000000E+0
144	200,000000E+0	2,690000E+0	6,870000E+0	1,826903E+6	12,000000E+0
145	200,000000E+0	2,690000E+0	6,870000E+0	1,826941E+6	12,000000E+0
146	200,000000E+0	2,690000E+0	6,641000E+0	1,826979E+6	12,000000E+0
147	200,000000E+0	2,690000E+0	6,870000E+0	1,827018E+6	12,000000E+0
148	200,000000E+0	2,690000E+0	6,870000E+0	1,827054E+6	12,000000E+0
149	200,000000E+0	2,690000E+0	6,870000E+0	1,827092E+6	12,000000E+0
150	200,000000E+0	2,690000E+0	6,870000E+0	1,827130E+6	12,000000E+0
151	200,000000E+0	2,690000E+0	6,870000E+0	1,827167E+6	12,000000E+0
152	200,000000E+0	2,690000E+0	6,870000E+0	1,827205E+6	12,000000E+0
153	200,000000E+0	2,690000E+0	6,870000E+0	1,827241E+6	12,000000E+0
154	200,000000E+0	2,690000E+0	6,870000E+0	1,827279E+6	12,000000E+0
155	200,000000E+0	2,690000E+0	6,641000E+0	1,827317E+6	12,000000E+0
156	200,000000E+0	2,690000E+0	6,641000E+0	1,827355E+6	12,000000E+0
157	200,000000E+0	2,690000E+0	6,870000E+0	1,827393E+6	12,000000E+0
158	200,000000E+0	2,690000E+0	6,641000E+0	1,827432E+6	12,000000E+0
159	200,000000E+0	2,690000E+0	6,641000E+0	1,827469E+6	12,000000E+0
160	200,000000E+0	2,690000E+0	6,641000E+0	1,827506E+6	12,000000E+0
161	200,000000E+0	2,690000E+0	6,641000E+0	1,827544E+6	12,000000E+0
162	200,000000E+0	5,380000E+0	6,641000E+0	1,827581E+6	12,000000E+0
163	200,000000E+0	5,380000E+0	6,641000E+0	1,827619E+6	12,000000E+0
164	200,000000E+0	5,380000E+0	6,870000E+0	1,827657E+6	12,000000E+0
165	200,000000E+0	5,380000E+0	6,641000E+0	1,827694E+6	12,000000E+0
166	200,000000E+0	5,380000E+0	6,641000E+0	1,827733E+6	12,000000E+0
167	200,000000E+0	5,380000E+0	6,641000E+0	1,827770E+6	12,000000E+0
168	200,000000E+0	5,380000E+0	6,641000E+0	1,827808E+6	12,000000E+0
169	200,000000E+0	5,380000E+0	6,641000E+0	1,827845E+6	12,000000E+0
170	200,000000E+0	5,380000E+0	6,641000E+0	1,827884E+6	12,000000E+0
171	200,000000E+0	2,690000E+0	6,870000E+0	1,827921E+6	12,000000E+0
172	200,000000E+0	2,690000E+0	6,641000E+0	1,827960E+6	12,000000E+0
173	200,000000E+0	2,690000E+0	6,641000E+0	1,827997E+6	12,000000E+0
174	200,000000E+0	2,690000E+0	6,641000E+0	1,828034E+6	12,000000E+0
175	200,000000E+0	2,690000E+0	6,641000E+0	1,828073E+6	12,000000E+0
176	200,000000E+0	2,690000E+0	6,641000E+0	1,828110E+6	12,000000E+0
177	200,000000E+0	2,690000E+0	6,870000E+0	1,828148E+6	12,000000E+0
178	200,000000E+0	2,690000E+0	6,870000E+0	1,828186E+6	12,000000E+0
179	200,000000E+0	2,690000E+0	6,641000E+0	1,828224E+6	12,000000E+0
180	200,000000E+0	2,690000E+0	6,870000E+0	1,828262E+6	12,000000E+0
181	200,000000E+0	2,690000E+0	6,641000E+0	1,828299E+6	12,000000E+0
182	200,000000E+0	2,690000E+0	6,870000E+0	1,828337E+6	12,000000E+0
183	200,000000E+0	2,690000E+0	6,870000E+0	1,828375E+6	12,000000E+0
184	200,000000E+0	2,690000E+0	6,870000E+0	1,828413E+6	12,000000E+0
185	200,000000E+0	2,690000E+0	6,870000E+0	1,828450E+6	12,000000E+0
186	200,000000E+0	2,690000E+0	6,870000E+0	1,828489E+6	12,000000E+0
187	200,000000E+0	2,690000E+0	6,870000E+0	1,828527E+6	12,000000E+0
188	200,000000E+0	2,690000E+0	6,870000E+0	1,828563E+6	12,000000E+0
189	200,000000E+0	2,690000E+0	6,870000E+0	1,828601E+6	12,000000E+0
190	200,000000E+0	2,690000E+0	6,870000E+0	1,828639E+6	12,000000E+0
191	200,000000E+0	2,690000E+0	6,870000E+0	1,828678E+6	12,000000E+0
192	200,000000E+0	2,690000E+0	6,870000E+0	1,828717E+6	12,000000E+0
193	200,000000E+0	2,690000E+0	6,870000E+0	1,828754E+6	12,000000E+0
194	200,000000E+0	2,690000E+0	7,099000E+0	1,828793E+6	12,000000E+0
195	200,000000E+0	2,690000E+0	6,870000E+0	1,828831E+6	12,000000E+0
196	200,000000E+0	2,690000E+0	6,870000E+0	1,828868E+6	12,000000E+0
197	200,000000E+0	2,690000E+0	6,870000E+0	1,828906E+6	12,000000E+0
198	200,000000E+0	2,690000E+0	6,870000E+0	1,828944E+6	12,000000E+0
199	200,000000E+0	2,690000E+0	6,870000E+0	1,828981E+6	12,000000E+0
200	200,000000E+0	2,690000E+0	6,870000E+0	1,829019E+6	12,000000E+0
201	200,000000E+0	2,690000E+0	6,870000E+0	1,829058E+6	12,000000E+0
202	200,000000E+0	2,690000E+0	6,870000E+0	1,829095E+6	12,000000E+0
203	200,000000E+0	2,690000E+0	6,870000E+0	1,829134E+6	12,000000E+0
204	200,000000E+0	2,690000E+0	6,870000E+0	1,829171E+6	12,000000E+0
205	200,000000E+0	2,690000E+0	6,870000E+0	1,829208E+6	12,000000E+0
206	200,000000E+0	2,690000E+0	6,870000E+0	1,829245E+6	12,000000E+0
207	200,000000E+0	2,690000E+0	6,870000E+0	1,829283E+6	12,000000E+0
208	200,000000E+0	2,690000E+0	6,870000E+0	1,829322E+6	12,000000E+0
209	200,000000E+0	2,690000E+0	6,870000E+0	1,829358E+6	12,000000E+0
210	200,000000E+0	2,690000E+0	6,641000E+0	1,829397E+6	12,000000E+0
211	200,000000E+0	2,690000E+0	6,870000E+0	1,829436E+6	12,000000E+0
212	200,000000E+0	2,690000E+0	6,641000E+0	1,829474E+6	12,000000E+0
213	200,000000E+0	2,690000E+0	7,099000E+0	1,829513E+6	12,000000E+0
214	200,000000E+0	2,690000E+0	6,641000E+0	1,829550E+6	12,000000E+0
215	200,000000E+0	2,690000E+0	6,870000E+0	1,829588E+6	12,000000E+0
216	200,000000E+0	2,690000E+0	6,870000E+0	1,829627E+6	12,000000E+0
217	200,000000E+0	2,690000E+0	6,641000E+0	1,829663E+6	12,000000E+0
218	200,000000E+0	2,690000E+0	6,870000E+0	1,829702E+6	12,000000E+0
219	200,000000E+0	2,690000E+0	6,641000E+0	1,829738E+6	12,000000E+0
220	200,000000E+0	2,690000E+0	6,870000E+0	1,829776E+6	12,000000E+0
221	200,000000E+0	2,690000E+0	6,641000E+0	1,829814E+6	12,000000E+0
222	200,000000E+0	2,690000E+0	6,641000E+0	1,829853E+6	12,000000E+0
223	200,000000E+0	2,690000E+0	6,870000E+0	1,829892E+6	12,000000E+0
224	200,000000E+0	2,690000E+0	6,641000E+0	1,829929E+6	12,000000E+0
225	200,000000E+0	2,690000E+0	6,870000E+0	1,829967E+6	12,000000E+0
226	200,000000E+0	2,690000E+0	6,641000E+0	1,830004E+6	12,000000E+0
227	200,000000E+0	2,690000E+0	6,641000E+0	1,830042E+6	12,000000E+0
228	200,000000E+0	2,690000E+0	6,870000E+0	1,830081E+6	12,000000E+0
229	200,000000E+0	2,690000E+0	6,641000E+0	1,830118E+6	12,000000E+0
230	200,000000E+0	2,690000E+0	6,870000E+0	1,830156E+6	12,000000E+0
231	200,000000E+0	2,690000E+0	6,641000E+0	1,830194E+6	12,000000E+0
232	200,000000E+0	2,690000E+0	6,870000E+0	1,830232E+6	12,000000E+0
233	200,000000E+0	2,690000E+0	6,641000E+0	1,830269E+6	12,000000E+0
234	200,000000E+0	2,690000E+0	6,870000E+0	1,830307E+6	12,000000E+0
235	200,000000E+0	2,690000E+0	6,641000E+0	1,830344E+6	12,000000E+0
236	200,000000E+0	2,690000E+0	6,870000E+0	1,830384E+6	12,000000E+0
237	200,000000E+0	2,690000E+0	6,870000E+0	1,830422E+6	12,000000E+0
238	200,000000E+0	2,690000E+0	6,641000E+0	1,830459E+6	12,000000E+0
239	200,000000E+0	2,690000E+0	6,870000E+0	1,830498E+6	12,000000E+0
240	200,000000E+0	2,690000E+0	6,641000E+0	1,830534E+6	12,000000E+0
241	200,000000E+0	2,690000E+0	6,870000E+0	1,830574E+6	12,000000E+0
242	200,000000E+0	2,690000E+0	6,870000E+0	1,830611E+6	12,000000E+0
243	200,000000E+0	2,690000E+0	6,870000E+0	1,830648E+6	12,000000E+0
244	200,000000E+0	2,690000E+0	6,870000E+0	1,830687E+6	12,000000E+0
245	200,000000E+0	2,690000E+0	6,641000E+0	1,830723E+6	12,000000E+0
246	200,000000E+0	2,690000E+0	6,870000E+0	1,830763E+6	12,000000E+0
247	200,000000E+0	2,690000E+0	6,870000E+0	1,830799E+6	12,000000E+0
248	200,000000E+0	2,690000E+0	6,870000E+0	1,830838E+6	12,000000E+0
249	200,000000E+0	2,690000E+0	6,870000E+0	1,830875E+6	12,000000E+0
250	200,000000E+0	2,690000E+0	6,870000E+0	1,830914E+6	12,000000E+0
251	200,000000E+0	2,690000E+0	6,870000E+0	1,830950E+6	12,000000E+0
252	200,000000E+0	2,690000E+0	6,870000E+0	1,830988E+6	12,000000E+0
253	200,000000E+0	2,690000E+0	6,870000E+0	1,831025E+6	12,000000E+0
254	200,000000E+0	2,690000E+0	6,870000E+0	1,831063E+6	12,000000E+0
255	200,000000E+0	2,690000E+0	6,870000E+0	1,831102E+6	12,000000E+0
256	200,000000E+0	2,690000E+0	6,870000E+0	1,831138E+6	12,000000E+0
257	200,000000E+0	2,690000E+0	6,870000E+0	1,831177E+6	12,000000E+0
258	200,000000E+0	2,690000E+0	6,870000E+0	1,831215E+6	12,000000E+0
259	200,000000E+0	2,690000E+0	6,870000E+0	1,831252E+6	12,000000E+0
260	200,000000E+0	2,690000E+0	6,870000E+0	1,831290E+6	12,000000E+0
261	200,000000E+0	2,690000E+0	6,870000E+0	1,831327E+6	12,000000E+0
262	200,000000E+0	2,690000E+0	6,870000E+0	1,831363E+6	12,000000E+0
263	200,000000E+0	2,690000E+0	6,641000E+0	1,831402E+6	12,000000E+0
264	200,000000E+0	2,690000E+0	6,641000E+0	1,831439E+6	12,000000E+0
265	200,000000E+0	2,690000E+0	6,870000E+0	1,831477E+6	12,000000E+0
266	200,000000E+0	2,690000E+0	6,870000E+0	1,831515E+6	12,000000E+0
267	200,000000E+0	2,690000E+0	6,870000E+0	1,831553E+6	12,000000E+0
268	200,000000E+0	2,690000E+0	6,641000E+0	1,831591E+6	12,000000E+0
269	200,000000E+0	2,690000E+0	6,641000E+0	1,831628E+6	12,000000E+0
270	200,000000E+0	2,690000E+0	6,870000E+0	1,831666E+6	12,000000E+0
271	200,000000E+0	2,690000E+0	6,641000E+0	1,831703E+6	12,000000E+0
272	200,000000E+0	2,690000E+0	6,870000E+0	1,831741E+6	12,000000E+0
273	200,000000E+0	5,380000E+0	6,641000E+0	1,831778E+6	12,000000E+0
274	200,000000E+0	5,380000E+0	6,641000E+0	1,831816E+6	12,000000E+0
275	200,000000E+0	5,380000E+0	6,641000E+0	1,831854E+6	12,000000E+0
276	200,000000E+0	5,380000E+0	6,641000E+0	1,831892E+6	12,000000E+0
277	200,000000E+0	5,380000E+0	6,641000E+0	1,831929E+6	12,000000E+0
278	200,000000E+0	5,380000E+0	6,641000E+0	1,831967E+6	12,000000E+0
279	200,000000E+0	2,690000E+0	6,641000E+0	1,832006E+6	12,000000E+0
280	200,000000E+0	2,690000E+0	6,870000E+0	1,832044E+6	12,000000E+0
281	200,000000E+0	2,690000E+0	6,641000E+0	1,832082E+6	12,000000E+0
282	200,000000E+0	2,690000E+0	6,641000E+0	1,832119E+6	12,000000E+0
283	200,000000E+0	2,690000E+0	6,641000E+0	1,832156E+6	12,000000E+0
284	200,000000E+0	2,690000E+0	6,641000E+0	1,832195E+6	12,000000E+0
285	200,000000E+0	2,690000E+0	6,641000E+0	1,832232E+6	12,000000E+0
286	200,000000E+0	2,690000E+0	6,870000E+0	1,832270E+6	12,000000E+0
287	200,000000E+0	2,690000E+0	6,870000E+0	1,832308E+6	12,000000E+0
288	200,000000E+0	2,690000E+0	6,870000E+0	1,832347E+6	12,000000E+0
289	200,000000E+0	2,690000E+0	6,870000E+0	1,832384E+6	12,000000E+0
290	200,000000E+0	2,690000E+0	6,870000E+0	1,832421E+6	12,000000E+0
291	200,000000E+0	2,690000E+0	6,870000E+0	1,832460E+6	12,000000E+0
292	200,000000E+0	2,690000E+0	6,870000E+0	1,832496E+6	12,000000E+0
293	200,000000E+0	2,690000E+0	6,870000E+0	1,832534E+6	12,000000E+0
294	200,000000E+0	2,690000E+0	6,870000E+0	1,832573E+6	12,000000E+0
295	200,000000E+0	2,690000E+0	6,870000E+0	1,832611E+6	12,000000E+0
296	200,000000E+0	2,690000E+0	6,870000E+0	1,832649E+6	12,000000E+0
297	200,000000E+0	2,690000E+0	6,870000E+0	1,832687E+6	12,000000E+0
298	200,000000E+0	2,690000E+0	6,870000E+0	1,832724E+6	12,000000E+0
299	200,000000E+0	2,690000E+0	6,870000E+0	1,832762E+6	12,000000E+0
300	200,000000E+0	2,690000E+0	6,870000E+0	1,832800E+6	12,000000E+0
301	200,000000E+0	2,690000E+0	6,870000E+0	1,832839E+6	12,000000E+0
302	200,000000E+0	2,690000E+0	6,870000E+0	1,832876E+6	12,000000E+0
303	200,000000E+0	2,690000E+0	6,870000E+0	1,832915E+6	12,000000E+0
304	200,000000E+0	2,690000E+0	6,870000E+0	1,832952E+6	12,000000E+0
305	200,000000E+0	2,690000E+0	6,870000E+0	1,832991E+6	12,000000E+0
306	200,000000E+0	2,690000E+0	6,870000E+0	1,833028E+6	12,000000E+0
307	200,000000E+0	2,690000E+0	6,870000E+0	1,833066E+6	12,000000E+0
308	200,000000E+0	2,690000E+0	6,870000E+0	1,833103E+6	12,000000E+0
309	200,000000E+0	2,690000E+0	6,870000E+0	1,833142E+6	12,000000E+0
310	200,000000E+0	2,690000E+0	6,870000E+0	1,833181E+6	12,000000E+0
311	200,000000E+0	2,690000E+0	6,870000E+0	1,833218E+6	12,000000E+0
312	200,000000E+0	2,690000E+0	6,870000E+0	1,833255E+6	12,000000E+0
313	200,000000E+0	2,690000E+0	6,870000E+0	1,833293E+6	12,000000E+0
314	200,000000E+0	2,690000E+0	6,870000E+0	1,833330E+6	12,000000E+0
315	200,000000E+0	2,690000E+0	6,870000E+0	1,833368E+6	12,000000E+0
316	200,000000E+0	2,690000E+0	6,870000E+0	1,833406E+6	12,000000E+0
317	200,000000E+0	2,690000E+0	6,870000E+0	1,833443E+6	12,000000E+0
318	200,000000E+0	2,690000E+0	6,641000E+0	1,833481E+6	12,000000E+0
319	200,000000E+0	2,690000E+0	6,870000E+0	1,833520E+6	12,000000E+0
320	200,000000E+0	2,690000E+0	6,641000E+0	1,833557E+6	12,000000E+0
321	200,000000E+0	2,690000E+0	6,870000E+0	1,833597E+6	12,000000E+0
322	200,000000E+0	2,690000E+0	6,870000E+0	1,833634E+6	12,000000E+0
323	200,000000E+0	2,690000E+0	6,641000E+0	1,833672E+6	12,000000E+0
324	200,000000E+0	2,690000E+0	6,870000E+0	1,833711E+6	12,000000E+0
325	200,000000E+0	2,690000E+0	6,641000E+0	1,833748E+6	12,000000E+0
326	200,000000E+0	2,690000E+0	6,870000E+0	1,833787E+6	12,000000E+0
327	200,000000E+0	2,690000E+0	6,641000E+0	1,833823E+6	12,000000E+0
328	200,000000E+0	2,690000E+0	6,870000E+0	1,833861E+6	12,000000E+0
329	200,000000E+0	2,690000E+0	6,641000E+0	1,833899E+6	12,000000E+0
330	200,000000E+0	2,690000E+0	6,641000E+0	1,833937E+6	12,000000E+0
331	200,000000E+0	2,690000E+0	6,870000E+0	1,833976E+6	12,000000E+0
332	200,000000E+0	2,690000E+0	6,641000E+0	1,834012E+6	12,000000E+0
333	200,000000E+0	2,690000E+0	6,870000E+0	1,834052E+6	12,000000E+0
334	200,000000E+0	2,690000E+0	6,641000E+0	1,834088E+6	12,000000E+0
335	200,000000E+0	2,690000E+0	6,641000E+0	1,834126E+6	12,000000E+0
336	200,000000E+0	2,690000E+0	6,870000E+0	1,834166E+6	12,000000E+0
337	200,000000E+0	2,690000E+0	6,641000E+0	1,834203E+6	12,000000E+0
338	200,000000E+0	2,690000E+0	6,870000E+0	1,834241E+6	12,000000E+0
339	200,000000E+0	2,690000E+0	6,641000E+0	1,834281E+6	12,000000E+0
340	-14,336000E+3	688,640000E+0	1,700096E+3	469,584896E+6	3,072000E+3
341	200,000000E+0	2,690000E+0	6,870000E+0	1,834354E+6	12,000000E+0
342	200,000000E+0	2,690000E+0	6,641000E+0	1,834390E+6	12,000000E+0
343	200,000000E+0	2,690000E+0	6,870000E+0	1,834430E+6	12,000000E+0
344	200,000000E+0	2,690000E+0	6,641000E+0	1,834468E+6	12,000000E+0
345	200,000000E+0	2,690000E+0	6,870000E+0	1,834507E+6	12,000000E+0
346	200,000000E+0	2,690000E+0	6,641000E+0	1,834544E+6	12,000000E+0
347	200,000000E+0	2,690000E+0	6,870000E+0	1,834582E+6	12,000000E+0
348	200,000000E+0	2,690000E+0	6,641000E+0	1,834619E+6	12,000000E+0
349	200,000000E+0	2,690000E+0	6,870000E+0	1,834657E+6	12,000000E+0
350	200,000000E+0	2,690000E+0	6,870000E+0	1,834695E+6	12,000000E+0
351	200,000000E+0	2,690000E+0	6,870000E+0	1,834733E+6	12,000000E+0
352	200,000000E+0	2,690000E+0	6,870000E+0	1,834772E+6	12,000000E+0
353	200,000000E+0	2,690000E+0	6,641000E+0	1,834808E+6	12,000000E+0
354	200,000000E+0	2,690000E+0	6,870000E+0	1,834847E+6	12,000000E+0
355	200,000000E+0	2,690000E+0	6,870000E+0	1,834884E+6	12,000000E+0
356	200,000000E+0	2,690000E+0	6,870000E+0	1,834922E+6	12,000000E+0
357	200,000000E+0	2,690000E+0	6,870000E+0	1,834960E+6	12,000000E+0
358	200,000000E+0	2,690000E+0	6,641000E+0	1,834998E+6	12,000000E+0
359	200,000000E+0	2,690000E+0	7,099000E+0	1,835036E+6	12,000000E+0
360	200,000000E+0	2,690000E+0	6,870000E+0	1,835072E+6	12,000000E+0
361	200,000000E+0	2,690000E+0	6,870000E+0	1,835109E+6	12,000000E+0
362	200,000000E+0	2,690000E+0	6,870000E+0	1,835147E+6	12,000000E+0
363	200,000000E+0	2,690000E+0	6,870000E+0	1,835185E+6	12,000000E+0
364	200,000000E+0	2,690000E+0	6,870000E+0	1,835224E+6	12,000000E+0
365	200,000000E+0	2,690000E+0	6,870000E+0	1,835261E+6	12,000000E+0
366	200,000000E+0	2,690000E+0	6,870000E+0	1,835300E+6	12,000000E+0
367	200,000000E+0	2,690000E+0	6,870000E+0	1,835337E+6	12,000000E+0
368	200,000000E+0	2,690000E+0	6,870000E+0	1,835374E+6	12,000000E+0
369	200,000000E+0	2,690000E+0	6,870000E+0	1,835412E+6	12,000000E+0
370	200,000000E+0	2,690000E+0	6,870000E+0	1,835449E+6	12,000000E+0
371	200,000000E+0	2,690000E+0	6,870000E+0	1,835486E+6	12,000000E+0
372	200,000000E+0	2,690000E+0	6,641000E+0	1,835525E+6	12,000000E+0
373	200,000000E+0	2,690000E+0	6,641000E+0	1,835563E+6	12,000000E+0
374	200,000000E+0	2,690000E+0	6,641000E+0	1,835600E+6	12,000000E+0
375	200,000000E+0	2,690000E+0	6,641000E+0	1,835638E+6	12,000000E+0
376	200,000000E+0	2,690000E+0	6,641000E+0	1,835675E+6	12,000000E+0
377	200,000000E+0	2,690000E+0	6,641000E+0	1,835713E+6	12,000000E+0
378	200,000000E+0	2,690000E+0	6,641000E+0	1,835751E+6	12,000000E+0
379	200,000000E+0	2,690000E+0	6,641000E+0	1,835787E+6	12,000000E+0
380	200,000000E+0	2,690000E+0	6,870000E+0	1,835826E+6	12,000000E+0
381	200,000000E+0	2,690000E+0	6,641000E+0	1,835863E+6	12,000000E+0
382	200,000000E+0	2,690000E+0	6,641000E+0	1,835900E+6	12,000000E+0
383	200,000000E+0	2,690000E+0	6,641000E+0	1,835939E+6	12,000000E+0
384	200,000000E+0	2,690000E+0	6,641000E+0	1,835977E+6	12,000000E+0
385	200,000000E+0	2,690000E+0	6,641000E+0	1,836015E+6	12,000000E+0
386	200,000000E+0	5,380000E+0	6,641000E+0	1,836052E+6	12,000000E+0
387	200,000000E+0	5,380000E+0	6,641000E+0	1,836091E+6	12,000000E+0
388	200,000000E+0	5,380000E+0	6,870000E+0	1,836130E+6	12,000000E+0
389	200,000000E+0	5,380000E+0	6,641000E+0	1,836167E+6	12,000000E+0
390	200,000000E+0	2,690000E+0	6,641000E+0	1,836204E+6	12,000000E+0
391	200,000000E+0	2,690000E+0	6,641000E+0	1,836242E+6	12,000000E+0
392	200,000000E+0	2,690000E+0	6,870000E+0	1,836280E+6	12,000000E+0
393	200,000000E+0	2,690000E+0	6,870000E+0	1,836318E+6	12,000000E+0
394	200,000000E+0	2,690000E+0	6,641000E+0	1,836355E+6	12,000000E+0
395	200,000000E+0	2,690000E+0	6,870000E+0	1,836394E+6	12,000000E+0
396	200,000000E+0	2,690000E+0	6,870000E+0	1,836432E+6	12,000000E+0
397	200,000000E+0	2,690000E+0	6,870000E+0	1,836470E+6	12,000000E+0
398	200,000000E+0	2,690000E+0	6,641000E+0	1,836508E+6	12,000000E+0
399	200,000000E+0	2,690000E+0	6,870000E+0	1,836545E+6	12,000000E+0
400	200,000000E+0	2,690000E+0	6,870000E+0	1,836582E+6	12,000000E+0
401	200,000000E+0	2,690000E+0	6,870000E+0	1,836620E+6	12,000000E+0
402	200,000000E+0	2,690000E+0	6,870000E+0	1,836658E+6	12,000000E+0
403	200,000000E+0	2,690000E+0	6,870000E+0	1,836697E+6	12,000000E+0
404	200,000000E+0	2,690000E+0	6,870000E+0	1,836734E+6	12,000000E+0
405	200,000000E+0	2,690000E+0	6,870000E+0	1,836772E+6	12,000000E+0
406	200,000000E+0	2,690000E+0	6,870000E+0	1,836809E+6	12,000000E+0
407	200,000000E+0	2,690000E+0	6,870000E+0	1,836847E+6	12,000000E+0
408	200,000000E+0	2,690000E+0	6,870000E+0	1,836887E+6	12,000000E+0
409	200,000000E+0	2,690000E+0	6,870000E+0	1,836923E+6	12,000000E+0
410	200,000000E+0	2,690000E+0	6,870000E+0	1,836962E+6	12,000000E+0
411	200,000000E+0	2,690000E+0	7,099000E+0	1,837000E+6	12,000000E+0
412	200,000000E+0	2,690000E+0	6,870000E+0	1,837038E+6	12,000000E+0
413	200,000000E+0	2,690000E+0	6,870000E+0	1,837076E+6	12,000000E+0
414	200,000000E+0	2,690000E+0	6,870000E+0	1,837114E+6	12,000000E+0
415	200,000000E+0	2,690000E+0	7,099000E+0	1,837151E+6	12,000000E+0
416	200,000000E+0	2,690000E+0	6,870000E+0	1,837189E+6	12,000000E+0
417	200,000000E+0	2,690000E+0	6,870000E+0	1,837228E+6	12,000000E+0
418	200,000000E+0	2,690000E+0	6,870000E+0	1,837266E+6	12,000000E+0
419	200,000000E+0	2,690000E+0	6,870000E+0	1,837304E+6	12,000000E+0
420	200,000000E+0	2,690000E+0	6,870000E+0	1,837342E+6	12,000000E+0
421	200,000000E+0	2,690000E+0	6,870000E+0	1,837380E+6	12,000000E+0
422	200,000000E+0	2,690000E+0	6,870000E+0	1,837417E+6	12,000000E+0
423	200,000000E+0	2,690000E+0	6,870000E+0	1,837454E+6	12,000000E+0
424	200,000000E+0	2,690000E+0	6,870000E+0	1,837492E+6	12,000000E+0
425	200,000000E+0	2,690000E+0	6,870000E+0	1,837530E+6	12,000000E+0
426	200,000000E+0	2,690000E+0	6,870000E+0	1,837567E+6	12,000000E+0
427	200,000000E+0	2,690000E+0	6,870000E+0	1,837606E+6	12,000000E+0
428	200,000000E+0	2,690000E+0	6,870000E+0	1,837644E+6	12,000000E+0
429	200,000000E+0	2,690000E+0	6,870000E+0	1,837682E+6	12,000000E+0
430	200,000000E+0	2,690000E+0	6,870000E+0	1,837720E+6	12,000000E+0
431	200,000000E+0	2,690000E+0	6,641000E+0	1,837758E+6	12,000000E+0
432	200,000000E+0	2,690000E+0	6,870000E+0	1,837797E+6	12,000000E+0
433	200,000000E+0	2,690000E+0	6,641000E+0	1,837833E+6	12,000000E+0
434	200,000000E+0	2,690000E+0	6,870000E+0	1,837872E+6	12,000000E+0
435	200,000000E+0	2,690000E+0	6,870000E+0	1,837909E+6	12,000000E+0
436	200,000000E+0	2,690000E+0	6,641000E+0	1,837947E+6	12,000000E+0
437	200,000000E+0	2,690000E+0	6,870000E+0	1,837986E+6	12,000000E+0
438	200,000000E+0	2,690000E+0	6,641000E+0	1,838022E+6	12,000000E+0
439	200,000000E+0	2,690000E+0	6,870000E+0	1,838062E+6	12,000000E+0
440	200,000000E+0	2,690000E+0	6,641000E+0	1,838099E+6	12,000000E+0
441	200,000000E+0	2,690000E+0	6,870000E+0	1,838138E+6	12,000000E+0
442	200,000000E+0	2,690000E+0	6,641000E+0	1,838175E+6	12,000000E+0
443	200,000000E+0	2,690000E+0	6,641000E+0	1,838212E+6	12,000000E+0
444	200,000000E+0	2,690000E+0	6,870000E+0	1,838251E+6	12,000000E+0
445	200,000000E+0	2,690000E+0	6,641000E+0	1,838289E+6	12,000000E+0
446	200,000000E+0	2,690000E+0	6,870000E+0	1,838327E+6	12,000000E+0
447	200,000000E+0	2,690000E+0	6,641000E+0	1,838364E+6	12,000000E+0
448	200,000000E+0	2,690000E+0	6,641000E+0	1,838402E+6	12,000000E+0
449	200,000000E+0	2,690000E+0	6,870000E+0	1,838440E+6	12,000000E+0
450	200,000000E+0	2,690000E+0	6,641000E+0	1,838477E+6	12,000000E+0
451	200,000000E+0	2,690000E+0	6,870000E+0	1,838517E+6	12,000000E+0
452	200,000000E+0	2,690000E+0	6,641000E+0	1,838554E+6	12,000000E+0
453	200,000000E+0	2,690000E+0	6,870000E+0	1,838593E+6	12,000000E+0
454	200,000000E+0	2,690000E+0	6,870000E+0	1,838630E+6	12,000000E+0
455	200,000000E+0	2,690000E+0	6,641000E+0	1,838668E+6	12,000000E+0
456	200,000000E+0	2,690000E+0	6,870000E+0	1,838706E+6	12,000000E+0
457	200,000000E+0	2,690000E+0	6,870000E+0	1,838744E+6	12,000000E+0
458	200,000000E+0	2,690000E+0	6,870000E+0	1,838783E+6	12,000000E+0
459	200,000000E+0	2,690000E+0	6,641000E+0	1,838820E+6	12,000000E+0
460	200,000000E+0	2,690000E+0	6,870000E+0	1,838858E+6	12,000000E+0
461	200,000000E+0	2,690000E+0	6,870000E+0	1,838895E+6	12,000000E+0
462	200,000000E+0	2,690000E+0	6,870000E+0	1,838933E+6	12,000000E+0
463	200,000000E+0	2,690000E+0	6,870000E+0	1,838971E+6	12,000000E+0
464	200,000000E+0	2,690000E+0	6,870000E+0	1,839009E+6	12,000000E+0
465	200,000000E+0	2,690000E+0	6,870000E+0	1,839047E+6	12,000000E+0
466	200,000000E+0	2,690000E+0	6,641000E+0	1,839085E+6	12,000000E+0
467	200,000000E+0	2,690000E+0	6,870000E+0	1,839122E+6	12,000000E+0
468	200,000000E+0	2,690000E+0	6,870000E+0	1,839158E+6	12,000000E+0
469	200,000000E+0	2,690000E+0	6,870000E+0	1,839197E+6	12,000000E+0
470	200,000000E+0	2,690000E+0	6,870000E+0	1,839234E+6	12,000000E+0
471	200,000000E+0	2,690000E+0	6,870000E+0	1,839273E+6	12,000000E+0
472	200,000000E+0	2,690000E+0	6,870000E+0	1,839311E+6	12,000000E+0
473	200,000000E+0	2,690000E+0	6,870000E+0	1,839348E+6	12,000000E+0
474	200,000000E+0	2,690000E+0	6,870000E+0	1,839386E+6	12,000000E+0
475	200,000000E+0	2,690000E+0	6,870000E+0	1,839424E+6	12,000000E+0
476	200,000000E+0	2,690000E+0	6,870000E+0	1,839461E+6	12,000000E+0
477	200,000000E+0	2,690000E+0	6,870000E+0	1,839499E+6	12,000000E+0
478	200,000000E+0	2,690000E+0	6,870000E+0	1,839536E+6	12,000000E+0
479	200,000000E+0	2,690000E+0	6,870000E+0	1,839573E+6	12,000000E+0
480	200,000000E+0	2,690000E+0	6,641000E+0	1,839612E+6	12,000000E+0
481	200,000000E+0	2,690000E+0	6,641000E+0	1,839650E+6	12,000000E+0
482	200,000000E+0	2,690000E+0	6,870000E+0	1,839688E+6	12,000000E+0
483	200,000000E+0	2,690000E+0	6,870000E+0	1,839726E+6	12,000000E+0
484	200,000000E+0	2,690000E+0	6,870000E+0	1,839764E+6	12,000000E+0
485	200,000000E+0	2,690000E+0	6,641000E+0	1,839801E+6	12,000000E+0
486	200,000000E+0	2,690000E+0	6,641000E+0	1,839838E+6	12,000000E+0
487	200,000000E+0	2,690000E+0	6,641000E+0	1,839875E+6	12,000000E+0
488	200,000000E+0	2,690000E+0	6,641000E+0	1,839914E+6	12,000000E+0
489	200,000000E+0	2,690000E+0	6,870000E+0	1,839951E+6	12,000000E+0
490	200,000000E+0	2,690000E+0	6,641000E+0	1,839989E+6	12,000000E+0
491	200,000000E+0	2,690000E+0	6,641000E+0	1,840027E+6	12,000000E+0
492	200,000000E+0	2,690000E+0	6,641000E+0	1,840065E+6	12,000000E+0
493	200,000000E+0	2,690000E+0	6,641000E+0	1,840103E+6	12,000000E+0
494	200,000000E+0	2,690000E+0	6,641000E+0	1,840140E+6	12,000000E+0
495	200,000000E+0	2,690000E+0	6,641000E+0	1,840179E+6	12,000000E+0
496	200,000000E+0	2,690000E+0	6,870000E+0	1,840216E+6	12,000000E+0
497	200,000000E+0	2,690000E+0	6,641000E+0	1,840255E+6	12,000000E+0
498	200,000000E+0	2,690000E+0	6,870000E+0	1,840293E+6	12,000000E+0
499	200,000000E+0	2,690000E+0	6,641000E+0	1,840330E+6	12,000000E+0
500	200,000000E+0	2,690000E+0	6,870000E+0	1,840369E+6	12,000000E+0
501	200,000000E+0	2,690000E+0	6,641000E+0	1,840406E+6	12,000000E+0
502	200,000000E+0	2,690000E+0	6,870000E+0	1,840444E+6	12,000000E+0
503	200,000000E+0	2,690000E+0	6,870000E+0	1,840482E+6	12,000000E+0
504	200,000000E+0	2,690000E+0	6,870000E+0	1,840520E+6	12,000000E+0
505	200,000000E+0	2,690000E+0	6,870000E+0	1,840558E+6	12,000000E+0
506	200,000000E+0	2,690000E+0	6,870000E+0	1,840596E+6	12,000000E+0
507	200,000000E+0	2,690000E+0	6,870000E+0	1,840634E+6	12,000000E+0
508	200,000000E+0	2,690000E+0	6,870000E+0	1,840672E+6	12,000000E+0
509	200,000000E+0	2,690000E+0	6,870000E+0	1,840709E+6	12,000000E+0
510	200,000000E+0	2,690000E+0	6,870000E+0	1,840747E+6	12,000000E+0
511	200,000000E+0	2,690000E+0	6,870000E+0	1,840785E+6	12,000000E+0
512	200,000000E+0	2,690000E+0	6,870000E+0	1,840823E+6	12,000000E+0
513	200,000000E+0	2,690000E+0	6,870000E+0	1,840861E+6	12,000000E+0
514	200,000000E+0	2,690000E+0	6,870000E+0	1,840898E+6	12,000000E+0
515	200,000000E+0	2,690000E+0	6,870000E+0	1,840936E+6	12,000000E+0
516	200,000000E+0	2,690000E+0	6,870000E+0	1,840975E+6	12,000000E+0
517	200,000000E+0	2,690000E+0	6,870000E+0	1,841012E+6	12,000000E+0
518	200,000000E+0	2,690000E+0	6,870000E+0	1,841050E+6	12,000000E+0
519	200,000000E+0	2,690000E+0	7,099000E+0	1,841088E+6	12,000000E+0
520	200,000000E+0	2,690000E+0	6,870000E+0	1,841126E+6	12,000000E+0
521	200,000000E+0	2,690000E+0	6,870000E+0	1,841165E+6	12,000000E+0
522	200,000000E+0	2,690000E+0	6,870000E+0	1,841203E+6	12,000000E+0
523	200,000000E+0	2,690000E+0	6,870000E+0	1,841240E+6	12,000000E+0
524	200,000000E+0	2,690000E+0	7,099000E+0	1,841278E+6	12,000000E+0
525	200,000000E+0	2,690000E+0	6,870000E+0	1,841316E+6	12,000000E+0
526	200,000000E+0	2,690000E+0	7,099000E+0	1,841355E+6	12,000000E+0
527	200,000000E+0	2,690000E+0	6,870000E+0	1,841393E+6	12,000000E+0
528	200,000000E+0	2,690000E+0	6,870000E+0	1,841431E+6	12,000000E+0
529	200,000000E+0	2,690000E+0	6,870000E+0	1,841468E+6	12,000000E+0
530	200,000000E+0	2,690000E+0	6,870000E+0	1,841505E+6	12,000000E+0
531	200,000000E+0	2,690000E+0	6,870000E+0	1,841543E+6	12,000000E+0
532	200,000000E+0	2,690000E+0	6,870000E+0	1,841581E+6	12,000000E+0
533	200,000000E+0	2,690000E+0	6,870000E+0	1,841619E+6	12,000000E+0
534	200,000000E+0	2,690000E+0	6,870000E+0	1,841656E+6	12,000000E+0
535	200,000000E+0	2,690000E+0	6,870000E+0	1,841694E+6	12,000000E+0
536	200,000000E+0	2,690000E+0	6,870000E+0	1,841733E+6	12,000000E+0
537	200,000000E+0	2,690000E+0	6,641000E+0	1,841772E+6	12,000000E+0
538	200,000000E+0	2,690000E+0	6,870000E+0	1,841809E+6	12,000000E+0
539	200,000000E+0	2,690000E+0	6,870000E+0	1,841847E+6	12,000000E+0
540	200,000000E+0	2,690000E+0	6,870000E+0	1,841885E+6	12,000000E+0
541	200,000000E+0	2,690000E+0	6,870000E+0	1,841923E+6	12,000000E+0
542	200,000000E+0	2,690000E+0	6,641000E+0	1,841960E+6	12,000000E+0
543	200,000000E+0	2,690000E+0	6,870000E+0	1,841999E+6	12,000000E+0
544	200,000000E+0	2,690000E+0	6,641000E+0	1,842035E+6	12,000000E+0
545	200,000000E+0	2,690000E+0	6,870000E+0	1,842073E+6	12,000000E+0
546	200,000000E+0	2,690000E+0	6,641000E+0	1,842111E+6	12,000000E+0
547	200,000000E+0	2,690000E+0	6,870000E+0	1,842150E+6	12,000000E+0
548	200,000000E+0	2,690000E+0	6,641000E+0	1,842188E+6	12,000000E+0
549	200,000000E+0	2,690000E+0	6,641000E+0	1,842227E+6	12,000000E+0
550	200,000000E+0	2,690000E+0	6,870000E+0	1,842265E+6	12,000000E+0
551	200,000000E+0	2,690000E+0	6,641000E+0	1,842301E+6	12,000000E+0
552	200,000000E+0	2,690000E+0	6,870000E+0	1,842341E+6	12,000000E+0
553	200,000000E+0	2,690000E+0	6,641000E+0	1,842378E+6	12,000000E+0
554	200,000000E+0	2,690000E+0	6,870000E+0	1,842416E+6	12,000000E+0
555	200,000000E+0	2,690000E+0	6,641000E+0	1,842454E+6	12,000000E+0
556	200,000000E+0	2,690000E+0	6,641000E+0	1,842492E+6	12,000000E+0
557	200,000000E+0	2,690000E+0	6,870000E+0	1,842530E+6	12,000000E+0
558	200,000000E+0	2,690000E+0	6,641000E+0	1,842566E+6	12,000000E+0
559	200,000000E+0	2,690000E+0	6,870000E+0	1,842606E+6	12,000000E+0
560	200,000000E+0	2,690000E+0	6,641000E+0	1,842643E+6	12,000000E+0
561	200,000000E+0	2,690000E+0	6,870000E+0	1,842682E+6	12,000000E+0
562	200,000000E+0	2,690000E+0	6,870000E+0	1,842719E+6	12,000000E+0
563	200,000000E+0	2,690000E+0	6,870000E+0	1,842758E+6	12,000000E+0
564	200,000000E+0	2,690000E+0	6,870000E+0	1,842796E+6	12,000000E+0
565	200,000000E+0	2,690000E+0	6,870000E+0	1,842833E+6	12,000000E+0
566	200,000000E+0	2,690000E+0	6,870000E+0	1,842872E+6	12,000000E+0
567	200,000000E+0	2,690000E+0	6,870000E+0	1,842909E+6	12,000000E+0
568	200,000000E+0	2,690000E+0	6,870000E+0	1,842947E+6	12,000000E+0
569	200,000000E+0	2,690000E+0	6,870000E+0	1,842984E+6	12,000000E+0
570	200,000000E+0	2,690000E+0	6,870000E+0	1,843022E+6	12,000000E+0
571	200,000000E+0	2,690000E+0	6,870000E+0	1,843061E+6	12,000000E+0
572	200,000000E+0	2,690000E+0	6,870000E+0	1,843099E+6	12,000000E+0
573	200,000000E+0	2,690000E+0	6,870000E+0	1,843137E+6	12,000000E+0
574	200,000000E+0	2,690000E+0	6,870000E+0	1,843174E+6	12,000000E+0
575	200,000000E+0	2,690000E+0	6,870000E+0	1,843212E+6	12,000000E+0
576	200,000000E+0	2,690000E+0	6,870000E+0	1,843249E+6	12,000000E+0
577	200,000000E+0	2,690000E+0	6,870000E+0	1,843286E+6	12,000000E+0
578	200,000000E+0	2,690000E+0	6,870000E+0	1,843324E+6	12,000000E+0
579	200,000000E+0	2,690000E+0	6,870000E+0	1,843362E+6	12,000000E+0
580	200,000000E+0	2,690000E+0	6,870000E+0	1,843401E+6	12,000000E+0
581	200,000000E+0	2,690000E+0	6,641000E+0	1,843437E+6	12,000000E+0
582	200,000000E+0	2,690000E+0	6,870000E+0	1,843476E+6	12,000000E+0
583	200,000000E+0	2,690000E+0	6,870000E+0	1,843513E+6	12,000000E+0
584	200,000000E+0	2,690000E+0	6,870000E+0	1,843551E+6	12,000000E+0
585	200,000000E+0	2,690000E+0	6,870000E+0	1,843588E+6	12,000000E+0
586	200,000000E+0	2,690000E+0	6,870000E+0	1,843625E+6	12,000000E+0
587	200,000000E+0	2,690000E+0	6,870000E+0	1,843663E+6	12,000000E+0
588	200,000000E+0	2,690000E+0	6,641000E+0	1,843701E+6	12,000000E+0
589	200,000000E+0	2,690000E+0	6,641000E+0	1,843739E+6	12,000000E+0
590	200,000000E+0	2,690000E+0	6,870000E+0	1,843776E+6	12,000000E+0
591	200,000000E+0	2,690000E+0	6,870000E+0	1,843815E+6	12,000000E+0
592	200,000000E+0	2,690000E+0	6,870000E+0	1,843853E+6	12,000000E+0
593	200,000000E+0	2,690000E+0	6,870000E+0	1,843890E+6	12,000000E+0
594	200,000000E+0	2,690000E+0	6,641000E+0	1,843928E+6	12,000000E+0
595	200,000000E+0	2,690000E+0	6,641000E+0	1,843965E+6	12,000000E+0
596	200,000000E+0	2,690000E+0	6,641000E+0	1,844003E+6	12,000000E+0
597	200,000000E+0	2,690000E+0	6,641000E+0	1,844041E+6	12,000000E+0
598	200,000000E+0	2,690000E+0	6,641000E+0	1,844078E+6	12,000000E+0
599	200,000000E+0	2,690000E+0	6,641000E+0	1,844117E+6	12,000000E+0
600	200,000000E+0	2,690000E+0	6,641000E+0	1,844155E+6	12,000000E+0
601	200,000000E+0	2,690000E+0	6,641000E+0	1,844192E+6	12,000000E+0
602	200,000000E+0	2,690000E+0	6,641000E+0	1,844229E+6	12,000000E+0
603	200,000000E+0	2,690000E+0	6,641000E+0	1,844268E+6	12,000000E+0
604	200,000000E+0	2,690000E+0	6,870000E+0	1,844307E+6	12,000000E+0
605	200,000000E+0	2,690000E+0	6,870000E+0	1,844344E+6	12,000000E+0
606	200,000000E+0	2,690000E+0	6,870000E+0	1,844382E+6	12,000000E+0
607	200,000000E+0	2,690000E+0	6,870000E+0	1,844419E+6	12,000000E+0
608	200,000000E+0	2,690000E+0	6,870000E+0	1,844458E+6	12,000000E+0
609	200,000000E+0	2,690000E+0	6,641000E+0	1,844495E+6	12,000000E+0
610	200,000000E+0	2,690000E+0	6,641000E+0	1,844533E+6	12,000000E+0
611	200,000000E+0	2,690000E+0	6,870000E+0	1,844571E+6	12,000000E+0
612	200,000000E+0	2,690000E+0	6,870000E+0	1,844609E+6	12,000000E+0
613	200,000000E+0	2,690000E+0	6,870000E+0	1,844647E+6	12,000000E+0
614	200,000000E+0	2,690000E+0	6,641000E+0	1,844685E+6	12,000000E+0
615	200,000000E+0	2,690000E+0	6,870000E+0	1,844723E+6	12,000000E+0
616	200,000000E+0	2,690000E+0	6,870000E+0	1,844760E+6	12,000000E+0
617	200,000000E+0	2,690000E+0	6,870000E+0	1,844798E+6	12,000000E+0
618	200,000000E+0	2,690000E+0	6,870000E+0	1,844836E+6	12,000000E+0
619	200,000000E+0	2,690000E+0	6,870000E+0	1,844874E+6	12,000000E+0
620	200,000000E+0	2,690000E+0	6,870000E+0	1,844912E+6	12,000000E+0
621	200,000000E+0	2,690000E+0	6,870000E+0	1,844950E+6	12,000000E+0
622	200,000000E+0	2,690000E+0	6,870000E+0	1,844988E+6	12,000000E+0
623	200,000000E+0	2,690000E+0	6,870000E+0	1,845027E+6	12,000000E+0
624	200,000000E+0	2,690000E+0	6,870000E+0	1,845065E+6	12,000000E+0
625	200,000000E+0	2,690000E+0	6,870000E+0	1,845102E+6	12,000000E+0
626	200,000000E+0	2,690000E+0	6,870000E+0	1,845140E+6	12,000000E+0
627	200,000000E+0	2,690000E+0	7,099000E+0	1,845178E+6	12,000000E+0
628	200,000000E+0	2,690000E+0	6,870000E+0	1,845216E+6	12,000000E+0
629	200,000000E+0	2,690000E+0	6,870000E+0	1,845254E+6	12,000000E+0
630	200,000000E+0	2,690000E+0	6,870000E+0	1,845291E+6	12,000000E+0
631	200,000000E+0	2,690000E+0	6,870000E+0	1,845329E+6	12,000000E+0
632	200,000000E+0	2,690000E+0	7,099000E+0	1,845367E+6	12,000000E+0
633	200,000000E+0	2,690000E+0	6,870000E+0	1,845405E+6	12,000000E+0
634	200,000000E+0	2,690000E+0	6,870000E+0	1,845443E+6	12,000000E+0
635	200,000000E+0	2,690000E+0	6,870000E+0	1,845481E+6	12,000000E+0
636	200,000000E+0	2,690000E+0	6,870000E+0	1,845520E+6	12,000000E+0
637	200,000000E+0	2,690000E+0	7,099000E+0	1,845558E+6	12,000000E+0
638	200,000000E+0	2,690000E+0	6,641000E+0	1,845594E+6	12,000000E+0
639	200,000000E+0	2,690000E+0	7,099000E+0	1,845633E+6	12,000000E+0
640	200,000000E+0	2,690000E+0	6,870000E+0	1,845670E+6	12,000000E+0
641	200,000000E+0	2,690000E+0	6,870000E+0	1,845709E+6	12,000000E+0
642	200,000000E+0	2,690000E+0	6,870000E+0	1,845746E+6	12,000000E+0
643	200,000000E+0	2,690000E+0	6,870000E+0	1,845784E+6	12,000000E+0
644	200,000000E+0	2,690000E+0	6,870000E+0	1,845823E+6	12,000000E+0
645	200,000000E+0	2,690000E+0	6,641000E+0	1,845861E+6	12,000000E+0
646	200,000000E+0	2,690000E+0	6,870000E+0	1,845900E+6	12,000000E+0
647	200,000000E+0	2,690000E+0	6,870000E+0	1,845937E+6	12,000000E+0
648	200,000000E+0	2,690000E+0	6,870000E+0	1,845975E+6	12,000000E+0
649	200,000000E+0	2,690000E+0	6,870000E+0	1,846014E+6	12,000000E+0
650	200,000000E+0	2,690000E+0	6,870000E+0	1,846051E+6	12,000000E+0
651	200,000000E+0	2,690000E+0	6,870000E+0	1,846089E+6	12,000000E+0
652	200,000000E+0	2,690000E+0	6,641000E+0	1,846125E+6	12,000000E+0
653	200,000000E+0	2,690000E+0	6,641000E+0	1,846163E+6	12,000000E+0
654	200,000000E+0	2,690000E+0	6,641000E+0	1,846201E+6	12,000000E+0
655	200,000000E+0	2,690000E+0	6,641000E+0	1,846240E+6	12,000000E+0
656	200,000000E+0	2,690000E+0	6,870000E+0	1,846278E+6	12,000000E+0
657	200,000000E+0	2,690000E+0	6,641000E+0	1,846317E+6	12,000000E+0
658	200,000000E+0	2,690000E+0	6,870000E+0	1,846355E+6	12,000000E+0
659	200,000000E+0	2,690000E+0	6,641000E+0	1,846391E+6	12,000000E+0
660	200,000000E+0	2,690000E+0	6,870000E+0	1,846431E+6	12,000000E+0
661	200,000000E+0	2,690000E+0	6,641000E+0	1,846468E+6	12,000000E+0
662	200,000000E+0	2,690000E+0	6,870000E+0	1,846506E+6	12,000000E+0
663	200,000000E+0	2,690000E+0	6,870000E+0	1,846544E+6	12,000000E+0
664	200,000000E+0	2,690000E+0	6,641000E+0	1,846583E+6	12,000000E+0
665	200,000000E+0	2,690000E+0	6,870000E+0	1,846620E+6	12,000000E+0
666	200,000000E+0	2,690000E+0	6,641000E+0	1,846657E+6	12,000000E+0
667	200,000000E+0	2,690000E+0	6,870000E+0	1,846697E+6	12,000000E+0
668	200,000000E+0	2,690000E+0	6,641000E+0	1,846733E+6	12,000000E+0
669	200,000000E+0	2,690000E+0	6,870000E+0	1,846772E+6	12,000000E+0
670	200,000000E+0	2,690000E+0	6,870000E+0	1,846810E+6	12,000000E+0
671	200,000000E+0	2,690000E+0	6,641000E+0	1,846848E+6	12,000000E+0
672	200,000000E+0	2,690000E+0	6,870000E+0	1,846886E+6	12,000000E+0
673	200,000000E+0	2,690000E+0	6,641000E+0	1,846923E+6	12,000000E+0
674	200,000000E+0	2,690000E+0	6,870000E+0	1,846961E+6	12,000000E+0
675	200,000000E+0	2,690000E+0	6,870000E+0	1,846999E+6	12,000000E+0
676	200,000000E+0	2,690000E+0	6,870000E+0	1,847038E+6	12,000000E+0
677	200,000000E+0	2,690000E+0	6,870000E+0	1,847075E+6	12,000000E+0
678	200,000000E+0	2,690000E+0	6,870000E+0	1,847113E+6	12,000000E+0
679	200,000000E+0	2,690000E+0	6,870000E+0	1,847151E+6	12,000000E+0
680	200,000000E+0	2,690000E+0	6,870000E+0	1,847189E+6	12,000000E+0
681	200,000000E+0	2,690000E+0	6,870000E+0	1,847227E+6	12,000000E+0
682	200,000000E+0	2,690000E+0	6,870000E+0	1,847265E+6	12,000000E+0
683	200,000000E+0	2,690000E+0	6,870000E+0	1,847303E+6	12,000000E+0
684	200,000000E+0	2,690000E+0	6,870000E+0	1,847339E+6	12,000000E+0
685	200,000000E+0	2,690000E+0	6,870000E+0	1,847377E+6	12,000000E+0
686	200,000000E+0	2,690000E+0	6,870000E+0	1,847414E+6	12,000000E+0
687	200,000000E+0	2,690000E+0	6,870000E+0	1,847451E+6	12,000000E+0
688	200,000000E+0	2,690000E+0	6,870000E+0	1,847491E+6	12,000000E+0
689	200,000000E+0	2,690000E+0	6,870000E+0	1,847527E+6	12,000000E+0
690	200,000000E+0	2,690000E+0	6,870000E+0	1,847566E+6	12,000000E+0
691	200,000000E+0	2,690000E+0	6,870000E+0	1,847604E+6	12,000000E+0
692	200,000000E+0	2,690000E+0	6,870000E+0	1,847642E+6	12,000000E+0
693	200,000000E+0	2,690000E+0	6,870000E+0	1,847679E+6	12,000000E+0
694	200,000000E+0	2,690000E+0	6,870000E+0	1,847716E+6	12,000000E+0
695	200,000000E+0	2,690000E+0	6,870000E+0	1,847754E+6	12,000000E+0
696	200,000000E+0	5,380000E+0	6,641000E+0	1,847793E+6	12,000000E+0
697	200,000000E+0	2,690000E+0	6,870000E+0	1,847830E+6	12,000000E+0
698	200,000000E+0	2,690000E+0	6,870000E+0	1,847868E+6	12,000000E+0
699	200,000000E+0	2,690000E+0	6,870000E+0	1,847906E+6	12,000000E+0
700	200,000000E+0	2,690000E+0	6,870000E+0	1,847944E+6	12,000000E+0
701	200,000000E+0	2,690000E+0	6,870000E+0	1,847981E+6	12,000000E+0
702	200,000000E+0	2,690000E+0	6,641000E+0	1,848019E+6	12,000000E+0
703	200,000000E+0	2,690000E+0	6,870000E+0	1,848056E+6	12,000000E+0
704	200,000000E+0	2,690000E+0	6,641000E+0	1,848094E+6	12,000000E+0
705	200,000000E+0	2,690000E+0	6,641000E+0	1,848132E+6	12,000000E+0
706	200,000000E+0	2,690000E+0	6,641000E+0	1,848169E+6	12,000000E+0
707	200,000000E+0	2,690000E+0	6,641000E+0	1,848207E+6	12,000000E+0
708	200,000000E+0	2,690000E+0	6,641000E+0	1,848247E+6	12,000000E+0
709	200,000000E+0	2,690000E+0	6,641000E+0	1,848284E+6	12,000000E+0
710	200,000000E+0	2,690000E+0	6,641000E+0	1,848321E+6	12,000000E+0
711	200,000000E+0	2,690000E+0	6,641000E+0	1,848359E+6	12,000000E+0
712	200,000000E+0	2,690000E+0	6,870000E+0	1,848397E+6	12,000000E+0
713	200,000000E+0	2,690000E+0	6,870000E+0	1,848436E+6	12,000000E+0
714	200,000000E+0	2,690000E+0	6,641000E+0	1,848473E+6	12,000000E+0
715	200,000000E+0	2,690000E+0	6,641000E+0	1,848510E+6	12,000000E+0
716	200,000000E+0	2,690000E+0	6,870000E+0	1,848548E+6	12,000000E+0
717	200,000000E+0	2,690000E+0	6,870000E+0	1,848587E+6	12,000000E+0
718	200,000000E+0	2,690000E+0	6,870000E+0	1,848624E+6	12,000000E+0
719	200,000000E+0	2,690000E+0	6,870000E+0	1,848662E+6	12,000000E+0
720	200,000000E+0	2,690000E+0	6,641000E+0	1,848701E+6	12,000000E+0
721	200,000000E+0	2,690000E+0	6,870000E+0	1,848739E+6	12,000000E+0
722	200,000000E+0	2,690000E+0	6,641000E+0	1,848776E+6	12,000000E+0
723	200,000000E+0	2,690000E+0	6,870000E+0	1,848815E+6	12,000000E+0
724	200,000000E+0	2,690000E+0	6,870000E+0	1,848852E+6	12,000000E+0
725	200,000000E+0	2,690000E+0	6,870000E+0	1,848889E+6	12,000000E+0
726	200,000000E+0	2,690000E+0	6,870000E+0	1,848928E+6	12,000000E+0
727	200,000000E+0	2,690000E+0	6,870000E+0	1,848965E+6	12,000000E+0
728	200,000000E+0	2,690000E+0	6,870000E+0	1,849004E+6	12,000000E+0
729	200,000000E+0	2,690000E+0	6,870000E+0	1,849041E+6	12,000000E+0
730	200,000000E+0	2,690000E+0	6,870000E+0	1,849079E+6	12,000000E+0
731	200,000000E+0	2,690000E+0	6,870000E+0	1,849118E+6	12,000000E+0
732	200,000000E+0	2,690000E+0	6,870000E+0	1,849156E+6	12,000000E+0
733	200,000000E+0	2,690000E+0	6,870000E+0	1,849194E+6	12,000000E+0
734	200,000000E+0	2,690000E+0	6,870000E+0	1,849233E+6	12,000000E+0
735	200,000000E+0	2,690000E+0	6,870000E+0	1,849270E+6	12,000000E+0
736	200,000000E+0	2,690000E+0	6,870000E+0	1,849308E+6	12,000000E+0
737	200,000000E+0	2,690000E+0	6,870000E+0	1,849347E+6	12,000000E+0
738	200,000000E+0	2,690000E+0	6,870000E+0	1,849384E+6	12,000000E+0
739	200,000000E+0	2,690000E+0	6,870000E+0	1,849422E+6	12,000000E+0
740	200,000000E+0	2,690000E+0	6,870000E+0	1,849459E+6	12,000000E+0
741	200,000000E+0	2,690000E+0	6,870000E+0	1,849497E+6	12,000000E+0
742	200,000000E+0	2,690000E+0	6,870000E+0	1,849535E+6	12,000000E+0
743	200,000000E+0	2,690000E+0	6,870000E+0	1,849573E+6	12,000000E+0
744	200,000000E+0	2,690000E+0	6,870000E+0	1,849612E+6	12,000000E+0
745	200,000000E+0	2,690000E+0	7,099000E+0	1,849650E+6	12,000000E+0
746	200,000000E+0	2,690000E+0	6,870000E+0	1,849686E+6	12,000000E+0
747	200,000000E+0	2,690000E+0	7,099000E+0	1,849725E+6	12,000000E+0
748	200,000000E+0	2,690000E+0	6,870000E+0	1,849762E+6	12,000000E+0
749	200,000000E+0	2,690000E+0	6,870000E+0	1,849801E+6	12,000000E+0
750	200,000000E+0	2,690000E+0	6,870000E+0	1,849838E+6	12,000000E+0
751	200,000000E+0	2,690000E+0	6,641000E+0	1,849876E+6	12,000000E+0
752	200,000000E+0	2,690000E+0	7,099000E+0	1,849916E+6	12,000000E+0
753	200,000000E+0	2,690000E+0	6,641000E+0	1,849954E+6	12,000000E+0
754	200,000000E+0	2,690000E+0	6,870000E+0	1,849992E+6	12,000000E+0
755	200,000000E+0	2,690000E+0	6,641000E+0	1,850030E+6	12,000000E+0
756	200,000000E+0	2,690000E+0	6,641000E+0	1,850067E+6	12,000000E+0
757	200,000000E+0	2,690000E+0	6,870000E+0	1,850106E+6	12,000000E+0
758	200,000000E+0	2,690000E+0	6,641000E+0	1,850143E+6	12,000000E+0
759	200,000000E+0	2,690000E+0	6,870000E+0	1,850182E+6	12,000000E+0
760	200,000000E+0	2,690000E+0	6,641000E+0	1,850219E+6	12,000000E+0
761	200,000000E+0	2,690000E+0	6,641000E+0	1,850256E+6	12,000000E+0
762	200,000000E+0	2,690000E+0	6,870000E+0	1,850294E+6	12,000000E+0
763	200,000000E+0	2,690000E+0	6,641000E+0	1,850333E+6	12,000000E+0
764	200,000000E+0	2,690000E+0	6,870000E+0	1,850372E+6	12,000000E+0
765	200,000000E+0	2,690000E+0	6,641000E+0	1,850409E+6	12,000000E+0
766	200,000000E+0	2,690000E+0	6,870000E+0	1,850447E+6	12,000000E+0
767	200,000000E+0	2,690000E+0	6,641000E+0	1,850485E+6	12,000000E+0
768	200,000000E+0	2,690000E+0	6,870000E+0	1,850523E+6	12,000000E+0
769	200,000000E+0	2,690000E+0	6,870000E+0	1,850562E+6	12,000000E+0
770	200,000000E+0	2,690000E+0	6,870000E+0	1,850600E+6	12,000000E+0
771	200,000000E+0	2,690000E+0	6,870000E+0	1,850637E+6	12,000000E+0
772	200,000000E+0	2,690000E+0	6,641000E+0	1,850675E+6	12,000000E+0
773	200,000000E+0	2,690000E+0	6,870000E+0	1,850713E+6	12,000000E+0
774	200,000000E+0	2,690000E+0	6,641000E+0	1,850750E+6	12,000000E+0
775	200,000000E+0	2,690000E+0	6,870000E+0	1,850789E+6	12,000000E+0
776	200,000000E+0	2,690000E+0	6,641000E+0	1,850826E+6	12,000000E+0
777	200,000000E+0	2,690000E+0	6,870000E+0	1,850866E+6	12,000000E+0
778	200,000000E+0	2,690000E+0	6,870000E+0	1,850903E+6	12,000000E+0
779	200,000000E+0	2,690000E+0	6,641000E+0	1,850941E+6	12,000000E+0
780	200,000000E+0	2,690000E+0	6,870000E+0	1,850979E+6	12,000000E+0
781	200,000000E+0	2,690000E+0	6,641000E+0	1,851016E+6	12,000000E+0
782	200,000000E+0	2,690000E+0	6,870000E+0	1,851054E+6	12,000000E+0
783	200,000000E+0	2,690000E+0	6,870000E+0	1,851092E+6	12,000000E+0
784	200,000000E+0	2,690000E+0	6,870000E+0	1,851130E+6	12,000000E+0
785	200,000000E+0	2,690000E+0	6,870000E+0	1,851168E+6	12,000000E+0
786	200,000000E+0	2,690000E+0	6,870000E+0	1,851205E+6	12,000000E+0
787	200,000000E+0	2,690000E+0	6,870000E+0	1,851244E+6	12,000000E+0
788	200,000000E+0	2,690000E+0	6,870000E+0	1,851282E+6	12,000000E+0
789	200,000000E+0	2,690000E+0	6,870000E+0	1,851320E+6	12,000000E+0
790	200,000000E+0	2,690000E+0	6,870000E+0	1,851358E+6	12,000000E+0
791	200,000000E+0	2,690000E+0	6,870000E+0	1,851396E+6	12,000000E+0
792	200,000000E+0	2,690000E+0	6,870000E+0	1,851432E+6	12,000000E+0
793	200,000000E+0	2,690000E+0	6,870000E+0	1,851470E+6	12,000000E+0
794	200,000000E+0	2,690000E+0	6,870000E+0	1,851507E+6	12,000000E+0
795	200,000000E+0	2,690000E+0	6,870000E+0	1,851545E+6	12,000000E+0
796	200,000000E+0	2,690000E+0	6,870000E+0	1,851585E+6	12,000000E+0
797	200,000000E+0	2,690000E+0	6,870000E+0	1,851621E+6	12,000000E+0
798	200,000000E+0	2,690000E+0	6,870000E+0	1,851659E+6	12,000000E+0
799	200,000000E+0	2,690000E+0	6,870000E+0	1,851697E+6	12,000000E+0
800	200,000000E+0	2,690000E+0	6,870000E+0	1,851735E+6	12,000000E+0
801	200,000000E+0	2,690000E+0	6,870000E+0	1,851772E+6	12,000000E+0
802	200,000000E+0	2,690000E+0	6,870000E+0	1,851809E+6	12,000000E+0
803	200,000000E+0	2,690000E+0	6,870000E+0	1,851847E+6	12,000000E+0
804	200,000000E+0	2,690000E+0	6,870000E+0	1,851886E+6	12,000000E+0
805	200,000000E+0	2,690000E+0	6,641000E+0	1,851922E+6	12,000000E+0
806	200,000000E+0	2,690000E+0	6,870000E+0	1,851961E+6	12,000000E+0
807	200,000000E+0	2,690000E+0	6,641000E+0	1,851998E+6	12,000000E+0
808	200,000000E+0	2,690000E+0	6,870000E+0	1,852037E+6	12,000000E+0
809	200,000000E+0	2,690000E+0	6,641000E+0	1,852075E+6	12,000000E+0
810	200,000000E+0	2,690000E+0	6,870000E+0	1,852112E+6	12,000000E+0
811	200,000000E+0	2,690000E+0	6,641000E+0	1,852149E+6	12,000000E+0
812	200,000000E+0	2,690000E+0	6,641000E+0	1,852187E+6	12,000000E+0
813	200,000000E+0	2,690000E+0	6,641000E+0	1,852226E+6	12,000000E+0
814	200,000000E+0	2,690000E+0	6,641000E+0	1,852263E+6	12,000000E+0
815	200,000000E+0	2,690000E+0	6,641000E+0	1,852300E+6	12,000000E+0
816	200,000000E+0	2,690000E+0	6,641000E+0	1,852340E+6	12,000000E+0
817	200,000000E+0	2,690000E+0	6,641000E+0	1,852377E+6	12,000000E+0
818	200,000000E+0	2,690000E+0	6,870000E+0	1,852414E+6	12,000000E+0
819	200,000000E+0	2,690000E+0	6,641000E+0	1,852453E+6	12,000000E+0
820	200,000000E+0	2,690000E+0	6,870000E+0	1,852490E+6	12,000000E+0
821	200,000000E+0	2,690000E+0	6,870000E+0	1,852529E+6	12,000000E+0
822	200,000000E+0	2,690000E+0	6,870000E+0	1,852567E+6	12,000000E+0
823	200,000000E+0	2,690000E+0	6,870000E+0	1,852604E+6	12,000000E+0
824	200,000000E+0	2,690000E+0	6,870000E+0	1,852643E+6	12,000000E+0
825	200,000000E+0	2,690000E+0	6,870000E+0	1,852680E+6	12,000000E+0
826	200,000000E+0	2,690000E+0	6,870000E+0	1,852717E+6	12,000000E+0
827	200,000000E+0	2,690000E+0	6,870000E+0	1,852756E+6	12,000000E+0
828	200,000000E+0	2,690000E+0	6,870000E+0	1,852794E+6	12,000000E+0
829	200,000000E+0	2,690000E+0	6,870000E+0	1,852832E+6	12,000000E+0
830	200,000000E+0	2,690000E+0	6,870000E+0	1,852870E+6	12,000000E+0
831	200,000000E+0	2,690000E+0	6,870000E+0	1,852909E+6	12,000000E+0
832	200,000000E+0	2,690000E+0	6,870000E+0	1,852945E+6	12,000000E+0
833	200,000000E+0	2,690000E+0	6,870000E+0	1,852983E+6	12,000000E+0
834	200,000000E+0	2,690000E+0	6,870000E+0	1,853022E+6	12,000000E+0
835	200,000000E+0	2,690000E+0	6,870000E+0	1,853059E+6	12,000000E+0
836	200,000000E+0	2,690000E+0	6,870000E+0	1,853098E+6	12,000000E+0
837	200,000000E+0	2,690000E+0	6,870000E+0	1,853136E+6	12,000000E+0
838	200,000000E+0	2,690000E+0	6,870000E+0	1,853172E+6	12,000000E+0
839	200,000000E+0	2,690000E+0	7,099000E+0	1,853211E+6	12,000000E+0
840	200,000000E+0	2,690000E+0	6,870000E+0	1,853249E+6	12,000000E+0
841	200,000000E+0	2,690000E+0	6,870000E+0	1,853287E+6	12,000000E+0
842	200,000000E+0	2,690000E+0	6,870000E+0	1,853326E+6	12,000000E+0
843	200,000000E+0	2,690000E+0	6,870000E+0	1,853364E+6	12,000000E+0
844	200,000000E+0	2,690000E+0	6,870000E+0	1,853403E+6	12,000000E+0
845	200,000000E+0	2,690000E+0	7,099000E+0	1,853441E+6	12,000000E+0
846	200,000000E+0	2,690000E+0	7,099000E+0	1,853479E+6	12,000000E+0
847	200,000000E+0	2,690000E+0	6,870000E+0	1,853517E+6	12,000000E+0
848	200,000000E+0	2,690000E+0	6,870000E+0	1,853553E+6	12,000000E+0
849	200,000000E+0	2,690000E+0	6,870000E+0	1,853592E+6	12,000000E+0
850	200,000000E+0	2,690000E+0	6,870000E+0	1,853630E+6	12,000000E+0
851	200,000000E+0	2,690000E+0	7,099000E+0	1,853668E+6	12,000000E+0
852	200,000000E+0	2,690000E+0	6,870000E+0	1,853706E+6	12,000000E+0
853	200,000000E+0	2,690000E+0	6,870000E+0	1,853744E+6	12,000000E+0
854	200,000000E+0	2,690000E+0	6,870000E+0	1,853780E+6	12,000000E+0
855	200,000000E+0	2,690000E+0	6,870000E+0	1,853818E+6	12,000000E+0
856	200,000000E+0	2,690000E+0	6,870000E+0	1,853856E+6	12,000000E+0
857	200,000000E+0	2,690000E+0	6,870000E+0	1,853894E+6	12,000000E+0
858	200,000000E+0	2,690000E+0	6,870000E+0	1,853932E+6	12,000000E+0
859	200,000000E+0	2,690000E+0	6,870000E+0	1,853970E+6	12,000000E+0
860	200,000000E+0	2,690000E+0	7,099000E+0	1,854010E+6	12,000000E+0
861	200,000000E+0	2,690000E+0	6,641000E+0	1,854046E+6	12,000000E+0
862	200,000000E+0	2,690000E+0	7,099000E+0	1,854087E+6	12,000000E+0
863	200,000000E+0	2,690000E+0	6,641000E+0	1,854124E+6	12,000000E+0
864	200,000000E+0	2,690000E+0	6,870000E+0	1,854162E+6	12,000000E+0
865	200,000000E+0	2,690000E+0	6,870000E+0	1,854200E+6	12,000000E+0
866	200,000000E+0	2,690000E+0	6,641000E+0	1,854238E+6	12,000000E+0
867	200,000000E+0	2,690000E+0	6,870000E+0	1,854276E+6	12,000000E+0
868	200,000000E+0	2,690000E+0	6,641000E+0	1,854312E+6	12,000000E+0
869	200,000000E+0	2,690000E+0	6,870000E+0	1,854350E+6	12,000000E+0
870	200,000000E+0	2,690000E+0	6,641000E+0	1,854388E+6	12,000000E+0
871	200,000000E+0	2,690000E+0	6,641000E+0	1,854426E+6	12,000000E+0
872	200,000000E+0	2,690000E+0	6,870000E+0	1,854466E+6	12,000000E+0
873	200,000000E+0	2,690000E+0	6,641000E+0	1,854504E+6	12,000000E+0
874	200,000000E+0	2,690000E+0	6,870000E+0	1,854542E+6	12,000000E+0
875	200,000000E+0	2,690000E+0	6,641000E+0	1,854578E+6	12,000000E+0
876	200,000000E+0	2,690000E+0	6,641000E+0	1,854617E+6	12,000000E+0
877	200,000000E+0	2,690000E+0	6,870000E+0	1,854656E+6	12,000000E+0
878	200,000000E+0	2,690000E+0	6,641000E+0	1,854693E+6	12,000000E+0
879	200,000000E+0	2,690000E+0	6,870000E+0	1,854731E+6	12,000000E+0
880	200,000000E+0	2,690000E+0	6,641000E+0	1,854769E+6	12,000000E+0
881	200,000000E+0	2,690000E+0	6,870000E+0	1,854808E+6	12,000000E+0
882	200,000000E+0	2,690000E+0	6,641000E+0	1,854844E+6	12,000000E+0
883	200,000000E+0	2,690000E+0	6,870000E+0	1,854884E+6	12,000000E+0
884	200,000000E+0	2,690000E+0	6,641000E+0	1,854921E+6	12,000000E+0
885	200,000000E+0	2,690000E+0	6,870000E+0	1,854960E+6	12,000000E+0
886	200,000000E+0	2,690000E+0	6,870000E+0	1,854998E+6	12,000000E+0
887	200,000000E+0	2,690000E+0	6,641000E+0	1,855036E+6	12,000000E+0
888	200,000000E+0	2,690000E+0	6,870000E+0	1,855074E+6	12,000000E+0
889	200,000000E+0	2,690000E+0	6,641000E+0	1,855111E+6	12,000000E+0
890	200,000000E+0	2,690000E+0	6,870000E+0	1,855149E+6	12,000000E+0
891	200,000000E+0	2,690000E+0	6,870000E+0	1,855187E+6	12,000000E+0
892	200,000000E+0	2,690000E+0	6,870000E+0	1,855225E+6	12,000000E+0
893	200,000000E+0	2,690000E+0	6,870000E+0	1,855263E+6	12,000000E+0
894	200,000000E+0	2,690000E+0	6,870000E+0	1,855300E+6	12,000000E+0
895	200,000000E+0	2,690000E+0	6,870000E+0	1,855339E+6	12,000000E+0
896	200,000000E+0	2,690000E+0	6,870000E+0	1,855376E+6	12,000000E+0
897	200,000000E+0	2,690000E+0	6,870000E+0	1,855414E+6	12,000000E+0
898	200,000000E+0	2,690000E+0	6,870000E+0	1,855453E+6	12,000000E+0
899	200,000000E+0	2,690000E+0	6,870000E+0	1,855491E+6	12,000000E+0
900	200,000000E+0	2,690000E+0	6,870000E+0	1,855528E+6	12,000000E+0
901	200,000000E+0	2,690000E+0	6,870000E+0	1,855565E+6	12,000000E+0
902	200,000000E+0	2,690000E+0	6,870000E+0	1,855602E+6	12,000000E+0
903	200,000000E+0	2,690000E+0	6,870000E+0	1,855640E+6	12,000000E+0
904	200,000000E+0	2,690000E+0	6,870000E+0	1,855679E+6	12,000000E+0
905	200,000000E+0	2,690000E+0	6,870000E+0	1,855716E+6	12,000000E+0
906	200,000000E+0	2,690000E+0	6,870000E+0	1,855754E+6	12,000000E+0
907	200,000000E+0	2,690000E+0	6,870000E+0	1,855792E+6	12,000000E+0
908	200,000000E+0	2,690000E+0	6,870000E+0	1,855830E+6	12,000000E+0
909	200,000000E+0	2,690000E+0	6,870000E+0	1,855867E+6	12,000000E+0
910	200,000000E+0	2,690000E+0	6,870000E+0	1,855904E+6	12,000000E+0
911	200,000000E+0	2,690000E+0	6,641000E+0	1,855942E+6	12,000000E+0
912	200,000000E+0	2,690000E+0	6,870000E+0	1,855980E+6	12,000000E+0
913	200,000000E+0	2,690000E+0	6,641000E+0	1,856018E+6	12,000000E+0
914	200,000000E+0	2,690000E+0	6,870000E+0	1,856056E+6	12,000000E+0
915	200,000000E+0	2,690000E+0	6,641000E+0	1,856093E+6	12,000000E+0
916	200,000000E+0	2,690000E+0	6,870000E+0	1,856132E+6	12,000000E+0
917	200,000000E+0	2,690000E+0	6,870000E+0	1,856170E+6	12,000000E+0
918	200,000000E+0	2,690000E+0	6,870000E+0	1,856207E+6	12,000000E+0
919	200,000000E+0	2,690000E+0	6,641000E+0	1,856246E+6	12,000000E+0
920	200,000000E+0	2,690000E+0	6,641000E+0	1,856293E+6	12,000000E+0
921	200,000000E+0	2,690000E+0	6,870000E+0	1,856339E+6	12,000000E+0
922	200,000000E+0	2,690000E+0	6,641000E+0	1,856386E+6	12,000000E+0
923	200,000000E+0	2,690000E+0	6,641000E+0	1,856424E+6	12,000000E+0
924	200,000000E+0	2,690000E+0	6,641000E+0	1,856463E+6	12,000000E+0
925	200,000000E+0	2,690000E+0	6,641000E+0	1,856500E+6	12,000000E+0
926	200,000000E+0	2,690000E+0	6,641000E+0	1,856538E+6	12,000000E+0
927	200,000000E+0	2,690000E+0	6,870000E+0	1,856576E+6	12,000000E+0
928	200,000000E+0	2,690000E+0	6,870000E+0	1,856615E+6	12,000000E+0
929	200,000000E+0	2,690000E+0	6,870000E+0	1,856653E+6	12,000000E+0
930	200,000000E+0	2,690000E+0	6,870000E+0	1,856690E+6	12,000000E+0
931	200,000000E+0	2,690000E+0	6,870000E+0	1,856728E+6	12,000000E+0
932	200,000000E+0	2,690000E+0	6,870000E+0	1,856767E+6	12,000000E+0
933	200,000000E+0	2,690000E+0	6,641000E+0	1,856804E+6	12,000000E+0
934	200,000000E+0	2,690000E+0	6,870000E+0	1,856842E+6	12,000000E+0
935	200,000000E+0	2,690000E+0	6,870000E+0	1,856880E+6	12,000000E+0
936	200,000000E+0	2,690000E+0	6,870000E+0	1,856918E+6	12,000000E+0
937	200,000000E+0	2,690000E+0	6,870000E+0	1,856956E+6	12,000000E+0
938	200,000000E+0	2,690000E+0	6,870000E+0	1,856994E+6	12,000000E+0
939	200,000000E+0	2,690000E+0	6,870000E+0	1,857032E+6	12,000000E+0
940	200,000000E+0	2,690000E+0	6,870000E+0	1,857069E+6	12,000000E+0
941	200,000000E+0	2,690000E+0	6,870000E+0	1,857107E+6	12,000000E+0
942	200,000000E+0	2,690000E+0	6,870000E+0	1,857146E+6	12,000000E+0
943	200,000000E+0	2,690000E+0	6,870000E+0	1,857184E+6	12,000000E+0
944	200,000000E+0	2,690000E+0	6,870000E+0	1,857222E+6	12,000000E+0
945	200,000000E+0	2,690000E+0	6,870000E+0	1,857260E+6	12,000000E+0
946	200,000000E+0	2,690000E+0	7,099000E+0	1,857298E+6	12,000000E+0
947	200,000000E+0	2,690000E+0	6,870000E+0	1,857336E+6	12,000000E+0
948	200,000000E+0	2,690000E+0	6,870000E+0	1,857375E+6	12,000000E+0
949	200,000000E+0	2,690000E+0	6,870000E+0	1,857412E+6	12,000000E+0
950	200,000000E+0	2,690000E+0	6,870000E+0	1,857450E+6	12,000000E+0
951	200,000000E+0	2,690000E+0	7,099000E+0	1,857489E+6	12,000000E+0
952	200,000000E+0	2,690000E+0	6,870000E+0	1,857527E+6	12,000000E+0
953	200,000000E+0	2,690000E+0	6,870000E+0	1,857565E+6	12,000000E+0
954	200,000000E+0	2,690000E+0	6,870000E+0	1,857603E+6	12,000000E+0
955	200,000000E+0	2,690000E+0	6,870000E+0	1,857641E+6	12,000000E+0
956	200,000000E+0	2,690000E+0	6,870000E+0	1,857678E+6	12,000000E+0
957	200,000000E+0	2,690000E+0	6,870000E+0	1,857716E+6	12,000000E+0
958	200,000000E+0	2,690000E+0	7,099000E+0	1,857756E+6	12,000000E+0
959	200,000000E+0	2,690000E+0	6,870000E+0	1,857793E+6	12,000000E+0
960	200,000000E+0	2,690000E+0	6,870000E+0	1,857831E+6	12,000000E+0
961	200,000000E+0	2,690000E+0	6,870000E+0	1,857868E+6	12,000000E+0
962	200,000000E+0	2,690000E+0	6,870000E+0	1,857905E+6	12,000000E+0
963	200,000000E+0	2,690000E+0	6,870000E+0	1,857943E+6	12,000000E+0
964	200,000000E+0	2,690000E+0	6,870000E+0	1,857981E+6	12,000000E+0
965	200,000000E+0	2,690000E+0	6,870000E+0	1,858019E+6	12,000000E+0
966	200,000000E+0	2,690000E+0	6,870000E+0	1,858056E+6	12,000000E+0
967	200,000000E+0	2,690000E+0	6,870000E+0	1,858095E+6	12,000000E+0
968	200,000000E+0	2,690000E+0	6,870000E+0	1,858133E+6	12,000000E+0
969	200,000000E+0	2,690000E+0	6,870000E+0	1,858173E+6	12,000000E+0
970	200,000000E+0	2,690000E+0	6,870000E+0	1,858210E+6	12,000000E+0
971	200,000000E+0	2,690000E+0	6,641000E+0	1,858248E+6	12,000000E+0
972	200,000000E+0	2,690000E+0	6,870000E+0	1,858287E+6	12,000000E+0
973	200,000000E+0	2,690000E+0	6,641000E+0	1,858324E+6	12,000000E+0
974	200,000000E+0	2,690000E+0	6,870000E+0	1,858363E+6	12,000000E+0
975	200,000000E+0	2,690000E+0	6,641000E+0	1,858399E+6	12,000000E+0
976	200,000000E+0	2,690000E+0	6,870000E+0	1,858437E+6	12,000000E+0
977	200,000000E+0	2,690000E+0	6,641000E+0	1,858475E+6	12,000000E+0
978	200,000000E+0	2,690000E+0	6,641000E+0	1,858513E+6	12,000000E+0
979	200,000000E+0	2,690000E+0	6,870000E+0	1,858553E+6	12,000000E+0
980	200,000000E+0	2,690000E+0	6,641000E+0	1,858589E+6	12,000000E+0
981	200,000000E+0	2,690000E+0	6,870000E+0	1,858628E+6	12,000000E+0
982	200,000000E+0	2,690000E+0	6,641000E+0	1,858666E+6	12,000000E+0
983	200,000000E+0	2,690000E+0	6,641000E+0	1,858703E+6	12,000000E+0
984	200,000000E+0	2,690000E+0	6,870000E+0	1,858744E+6	12,000000E+0
985	200,000000E+0	2,690000E+0	6,641000E+0	1,858780E+6	12,000000E+0
986	200,000000E+0	2,690000E+0	6,870000E+0	1,858819E+6	12,000000E+0
987	200,000000E+0	2,690000E+0	6,641000E+0	1,858856E+6	12,000000E+0
988	200,000000E+0	2,690000E+0	6,870000E+0	1,858894E+6	12,000000E+0
989	200,000000E+0	2,690000E+0	6,641000E+0	1,858931E+6	12,000000E+0
990	200,000000E+0	2,690000E+0	6,641000E+0	1,858969E+6	12,000000E+0
991	200,000000E+0	2,690000E+0	6,870000E+0	1,859008E+6	12,000000E+0
992	200,000000E+0	2,690000E+0	6,641000E+0	1,859046E+6	12,000000E+0
993	200,000000E+0	2,690000E+0	6,870000E+0	1,859085E+6	12,000000E+0
994	200,000000E+0	2,690000E+0	6,641000E+0	1,859122E+6	12,000000E+0
995	200,000000E+0	2,690000E+0	6,870000E+0	1,859160E+6	12,000000E+0
996	200,000000E+0	2,690000E+0	6,870000E+0	1,859198E+6	12,000000E+0
997	200,000000E+0	2,690000E+0	6,870000E+0	1,859236E+6	12,000000E+0
998	200,000000E+0	2,690000E+0	6,870000E+0	1,859274E+6	12,000000E+0
999	200,000000E+0	2,690000E+0	6,870000E+0	1,859312E+6	12,000000E+0
1000	200,000000E+0	2,690000E+0	6,870000E+0	1,859350E+6	12,000000E+0
1001	200,000000E+0	2,690000E+0	6,641000E+0	1,859386E+6	12,000000E+0
1002	200,000000E+0	2,690000E+0	6,870000E+0	1,859425E+6	12,000000E+0
1003	200,000000E+0	2,690000E+0	6,870000E+0	1,859464E+6	12,000000E+0
1004	200,000000E+0	2,690000E+0	6,870000E+0	1,859503E+6	12,000000E+0
1005	200,000000E+0	2,690000E+0	6,870000E+0	1,859540E+6	12,000000E+0
1006	200,000000E+0	2,690000E+0	6,870000E+0	1,859578E+6	12,000000E+0
1007	200,000000E+0	2,690000E+0	6,870000E+0	1,859615E+6	12,000000E+0
1008	200,000000E+0	2,690000E+0	6,870000E+0	1,859651E+6	12,000000E+0
1009	200,000000E+0	2,690000E+0	6,870000E+0	1,859689E+6	12,000000E+0
1010	200,000000E+0	2,690000E+0	6,870000E+0	1,859726E+6	12,000000E+0
1011	200,000000E+0	2,690000E+0	6,870000E+0	1,859765E+6	12,000000E+0
1012	200,000000E+0	2,690000E+0	6,870000E+0	1,859804E+6	12,000000E+0
1013	200,000000E+0	2,690000E+0	6,870000E+0	1,859841E+6	12,000000E+0
1014	200,000000E+0	2,690000E+0	6,870000E+0	1,859880E+6	12,000000E+0
1015	200,000000E+0	2,690000E+0	6,870000E+0	1,859917E+6	12,000000E+0
1016	200,000000E+0	2,690000E+0	6,870000E+0	1,859954E+6	12,000000E+0
1017	200,000000E+0	2,690000E+0	6,870000E+0	1,859993E+6	12,000000E+0
1018	200,000000E+0	2,690000E+0	6,870000E+0	1,860029E+6	12,000000E+0
1019	200,000000E+0	2,690000E+0	6,870000E+0	1,860068E+6	12,000000E+0
1020	200,000000E+0	2,690000E+0	6,641000E+0	1,860105E+6	12,000000E+0
1021	200,000000E+0	2,690000E+0	6,870000E+0	1,860143E+6	12,000000E+0
1022	200,000000E+0	2,690000E+0	6,641000E+0	1,860180E+6	12,000000E+0
1023	200,000000E+0	2,690000E+0	6,870000E+0	1,860219E+6	12,000000E+0
1024	200,000000E+0	2,690000E+0	6,870000E+0	1,860257E+6	12,000000E+0
1025	200,000000E+0	2,690000E+0	6,641000E+0	1,860294E+6	12,000000E+0
1026	200,000000E+0	2,690000E+0	6,870000E+0	1,860331E+6	12,000000E+0
1027	200,000000E+0	2,690000E+0	6,641000E+0	1,860369E+6	12,000000E+0
1028	200,000000E+0	2,690000E+0	6,641000E+0	1,860407E+6	12,000000E+0
1029	200,000000E+0	2,690000E+0	6,641000E+0	1,860445E+6	12,000000E+0
1030	200,000000E+0	2,690000E+0	6,870000E+0	1,860483E+6	12,000000E+0
1031	200,000000E+0	2,690000E+0	6,641000E+0	1,860520E+6	12,000000E+0
1032	200,000000E+0	2,690000E+0	6,641000E+0	1,860559E+6	12,000000E+0
1033	200,000000E+0	2,690000E+0	6,870000E+0	1,860597E+6	12,000000E+0
1034	200,000000E+0	2,690000E+0	6,641000E+0	1,860634E+6	12,000000E+0
1035	200,000000E+0	2,690000E+0	6,641000E+0	1,860673E+6	12,000000E+0
1036	200,000000E+0	2,690000E+0	6,870000E+0	1,860711E+6	12,000000E+0
1037	200,000000E+0	2,690000E+0	6,870000E+0	1,860749E+6	12,000000E+0
1038	200,000000E+0	2,690000E+0	6,870000E+0	1,860786E+6	12,000000E+0
1039	200,000000E+0	2,690000E+0	6,641000E+0	1,860824E+6	12,000000E+0
1040	200,000000E+0	2,690000E+0	6,870000E+0	1,860863E+6	12,000000E+0
1041	200,000000E+0	2,690000E+0	6,870000E+0	1,860901E+6	12,000000E+0
1042	200,000000E+0	2,690000E+0	6,870000E+0	1,860939E+6	12,000000E+0
1043	200,000000E+0	2,690000E+0	6,870000E+0	1,860977E+6	12,000000E+0
1044	200,000000E+0	2,690000E+0	6,870000E+0	1,861014E+6	12,000000E+0
1045	200,000000E+0	2,690000E+0	6,870000E+0	1,861052E+6	12,000000E+0
1046	200,000000E+0	2,690000E+0	6,641000E+0	1,861090E+6	12,000000E+0
1047	200,000000E+0	2,690000E+0	6,870000E+0	1,861128E+6	12,000000E+0
1048	200,000000E+0	2,690000E+0	6,870000E+0	1,861166E+6	12,000000E+0
1049	200,000000E+0	2,690000E+0	6,870000E+0	1,861203E+6	12,000000E+0
1050	200,000000E+0	2,690000E+0	6,870000E+0	1,861242E+6	12,000000E+0
1051	200,000000E+0	2,690000E+0	6,870000E+0	1,861280E+6	12,000000E+0
1052	200,000000E+0	2,690000E+0	6,870000E+0	1,861318E+6	12,000000E+0
1053	200,000000E+0	2,690000E+0	6,870000E+0	1,861356E+6	12,000000E+0
1054	200,000000E+0	2,690000E+0	7,099000E+0	1,861393E+6	12,000000E+0
1055	200,000000E+0	2,690000E+0	6,870000E+0	1,861432E+6	12,000000E+0
1056	200,000000E+0	2,690000E+0	6,870000E+0	1,861470E+6	12,000000E+0
1057	200,000000E+0	2,690000E+0	6,870000E+0	1,861507E+6	12,000000E+0
1058	200,000000E+0	2,690000E+0	6,870000E+0	1,861546E+6	12,000000E+0
1059	200,000000E+0	2,690000E+0	7,099000E+0	1,861584E+6	12,000000E+0
1060	200,000000E+0	2,690000E+0	6,870000E+0	1,861622E+6	12,000000E+0
1061	200,000000E+0	2,690000E+0	7,099000E+0	1,861661E+6	12,000000E+0
1062	200,000000E+0	2,690000E+0	6,870000E+0	1,861699E+6	12,000000E+0
1063	200,000000E+0	2,690000E+0	7,099000E+0	1,861736E+6	12,000000E+0
1064	200,000000E+0	2,690000E+0	6,870000E+0	1,861773E+6	12,000000E+0
1065	200,000000E+0	2,690000E+0	6,870000E+0	1,861812E+6	12,000000E+0
1066	200,000000E+0	2,690000E+0	7,099000E+0	1,861851E+6	12,000000E+0
1067	200,000000E+0	2,690000E+0	6,870000E+0	1,861888E+6	12,000000E+0
1068	200,000000E+0	2,690000E+0	6,870000E+0	1,861926E+6	12,000000E+0
1069	200,000000E+0	2,690000E+0	6,870000E+0	1,861965E+6	12,000000E+0
1070	200,000000E+0	2,690000E+0	6,870000E+0	1,862001E+6	12,000000E+0
1071	200,000000E+0	2,690000E+0	6,870000E+0	1,862039E+6	12,000000E+0
1072	200,000000E+0	2,690000E+0	6,870000E+0	1,862077E+6	12,000000E+0
1073	200,000000E+0	2,690000E+0	6,870000E+0	1,862115E+6	12,000000E+0
1074	200,000000E+0	2,690000E+0	6,870000E+0	1,862152E+6	12,000000E+0
1075	200,000000E+0	2,690000E+0	6,870000E+0	1,862192E+6	12,000000E+0
1076	200,000000E+0	2,690000E+0	6,870000E+0	1,862229E+6	12,000000E+0
1077	200,000000E+0	2,690000E+0	6,870000E+0	1,862268E+6	12,000000E+0
1078	200,000000E+0	2,690000E+0	6,870000E+0	1,862306E+6	12,000000E+0
1079	200,000000E+0	2,690000E+0	6,641000E+0	1,862343E+6	12,000000E+0
1080	200,000000E+0	2,690000E+0	6,870000E+0	1,862382E+6	12,000000E+0
1081	200,000000E+0	2,690000E+0	6,641000E+0	1,862420E+6	12,000000E+0
1082	200,000000E+0	2,690000E+0	6,870000E+0	1,862458E+6	12,000000E+0
1083	200,000000E+0	2,690000E+0	6,641000E+0	1,862495E+6	12,000000E+0
1084	200,000000E+0	2,690000E+0	6,870000E+0	1,862533E+6	12,000000E+0
1085	200,000000E+0	2,690000E+0	6,870000E+0	1,862571E+6	12,000000E+0
1086	200,000000E+0	2,690000E+0	6,641000E+0	1,862609E+6	12,000000E+0
1087	200,000000E+0	2,690000E+0	6,870000E+0	1,862649E+6	12,000000E+0
1088	200,000000E+0	2,690000E+0	6,412000E+0	1,862685E+6	12,000000E+0
1089	200,000000E+0	2,690000E+0	6,870000E+0	1,862725E+6	12,000000E+0
1090	200,000000E+0	2,690000E+0	6,641000E+0	1,862762E+6	12,000000E+0
1091	200,000000E+0	2,690000E+0	6,641000E+0	1,862799E+6	12,000000E+0
1092	200,000000E+0	2,690000E+0	6,870000E+0	1,862839E+6	12,000000E+0
1093	200,000000E+0	2,690000E+0	6,641000E+0	1,862875E+6	12,000000E+0
1094	200,000000E+0	2,690000E+0	6,870000E+0	1,862914E+6	12,000000E+0
1095	200,000000E+0	2,690000E+0	6,641000E+0	1,862952E+6	12,000000E+0
1096	200,000000E+0	2,690000E+0	6,870000E+0	1,862990E+6	12,000000E+0
1097	200,000000E+0	2,690000E+0	6,870000E+0	1,863027E+6	12,000000E+0
1098	200,000000E+0	2,690000E+0	6,641000E+0	1,863065E+6	12,000000E+0
1099	200,000000E+0	2,690000E+0	6,870000E+0	1,863104E+6	12,000000E+0
1100	200,000000E+0	2,690000E+0	6,641000E+0	1,863142E+6	12,000000E+0
1101	200,000000E+0	2,690000E+0	6,870000E+0	1,863181E+6	12,000000E+0
1102	200,000000E+0	2,690000E+0	6,641000E+0	1,863218E+6	12,000000E+0
1103	200,000000E+0	2,690000E+0	6,870000E+0	1,863257E+6	12,000000E+0
1104	200,000000E+0	2,690000E+0	6,870000E+0	1,863294E+6	12,000000E+0
1105	200,000000E+0	2,690000E+0	6,870000E+0	1,863332E+6	12,000000E+0
1106	200,000000E+0	2,690000E+0	6,870000E+0	1,863370E+6	12,000000E+0
1107	200,000000E+0	2,690000E+0	6,870000E+0	1,863408E+6	12,000000E+0
1108	200,000000E+0	2,690000E+0	6,870000E+0	1,863446E+6	12,000000E+0
1109	200,000000E+0	2,690000E+0	6,870000E+0	1,863483E+6	12,000000E+0
1110	200,000000E+0	2,690000E+0	6,870000E+0	1,863522E+6	12,000000E+0
1111	200,000000E+0	2,690000E+0	6,870000E+0	1,863559E+6	12,000000E+0
1112	200,000000E+0	2,690000E+0	6,870000E+0	1,863598E+6	12,000000E+0
1113	200,000000E+0	2,690000E+0	6,870000E+0	1,863635E+6	12,000000E+0
1114	200,000000E+0	2,690000E+0	6,870000E+0	1,863673E+6	12,000000E+0
1115	200,000000E+0	2,690000E+0	7,099000E+0	1,863711E+6	12,000000E+0
1116	200,000000E+0	2,690000E+0	6,641000E+0	1,863747E+6	12,000000E+0
1117	200,000000E+0	2,690000E+0	6,870000E+0	1,863785E+6	12,000000E+0
1118	200,000000E+0	2,690000E+0	6,870000E+0	1,863822E+6	12,000000E+0
1119	200,000000E+0	2,690000E+0	6,870000E+0	1,863862E+6	12,000000E+0
1120	200,000000E+0	2,690000E+0	6,870000E+0	1,863900E+6	12,000000E+0
1121	200,000000E+0	2,690000E+0	6,870000E+0	1,863937E+6	12,000000E+0
1122	200,000000E+0	2,690000E+0	6,870000E+0	1,863976E+6	12,000000E+0
1123	200,000000E+0	2,690000E+0	6,870000E+0	1,864013E+6	12,000000E+0
1124	200,000000E+0	2,690000E+0	6,870000E+0	1,864050E+6	12,000000E+0
1125	200,000000E+0	2,690000E+0	6,870000E+0	1,864089E+6	12,000000E+0
1126	200,000000E+0	2,690000E+0	6,870000E+0	1,864126E+6	12,000000E+0
1127	200,000000E+0	2,690000E+0	6,870000E+0	1,864165E+6	12,000000E+0
1128	200,000000E+0	2,690000E+0	6,641000E+0	1,864202E+6	12,000000E+0
1129	200,000000E+0	2,690000E+0	6,870000E+0	1,864239E+6	12,000000E+0
1130	200,000000E+0	2,690000E+0	6,870000E+0	1,864277E+6	12,000000E+0
1131	200,000000E+0	2,690000E+0	6,870000E+0	1,864315E+6	12,000000E+0
1132	200,000000E+0	2,690000E+0	6,870000E+0	1,864353E+6	12,000000E+0
1133	200,000000E+0	2,690000E+0	6,641000E+0	1,864391E+6	12,000000E+0
1134	200,000000E+0	2,690000E+0	6,641000E+0	1,864428E+6	12,000000E+0
1135	200,000000E+0	2,690000E+0	6,641000E+0	1,864466E+6	12,000000E+0
1136	200,000000E+0	2,690000E+0	6,641000E+0	1,864503E+6	12,000000E+0
1137	200,000000E+0	2,690000E+0	6,641000E+0	1,864541E+6	12,000000E+0
1138	200,000000E+0	2,690000E+0	6,641000E+0	1,864580E+6	12,000000E+0
1139	-14,336000E+3	688,640000E+0	1,758720E+3	477,341952E+6	3,072000E+3
1140	200,000000E+0	2,690000E+0	6,641000E+0	1,864656E+6	12,000000E+0
1141	200,000000E+0	2,690000E+0	6,641000E+0	1,864693E+6	12,000000E+0
1142	200,000000E+0	2,690000E+0	6,641000E+0	1,864730E+6	12,000000E+0
1143	200,000000E+0	2,690000E+0	6,870000E+0	1,864769E+6	12,000000E+0
1144	200,000000E+0	2,690000E+0	6,870000E+0	1,864807E+6	12,000000E+0
1145	200,000000E+0	2,690000E+0	6,870000E+0	1,864845E+6	12,000000E+0
1146	200,000000E+0	2,690000E+0	6,870000E+0	1,864882E+6	12,000000E+0
1147	200,000000E+0	2,690000E+0	6,870000E+0	1,864920E+6	12,000000E+0
1148	200,000000E+0	2,690000E+0	6,870000E+0	1,864959E+6	12,000000E+0
1149	200,000000E+0	2,690000E+0	6,641000E+0	1,864997E+6	12,000000E+0
1150	200,000000E+0	2,690000E+0	6,641000E+0	1,865034E+6	12,000000E+0
1151	200,000000E+0	2,690000E+0	6,641000E+0	1,865073E+6	12,000000E+0
1152	200,000000E+0	2,690000E+0	6,870000E+0	1,865110E+6	12,000000E+0
1153	200,000000E+0	2,690000E+0	6,870000E+0	1,865149E+6	12,000000E+0
1154	200,000000E+0	2,690000E+0	6,870000E+0	1,865187E+6	12,000000E+0
1155	200,000000E+0	2,690000E+0	6,870000E+0	1,865225E+6	12,000000E+0
1156	200,000000E+0	2,690000E+0	6,870000E+0	1,865262E+6	12,000000E+0
1157	200,000000E+0	2,690000E+0	6,870000E+0	1,865300E+6	12,000000E+0
1158	200,000000E+0	2,690000E+0	6,870000E+0	1,865338E+6	12,000000E+0
1159	200,000000E+0	2,690000E+0	6,870000E+0	1,865377E+6	12,000000E+0
1160	200,000000E+0	2,690000E+0	6,870000E+0	1,865416E+6	12,000000E+0
1161	200,000000E+0	2,690000E+0	6,870000E+0	1,865453E+6	12,000000E+0
1162	200,000000E+0	2,690000E+0	6,870000E+0	1,865490E+6	12,000000E+0
1163	200,000000E+0	2,690000E+0	6,870000E+0	1,865529E+6	12,000000E+0
1164	200,000000E+0	2,690000E+0	6,870000E+0	1,865567E+6	12,000000E+0
1165	200,000000E+0	2,690000E+0	6,870000E+0	1,865604E+6	12,000000E+0
1166	200,000000E+0	2,690000E+0	6,870000E+0	1,865641E+6	12,000000E+0
1167	200,000000E+0	2,690000E+0	7,099000E+0	1,865680E+6	12,000000E+0
1168	200,000000E+0	2,690000E+0	6,870000E+0	1,865718E+6	12,000000E+0
1169	200,000000E+0	2,690000E+0	7,099000E+0	1,865757E+6	12,000000E+0
1170	200,000000E+0	2,690000E+0	7,099000E+0	1,865795E+6	12,000000E+0
1171	200,000000E+0	2,690000E+0	6,870000E+0	1,865833E+6	12,000000E+0
1172	200,000000E+0	2,690000E+0	6,870000E+0	1,865870E+6	12,000000E+0
1173	200,000000E+0	2,690000E+0	6,870000E+0	1,865909E+6	12,000000E+0
1174	200,000000E+0	2,690000E+0	7,099000E+0	1,865947E+6	12,000000E+0
1175	200,000000E+0	2,690000E+0	6,870000E+0	1,865985E+6	12,000000E+0
1176	200,000000E+0	2,690000E+0	7,099000E+0	1,866023E+6	12,000000E+0
1177	200,000000E+0	2,690000E+0	6,870000E+0	1,866061E+6	12,000000E+0
1178	200,000000E+0	2,690000E+0	6,870000E+0	1,866097E+6	12,000000E+0
1179	200,000000E+0	2,690000E+0	6,870000E+0	1,866135E+6	12,000000E+0
1180	200,000000E+0	2,690000E+0	6,870000E+0	1,866174E+6	12,000000E+0
1181	200,000000E+0	2,690000E+0	6,870000E+0	1,866211E+6	12,000000E+0
1182	200,000000E+0	2,690000E+0	6,870000E+0	1,866249E+6	12,000000E+0
1183	200,000000E+0	2,690000E+0	6,870000E+0	1,866288E+6	12,000000E+0
1184	200,000000E+0	2,690000E+0	6,870000E+0	1,866326E+6	12,000000E+0
1185	200,000000E+0	2,690000E+0	6,870000E+0	1,866365E+6	12,000000E+0
1186	200,000000E+0	2,690000E+0	6,870000E+0	1,866403E+6	12,000000E+0
1187	200,000000E+0	2,690000E+0	6,641000E+0	1,866440E+6	12,000000E+0
1188	200,000000E+0	2,690000E+0	6,870000E+0	1,866479E+6	12,000000E+0
1189	200,000000E+0	2,690000E+0	6,641000E+0	1,866517E+6	12,000000E+0
1190	200,000000E+0	2,690000E+0	6,870000E+0	1,866554E+6	12,000000E+0
1191	200,000000E+0	2,690000E+0	6,641000E+0	1,866592E+6	12,000000E+0
1192	200,000000E+0	2,690000E+0	6,641000E+0	1,866629E+6	12,000000E+0
1193	200,000000E+0	2,690000E+0	6,870000E+0	1,866667E+6	12,000000E+0
1194	200,000000E+0	2,690000E+0	6,641000E+0	1,866705E+6	12,000000E+0
1195	200,000000E+0	2,690000E+0	6,870000E+0	1,866744E+6	12,000000E+0
1196	200,000000E+0	2,690000E+0	6,641000E+0	1,866781E+6	12,000000E+0
1197	200,000000E+0	2,690000E+0	6,870000E+0	1,866821E+6	12,000000E+0
1198	200,000000E+0	2,690000E+0	6,641000E+0	1,866857E+6	12,000000E+0
1199	200,000000E+0	2,690000E+0	6,870000E+0	1,866897E+6	12,000000E+0
1200	200,000000E+0	2,690000E+0	6,870000E+0	1,866935E+6	12,000000E+0
1201	200,000000E+0	2,690000E+0	6,641000E+0	1,866972E+6	12,000000E+0
1202	200,000000E+0	2,690000E+0	6,870000E+0	1,867010E+6	12,000000E+0
1203	200,000000E+0	2,690000E+0	6,641000E+0	1,867048E+6	12,000000E+0
1204	200,000000E+0	2,690000E+0	6,870000E+0	1,867087E+6	12,000000E+0
1205	200,000000E+0	2,690000E+0	6,870000E+0	1,867124E+6	12,000000E+0
1206	200,000000E+0	2,690000E+0	6,641000E+0	1,867161E+6	12,000000E+0
1207	200,000000E+0	2,690000E+0	6,870000E+0	1,867200E+6	12,000000E+0
1208	200,000000E+0	2,690000E+0	6,641000E+0	1,867238E+6	12,000000E+0
1209	200,000000E+0	2,690000E+0	6,870000E+0	1,867277E+6	12,000000E+0
1210	200,000000E+0	2,690000E+0	6,641000E+0	1,867314E+6	12,000000E+0
1211	200,000000E+0	2,690000E+0	6,870000E+0	1,867353E+6	12,000000E+0
1212	200,000000E+0	2,690000E+0	6,870000E+0	1,867391E+6	12,000000E+0
1213	200,000000E+0	2,690000E+0	6,870000E+0	1,867428E+6	12,000000E+0
1214	200,000000E+0	2,690000E+0	6,870000E+0	1,867466E+6	12,000000E+0
1215	200,000000E+0	2,690000E+0	6,870000E+0	1,867505E+6	12,000000E+0
1216	200,000000E+0	2,690000E+0	6,870000E+0	1,867543E+6	12,000000E+0
1217	200,000000E+0	2,690000E+0	6,870000E+0	1,867579E+6	12,000000E+0
1218	200,000000E+0	2,690000E+0	6,870000E+0	1,867618E+6	12,000000E+0
1219	200,000000E+0	2,690000E+0	6,870000E+0	1,867656E+6	12,000000E+0
1220	200,000000E+0	2,690000E+0	6,870000E+0	1,867694E+6	12,000000E+0
1221	200,000000E+0	2,690000E+0	6,870000E+0	1,867732E+6	12,000000E+0
1222	200,000000E+0	2,690000E+0	6,870000E+0	1,867770E+6	12,000000E+0
1223	200,000000E+0	2,690000E+0	6,870000E+0	1,867807E+6	12,000000E+0
1224	200,000000E+0	2,690000E+0	6,870000E+0	1,867843E+6	12,000000E+0
1225	200,000000E+0	2,690000E+0	6,870000E+0	1,867881E+6	12,000000E+0
1226	200,000000E+0	2,690000E+0	6,870000E+0	1,867919E+6	12,000000E+0
1227	200,000000E+0	2,690000E+0	6,870000E+0	1,867958E+6	12,000000E+0
1228	200,000000E+0	2,690000E+0	6,870000E+0	1,867996E+6	12,000000E+0
1229	200,000000E+0	2,690000E+0	6,870000E+0	1,868033E+6	12,000000E+0
1230	200,000000E+0	2,690000E+0	6,870000E+0	1,868072E+6	12,000000E+0
1231	200,000000E+0	2,690000E+0	6,641000E+0	1,868109E+6	12,000000E+0
1232	200,000000E+0	2,690000E+0	6,870000E+0	1,868147E+6	12,000000E+0
1233	200,000000E+0	2,690000E+0	6,870000E+0	1,868185E+6	12,000000E+0
1234	200,000000E+0	2,690000E+0	6,870000E+0	1,868222E+6	12,000000E+0
1235	200,000000E+0	2,690000E+0	6,870000E+0	1,868261E+6	12,000000E+0
1236	200,000000E+0	2,690000E+0	6,641000E+0	1,868298E+6	12,000000E+0
1237	200,000000E+0	2,690000E+0	6,870000E+0	1,868336E+6	12,000000E+0
1238	200,000000E+0	2,690000E+0	6,870000E+0	1,868373E+6	12,000000E+0
1239	200,000000E+0	2,690000E+0	6,870000E+0	1,868412E+6	12,000000E+0
1240	200,000000E+0	2,690000E+0	6,870000E+0	1,868450E+6	12,000000E+0
1241	200,000000E+0	2,690000E+0	6,870000E+0	1,868488E+6	12,000000E+0
1242	200,000000E+0	2,690000E+0	6,870000E+0	1,868526E+6	12,000000E+0
1243	200,000000E+0	2,690000E+0	6,641000E+0	1,868563E+6	12,000000E+0
1244	200,000000E+0	2,690000E+0	6,641000E+0	1,868601E+6	12,000000E+0
1245	200,000000E+0	2,690000E+0	6,641000E+0	1,868638E+6	12,000000E+0
1246	200,000000E+0	2,690000E+0	6,641000E+0	1,868676E+6	12,000000E+0
1247	200,000000E+0	2,690000E+0	6,641000E+0	1,868714E+6	12,000000E+0
1248	200,000000E+0	2,690000E+0	6,641000E+0	1,868752E+6	12,000000E+0
1249	200,000000E+0	2,690000E+0	6,870000E+0	1,868790E+6	12,000000E+0
1250	200,000000E+0	2,690000E+0	6,641000E+0	1,868827E+6	12,000000E+0
