vendredi 12 janvier 2024	12:17:04	Sampling Period : 40  ms		
Unities: time [sample], PWM [raw], Current [mA], velocity [rev/min], Position [pulse], Present Input Voltage [V]

t	DXL_PWM		DXL_Current		DXL_Velocity		DXL_Position		DXL_Input_Voltage
0	0,000000E+0	0,000000E+0	0,000000E+0	1,048000E+3	12,000000E+0
1	64,846000E+3	176,270320E+3	-7,557000E+0	972,000000E+0	11,800000E+0
2	64,734000E+3	176,192310E+3	-9,160000E+0	799,000000E+0	11,800000E+0
3	64,825000E+3	176,270320E+3	-10,305000E+0	611,000000E+0	11,900000E+0
4	64,931000E+3	24,210000E+0	-9,618000E+0	440,000000E+0	11,900000E+0
5	65,001000E+3	34,970000E+0	-6,870000E+0	301,000000E+0	11,900000E+0
6	65,156000E+3	13,450000E+0	-6,412000E+0	182,000000E+0	11,900000E+0
7	65,275000E+3	176,267630E+3	-3,664000E+0	106,000000E+0	11,900000E+0
8	65,388000E+3	176,221900E+3	-1,145000E+0	66,000000E+0	11,900000E+0
9	7,000000E+0	176,229970E+3	687,000000E-3	61,000000E+0	11,900000E+0
10	154,000000E+0	176,178860E+3	2,977000E+0	98,000000E+0	11,900000E+0
11	274,000000E+0	176,122370E+3	5,038000E+0	175,000000E+0	11,900000E+0
12	386,000000E+0	176,084710E+3	6,870000E+0	282,000000E+0	11,900000E+0
13	506,000000E+0	176,079330E+3	8,473000E+0	419,000000E+0	12,000000E+0
14	618,000000E+0	176,160030E+3	9,160000E+0	576,000000E+0	11,900000E+0
15	745,000000E+0	176,262250E+3	9,389000E+0	749,000000E+0	11,900000E+0
16	787,000000E+0	8,070000E+0	10,076000E+0	938,000000E+0	11,800000E+0
17	843,000000E+0	72,630000E+0	9,618000E+0	1,127000E+3	11,800000E+0
18	794,000000E+0	64,560000E+0	9,618000E+0	1,318000E+3	11,800000E+0
19	703,000000E+0	5,380000E+0	9,389000E+0	1,502000E+3	11,900000E+0
20	590,000000E+0	176,246110E+3	8,473000E+0	1,664000E+3	11,900000E+0
21	464,000000E+0	176,240730E+3	7,328000E+0	1,800000E+3	11,900000E+0
22	344,000000E+0	176,267630E+3	5,038000E+0	1,899000E+3	11,900000E+0
23	225,000000E+0	24,210000E+0	2,977000E+0	1,961000E+3	11,900000E+0
24	98,000000E+0	99,530000E+0	229,000000E-3	1,985000E+3	11,900000E+0
25	65,486000E+3	75,320000E+0	-1,374000E+0	1,975000E+3	11,900000E+0
26	65,332000E+3	121,050000E+0	-3,893000E+0	1,926000E+3	11,900000E+0
27	65,205000E+3	156,020000E+0	-6,183000E+0	1,836000E+3	11,900000E+0
28	65,107000E+3	204,440000E+0	-8,015000E+0	1,714000E+3	12,000000E+0
29	64,959000E+3	142,570000E+0	-8,473000E+0	1,573000E+3	11,900000E+0
30	64,846000E+3	56,490000E+0	-9,160000E+0	1,410000E+3	11,900000E+0
31	64,734000E+3	176,248800E+3	-9,618000E+0	1,232000E+3	11,900000E+0
32	64,727000E+3	176,219210E+3	-10,534000E+0	1,039000E+3	11,900000E+0
33	64,741000E+3	176,232660E+3	-10,305000E+0	844,000000E+0	11,800000E+0
34	64,790000E+3	176,259560E+3	-10,076000E+0	659,000000E+0	11,900000E+0
35	64,882000E+3	176,289150E+3	-9,389000E+0	482,000000E+0	11,900000E+0
36	65,008000E+3	29,590000E+0	-8,473000E+0	329,000000E+0	11,900000E+0
37	65,135000E+3	29,590000E+0	-6,641000E+0	206,000000E+0	11,900000E+0
38	65,240000E+3	0,000000E+0	-4,122000E+0	123,000000E+0	11,900000E+0
39	65,360000E+3	176,238040E+3	-1,832000E+0	73,000000E+0	11,900000E+0
40	65,514000E+3	176,251490E+3	0,000000E+0	58,000000E+0	11,900000E+0
41	119,000000E+0	176,189620E+3	2,519000E+0	84,000000E+0	11,900000E+0
42	239,000000E+0	176,149270E+3	4,809000E+0	152,000000E+0	11,900000E+0
43	344,000000E+0	176,076640E+3	6,870000E+0	254,000000E+0	11,900000E+0
44	471,000000E+0	176,068570E+3	8,473000E+0	384,000000E+0	12,000000E+0
45	590,000000E+0	176,130440E+3	8,931000E+0	534,000000E+0	11,900000E+0
46	710,000000E+0	176,221900E+3	9,847000E+0	706,000000E+0	11,900000E+0
47	794,000000E+0	2,690000E+0	9,618000E+0	890,000000E+0	11,900000E+0
48	843,000000E+0	67,250000E+0	9,847000E+0	1,081000E+3	11,800000E+0
49	808,000000E+0	59,180000E+0	9,847000E+0	1,273000E+3	11,900000E+0
50	724,000000E+0	18,830000E+0	9,847000E+0	1,459000E+3	11,900000E+0
51	611,000000E+0	176,254180E+3	8,931000E+0	1,627000E+3	11,900000E+0
52	485,000000E+0	176,235350E+3	7,786000E+0	1,769000E+3	11,900000E+0
53	372,000000E+0	176,267630E+3	5,725000E+0	1,876000E+3	11,900000E+0
54	253,000000E+0	8,070000E+0	3,435000E+0	1,950000E+3	11,900000E+0
55	126,000000E+0	67,250000E+0	916,000000E-3	1,984000E+3	11,900000E+0
56	65,514000E+3	51,110000E+0	-916,000000E-3	1,982000E+3	11,900000E+0
57	65,360000E+3	110,290000E+0	-3,435000E+0	1,942000E+3	11,900000E+0
58	65,240000E+3	147,950000E+0	-5,267000E+0	1,861000E+3	11,900000E+0
59	65,135000E+3	204,440000E+0	-7,786000E+0	1,747000E+3	11,900000E+0
60	65,001000E+3	177,540000E+0	-8,702000E+0	1,610000E+3	11,900000E+0
61	64,875000E+3	78,010000E+0	-9,160000E+0	1,453000E+3	11,900000E+0
62	64,769000E+3	176,278390E+3	-9,618000E+0	1,278000E+3	11,900000E+0
63	64,706000E+3	176,208450E+3	-9,847000E+0	1,091000E+3	11,900000E+0
64	64,727000E+3	176,205760E+3	-10,534000E+0	896,000000E+0	11,800000E+0
65	64,790000E+3	176,254180E+3	-10,305000E+0	702,000000E+0	11,800000E+0
66	64,853000E+3	176,273010E+3	-9,160000E+0	525,000000E+0	11,900000E+0
67	64,966000E+3	8,070000E+0	-8,473000E+0	365,000000E+0	11,900000E+0
68	65,100000E+3	26,900000E+0	-7,099000E+0	234,000000E+0	11,900000E+0
69	65,219000E+3	8,070000E+0	-4,809000E+0	139,000000E+0	11,900000E+0
70	65,325000E+3	176,248800E+3	-2,290000E+0	82,000000E+0	11,900000E+0
71	65,458000E+3	176,186930E+3	0,000000E+0	60,000000E+0	11,900000E+0
72	77,000000E+0	176,205760E+3	1,832000E+0	77,000000E+0	11,900000E+0
73	203,000000E+0	176,162720E+3	4,122000E+0	132,000000E+0	11,900000E+0
74	316,000000E+0	176,095470E+3	6,412000E+0	226,000000E+0	11,900000E+0
75	442,000000E+0	176,060500E+3	7,786000E+0	348,000000E+0	12,000000E+0
76	576,000000E+0	176,125060E+3	8,473000E+0	494,000000E+0	11,900000E+0
77	696,000000E+0	176,211140E+3	9,160000E+0	660,000000E+0	11,900000E+0
78	759,000000E+0	176,281080E+3	10,305000E+0	845,000000E+0	11,900000E+0
79	794,000000E+0	13,450000E+0	10,534000E+0	1,037000E+3	11,900000E+0
80	822,000000E+0	75,320000E+0	9,847000E+0	1,223000E+3	11,900000E+0
81	738,000000E+0	34,970000E+0	9,847000E+0	1,413000E+3	11,800000E+0
82	639,000000E+0	176,273010E+3	9,389000E+0	1,586000E+3	11,900000E+0
83	513,000000E+0	176,238040E+3	8,015000E+0	1,736000E+3	11,900000E+0
84	407,000000E+0	176,251490E+3	6,183000E+0	1,852000E+3	11,900000E+0
85	281,000000E+0	0,000000E+0	4,122000E+0	1,936000E+3	11,900000E+0
86	161,000000E+0	53,800000E+0	1,603000E+0	1,978000E+3	11,900000E+0
87	0,000000E+0	37,660000E+0	-229,000000E-3	1,987000E+3	11,900000E+0
88	65,395000E+3	99,530000E+0	-2,977000E+0	1,955000E+3	11,900000E+0
89	65,275000E+3	145,260000E+0	-5,038000E+0	1,885000E+3	11,900000E+0
90	65,156000E+3	190,990000E+0	-7,328000E+0	1,780000E+3	11,900000E+0
91	65,036000E+3	180,230000E+0	-8,473000E+0	1,647000E+3	11,900000E+0
92	64,903000E+3	94,150000E+0	-8,931000E+0	1,494000E+3	11,900000E+0
93	64,811000E+3	16,140000E+0	-9,847000E+0	1,319000E+3	11,900000E+0
94	64,713000E+3	176,219210E+3	-9,618000E+0	1,138000E+3	11,800000E+0
95	64,692000E+3	176,197690E+3	-9,618000E+0	946,000000E+0	11,800000E+0
96	64,741000E+3	176,232660E+3	-10,305000E+0	752,000000E+0	11,900000E+0
97	64,825000E+3	176,273010E+3	-9,389000E+0	569,000000E+0	11,900000E+0
98	64,938000E+3	0,000000E+0	-8,702000E+0	403,000000E+0	11,900000E+0
99	65,071000E+3	26,900000E+0	-7,557000E+0	264,000000E+0	11,900000E+0
100	65,177000E+3	13,450000E+0	-5,496000E+0	160,000000E+0	11,900000E+0
101	65,296000E+3	176,262250E+3	-2,977000E+0	92,000000E+0	11,900000E+0
102	65,430000E+3	176,208450E+3	-687,000000E-3	62,000000E+0	11,900000E+0
103	42,000000E+0	176,219210E+3	1,145000E+0	68,000000E+0	11,900000E+0
104	182,000000E+0	176,176170E+3	3,435000E+0	114,000000E+0	11,900000E+0
105	302,000000E+0	176,119680E+3	5,496000E+0	197,000000E+0	11,900000E+0
106	414,000000E+0	176,060500E+3	7,557000E+0	316,000000E+0	12,000000E+0
107	541,000000E+0	176,095470E+3	8,473000E+0	456,000000E+0	12,000000E+0
108	660,000000E+0	176,192310E+3	8,931000E+0	617,000000E+0	11,900000E+0
109	731,000000E+0	176,259560E+3	9,847000E+0	796,000000E+0	11,900000E+0
110	808,000000E+0	37,660000E+0	10,076000E+0	983,000000E+0	11,800000E+0
111	815,000000E+0	64,560000E+0	10,076000E+0	1,177000E+3	11,800000E+0
112	766,000000E+0	32,280000E+0	9,847000E+0	1,367000E+3	11,800000E+0
113	667,000000E+0	176,289150E+3	9,618000E+0	1,544000E+3	11,900000E+0
114	555,000000E+0	176,246110E+3	8,244000E+0	1,700000E+3	11,900000E+0
115	435,000000E+0	176,243420E+3	6,870000E+0	1,827000E+3	11,900000E+0
116	316,000000E+0	176,278390E+3	4,580000E+0	1,918000E+3	11,900000E+0
117	196,000000E+0	37,660000E+0	2,290000E+0	1,972000E+3	11,900000E+0
118	42,000000E+0	48,420000E+0	0,000000E+0	1,989000E+3	11,900000E+0
119	65,444000E+3	86,080000E+0	-2,290000E+0	1,967000E+3	11,900000E+0
120	65,303000E+3	131,810000E+0	-4,580000E+0	1,906000E+3	11,900000E+0
121	65,198000E+3	174,850000E+0	-7,099000E+0	1,808000E+3	11,900000E+0
122	65,078000E+3	201,750000E+0	-8,244000E+0	1,681000E+3	12,000000E+0
123	64,924000E+3	126,430000E+0	-8,473000E+0	1,534000E+3	12,000000E+0
124	64,825000E+3	29,590000E+0	-9,389000E+0	1,367000E+3	11,900000E+0
125	64,734000E+3	176,238040E+3	-9,847000E+0	1,184000E+3	11,900000E+0
126	64,692000E+3	176,203070E+3	-9,847000E+0	993,000000E+0	11,800000E+0
127	64,755000E+3	176,224590E+3	-10,305000E+0	798,000000E+0	11,800000E+0
128	64,811000E+3	176,243420E+3	-9,847000E+0	614,000000E+0	11,800000E+0
129	64,917000E+3	0,000000E+0	-8,931000E+0	442,000000E+0	11,900000E+0
130	65,022000E+3	24,210000E+0	-7,786000E+0	297,000000E+0	11,900000E+0
131	65,156000E+3	16,140000E+0	-5,954000E+0	182,000000E+0	11,900000E+0
132	65,275000E+3	176,264940E+3	-3,664000E+0	106,000000E+0	11,900000E+0
133	65,395000E+3	176,227280E+3	-1,145000E+0	66,000000E+0	11,900000E+0
134	14,000000E+0	176,232660E+3	687,000000E-3	62,000000E+0	11,900000E+0
135	147,000000E+0	176,195000E+3	3,206000E+0	98,000000E+0	11,900000E+0
136	274,000000E+0	176,135820E+3	5,267000E+0	174,000000E+0	11,900000E+0
137	372,000000E+0	176,060500E+3	7,328000E+0	285,000000E+0	11,900000E+0
138	513,000000E+0	176,095470E+3	8,015000E+0	417,000000E+0	12,000000E+0
139	632,000000E+0	176,165410E+3	8,931000E+0	575,000000E+0	12,000000E+0
140	738,000000E+0	176,254180E+3	9,389000E+0	750,000000E+0	11,900000E+0
141	801,000000E+0	21,520000E+0	9,618000E+0	937,000000E+0	11,800000E+0
142	822,000000E+0	48,420000E+0	9,847000E+0	1,130000E+3	11,800000E+0
143	794,000000E+0	69,940000E+0	9,847000E+0	1,317000E+3	11,800000E+0
144	689,000000E+0	0,000000E+0	9,389000E+0	1,501000E+3	11,900000E+0
145	590,000000E+0	176,251490E+3	8,473000E+0	1,663000E+3	11,900000E+0
146	457,000000E+0	176,238040E+3	7,328000E+0	1,800000E+3	11,900000E+0
147	344,000000E+0	176,273010E+3	5,038000E+0	1,897000E+3	11,900000E+0
148	225,000000E+0	26,900000E+0	2,748000E+0	1,960000E+3	11,900000E+0
149	98,000000E+0	94,150000E+0	229,000000E-3	1,985000E+3	11,900000E+0
150	65,486000E+3	69,940000E+0	-1,374000E+0	1,975000E+3	11,900000E+0
151	65,332000E+3	115,670000E+0	-3,893000E+0	1,926000E+3	11,900000E+0
152	65,212000E+3	153,330000E+0	-6,183000E+0	1,836000E+3	11,900000E+0
153	65,135000E+3	220,580000E+0	-8,702000E+0	1,712000E+3	12,000000E+0
154	64,959000E+3	145,260000E+0	-8,473000E+0	1,573000E+3	12,000000E+0
155	64,839000E+3	56,490000E+0	-8,931000E+0	1,410000E+3	11,900000E+0
156	64,727000E+3	176,240730E+3	-9,160000E+0	1,233000E+3	11,800000E+0
157	64,699000E+3	176,208450E+3	-10,076000E+0	1,041000E+3	11,900000E+0
158	64,720000E+3	176,219210E+3	-9,847000E+0	847,000000E+0	11,800000E+0
159	64,790000E+3	176,259560E+3	-10,076000E+0	658,000000E+0	11,900000E+0
160	64,875000E+3	176,283770E+3	-8,931000E+0	485,000000E+0	11,900000E+0
161	65,001000E+3	24,210000E+0	-8,244000E+0	330,000000E+0	11,900000E+0
162	65,121000E+3	29,590000E+0	-6,412000E+0	207,000000E+0	11,900000E+0
163	65,240000E+3	0,000000E+0	-4,122000E+0	122,000000E+0	11,900000E+0
164	65,360000E+3	176,232660E+3	-1,832000E+0	73,000000E+0	11,900000E+0
165	65,514000E+3	176,246110E+3	0,000000E+0	59,000000E+0	11,900000E+0
166	119,000000E+0	176,186930E+3	2,519000E+0	84,000000E+0	11,900000E+0
167	239,000000E+0	176,143890E+3	4,809000E+0	153,000000E+0	11,900000E+0
168	351,000000E+0	176,079330E+3	6,641000E+0	254,000000E+0	12,000000E+0
169	478,000000E+0	176,079330E+3	8,015000E+0	382,000000E+0	11,900000E+0
170	618,000000E+0	176,149270E+3	8,244000E+0	532,000000E+0	11,900000E+0
171	738,000000E+0	176,246110E+3	8,931000E+0	702,000000E+0	11,900000E+0
172	780,000000E+0	2,690000E+0	9,847000E+0	891,000000E+0	11,900000E+0
173	822,000000E+0	43,040000E+0	10,305000E+0	1,084000E+3	11,800000E+0
174	808,000000E+0	59,180000E+0	9,847000E+0	1,273000E+3	11,800000E+0
175	717,000000E+0	26,900000E+0	9,618000E+0	1,458000E+3	11,900000E+0
176	611,000000E+0	176,259560E+3	8,931000E+0	1,627000E+3	11,900000E+0
177	478,000000E+0	176,235350E+3	8,015000E+0	1,770000E+3	11,900000E+0
178	365,000000E+0	176,267630E+3	5,725000E+0	1,876000E+3	11,900000E+0
179	253,000000E+0	8,070000E+0	3,435000E+0	1,949000E+3	11,900000E+0
180	126,000000E+0	69,940000E+0	1,145000E+0	1,984000E+3	11,900000E+0
181	65,507000E+3	51,110000E+0	-687,000000E-3	1,983000E+3	12,000000E+0
182	65,367000E+3	115,670000E+0	-3,664000E+0	1,941000E+3	11,900000E+0
183	65,254000E+3	153,330000E+0	-5,725000E+0	1,859000E+3	11,900000E+0
184	65,121000E+3	196,370000E+0	-7,328000E+0	1,749000E+3	12,000000E+0
185	64,980000E+3	158,710000E+0	-8,015000E+0	1,613000E+3	11,900000E+0
186	64,868000E+3	67,250000E+0	-8,931000E+0	1,455000E+3	11,900000E+0
187	64,762000E+3	176,270320E+3	-9,618000E+0	1,279000E+3	11,900000E+0
188	64,706000E+3	176,208450E+3	-9,847000E+0	1,091000E+3	11,900000E+0
189	64,699000E+3	176,200380E+3	-9,847000E+0	897,000000E+0	11,900000E+0
190	64,755000E+3	176,232660E+3	-9,618000E+0	706,000000E+0	11,800000E+0
191	64,861000E+3	176,267630E+3	-9,160000E+0	526,000000E+0	11,900000E+0
192	64,966000E+3	8,070000E+0	-8,473000E+0	367,000000E+0	11,900000E+0
193	65,093000E+3	26,900000E+0	-7,099000E+0	235,000000E+0	11,900000E+0
194	65,212000E+3	2,690000E+0	-4,809000E+0	140,000000E+0	11,900000E+0
195	65,325000E+3	176,246110E+3	-2,519000E+0	82,000000E+0	11,900000E+0
196	65,465000E+3	176,186930E+3	-229,000000E-3	60,000000E+0	11,900000E+0
197	77,000000E+0	176,205760E+3	1,603000E+0	77,000000E+0	11,900000E+0
198	196,000000E+0	176,151960E+3	4,351000E+0	133,000000E+0	11,900000E+0
199	323,000000E+0	176,106230E+3	6,183000E+0	225,000000E+0	11,900000E+0
200	450,000000E+0	176,065880E+3	7,786000E+0	348,000000E+0	11,900000E+0
201	576,000000E+0	176,135820E+3	8,473000E+0	492,000000E+0	12,000000E+0
202	682,000000E+0	176,208450E+3	9,389000E+0	660,000000E+0	11,900000E+0
203	787,000000E+0	0,000000E+0	9,389000E+0	841,000000E+0	11,900000E+0
204	829,000000E+0	48,420000E+0	9,847000E+0	1,032000E+3	11,900000E+0
205	815,000000E+0	75,320000E+0	10,076000E+0	1,225000E+3	11,800000E+0
206	738,000000E+0	26,900000E+0	10,076000E+0	1,415000E+3	11,800000E+0
207	646,000000E+0	176,278390E+3	9,160000E+0	1,585000E+3	11,900000E+0
208	520,000000E+0	176,232660E+3	7,786000E+0	1,735000E+3	11,900000E+0
209	414,000000E+0	176,254180E+3	6,183000E+0	1,851000E+3	11,900000E+0
210	281,000000E+0	0,000000E+0	4,122000E+0	1,935000E+3	11,900000E+0
211	161,000000E+0	56,490000E+0	1,603000E+0	1,979000E+3	11,900000E+0
212	0,000000E+0	40,350000E+0	-229,000000E-3	1,988000E+3	11,900000E+0
213	65,402000E+3	107,600000E+0	-2,977000E+0	1,954000E+3	11,900000E+0
214	65,275000E+3	145,260000E+0	-5,038000E+0	1,884000E+3	11,900000E+0
215	65,163000E+3	201,750000E+0	-7,328000E+0	1,779000E+3	11,900000E+0
216	65,036000E+3	180,230000E+0	-8,473000E+0	1,647000E+3	12,000000E+0
217	64,903000E+3	91,460000E+0	-8,931000E+0	1,494000E+3	11,900000E+0
218	64,804000E+3	18,830000E+0	-9,618000E+0	1,319000E+3	11,900000E+0
219	64,713000E+3	176,219210E+3	-9,618000E+0	1,137000E+3	11,800000E+0
220	64,685000E+3	176,195000E+3	-9,389000E+0	947,000000E+0	11,800000E+0
221	64,755000E+3	176,238040E+3	-10,534000E+0	750,000000E+0	11,800000E+0
222	64,832000E+3	176,270320E+3	-9,389000E+0	569,000000E+0	11,900000E+0
223	64,931000E+3	0,000000E+0	-8,473000E+0	404,000000E+0	11,900000E+0
224	65,071000E+3	29,590000E+0	-7,557000E+0	264,000000E+0	11,900000E+0
225	65,177000E+3	16,140000E+0	-5,496000E+0	160,000000E+0	11,900000E+0
226	65,296000E+3	176,259560E+3	-2,977000E+0	92,000000E+0	11,900000E+0
227	65,430000E+3	176,205760E+3	-687,000000E-3	62,000000E+0	11,900000E+0
228	42,000000E+0	176,216520E+3	1,145000E+0	68,000000E+0	11,900000E+0
229	182,000000E+0	176,176170E+3	3,435000E+0	114,000000E+0	11,900000E+0
230	302,000000E+0	176,114300E+3	5,725000E+0	198,000000E+0	12,000000E+0
231	414,000000E+0	176,052430E+3	7,786000E+0	317,000000E+0	11,900000E+0
232	520,000000E+0	176,090090E+3	8,931000E+0	458,000000E+0	12,000000E+0
233	660,000000E+0	176,197690E+3	8,931000E+0	617,000000E+0	11,900000E+0
234	738,000000E+0	176,256870E+3	9,847000E+0	796,000000E+0	11,900000E+0
235	801,000000E+0	16,140000E+0	10,305000E+0	986,000000E+0	11,900000E+0
236	829,000000E+0	75,320000E+0	9,847000E+0	1,176000E+3	11,800000E+0
237	752,000000E+0	32,280000E+0	10,076000E+0	1,367000E+3	11,800000E+0
238	682,000000E+0	176,289150E+3	9,160000E+0	1,543000E+3	11,900000E+0
239	548,000000E+0	176,243420E+3	8,244000E+0	1,700000E+3	11,900000E+0
240	428,000000E+0	176,240730E+3	7,099000E+0	1,827000E+3	11,900000E+0
241	316,000000E+0	176,278390E+3	4,580000E+0	1,917000E+3	11,900000E+0
242	189,000000E+0	37,660000E+0	2,290000E+0	1,972000E+3	11,900000E+0
243	42,000000E+0	51,110000E+0	0,000000E+0	1,989000E+3	11,900000E+0
244	65,437000E+3	86,080000E+0	-2,061000E+0	1,967000E+3	11,900000E+0
245	65,296000E+3	129,120000E+0	-4,351000E+0	1,906000E+3	11,900000E+0
246	65,191000E+3	177,540000E+0	-6,870000E+0	1,808000E+3	11,900000E+0
247	65,078000E+3	209,820000E+0	-8,244000E+0	1,680000E+3	12,000000E+0
248	64,924000E+3	123,740000E+0	-8,473000E+0	1,534000E+3	11,900000E+0
249	64,825000E+3	32,280000E+0	-9,389000E+0	1,366000E+3	11,900000E+0
250	64,734000E+3	176,243420E+3	-9,847000E+0	1,184000E+3	11,900000E+0
