vendredi 12 janvier 2024	12:18:43	Sampling Period : 40  ms		
Unities: time [sample], PWM [raw], Current [mA], velocity [rev/min], Position [pulse], Present Input Voltage [V]

t	DXL_PWM		DXL_Current		DXL_Velocity		DXL_Position		DXL_Input_Voltage
0	14,000000E+0	2,690000E+0	0,000000E+0	1,022000E+3	11,900000E+0
1	485,000000E+0	78,010000E+0	3,435000E+0	1,054000E+3	11,800000E+0
2	506,000000E+0	61,870000E+0	6,183000E+0	1,149000E+3	11,900000E+0
3	492,000000E+0	88,770000E+0	6,641000E+0	1,246000E+3	11,800000E+0
4	506,000000E+0	99,530000E+0	7,557000E+0	1,336000E+3	11,800000E+0
5	492,000000E+0	166,780000E+0	7,099000E+0	1,426000E+3	11,800000E+0
6	513,000000E+0	228,650000E+0	6,870000E+0	1,507000E+3	11,800000E+0
7	464,000000E+0	193,680000E+0	6,641000E+0	1,589000E+3	11,800000E+0
8	485,000000E+0	239,410000E+0	5,267000E+0	1,660000E+3	11,800000E+0
9	457,000000E+0	255,550000E+0	4,809000E+0	1,728000E+3	11,800000E+0
10	435,000000E+0	293,210000E+0	3,893000E+0	1,787000E+3	11,800000E+0
11	421,000000E+0	290,520000E+0	3,435000E+0	1,840000E+3	11,800000E+0
12	365,000000E+0	317,420000E+0	2,748000E+0	1,887000E+3	11,800000E+0
13	330,000000E+0	279,760000E+0	2,290000E+0	1,921000E+3	11,800000E+0
14	274,000000E+0	263,620000E+0	1,832000E+0	1,949000E+3	11,800000E+0
15	239,000000E+0	287,830000E+0	916,000000E-3	1,965000E+3	11,900000E+0
16	232,000000E+0	293,210000E+0	0,000000E+0	1,968000E+3	11,800000E+0
17	154,000000E+0	217,890000E+0	0,000000E+0	1,970000E+3	11,900000E+0
18	49,000000E+0	104,910000E+0	-229,000000E-3	1,966000E+3	11,900000E+0
19	65,479000E+3	78,010000E+0	-1,145000E+0	1,954000E+3	11,900000E+0
20	65,437000E+3	104,910000E+0	-2,061000E+0	1,921000E+3	11,900000E+0
21	65,402000E+3	96,840000E+0	-2,748000E+0	1,880000E+3	11,900000E+0
22	65,346000E+3	64,560000E+0	-2,748000E+0	1,833000E+3	11,900000E+0
23	65,325000E+3	59,180000E+0	-3,664000E+0	1,775000E+3	11,900000E+0
24	65,275000E+3	53,800000E+0	-3,664000E+0	1,711000E+3	11,900000E+0
25	65,233000E+3	45,730000E+0	-4,122000E+0	1,641000E+3	11,900000E+0
26	65,184000E+3	32,280000E+0	-4,809000E+0	1,565000E+3	11,900000E+0
27	65,149000E+3	26,900000E+0	-5,267000E+0	1,484000E+3	11,900000E+0
28	65,142000E+3	34,970000E+0	-6,183000E+0	1,393000E+3	11,900000E+0
29	65,121000E+3	34,970000E+0	-6,641000E+0	1,301000E+3	11,900000E+0
30	65,100000E+3	26,900000E+0	-7,328000E+0	1,207000E+3	11,900000E+0
31	65,086000E+3	0,000000E+0	-7,328000E+0	1,112000E+3	11,900000E+0
32	65,050000E+3	176,273010E+3	-7,099000E+0	1,017000E+3	11,900000E+0
33	65,071000E+3	176,248800E+3	-7,099000E+0	919,000000E+0	11,900000E+0
34	65,050000E+3	176,232660E+3	-6,870000E+0	825,000000E+0	11,900000E+0
35	65,050000E+3	176,213830E+3	-6,870000E+0	732,000000E+0	11,900000E+0
36	65,050000E+3	176,181550E+3	-6,870000E+0	642,000000E+0	11,800000E+0
37	65,057000E+3	176,106230E+3	-6,641000E+0	557,000000E+0	11,800000E+0
38	65,043000E+3	176,071260E+3	-5,496000E+0	480,000000E+0	11,800000E+0
39	65,071000E+3	176,025530E+3	-5,725000E+0	403,000000E+0	11,800000E+0
40	65,086000E+3	176,014770E+3	-4,809000E+0	335,000000E+0	11,800000E+0
41	65,114000E+3	176,004010E+3	-4,122000E+0	272,000000E+0	11,800000E+0
42	65,121000E+3	175,982490E+3	-3,435000E+0	220,000000E+0	11,800000E+0
43	65,170000E+3	175,982490E+3	-2,977000E+0	172,000000E+0	11,800000E+0
44	65,205000E+3	175,955590E+3	-1,832000E+0	135,000000E+0	11,800000E+0
45	65,240000E+3	176,001320E+3	-1,603000E+0	105,000000E+0	11,800000E+0
46	65,296000E+3	176,030910E+3	-687,000000E-3	84,000000E+0	11,900000E+0
47	65,339000E+3	176,020150E+3	-229,000000E-3	74,000000E+0	11,900000E+0
48	65,388000E+3	176,065880E+3	0,000000E+0	74,000000E+0	11,900000E+0
49	65,479000E+3	176,184240E+3	229,000000E-3	76,000000E+0	11,900000E+0
50	42,000000E+0	176,184240E+3	1,145000E+0	88,000000E+0	11,900000E+0
51	84,000000E+0	176,168100E+3	1,603000E+0	117,000000E+0	11,900000E+0
52	119,000000E+0	176,173480E+3	2,290000E+0	155,000000E+0	11,900000E+0
53	175,000000E+0	176,173480E+3	2,519000E+0	200,000000E+0	11,900000E+0
54	217,000000E+0	176,189620E+3	2,977000E+0	255,000000E+0	11,900000E+0
55	253,000000E+0	176,211140E+3	3,664000E+0	319,000000E+0	11,900000E+0
56	288,000000E+0	176,232660E+3	4,122000E+0	388,000000E+0	11,900000E+0
57	358,000000E+0	176,262250E+3	4,351000E+0	459,000000E+0	11,900000E+0
58	393,000000E+0	176,278390E+3	4,809000E+0	541,000000E+0	11,900000E+0
59	414,000000E+0	176,289150E+3	5,725000E+0	629,000000E+0	11,900000E+0
60	435,000000E+0	0,000000E+0	6,183000E+0	720,000000E+0	11,900000E+0
61	450,000000E+0	0,000000E+0	6,870000E+0	814,000000E+0	11,900000E+0
62	464,000000E+0	24,210000E+0	6,870000E+0	910,000000E+0	11,900000E+0
63	485,000000E+0	24,210000E+0	7,099000E+0	1,006000E+3	11,900000E+0
64	485,000000E+0	37,660000E+0	7,328000E+0	1,103000E+3	11,900000E+0
65	499,000000E+0	43,040000E+0	7,557000E+0	1,198000E+3	11,900000E+0
66	499,000000E+0	64,560000E+0	7,328000E+0	1,291000E+3	11,800000E+0
67	492,000000E+0	126,430000E+0	7,328000E+0	1,381000E+3	11,800000E+0
68	492,000000E+0	182,920000E+0	7,099000E+0	1,468000E+3	11,800000E+0
69	499,000000E+0	215,200000E+0	6,412000E+0	1,548000E+3	11,800000E+0
70	485,000000E+0	274,380000E+0	5,496000E+0	1,624000E+3	11,800000E+0
71	471,000000E+0	252,860000E+0	5,267000E+0	1,696000E+3	11,800000E+0
72	435,000000E+0	263,620000E+0	4,809000E+0	1,760000E+3	11,800000E+0
73	414,000000E+0	266,310000E+0	4,122000E+0	1,815000E+3	11,800000E+0
74	372,000000E+0	277,070000E+0	3,893000E+0	1,866000E+3	11,800000E+0
75	344,000000E+0	250,170000E+0	2,977000E+0	1,905000E+3	11,800000E+0
76	288,000000E+0	242,100000E+0	2,519000E+0	1,939000E+3	11,800000E+0
77	260,000000E+0	244,790000E+0	1,374000E+0	1,958000E+3	11,800000E+0
78	232,000000E+0	266,310000E+0	458,000000E-3	1,968000E+3	11,900000E+0
79	196,000000E+0	274,380000E+0	0,000000E+0	1,970000E+3	11,900000E+0
80	98,000000E+0	129,120000E+0	0,000000E+0	1,971000E+3	11,900000E+0
81	65,521000E+3	80,700000E+0	-687,000000E-3	1,963000E+3	11,900000E+0
82	65,472000E+3	83,390000E+0	-2,061000E+0	1,937000E+3	11,900000E+0
83	65,423000E+3	110,290000E+0	-2,519000E+0	1,901000E+3	11,900000E+0
84	65,388000E+3	91,460000E+0	-3,206000E+0	1,857000E+3	11,900000E+0
85	65,346000E+3	83,390000E+0	-3,664000E+0	1,804000E+3	11,900000E+0
86	65,311000E+3	72,630000E+0	-4,122000E+0	1,744000E+3	11,900000E+0
87	65,261000E+3	69,940000E+0	-4,809000E+0	1,675000E+3	11,900000E+0
88	65,233000E+3	59,180000E+0	-5,267000E+0	1,599000E+3	11,900000E+0
89	65,184000E+3	43,040000E+0	-5,496000E+0	1,521000E+3	11,900000E+0
90	65,170000E+3	40,350000E+0	-6,183000E+0	1,436000E+3	11,900000E+0
91	65,135000E+3	32,280000E+0	-6,412000E+0	1,348000E+3	11,900000E+0
92	65,107000E+3	29,590000E+0	-6,870000E+0	1,255000E+3	11,900000E+0
93	65,086000E+3	10,760000E+0	-7,099000E+0	1,160000E+3	11,900000E+0
94	65,078000E+3	0,000000E+0	-7,099000E+0	1,063000E+3	11,900000E+0
95	65,064000E+3	176,273010E+3	-7,099000E+0	968,000000E+0	11,900000E+0
96	65,050000E+3	176,254180E+3	-7,099000E+0	872,000000E+0	11,900000E+0
97	65,036000E+3	176,232660E+3	-6,870000E+0	780,000000E+0	11,900000E+0
98	65,043000E+3	176,221900E+3	-7,099000E+0	688,000000E+0	11,800000E+0
99	65,057000E+3	176,143890E+3	-7,328000E+0	598,000000E+0	11,900000E+0
100	65,071000E+3	176,095470E+3	-6,641000E+0	515,000000E+0	11,800000E+0
101	65,078000E+3	176,079330E+3	-6,183000E+0	438,000000E+0	11,800000E+0
102	65,086000E+3	176,068570E+3	-5,496000E+0	367,000000E+0	11,800000E+0
103	65,107000E+3	176,057810E+3	-5,038000E+0	301,000000E+0	11,800000E+0
104	65,135000E+3	176,055120E+3	-4,351000E+0	242,000000E+0	11,800000E+0
105	65,156000E+3	176,033600E+3	-3,435000E+0	193,000000E+0	11,800000E+0
106	65,198000E+3	176,006700E+3	-2,977000E+0	150,000000E+0	11,800000E+0
107	65,233000E+3	176,012080E+3	-2,061000E+0	118,000000E+0	11,800000E+0
108	65,268000E+3	176,020150E+3	-1,603000E+0	92,000000E+0	11,900000E+0
109	65,325000E+3	176,017460E+3	-916,000000E-3	77,000000E+0	11,900000E+0
110	65,360000E+3	176,025530E+3	0,000000E+0	74,000000E+0	11,900000E+0
111	65,430000E+3	176,141200E+3	0,000000E+0	74,000000E+0	11,900000E+0
112	0,000000E+0	176,162720E+3	458,000000E-3	80,000000E+0	11,900000E+0
113	56,000000E+0	176,178860E+3	1,374000E+0	102,000000E+0	11,900000E+0
114	105,000000E+0	176,186930E+3	2,061000E+0	135,000000E+0	11,900000E+0
115	140,000000E+0	176,186930E+3	2,977000E+0	178,000000E+0	11,900000E+0
116	182,000000E+0	176,195000E+3	3,435000E+0	229,000000E+0	11,900000E+0
117	217,000000E+0	176,200380E+3	4,351000E+0	289,000000E+0	11,900000E+0
118	260,000000E+0	176,211140E+3	4,580000E+0	354,000000E+0	11,900000E+0
119	295,000000E+0	176,246110E+3	5,496000E+0	427,000000E+0	11,900000E+0
120	344,000000E+0	176,240730E+3	5,725000E+0	504,000000E+0	11,900000E+0
121	379,000000E+0	176,256870E+3	5,954000E+0	588,000000E+0	11,900000E+0
122	400,000000E+0	176,262250E+3	6,641000E+0	677,000000E+0	11,900000E+0
123	442,000000E+0	176,270320E+3	6,641000E+0	767,000000E+0	11,900000E+0
124	450,000000E+0	0,000000E+0	6,870000E+0	862,000000E+0	11,900000E+0
125	471,000000E+0	16,140000E+0	7,099000E+0	958,000000E+0	11,900000E+0
126	492,000000E+0	26,900000E+0	7,099000E+0	1,053000E+3	11,900000E+0
127	499,000000E+0	45,730000E+0	7,099000E+0	1,150000E+3	11,900000E+0
128	499,000000E+0	59,180000E+0	7,099000E+0	1,244000E+3	11,900000E+0
129	506,000000E+0	94,150000E+0	7,328000E+0	1,336000E+3	11,900000E+0
130	506,000000E+0	185,610000E+0	7,328000E+0	1,425000E+3	11,800000E+0
131	499,000000E+0	225,960000E+0	6,870000E+0	1,508000E+3	11,800000E+0
132	478,000000E+0	252,860000E+0	6,412000E+0	1,588000E+3	11,800000E+0
133	478,000000E+0	247,480000E+0	5,725000E+0	1,661000E+3	11,800000E+0
134	450,000000E+0	274,380000E+0	5,267000E+0	1,728000E+3	11,800000E+0
135	428,000000E+0	287,830000E+0	4,809000E+0	1,789000E+3	11,800000E+0
136	400,000000E+0	255,550000E+0	4,351000E+0	1,843000E+3	11,800000E+0
137	351,000000E+0	266,310000E+0	3,435000E+0	1,888000E+3	11,800000E+0
138	316,000000E+0	244,790000E+0	2,748000E+0	1,923000E+3	11,800000E+0
139	274,000000E+0	252,860000E+0	1,832000E+0	1,949000E+3	11,800000E+0
140	246,000000E+0	258,240000E+0	687,000000E-3	1,964000E+3	11,800000E+0
141	217,000000E+0	317,420000E+0	0,000000E+0	1,969000E+3	11,900000E+0
142	161,000000E+0	217,890000E+0	0,000000E+0	1,969000E+3	11,900000E+0
143	49,000000E+0	104,910000E+0	-229,000000E-3	1,967000E+3	11,900000E+0
144	65,479000E+3	78,010000E+0	-1,145000E+0	1,953000E+3	11,900000E+0
145	65,444000E+3	102,220000E+0	-2,290000E+0	1,921000E+3	11,900000E+0
146	65,402000E+3	91,460000E+0	-2,748000E+0	1,880000E+3	11,900000E+0
147	65,353000E+3	80,700000E+0	-2,977000E+0	1,832000E+3	11,900000E+0
148	65,325000E+3	75,320000E+0	-3,435000E+0	1,775000E+3	11,900000E+0
149	65,282000E+3	69,940000E+0	-4,122000E+0	1,710000E+3	11,900000E+0
150	65,247000E+3	61,870000E+0	-4,580000E+0	1,640000E+3	11,900000E+0
151	65,205000E+3	53,800000E+0	-5,267000E+0	1,562000E+3	11,900000E+0
152	65,156000E+3	18,830000E+0	-5,496000E+0	1,483000E+3	11,900000E+0
153	65,135000E+3	26,900000E+0	-6,183000E+0	1,394000E+3	11,900000E+0
154	65,107000E+3	16,140000E+0	-6,641000E+0	1,302000E+3	11,900000E+0
155	65,086000E+3	5,380000E+0	-6,870000E+0	1,208000E+3	11,900000E+0
156	65,078000E+3	0,000000E+0	-7,099000E+0	1,112000E+3	11,900000E+0
157	65,064000E+3	176,270320E+3	-7,099000E+0	1,015000E+3	11,900000E+0
158	65,057000E+3	176,248800E+3	-6,870000E+0	920,000000E+0	11,900000E+0
159	65,050000E+3	176,229970E+3	-7,099000E+0	824,000000E+0	11,900000E+0
160	65,050000E+3	176,219210E+3	-6,870000E+0	733,000000E+0	11,900000E+0
161	65,057000E+3	176,184240E+3	-7,099000E+0	642,000000E+0	11,800000E+0
162	65,071000E+3	176,098160E+3	-6,870000E+0	556,000000E+0	11,800000E+0
163	65,057000E+3	176,063190E+3	-6,183000E+0	478,000000E+0	11,800000E+0
164	65,064000E+3	176,038980E+3	-5,725000E+0	402,000000E+0	11,800000E+0
165	65,093000E+3	176,057810E+3	-5,267000E+0	334,000000E+0	11,800000E+0
166	65,121000E+3	176,052430E+3	-4,580000E+0	271,000000E+0	11,800000E+0
167	65,135000E+3	176,017460E+3	-3,893000E+0	218,000000E+0	11,800000E+0
168	65,177000E+3	176,014770E+3	-3,435000E+0	171,000000E+0	11,800000E+0
169	65,219000E+3	176,001320E+3	-2,519000E+0	133,000000E+0	11,800000E+0
170	65,247000E+3	176,014770E+3	-2,061000E+0	105,000000E+0	11,900000E+0
171	65,303000E+3	176,030910E+3	-1,145000E+0	83,000000E+0	11,900000E+0
172	65,339000E+3	176,020150E+3	-458,000000E-3	74,000000E+0	11,900000E+0
173	65,381000E+3	176,063190E+3	0,000000E+0	74,000000E+0	11,900000E+0
174	65,479000E+3	176,181550E+3	229,000000E-3	76,000000E+0	11,900000E+0
175	49,000000E+0	176,186930E+3	916,000000E-3	88,000000E+0	11,900000E+0
176	77,000000E+0	176,176170E+3	1,832000E+0	118,000000E+0	11,900000E+0
177	119,000000E+0	176,184240E+3	2,519000E+0	155,000000E+0	11,900000E+0
178	161,000000E+0	176,192310E+3	3,206000E+0	202,000000E+0	11,900000E+0
179	203,000000E+0	176,200380E+3	3,893000E+0	257,000000E+0	11,900000E+0
180	239,000000E+0	176,216520E+3	4,351000E+0	321,000000E+0	11,900000E+0
181	274,000000E+0	176,227280E+3	4,809000E+0	389,000000E+0	11,900000E+0
182	344,000000E+0	176,254180E+3	5,038000E+0	462,000000E+0	11,900000E+0
183	372,000000E+0	176,264940E+3	5,725000E+0	543,000000E+0	11,900000E+0
184	400,000000E+0	176,273010E+3	6,183000E+0	631,000000E+0	11,900000E+0
185	428,000000E+0	176,283770E+3	6,412000E+0	721,000000E+0	11,900000E+0
186	450,000000E+0	0,000000E+0	6,641000E+0	814,000000E+0	11,900000E+0
187	464,000000E+0	16,140000E+0	6,641000E+0	909,000000E+0	11,900000E+0
188	478,000000E+0	26,900000E+0	7,099000E+0	1,006000E+3	11,900000E+0
189	485,000000E+0	45,730000E+0	6,870000E+0	1,102000E+3	11,900000E+0
190	506,000000E+0	45,730000E+0	7,099000E+0	1,197000E+3	11,900000E+0
191	506,000000E+0	64,560000E+0	7,099000E+0	1,291000E+3	11,900000E+0
192	499,000000E+0	123,740000E+0	7,328000E+0	1,382000E+3	11,800000E+0
193	492,000000E+0	188,300000E+0	7,099000E+0	1,468000E+3	11,800000E+0
194	499,000000E+0	215,200000E+0	6,641000E+0	1,549000E+3	11,800000E+0
195	471,000000E+0	260,930000E+0	5,954000E+0	1,625000E+3	11,800000E+0
196	464,000000E+0	260,930000E+0	5,496000E+0	1,696000E+3	11,800000E+0
197	435,000000E+0	263,620000E+0	5,267000E+0	1,760000E+3	11,800000E+0
198	414,000000E+0	258,240000E+0	4,122000E+0	1,816000E+3	11,800000E+0
199	379,000000E+0	266,310000E+0	3,893000E+0	1,865000E+3	11,800000E+0
200	344,000000E+0	236,720000E+0	2,977000E+0	1,905000E+3	11,800000E+0
201	288,000000E+0	239,410000E+0	2,519000E+0	1,938000E+3	11,800000E+0
202	260,000000E+0	239,410000E+0	1,374000E+0	1,958000E+3	11,900000E+0
203	225,000000E+0	263,620000E+0	458,000000E-3	1,968000E+3	11,900000E+0
204	196,000000E+0	277,070000E+0	0,000000E+0	1,970000E+3	11,900000E+0
205	98,000000E+0	131,810000E+0	0,000000E+0	1,970000E+3	11,900000E+0
206	65,528000E+3	80,700000E+0	-687,000000E-3	1,962000E+3	11,900000E+0
207	65,472000E+3	80,700000E+0	-1,832000E+0	1,937000E+3	11,900000E+0
208	65,423000E+3	107,600000E+0	-2,519000E+0	1,901000E+3	11,900000E+0
209	65,388000E+3	96,840000E+0	-3,206000E+0	1,857000E+3	11,900000E+0
210	65,346000E+3	88,770000E+0	-3,664000E+0	1,804000E+3	11,900000E+0
211	65,303000E+3	72,630000E+0	-4,122000E+0	1,744000E+3	11,900000E+0
212	65,261000E+3	69,940000E+0	-4,580000E+0	1,675000E+3	11,900000E+0
213	65,233000E+3	51,110000E+0	-5,267000E+0	1,600000E+3	11,900000E+0
214	65,177000E+3	26,900000E+0	-5,267000E+0	1,523000E+3	11,900000E+0
215	65,163000E+3	21,520000E+0	-5,954000E+0	1,437000E+3	11,900000E+0
216	65,128000E+3	16,140000E+0	-6,412000E+0	1,349000E+3	11,900000E+0
217	65,107000E+3	8,070000E+0	-6,870000E+0	1,255000E+3	11,900000E+0
218	65,078000E+3	0,000000E+0	-6,870000E+0	1,162000E+3	11,900000E+0
219	65,078000E+3	176,275700E+3	-7,099000E+0	1,063000E+3	11,900000E+0
220	65,057000E+3	176,259560E+3	-6,870000E+0	968,000000E+0	11,900000E+0
221	65,057000E+3	176,240730E+3	-6,870000E+0	872,000000E+0	11,900000E+0
222	65,043000E+3	176,216520E+3	-6,870000E+0	779,000000E+0	11,900000E+0
223	65,050000E+3	176,211140E+3	-6,870000E+0	688,000000E+0	11,800000E+0
224	65,057000E+3	176,135820E+3	-7,099000E+0	599,000000E+0	11,800000E+0
225	65,057000E+3	176,087400E+3	-6,641000E+0	516,000000E+0	11,800000E+0
226	65,071000E+3	176,063190E+3	-5,954000E+0	439,000000E+0	11,800000E+0
227	65,100000E+3	176,022840E+3	-5,954000E+0	364,000000E+0	11,800000E+0
228	65,107000E+3	176,047050E+3	-5,038000E+0	302,000000E+0	11,800000E+0
229	65,128000E+3	176,022840E+3	-4,122000E+0	244,000000E+0	11,800000E+0
230	65,156000E+3	176,022840E+3	-3,664000E+0	194,000000E+0	11,800000E+0
231	65,191000E+3	175,998630E+3	-2,748000E+0	150,000000E+0	11,800000E+0
232	65,233000E+3	176,012080E+3	-2,061000E+0	118,000000E+0	11,800000E+0
233	65,268000E+3	176,025530E+3	-1,603000E+0	92,000000E+0	11,900000E+0
234	65,325000E+3	176,020150E+3	-916,000000E-3	77,000000E+0	11,900000E+0
235	65,353000E+3	176,025530E+3	0,000000E+0	74,000000E+0	11,900000E+0
236	65,430000E+3	176,141200E+3	0,000000E+0	74,000000E+0	11,900000E+0
237	0,000000E+0	176,162720E+3	458,000000E-3	80,000000E+0	11,900000E+0
238	56,000000E+0	176,181550E+3	1,374000E+0	102,000000E+0	11,900000E+0
239	98,000000E+0	176,186930E+3	2,290000E+0	136,000000E+0	11,900000E+0
240	140,000000E+0	176,186930E+3	2,748000E+0	178,000000E+0	11,900000E+0
241	182,000000E+0	176,189620E+3	3,435000E+0	229,000000E+0	11,900000E+0
242	217,000000E+0	176,195000E+3	4,122000E+0	289,000000E+0	11,900000E+0
243	260,000000E+0	176,203070E+3	4,580000E+0	354,000000E+0	11,900000E+0
244	295,000000E+0	176,219210E+3	5,038000E+0	427,000000E+0	11,900000E+0
245	351,000000E+0	176,238040E+3	5,496000E+0	504,000000E+0	11,900000E+0
246	379,000000E+0	176,256870E+3	5,954000E+0	587,000000E+0	11,900000E+0
247	407,000000E+0	176,264940E+3	6,412000E+0	676,000000E+0	11,900000E+0
248	435,000000E+0	176,281080E+3	6,641000E+0	768,000000E+0	11,900000E+0
249	457,000000E+0	2,690000E+0	6,641000E+0	862,000000E+0	11,900000E+0
