vendredi 12 janvier 2024	12:59:52	Sampling Period : 40  ms		
Unities: time [sample], PWM [raw], Current [mA], velocity [rev/min], Position [pulse], Present Input Voltage [V]

t	DXL_PWM		DXL_Current		DXL_Velocity		DXL_Position		DXL_Input_Voltage
0	14,000000E+0	0,000000E+0	0,000000E+0	1,022000E+3	11,900000E+0
1	885,000000E+0	459,990000E+0	916,000000E-3	1,044000E+3	11,500000E+0
2	885,000000E+0	371,220000E+0	31,831000E+0	1,222000E+3	11,600000E+0
3	885,000000E+0	330,870000E+0	35,495000E+0	1,411000E+3	11,600000E+0
4	885,000000E+0	435,780000E+0	31,831000E+0	1,583000E+3	11,500000E+0
5	815,000000E+0	411,570000E+0	27,938000E+0	1,735000E+3	11,500000E+0
6	604,000000E+0	325,490000E+0	21,984000E+0	1,852000E+3	11,600000E+0
7	386,000000E+0	239,410000E+0	15,572000E+0	1,934000E+3	11,800000E+0
8	140,000000E+0	115,670000E+0	9,389000E+0	1,981000E+3	11,900000E+0
9	65,430000E+3	176,281080E+3	2,061000E+0	1,988000E+3	11,900000E+0
10	65,156000E+3	176,176170E+3	-3,664000E+0	1,962000E+3	11,800000E+0
11	64,931000E+3	176,100850E+3	-12,137000E+0	1,891000E+3	11,700000E+0
12	64,734000E+3	175,982490E+3	-18,320000E+0	1,788000E+3	11,500000E+0
13	64,651000E+3	175,936760E+3	-23,587000E+0	1,657000E+3	11,500000E+0
14	64,651000E+3	176,001320E+3	-28,854000E+0	1,501000E+3	11,600000E+0
15	64,651000E+3	176,012080E+3	-32,060000E+0	1,326000E+3	11,600000E+0
16	64,651000E+3	176,020150E+3	-35,266000E+0	1,138000E+3	11,600000E+0
17	64,651000E+3	176,006700E+3	-36,411000E+0	947,000000E+0	11,600000E+0
18	64,651000E+3	175,979800E+3	-35,495000E+0	752,000000E+0	11,600000E+0
19	64,651000E+3	175,947520E+3	-34,350000E+0	569,000000E+0	11,600000E+0
20	64,651000E+3	175,864130E+3	-29,999000E+0	402,000000E+0	11,500000E+0
21	64,811000E+3	175,915240E+3	-25,648000E+0	264,000000E+0	11,500000E+0
22	65,022000E+3	175,998630E+3	-19,236000E+0	159,000000E+0	11,700000E+0
23	65,247000E+3	176,111610E+3	-13,282000E+0	91,000000E+0	11,800000E+0
24	65,486000E+3	176,240730E+3	-6,412000E+0	59,000000E+0	11,900000E+0
25	210,000000E+0	45,730000E+0	0,000000E+0	65,000000E+0	11,900000E+0
26	464,000000E+0	131,810000E+0	6,641000E+0	107,000000E+0	11,800000E+0
27	667,000000E+0	193,680000E+0	14,427000E+0	191,000000E+0	11,600000E+0
28	864,000000E+0	309,350000E+0	19,923000E+0	307,000000E+0	11,600000E+0
29	885,000000E+0	314,730000E+0	25,190000E+0	446,000000E+0	11,500000E+0
30	885,000000E+0	271,690000E+0	29,770000E+0	611,000000E+0	11,600000E+0
31	885,000000E+0	266,310000E+0	33,434000E+0	792,000000E+0	11,600000E+0
32	885,000000E+0	277,070000E+0	35,266000E+0	981,000000E+0	11,600000E+0
33	885,000000E+0	317,420000E+0	35,953000E+0	1,175000E+3	11,600000E+0
34	885,000000E+0	379,290000E+0	35,266000E+0	1,364000E+3	11,600000E+0
35	885,000000E+0	416,950000E+0	32,747000E+0	1,542000E+3	11,500000E+0
36	864,000000E+0	422,330000E+0	29,083000E+0	1,701000E+3	11,500000E+0
37	653,000000E+0	341,630000E+0	23,587000E+0	1,827000E+3	11,600000E+0
38	428,000000E+0	252,860000E+0	17,404000E+0	1,918000E+3	11,700000E+0
39	196,000000E+0	137,190000E+0	10,763000E+0	1,973000E+3	11,800000E+0
40	65,493000E+3	8,070000E+0	3,664000E+0	1,989000E+3	11,900000E+0
41	65,219000E+3	176,197690E+3	-1,832000E+0	1,973000E+3	11,800000E+0
42	64,987000E+3	176,116990E+3	-10,076000E+0	1,913000E+3	11,700000E+0
43	64,790000E+3	176,036290E+3	-16,946000E+0	1,815000E+3	11,600000E+0
44	64,651000E+3	175,971730E+3	-22,213000E+0	1,691000E+3	11,600000E+0
45	64,651000E+3	175,985180E+3	-27,480000E+0	1,540000E+3	11,500000E+0
46	64,651000E+3	176,006700E+3	-31,373000E+0	1,370000E+3	11,500000E+0
47	64,651000E+3	176,014770E+3	-34,808000E+0	1,186000E+3	11,600000E+0
48	64,651000E+3	176,009390E+3	-36,182000E+0	994,000000E+0	11,600000E+0
49	64,651000E+3	175,995940E+3	-36,411000E+0	801,000000E+0	11,600000E+0
50	64,651000E+3	175,966350E+3	-34,579000E+0	614,000000E+0	11,600000E+0
51	64,651000E+3	175,882960E+3	-31,602000E+0	443,000000E+0	11,500000E+0
52	64,755000E+3	175,896410E+3	-27,251000E+0	296,000000E+0	11,500000E+0
53	64,966000E+3	175,982490E+3	-21,068000E+0	181,000000E+0	11,700000E+0
54	65,191000E+3	176,087400E+3	-14,885000E+0	103,000000E+0	11,800000E+0
55	65,423000E+3	176,195000E+3	-8,244000E+0	63,000000E+0	11,900000E+0
56	133,000000E+0	16,140000E+0	-1,145000E+0	61,000000E+0	11,900000E+0
57	414,000000E+0	115,670000E+0	4,580000E+0	93,000000E+0	11,800000E+0
58	618,000000E+0	174,850000E+0	13,053000E+0	168,000000E+0	11,700000E+0
59	822,000000E+0	271,690000E+0	18,778000E+0	275,000000E+0	11,600000E+0
60	885,000000E+0	320,110000E+0	24,045000E+0	408,000000E+0	11,500000E+0
61	885,000000E+0	287,830000E+0	28,854000E+0	567,000000E+0	11,500000E+0
62	885,000000E+0	269,000000E+0	32,518000E+0	745,000000E+0	11,600000E+0
