vendredi 12 janvier 2024	13:02:32	Sampling Period : 40  ms		
Unities: time [sample], PWM [raw], Current [mA], velocity [rev/min], Position [pulse], Present Input Voltage [V]

t	DXL_PWM		DXL_Current		DXL_Velocity		DXL_Position		DXL_Input_Voltage
0	65,528000E+3	176,289150E+3	0,000000E+0	1,025000E+3	12,000000E+0
1	65,388000E+3	176,216520E+3	0,000000E+0	1,022000E+3	12,000000E+0
2	65,261000E+3	176,168100E+3	-3,435000E+0	997,000000E+0	11,900000E+0
3	65,254000E+3	176,176170E+3	-7,099000E+0	954,000000E+0	11,900000E+0
4	65,261000E+3	176,165410E+3	-7,557000E+0	913,000000E+0	11,900000E+0
5	65,268000E+3	176,170790E+3	-7,099000E+0	871,000000E+0	11,900000E+0
6	65,282000E+3	176,178860E+3	-6,641000E+0	832,000000E+0	11,900000E+0
7	65,282000E+3	176,165410E+3	-6,412000E+0	796,000000E+0	11,900000E+0
8	65,296000E+3	176,170790E+3	-6,183000E+0	760,000000E+0	11,900000E+0
9	65,318000E+3	176,176170E+3	-5,725000E+0	726,000000E+0	11,900000E+0
10	65,332000E+3	176,178860E+3	-5,038000E+0	698,000000E+0	11,900000E+0
11	65,353000E+3	176,186930E+3	-4,580000E+0	672,000000E+0	11,900000E+0
12	65,367000E+3	176,186930E+3	-3,893000E+0	650,000000E+0	11,900000E+0
13	65,395000E+3	176,195000E+3	-3,435000E+0	630,000000E+0	11,900000E+0
14	65,423000E+3	176,211140E+3	-2,519000E+0	616,000000E+0	12,000000E+0
15	65,451000E+3	176,216520E+3	-1,832000E+0	604,000000E+0	12,000000E+0
16	65,472000E+3	176,224590E+3	-1,145000E+0	598,000000E+0	12,000000E+0
17	65,507000E+3	176,259560E+3	-458,000000E-3	595,000000E+0	12,000000E+0
18	7,000000E+0	176,281080E+3	0,000000E+0	596,000000E+0	12,000000E+0
19	49,000000E+0	0,000000E+0	458,000000E-3	601,000000E+0	12,000000E+0
20	77,000000E+0	2,690000E+0	1,603000E+0	612,000000E+0	12,000000E+0
21	98,000000E+0	10,760000E+0	2,290000E+0	626,000000E+0	12,000000E+0
22	126,000000E+0	21,520000E+0	3,206000E+0	646,000000E+0	12,000000E+0
23	147,000000E+0	29,590000E+0	3,893000E+0	668,000000E+0	12,000000E+0
24	168,000000E+0	37,660000E+0	4,351000E+0	695,000000E+0	12,000000E+0
25	189,000000E+0	43,040000E+0	5,038000E+0	724,000000E+0	11,900000E+0
26	210,000000E+0	51,110000E+0	5,496000E+0	756,000000E+0	11,900000E+0
27	239,000000E+0	69,940000E+0	5,954000E+0	791,000000E+0	11,900000E+0
28	246,000000E+0	64,560000E+0	6,641000E+0	830,000000E+0	11,900000E+0
29	260,000000E+0	80,700000E+0	6,870000E+0	869,000000E+0	11,900000E+0
30	281,000000E+0	91,460000E+0	7,099000E+0	910,000000E+0	11,900000E+0
31	281,000000E+0	83,390000E+0	7,557000E+0	952,000000E+0	11,900000E+0
32	281,000000E+0	94,150000E+0	7,328000E+0	996,000000E+0	11,900000E+0
33	281,000000E+0	88,770000E+0	7,786000E+0	1,039000E+3	11,900000E+0
34	288,000000E+0	107,600000E+0	7,328000E+0	1,082000E+3	11,900000E+0
35	274,000000E+0	107,600000E+0	7,557000E+0	1,125000E+3	11,900000E+0
36	281,000000E+0	115,670000E+0	7,099000E+0	1,166000E+3	11,900000E+0
37	267,000000E+0	112,980000E+0	7,099000E+0	1,207000E+3	11,900000E+0
38	246,000000E+0	112,980000E+0	6,641000E+0	1,244000E+3	11,900000E+0
39	246,000000E+0	112,980000E+0	6,183000E+0	1,280000E+3	11,900000E+0
40	232,000000E+0	126,430000E+0	5,954000E+0	1,312000E+3	11,900000E+0
41	210,000000E+0	118,360000E+0	5,267000E+0	1,342000E+3	11,900000E+0
42	182,000000E+0	99,530000E+0	4,809000E+0	1,370000E+3	11,900000E+0
43	168,000000E+0	99,530000E+0	4,122000E+0	1,393000E+3	11,900000E+0
44	140,000000E+0	88,770000E+0	3,435000E+0	1,413000E+3	11,900000E+0
45	126,000000E+0	83,390000E+0	2,519000E+0	1,428000E+3	11,900000E+0
46	91,000000E+0	61,870000E+0	2,290000E+0	1,441000E+3	11,900000E+0
47	70,000000E+0	64,560000E+0	1,374000E+0	1,448000E+3	11,900000E+0
48	42,000000E+0	43,040000E+0	458,000000E-3	1,451000E+3	11,900000E+0
49	7,000000E+0	2,690000E+0	0,000000E+0	1,451000E+3	11,900000E+0
50	65,486000E+3	176,289150E+3	0,000000E+0	1,449000E+3	11,900000E+0
51	65,458000E+3	176,281080E+3	-1,374000E+0	1,440000E+3	11,900000E+0
52	65,430000E+3	176,262250E+3	-2,061000E+0	1,427000E+3	11,900000E+0
53	65,416000E+3	176,262250E+3	-2,977000E+0	1,408000E+3	11,900000E+0
54	65,381000E+3	176,248800E+3	-3,664000E+0	1,387000E+3	11,900000E+0
55	65,367000E+3	176,243420E+3	-4,351000E+0	1,361000E+3	11,900000E+0
56	65,332000E+3	176,224590E+3	-4,809000E+0	1,332000E+3	11,900000E+0
57	65,318000E+3	176,219210E+3	-5,725000E+0	1,301000E+3	11,900000E+0
58	65,303000E+3	176,216520E+3	-6,183000E+0	1,265000E+3	11,900000E+0
59	65,289000E+3	176,203070E+3	-6,412000E+0	1,229000E+3	11,900000E+0
60	65,261000E+3	176,189620E+3	-6,870000E+0	1,191000E+3	11,900000E+0
61	65,261000E+3	176,181550E+3	-7,099000E+0	1,148000E+3	11,900000E+0
62	65,247000E+3	176,181550E+3	-7,557000E+0	1,107000E+3	11,900000E+0
63	65,261000E+3	176,181550E+3	-7,557000E+0	1,063000E+3	11,900000E+0
64	65,254000E+3	176,181550E+3	-7,328000E+0	1,019000E+3	11,900000E+0
65	65,254000E+3	176,160030E+3	-7,328000E+0	977,000000E+0	11,900000E+0
66	65,254000E+3	176,170790E+3	-7,328000E+0	933,000000E+0	11,900000E+0
67	65,268000E+3	176,173480E+3	-7,328000E+0	892,000000E+0	11,900000E+0
68	65,261000E+3	176,165410E+3	-6,870000E+0	852,000000E+0	11,900000E+0
69	65,289000E+3	176,168100E+3	-6,870000E+0	812,000000E+0	11,900000E+0
70	65,296000E+3	176,173480E+3	-6,412000E+0	777,000000E+0	11,900000E+0
71	65,311000E+3	176,178860E+3	-5,954000E+0	744,000000E+0	11,900000E+0
72	65,325000E+3	176,178860E+3	-5,267000E+0	712,000000E+0	11,900000E+0
73	65,346000E+3	176,189620E+3	-5,038000E+0	684,000000E+0	11,900000E+0
74	65,360000E+3	176,189620E+3	-4,122000E+0	659,000000E+0	11,900000E+0
75	65,388000E+3	176,186930E+3	-3,664000E+0	639,000000E+0	11,900000E+0
76	65,409000E+3	176,197690E+3	-2,748000E+0	623,000000E+0	11,900000E+0
77	65,437000E+3	176,208450E+3	-2,290000E+0	611,000000E+0	11,900000E+0
78	65,458000E+3	176,221900E+3	-1,374000E+0	601,000000E+0	11,900000E+0
79	65,493000E+3	176,243420E+3	-687,000000E-3	596,000000E+0	11,900000E+0
80	65,514000E+3	176,264940E+3	0,000000E+0	596,000000E+0	11,900000E+0
81	35,000000E+0	0,000000E+0	0,000000E+0	597,000000E+0	11,900000E+0
82	56,000000E+0	0,000000E+0	1,145000E+0	605,000000E+0	11,900000E+0
83	91,000000E+0	10,760000E+0	1,832000E+0	618,000000E+0	11,900000E+0
84	105,000000E+0	16,140000E+0	2,977000E+0	636,000000E+0	11,900000E+0
85	126,000000E+0	18,830000E+0	3,435000E+0	657,000000E+0	11,900000E+0
86	161,000000E+0	34,970000E+0	3,893000E+0	681,000000E+0	11,900000E+0
87	182,000000E+0	45,730000E+0	4,809000E+0	708,000000E+0	11,900000E+0
88	196,000000E+0	48,420000E+0	5,496000E+0	740,000000E+0	11,900000E+0
89	225,000000E+0	59,180000E+0	5,496000E+0	774,000000E+0	11,900000E+0
90	232,000000E+0	56,490000E+0	6,412000E+0	811,000000E+0	11,900000E+0
91	246,000000E+0	72,630000E+0	6,641000E+0	848,000000E+0	11,900000E+0
92	267,000000E+0	78,010000E+0	6,870000E+0	889,000000E+0	11,900000E+0
93	281,000000E+0	86,080000E+0	7,328000E+0	930,000000E+0	11,900000E+0
94	281,000000E+0	96,840000E+0	7,557000E+0	973,000000E+0	11,900000E+0
95	274,000000E+0	91,460000E+0	7,557000E+0	1,017000E+3	11,900000E+0
96	295,000000E+0	115,670000E+0	7,557000E+0	1,059000E+3	11,900000E+0
97	281,000000E+0	107,600000E+0	7,786000E+0	1,103000E+3	11,900000E+0
98	288,000000E+0	123,740000E+0	7,328000E+0	1,145000E+3	11,900000E+0
99	267,000000E+0	112,980000E+0	7,328000E+0	1,186000E+3	11,900000E+0
100	260,000000E+0	118,360000E+0	6,870000E+0	1,225000E+3	11,900000E+0
101	246,000000E+0	112,980000E+0	6,412000E+0	1,261000E+3	11,900000E+0
102	239,000000E+0	112,980000E+0	5,954000E+0	1,297000E+3	11,900000E+0
103	225,000000E+0	118,360000E+0	5,725000E+0	1,328000E+3	11,900000E+0
104	196,000000E+0	102,220000E+0	5,267000E+0	1,357000E+3	11,900000E+0
105	175,000000E+0	99,530000E+0	4,351000E+0	1,383000E+3	11,900000E+0
106	161,000000E+0	96,840000E+0	3,664000E+0	1,403000E+3	11,900000E+0
107	133,000000E+0	91,460000E+0	3,206000E+0	1,421000E+3	11,900000E+0
108	112,000000E+0	75,320000E+0	2,290000E+0	1,436000E+3	11,900000E+0
109	77,000000E+0	64,560000E+0	1,832000E+0	1,446000E+3	11,900000E+0
110	56,000000E+0	53,800000E+0	916,000000E-3	1,450000E+3	11,900000E+0
111	21,000000E+0	26,900000E+0	0,000000E+0	1,451000E+3	11,900000E+0
112	65,514000E+3	0,000000E+0	0,000000E+0	1,451000E+3	11,900000E+0
113	65,479000E+3	0,000000E+0	-687,000000E-3	1,445000E+3	11,900000E+0
114	65,444000E+3	176,273010E+3	-1,603000E+0	1,433000E+3	11,900000E+0
115	65,430000E+3	176,270320E+3	-2,748000E+0	1,417000E+3	11,900000E+0
116	65,395000E+3	176,251490E+3	-3,206000E+0	1,397000E+3	11,900000E+0
117	65,374000E+3	176,240730E+3	-3,893000E+0	1,374000E+3	11,900000E+0
118	65,353000E+3	176,229970E+3	-4,580000E+0	1,347000E+3	11,900000E+0
119	65,325000E+3	176,224590E+3	-5,267000E+0	1,317000E+3	11,900000E+0
120	65,311000E+3	176,219210E+3	-5,954000E+0	1,284000E+3	11,900000E+0
121	65,296000E+3	176,200380E+3	-6,183000E+0	1,247000E+3	11,900000E+0
122	65,268000E+3	176,197690E+3	-6,641000E+0	1,209000E+3	11,900000E+0
123	65,275000E+3	176,195000E+3	-7,328000E+0	1,169000E+3	11,900000E+0
124	65,254000E+3	176,192310E+3	-7,099000E+0	1,128000E+3	11,900000E+0
125	65,261000E+3	176,181550E+3	-7,557000E+0	1,084000E+3	11,900000E+0
126	65,254000E+3	176,181550E+3	-7,328000E+0	1,042000E+3	11,900000E+0
127	65,261000E+3	176,173480E+3	-7,557000E+0	997,000000E+0	11,900000E+0
128	65,247000E+3	176,170790E+3	-7,557000E+0	954,000000E+0	11,900000E+0
129	65,261000E+3	176,165410E+3	-7,328000E+0	912,000000E+0	11,900000E+0
130	65,275000E+3	176,173480E+3	-7,099000E+0	871,000000E+0	11,900000E+0
131	65,275000E+3	176,170790E+3	-6,641000E+0	832,000000E+0	11,900000E+0
132	65,282000E+3	176,165410E+3	-6,412000E+0	795,000000E+0	11,900000E+0
133	65,303000E+3	176,173480E+3	-6,183000E+0	760,000000E+0	11,900000E+0
134	65,325000E+3	176,178860E+3	-5,725000E+0	726,000000E+0	11,900000E+0
135	65,332000E+3	176,184240E+3	-5,038000E+0	697,000000E+0	11,900000E+0
136	65,353000E+3	176,189620E+3	-4,580000E+0	671,000000E+0	11,900000E+0
137	65,367000E+3	176,186930E+3	-3,893000E+0	649,000000E+0	11,900000E+0
138	65,395000E+3	176,192310E+3	-3,206000E+0	631,000000E+0	11,900000E+0
139	65,423000E+3	176,208450E+3	-2,519000E+0	616,000000E+0	11,900000E+0
140	65,451000E+3	176,221900E+3	-1,832000E+0	604,000000E+0	12,000000E+0
141	65,472000E+3	176,224590E+3	-1,145000E+0	598,000000E+0	12,000000E+0
142	65,507000E+3	176,256870E+3	-458,000000E-3	595,000000E+0	12,000000E+0
143	7,000000E+0	176,281080E+3	0,000000E+0	596,000000E+0	12,000000E+0
144	49,000000E+0	0,000000E+0	458,000000E-3	600,000000E+0	12,000000E+0
145	70,000000E+0	2,690000E+0	1,603000E+0	612,000000E+0	12,000000E+0
146	98,000000E+0	13,450000E+0	2,290000E+0	626,000000E+0	12,000000E+0
147	126,000000E+0	24,210000E+0	3,206000E+0	646,000000E+0	11,900000E+0
148	147,000000E+0	32,280000E+0	3,893000E+0	668,000000E+0	11,900000E+0
149	168,000000E+0	40,350000E+0	4,351000E+0	694,000000E+0	11,900000E+0
150	189,000000E+0	40,350000E+0	5,038000E+0	724,000000E+0	11,900000E+0
151	210,000000E+0	53,800000E+0	5,496000E+0	757,000000E+0	11,900000E+0
152	232,000000E+0	64,560000E+0	5,954000E+0	791,000000E+0	11,900000E+0
153	246,000000E+0	72,630000E+0	6,641000E+0	829,000000E+0	11,900000E+0
154	253,000000E+0	72,630000E+0	6,870000E+0	870,000000E+0	11,900000E+0
155	274,000000E+0	94,150000E+0	6,870000E+0	910,000000E+0	11,900000E+0
156	274,000000E+0	94,150000E+0	7,557000E+0	952,000000E+0	11,900000E+0
157	288,000000E+0	102,220000E+0	7,557000E+0	995,000000E+0	11,900000E+0
158	274,000000E+0	94,150000E+0	7,557000E+0	1,039000E+3	11,900000E+0
159	281,000000E+0	112,980000E+0	7,328000E+0	1,083000E+3	11,900000E+0
160	274,000000E+0	115,670000E+0	7,557000E+0	1,124000E+3	11,900000E+0
161	281,000000E+0	123,740000E+0	7,099000E+0	1,165000E+3	11,900000E+0
162	267,000000E+0	118,360000E+0	7,328000E+0	1,206000E+3	11,900000E+0
163	253,000000E+0	123,740000E+0	6,641000E+0	1,244000E+3	11,900000E+0
164	246,000000E+0	115,670000E+0	6,183000E+0	1,280000E+3	11,900000E+0
165	232,000000E+0	131,810000E+0	5,954000E+0	1,312000E+3	11,900000E+0
166	210,000000E+0	121,050000E+0	5,267000E+0	1,342000E+3	11,900000E+0
167	182,000000E+0	99,530000E+0	5,038000E+0	1,371000E+3	11,900000E+0
168	168,000000E+0	102,220000E+0	4,122000E+0	1,394000E+3	11,900000E+0
169	140,000000E+0	88,770000E+0	3,435000E+0	1,413000E+3	11,900000E+0
170	126,000000E+0	86,080000E+0	2,748000E+0	1,428000E+3	11,900000E+0
171	91,000000E+0	64,560000E+0	2,290000E+0	1,441000E+3	11,900000E+0
172	70,000000E+0	67,250000E+0	1,374000E+0	1,448000E+3	11,900000E+0
173	42,000000E+0	45,730000E+0	458,000000E-3	1,451000E+3	11,900000E+0
174	7,000000E+0	2,690000E+0	0,000000E+0	1,451000E+3	11,900000E+0
175	65,486000E+3	176,289150E+3	-229,000000E-3	1,449000E+3	11,900000E+0
176	65,465000E+3	176,281080E+3	-1,374000E+0	1,440000E+3	11,900000E+0
177	65,437000E+3	176,270320E+3	-2,061000E+0	1,426000E+3	11,900000E+0
178	65,409000E+3	176,259560E+3	-2,977000E+0	1,408000E+3	11,900000E+0
179	65,381000E+3	176,246110E+3	-3,664000E+0	1,387000E+3	11,900000E+0
180	65,367000E+3	176,240730E+3	-4,351000E+0	1,361000E+3	11,900000E+0
181	65,332000E+3	176,219210E+3	-4,809000E+0	1,333000E+3	11,900000E+0
182	65,318000E+3	176,216520E+3	-5,725000E+0	1,301000E+3	11,900000E+0
183	65,311000E+3	176,216520E+3	-6,183000E+0	1,266000E+3	11,900000E+0
184	65,289000E+3	176,200380E+3	-6,412000E+0	1,229000E+3	11,900000E+0
185	65,261000E+3	176,189620E+3	-6,870000E+0	1,191000E+3	11,900000E+0
186	65,261000E+3	176,186930E+3	-7,328000E+0	1,148000E+3	11,900000E+0
187	65,247000E+3	176,178860E+3	-7,557000E+0	1,107000E+3	11,900000E+0
188	65,261000E+3	176,176170E+3	-7,557000E+0	1,063000E+3	11,900000E+0
189	65,254000E+3	176,170790E+3	-7,328000E+0	1,020000E+3	11,900000E+0
190	65,254000E+3	176,157340E+3	-7,328000E+0	977,000000E+0	11,900000E+0
191	65,254000E+3	176,173480E+3	-7,328000E+0	933,000000E+0	11,800000E+0
192	65,261000E+3	176,151960E+3	-7,328000E+0	893,000000E+0	11,900000E+0
193	65,268000E+3	176,165410E+3	-6,870000E+0	852,000000E+0	11,900000E+0
194	65,282000E+3	176,168100E+3	-6,870000E+0	812,000000E+0	11,900000E+0
195	65,289000E+3	176,165410E+3	-6,183000E+0	777,000000E+0	11,900000E+0
196	65,311000E+3	176,184240E+3	-5,954000E+0	743,000000E+0	11,900000E+0
197	65,325000E+3	176,173480E+3	-5,267000E+0	712,000000E+0	11,900000E+0
198	65,346000E+3	176,192310E+3	-5,038000E+0	683,000000E+0	11,900000E+0
199	65,360000E+3	176,189620E+3	-4,351000E+0	659,000000E+0	11,900000E+0
200	65,381000E+3	176,178860E+3	-3,664000E+0	639,000000E+0	11,900000E+0
201	65,409000E+3	176,197690E+3	-2,748000E+0	623,000000E+0	11,900000E+0
202	65,430000E+3	176,211140E+3	-2,290000E+0	610,000000E+0	11,900000E+0
203	65,458000E+3	176,221900E+3	-1,603000E+0	600,000000E+0	11,900000E+0
204	65,493000E+3	176,243420E+3	-687,000000E-3	596,000000E+0	11,900000E+0
205	65,514000E+3	176,264940E+3	0,000000E+0	596,000000E+0	11,900000E+0
206	35,000000E+0	0,000000E+0	0,000000E+0	597,000000E+0	11,900000E+0
207	56,000000E+0	0,000000E+0	1,145000E+0	605,000000E+0	11,900000E+0
208	84,000000E+0	8,070000E+0	1,832000E+0	618,000000E+0	11,900000E+0
209	105,000000E+0	16,140000E+0	2,977000E+0	636,000000E+0	11,900000E+0
210	133,000000E+0	26,900000E+0	3,435000E+0	657,000000E+0	11,900000E+0
211	161,000000E+0	40,350000E+0	3,893000E+0	680,000000E+0	11,900000E+0
212	182,000000E+0	48,420000E+0	4,809000E+0	708,000000E+0	11,900000E+0
213	196,000000E+0	56,490000E+0	5,267000E+0	740,000000E+0	11,900000E+0
214	225,000000E+0	53,800000E+0	5,496000E+0	774,000000E+0	11,900000E+0
215	239,000000E+0	69,940000E+0	6,412000E+0	810,000000E+0	11,900000E+0
216	246,000000E+0	72,630000E+0	6,641000E+0	848,000000E+0	11,900000E+0
217	267,000000E+0	86,080000E+0	6,870000E+0	889,000000E+0	11,900000E+0
218	281,000000E+0	94,150000E+0	7,328000E+0	929,000000E+0	11,900000E+0
219	288,000000E+0	102,220000E+0	7,557000E+0	973,000000E+0	11,900000E+0
220	281,000000E+0	96,840000E+0	7,786000E+0	1,017000E+3	11,900000E+0
221	281,000000E+0	102,220000E+0	7,328000E+0	1,061000E+3	11,900000E+0
222	274,000000E+0	107,600000E+0	7,557000E+0	1,104000E+3	11,900000E+0
223	281,000000E+0	118,360000E+0	7,328000E+0	1,146000E+3	11,900000E+0
224	260,000000E+0	107,600000E+0	7,328000E+0	1,187000E+3	11,900000E+0
225	253,000000E+0	115,670000E+0	6,641000E+0	1,225000E+3	11,900000E+0
226	246,000000E+0	115,670000E+0	6,183000E+0	1,262000E+3	11,900000E+0
227	246,000000E+0	121,050000E+0	6,183000E+0	1,296000E+3	11,900000E+0
228	225,000000E+0	123,740000E+0	5,725000E+0	1,327000E+3	11,900000E+0
229	196,000000E+0	99,530000E+0	5,267000E+0	1,358000E+3	11,900000E+0
230	168,000000E+0	99,530000E+0	4,580000E+0	1,383000E+3	11,900000E+0
231	161,000000E+0	102,220000E+0	3,664000E+0	1,403000E+3	11,900000E+0
232	133,000000E+0	88,770000E+0	2,977000E+0	1,422000E+3	11,900000E+0
233	105,000000E+0	72,630000E+0	2,519000E+0	1,436000E+3	11,900000E+0
234	77,000000E+0	67,250000E+0	1,832000E+0	1,446000E+3	11,900000E+0
235	56,000000E+0	56,490000E+0	916,000000E-3	1,450000E+3	11,900000E+0
236	28,000000E+0	24,210000E+0	0,000000E+0	1,452000E+3	11,900000E+0
237	65,521000E+3	8,070000E+0	0,000000E+0	1,450000E+3	12,000000E+0
238	65,479000E+3	176,289150E+3	0,000000E+0	1,440000E+3	11,900000E+0
239	65,451000E+3	176,278390E+3	-1,145000E+0	1,433000E+3	12,000000E+0
240	65,430000E+3	176,264940E+3	-2,519000E+0	1,417000E+3	12,000000E+0
241	65,395000E+3	176,259560E+3	-3,206000E+0	1,397000E+3	12,000000E+0
242	65,374000E+3	176,246110E+3	-2,519000E+0	1,373000E+3	11,900000E+0
243	65,353000E+3	176,232660E+3	-4,351000E+0	1,346000E+3	11,900000E+0
244	65,325000E+3	176,221900E+3	-5,038000E+0	1,317000E+3	11,900000E+0
245	65,311000E+3	176,219210E+3	-5,954000E+0	1,283000E+3	11,900000E+0
246	65,289000E+3	176,195000E+3	-6,183000E+0	1,248000E+3	11,900000E+0
247	65,268000E+3	176,197690E+3	-6,870000E+0	1,209000E+3	11,900000E+0
248	65,268000E+3	176,189620E+3	-7,328000E+0	1,169000E+3	11,900000E+0
249	65,247000E+3	176,184240E+3	-7,099000E+0	1,128000E+3	11,900000E+0
