vendredi 12 janvier 2024	12:54:09	Sampling Period : 40  ms		
Unities: time [sample], PWM [raw], Current [mA], velocity [rev/min], Position [pulse], Present Input Voltage [V]

t	DXL_PWM		DXL_Current		DXL_Velocity		DXL_Position		DXL_Input_Voltage
0	7,000000E+0	0,000000E+0	0,000000E+0	1,022000E+3	11,900000E+0
1	168,000000E+0	67,250000E+0	0,000000E+0	1,025000E+3	11,900000E+0
2	689,000000E+0	223,270000E+0	2,748000E+0	1,049000E+3	11,700000E+0
3	829,000000E+0	180,230000E+0	13,053000E+0	1,127000E+3	11,700000E+0
4	815,000000E+0	137,190000E+0	17,633000E+0	1,225000E+3	11,700000E+0
5	808,000000E+0	201,750000E+0	16,488000E+0	1,316000E+3	11,700000E+0
6	787,000000E+0	169,470000E+0	16,259000E+0	1,406000E+3	11,700000E+0
7	766,000000E+0	209,820000E+0	15,343000E+0	1,491000E+3	11,700000E+0
8	745,000000E+0	225,960000E+0	13,969000E+0	1,569000E+3	11,600000E+0
9	710,000000E+0	234,030000E+0	13,511000E+0	1,646000E+3	11,700000E+0
10	646,000000E+0	252,860000E+0	12,824000E+0	1,715000E+3	11,700000E+0
11	597,000000E+0	255,550000E+0	11,221000E+0	1,778000E+3	11,700000E+0
12	555,000000E+0	255,550000E+0	9,618000E+0	1,831000E+3	11,700000E+0
13	478,000000E+0	236,720000E+0	8,244000E+0	1,879000E+3	11,800000E+0
14	414,000000E+0	250,170000E+0	6,870000E+0	1,915000E+3	11,800000E+0
15	323,000000E+0	228,650000E+0	5,725000E+0	1,946000E+3	11,800000E+0
16	253,000000E+0	234,030000E+0	3,664000E+0	1,966000E+3	11,900000E+0
17	189,000000E+0	271,690000E+0	1,374000E+0	1,972000E+3	11,900000E+0
18	112,000000E+0	156,020000E+0	0,000000E+0	1,972000E+3	11,900000E+0
19	65,521000E+3	51,110000E+0	0,000000E+0	1,970000E+3	11,900000E+0
20	65,395000E+3	43,040000E+0	-1,832000E+0	1,957000E+3	11,900000E+0
21	65,332000E+3	67,250000E+0	-4,809000E+0	1,927000E+3	11,900000E+0
22	65,254000E+3	48,420000E+0	-6,641000E+0	1,888000E+3	11,900000E+0
23	65,184000E+3	37,660000E+0	-8,244000E+0	1,841000E+3	11,900000E+0
24	65,142000E+3	43,040000E+0	-9,847000E+0	1,784000E+3	11,900000E+0
25	65,064000E+3	13,450000E+0	-10,763000E+0	1,721000E+3	11,800000E+0
26	65,015000E+3	0,000000E+0	-12,137000E+0	1,653000E+3	11,800000E+0
27	64,952000E+3	176,283770E+3	-13,511000E+0	1,575000E+3	11,800000E+0
28	64,910000E+3	176,264940E+3	-14,656000E+0	1,494000E+3	11,800000E+0
29	64,875000E+3	176,264940E+3	-15,343000E+0	1,406000E+3	11,800000E+0
30	64,839000E+3	176,240730E+3	-16,030000E+0	1,317000E+3	11,800000E+0
31	64,797000E+3	176,192310E+3	-16,259000E+0	1,226000E+3	11,800000E+0
32	64,783000E+3	176,200380E+3	-16,946000E+0	1,130000E+3	11,700000E+0
33	64,776000E+3	176,192310E+3	-17,175000E+0	1,033000E+3	11,700000E+0
34	64,755000E+3	176,157340E+3	-17,175000E+0	939,000000E+0	11,700000E+0
35	64,734000E+3	176,127750E+3	-16,488000E+0	845,000000E+0	11,700000E+0
36	64,755000E+3	176,130440E+3	-16,717000E+0	752,000000E+0	11,700000E+0
37	64,769000E+3	176,103540E+3	-16,259000E+0	660,000000E+0	11,700000E+0
38	64,790000E+3	176,108920E+3	-15,343000E+0	574,000000E+0	11,700000E+0
39	64,811000E+3	176,068570E+3	-14,656000E+0	494,000000E+0	11,700000E+0
40	64,839000E+3	176,052430E+3	-13,511000E+0	419,000000E+0	11,700000E+0
41	64,882000E+3	176,073950E+3	-12,137000E+0	347,000000E+0	11,700000E+0
42	64,938000E+3	176,068570E+3	-11,450000E+0	283,000000E+0	11,800000E+0
43	65,001000E+3	176,060500E+3	-10,076000E+0	227,000000E+0	11,800000E+0
44	65,050000E+3	176,057810E+3	-8,244000E+0	180,000000E+0	11,800000E+0
45	65,128000E+3	176,063190E+3	-7,099000E+0	139,000000E+0	11,800000E+0
46	65,184000E+3	176,060500E+3	-5,267000E+0	110,000000E+0	11,800000E+0
47	65,268000E+3	176,082020E+3	-4,122000E+0	86,000000E+0	11,800000E+0
48	65,353000E+3	176,076640E+3	-2,290000E+0	73,000000E+0	11,900000E+0
49	65,416000E+3	176,111610E+3	-229,000000E-3	72,000000E+0	11,900000E+0
50	7,000000E+0	176,189620E+3	0,000000E+0	74,000000E+0	11,900000E+0
51	105,000000E+0	176,216520E+3	1,603000E+0	86,000000E+0	11,900000E+0
52	189,000000E+0	176,208450E+3	3,893000E+0	112,000000E+0	11,900000E+0
53	260,000000E+0	176,232660E+3	5,954000E+0	148,000000E+0	11,900000E+0
54	330,000000E+0	176,227280E+3	7,557000E+0	193,000000E+0	11,900000E+0
55	393,000000E+0	176,243420E+3	8,931000E+0	247,000000E+0	11,900000E+0
56	457,000000E+0	176,248800E+3	10,534000E+0	309,000000E+0	11,900000E+0
57	506,000000E+0	176,259560E+3	11,679000E+0	376,000000E+0	11,800000E+0
58	569,000000E+0	176,273010E+3	12,824000E+0	451,000000E+0	11,800000E+0
59	625,000000E+0	0,000000E+0	13,969000E+0	531,000000E+0	11,800000E+0
60	653,000000E+0	8,070000E+0	15,114000E+0	617,000000E+0	11,800000E+0
61	703,000000E+0	18,830000E+0	15,801000E+0	708,000000E+0	11,800000E+0
62	724,000000E+0	53,800000E+0	16,259000E+0	799,000000E+0	11,800000E+0
63	773,000000E+0	147,950000E+0	16,488000E+0	891,000000E+0	11,800000E+0
64	794,000000E+0	131,810000E+0	16,946000E+0	986,000000E+0	11,700000E+0
65	794,000000E+0	126,430000E+0	17,633000E+0	1,083000E+3	11,700000E+0
66	801,000000E+0	139,880000E+0	17,175000E+0	1,179000E+3	11,700000E+0
67	808,000000E+0	182,920000E+0	16,488000E+0	1,271000E+3	11,700000E+0
68	801,000000E+0	188,300000E+0	16,488000E+0	1,362000E+3	11,700000E+0
69	787,000000E+0	223,270000E+0	15,572000E+0	1,449000E+3	11,700000E+0
70	752,000000E+0	234,030000E+0	14,885000E+0	1,531000E+3	11,700000E+0
71	731,000000E+0	239,410000E+0	13,969000E+0	1,609000E+3	11,700000E+0
72	682,000000E+0	258,240000E+0	13,053000E+0	1,682000E+3	11,700000E+0
73	632,000000E+0	234,030000E+0	11,908000E+0	1,747000E+3	11,700000E+0
74	576,000000E+0	269,000000E+0	10,534000E+0	1,805000E+3	11,700000E+0
75	520,000000E+0	255,550000E+0	9,160000E+0	1,856000E+3	11,700000E+0
76	450,000000E+0	260,930000E+0	7,786000E+0	1,898000E+3	11,800000E+0
77	372,000000E+0	239,410000E+0	6,183000E+0	1,931000E+3	11,800000E+0
78	302,000000E+0	244,790000E+0	4,351000E+0	1,955000E+3	11,800000E+0
79	217,000000E+0	247,480000E+0	2,748000E+0	1,970000E+3	11,900000E+0
80	154,000000E+0	220,580000E+0	687,000000E-3	1,973000E+3	11,900000E+0
81	49,000000E+0	102,220000E+0	0,000000E+0	1,972000E+3	11,900000E+0
82	65,437000E+3	37,660000E+0	-458,000000E-3	1,968000E+3	11,900000E+0
83	65,353000E+3	40,350000E+0	-3,664000E+0	1,944000E+3	11,900000E+0
84	65,289000E+3	53,800000E+0	-5,954000E+0	1,908000E+3	11,900000E+0
85	65,233000E+3	34,970000E+0	-7,557000E+0	1,865000E+3	11,900000E+0
86	65,156000E+3	32,280000E+0	-8,702000E+0	1,814000E+3	11,900000E+0
87	65,100000E+3	43,040000E+0	-10,534000E+0	1,753000E+3	11,800000E+0
88	65,050000E+3	0,000000E+0	-11,679000E+0	1,688000E+3	11,800000E+0
89	64,973000E+3	176,283770E+3	-12,366000E+0	1,615000E+3	11,800000E+0
90	64,931000E+3	176,281080E+3	-13,969000E+0	1,535000E+3	11,800000E+0
91	64,882000E+3	176,262250E+3	-14,885000E+0	1,452000E+3	11,800000E+0
92	64,853000E+3	176,264940E+3	-15,801000E+0	1,363000E+3	11,800000E+0
93	64,818000E+3	176,229970E+3	-16,259000E+0	1,271000E+3	11,800000E+0
94	64,790000E+3	176,213830E+3	-16,717000E+0	1,178000E+3	11,700000E+0
95	64,776000E+3	176,195000E+3	-16,946000E+0	1,081000E+3	11,800000E+0
96	64,755000E+3	176,149270E+3	-17,175000E+0	987,000000E+0	11,700000E+0
97	64,734000E+3	176,127750E+3	-17,175000E+0	893,000000E+0	11,700000E+0
98	64,748000E+3	176,122370E+3	-16,717000E+0	798,000000E+0	11,700000E+0
99	64,748000E+3	176,103540E+3	-16,259000E+0	707,000000E+0	11,700000E+0
100	64,769000E+3	176,095470E+3	-15,801000E+0	618,000000E+0	11,700000E+0
101	64,797000E+3	176,095470E+3	-14,885000E+0	533,000000E+0	11,700000E+0
102	64,832000E+3	176,073950E+3	-13,969000E+0	455,000000E+0	11,700000E+0
103	64,861000E+3	176,052430E+3	-12,595000E+0	383,000000E+0	11,700000E+0
104	64,903000E+3	176,052430E+3	-11,908000E+0	316,000000E+0	11,700000E+0
105	64,966000E+3	176,065880E+3	-10,763000E+0	254,000000E+0	11,800000E+0
106	65,029000E+3	176,071260E+3	-9,160000E+0	202,000000E+0	11,800000E+0
107	65,093000E+3	176,071260E+3	-7,786000E+0	158,000000E+0	11,800000E+0
108	65,149000E+3	176,044360E+3	-6,183000E+0	124,000000E+0	11,800000E+0
109	65,226000E+3	176,060500E+3	-4,809000E+0	97,000000E+0	11,800000E+0
110	65,303000E+3	176,071260E+3	-3,206000E+0	78,000000E+0	11,900000E+0
111	65,381000E+3	176,057810E+3	-1,374000E+0	72,000000E+0	11,900000E+0
112	65,465000E+3	176,173480E+3	0,000000E+0	72,000000E+0	11,900000E+0
113	77,000000E+0	176,232660E+3	229,000000E-3	76,000000E+0	11,900000E+0
114	154,000000E+0	176,224590E+3	3,206000E+0	98,000000E+0	11,900000E+0
115	225,000000E+0	176,235350E+3	5,038000E+0	128,000000E+0	11,900000E+0
116	302,000000E+0	176,235350E+3	6,870000E+0	170,000000E+0	11,900000E+0
117	358,000000E+0	176,227280E+3	8,473000E+0	218,000000E+0	11,900000E+0
118	414,000000E+0	176,229970E+3	9,847000E+0	277,000000E+0	11,800000E+0
119	485,000000E+0	176,262250E+3	10,992000E+0	342,000000E+0	11,800000E+0
120	534,000000E+0	176,264940E+3	12,366000E+0	413,000000E+0	11,800000E+0
121	590,000000E+0	176,283770E+3	13,282000E+0	491,000000E+0	11,800000E+0
122	646,000000E+0	18,830000E+0	14,427000E+0	573,000000E+0	11,800000E+0
123	675,000000E+0	13,450000E+0	15,572000E+0	662,000000E+0	11,800000E+0
124	717,000000E+0	37,660000E+0	16,030000E+0	753,000000E+0	11,800000E+0
125	745,000000E+0	69,940000E+0	16,488000E+0	846,000000E+0	11,700000E+0
126	752,000000E+0	83,390000E+0	17,175000E+0	943,000000E+0	11,700000E+0
127	787,000000E+0	126,430000E+0	16,946000E+0	1,035000E+3	11,700000E+0
128	815,000000E+0	153,330000E+0	16,946000E+0	1,130000E+3	11,700000E+0
129	822,000000E+0	169,470000E+0	16,946000E+0	1,224000E+3	11,700000E+0
130	801,000000E+0	166,780000E+0	16,488000E+0	1,317000E+3	11,800000E+0
131	787,000000E+0	196,370000E+0	16,030000E+0	1,406000E+3	11,700000E+0
132	780,000000E+0	220,580000E+0	15,572000E+0	1,491000E+3	11,700000E+0
133	738,000000E+0	228,650000E+0	14,656000E+0	1,571000E+3	11,700000E+0
134	710,000000E+0	250,170000E+0	13,282000E+0	1,646000E+3	11,700000E+0
135	653,000000E+0	255,550000E+0	12,366000E+0	1,714000E+3	11,700000E+0
136	604,000000E+0	250,170000E+0	11,221000E+0	1,778000E+3	11,700000E+0
137	548,000000E+0	255,550000E+0	9,847000E+0	1,832000E+3	11,700000E+0
138	485,000000E+0	266,310000E+0	8,473000E+0	1,879000E+3	11,700000E+0
139	414,000000E+0	250,170000E+0	6,870000E+0	1,916000E+3	11,800000E+0
140	330,000000E+0	247,480000E+0	5,267000E+0	1,945000E+3	11,800000E+0
141	267,000000E+0	255,550000E+0	3,664000E+0	1,964000E+3	11,900000E+0
142	189,000000E+0	271,690000E+0	1,603000E+0	1,972000E+3	11,900000E+0
143	112,000000E+0	156,020000E+0	0,000000E+0	1,972000E+3	11,900000E+0
144	65,521000E+3	48,420000E+0	0,000000E+0	1,970000E+3	11,900000E+0
145	65,402000E+3	51,110000E+0	-1,832000E+0	1,956000E+3	11,900000E+0
146	65,332000E+3	64,560000E+0	-4,809000E+0	1,927000E+3	11,900000E+0
147	65,254000E+3	48,420000E+0	-6,641000E+0	1,888000E+3	11,900000E+0
148	65,184000E+3	37,660000E+0	-8,015000E+0	1,841000E+3	11,900000E+0
149	65,128000E+3	37,660000E+0	-9,847000E+0	1,785000E+3	11,900000E+0
150	65,064000E+3	24,210000E+0	-10,992000E+0	1,721000E+3	11,800000E+0
151	65,015000E+3	2,690000E+0	-12,137000E+0	1,652000E+3	11,800000E+0
152	64,952000E+3	176,289150E+3	-13,282000E+0	1,574000E+3	11,800000E+0
153	64,910000E+3	176,278390E+3	-14,656000E+0	1,493000E+3	11,800000E+0
154	64,868000E+3	176,262250E+3	-15,343000E+0	1,406000E+3	11,800000E+0
155	64,839000E+3	176,238040E+3	-16,030000E+0	1,317000E+3	11,800000E+0
156	64,797000E+3	176,200380E+3	-16,488000E+0	1,225000E+3	11,800000E+0
157	64,783000E+3	176,192310E+3	-16,946000E+0	1,130000E+3	11,800000E+0
158	64,769000E+3	176,178860E+3	-17,175000E+0	1,034000E+3	11,700000E+0
159	64,755000E+3	176,149270E+3	-17,175000E+0	939,000000E+0	11,700000E+0
160	64,734000E+3	176,130440E+3	-16,717000E+0	845,000000E+0	11,700000E+0
161	64,741000E+3	176,106230E+3	-16,717000E+0	752,000000E+0	11,700000E+0
162	64,769000E+3	176,092780E+3	-16,030000E+0	662,000000E+0	11,700000E+0
163	64,783000E+3	176,090090E+3	-15,343000E+0	576,000000E+0	11,700000E+0
164	64,818000E+3	176,068570E+3	-14,656000E+0	494,000000E+0	11,700000E+0
165	64,839000E+3	176,055120E+3	-13,282000E+0	418,000000E+0	11,700000E+0
166	64,875000E+3	176,047050E+3	-12,137000E+0	349,000000E+0	11,700000E+0
167	64,931000E+3	176,049740E+3	-11,221000E+0	285,000000E+0	11,700000E+0
168	65,001000E+3	176,060500E+3	-10,076000E+0	228,000000E+0	11,800000E+0
169	65,050000E+3	176,060500E+3	-8,473000E+0	180,000000E+0	11,800000E+0
170	65,128000E+3	176,055120E+3	-7,099000E+0	139,000000E+0	11,800000E+0
171	65,184000E+3	176,052430E+3	-5,267000E+0	110,000000E+0	11,800000E+0
172	65,261000E+3	176,068570E+3	-4,122000E+0	87,000000E+0	11,900000E+0
173	65,346000E+3	176,073950E+3	-2,290000E+0	75,000000E+0	11,900000E+0
174	65,416000E+3	176,111610E+3	-229,000000E-3	72,000000E+0	11,900000E+0
175	0,000000E+0	176,189620E+3	0,000000E+0	74,000000E+0	11,900000E+0
176	112,000000E+0	176,216520E+3	1,603000E+0	86,000000E+0	11,900000E+0
177	189,000000E+0	176,213830E+3	3,893000E+0	112,000000E+0	11,900000E+0
178	260,000000E+0	176,229970E+3	5,954000E+0	148,000000E+0	11,900000E+0
179	330,000000E+0	176,229970E+3	7,557000E+0	193,000000E+0	11,900000E+0
180	393,000000E+0	176,240730E+3	8,931000E+0	246,000000E+0	11,900000E+0
181	457,000000E+0	176,246110E+3	10,534000E+0	309,000000E+0	11,800000E+0
182	506,000000E+0	176,262250E+3	11,679000E+0	376,000000E+0	11,800000E+0
183	569,000000E+0	176,273010E+3	12,824000E+0	450,000000E+0	11,800000E+0
184	625,000000E+0	5,380000E+0	13,969000E+0	530,000000E+0	11,800000E+0
185	660,000000E+0	5,380000E+0	15,114000E+0	617,000000E+0	11,800000E+0
186	710,000000E+0	45,730000E+0	15,801000E+0	706,000000E+0	11,800000E+0
187	724,000000E+0	51,110000E+0	16,488000E+0	799,000000E+0	11,800000E+0
188	752,000000E+0	78,010000E+0	16,946000E+0	894,000000E+0	11,700000E+0
189	780,000000E+0	118,360000E+0	17,175000E+0	988,000000E+0	11,700000E+0
190	801,000000E+0	131,810000E+0	17,175000E+0	1,082000E+3	11,700000E+0
191	822,000000E+0	166,780000E+0	16,946000E+0	1,178000E+3	11,700000E+0
192	808,000000E+0	166,780000E+0	16,717000E+0	1,272000E+3	11,700000E+0
193	801,000000E+0	201,750000E+0	16,259000E+0	1,362000E+3	11,700000E+0
194	787,000000E+0	217,890000E+0	15,572000E+0	1,449000E+3	11,700000E+0
195	752,000000E+0	234,030000E+0	15,114000E+0	1,532000E+3	11,700000E+0
196	731,000000E+0	244,790000E+0	13,969000E+0	1,608000E+3	11,700000E+0
197	682,000000E+0	258,240000E+0	13,053000E+0	1,682000E+3	11,700000E+0
198	632,000000E+0	234,030000E+0	11,908000E+0	1,747000E+3	11,700000E+0
199	569,000000E+0	263,620000E+0	10,534000E+0	1,806000E+3	11,700000E+0
200	520,000000E+0	252,860000E+0	9,160000E+0	1,857000E+3	11,800000E+0
201	450,000000E+0	271,690000E+0	7,786000E+0	1,898000E+3	11,800000E+0
202	372,000000E+0	247,480000E+0	6,183000E+0	1,931000E+3	11,800000E+0
203	302,000000E+0	244,790000E+0	4,351000E+0	1,956000E+3	11,900000E+0
204	217,000000E+0	234,030000E+0	2,748000E+0	1,970000E+3	11,900000E+0
205	154,000000E+0	217,890000E+0	687,000000E-3	1,972000E+3	11,900000E+0
206	49,000000E+0	99,530000E+0	0,000000E+0	1,972000E+3	11,900000E+0
207	65,444000E+3	51,110000E+0	-458,000000E-3	1,966000E+3	11,900000E+0
208	65,353000E+3	32,280000E+0	-3,664000E+0	1,944000E+3	11,900000E+0
209	65,289000E+3	48,420000E+0	-5,954000E+0	1,908000E+3	11,900000E+0
210	65,233000E+3	43,040000E+0	-7,557000E+0	1,864000E+3	11,900000E+0
211	65,163000E+3	32,280000E+0	-8,702000E+0	1,814000E+3	11,900000E+0
212	65,093000E+3	21,520000E+0	-10,534000E+0	1,754000E+3	11,800000E+0
213	65,043000E+3	0,000000E+0	-11,908000E+0	1,688000E+3	11,800000E+0
214	64,980000E+3	2,690000E+0	-12,366000E+0	1,614000E+3	11,800000E+0
215	64,938000E+3	176,289150E+3	-13,969000E+0	1,535000E+3	11,800000E+0
216	64,882000E+3	176,270320E+3	-14,885000E+0	1,451000E+3	11,800000E+0
217	64,861000E+3	176,264940E+3	-15,572000E+0	1,362000E+3	11,800000E+0
218	64,804000E+3	176,213830E+3	-16,259000E+0	1,271000E+3	11,800000E+0
219	64,790000E+3	176,216520E+3	-16,717000E+0	1,178000E+3	11,800000E+0
220	64,769000E+3	176,189620E+3	-17,175000E+0	1,081000E+3	11,700000E+0
221	64,762000E+3	176,170790E+3	-17,175000E+0	985,000000E+0	11,800000E+0
222	64,734000E+3	176,141200E+3	-17,175000E+0	892,000000E+0	11,700000E+0
223	64,741000E+3	176,119680E+3	-16,717000E+0	798,000000E+0	11,700000E+0
224	64,741000E+3	176,103540E+3	-16,259000E+0	707,000000E+0	11,700000E+0
225	64,762000E+3	176,098160E+3	-16,030000E+0	618,000000E+0	11,700000E+0
226	64,790000E+3	176,082020E+3	-14,885000E+0	534,000000E+0	11,700000E+0
227	64,825000E+3	176,073950E+3	-13,969000E+0	455,000000E+0	11,700000E+0
228	64,853000E+3	176,052430E+3	-12,824000E+0	383,000000E+0	11,700000E+0
229	64,910000E+3	176,052430E+3	-11,908000E+0	315,000000E+0	11,700000E+0
230	64,959000E+3	176,063190E+3	-10,763000E+0	255,000000E+0	11,800000E+0
231	65,015000E+3	176,057810E+3	-9,160000E+0	203,000000E+0	11,800000E+0
232	65,093000E+3	176,065880E+3	-7,786000E+0	158,000000E+0	11,800000E+0
233	65,149000E+3	176,041670E+3	-6,183000E+0	124,000000E+0	11,800000E+0
234	65,219000E+3	176,063190E+3	-4,809000E+0	97,000000E+0	11,800000E+0
235	65,303000E+3	176,071260E+3	-3,206000E+0	79,000000E+0	11,900000E+0
236	65,381000E+3	176,057810E+3	-1,374000E+0	73,000000E+0	11,900000E+0
237	65,465000E+3	176,173480E+3	0,000000E+0	73,000000E+0	11,900000E+0
238	77,000000E+0	176,232660E+3	229,000000E-3	76,000000E+0	11,900000E+0
239	147,000000E+0	176,205760E+3	3,206000E+0	98,000000E+0	11,900000E+0
240	225,000000E+0	176,232660E+3	5,038000E+0	128,000000E+0	11,900000E+0
241	295,000000E+0	176,224590E+3	6,641000E+0	170,000000E+0	11,900000E+0
242	365,000000E+0	176,240730E+3	8,244000E+0	218,000000E+0	11,900000E+0
243	414,000000E+0	176,227280E+3	9,847000E+0	277,000000E+0	11,900000E+0
244	492,000000E+0	176,270320E+3	10,992000E+0	341,000000E+0	11,800000E+0
245	548,000000E+0	176,278390E+3	12,366000E+0	412,000000E+0	11,800000E+0
246	604,000000E+0	176,286460E+3	13,282000E+0	490,000000E+0	11,800000E+0
247	660,000000E+0	24,210000E+0	14,427000E+0	572,000000E+0	11,800000E+0
248	682,000000E+0	16,140000E+0	15,343000E+0	662,000000E+0	11,800000E+0
249	724,000000E+0	48,420000E+0	16,030000E+0	752,000000E+0	11,800000E+0
250	745,000000E+0	64,560000E+0	16,488000E+0	845,000000E+0	11,800000E+0
251	133,000000E+0	176,203070E+3	16,488000E+0	932,000000E+0	11,900000E+0
