samedi 20 janvier 2024	15:14:13	Sampling Period : 20  ms		
Unities: time [sample], PWM [raw], Current [mA], velocity [rev/min], Position [pulse], Present Input Voltage [V]

t	DXL_PWM		DXL_Current		DXL_Velocity		DXL_Position		DXL_Input_Voltage
0	0,000000E+0	0,000000E+0	0,000000E+0	368,199000E+3	12,000000E+0
1	0,000000E+0	0,000000E+0	0,000000E+0	368,199000E+3	12,000000E+0
2	0,000000E+0	0,000000E+0	0,000000E+0	368,199000E+3	12,000000E+0
3	0,000000E+0	0,000000E+0	0,000000E+0	368,199000E+3	12,000000E+0
4	16,000000E+0	0,000000E+0	0,000000E+0	368,199000E+3	12,000000E+0
5	16,000000E+0	0,000000E+0	0,000000E+0	368,199000E+3	12,000000E+0
6	16,000000E+0	0,000000E+0	0,000000E+0	368,199000E+3	12,000000E+0
7	16,000000E+0	0,000000E+0	0,000000E+0	368,199000E+3	12,000000E+0
8	16,000000E+0	0,000000E+0	229,000000E-3	368,202000E+3	12,000000E+0
9	16,000000E+0	0,000000E+0	229,000000E-3	368,202000E+3	12,000000E+0
10	16,000000E+0	0,000000E+0	229,000000E-3	368,202000E+3	12,000000E+0
11	16,000000E+0	0,000000E+0	229,000000E-3	368,202000E+3	12,000000E+0
12	16,000000E+0	0,000000E+0	229,000000E-3	368,204000E+3	12,000000E+0
13	16,000000E+0	0,000000E+0	229,000000E-3	368,204000E+3	12,000000E+0
14	16,000000E+0	0,000000E+0	229,000000E-3	368,204000E+3	12,000000E+0
15	16,000000E+0	0,000000E+0	229,000000E-3	368,204000E+3	12,000000E+0
16	16,000000E+0	0,000000E+0	229,000000E-3	368,206000E+3	12,000000E+0
17	16,000000E+0	0,000000E+0	229,000000E-3	368,206000E+3	12,000000E+0
18	16,000000E+0	0,000000E+0	229,000000E-3	368,206000E+3	12,000000E+0
19	16,000000E+0	0,000000E+0	229,000000E-3	368,206000E+3	12,000000E+0
20	16,000000E+0	0,000000E+0	229,000000E-3	368,209000E+3	12,000000E+0
21	16,000000E+0	0,000000E+0	229,000000E-3	368,209000E+3	12,000000E+0
22	16,000000E+0	0,000000E+0	229,000000E-3	368,209000E+3	12,000000E+0
23	16,000000E+0	0,000000E+0	229,000000E-3	368,209000E+3	12,000000E+0
24	16,000000E+0	0,000000E+0	458,000000E-3	368,212000E+3	12,000000E+0
25	16,000000E+0	0,000000E+0	458,000000E-3	368,212000E+3	12,000000E+0
26	16,000000E+0	0,000000E+0	458,000000E-3	368,212000E+3	12,000000E+0
27	16,000000E+0	0,000000E+0	458,000000E-3	368,212000E+3	12,000000E+0
28	16,000000E+0	0,000000E+0	229,000000E-3	368,214000E+3	12,000000E+0
29	16,000000E+0	0,000000E+0	229,000000E-3	368,214000E+3	12,000000E+0
30	16,000000E+0	0,000000E+0	229,000000E-3	368,214000E+3	12,000000E+0
31	16,000000E+0	0,000000E+0	229,000000E-3	368,214000E+3	12,000000E+0
32	16,000000E+0	0,000000E+0	458,000000E-3	368,216000E+3	12,000000E+0
33	16,000000E+0	0,000000E+0	458,000000E-3	368,216000E+3	12,000000E+0
34	16,000000E+0	0,000000E+0	458,000000E-3	368,216000E+3	12,000000E+0
35	16,000000E+0	0,000000E+0	458,000000E-3	368,216000E+3	12,000000E+0
36	16,000000E+0	0,000000E+0	229,000000E-3	368,219000E+3	12,000000E+0
37	16,000000E+0	0,000000E+0	229,000000E-3	368,219000E+3	12,000000E+0
38	16,000000E+0	0,000000E+0	229,000000E-3	368,219000E+3	12,000000E+0
39	16,000000E+0	0,000000E+0	229,000000E-3	368,219000E+3	12,000000E+0
40	16,000000E+0	0,000000E+0	458,000000E-3	368,221000E+3	12,000000E+0
41	16,000000E+0	0,000000E+0	458,000000E-3	368,221000E+3	12,000000E+0
42	16,000000E+0	0,000000E+0	458,000000E-3	368,221000E+3	12,000000E+0
43	16,000000E+0	0,000000E+0	458,000000E-3	368,221000E+3	12,000000E+0
44	16,000000E+0	0,000000E+0	458,000000E-3	368,224000E+3	12,000000E+0
45	16,000000E+0	0,000000E+0	458,000000E-3	368,224000E+3	12,000000E+0
46	16,000000E+0	0,000000E+0	458,000000E-3	368,224000E+3	12,000000E+0
47	16,000000E+0	0,000000E+0	458,000000E-3	368,224000E+3	12,000000E+0
48	16,000000E+0	0,000000E+0	458,000000E-3	368,227000E+3	12,000000E+0
49	16,000000E+0	0,000000E+0	458,000000E-3	368,227000E+3	12,000000E+0
50	16,000000E+0	0,000000E+0	458,000000E-3	368,227000E+3	12,000000E+0
51	16,000000E+0	0,000000E+0	458,000000E-3	368,227000E+3	12,000000E+0
52	16,000000E+0	0,000000E+0	229,000000E-3	368,229000E+3	12,000000E+0
53	16,000000E+0	0,000000E+0	229,000000E-3	368,229000E+3	12,000000E+0
54	16,000000E+0	0,000000E+0	229,000000E-3	368,229000E+3	12,000000E+0
55	16,000000E+0	0,000000E+0	229,000000E-3	368,229000E+3	12,000000E+0
56	16,000000E+0	0,000000E+0	458,000000E-3	368,232000E+3	12,000000E+0
57	16,000000E+0	0,000000E+0	458,000000E-3	368,232000E+3	12,000000E+0
58	16,000000E+0	0,000000E+0	458,000000E-3	368,232000E+3	12,000000E+0
59	16,000000E+0	0,000000E+0	458,000000E-3	368,232000E+3	12,000000E+0
60	16,000000E+0	0,000000E+0	458,000000E-3	368,234000E+3	12,000000E+0
61	16,000000E+0	0,000000E+0	458,000000E-3	368,234000E+3	12,000000E+0
62	16,000000E+0	0,000000E+0	458,000000E-3	368,234000E+3	12,000000E+0
63	16,000000E+0	0,000000E+0	458,000000E-3	368,234000E+3	12,000000E+0
64	16,000000E+0	0,000000E+0	458,000000E-3	368,237000E+3	12,000000E+0
65	16,000000E+0	0,000000E+0	458,000000E-3	368,237000E+3	12,000000E+0
66	16,000000E+0	0,000000E+0	458,000000E-3	368,237000E+3	12,000000E+0
67	16,000000E+0	0,000000E+0	458,000000E-3	368,237000E+3	12,000000E+0
68	16,000000E+0	0,000000E+0	229,000000E-3	368,239000E+3	12,000000E+0
69	16,000000E+0	0,000000E+0	229,000000E-3	368,239000E+3	12,000000E+0
70	16,000000E+0	0,000000E+0	229,000000E-3	368,239000E+3	12,000000E+0
71	16,000000E+0	0,000000E+0	229,000000E-3	368,239000E+3	12,000000E+0
72	16,000000E+0	0,000000E+0	229,000000E-3	368,242000E+3	12,000000E+0
73	16,000000E+0	0,000000E+0	229,000000E-3	368,242000E+3	12,000000E+0
74	16,000000E+0	0,000000E+0	229,000000E-3	368,242000E+3	12,000000E+0
75	16,000000E+0	0,000000E+0	229,000000E-3	368,242000E+3	12,000000E+0
76	16,000000E+0	0,000000E+0	229,000000E-3	368,244000E+3	12,000000E+0
77	16,000000E+0	0,000000E+0	229,000000E-3	368,244000E+3	12,000000E+0
78	16,000000E+0	0,000000E+0	229,000000E-3	368,244000E+3	12,000000E+0
79	16,000000E+0	0,000000E+0	229,000000E-3	368,244000E+3	12,000000E+0
80	16,000000E+0	0,000000E+0	458,000000E-3	368,247000E+3	12,000000E+0
81	16,000000E+0	0,000000E+0	458,000000E-3	368,247000E+3	12,000000E+0
82	16,000000E+0	0,000000E+0	458,000000E-3	368,247000E+3	12,000000E+0
83	16,000000E+0	0,000000E+0	458,000000E-3	368,247000E+3	12,000000E+0
84	16,000000E+0	0,000000E+0	229,000000E-3	368,249000E+3	12,000000E+0
85	16,000000E+0	0,000000E+0	229,000000E-3	368,249000E+3	12,000000E+0
86	16,000000E+0	0,000000E+0	229,000000E-3	368,249000E+3	12,000000E+0
87	16,000000E+0	0,000000E+0	229,000000E-3	368,249000E+3	12,000000E+0
88	16,000000E+0	0,000000E+0	458,000000E-3	368,252000E+3	12,000000E+0
89	16,000000E+0	0,000000E+0	458,000000E-3	368,252000E+3	12,000000E+0
90	16,000000E+0	0,000000E+0	458,000000E-3	368,252000E+3	12,000000E+0
91	16,000000E+0	0,000000E+0	458,000000E-3	368,252000E+3	12,000000E+0
92	16,000000E+0	0,000000E+0	458,000000E-3	368,254000E+3	12,000000E+0
93	16,000000E+0	0,000000E+0	458,000000E-3	368,254000E+3	12,000000E+0
94	16,000000E+0	0,000000E+0	458,000000E-3	368,254000E+3	12,000000E+0
95	16,000000E+0	0,000000E+0	458,000000E-3	368,254000E+3	12,000000E+0
96	16,000000E+0	0,000000E+0	458,000000E-3	368,257000E+3	12,000000E+0
97	16,000000E+0	0,000000E+0	458,000000E-3	368,257000E+3	12,000000E+0
98	16,000000E+0	0,000000E+0	458,000000E-3	368,257000E+3	12,000000E+0
99	16,000000E+0	0,000000E+0	458,000000E-3	368,257000E+3	12,000000E+0
100	15,000000E+0	0,000000E+0	458,000000E-3	368,260000E+3	12,000000E+0
101	15,000000E+0	0,000000E+0	458,000000E-3	368,260000E+3	12,000000E+0
102	15,000000E+0	0,000000E+0	458,000000E-3	368,260000E+3	12,000000E+0
