vendredi 22 décembre 2023	17:08:51	Sampling Period : 40  ms		
Unities: time [sample], PWM [raw], Current [mA], velocity [rev/min], Position [pulse], Present Input Voltage [V]

t	DXL_PWM		DXL_Current		DXL_Velocity		DXL_Position		DXL_Input_Voltage
0	7,000000E+0	2,690000E+0	0,000000E+0	1,023000E+3	11,900000E+0
1	7,000000E+0	0,000000E+0	0,000000E+0	1,023000E+3	11,900000E+0
2	14,000000E+0	5,380000E+0	0,000000E+0	1,022000E+3	11,900000E+0
3	0,000000E+0	0,000000E+0	229,000000E-3	1,024000E+3	11,900000E+0
4	14,000000E+0	0,000000E+0	0,000000E+0	1,023000E+3	11,900000E+0
5	7,000000E+0	5,380000E+0	0,000000E+0	1,022000E+3	11,900000E+0
6	7,000000E+0	0,000000E+0	229,000000E-3	1,023000E+3	11,900000E+0
7	14,000000E+0	8,070000E+0	0,000000E+0	1,022000E+3	11,900000E+0
8	7,000000E+0	5,380000E+0	0,000000E+0	1,022000E+3	11,900000E+0
9	14,000000E+0	8,070000E+0	0,000000E+0	1,022000E+3	11,900000E+0
10	14,000000E+0	5,380000E+0	0,000000E+0	1,023000E+3	11,900000E+0
11	14,000000E+0	8,070000E+0	0,000000E+0	1,022000E+3	11,900000E+0
12	14,000000E+0	2,690000E+0	0,000000E+0	1,022000E+3	11,900000E+0
13	14,000000E+0	0,000000E+0	0,000000E+0	1,022000E+3	11,900000E+0
14	7,000000E+0	0,000000E+0	0,000000E+0	1,023000E+3	11,900000E+0
15	7,000000E+0	2,690000E+0	0,000000E+0	1,022000E+3	11,900000E+0
16	14,000000E+0	5,380000E+0	0,000000E+0	1,023000E+3	11,900000E+0
17	14,000000E+0	0,000000E+0	0,000000E+0	1,023000E+3	11,900000E+0
18	7,000000E+0	0,000000E+0	0,000000E+0	1,023000E+3	11,900000E+0
19	0,000000E+0	0,000000E+0	0,000000E+0	1,024000E+3	11,900000E+0
20	7,000000E+0	0,000000E+0	0,000000E+0	1,024000E+3	11,900000E+0
21	7,000000E+0	0,000000E+0	-687,000000E-3	1,023000E+3	11,900000E+0
22	28,000000E+0	29,590000E+0	-916,000000E-3	1,020000E+3	11,900000E+0
23	35,000000E+0	67,250000E+0	-916,000000E-3	1,019000E+3	11,900000E+0
24	14,000000E+0	18,830000E+0	0,000000E+0	1,021000E+3	11,900000E+0
25	0,000000E+0	8,070000E+0	458,000000E-3	1,023000E+3	11,900000E+0
26	65,528000E+3	5,380000E+0	687,000000E-3	1,025000E+3	11,900000E+0
27	65,521000E+3	0,000000E+0	916,000000E-3	1,026000E+3	11,900000E+0
28	65,521000E+3	0,000000E+0	687,000000E-3	1,025000E+3	11,900000E+0
29	65,514000E+3	176,267630E+3	687,000000E-3	1,028000E+3	11,900000E+0
30	65,528000E+3	176,289150E+3	229,000000E-3	1,025000E+3	11,900000E+0
31	14,000000E+0	0,000000E+0	0,000000E+0	1,022000E+3	11,900000E+0
32	21,000000E+0	8,070000E+0	-687,000000E-3	261,629000E+3	3,046400E+3
33	21,000000E+0	16,140000E+0	-916,000000E-3	261,629000E+3	3,046400E+3
34	21,000000E+0	18,830000E+0	-687,000000E-3	261,629000E+3	3,046400E+3
35	7,000000E+0	0,000000E+0	0,000000E+0	1,023000E+3	11,900000E+0
36	14,000000E+0	0,000000E+0	0,000000E+0	1,023000E+3	11,900000E+0
37	7,000000E+0	0,000000E+0	0,000000E+0	1,023000E+3	11,900000E+0
38	7,000000E+0	0,000000E+0	0,000000E+0	1,024000E+3	11,900000E+0
39	0,000000E+0	0,000000E+0	-229,000000E-3	1,024000E+3	11,900000E+0
40	7,000000E+0	0,000000E+0	-687,000000E-3	1,023000E+3	11,900000E+0
41	28,000000E+0	29,590000E+0	-1,145000E+0	1,020000E+3	11,900000E+0
42	35,000000E+0	67,250000E+0	-916,000000E-3	1,019000E+3	11,800000E+0
43	21,000000E+0	21,520000E+0	229,000000E-3	1,021000E+3	11,900000E+0
44	0,000000E+0	8,070000E+0	458,000000E-3	1,024000E+3	11,900000E+0
45	65,521000E+3	0,000000E+0	916,000000E-3	1,025000E+3	11,800000E+0
46	65,521000E+3	0,000000E+0	1,145000E+0	1,027000E+3	11,900000E+0
47	65,528000E+3	0,000000E+0	687,000000E-3	1,025000E+3	11,900000E+0
48	65,514000E+3	176,264940E+3	687,000000E-3	1,028000E+3	11,900000E+0
49	65,528000E+3	176,289150E+3	229,000000E-3	1,025000E+3	11,900000E+0
50	14,000000E+0	0,000000E+0	0,000000E+0	1,022000E+3	11,900000E+0
51	21,000000E+0	8,070000E+0	-687,000000E-3	261,629000E+3	3,046400E+3
52	21,000000E+0	10,760000E+0	-916,000000E-3	261,629000E+3	3,046400E+3
53	21,000000E+0	21,520000E+0	-916,000000E-3	261,629000E+3	3,046400E+3
54	14,000000E+0	0,000000E+0	0,000000E+0	1,023000E+3	11,900000E+0
55	7,000000E+0	0,000000E+0	0,000000E+0	1,023000E+3	11,900000E+0
56	14,000000E+0	0,000000E+0	0,000000E+0	1,023000E+3	11,900000E+0
57	7,000000E+0	0,000000E+0	0,000000E+0	1,023000E+3	11,900000E+0
58	0,000000E+0	0,000000E+0	-229,000000E-3	1,024000E+3	11,900000E+0
59	7,000000E+0	0,000000E+0	-687,000000E-3	1,023000E+3	11,900000E+0
60	28,000000E+0	26,900000E+0	-1,145000E+0	1,020000E+3	11,900000E+0
61	35,000000E+0	64,560000E+0	-687,000000E-3	1,019000E+3	11,800000E+0
62	14,000000E+0	16,140000E+0	229,000000E-3	1,021000E+3	11,900000E+0
63	0,000000E+0	8,070000E+0	458,000000E-3	1,023000E+3	11,900000E+0
64	65,528000E+3	2,690000E+0	687,000000E-3	1,025000E+3	11,800000E+0
65	65,521000E+3	0,000000E+0	916,000000E-3	1,026000E+3	11,900000E+0
66	65,528000E+3	0,000000E+0	916,000000E-3	1,025000E+3	11,900000E+0
67	65,514000E+3	176,264940E+3	687,000000E-3	1,028000E+3	11,900000E+0
68	65,528000E+3	0,000000E+0	229,000000E-3	1,025000E+3	11,900000E+0
69	14,000000E+0	0,000000E+0	0,000000E+0	1,022000E+3	11,900000E+0
70	21,000000E+0	2,690000E+0	-458,000000E-3	261,629000E+3	3,046400E+3
71	21,000000E+0	10,760000E+0	-916,000000E-3	261,629000E+3	3,046400E+3
72	21,000000E+0	21,520000E+0	-916,000000E-3	261,629000E+3	3,046400E+3
73	7,000000E+0	0,000000E+0	0,000000E+0	1,023000E+3	11,900000E+0
74	14,000000E+0	2,690000E+0	0,000000E+0	1,023000E+3	11,900000E+0
75	14,000000E+0	0,000000E+0	0,000000E+0	1,023000E+3	11,900000E+0
76	7,000000E+0	0,000000E+0	0,000000E+0	1,023000E+3	11,900000E+0
77	0,000000E+0	0,000000E+0	-229,000000E-3	1,024000E+3	11,900000E+0
78	7,000000E+0	0,000000E+0	-687,000000E-3	1,023000E+3	11,900000E+0
79	28,000000E+0	26,900000E+0	-1,145000E+0	1,019000E+3	11,900000E+0
80	35,000000E+0	67,250000E+0	-916,000000E-3	1,019000E+3	11,800000E+0
81	14,000000E+0	16,140000E+0	229,000000E-3	1,021000E+3	11,900000E+0
82	7,000000E+0	8,070000E+0	458,000000E-3	1,022000E+3	11,900000E+0
83	65,528000E+3	2,690000E+0	916,000000E-3	1,025000E+3	11,900000E+0
84	65,521000E+3	0,000000E+0	1,145000E+0	1,026000E+3	11,900000E+0
85	65,528000E+3	0,000000E+0	687,000000E-3	1,025000E+3	11,900000E+0
86	65,507000E+3	176,262250E+3	916,000000E-3	1,028000E+3	11,900000E+0
87	65,528000E+3	0,000000E+0	229,000000E-3	1,025000E+3	11,900000E+0
88	7,000000E+0	0,000000E+0	0,000000E+0	1,022000E+3	11,900000E+0
89	21,000000E+0	8,070000E+0	-687,000000E-3	261,629000E+3	3,046400E+3
90	21,000000E+0	16,140000E+0	-916,000000E-3	261,629000E+3	3,046400E+3
91	14,000000E+0	0,000000E+0	0,000000E+0	1,023000E+3	11,900000E+0
92	7,000000E+0	0,000000E+0	0,000000E+0	1,023000E+3	11,900000E+0
93	7,000000E+0	2,690000E+0	0,000000E+0	1,023000E+3	11,900000E+0
94	7,000000E+0	0,000000E+0	0,000000E+0	1,023000E+3	11,900000E+0
95	0,000000E+0	0,000000E+0	-229,000000E-3	1,024000E+3	11,900000E+0
96	14,000000E+0	0,000000E+0	-916,000000E-3	1,022000E+3	11,900000E+0
97	28,000000E+0	29,590000E+0	-916,000000E-3	1,020000E+3	11,900000E+0
98	35,000000E+0	67,250000E+0	-916,000000E-3	1,019000E+3	11,900000E+0
99	14,000000E+0	18,830000E+0	229,000000E-3	1,021000E+3	11,900000E+0
100	7,000000E+0	8,070000E+0	458,000000E-3	1,023000E+3	11,900000E+0
101	65,528000E+3	2,690000E+0	687,000000E-3	1,025000E+3	11,900000E+0
102	65,521000E+3	0,000000E+0	916,000000E-3	1,026000E+3	11,900000E+0
103	65,528000E+3	0,000000E+0	916,000000E-3	1,025000E+3	11,900000E+0
104	65,514000E+3	176,262250E+3	687,000000E-3	1,028000E+3	11,900000E+0
105	65,528000E+3	176,289150E+3	229,000000E-3	1,025000E+3	11,900000E+0
106	14,000000E+0	0,000000E+0	0,000000E+0	1,022000E+3	11,900000E+0
107	21,000000E+0	5,380000E+0	-687,000000E-3	261,629000E+3	3,046400E+3
108	21,000000E+0	13,450000E+0	-916,000000E-3	261,629000E+3	3,046400E+3
109	14,000000E+0	16,140000E+0	-687,000000E-3	1,022000E+3	11,900000E+0
110	7,000000E+0	0,000000E+0	0,000000E+0	1,023000E+3	11,900000E+0
111	14,000000E+0	0,000000E+0	0,000000E+0	1,023000E+3	11,900000E+0
112	7,000000E+0	0,000000E+0	0,000000E+0	1,023000E+3	11,900000E+0
113	0,000000E+0	0,000000E+0	-229,000000E-3	1,024000E+3	11,900000E+0
114	7,000000E+0	0,000000E+0	-687,000000E-3	1,023000E+3	11,900000E+0
115	28,000000E+0	29,590000E+0	-916,000000E-3	1,020000E+3	11,900000E+0
116	35,000000E+0	75,320000E+0	-916,000000E-3	1,019000E+3	11,800000E+0
117	14,000000E+0	16,140000E+0	229,000000E-3	1,021000E+3	11,900000E+0
118	0,000000E+0	8,070000E+0	458,000000E-3	1,023000E+3	11,900000E+0
119	65,528000E+3	2,690000E+0	916,000000E-3	1,025000E+3	11,900000E+0
120	65,521000E+3	0,000000E+0	1,145000E+0	1,026000E+3	11,900000E+0
121	65,528000E+3	0,000000E+0	916,000000E-3	1,025000E+3	11,900000E+0
122	65,507000E+3	176,259560E+3	687,000000E-3	1,027000E+3	11,900000E+0
123	65,528000E+3	0,000000E+0	229,000000E-3	1,025000E+3	11,900000E+0
124	14,000000E+0	0,000000E+0	-229,000000E-3	1,022000E+3	11,900000E+0
125	21,000000E+0	5,380000E+0	-687,000000E-3	261,629000E+3	3,046400E+3
126	21,000000E+0	13,450000E+0	-916,000000E-3	261,629000E+3	3,046400E+3
127	21,000000E+0	16,140000E+0	-687,000000E-3	1,022000E+3	11,900000E+0
128	7,000000E+0	0,000000E+0	0,000000E+0	1,023000E+3	11,900000E+0
129	0,000000E+0	176,289150E+3	-229,000000E-3	1,024000E+3	11,900000E+0
130	7,000000E+0	0,000000E+0	-687,000000E-3	1,023000E+3	11,900000E+0
131	28,000000E+0	32,280000E+0	-916,000000E-3	1,020000E+3	11,900000E+0
132	35,000000E+0	67,250000E+0	-687,000000E-3	1,019000E+3	11,800000E+0
133	14,000000E+0	18,830000E+0	229,000000E-3	1,021000E+3	11,800000E+0
134	7,000000E+0	8,070000E+0	458,000000E-3	1,023000E+3	11,900000E+0
135	65,521000E+3	0,000000E+0	916,000000E-3	1,025000E+3	11,900000E+0
136	65,521000E+3	0,000000E+0	1,145000E+0	1,026000E+3	11,900000E+0
137	65,528000E+3	0,000000E+0	687,000000E-3	1,025000E+3	11,900000E+0
138	65,507000E+3	176,264940E+3	687,000000E-3	1,027000E+3	11,900000E+0
139	65,528000E+3	176,289150E+3	229,000000E-3	1,025000E+3	11,900000E+0
140	14,000000E+0	0,000000E+0	0,000000E+0	1,022000E+3	11,900000E+0
141	21,000000E+0	5,380000E+0	-687,000000E-3	261,629000E+3	3,046400E+3
142	21,000000E+0	13,450000E+0	-916,000000E-3	261,629000E+3	3,046400E+3
143	21,000000E+0	16,140000E+0	-916,000000E-3	261,629000E+3	3,046400E+3
144	14,000000E+0	0,000000E+0	0,000000E+0	1,023000E+3	11,900000E+0
145	7,000000E+0	0,000000E+0	0,000000E+0	1,023000E+3	11,900000E+0
146	0,000000E+0	0,000000E+0	-458,000000E-3	1,024000E+3	11,900000E+0
147	7,000000E+0	0,000000E+0	-687,000000E-3	1,023000E+3	11,900000E+0
148	35,000000E+0	32,280000E+0	-1,145000E+0	1,019000E+3	11,900000E+0
149	35,000000E+0	64,560000E+0	-687,000000E-3	1,019000E+3	11,800000E+0
150	14,000000E+0	18,830000E+0	229,000000E-3	1,021000E+3	11,800000E+0
151	0,000000E+0	8,070000E+0	458,000000E-3	1,024000E+3	11,900000E+0
152	65,521000E+3	2,690000E+0	687,000000E-3	1,025000E+3	11,900000E+0
153	65,521000E+3	0,000000E+0	916,000000E-3	1,026000E+3	11,900000E+0
154	65,528000E+3	0,000000E+0	916,000000E-3	1,025000E+3	11,900000E+0
155	65,507000E+3	176,264940E+3	687,000000E-3	1,028000E+3	11,900000E+0
156	65,528000E+3	176,289150E+3	229,000000E-3	1,025000E+3	11,900000E+0
157	14,000000E+0	0,000000E+0	0,000000E+0	1,022000E+3	11,900000E+0
158	21,000000E+0	5,380000E+0	-687,000000E-3	261,629000E+3	3,046400E+3
159	65,528000E+3	0,000000E+0	229,000000E-3	1,025000E+3	11,900000E+0
160	21,000000E+0	5,380000E+0	-229,000000E-3	1,022000E+3	11,900000E+0
161	14,000000E+0	8,070000E+0	-458,000000E-3	1,022000E+3	11,900000E+0
162	7,000000E+0	0,000000E+0	0,000000E+0	1,023000E+3	11,900000E+0
163	0,000000E+0	0,000000E+0	0,000000E+0	1,024000E+3	11,900000E+0
164	7,000000E+0	0,000000E+0	-458,000000E-3	1,023000E+3	11,900000E+0
165	14,000000E+0	0,000000E+0	-687,000000E-3	1,023000E+3	11,900000E+0
166	35,000000E+0	32,280000E+0	-1,374000E+0	1,019000E+3	11,900000E+0
167	35,000000E+0	72,630000E+0	-916,000000E-3	1,019000E+3	11,800000E+0
168	14,000000E+0	13,450000E+0	229,000000E-3	1,022000E+3	11,900000E+0
169	7,000000E+0	8,070000E+0	458,000000E-3	1,022000E+3	11,900000E+0
170	65,521000E+3	0,000000E+0	916,000000E-3	1,025000E+3	11,900000E+0
171	65,521000E+3	0,000000E+0	916,000000E-3	1,026000E+3	11,900000E+0
172	65,528000E+3	0,000000E+0	687,000000E-3	1,025000E+3	11,900000E+0
173	65,507000E+3	176,259560E+3	687,000000E-3	1,028000E+3	11,900000E+0
174	65,528000E+3	0,000000E+0	229,000000E-3	1,025000E+3	11,900000E+0
175	14,000000E+0	0,000000E+0	0,000000E+0	1,022000E+3	11,900000E+0
176	21,000000E+0	8,070000E+0	-687,000000E-3	1,022000E+3	11,900000E+0
177	21,000000E+0	16,140000E+0	-916,000000E-3	261,629000E+3	3,046400E+3
178	7,000000E+0	0,000000E+0	0,000000E+0	1,023000E+3	11,900000E+0
179	14,000000E+0	0,000000E+0	0,000000E+0	1,023000E+3	11,900000E+0
180	7,000000E+0	0,000000E+0	0,000000E+0	1,022000E+3	11,900000E+0
181	7,000000E+0	0,000000E+0	0,000000E+0	1,023000E+3	11,900000E+0
182	0,000000E+0	0,000000E+0	-229,000000E-3	1,024000E+3	11,900000E+0
183	7,000000E+0	0,000000E+0	-687,000000E-3	1,023000E+3	11,900000E+0
184	28,000000E+0	26,900000E+0	-1,145000E+0	1,020000E+3	11,900000E+0
185	35,000000E+0	67,250000E+0	-916,000000E-3	1,019000E+3	11,900000E+0
186	14,000000E+0	18,830000E+0	229,000000E-3	1,021000E+3	11,800000E+0
187	0,000000E+0	10,760000E+0	458,000000E-3	1,022000E+3	11,900000E+0
188	65,528000E+3	2,690000E+0	687,000000E-3	1,025000E+3	11,900000E+0
189	65,521000E+3	0,000000E+0	916,000000E-3	1,026000E+3	11,900000E+0
190	65,528000E+3	0,000000E+0	687,000000E-3	1,025000E+3	11,900000E+0
191	65,507000E+3	176,256870E+3	916,000000E-3	1,028000E+3	11,900000E+0
192	65,528000E+3	0,000000E+0	229,000000E-3	1,025000E+3	11,900000E+0
193	14,000000E+0	0,000000E+0	0,000000E+0	1,022000E+3	11,900000E+0
194	21,000000E+0	5,380000E+0	-687,000000E-3	261,629000E+3	3,046400E+3
195	21,000000E+0	13,450000E+0	-916,000000E-3	261,629000E+3	3,046400E+3
196	14,000000E+0	13,450000E+0	-687,000000E-3	261,629000E+3	3,046400E+3
197	7,000000E+0	0,000000E+0	0,000000E+0	1,023000E+3	11,900000E+0
198	14,000000E+0	0,000000E+0	0,000000E+0	1,023000E+3	11,900000E+0
199	7,000000E+0	0,000000E+0	0,000000E+0	1,023000E+3	11,900000E+0
200	0,000000E+0	0,000000E+0	-229,000000E-3	1,024000E+3	11,900000E+0
201	7,000000E+0	0,000000E+0	-687,000000E-3	1,022000E+3	11,900000E+0
202	28,000000E+0	29,590000E+0	-916,000000E-3	1,020000E+3	11,900000E+0
203	35,000000E+0	72,630000E+0	-916,000000E-3	1,019000E+3	11,900000E+0
204	21,000000E+0	24,210000E+0	229,000000E-3	1,021000E+3	11,800000E+0
205	0,000000E+0	8,070000E+0	458,000000E-3	1,023000E+3	11,900000E+0
206	65,528000E+3	0,000000E+0	916,000000E-3	1,025000E+3	11,800000E+0
207	65,521000E+3	0,000000E+0	1,145000E+0	1,026000E+3	11,900000E+0
208	65,528000E+3	0,000000E+0	687,000000E-3	1,025000E+3	11,900000E+0
209	65,514000E+3	176,264940E+3	687,000000E-3	1,028000E+3	11,900000E+0
210	65,528000E+3	176,289150E+3	229,000000E-3	1,025000E+3	11,900000E+0
211	14,000000E+0	0,000000E+0	0,000000E+0	1,022000E+3	11,900000E+0
212	21,000000E+0	8,070000E+0	-687,000000E-3	261,629000E+3	3,046400E+3
213	21,000000E+0	16,140000E+0	-916,000000E-3	261,629000E+3	3,046400E+3
214	14,000000E+0	16,140000E+0	-687,000000E-3	261,629000E+3	3,046400E+3
215	7,000000E+0	0,000000E+0	0,000000E+0	1,023000E+3	11,900000E+0
216	7,000000E+0	0,000000E+0	0,000000E+0	1,022000E+3	11,900000E+0
217	7,000000E+0	0,000000E+0	0,000000E+0	1,023000E+3	11,900000E+0
218	0,000000E+0	0,000000E+0	-458,000000E-3	1,024000E+3	11,900000E+0
219	7,000000E+0	0,000000E+0	-687,000000E-3	1,023000E+3	11,900000E+0
220	28,000000E+0	29,590000E+0	-916,000000E-3	1,020000E+3	11,900000E+0
221	35,000000E+0	72,630000E+0	-916,000000E-3	1,019000E+3	11,800000E+0
222	14,000000E+0	16,140000E+0	229,000000E-3	1,021000E+3	11,900000E+0
223	0,000000E+0	8,070000E+0	458,000000E-3	1,023000E+3	11,900000E+0
224	65,528000E+3	0,000000E+0	687,000000E-3	1,025000E+3	11,900000E+0
225	65,521000E+3	0,000000E+0	1,145000E+0	1,026000E+3	11,900000E+0
226	65,528000E+3	0,000000E+0	687,000000E-3	1,025000E+3	11,900000E+0
227	65,514000E+3	176,262250E+3	687,000000E-3	1,028000E+3	11,900000E+0
228	65,528000E+3	176,289150E+3	229,000000E-3	1,025000E+3	11,900000E+0
229	14,000000E+0	0,000000E+0	0,000000E+0	1,022000E+3	11,900000E+0
230	21,000000E+0	5,380000E+0	-687,000000E-3	261,629000E+3	3,046400E+3
231	21,000000E+0	16,140000E+0	-916,000000E-3	261,629000E+3	3,046400E+3
232	21,000000E+0	16,140000E+0	-687,000000E-3	261,629000E+3	3,046400E+3
233	7,000000E+0	0,000000E+0	0,000000E+0	1,023000E+3	11,900000E+0
234	14,000000E+0	0,000000E+0	0,000000E+0	1,023000E+3	11,900000E+0
235	7,000000E+0	0,000000E+0	0,000000E+0	1,023000E+3	11,900000E+0
236	7,000000E+0	0,000000E+0	-458,000000E-3	1,024000E+3	11,900000E+0
237	7,000000E+0	0,000000E+0	-687,000000E-3	1,023000E+3	11,900000E+0
238	28,000000E+0	18,830000E+0	-916,000000E-3	261,629000E+3	3,046400E+3
239	28,000000E+0	43,040000E+0	-916,000000E-3	1,020000E+3	11,900000E+0
240	65,528000E+3	2,690000E+0	687,000000E-3	1,025000E+3	11,900000E+0
241	65,521000E+3	0,000000E+0	916,000000E-3	1,026000E+3	11,900000E+0
242	65,528000E+3	0,000000E+0	916,000000E-3	1,025000E+3	11,900000E+0
243	65,521000E+3	0,000000E+0	687,000000E-3	1,026000E+3	11,900000E+0
244	14,000000E+0	2,690000E+0	0,000000E+0	1,022000E+3	11,900000E+0
245	7,000000E+0	0,000000E+0	0,000000E+0	1,022000E+3	11,900000E+0
246	7,000000E+0	2,690000E+0	0,000000E+0	1,023000E+3	11,900000E+0
