vendredi 22 décembre 2023	17:07:23	Sampling Period : 40  ms CETTE PRISE DE DONNEE EST CASSEE
Unities: time [sample], PWM [raw], Current [mA], velocity [rev/min], Position [pulse], Present Input Voltage [V]

t	DXL_PWM		DXL_Current		DXL_Velocity		DXL_Position		DXL_Input_Voltage
0	253,000000E+0	20,661890E+3	26,898860E+6	256,000000E+0	0,000000E+0
1	30,000000E+0	228,650000E+0	-105,091306E+3	-1,000000E+0	99,500000E+0
2	30,000000E+0	228,650000E+0	14,965837E+3	-10,000000E+0	95,800000E+0
3	65,353000E+3	176,286460E+3	-2,519000E+0	949,000000E+0	11,900000E+0
4	65,360000E+3	176,267630E+3	-2,290000E+0	915,000000E+0	11,900000E+0
5	65,374000E+3	176,267630E+3	-2,061000E+0	883,000000E+0	11,900000E+0
6	65,381000E+3	176,238040E+3	-2,061000E+0	855,000000E+0	11,900000E+0
7	65,388000E+3	176,240730E+3	-1,832000E+0	830,000000E+0	11,900000E+0
8	65,388000E+3	176,219210E+3	-1,603000E+0	807,000000E+0	11,900000E+0
9	65,409000E+3	176,211140E+3	-1,603000E+0	788,000000E+0	11,900000E+0
10	65,416000E+3	176,189620E+3	-1,145000E+0	772,000000E+0	11,900000E+0
11	65,423000E+3	176,178860E+3	-687,000000E-3	760,000000E+0	11,900000E+0
12	65,444000E+3	176,189620E+3	-458,000000E-3	751,000000E+0	11,900000E+0
13	65,472000E+3	176,195000E+3	0,000000E+0	747,000000E+0	11,900000E+0
14	65,402000E+3	176,184240E+3	-229,000000E-3	743,000000E+0	11,900000E+0
15	65,233000E+3	176,133130E+3	-2,061000E+0	717,000000E+0	11,900000E+0
16	65,142000E+3	176,119680E+3	-4,122000E+0	662,000000E+0	11,900000E+0
17	65,135000E+3	176,103540E+3	-5,267000E+0	593,000000E+0	11,900000E+0
18	30,000000E+0	228,650000E+0	-1,095640E+6	-20,000000E+0	48,700000E+0
19	65,023000E+3	688,640000E+0	1,275665E+6	-4,128937E+6	0,000000E+0
20	65,473000E+3	174,911870E+3	450,290944E+3	85,000000E+0	0,000000E+0
21	51,148000E+3	176,289150E+3	115,274540E+6	-1,476373E+9	200,000000E-3
22	16,384000E+3	176,065880E+3	3,856873E+6	5,570590E+6	56,100000E+0
23	256,000000E+0	80,700000E+0	1,785941E+6	720,885000E+3	0,000000E+0
24	256,000000E+0	80,700000E+0	2,416266E+6	786,423000E+3	0,000000E+0
25	65,023000E+3	688,640000E+0	1,275665E+6	-1,048471E+6	0,000000E+0
26	65,535000E+3	680,570000E+0	326,570268E+6	-301,977344E+6	0,000000E+0
27	256,000000E+0	80,700000E+0	315,182089E+3	524,265000E+3	0,000000E+0
28	65,467000E+3	174,911870E+3	450,290944E+3	917,589000E+3	0,000000E+0
29	65,459000E+3	174,911870E+3	450,290944E+3	1,376341E+6	0,000000E+0
30	65,023000E+3	688,640000E+0	1,275665E+6	-786,397000E+3	0,000000E+0
31	46,403000E+3	176,289150E+3	115,274540E+6	1,291867E+9	300,000000E-3
32	256,000000E+0	80,700000E+0	2,521320E+6	720,887000E+3	0,000000E+0
33	256,000000E+0	80,700000E+0	5,793009E+6	1,310713E+6	0,000000E+0
34	256,000000E+0	80,700000E+0	5,372792E+6	1,638397E+6	0,000000E+0
35	256,000000E+0	80,700000E+0	-2,431235E+6	720,862000E+3	0,000000E+0
36	65,023000E+3	688,640000E+0	1,275665E+6	-3,342815E+6	0,000000E+0
37	253,000000E+0	20,661890E+3	-357,299386E+6	-503,329539E+6	0,000000E+0
38	65,523000E+3	174,911870E+3	450,290944E+3	-38,731691E+6	0,000000E+0
39	65,535000E+3	680,570000E+0	326,570268E+6	-671,198464E+6	0,000000E+0
40	253,000000E+0	20,661890E+3	280,469703E+6	-302,000641E+6	0,000000E+0
41	65,535000E+3	680,570000E+0	326,570268E+6	-335,537152E+6	0,000000E+0
42	65,023000E+3	688,640000E+0	1,275665E+6	-982,900000E+3	0,000000E+0
43	65,023000E+3	688,640000E+0	1,275665E+6	-458,626000E+3	0,000000E+0
44	17,040000E+3	176,289150E+3	115,274540E+6	-1,358933E+9	200,000000E-3
45	44,032000E+3	176,057810E+3	3,856873E+6	5,570590E+6	67,700000E+0
46	19,710000E+3	176,289150E+3	115,274540E+6	822,105344E+6	200,000000E-3
47	65,023000E+3	688,640000E+0	1,275665E+6	-1,441771E+6	0,000000E+0
48	65,023000E+3	688,640000E+0	1,275665E+6	-983,019000E+3	0,000000E+0
49	53,256000E+3	176,289150E+3	115,274540E+6	352,343296E+6	200,000000E-3
50	65,535000E+3	680,570000E+0	326,570268E+6	-167,763200E+6	0,000000E+0
51	63,198000E+3	176,289150E+3	115,274540E+6	1,291867E+9	300,000000E-3
52	253,000000E+0	20,661890E+3	-311,195597E+6	167,770368E+6	0,000000E+0
53	65,023000E+3	688,640000E+0	1,275665E+6	-327,287000E+3	0,000000E+0
54	65,023000E+3	688,640000E+0	1,275665E+6	-65,171000E+3	0,000000E+0
55	253,000000E+0	20,661890E+3	361,151335E+6	184,540671E+6	0,000000E+0
56	13,603000E+3	176,289150E+3	115,274540E+6	318,788864E+6	300,000000E-3
57	65,023000E+3	688,640000E+0	1,275665E+6	-3,277405E+6	0,000000E+0
58	65,023000E+3	688,640000E+0	1,275665E+6	-3,539535E+6	0,000000E+0
59	65,535000E+3	174,911870E+3	450,290944E+3	-30,015403E+6	0,000000E+0
60	6,215000E+3	176,289150E+3	115,274540E+6	1,224759E+9	200,000000E-3
61	65,023000E+3	688,640000E+0	1,275665E+6	-1,310692E+6	0,000000E+0
62	253,000000E+0	20,661890E+3	-445,664983E+6	134,212864E+6	0,000000E+0
63	119,000000E+0	176,262250E+3	2,061000E+0	602,000000E+0	11,900000E+0
64	168,000000E+0	176,273010E+3	2,519000E+0	636,000000E+0	11,900000E+0
65	112,000000E+0	176,259560E+3	2,519000E+0	677,000000E+0	11,900000E+0
66	49,000000E+0	176,248800E+3	2,061000E+0	705,000000E+0	11,900000E+0
67	21,000000E+0	176,229970E+3	1,603000E+0	723,000000E+0	12,000000E+0
68	14,000000E+0	176,246110E+3	916,000000E-3	733,000000E+0	12,000000E+0
69	21,000000E+0	176,259560E+3	687,000000E-3	742,000000E+0	12,000000E+0
70	35,000000E+0	176,262250E+3	687,000000E-3	753,000000E+0	12,000000E+0
71	77,000000E+0	176,267630E+3	1,145000E+0	768,000000E+0	12,000000E+0
72	168,000000E+0	176,270320E+3	2,290000E+0	795,000000E+0	11,900000E+0
73	386,000000E+0	176,281080E+3	4,351000E+0	847,000000E+0	11,900000E+0
74	358,000000E+0	176,289150E+3	5,496000E+0	926,000000E+0	11,900000E+0
75	65,374000E+3	176,200380E+3	2,519000E+0	974,000000E+0	11,900000E+0
76	65,050000E+3	176,157340E+3	-2,748000E+0	924,000000E+0	11,900000E+0
77	64,931000E+3	176,154650E+3	-7,099000E+0	821,000000E+0	11,900000E+0
78	64,945000E+3	176,149270E+3	-8,473000E+0	704,000000E+0	11,900000E+0
79	65,100000E+3	176,181550E+3	-6,870000E+0	606,000000E+0	11,900000E+0
80	65,360000E+3	176,184240E+3	-4,351000E+0	547,000000E+0	11,900000E+0
81	35,000000E+0	176,238040E+3	-458,000000E-3	541,000000E+0	11,900000E+0
82	147,000000E+0	176,246110E+3	1,603000E+0	566,000000E+0	11,900000E+0
83	119,000000E+0	176,267630E+3	1,832000E+0	602,000000E+0	11,900000E+0
84	175,000000E+0	176,278390E+3	2,290000E+0	636,000000E+0	11,900000E+0
85	105,000000E+0	176,259560E+3	2,748000E+0	677,000000E+0	11,900000E+0
86	49,000000E+0	176,248800E+3	2,061000E+0	705,000000E+0	11,900000E+0
87	21,000000E+0	176,227280E+3	1,603000E+0	722,000000E+0	11,900000E+0
88	14,000000E+0	176,248800E+3	916,000000E-3	733,000000E+0	11,900000E+0
89	21,000000E+0	176,259560E+3	687,000000E-3	742,000000E+0	11,900000E+0
90	35,000000E+0	176,262250E+3	687,000000E-3	753,000000E+0	11,900000E+0
91	77,000000E+0	176,267630E+3	916,000000E-3	768,000000E+0	11,900000E+0
92	168,000000E+0	176,270320E+3	2,061000E+0	795,000000E+0	11,900000E+0
93	386,000000E+0	176,278390E+3	4,122000E+0	846,000000E+0	11,900000E+0
94	358,000000E+0	176,286460E+3	5,496000E+0	926,000000E+0	11,900000E+0
95	65,374000E+3	176,197690E+3	2,290000E+0	973,000000E+0	11,900000E+0
96	65,050000E+3	176,151960E+3	-2,748000E+0	924,000000E+0	11,900000E+0
97	64,931000E+3	176,157340E+3	-7,328000E+0	821,000000E+0	11,900000E+0
98	64,952000E+3	176,154650E+3	-8,473000E+0	704,000000E+0	11,900000E+0
99	65,100000E+3	176,181550E+3	-6,870000E+0	605,000000E+0	11,900000E+0
100	65,360000E+3	176,184240E+3	-4,351000E+0	547,000000E+0	11,900000E+0
101	28,000000E+0	176,238040E+3	-458,000000E-3	542,000000E+0	11,900000E+0
102	147,000000E+0	176,240730E+3	1,603000E+0	566,000000E+0	11,900000E+0
103	119,000000E+0	176,264940E+3	2,061000E+0	602,000000E+0	11,900000E+0
104	168,000000E+0	176,281080E+3	2,290000E+0	636,000000E+0	11,900000E+0
105	105,000000E+0	176,262250E+3	2,748000E+0	677,000000E+0	11,900000E+0
106	49,000000E+0	176,251490E+3	2,061000E+0	705,000000E+0	12,000000E+0
107	14,000000E+0	176,227280E+3	1,603000E+0	723,000000E+0	12,000000E+0
108	14,000000E+0	176,243420E+3	916,000000E-3	733,000000E+0	12,000000E+0
109	21,000000E+0	176,256870E+3	458,000000E-3	742,000000E+0	12,000000E+0
110	35,000000E+0	176,262250E+3	687,000000E-3	754,000000E+0	12,000000E+0
111	77,000000E+0	176,267630E+3	916,000000E-3	768,000000E+0	12,000000E+0
112	168,000000E+0	176,270320E+3	2,061000E+0	795,000000E+0	11,900000E+0
113	386,000000E+0	176,278390E+3	4,351000E+0	846,000000E+0	11,900000E+0
114	358,000000E+0	176,289150E+3	5,496000E+0	927,000000E+0	11,900000E+0
115	65,374000E+3	176,200380E+3	2,290000E+0	973,000000E+0	11,900000E+0
116	65,050000E+3	176,157340E+3	-2,748000E+0	924,000000E+0	11,900000E+0
117	64,931000E+3	176,160030E+3	-7,328000E+0	820,000000E+0	11,800000E+0
118	64,931000E+3	176,160030E+3	-8,015000E+0	706,000000E+0	11,900000E+0
119	65,107000E+3	176,181550E+3	-6,870000E+0	605,000000E+0	11,900000E+0
120	65,360000E+3	176,189620E+3	-4,351000E+0	547,000000E+0	11,900000E+0
121	28,000000E+0	176,235350E+3	-229,000000E-3	542,000000E+0	11,900000E+0
122	154,000000E+0	176,243420E+3	1,374000E+0	564,000000E+0	11,900000E+0
123	119,000000E+0	176,264940E+3	2,061000E+0	602,000000E+0	11,900000E+0
124	168,000000E+0	176,275700E+3	2,519000E+0	636,000000E+0	11,900000E+0
125	105,000000E+0	176,259560E+3	2,748000E+0	677,000000E+0	11,900000E+0
126	49,000000E+0	176,248800E+3	2,061000E+0	705,000000E+0	11,900000E+0
127	21,000000E+0	176,235350E+3	1,603000E+0	722,000000E+0	11,900000E+0
128	14,000000E+0	176,246110E+3	916,000000E-3	733,000000E+0	12,000000E+0
129	21,000000E+0	176,259560E+3	687,000000E-3	742,000000E+0	11,900000E+0
130	35,000000E+0	176,262250E+3	687,000000E-3	753,000000E+0	11,900000E+0
131	77,000000E+0	176,270320E+3	916,000000E-3	768,000000E+0	11,900000E+0
132	175,000000E+0	176,275700E+3	2,061000E+0	794,000000E+0	11,900000E+0
133	393,000000E+0	176,283770E+3	4,122000E+0	846,000000E+0	11,900000E+0
134	365,000000E+0	176,289150E+3	5,496000E+0	925,000000E+0	11,900000E+0
135	65,381000E+3	176,197690E+3	2,290000E+0	973,000000E+0	11,900000E+0
136	65,057000E+3	176,151960E+3	-2,977000E+0	924,000000E+0	11,800000E+0
137	64,839000E+3	176,151960E+3	-4,809000E+0	834,000000E+0	11,800000E+0
138	64,931000E+3	176,186930E+3	-9,618000E+0	705,000000E+0	11,900000E+0
139	65,107000E+3	176,197690E+3	-7,328000E+0	604,000000E+0	11,900000E+0
140	65,353000E+3	176,176170E+3	-4,351000E+0	548,000000E+0	11,900000E+0
141	35,000000E+0	176,240730E+3	-458,000000E-3	542,000000E+0	11,900000E+0
142	147,000000E+0	176,240730E+3	1,603000E+0	566,000000E+0	11,900000E+0
143	119,000000E+0	176,264940E+3	2,061000E+0	603,000000E+0	11,900000E+0
144	168,000000E+0	176,275700E+3	2,290000E+0	636,000000E+0	11,900000E+0
145	105,000000E+0	176,256870E+3	2,748000E+0	677,000000E+0	11,900000E+0
146	49,000000E+0	176,254180E+3	2,061000E+0	705,000000E+0	11,900000E+0
147	21,000000E+0	176,229970E+3	1,603000E+0	722,000000E+0	11,900000E+0
148	14,000000E+0	176,246110E+3	916,000000E-3	733,000000E+0	11,900000E+0
149	21,000000E+0	176,256870E+3	687,000000E-3	742,000000E+0	11,900000E+0
150	35,000000E+0	176,264940E+3	687,000000E-3	753,000000E+0	11,900000E+0
151	77,000000E+0	176,267630E+3	916,000000E-3	768,000000E+0	11,900000E+0
152	175,000000E+0	176,278390E+3	2,061000E+0	794,000000E+0	11,900000E+0
153	386,000000E+0	176,281080E+3	4,122000E+0	846,000000E+0	11,900000E+0
154	358,000000E+0	176,289150E+3	5,496000E+0	926,000000E+0	11,900000E+0
155	65,374000E+3	176,192310E+3	2,519000E+0	973,000000E+0	11,900000E+0
156	65,043000E+3	176,154650E+3	-2,519000E+0	925,000000E+0	11,800000E+0
157	64,931000E+3	176,160030E+3	-7,328000E+0	821,000000E+0	11,900000E+0
158	64,931000E+3	176,154650E+3	-8,015000E+0	705,000000E+0	11,900000E+0
159	65,100000E+3	176,181550E+3	-6,870000E+0	605,000000E+0	11,900000E+0
160	65,360000E+3	176,184240E+3	-4,351000E+0	548,000000E+0	11,900000E+0
161	28,000000E+0	176,238040E+3	-458,000000E-3	542,000000E+0	11,900000E+0
162	140,000000E+0	176,240730E+3	1,603000E+0	566,000000E+0	11,900000E+0
163	119,000000E+0	176,264940E+3	2,061000E+0	602,000000E+0	11,900000E+0
164	168,000000E+0	176,278390E+3	2,290000E+0	636,000000E+0	11,900000E+0
165	105,000000E+0	176,262250E+3	2,748000E+0	677,000000E+0	11,900000E+0
166	49,000000E+0	176,251490E+3	2,061000E+0	705,000000E+0	11,900000E+0
167	21,000000E+0	176,232660E+3	1,603000E+0	722,000000E+0	11,900000E+0
168	14,000000E+0	176,246110E+3	916,000000E-3	733,000000E+0	11,900000E+0
169	21,000000E+0	176,259560E+3	458,000000E-3	742,000000E+0	11,900000E+0
170	35,000000E+0	176,264940E+3	687,000000E-3	753,000000E+0	11,900000E+0
171	77,000000E+0	176,270320E+3	916,000000E-3	768,000000E+0	11,900000E+0
172	168,000000E+0	176,270320E+3	2,290000E+0	795,000000E+0	11,900000E+0
173	386,000000E+0	176,281080E+3	4,122000E+0	846,000000E+0	11,900000E+0
174	365,000000E+0	176,286460E+3	5,267000E+0	925,000000E+0	11,900000E+0
175	65,374000E+3	176,186930E+3	2,519000E+0	974,000000E+0	11,900000E+0
176	65,050000E+3	176,157340E+3	-2,748000E+0	924,000000E+0	11,900000E+0
177	64,931000E+3	176,151960E+3	-7,099000E+0	820,000000E+0	11,900000E+0
178	64,938000E+3	176,151960E+3	-8,244000E+0	705,000000E+0	11,900000E+0
179	65,107000E+3	176,178860E+3	-6,870000E+0	605,000000E+0	11,900000E+0
180	65,360000E+3	176,186930E+3	-4,351000E+0	547,000000E+0	11,900000E+0
181	28,000000E+0	176,238040E+3	-458,000000E-3	541,000000E+0	11,900000E+0
182	140,000000E+0	176,240730E+3	1,603000E+0	566,000000E+0	11,900000E+0
183	126,000000E+0	176,267630E+3	1,832000E+0	602,000000E+0	11,900000E+0
184	168,000000E+0	176,278390E+3	2,290000E+0	636,000000E+0	11,900000E+0
185	105,000000E+0	176,262250E+3	2,519000E+0	677,000000E+0	11,900000E+0
186	49,000000E+0	176,248800E+3	2,061000E+0	705,000000E+0	11,900000E+0
187	21,000000E+0	176,229970E+3	1,603000E+0	722,000000E+0	11,900000E+0
188	14,000000E+0	176,246110E+3	916,000000E-3	733,000000E+0	11,900000E+0
189	21,000000E+0	176,256870E+3	687,000000E-3	742,000000E+0	11,900000E+0
190	35,000000E+0	176,262250E+3	687,000000E-3	753,000000E+0	11,900000E+0
191	77,000000E+0	176,267630E+3	916,000000E-3	768,000000E+0	11,900000E+0
192	168,000000E+0	176,273010E+3	2,290000E+0	795,000000E+0	11,900000E+0
193	393,000000E+0	176,281080E+3	4,122000E+0	846,000000E+0	11,900000E+0
194	358,000000E+0	176,289150E+3	5,496000E+0	927,000000E+0	11,900000E+0
195	65,374000E+3	176,195000E+3	2,290000E+0	973,000000E+0	11,900000E+0
196	65,057000E+3	176,154650E+3	-2,748000E+0	924,000000E+0	11,900000E+0
197	64,931000E+3	176,154650E+3	-7,099000E+0	821,000000E+0	11,900000E+0
198	64,938000E+3	176,151960E+3	-8,244000E+0	705,000000E+0	11,800000E+0
199	65,107000E+3	176,181550E+3	-7,099000E+0	605,000000E+0	11,900000E+0
200	65,367000E+3	176,149270E+3	-4,122000E+0	546,000000E+0	11,900000E+0
201	28,000000E+0	176,240730E+3	-229,000000E-3	542,000000E+0	11,900000E+0
202	147,000000E+0	176,243420E+3	1,603000E+0	566,000000E+0	11,900000E+0
203	119,000000E+0	176,267630E+3	2,061000E+0	602,000000E+0	11,900000E+0
204	168,000000E+0	176,278390E+3	2,290000E+0	636,000000E+0	11,900000E+0
205	105,000000E+0	176,259560E+3	2,519000E+0	677,000000E+0	11,900000E+0
206	49,000000E+0	176,248800E+3	2,061000E+0	705,000000E+0	12,000000E+0
207	14,000000E+0	176,232660E+3	1,603000E+0	723,000000E+0	12,000000E+0
208	14,000000E+0	176,243420E+3	916,000000E-3	733,000000E+0	12,000000E+0
209	14,000000E+0	176,256870E+3	687,000000E-3	743,000000E+0	12,000000E+0
210	35,000000E+0	176,259560E+3	687,000000E-3	753,000000E+0	12,000000E+0
211	77,000000E+0	176,270320E+3	916,000000E-3	768,000000E+0	12,000000E+0
212	168,000000E+0	176,270320E+3	2,061000E+0	795,000000E+0	12,000000E+0
213	386,000000E+0	176,283770E+3	4,351000E+0	846,000000E+0	11,900000E+0
214	358,000000E+0	176,289150E+3	5,496000E+0	926,000000E+0	11,900000E+0
215	65,374000E+3	176,195000E+3	2,290000E+0	974,000000E+0	11,900000E+0
216	65,050000E+3	176,151960E+3	-2,748000E+0	924,000000E+0	11,900000E+0
217	64,924000E+3	176,160030E+3	-7,099000E+0	821,000000E+0	11,900000E+0
218	64,938000E+3	176,151960E+3	-8,244000E+0	705,000000E+0	11,800000E+0
219	65,107000E+3	176,178860E+3	-6,641000E+0	605,000000E+0	11,900000E+0
220	65,360000E+3	176,186930E+3	-4,580000E+0	547,000000E+0	11,900000E+0
221	35,000000E+0	176,238040E+3	-458,000000E-3	541,000000E+0	11,900000E+0
222	147,000000E+0	176,243420E+3	1,603000E+0	566,000000E+0	11,900000E+0
223	119,000000E+0	176,267630E+3	2,061000E+0	602,000000E+0	11,900000E+0
224	168,000000E+0	176,278390E+3	2,519000E+0	636,000000E+0	11,900000E+0
225	105,000000E+0	176,259560E+3	2,748000E+0	677,000000E+0	11,900000E+0
226	49,000000E+0	176,248800E+3	2,061000E+0	705,000000E+0	11,900000E+0
227	21,000000E+0	176,229970E+3	1,603000E+0	723,000000E+0	11,900000E+0
228	14,000000E+0	176,243420E+3	916,000000E-3	733,000000E+0	11,900000E+0
229	21,000000E+0	176,256870E+3	687,000000E-3	742,000000E+0	11,900000E+0
230	35,000000E+0	176,262250E+3	687,000000E-3	753,000000E+0	11,900000E+0
231	77,000000E+0	176,267630E+3	916,000000E-3	768,000000E+0	11,900000E+0
232	175,000000E+0	176,275700E+3	2,061000E+0	795,000000E+0	11,900000E+0
233	393,000000E+0	176,281080E+3	4,122000E+0	846,000000E+0	11,900000E+0
234	358,000000E+0	176,289150E+3	5,496000E+0	926,000000E+0	11,900000E+0
235	65,381000E+3	176,197690E+3	2,290000E+0	974,000000E+0	11,900000E+0
236	65,057000E+3	176,154650E+3	-2,748000E+0	924,000000E+0	11,800000E+0
237	64,938000E+3	176,154650E+3	-7,099000E+0	820,000000E+0	11,900000E+0
238	64,945000E+3	176,146580E+3	-8,244000E+0	704,000000E+0	11,900000E+0
239	65,107000E+3	176,176170E+3	-6,641000E+0	605,000000E+0	11,900000E+0
240	65,360000E+3	176,184240E+3	-4,580000E+0	547,000000E+0	11,900000E+0
241	28,000000E+0	176,238040E+3	-458,000000E-3	542,000000E+0	11,900000E+0
242	140,000000E+0	176,243420E+3	1,603000E+0	566,000000E+0	11,900000E+0
243	119,000000E+0	176,264940E+3	2,061000E+0	602,000000E+0	11,900000E+0
244	168,000000E+0	176,275700E+3	2,290000E+0	636,000000E+0	11,900000E+0
245	105,000000E+0	176,256870E+3	2,748000E+0	677,000000E+0	11,900000E+0
246	49,000000E+0	176,251490E+3	2,061000E+0	705,000000E+0	11,900000E+0
247	14,000000E+0	176,232660E+3	1,603000E+0	723,000000E+0	11,900000E+0
248	14,000000E+0	176,248800E+3	916,000000E-3	733,000000E+0	11,900000E+0
249	21,000000E+0	176,256870E+3	687,000000E-3	742,000000E+0	11,900000E+0
250	35,000000E+0	176,264940E+3	687,000000E-3	753,000000E+0	11,900000E+0
251	77,000000E+0	176,273010E+3	916,000000E-3	768,000000E+0	11,900000E+0
252	175,000000E+0	176,275700E+3	2,061000E+0	794,000000E+0	11,900000E+0
253	393,000000E+0	176,283770E+3	4,122000E+0	846,000000E+0	11,900000E+0
254	365,000000E+0	0,000000E+0	5,267000E+0	926,000000E+0	11,900000E+0
255	65,374000E+3	176,200380E+3	2,290000E+0	973,000000E+0	11,900000E+0
256	65,057000E+3	176,149270E+3	-2,977000E+0	924,000000E+0	11,900000E+0
257	64,924000E+3	176,151960E+3	-7,099000E+0	821,000000E+0	11,900000E+0
258	64,945000E+3	176,143890E+3	-8,244000E+0	704,000000E+0	11,900000E+0
259	65,100000E+3	176,178860E+3	-6,870000E+0	605,000000E+0	11,900000E+0
260	65,360000E+3	176,178860E+3	-4,351000E+0	547,000000E+0	11,900000E+0
261	28,000000E+0	176,238040E+3	-458,000000E-3	542,000000E+0	11,900000E+0
262	140,000000E+0	176,243420E+3	1,603000E+0	566,000000E+0	11,900000E+0
263	119,000000E+0	176,264940E+3	2,061000E+0	602,000000E+0	11,900000E+0
264	161,000000E+0	176,270320E+3	2,290000E+0	636,000000E+0	11,900000E+0
265	105,000000E+0	176,256870E+3	2,748000E+0	676,000000E+0	11,900000E+0
266	42,000000E+0	176,248800E+3	2,061000E+0	704,000000E+0	11,900000E+0
267	7,000000E+0	176,232660E+3	1,374000E+0	720,000000E+0	11,900000E+0
268	0,000000E+0	176,240730E+3	687,000000E-3	728,000000E+0	11,900000E+0
269	65,521000E+3	176,256870E+3	229,000000E-3	732,000000E+0	11,900000E+0
270	65,521000E+3	176,259560E+3	229,000000E-3	736,000000E+0	11,900000E+0
271	65,514000E+3	176,262250E+3	0,000000E+0	737,000000E+0	11,900000E+0
272	65,507000E+3	176,259560E+3	0,000000E+0	739,000000E+0	11,900000E+0
