lundi 5 février 2024	11:28:07	Sampling Period : 20  ms
Unities: time [sample], PWM [raw], Current [mA], velocity [rev/min], Position [pulse], Present Input Voltage [V]

t	DXL_PWM		DXL_Current		DXL_Velocity		DXL_Position		DXL_Input_Voltage
0	1,000000E+0	0,000000E+0	0,000000E+0	1,010000E+3	11,900000E+0
1	40,000000E+0	10,760000E+0	0,000000E+0	1,010000E+3	11,900000E+0
2	41,000000E+0	10,760000E+0	458,000000E-3	1,013000E+3	11,900000E+0
3	56,000000E+0	13,450000E+0	687,000000E-3	1,018000E+3	11,900000E+0
4	52,000000E+0	16,140000E+0	916,000000E-3	1,025000E+3	11,900000E+0
5	55,000000E+0	13,450000E+0	1,145000E+0	1,032000E+3	11,900000E+0
6	42,000000E+0	13,450000E+0	916,000000E-3	1,038000E+3	11,900000E+0
7	37,000000E+0	13,450000E+0	458,000000E-3	1,041000E+3	11,900000E+0
8	16,000000E+0	16,140000E+0	0,000000E+0	1,041000E+3	11,900000E+0
9	18,000000E+0	13,450000E+0	0,000000E+0	1,040000E+3	11,900000E+0
10	19,000000E+0	8,070000E+0	0,000000E+0	1,041000E+3	11,900000E+0
11	20,000000E+0	10,760000E+0	0,000000E+0	1,040000E+3	11,900000E+0
12	14,000000E+0	8,070000E+0	0,000000E+0	1,040000E+3	11,900000E+0
13	10,000000E+0	13,450000E+0	0,000000E+0	1,041000E+3	11,900000E+0
14	24,000000E+0	8,070000E+0	0,000000E+0	1,040000E+3	11,900000E+0
15	25,000000E+0	16,140000E+0	0,000000E+0	1,041000E+3	11,900000E+0
16	30,000000E+0	13,450000E+0	0,000000E+0	1,040000E+3	11,900000E+0
17	24,000000E+0	8,070000E+0	0,000000E+0	1,041000E+3	11,900000E+0
18	11,000000E+0	10,760000E+0	0,000000E+0	1,040000E+3	11,900000E+0
19	33,000000E+0	13,450000E+0	0,000000E+0	1,041000E+3	11,900000E+0
20	15,000000E+0	13,450000E+0	0,000000E+0	1,040000E+3	11,900000E+0
21	24,000000E+0	10,760000E+0	0,000000E+0	1,041000E+3	11,900000E+0
22	32,000000E+0	13,450000E+0	0,000000E+0	1,040000E+3	11,900000E+0
23	16,000000E+0	13,450000E+0	0,000000E+0	1,041000E+3	11,900000E+0
24	31,000000E+0	10,760000E+0	0,000000E+0	1,041000E+3	11,900000E+0
25	32,000000E+0	13,450000E+0	0,000000E+0	1,041000E+3	11,900000E+0
26	10,000000E+0	10,760000E+0	0,000000E+0	1,041000E+3	11,900000E+0
27	18,000000E+0	8,070000E+0	0,000000E+0	1,040000E+3	11,900000E+0
28	15,000000E+0	13,450000E+0	0,000000E+0	1,041000E+3	11,900000E+0
29	14,000000E+0	16,140000E+0	0,000000E+0	1,040000E+3	11,900000E+0
30	29,000000E+0	13,450000E+0	0,000000E+0	1,041000E+3	11,900000E+0
31	14,000000E+0	13,450000E+0	0,000000E+0	1,041000E+3	11,900000E+0
32	10,000000E+0	13,450000E+0	0,000000E+0	1,040000E+3	11,900000E+0
33	32,000000E+0	13,450000E+0	0,000000E+0	1,040000E+3	11,900000E+0
34	11,000000E+0	16,140000E+0	0,000000E+0	1,041000E+3	11,900000E+0
35	14,000000E+0	10,760000E+0	0,000000E+0	1,040000E+3	11,900000E+0
36	12,000000E+0	13,450000E+0	0,000000E+0	1,041000E+3	11,900000E+0
37	13,000000E+0	13,450000E+0	0,000000E+0	1,041000E+3	11,900000E+0
38	25,000000E+0	8,070000E+0	0,000000E+0	1,041000E+3	11,900000E+0
39	33,000000E+0	10,760000E+0	0,000000E+0	1,041000E+3	11,900000E+0
40	33,000000E+0	10,760000E+0	0,000000E+0	1,041000E+3	11,900000E+0
41	29,000000E+0	8,070000E+0	0,000000E+0	1,040000E+3	11,900000E+0
42	33,000000E+0	10,760000E+0	0,000000E+0	1,041000E+3	11,900000E+0
43	25,000000E+0	10,760000E+0	0,000000E+0	1,040000E+3	11,900000E+0
44	23,000000E+0	8,070000E+0	0,000000E+0	1,041000E+3	11,900000E+0
45	31,000000E+0	13,450000E+0	0,000000E+0	1,041000E+3	11,900000E+0
46	10,000000E+0	16,140000E+0	0,000000E+0	1,041000E+3	11,900000E+0
47	10,000000E+0	16,140000E+0	0,000000E+0	1,041000E+3	11,900000E+0
48	23,000000E+0	8,070000E+0	0,000000E+0	1,041000E+3	11,900000E+0
49	11,000000E+0	13,450000E+0	0,000000E+0	1,041000E+3	11,900000E+0
50	12,000000E+0	13,450000E+0	0,000000E+0	1,041000E+3	11,900000E+0
51	13,000000E+0	16,140000E+0	0,000000E+0	1,041000E+3	11,900000E+0
52	35,000000E+0	8,070000E+0	0,000000E+0	1,041000E+3	11,900000E+0
53	29,000000E+0	8,070000E+0	0,000000E+0	1,040000E+3	11,900000E+0
54	24,000000E+0	8,070000E+0	0,000000E+0	1,040000E+3	11,900000E+0
55	31,000000E+0	10,760000E+0	0,000000E+0	1,040000E+3	11,900000E+0
56	8,000000E+0	16,140000E+0	0,000000E+0	1,041000E+3	11,900000E+0
57	32,000000E+0	13,450000E+0	0,000000E+0	1,040000E+3	11,900000E+0
58	33,000000E+0	13,450000E+0	0,000000E+0	1,041000E+3	11,900000E+0
59	11,000000E+0	10,760000E+0	0,000000E+0	1,041000E+3	11,900000E+0
60	10,000000E+0	13,450000E+0	0,000000E+0	1,041000E+3	11,900000E+0
61	27,000000E+0	10,760000E+0	0,000000E+0	1,041000E+3	11,900000E+0
62	33,000000E+0	13,450000E+0	0,000000E+0	1,040000E+3	11,900000E+0
63	1,000000E+0	0,000000E+0	0,000000E+0	1,041000E+3	11,900000E+0
64	1,000000E+0	0,000000E+0	0,000000E+0	1,040000E+3	11,900000E+0
65	0,000000E+0	0,000000E+0	0,000000E+0	1,040000E+3	11,900000E+0
66	1,000000E+0	0,000000E+0	0,000000E+0	1,039000E+3	11,900000E+0
67	1,000000E+0	0,000000E+0	0,000000E+0	1,039000E+3	11,900000E+0
68	1,000000E+0	0,000000E+0	0,000000E+0	1,038000E+3	11,900000E+0
69	1,000000E+0	0,000000E+0	0,000000E+0	1,038000E+3	11,900000E+0
70	0,000000E+0	0,000000E+0	0,000000E+0	1,037000E+3	11,900000E+0
71	1,000000E+0	0,000000E+0	0,000000E+0	1,037000E+3	11,900000E+0
72	-1,000000E+0	0,000000E+0	0,000000E+0	1,036000E+3	11,900000E+0
73	-1,000000E+0	0,000000E+0	0,000000E+0	1,036000E+3	11,900000E+0
74	0,000000E+0	0,000000E+0	0,000000E+0	1,035000E+3	11,900000E+0
75	-1,000000E+0	0,000000E+0	0,000000E+0	1,035000E+3	11,900000E+0
76	1,000000E+0	0,000000E+0	0,000000E+0	1,035000E+3	11,900000E+0
77	0,000000E+0	0,000000E+0	0,000000E+0	1,034000E+3	11,900000E+0
78	1,000000E+0	0,000000E+0	0,000000E+0	1,034000E+3	11,900000E+0
79	1,000000E+0	0,000000E+0	0,000000E+0	1,034000E+3	11,900000E+0
80	1,000000E+0	0,000000E+0	0,000000E+0	1,033000E+3	11,900000E+0
81	0,000000E+0	0,000000E+0	0,000000E+0	1,032000E+3	11,900000E+0
82	0,000000E+0	0,000000E+0	0,000000E+0	1,032000E+3	11,900000E+0
83	1,000000E+0	0,000000E+0	0,000000E+0	1,032000E+3	11,900000E+0
84	1,000000E+0	0,000000E+0	0,000000E+0	1,031000E+3	11,900000E+0
85	0,000000E+0	0,000000E+0	0,000000E+0	1,031000E+3	11,900000E+0
86	-1,000000E+0	0,000000E+0	0,000000E+0	1,030000E+3	11,900000E+0
87	1,000000E+0	0,000000E+0	0,000000E+0	1,030000E+3	11,900000E+0
88	1,000000E+0	0,000000E+0	0,000000E+0	1,029000E+3	11,900000E+0
89	1,000000E+0	0,000000E+0	0,000000E+0	1,029000E+3	11,900000E+0
90	1,000000E+0	0,000000E+0	0,000000E+0	1,029000E+3	11,900000E+0
91	1,000000E+0	0,000000E+0	0,000000E+0	1,028000E+3	11,900000E+0
92	1,000000E+0	0,000000E+0	0,000000E+0	1,028000E+3	11,900000E+0
93	-1,000000E+0	0,000000E+0	0,000000E+0	1,027000E+3	11,900000E+0
94	1,000000E+0	0,000000E+0	0,000000E+0	1,027000E+3	11,900000E+0
95	1,000000E+0	0,000000E+0	0,000000E+0	1,027000E+3	11,900000E+0
96	1,000000E+0	0,000000E+0	0,000000E+0	1,026000E+3	11,900000E+0
97	1,000000E+0	0,000000E+0	0,000000E+0	1,026000E+3	11,900000E+0
98	1,000000E+0	0,000000E+0	0,000000E+0	1,026000E+3	11,900000E+0
99	0,000000E+0	0,000000E+0	0,000000E+0	1,026000E+3	11,900000E+0
100	-1,000000E+0	0,000000E+0	0,000000E+0	1,025000E+3	11,900000E+0
101	-1,000000E+0	0,000000E+0	0,000000E+0	1,025000E+3	11,900000E+0
102	-1,000000E+0	0,000000E+0	0,000000E+0	1,025000E+3	11,900000E+0
103	1,000000E+0	0,000000E+0	0,000000E+0	1,024000E+3	11,900000E+0
104	1,000000E+0	0,000000E+0	0,000000E+0	1,024000E+3	11,900000E+0
105	1,000000E+0	0,000000E+0	0,000000E+0	1,024000E+3	11,900000E+0
106	1,000000E+0	0,000000E+0	0,000000E+0	1,023000E+3	11,900000E+0
107	1,000000E+0	0,000000E+0	0,000000E+0	1,023000E+3	11,900000E+0
108	1,000000E+0	0,000000E+0	0,000000E+0	1,023000E+3	11,900000E+0
109	0,000000E+0	0,000000E+0	0,000000E+0	1,022000E+3	11,900000E+0
110	0,000000E+0	0,000000E+0	0,000000E+0	1,021000E+3	11,900000E+0
111	1,000000E+0	0,000000E+0	0,000000E+0	1,021000E+3	11,900000E+0
112	1,000000E+0	0,000000E+0	0,000000E+0	1,021000E+3	11,900000E+0
113	1,000000E+0	0,000000E+0	0,000000E+0	1,021000E+3	11,900000E+0
114	1,000000E+0	0,000000E+0	0,000000E+0	1,020000E+3	11,900000E+0
115	1,000000E+0	0,000000E+0	0,000000E+0	1,020000E+3	11,900000E+0
116	1,000000E+0	0,000000E+0	0,000000E+0	1,020000E+3	11,900000E+0
117	1,000000E+0	0,000000E+0	0,000000E+0	1,020000E+3	11,900000E+0
118	1,000000E+0	0,000000E+0	0,000000E+0	1,020000E+3	11,900000E+0
119	1,000000E+0	0,000000E+0	0,000000E+0	1,019000E+3	11,900000E+0
120	1,000000E+0	0,000000E+0	0,000000E+0	1,019000E+3	11,900000E+0
121	1,000000E+0	0,000000E+0	0,000000E+0	1,019000E+3	11,900000E+0
122	1,000000E+0	0,000000E+0	0,000000E+0	1,019000E+3	11,900000E+0
123	1,000000E+0	0,000000E+0	0,000000E+0	1,019000E+3	11,900000E+0
124	1,000000E+0	0,000000E+0	0,000000E+0	1,018000E+3	11,900000E+0
125	1,000000E+0	0,000000E+0	0,000000E+0	1,018000E+3	11,900000E+0
126	1,000000E+0	0,000000E+0	0,000000E+0	1,018000E+3	11,900000E+0
127	1,000000E+0	0,000000E+0	0,000000E+0	1,018000E+3	11,900000E+0
128	1,000000E+0	0,000000E+0	0,000000E+0	1,017000E+3	11,900000E+0
129	1,000000E+0	0,000000E+0	0,000000E+0	1,017000E+3	11,900000E+0
130	0,000000E+0	0,000000E+0	0,000000E+0	1,017000E+3	11,900000E+0
131	0,000000E+0	0,000000E+0	0,000000E+0	1,017000E+3	11,900000E+0
132	1,000000E+0	0,000000E+0	0,000000E+0	1,016000E+3	11,900000E+0
133	1,000000E+0	0,000000E+0	0,000000E+0	1,017000E+3	11,900000E+0
134	1,000000E+0	0,000000E+0	0,000000E+0	1,016000E+3	11,900000E+0
135	1,000000E+0	0,000000E+0	0,000000E+0	1,016000E+3	11,900000E+0
136	1,000000E+0	0,000000E+0	0,000000E+0	1,016000E+3	11,900000E+0
137	1,000000E+0	0,000000E+0	0,000000E+0	1,017000E+3	11,900000E+0
138	1,000000E+0	0,000000E+0	0,000000E+0	1,016000E+3	11,900000E+0
139	1,000000E+0	0,000000E+0	0,000000E+0	1,017000E+3	11,900000E+0
140	1,000000E+0	0,000000E+0	0,000000E+0	1,016000E+3	11,900000E+0
141	-1,000000E+0	0,000000E+0	0,000000E+0	1,016000E+3	11,900000E+0
142	1,000000E+0	0,000000E+0	0,000000E+0	1,016000E+3	11,900000E+0
143	1,000000E+0	0,000000E+0	0,000000E+0	1,017000E+3	11,900000E+0
144	1,000000E+0	0,000000E+0	0,000000E+0	1,016000E+3	11,900000E+0
145	1,000000E+0	0,000000E+0	0,000000E+0	1,017000E+3	11,900000E+0
146	1,000000E+0	0,000000E+0	0,000000E+0	1,016000E+3	11,900000E+0
147	1,000000E+0	0,000000E+0	0,000000E+0	1,017000E+3	11,900000E+0
148	1,000000E+0	0,000000E+0	0,000000E+0	1,016000E+3	11,900000E+0
149	1,000000E+0	0,000000E+0	0,000000E+0	1,016000E+3	11,900000E+0
150	1,000000E+0	0,000000E+0	0,000000E+0	1,016000E+3	11,900000E+0
151	1,000000E+0	0,000000E+0	0,000000E+0	1,016000E+3	11,900000E+0
152	1,000000E+0	0,000000E+0	0,000000E+0	1,016000E+3	11,900000E+0
153	1,000000E+0	0,000000E+0	0,000000E+0	1,016000E+3	11,900000E+0
154	1,000000E+0	0,000000E+0	0,000000E+0	1,016000E+3	11,900000E+0
155	1,000000E+0	0,000000E+0	0,000000E+0	1,016000E+3	11,900000E+0
156	1,000000E+0	0,000000E+0	0,000000E+0	1,016000E+3	11,900000E+0
157	1,000000E+0	0,000000E+0	0,000000E+0	1,016000E+3	11,900000E+0
158	1,000000E+0	0,000000E+0	0,000000E+0	1,017000E+3	11,900000E+0
159	1,000000E+0	0,000000E+0	0,000000E+0	1,016000E+3	11,900000E+0
160	1,000000E+0	0,000000E+0	0,000000E+0	1,016000E+3	11,900000E+0
161	1,000000E+0	0,000000E+0	0,000000E+0	1,016000E+3	11,900000E+0
162	1,000000E+0	0,000000E+0	0,000000E+0	1,016000E+3	11,900000E+0
163	1,000000E+0	0,000000E+0	0,000000E+0	1,017000E+3	11,900000E+0
164	-1,000000E+0	0,000000E+0	0,000000E+0	1,016000E+3	11,900000E+0
165	1,000000E+0	0,000000E+0	0,000000E+0	1,017000E+3	11,900000E+0
166	1,000000E+0	0,000000E+0	0,000000E+0	1,016000E+3	11,900000E+0
167	1,000000E+0	0,000000E+0	0,000000E+0	1,016000E+3	11,900000E+0
168	1,000000E+0	0,000000E+0	0,000000E+0	1,016000E+3	11,900000E+0
169	1,000000E+0	0,000000E+0	0,000000E+0	1,016000E+3	11,900000E+0
170	1,000000E+0	0,000000E+0	0,000000E+0	1,016000E+3	11,900000E+0
171	1,000000E+0	0,000000E+0	0,000000E+0	1,016000E+3	11,900000E+0
172	1,000000E+0	0,000000E+0	0,000000E+0	1,017000E+3	11,900000E+0
173	1,000000E+0	0,000000E+0	0,000000E+0	1,016000E+3	11,900000E+0
174	1,000000E+0	0,000000E+0	0,000000E+0	1,016000E+3	11,900000E+0
175	-1,000000E+0	0,000000E+0	0,000000E+0	1,016000E+3	11,900000E+0
176	1,000000E+0	0,000000E+0	0,000000E+0	1,016000E+3	11,900000E+0
177	1,000000E+0	0,000000E+0	0,000000E+0	1,016000E+3	11,900000E+0
178	1,000000E+0	0,000000E+0	0,000000E+0	1,016000E+3	11,900000E+0
179	1,000000E+0	0,000000E+0	0,000000E+0	1,016000E+3	11,900000E+0
180	1,000000E+0	0,000000E+0	0,000000E+0	1,016000E+3	11,900000E+0
181	1,000000E+0	0,000000E+0	0,000000E+0	1,016000E+3	11,900000E+0
182	1,000000E+0	0,000000E+0	0,000000E+0	1,017000E+3	11,900000E+0
183	1,000000E+0	0,000000E+0	0,000000E+0	1,016000E+3	11,900000E+0
184	1,000000E+0	0,000000E+0	0,000000E+0	1,016000E+3	11,900000E+0
185	1,000000E+0	0,000000E+0	0,000000E+0	1,016000E+3	11,900000E+0
186	1,000000E+0	0,000000E+0	0,000000E+0	1,016000E+3	11,900000E+0
187	1,000000E+0	0,000000E+0	0,000000E+0	1,016000E+3	11,900000E+0
188	1,000000E+0	0,000000E+0	0,000000E+0	1,017000E+3	11,900000E+0
189	1,000000E+0	0,000000E+0	0,000000E+0	1,016000E+3	11,900000E+0
