lundi 5 février 2024	11:28:36	Sampling Period : 20  ms
Unities: time [sample], PWM [raw], Current [mA], velocity [rev/min], Position [pulse], Present Input Voltage [V]

t	DXL_PWM		DXL_Current		DXL_Velocity		DXL_Position		DXL_Input_Voltage
0	1,000000E+0	0,000000E+0	0,000000E+0	1,016000E+3	11,900000E+0
1	39,000000E+0	16,140000E+0	0,000000E+0	1,017000E+3	11,900000E+0
2	47,000000E+0	10,760000E+0	229,000000E-3	1,019000E+3	11,900000E+0
3	54,000000E+0	10,760000E+0	458,000000E-3	1,024000E+3	11,900000E+0
4	59,000000E+0	10,760000E+0	687,000000E-3	1,028000E+3	11,900000E+0
5	41,000000E+0	10,760000E+0	916,000000E-3	1,033000E+3	11,900000E+0
6	33,000000E+0	8,070000E+0	687,000000E-3	1,037000E+3	11,900000E+0
7	21,000000E+0	10,760000E+0	229,000000E-3	1,039000E+3	11,900000E+0
8	25,000000E+0	13,450000E+0	0,000000E+0	1,039000E+3	11,900000E+0
9	22,000000E+0	13,450000E+0	0,000000E+0	1,038000E+3	11,900000E+0
10	23,000000E+0	10,760000E+0	0,000000E+0	1,038000E+3	11,900000E+0
11	12,000000E+0	13,450000E+0	0,000000E+0	1,038000E+3	11,900000E+0
12	12,000000E+0	16,140000E+0	0,000000E+0	1,038000E+3	11,900000E+0
13	34,000000E+0	10,760000E+0	0,000000E+0	1,039000E+3	11,900000E+0
14	25,000000E+0	10,760000E+0	0,000000E+0	1,038000E+3	11,900000E+0
15	30,000000E+0	10,760000E+0	0,000000E+0	1,038000E+3	11,900000E+0
16	12,000000E+0	13,450000E+0	0,000000E+0	1,039000E+3	11,900000E+0
17	23,000000E+0	8,070000E+0	0,000000E+0	1,039000E+3	11,900000E+0
18	12,000000E+0	13,450000E+0	0,000000E+0	1,038000E+3	11,900000E+0
19	34,000000E+0	10,760000E+0	0,000000E+0	1,038000E+3	11,900000E+0
20	25,000000E+0	10,760000E+0	0,000000E+0	1,039000E+3	11,900000E+0
21	21,000000E+0	10,760000E+0	0,000000E+0	1,039000E+3	11,900000E+0
22	28,000000E+0	13,450000E+0	0,000000E+0	1,039000E+3	11,900000E+0
23	17,000000E+0	10,760000E+0	0,000000E+0	1,039000E+3	11,900000E+0
24	25,000000E+0	10,760000E+0	0,000000E+0	1,039000E+3	11,900000E+0
25	13,000000E+0	16,140000E+0	0,000000E+0	1,038000E+3	11,900000E+0
26	14,000000E+0	16,140000E+0	0,000000E+0	1,039000E+3	11,900000E+0
27	31,000000E+0	16,140000E+0	0,000000E+0	1,039000E+3	11,900000E+0
28	33,000000E+0	8,070000E+0	0,000000E+0	1,039000E+3	11,900000E+0
29	15,000000E+0	13,450000E+0	0,000000E+0	1,039000E+3	11,900000E+0
30	26,000000E+0	16,140000E+0	0,000000E+0	1,039000E+3	11,900000E+0
31	11,000000E+0	10,760000E+0	0,000000E+0	1,039000E+3	11,900000E+0
32	14,000000E+0	8,070000E+0	0,000000E+0	1,039000E+3	11,900000E+0
33	31,000000E+0	16,140000E+0	0,000000E+0	1,039000E+3	11,900000E+0
34	23,000000E+0	16,140000E+0	0,000000E+0	1,038000E+3	11,900000E+0
35	27,000000E+0	16,140000E+0	0,000000E+0	1,039000E+3	11,900000E+0
36	29,000000E+0	10,760000E+0	0,000000E+0	1,039000E+3	11,900000E+0
37	11,000000E+0	13,450000E+0	0,000000E+0	1,038000E+3	11,900000E+0
38	32,000000E+0	13,450000E+0	0,000000E+0	1,038000E+3	11,900000E+0
39	33,000000E+0	8,070000E+0	0,000000E+0	1,039000E+3	11,900000E+0
40	32,000000E+0	10,760000E+0	0,000000E+0	1,038000E+3	11,900000E+0
41	33,000000E+0	10,760000E+0	0,000000E+0	1,039000E+3	11,900000E+0
42	30,000000E+0	10,760000E+0	0,000000E+0	1,039000E+3	11,900000E+0
43	33,000000E+0	10,760000E+0	0,000000E+0	1,039000E+3	11,900000E+0
44	30,000000E+0	8,070000E+0	0,000000E+0	1,039000E+3	11,900000E+0
45	14,000000E+0	13,450000E+0	0,000000E+0	1,039000E+3	11,900000E+0
46	18,000000E+0	16,140000E+0	0,000000E+0	1,039000E+3	11,900000E+0
47	33,000000E+0	10,760000E+0	0,000000E+0	1,039000E+3	11,900000E+0
48	33,000000E+0	13,450000E+0	0,000000E+0	1,039000E+3	11,900000E+0
49	24,000000E+0	10,760000E+0	0,000000E+0	1,038000E+3	11,900000E+0
50	15,000000E+0	16,140000E+0	0,000000E+0	1,039000E+3	11,900000E+0
51	26,000000E+0	8,070000E+0	0,000000E+0	1,039000E+3	11,900000E+0
52	30,000000E+0	10,760000E+0	0,000000E+0	1,039000E+3	11,900000E+0
53	20,000000E+0	13,450000E+0	0,000000E+0	1,039000E+3	11,900000E+0
54	29,000000E+0	13,450000E+0	0,000000E+0	1,039000E+3	11,900000E+0
55	25,000000E+0	13,450000E+0	0,000000E+0	1,039000E+3	11,900000E+0
56	19,000000E+0	16,140000E+0	0,000000E+0	1,038000E+3	11,900000E+0
57	29,000000E+0	8,070000E+0	0,000000E+0	1,039000E+3	11,900000E+0
58	31,000000E+0	10,760000E+0	0,000000E+0	1,039000E+3	11,900000E+0
59	14,000000E+0	13,450000E+0	0,000000E+0	1,039000E+3	11,900000E+0
60	14,000000E+0	10,760000E+0	0,000000E+0	1,038000E+3	11,900000E+0
61	12,000000E+0	13,450000E+0	0,000000E+0	1,039000E+3	11,900000E+0
62	18,000000E+0	16,140000E+0	0,000000E+0	1,039000E+3	11,900000E+0
63	0,000000E+0	0,000000E+0	0,000000E+0	1,039000E+3	11,900000E+0
64	1,000000E+0	0,000000E+0	0,000000E+0	1,038000E+3	11,900000E+0
65	-1,000000E+0	0,000000E+0	0,000000E+0	1,037000E+3	11,900000E+0
66	0,000000E+0	0,000000E+0	0,000000E+0	1,037000E+3	11,900000E+0
67	1,000000E+0	0,000000E+0	0,000000E+0	1,037000E+3	11,900000E+0
68	1,000000E+0	0,000000E+0	0,000000E+0	1,036000E+3	11,900000E+0
69	1,000000E+0	0,000000E+0	0,000000E+0	1,035000E+3	11,900000E+0
70	1,000000E+0	0,000000E+0	0,000000E+0	1,036000E+3	11,900000E+0
71	0,000000E+0	0,000000E+0	0,000000E+0	1,035000E+3	11,900000E+0
72	1,000000E+0	0,000000E+0	0,000000E+0	1,035000E+3	11,900000E+0
73	0,000000E+0	0,000000E+0	0,000000E+0	1,035000E+3	11,900000E+0
74	0,000000E+0	0,000000E+0	0,000000E+0	1,034000E+3	11,900000E+0
75	0,000000E+0	0,000000E+0	0,000000E+0	1,034000E+3	11,900000E+0
76	0,000000E+0	0,000000E+0	0,000000E+0	1,034000E+3	11,900000E+0
77	-1,000000E+0	0,000000E+0	0,000000E+0	1,033000E+3	11,900000E+0
78	0,000000E+0	0,000000E+0	0,000000E+0	1,032000E+3	11,900000E+0
79	0,000000E+0	0,000000E+0	0,000000E+0	1,032000E+3	11,900000E+0
80	1,000000E+0	0,000000E+0	0,000000E+0	1,031000E+3	11,900000E+0
81	0,000000E+0	0,000000E+0	0,000000E+0	1,031000E+3	11,900000E+0
82	1,000000E+0	0,000000E+0	0,000000E+0	1,030000E+3	11,900000E+0
83	1,000000E+0	0,000000E+0	0,000000E+0	1,030000E+3	11,900000E+0
84	-1,000000E+0	0,000000E+0	0,000000E+0	1,030000E+3	11,900000E+0
85	1,000000E+0	0,000000E+0	0,000000E+0	1,030000E+3	11,900000E+0
86	1,000000E+0	0,000000E+0	0,000000E+0	1,029000E+3	11,900000E+0
87	1,000000E+0	0,000000E+0	0,000000E+0	1,029000E+3	11,900000E+0
88	0,000000E+0	0,000000E+0	0,000000E+0	1,028000E+3	11,900000E+0
89	1,000000E+0	0,000000E+0	0,000000E+0	1,028000E+3	11,900000E+0
90	1,000000E+0	0,000000E+0	0,000000E+0	1,027000E+3	11,900000E+0
91	1,000000E+0	0,000000E+0	0,000000E+0	1,027000E+3	11,900000E+0
92	1,000000E+0	0,000000E+0	0,000000E+0	1,027000E+3	11,900000E+0
93	-1,000000E+0	0,000000E+0	0,000000E+0	1,026000E+3	11,900000E+0
94	0,000000E+0	2,690000E+0	0,000000E+0	1,026000E+3	11,900000E+0
95	1,000000E+0	0,000000E+0	0,000000E+0	1,026000E+3	11,900000E+0
96	0,000000E+0	0,000000E+0	0,000000E+0	1,025000E+3	11,900000E+0
97	1,000000E+0	0,000000E+0	0,000000E+0	1,025000E+3	11,900000E+0
98	1,000000E+0	0,000000E+0	0,000000E+0	1,024000E+3	11,900000E+0
99	0,000000E+0	0,000000E+0	0,000000E+0	1,025000E+3	11,900000E+0
100	0,000000E+0	0,000000E+0	0,000000E+0	1,024000E+3	11,900000E+0
101	1,000000E+0	0,000000E+0	0,000000E+0	1,024000E+3	11,900000E+0
102	1,000000E+0	0,000000E+0	0,000000E+0	1,023000E+3	11,900000E+0
103	1,000000E+0	0,000000E+0	0,000000E+0	1,023000E+3	11,900000E+0
104	0,000000E+0	0,000000E+0	0,000000E+0	1,022000E+3	11,900000E+0
105	0,000000E+0	0,000000E+0	0,000000E+0	1,022000E+3	11,900000E+0
106	1,000000E+0	0,000000E+0	0,000000E+0	1,022000E+3	11,900000E+0
107	-1,000000E+0	0,000000E+0	0,000000E+0	1,021000E+3	11,900000E+0
108	1,000000E+0	0,000000E+0	0,000000E+0	1,021000E+3	11,900000E+0
109	1,000000E+0	0,000000E+0	0,000000E+0	1,021000E+3	11,900000E+0
110	1,000000E+0	0,000000E+0	0,000000E+0	1,021000E+3	11,900000E+0
111	-1,000000E+0	0,000000E+0	0,000000E+0	1,020000E+3	11,900000E+0
112	1,000000E+0	0,000000E+0	0,000000E+0	1,020000E+3	11,900000E+0
113	1,000000E+0	0,000000E+0	0,000000E+0	1,019000E+3	11,900000E+0
114	1,000000E+0	0,000000E+0	0,000000E+0	1,020000E+3	11,900000E+0
115	1,000000E+0	0,000000E+0	0,000000E+0	1,019000E+3	11,900000E+0
116	0,000000E+0	0,000000E+0	0,000000E+0	1,019000E+3	11,900000E+0
117	1,000000E+0	0,000000E+0	0,000000E+0	1,019000E+3	11,900000E+0
118	1,000000E+0	0,000000E+0	0,000000E+0	1,019000E+3	11,900000E+0
119	1,000000E+0	0,000000E+0	0,000000E+0	1,018000E+3	11,900000E+0
120	1,000000E+0	0,000000E+0	0,000000E+0	1,018000E+3	11,900000E+0
121	1,000000E+0	0,000000E+0	0,000000E+0	1,018000E+3	11,900000E+0
122	1,000000E+0	0,000000E+0	0,000000E+0	1,018000E+3	11,900000E+0
123	1,000000E+0	0,000000E+0	0,000000E+0	1,018000E+3	11,900000E+0
124	1,000000E+0	0,000000E+0	0,000000E+0	1,017000E+3	11,900000E+0
