samedi 20 janvier 2024	15:36:53	Sampling Period : 20  ms		
Unities: time [sample], PWM [raw], Current [mA], velocity [rev/min], Position [pulse], Present Input Voltage [V]

t	DXL_PWM		DXL_Current		DXL_Velocity		DXL_Position		DXL_Input_Voltage
0	0,000000E+0	-2,690000E+0	0,000000E+0	1,791953E+6	12,000000E+0
1	0,000000E+0	-2,690000E+0	0,000000E+0	1,791953E+6	12,000000E+0
2	0,000000E+0	-2,690000E+0	0,000000E+0	1,791953E+6	12,000000E+0
3	0,000000E+0	-2,690000E+0	0,000000E+0	1,791953E+6	12,000000E+0
4	120,000000E+0	29,590000E+0	0,000000E+0	1,791955E+6	12,000000E+0
5	120,000000E+0	29,590000E+0	0,000000E+0	1,791955E+6	12,000000E+0
6	120,000000E+0	29,590000E+0	0,000000E+0	1,791955E+6	12,000000E+0
7	120,000000E+0	29,590000E+0	0,000000E+0	1,791955E+6	12,000000E+0
8	120,000000E+0	0,000000E+0	3,664000E+0	1,791976E+6	12,000000E+0
9	120,000000E+0	0,000000E+0	3,664000E+0	1,791976E+6	12,000000E+0
10	120,000000E+0	0,000000E+0	3,664000E+0	1,791976E+6	12,000000E+0
11	120,000000E+0	0,000000E+0	3,664000E+0	1,791976E+6	12,000000E+0
12	120,000000E+0	0,000000E+0	4,122000E+0	1,791999E+6	12,000000E+0
13	120,000000E+0	0,000000E+0	4,122000E+0	1,791999E+6	12,000000E+0
14	120,000000E+0	0,000000E+0	4,122000E+0	1,791999E+6	12,000000E+0
15	120,000000E+0	0,000000E+0	4,122000E+0	1,791999E+6	12,000000E+0
16	120,000000E+0	0,000000E+0	4,122000E+0	1,792023E+6	12,000000E+0
17	120,000000E+0	0,000000E+0	4,122000E+0	1,792023E+6	12,000000E+0
18	120,000000E+0	0,000000E+0	4,122000E+0	1,792023E+6	12,000000E+0
19	120,000000E+0	0,000000E+0	4,122000E+0	1,792023E+6	12,000000E+0
20	120,000000E+0	0,000000E+0	4,122000E+0	1,792045E+6	12,000000E+0
21	120,000000E+0	0,000000E+0	4,122000E+0	1,792045E+6	12,000000E+0
22	120,000000E+0	0,000000E+0	4,122000E+0	1,792045E+6	12,000000E+0
23	120,000000E+0	0,000000E+0	4,122000E+0	1,792045E+6	12,000000E+0
24	120,000000E+0	0,000000E+0	4,122000E+0	1,792067E+6	12,000000E+0
25	120,000000E+0	0,000000E+0	4,122000E+0	1,792067E+6	12,000000E+0
26	120,000000E+0	0,000000E+0	4,122000E+0	1,792067E+6	12,000000E+0
27	120,000000E+0	0,000000E+0	4,122000E+0	1,792067E+6	12,000000E+0
28	120,000000E+0	0,000000E+0	4,122000E+0	1,792089E+6	12,000000E+0
29	120,000000E+0	0,000000E+0	4,122000E+0	1,792089E+6	12,000000E+0
30	120,000000E+0	0,000000E+0	4,122000E+0	1,792089E+6	12,000000E+0
31	120,000000E+0	0,000000E+0	4,122000E+0	1,792089E+6	12,000000E+0
32	120,000000E+0	0,000000E+0	4,122000E+0	1,792112E+6	12,000000E+0
33	120,000000E+0	0,000000E+0	4,122000E+0	1,792112E+6	12,000000E+0
34	120,000000E+0	0,000000E+0	4,122000E+0	1,792112E+6	12,000000E+0
35	120,000000E+0	0,000000E+0	4,122000E+0	1,792112E+6	12,000000E+0
36	120,000000E+0	0,000000E+0	4,122000E+0	1,792134E+6	12,000000E+0
37	120,000000E+0	0,000000E+0	4,122000E+0	1,792134E+6	12,000000E+0
38	120,000000E+0	0,000000E+0	4,122000E+0	1,792134E+6	12,000000E+0
39	120,000000E+0	0,000000E+0	4,122000E+0	1,792134E+6	12,000000E+0
40	120,000000E+0	0,000000E+0	3,893000E+0	1,792156E+6	12,000000E+0
41	120,000000E+0	0,000000E+0	3,893000E+0	1,792156E+6	12,000000E+0
42	120,000000E+0	0,000000E+0	3,893000E+0	1,792156E+6	12,000000E+0
43	120,000000E+0	0,000000E+0	3,893000E+0	1,792156E+6	12,000000E+0
44	120,000000E+0	0,000000E+0	4,122000E+0	1,792179E+6	12,000000E+0
45	120,000000E+0	0,000000E+0	4,122000E+0	1,792179E+6	12,000000E+0
46	120,000000E+0	0,000000E+0	4,122000E+0	1,792179E+6	12,000000E+0
47	120,000000E+0	0,000000E+0	4,122000E+0	1,792179E+6	12,000000E+0
48	120,000000E+0	0,000000E+0	4,122000E+0	1,792202E+6	12,000000E+0
49	120,000000E+0	0,000000E+0	4,122000E+0	1,792202E+6	12,000000E+0
50	120,000000E+0	0,000000E+0	4,122000E+0	1,792202E+6	12,000000E+0
51	120,000000E+0	0,000000E+0	4,122000E+0	1,792202E+6	12,000000E+0
52	120,000000E+0	0,000000E+0	3,893000E+0	1,792224E+6	12,000000E+0
53	120,000000E+0	0,000000E+0	3,893000E+0	1,792224E+6	12,000000E+0
54	120,000000E+0	0,000000E+0	3,893000E+0	1,792224E+6	12,000000E+0
55	120,000000E+0	0,000000E+0	3,893000E+0	1,792224E+6	12,000000E+0
56	120,000000E+0	0,000000E+0	4,122000E+0	1,792247E+6	12,000000E+0
57	120,000000E+0	0,000000E+0	4,122000E+0	1,792247E+6	12,000000E+0
58	120,000000E+0	0,000000E+0	4,122000E+0	1,792247E+6	12,000000E+0
59	120,000000E+0	0,000000E+0	4,122000E+0	1,792247E+6	12,000000E+0
60	120,000000E+0	0,000000E+0	4,122000E+0	1,792269E+6	12,000000E+0
61	120,000000E+0	0,000000E+0	4,122000E+0	1,792269E+6	12,000000E+0
62	120,000000E+0	0,000000E+0	4,122000E+0	1,792269E+6	12,000000E+0
63	120,000000E+0	0,000000E+0	4,122000E+0	1,792269E+6	12,000000E+0
64	120,000000E+0	0,000000E+0	4,122000E+0	1,792292E+6	12,000000E+0
65	120,000000E+0	0,000000E+0	4,122000E+0	1,792292E+6	12,000000E+0
66	120,000000E+0	0,000000E+0	4,122000E+0	1,792292E+6	12,000000E+0
67	120,000000E+0	0,000000E+0	4,122000E+0	1,792292E+6	12,000000E+0
68	120,000000E+0	0,000000E+0	3,893000E+0	1,792314E+6	12,000000E+0
69	120,000000E+0	0,000000E+0	3,893000E+0	1,792314E+6	12,000000E+0
70	120,000000E+0	0,000000E+0	3,893000E+0	1,792314E+6	12,000000E+0
71	120,000000E+0	0,000000E+0	3,893000E+0	1,792314E+6	12,000000E+0
72	120,000000E+0	0,000000E+0	3,893000E+0	1,792336E+6	12,000000E+0
73	120,000000E+0	0,000000E+0	3,893000E+0	1,792336E+6	12,000000E+0
74	120,000000E+0	0,000000E+0	3,893000E+0	1,792336E+6	12,000000E+0
75	120,000000E+0	0,000000E+0	3,893000E+0	1,792336E+6	12,000000E+0
76	120,000000E+0	0,000000E+0	3,893000E+0	1,792358E+6	12,000000E+0
77	120,000000E+0	0,000000E+0	3,893000E+0	1,792358E+6	12,000000E+0
78	120,000000E+0	0,000000E+0	3,893000E+0	1,792358E+6	12,000000E+0
79	120,000000E+0	0,000000E+0	3,893000E+0	1,792358E+6	12,000000E+0
80	120,000000E+0	0,000000E+0	4,122000E+0	1,792380E+6	12,000000E+0
81	120,000000E+0	0,000000E+0	4,122000E+0	1,792380E+6	12,000000E+0
82	120,000000E+0	0,000000E+0	4,122000E+0	1,792380E+6	12,000000E+0
83	120,000000E+0	0,000000E+0	4,122000E+0	1,792380E+6	12,000000E+0
84	120,000000E+0	0,000000E+0	3,893000E+0	1,792402E+6	12,000000E+0
85	120,000000E+0	0,000000E+0	3,893000E+0	1,792402E+6	12,000000E+0
86	120,000000E+0	0,000000E+0	3,893000E+0	1,792402E+6	12,000000E+0
87	120,000000E+0	0,000000E+0	3,893000E+0	1,792402E+6	12,000000E+0
88	120,000000E+0	0,000000E+0	3,893000E+0	1,792425E+6	12,000000E+0
89	120,000000E+0	0,000000E+0	3,893000E+0	1,792425E+6	12,000000E+0
90	120,000000E+0	0,000000E+0	3,893000E+0	1,792425E+6	12,000000E+0
91	120,000000E+0	0,000000E+0	3,893000E+0	1,792425E+6	12,000000E+0
92	120,000000E+0	0,000000E+0	3,893000E+0	1,792447E+6	12,000000E+0
93	120,000000E+0	0,000000E+0	3,893000E+0	1,792447E+6	12,000000E+0
94	120,000000E+0	0,000000E+0	3,893000E+0	1,792447E+6	12,000000E+0
95	120,000000E+0	0,000000E+0	3,893000E+0	1,792447E+6	12,000000E+0
96	120,000000E+0	0,000000E+0	4,122000E+0	1,792470E+6	12,000000E+0
97	120,000000E+0	0,000000E+0	4,122000E+0	1,792470E+6	12,000000E+0
98	120,000000E+0	0,000000E+0	4,122000E+0	1,792470E+6	12,000000E+0
99	120,000000E+0	0,000000E+0	4,122000E+0	1,792470E+6	12,000000E+0
100	120,000000E+0	0,000000E+0	4,122000E+0	1,792492E+6	12,000000E+0
101	120,000000E+0	0,000000E+0	4,122000E+0	1,792492E+6	12,000000E+0
102	120,000000E+0	0,000000E+0	4,122000E+0	1,792492E+6	12,000000E+0
103	120,000000E+0	0,000000E+0	4,122000E+0	1,792492E+6	12,000000E+0
104	120,000000E+0	0,000000E+0	4,122000E+0	1,792514E+6	12,000000E+0
105	120,000000E+0	0,000000E+0	4,122000E+0	1,792514E+6	12,000000E+0
106	120,000000E+0	0,000000E+0	4,122000E+0	1,792514E+6	12,000000E+0
107	120,000000E+0	0,000000E+0	4,122000E+0	1,792514E+6	12,000000E+0
108	120,000000E+0	0,000000E+0	3,893000E+0	1,792537E+6	12,000000E+0
109	120,000000E+0	0,000000E+0	3,893000E+0	1,792537E+6	12,000000E+0
110	120,000000E+0	0,000000E+0	3,893000E+0	1,792537E+6	12,000000E+0
111	120,000000E+0	0,000000E+0	3,893000E+0	1,792537E+6	12,000000E+0
112	120,000000E+0	0,000000E+0	3,893000E+0	1,792561E+6	12,000000E+0
113	120,000000E+0	0,000000E+0	3,893000E+0	1,792561E+6	12,000000E+0
114	120,000000E+0	0,000000E+0	3,893000E+0	1,792561E+6	12,000000E+0
115	120,000000E+0	0,000000E+0	3,893000E+0	1,792561E+6	12,000000E+0
116	120,000000E+0	0,000000E+0	4,122000E+0	1,792583E+6	12,000000E+0
117	120,000000E+0	0,000000E+0	4,122000E+0	1,792583E+6	12,000000E+0
118	120,000000E+0	0,000000E+0	4,122000E+0	1,792583E+6	12,000000E+0
119	120,000000E+0	0,000000E+0	4,122000E+0	1,792583E+6	12,000000E+0
120	120,000000E+0	0,000000E+0	3,893000E+0	1,792605E+6	12,000000E+0
121	120,000000E+0	0,000000E+0	3,893000E+0	1,792605E+6	12,000000E+0
122	120,000000E+0	0,000000E+0	3,893000E+0	1,792605E+6	12,000000E+0
123	120,000000E+0	0,000000E+0	3,893000E+0	1,792605E+6	12,000000E+0
124	120,000000E+0	0,000000E+0	3,893000E+0	1,792628E+6	12,000000E+0
125	120,000000E+0	0,000000E+0	3,893000E+0	1,792628E+6	12,000000E+0
126	120,000000E+0	0,000000E+0	3,893000E+0	1,792628E+6	12,000000E+0
127	120,000000E+0	0,000000E+0	3,893000E+0	1,792628E+6	12,000000E+0
128	120,000000E+0	0,000000E+0	3,893000E+0	1,792651E+6	12,000000E+0
129	120,000000E+0	0,000000E+0	3,893000E+0	1,792651E+6	12,000000E+0
130	120,000000E+0	0,000000E+0	3,893000E+0	1,792651E+6	12,000000E+0
131	120,000000E+0	0,000000E+0	3,893000E+0	1,792651E+6	12,000000E+0
132	120,000000E+0	0,000000E+0	3,893000E+0	1,792673E+6	12,000000E+0
133	120,000000E+0	0,000000E+0	3,893000E+0	1,792673E+6	12,000000E+0
134	120,000000E+0	0,000000E+0	3,893000E+0	1,792673E+6	12,000000E+0
135	120,000000E+0	0,000000E+0	3,893000E+0	1,792673E+6	12,000000E+0
136	120,000000E+0	0,000000E+0	3,893000E+0	1,792696E+6	12,000000E+0
137	120,000000E+0	0,000000E+0	3,893000E+0	1,792696E+6	12,000000E+0
138	120,000000E+0	0,000000E+0	3,893000E+0	1,792696E+6	12,000000E+0
139	120,000000E+0	0,000000E+0	3,893000E+0	1,792696E+6	12,000000E+0
140	120,000000E+0	0,000000E+0	3,893000E+0	1,792717E+6	12,000000E+0
141	120,000000E+0	0,000000E+0	3,893000E+0	1,792717E+6	12,000000E+0
142	120,000000E+0	0,000000E+0	3,893000E+0	1,792717E+6	12,000000E+0
143	120,000000E+0	0,000000E+0	3,893000E+0	1,792717E+6	12,000000E+0
144	120,000000E+0	0,000000E+0	4,122000E+0	1,792741E+6	12,000000E+0
145	120,000000E+0	0,000000E+0	4,122000E+0	1,792741E+6	12,000000E+0
146	120,000000E+0	0,000000E+0	4,122000E+0	1,792741E+6	12,000000E+0
147	120,000000E+0	0,000000E+0	4,122000E+0	1,792741E+6	12,000000E+0
148	120,000000E+0	0,000000E+0	3,893000E+0	1,792763E+6	12,000000E+0
149	120,000000E+0	0,000000E+0	3,893000E+0	1,792763E+6	12,000000E+0
150	120,000000E+0	0,000000E+0	3,893000E+0	1,792763E+6	12,000000E+0
151	120,000000E+0	0,000000E+0	3,893000E+0	1,792763E+6	12,000000E+0
152	120,000000E+0	0,000000E+0	3,893000E+0	1,792784E+6	12,000000E+0
153	120,000000E+0	0,000000E+0	3,893000E+0	1,792784E+6	12,000000E+0
154	120,000000E+0	0,000000E+0	3,893000E+0	1,792784E+6	12,000000E+0
155	120,000000E+0	0,000000E+0	3,893000E+0	1,792784E+6	12,000000E+0
156	120,000000E+0	0,000000E+0	3,893000E+0	1,792806E+6	12,000000E+0
157	120,000000E+0	0,000000E+0	3,893000E+0	1,792806E+6	12,000000E+0
158	120,000000E+0	0,000000E+0	3,893000E+0	1,792806E+6	12,000000E+0
159	120,000000E+0	0,000000E+0	3,893000E+0	1,792806E+6	12,000000E+0
160	120,000000E+0	0,000000E+0	3,893000E+0	1,792829E+6	12,000000E+0
161	120,000000E+0	0,000000E+0	3,893000E+0	1,792829E+6	12,000000E+0
162	120,000000E+0	0,000000E+0	3,893000E+0	1,792829E+6	12,000000E+0
163	120,000000E+0	0,000000E+0	3,893000E+0	1,792829E+6	12,000000E+0
164	120,000000E+0	0,000000E+0	3,893000E+0	1,792851E+6	12,000000E+0
165	120,000000E+0	0,000000E+0	3,893000E+0	1,792851E+6	12,000000E+0
166	120,000000E+0	0,000000E+0	3,893000E+0	1,792851E+6	12,000000E+0
167	120,000000E+0	0,000000E+0	3,893000E+0	1,792851E+6	12,000000E+0
168	120,000000E+0	0,000000E+0	3,893000E+0	1,792873E+6	12,000000E+0
169	120,000000E+0	0,000000E+0	3,893000E+0	1,792873E+6	12,000000E+0
170	120,000000E+0	0,000000E+0	3,893000E+0	1,792873E+6	12,000000E+0
171	120,000000E+0	0,000000E+0	3,893000E+0	1,792873E+6	12,000000E+0
172	120,000000E+0	0,000000E+0	3,893000E+0	1,792895E+6	12,000000E+0
173	120,000000E+0	0,000000E+0	3,893000E+0	1,792895E+6	12,000000E+0
174	120,000000E+0	0,000000E+0	3,893000E+0	1,792895E+6	12,000000E+0
175	120,000000E+0	0,000000E+0	3,893000E+0	1,792895E+6	12,000000E+0
176	120,000000E+0	0,000000E+0	3,893000E+0	1,792917E+6	12,000000E+0
177	120,000000E+0	0,000000E+0	3,893000E+0	1,792917E+6	12,000000E+0
178	120,000000E+0	0,000000E+0	3,893000E+0	1,792917E+6	12,000000E+0
179	120,000000E+0	0,000000E+0	3,893000E+0	1,792917E+6	12,000000E+0
180	120,000000E+0	0,000000E+0	3,893000E+0	1,792940E+6	12,000000E+0
181	120,000000E+0	0,000000E+0	3,893000E+0	1,792940E+6	12,000000E+0
182	120,000000E+0	0,000000E+0	3,893000E+0	1,792940E+6	12,000000E+0
183	120,000000E+0	0,000000E+0	3,893000E+0	1,792940E+6	12,000000E+0
184	120,000000E+0	0,000000E+0	3,893000E+0	1,792962E+6	12,000000E+0
185	120,000000E+0	0,000000E+0	3,893000E+0	1,792962E+6	12,000000E+0
186	120,000000E+0	0,000000E+0	3,893000E+0	1,792962E+6	12,000000E+0
187	120,000000E+0	0,000000E+0	3,893000E+0	1,792962E+6	12,000000E+0
188	120,000000E+0	0,000000E+0	3,893000E+0	1,792985E+6	12,000000E+0
189	120,000000E+0	0,000000E+0	3,893000E+0	1,792985E+6	12,000000E+0
190	120,000000E+0	0,000000E+0	3,893000E+0	1,792985E+6	12,000000E+0
191	120,000000E+0	0,000000E+0	3,893000E+0	1,792985E+6	12,000000E+0
192	120,000000E+0	0,000000E+0	4,122000E+0	1,793009E+6	12,000000E+0
193	120,000000E+0	0,000000E+0	4,122000E+0	1,793009E+6	12,000000E+0
194	120,000000E+0	0,000000E+0	4,122000E+0	1,793009E+6	12,000000E+0
195	120,000000E+0	0,000000E+0	4,122000E+0	1,793009E+6	12,000000E+0
196	120,000000E+0	0,000000E+0	3,893000E+0	1,793031E+6	12,000000E+0
197	120,000000E+0	0,000000E+0	3,893000E+0	1,793031E+6	12,000000E+0
198	120,000000E+0	0,000000E+0	3,893000E+0	1,793031E+6	12,000000E+0
199	120,000000E+0	0,000000E+0	3,893000E+0	1,793031E+6	12,000000E+0
200	120,000000E+0	0,000000E+0	3,893000E+0	1,793052E+6	12,000000E+0
201	120,000000E+0	0,000000E+0	3,893000E+0	1,793052E+6	12,000000E+0
202	120,000000E+0	0,000000E+0	3,893000E+0	1,793052E+6	12,000000E+0
203	120,000000E+0	0,000000E+0	3,893000E+0	1,793052E+6	12,000000E+0
204	120,000000E+0	0,000000E+0	4,122000E+0	1,793076E+6	12,000000E+0
205	120,000000E+0	0,000000E+0	4,122000E+0	1,793076E+6	12,000000E+0
206	120,000000E+0	0,000000E+0	4,122000E+0	1,793076E+6	12,000000E+0
207	120,000000E+0	0,000000E+0	4,122000E+0	1,793076E+6	12,000000E+0
208	120,000000E+0	0,000000E+0	4,122000E+0	1,793099E+6	12,000000E+0
209	120,000000E+0	0,000000E+0	4,122000E+0	1,793099E+6	12,000000E+0
210	120,000000E+0	0,000000E+0	4,122000E+0	1,793099E+6	12,000000E+0
211	120,000000E+0	0,000000E+0	4,122000E+0	1,793099E+6	12,000000E+0
212	120,000000E+0	0,000000E+0	3,893000E+0	1,793121E+6	12,000000E+0
213	120,000000E+0	0,000000E+0	3,893000E+0	1,793121E+6	12,000000E+0
214	120,000000E+0	0,000000E+0	3,893000E+0	1,793121E+6	12,000000E+0
215	120,000000E+0	0,000000E+0	3,893000E+0	1,793121E+6	12,000000E+0
216	120,000000E+0	0,000000E+0	3,893000E+0	1,793142E+6	12,000000E+0
217	120,000000E+0	0,000000E+0	3,893000E+0	1,793142E+6	12,000000E+0
218	120,000000E+0	0,000000E+0	3,893000E+0	1,793142E+6	12,000000E+0
219	120,000000E+0	0,000000E+0	3,893000E+0	1,793142E+6	12,000000E+0
220	120,000000E+0	0,000000E+0	4,122000E+0	1,793165E+6	12,000000E+0
221	120,000000E+0	0,000000E+0	4,122000E+0	1,793165E+6	12,000000E+0
222	120,000000E+0	0,000000E+0	4,122000E+0	1,793165E+6	12,000000E+0
223	120,000000E+0	0,000000E+0	4,122000E+0	1,793165E+6	12,000000E+0
224	120,000000E+0	0,000000E+0	4,122000E+0	1,793189E+6	12,000000E+0
225	120,000000E+0	0,000000E+0	4,122000E+0	1,793189E+6	12,000000E+0
226	120,000000E+0	0,000000E+0	4,122000E+0	1,793189E+6	12,000000E+0
227	120,000000E+0	0,000000E+0	4,122000E+0	1,793189E+6	12,000000E+0
228	120,000000E+0	0,000000E+0	3,893000E+0	1,793211E+6	12,000000E+0
229	120,000000E+0	0,000000E+0	3,893000E+0	1,793211E+6	12,000000E+0
230	120,000000E+0	0,000000E+0	3,893000E+0	1,793211E+6	12,000000E+0
231	120,000000E+0	0,000000E+0	3,893000E+0	1,793211E+6	12,000000E+0
232	120,000000E+0	0,000000E+0	3,893000E+0	1,793233E+6	12,000000E+0
233	120,000000E+0	0,000000E+0	3,893000E+0	1,793233E+6	12,000000E+0
234	120,000000E+0	0,000000E+0	3,893000E+0	1,793233E+6	12,000000E+0
235	120,000000E+0	0,000000E+0	3,893000E+0	1,793233E+6	12,000000E+0
236	120,000000E+0	0,000000E+0	4,122000E+0	1,793255E+6	12,000000E+0
237	120,000000E+0	0,000000E+0	4,122000E+0	1,793255E+6	12,000000E+0
238	120,000000E+0	0,000000E+0	4,122000E+0	1,793255E+6	12,000000E+0
239	120,000000E+0	0,000000E+0	4,122000E+0	1,793255E+6	12,000000E+0
240	120,000000E+0	0,000000E+0	4,122000E+0	1,793278E+6	12,000000E+0
241	120,000000E+0	0,000000E+0	4,122000E+0	1,793278E+6	12,000000E+0
242	120,000000E+0	0,000000E+0	4,122000E+0	1,793278E+6	12,000000E+0
243	120,000000E+0	0,000000E+0	4,122000E+0	1,793278E+6	12,000000E+0
244	120,000000E+0	0,000000E+0	3,893000E+0	1,793300E+6	12,000000E+0
245	120,000000E+0	0,000000E+0	3,893000E+0	1,793300E+6	12,000000E+0
246	120,000000E+0	0,000000E+0	3,893000E+0	1,793300E+6	12,000000E+0
247	120,000000E+0	0,000000E+0	3,893000E+0	1,793300E+6	12,000000E+0
248	120,000000E+0	0,000000E+0	3,893000E+0	1,793322E+6	12,000000E+0
249	120,000000E+0	0,000000E+0	3,893000E+0	1,793322E+6	12,000000E+0
250	120,000000E+0	0,000000E+0	3,893000E+0	1,793322E+6	12,000000E+0
251	120,000000E+0	0,000000E+0	3,893000E+0	1,793322E+6	12,000000E+0
252	120,000000E+0	0,000000E+0	3,893000E+0	1,793344E+6	12,000000E+0
253	120,000000E+0	0,000000E+0	3,893000E+0	1,793344E+6	12,000000E+0
254	120,000000E+0	0,000000E+0	3,893000E+0	1,793344E+6	12,000000E+0
255	120,000000E+0	0,000000E+0	3,893000E+0	1,793344E+6	12,000000E+0
256	120,000000E+0	0,000000E+0	4,122000E+0	1,793367E+6	12,000000E+0
257	120,000000E+0	0,000000E+0	4,122000E+0	1,793367E+6	12,000000E+0
258	120,000000E+0	0,000000E+0	4,122000E+0	1,793367E+6	12,000000E+0
259	120,000000E+0	0,000000E+0	4,122000E+0	1,793367E+6	12,000000E+0
260	120,000000E+0	0,000000E+0	3,893000E+0	1,793388E+6	12,000000E+0
261	120,000000E+0	0,000000E+0	3,893000E+0	1,793388E+6	12,000000E+0
262	120,000000E+0	0,000000E+0	3,893000E+0	1,793388E+6	12,000000E+0
263	120,000000E+0	0,000000E+0	3,893000E+0	1,793388E+6	12,000000E+0
264	120,000000E+0	0,000000E+0	3,893000E+0	1,793411E+6	12,000000E+0
265	120,000000E+0	0,000000E+0	3,893000E+0	1,793411E+6	12,000000E+0
266	120,000000E+0	0,000000E+0	3,893000E+0	1,793411E+6	12,000000E+0
267	120,000000E+0	0,000000E+0	3,893000E+0	1,793411E+6	12,000000E+0
268	120,000000E+0	0,000000E+0	3,893000E+0	1,793433E+6	12,000000E+0
269	120,000000E+0	0,000000E+0	3,893000E+0	1,793433E+6	12,000000E+0
270	120,000000E+0	0,000000E+0	3,893000E+0	1,793433E+6	12,000000E+0
271	120,000000E+0	0,000000E+0	3,893000E+0	1,793433E+6	12,000000E+0
272	120,000000E+0	0,000000E+0	4,122000E+0	1,793457E+6	12,000000E+0
273	120,000000E+0	0,000000E+0	4,122000E+0	1,793457E+6	12,000000E+0
274	120,000000E+0	0,000000E+0	4,122000E+0	1,793457E+6	12,000000E+0
275	120,000000E+0	0,000000E+0	4,122000E+0	1,793457E+6	12,000000E+0
276	120,000000E+0	0,000000E+0	3,893000E+0	1,793478E+6	12,000000E+0
277	120,000000E+0	0,000000E+0	3,893000E+0	1,793478E+6	12,000000E+0
278	120,000000E+0	0,000000E+0	3,893000E+0	1,793478E+6	12,000000E+0
279	120,000000E+0	0,000000E+0	3,893000E+0	1,793478E+6	12,000000E+0
280	120,000000E+0	0,000000E+0	3,893000E+0	1,793500E+6	12,000000E+0
281	120,000000E+0	0,000000E+0	3,893000E+0	1,793500E+6	12,000000E+0
282	120,000000E+0	0,000000E+0	3,893000E+0	1,793500E+6	12,000000E+0
283	120,000000E+0	0,000000E+0	3,893000E+0	1,793500E+6	12,000000E+0
284	120,000000E+0	0,000000E+0	3,893000E+0	1,793523E+6	12,000000E+0
285	120,000000E+0	0,000000E+0	3,893000E+0	1,793523E+6	12,000000E+0
286	120,000000E+0	0,000000E+0	3,893000E+0	1,793523E+6	12,000000E+0
287	120,000000E+0	0,000000E+0	3,893000E+0	1,793523E+6	12,000000E+0
288	120,000000E+0	0,000000E+0	4,122000E+0	1,793547E+6	12,000000E+0
289	120,000000E+0	0,000000E+0	4,122000E+0	1,793547E+6	12,000000E+0
290	120,000000E+0	0,000000E+0	4,122000E+0	1,793547E+6	12,000000E+0
291	120,000000E+0	0,000000E+0	4,122000E+0	1,793547E+6	12,000000E+0
292	120,000000E+0	0,000000E+0	3,893000E+0	1,793568E+6	12,000000E+0
293	120,000000E+0	0,000000E+0	3,893000E+0	1,793568E+6	12,000000E+0
294	120,000000E+0	0,000000E+0	3,893000E+0	1,793568E+6	12,000000E+0
295	120,000000E+0	0,000000E+0	3,893000E+0	1,793568E+6	12,000000E+0
296	120,000000E+0	0,000000E+0	3,893000E+0	1,793590E+6	12,000000E+0
297	120,000000E+0	0,000000E+0	3,893000E+0	1,793590E+6	12,000000E+0
298	120,000000E+0	0,000000E+0	3,893000E+0	1,793590E+6	12,000000E+0
299	120,000000E+0	0,000000E+0	3,893000E+0	1,793590E+6	12,000000E+0
300	120,000000E+0	0,000000E+0	4,122000E+0	1,793613E+6	12,000000E+0
301	120,000000E+0	0,000000E+0	4,122000E+0	1,793613E+6	12,000000E+0
302	120,000000E+0	0,000000E+0	4,122000E+0	1,793613E+6	12,000000E+0
303	120,000000E+0	0,000000E+0	4,122000E+0	1,793613E+6	12,000000E+0
304	120,000000E+0	0,000000E+0	4,122000E+0	1,793636E+6	12,000000E+0
305	120,000000E+0	0,000000E+0	4,122000E+0	1,793636E+6	12,000000E+0
306	120,000000E+0	0,000000E+0	4,122000E+0	1,793636E+6	12,000000E+0
307	120,000000E+0	0,000000E+0	4,122000E+0	1,793636E+6	12,000000E+0
308	120,000000E+0	0,000000E+0	3,893000E+0	1,793658E+6	12,000000E+0
309	120,000000E+0	0,000000E+0	3,893000E+0	1,793658E+6	12,000000E+0
310	120,000000E+0	0,000000E+0	3,893000E+0	1,793658E+6	12,000000E+0
311	120,000000E+0	0,000000E+0	3,893000E+0	1,793658E+6	12,000000E+0
312	120,000000E+0	0,000000E+0	3,893000E+0	1,793681E+6	12,000000E+0
313	120,000000E+0	0,000000E+0	3,893000E+0	1,793681E+6	12,000000E+0
314	120,000000E+0	0,000000E+0	3,893000E+0	1,793681E+6	12,000000E+0
315	120,000000E+0	0,000000E+0	3,893000E+0	1,793681E+6	12,000000E+0
316	120,000000E+0	0,000000E+0	3,893000E+0	1,793702E+6	12,000000E+0
317	120,000000E+0	0,000000E+0	3,893000E+0	1,793702E+6	12,000000E+0
318	120,000000E+0	0,000000E+0	3,893000E+0	1,793702E+6	12,000000E+0
319	120,000000E+0	0,000000E+0	3,893000E+0	1,793702E+6	12,000000E+0
320	120,000000E+0	0,000000E+0	4,122000E+0	1,793726E+6	12,000000E+0
321	120,000000E+0	0,000000E+0	4,122000E+0	1,793726E+6	12,000000E+0
322	120,000000E+0	0,000000E+0	4,122000E+0	1,793726E+6	12,000000E+0
323	120,000000E+0	0,000000E+0	4,122000E+0	1,793726E+6	12,000000E+0
324	120,000000E+0	0,000000E+0	3,893000E+0	1,793748E+6	12,000000E+0
325	120,000000E+0	0,000000E+0	3,893000E+0	1,793748E+6	12,000000E+0
326	120,000000E+0	0,000000E+0	3,893000E+0	1,793748E+6	12,000000E+0
327	120,000000E+0	0,000000E+0	3,893000E+0	1,793748E+6	12,000000E+0
328	120,000000E+0	0,000000E+0	3,893000E+0	1,793769E+6	12,000000E+0
329	120,000000E+0	0,000000E+0	3,893000E+0	1,793769E+6	12,000000E+0
330	120,000000E+0	0,000000E+0	3,893000E+0	1,793769E+6	12,000000E+0
331	120,000000E+0	0,000000E+0	3,893000E+0	1,793769E+6	12,000000E+0
332	120,000000E+0	0,000000E+0	3,893000E+0	1,793792E+6	12,000000E+0
333	120,000000E+0	0,000000E+0	3,893000E+0	1,793792E+6	12,000000E+0
334	120,000000E+0	0,000000E+0	3,893000E+0	1,793792E+6	12,000000E+0
335	120,000000E+0	0,000000E+0	3,893000E+0	1,793792E+6	12,000000E+0
336	120,000000E+0	0,000000E+0	4,122000E+0	1,793815E+6	12,000000E+0
337	120,000000E+0	0,000000E+0	4,122000E+0	1,793815E+6	12,000000E+0
338	120,000000E+0	0,000000E+0	4,122000E+0	1,793815E+6	12,000000E+0
339	120,000000E+0	0,000000E+0	4,122000E+0	1,793815E+6	12,000000E+0
340	120,000000E+0	0,000000E+0	3,893000E+0	1,793837E+6	12,000000E+0
341	120,000000E+0	0,000000E+0	3,893000E+0	1,793837E+6	12,000000E+0
342	120,000000E+0	0,000000E+0	3,893000E+0	1,793837E+6	12,000000E+0
343	120,000000E+0	0,000000E+0	3,893000E+0	1,793837E+6	12,000000E+0
344	120,000000E+0	0,000000E+0	3,893000E+0	1,793859E+6	12,000000E+0
345	120,000000E+0	0,000000E+0	3,893000E+0	1,793859E+6	12,000000E+0
346	120,000000E+0	0,000000E+0	3,893000E+0	1,793859E+6	12,000000E+0
347	120,000000E+0	0,000000E+0	3,893000E+0	1,793859E+6	12,000000E+0
348	120,000000E+0	0,000000E+0	4,122000E+0	1,793882E+6	12,000000E+0
349	120,000000E+0	0,000000E+0	4,122000E+0	1,793882E+6	12,000000E+0
350	120,000000E+0	0,000000E+0	4,122000E+0	1,793882E+6	12,000000E+0
351	120,000000E+0	0,000000E+0	4,122000E+0	1,793882E+6	12,000000E+0
352	120,000000E+0	0,000000E+0	4,122000E+0	1,793905E+6	12,000000E+0
353	120,000000E+0	0,000000E+0	4,122000E+0	1,793905E+6	12,000000E+0
354	120,000000E+0	0,000000E+0	4,122000E+0	1,793905E+6	12,000000E+0
355	120,000000E+0	0,000000E+0	4,122000E+0	1,793905E+6	12,000000E+0
356	120,000000E+0	0,000000E+0	3,893000E+0	1,793926E+6	12,000000E+0
357	120,000000E+0	0,000000E+0	3,893000E+0	1,793926E+6	12,000000E+0
358	120,000000E+0	0,000000E+0	3,893000E+0	1,793926E+6	12,000000E+0
359	120,000000E+0	0,000000E+0	3,893000E+0	1,793926E+6	12,000000E+0
360	120,000000E+0	0,000000E+0	4,122000E+0	1,793949E+6	12,000000E+0
361	120,000000E+0	0,000000E+0	4,122000E+0	1,793949E+6	12,000000E+0
362	120,000000E+0	0,000000E+0	4,122000E+0	1,793949E+6	12,000000E+0
363	120,000000E+0	0,000000E+0	4,122000E+0	1,793949E+6	12,000000E+0
364	120,000000E+0	0,000000E+0	3,893000E+0	1,793972E+6	12,000000E+0
365	120,000000E+0	0,000000E+0	3,893000E+0	1,793972E+6	12,000000E+0
366	120,000000E+0	0,000000E+0	3,893000E+0	1,793972E+6	12,000000E+0
367	120,000000E+0	0,000000E+0	3,893000E+0	1,793972E+6	12,000000E+0
368	120,000000E+0	0,000000E+0	4,122000E+0	1,793995E+6	12,000000E+0
369	120,000000E+0	0,000000E+0	4,122000E+0	1,793995E+6	12,000000E+0
370	120,000000E+0	0,000000E+0	4,122000E+0	1,793995E+6	12,000000E+0
371	120,000000E+0	0,000000E+0	4,122000E+0	1,793995E+6	12,000000E+0
372	120,000000E+0	0,000000E+0	3,893000E+0	1,794016E+6	12,000000E+0
373	120,000000E+0	0,000000E+0	3,893000E+0	1,794016E+6	12,000000E+0
374	120,000000E+0	0,000000E+0	3,893000E+0	1,794016E+6	12,000000E+0
375	120,000000E+0	0,000000E+0	3,893000E+0	1,794016E+6	12,000000E+0
376	120,000000E+0	0,000000E+0	3,893000E+0	1,794038E+6	12,000000E+0
377	120,000000E+0	0,000000E+0	3,893000E+0	1,794038E+6	12,000000E+0
378	120,000000E+0	0,000000E+0	3,893000E+0	1,794038E+6	12,000000E+0
379	120,000000E+0	0,000000E+0	3,893000E+0	1,794038E+6	12,000000E+0
380	120,000000E+0	0,000000E+0	4,122000E+0	1,794060E+6	12,000000E+0
381	120,000000E+0	0,000000E+0	4,122000E+0	1,794060E+6	12,000000E+0
382	120,000000E+0	0,000000E+0	4,122000E+0	1,794060E+6	12,000000E+0
383	120,000000E+0	0,000000E+0	4,122000E+0	1,794060E+6	12,000000E+0
384	120,000000E+0	0,000000E+0	4,122000E+0	1,794082E+6	12,000000E+0
385	120,000000E+0	0,000000E+0	4,122000E+0	1,794082E+6	12,000000E+0
386	120,000000E+0	0,000000E+0	4,122000E+0	1,794082E+6	12,000000E+0
387	120,000000E+0	0,000000E+0	4,122000E+0	1,794082E+6	12,000000E+0
388	120,000000E+0	0,000000E+0	3,893000E+0	1,794103E+6	12,000000E+0
389	120,000000E+0	0,000000E+0	3,893000E+0	1,794103E+6	12,000000E+0
390	120,000000E+0	0,000000E+0	3,893000E+0	1,794103E+6	12,000000E+0
391	120,000000E+0	0,000000E+0	3,893000E+0	1,794103E+6	12,000000E+0
392	120,000000E+0	0,000000E+0	4,122000E+0	1,794126E+6	12,000000E+0
393	120,000000E+0	0,000000E+0	4,122000E+0	1,794126E+6	12,000000E+0
394	120,000000E+0	0,000000E+0	4,122000E+0	1,794126E+6	12,000000E+0
395	120,000000E+0	0,000000E+0	4,122000E+0	1,794126E+6	12,000000E+0
396	120,000000E+0	0,000000E+0	4,122000E+0	1,794147E+6	12,000000E+0
397	120,000000E+0	0,000000E+0	4,122000E+0	1,794147E+6	12,000000E+0
398	120,000000E+0	0,000000E+0	4,122000E+0	1,794147E+6	12,000000E+0
399	120,000000E+0	0,000000E+0	4,122000E+0	1,794147E+6	12,000000E+0
400	120,000000E+0	0,000000E+0	4,122000E+0	1,794170E+6	12,000000E+0
401	120,000000E+0	0,000000E+0	4,122000E+0	1,794170E+6	12,000000E+0
402	120,000000E+0	0,000000E+0	4,122000E+0	1,794170E+6	12,000000E+0
403	120,000000E+0	0,000000E+0	4,122000E+0	1,794170E+6	12,000000E+0
404	120,000000E+0	0,000000E+0	3,893000E+0	1,794192E+6	12,000000E+0
405	120,000000E+0	0,000000E+0	3,893000E+0	1,794192E+6	12,000000E+0
406	120,000000E+0	0,000000E+0	3,893000E+0	1,794192E+6	12,000000E+0
407	120,000000E+0	0,000000E+0	3,893000E+0	1,794192E+6	12,000000E+0
408	120,000000E+0	0,000000E+0	3,893000E+0	1,794215E+6	12,000000E+0
409	120,000000E+0	0,000000E+0	3,893000E+0	1,794215E+6	12,000000E+0
410	120,000000E+0	0,000000E+0	3,893000E+0	1,794215E+6	12,000000E+0
411	120,000000E+0	0,000000E+0	3,893000E+0	1,794215E+6	12,000000E+0
412	120,000000E+0	0,000000E+0	4,122000E+0	1,794238E+6	12,000000E+0
413	120,000000E+0	0,000000E+0	4,122000E+0	1,794238E+6	12,000000E+0
414	120,000000E+0	0,000000E+0	4,122000E+0	1,794238E+6	12,000000E+0
415	120,000000E+0	0,000000E+0	4,122000E+0	1,794238E+6	12,000000E+0
416	120,000000E+0	0,000000E+0	4,122000E+0	1,794261E+6	12,000000E+0
417	120,000000E+0	0,000000E+0	4,122000E+0	1,794261E+6	12,000000E+0
418	120,000000E+0	0,000000E+0	4,122000E+0	1,794261E+6	12,000000E+0
419	120,000000E+0	0,000000E+0	4,122000E+0	1,794261E+6	12,000000E+0
420	120,000000E+0	0,000000E+0	3,893000E+0	1,794282E+6	12,000000E+0
421	120,000000E+0	0,000000E+0	3,893000E+0	1,794282E+6	12,000000E+0
422	120,000000E+0	0,000000E+0	3,893000E+0	1,794282E+6	12,000000E+0
423	120,000000E+0	0,000000E+0	3,893000E+0	1,794282E+6	12,000000E+0
424	120,000000E+0	0,000000E+0	4,122000E+0	1,794304E+6	12,000000E+0
425	120,000000E+0	0,000000E+0	4,122000E+0	1,794304E+6	12,000000E+0
426	120,000000E+0	0,000000E+0	4,122000E+0	1,794304E+6	12,000000E+0
427	120,000000E+0	0,000000E+0	4,122000E+0	1,794304E+6	12,000000E+0
428	120,000000E+0	0,000000E+0	4,122000E+0	1,794327E+6	12,000000E+0
429	120,000000E+0	0,000000E+0	4,122000E+0	1,794327E+6	12,000000E+0
430	120,000000E+0	0,000000E+0	4,122000E+0	1,794327E+6	12,000000E+0
431	120,000000E+0	0,000000E+0	4,122000E+0	1,794327E+6	12,000000E+0
432	120,000000E+0	0,000000E+0	3,893000E+0	1,794349E+6	12,000000E+0
433	120,000000E+0	0,000000E+0	3,893000E+0	1,794349E+6	12,000000E+0
434	120,000000E+0	0,000000E+0	3,893000E+0	1,794349E+6	12,000000E+0
435	120,000000E+0	0,000000E+0	3,893000E+0	1,794349E+6	12,000000E+0
436	120,000000E+0	0,000000E+0	3,893000E+0	1,794371E+6	12,000000E+0
437	120,000000E+0	0,000000E+0	3,893000E+0	1,794371E+6	12,000000E+0
438	120,000000E+0	0,000000E+0	3,893000E+0	1,794371E+6	12,000000E+0
439	120,000000E+0	0,000000E+0	3,893000E+0	1,794371E+6	12,000000E+0
440	120,000000E+0	0,000000E+0	3,893000E+0	1,794394E+6	12,000000E+0
441	120,000000E+0	0,000000E+0	3,893000E+0	1,794394E+6	12,000000E+0
442	120,000000E+0	0,000000E+0	3,893000E+0	1,794394E+6	12,000000E+0
443	120,000000E+0	0,000000E+0	3,893000E+0	1,794394E+6	12,000000E+0
444	120,000000E+0	0,000000E+0	4,122000E+0	1,794415E+6	12,000000E+0
445	120,000000E+0	0,000000E+0	4,122000E+0	1,794415E+6	12,000000E+0
446	120,000000E+0	0,000000E+0	4,122000E+0	1,794415E+6	12,000000E+0
447	120,000000E+0	0,000000E+0	4,122000E+0	1,794415E+6	12,000000E+0
448	120,000000E+0	0,000000E+0	4,122000E+0	1,794438E+6	12,000000E+0
449	120,000000E+0	0,000000E+0	4,122000E+0	1,794438E+6	12,000000E+0
450	120,000000E+0	0,000000E+0	4,122000E+0	1,794438E+6	12,000000E+0
451	120,000000E+0	0,000000E+0	4,122000E+0	1,794438E+6	12,000000E+0
452	120,000000E+0	0,000000E+0	3,893000E+0	1,794460E+6	12,000000E+0
453	120,000000E+0	0,000000E+0	3,893000E+0	1,794460E+6	12,000000E+0
454	120,000000E+0	0,000000E+0	3,893000E+0	1,794460E+6	12,000000E+0
455	120,000000E+0	0,000000E+0	3,893000E+0	1,794460E+6	12,000000E+0
456	120,000000E+0	0,000000E+0	3,893000E+0	1,794482E+6	12,000000E+0
457	120,000000E+0	0,000000E+0	3,893000E+0	1,794482E+6	12,000000E+0
458	120,000000E+0	0,000000E+0	3,893000E+0	1,794482E+6	12,000000E+0
459	120,000000E+0	0,000000E+0	3,893000E+0	1,794482E+6	12,000000E+0
460	120,000000E+0	0,000000E+0	3,893000E+0	1,794504E+6	12,000000E+0
461	120,000000E+0	0,000000E+0	3,893000E+0	1,794504E+6	12,000000E+0
462	120,000000E+0	0,000000E+0	3,893000E+0	1,794504E+6	12,000000E+0
463	120,000000E+0	0,000000E+0	3,893000E+0	1,794504E+6	12,000000E+0
464	120,000000E+0	0,000000E+0	3,893000E+0	1,794526E+6	12,000000E+0
465	120,000000E+0	0,000000E+0	3,893000E+0	1,794526E+6	12,000000E+0
466	120,000000E+0	0,000000E+0	3,893000E+0	1,794526E+6	12,000000E+0
467	120,000000E+0	0,000000E+0	3,893000E+0	1,794526E+6	12,000000E+0
468	120,000000E+0	0,000000E+0	3,893000E+0	1,794549E+6	12,000000E+0
469	120,000000E+0	0,000000E+0	3,893000E+0	1,794549E+6	12,000000E+0
470	120,000000E+0	0,000000E+0	3,893000E+0	1,794549E+6	12,000000E+0
471	120,000000E+0	0,000000E+0	3,893000E+0	1,794549E+6	12,000000E+0
472	120,000000E+0	0,000000E+0	3,893000E+0	1,794571E+6	12,000000E+0
473	120,000000E+0	0,000000E+0	3,893000E+0	1,794571E+6	12,000000E+0
474	120,000000E+0	0,000000E+0	3,893000E+0	1,794571E+6	12,000000E+0
475	120,000000E+0	0,000000E+0	3,893000E+0	1,794571E+6	12,000000E+0
476	120,000000E+0	0,000000E+0	3,893000E+0	1,794593E+6	12,000000E+0
477	120,000000E+0	0,000000E+0	3,893000E+0	1,794593E+6	12,000000E+0
478	120,000000E+0	0,000000E+0	3,893000E+0	1,794593E+6	12,000000E+0
479	120,000000E+0	0,000000E+0	3,893000E+0	1,794593E+6	12,000000E+0
480	120,000000E+0	0,000000E+0	3,893000E+0	1,794616E+6	12,000000E+0
481	120,000000E+0	0,000000E+0	3,893000E+0	1,794616E+6	12,000000E+0
482	120,000000E+0	0,000000E+0	3,893000E+0	1,794616E+6	12,000000E+0
483	120,000000E+0	0,000000E+0	3,893000E+0	1,794616E+6	12,000000E+0
484	120,000000E+0	0,000000E+0	3,893000E+0	1,794637E+6	12,000000E+0
485	120,000000E+0	0,000000E+0	3,893000E+0	1,794637E+6	12,000000E+0
486	120,000000E+0	0,000000E+0	3,893000E+0	1,794637E+6	12,000000E+0
487	120,000000E+0	0,000000E+0	3,893000E+0	1,794637E+6	12,000000E+0
488	120,000000E+0	0,000000E+0	3,893000E+0	1,794661E+6	12,000000E+0
489	120,000000E+0	0,000000E+0	3,893000E+0	1,794661E+6	12,000000E+0
490	120,000000E+0	0,000000E+0	3,893000E+0	1,794661E+6	12,000000E+0
491	120,000000E+0	0,000000E+0	3,893000E+0	1,794661E+6	12,000000E+0
492	120,000000E+0	0,000000E+0	3,893000E+0	1,794683E+6	12,000000E+0
493	120,000000E+0	0,000000E+0	3,893000E+0	1,794683E+6	12,000000E+0
494	120,000000E+0	0,000000E+0	3,893000E+0	1,794683E+6	12,000000E+0
495	120,000000E+0	0,000000E+0	3,893000E+0	1,794683E+6	12,000000E+0
496	120,000000E+0	0,000000E+0	3,893000E+0	1,794706E+6	12,000000E+0
497	120,000000E+0	0,000000E+0	3,893000E+0	1,794706E+6	12,000000E+0
498	120,000000E+0	0,000000E+0	3,893000E+0	1,794706E+6	12,000000E+0
499	120,000000E+0	0,000000E+0	3,893000E+0	1,794706E+6	12,000000E+0
500	120,000000E+0	0,000000E+0	3,893000E+0	1,794728E+6	12,000000E+0
501	120,000000E+0	0,000000E+0	3,893000E+0	1,794728E+6	12,000000E+0
502	120,000000E+0	0,000000E+0	3,893000E+0	1,794728E+6	12,000000E+0
503	120,000000E+0	0,000000E+0	3,893000E+0	1,794728E+6	12,000000E+0
504	120,000000E+0	0,000000E+0	3,893000E+0	1,794749E+6	12,000000E+0
505	120,000000E+0	0,000000E+0	3,893000E+0	1,794749E+6	12,000000E+0
506	120,000000E+0	0,000000E+0	3,893000E+0	1,794749E+6	12,000000E+0
507	120,000000E+0	0,000000E+0	3,893000E+0	1,794749E+6	12,000000E+0
508	120,000000E+0	0,000000E+0	3,893000E+0	1,794772E+6	12,000000E+0
509	120,000000E+0	0,000000E+0	3,893000E+0	1,794772E+6	12,000000E+0
510	120,000000E+0	0,000000E+0	3,893000E+0	1,794772E+6	12,000000E+0
511	120,000000E+0	0,000000E+0	3,893000E+0	1,794772E+6	12,000000E+0
512	120,000000E+0	0,000000E+0	3,893000E+0	1,794794E+6	12,000000E+0
513	120,000000E+0	0,000000E+0	3,893000E+0	1,794794E+6	12,000000E+0
514	120,000000E+0	0,000000E+0	3,893000E+0	1,794794E+6	12,000000E+0
515	120,000000E+0	0,000000E+0	3,893000E+0	1,794794E+6	12,000000E+0
516	120,000000E+0	0,000000E+0	3,893000E+0	1,794816E+6	12,000000E+0
517	120,000000E+0	0,000000E+0	3,893000E+0	1,794816E+6	12,000000E+0
518	120,000000E+0	0,000000E+0	3,893000E+0	1,794816E+6	12,000000E+0
519	120,000000E+0	0,000000E+0	3,893000E+0	1,794816E+6	12,000000E+0
520	120,000000E+0	0,000000E+0	3,893000E+0	1,794838E+6	12,000000E+0
521	120,000000E+0	0,000000E+0	3,893000E+0	1,794838E+6	12,000000E+0
522	120,000000E+0	0,000000E+0	3,893000E+0	1,794838E+6	12,000000E+0
523	120,000000E+0	0,000000E+0	3,893000E+0	1,794838E+6	12,000000E+0
524	120,000000E+0	0,000000E+0	3,893000E+0	1,794861E+6	12,000000E+0
525	120,000000E+0	0,000000E+0	3,893000E+0	1,794861E+6	12,000000E+0
526	120,000000E+0	0,000000E+0	3,893000E+0	1,794861E+6	12,000000E+0
527	120,000000E+0	0,000000E+0	3,893000E+0	1,794861E+6	12,000000E+0
528	120,000000E+0	0,000000E+0	3,893000E+0	1,794883E+6	12,000000E+0
529	120,000000E+0	0,000000E+0	3,893000E+0	1,794883E+6	12,000000E+0
530	120,000000E+0	0,000000E+0	3,893000E+0	1,794883E+6	12,000000E+0
531	120,000000E+0	0,000000E+0	3,893000E+0	1,794883E+6	12,000000E+0
532	120,000000E+0	0,000000E+0	3,893000E+0	1,794905E+6	12,000000E+0
533	120,000000E+0	0,000000E+0	3,893000E+0	1,794905E+6	12,000000E+0
534	120,000000E+0	0,000000E+0	3,893000E+0	1,794905E+6	12,000000E+0
535	120,000000E+0	0,000000E+0	3,893000E+0	1,794905E+6	12,000000E+0
536	120,000000E+0	0,000000E+0	3,893000E+0	1,794926E+6	12,000000E+0
537	120,000000E+0	0,000000E+0	3,893000E+0	1,794926E+6	12,000000E+0
538	120,000000E+0	0,000000E+0	3,893000E+0	1,794926E+6	12,000000E+0
539	120,000000E+0	0,000000E+0	3,893000E+0	1,794926E+6	12,000000E+0
540	120,000000E+0	0,000000E+0	3,893000E+0	1,794948E+6	12,000000E+0
541	120,000000E+0	0,000000E+0	3,893000E+0	1,794948E+6	12,000000E+0
542	120,000000E+0	0,000000E+0	3,893000E+0	1,794948E+6	12,000000E+0
543	120,000000E+0	0,000000E+0	3,893000E+0	1,794948E+6	12,000000E+0
544	120,000000E+0	0,000000E+0	3,893000E+0	1,794972E+6	12,000000E+0
545	120,000000E+0	0,000000E+0	3,893000E+0	1,794972E+6	12,000000E+0
546	120,000000E+0	0,000000E+0	3,893000E+0	1,794972E+6	12,000000E+0
547	120,000000E+0	0,000000E+0	3,893000E+0	1,794972E+6	12,000000E+0
548	120,000000E+0	0,000000E+0	3,893000E+0	1,794994E+6	12,000000E+0
549	120,000000E+0	0,000000E+0	3,893000E+0	1,794994E+6	12,000000E+0
550	120,000000E+0	0,000000E+0	3,893000E+0	1,794994E+6	12,000000E+0
551	120,000000E+0	0,000000E+0	3,893000E+0	1,794994E+6	12,000000E+0
552	120,000000E+0	0,000000E+0	3,893000E+0	1,795017E+6	12,000000E+0
553	120,000000E+0	0,000000E+0	3,893000E+0	1,795017E+6	12,000000E+0
554	120,000000E+0	0,000000E+0	3,893000E+0	1,795017E+6	12,000000E+0
555	120,000000E+0	0,000000E+0	3,893000E+0	1,795017E+6	12,000000E+0
556	120,000000E+0	0,000000E+0	3,893000E+0	1,795039E+6	12,000000E+0
557	120,000000E+0	0,000000E+0	3,893000E+0	1,795039E+6	12,000000E+0
558	120,000000E+0	0,000000E+0	3,893000E+0	1,795039E+6	12,000000E+0
559	120,000000E+0	0,000000E+0	3,893000E+0	1,795039E+6	12,000000E+0
560	120,000000E+0	0,000000E+0	3,893000E+0	1,795061E+6	12,000000E+0
561	120,000000E+0	0,000000E+0	3,893000E+0	1,795061E+6	12,000000E+0
562	120,000000E+0	0,000000E+0	3,893000E+0	1,795061E+6	12,000000E+0
563	120,000000E+0	0,000000E+0	3,893000E+0	1,795061E+6	12,000000E+0
564	120,000000E+0	0,000000E+0	3,893000E+0	1,795083E+6	12,000000E+0
565	120,000000E+0	0,000000E+0	3,893000E+0	1,795083E+6	12,000000E+0
566	120,000000E+0	0,000000E+0	3,893000E+0	1,795083E+6	12,000000E+0
567	120,000000E+0	0,000000E+0	3,893000E+0	1,795083E+6	12,000000E+0
568	120,000000E+0	0,000000E+0	3,893000E+0	1,795106E+6	12,000000E+0
569	120,000000E+0	0,000000E+0	3,893000E+0	1,795106E+6	12,000000E+0
570	120,000000E+0	0,000000E+0	3,893000E+0	1,795106E+6	12,000000E+0
571	120,000000E+0	0,000000E+0	3,893000E+0	1,795106E+6	12,000000E+0
572	120,000000E+0	0,000000E+0	3,893000E+0	1,795128E+6	12,000000E+0
573	120,000000E+0	0,000000E+0	3,893000E+0	1,795128E+6	12,000000E+0
574	120,000000E+0	0,000000E+0	3,893000E+0	1,795128E+6	12,000000E+0
575	120,000000E+0	0,000000E+0	3,893000E+0	1,795128E+6	12,000000E+0
576	120,000000E+0	0,000000E+0	3,893000E+0	1,795150E+6	12,000000E+0
577	120,000000E+0	0,000000E+0	3,893000E+0	1,795150E+6	12,000000E+0
578	120,000000E+0	0,000000E+0	3,893000E+0	1,795150E+6	12,000000E+0
579	120,000000E+0	0,000000E+0	3,893000E+0	1,795150E+6	12,000000E+0
580	120,000000E+0	0,000000E+0	3,893000E+0	1,795173E+6	12,000000E+0
581	120,000000E+0	0,000000E+0	3,893000E+0	1,795173E+6	12,000000E+0
582	120,000000E+0	0,000000E+0	3,893000E+0	1,795173E+6	12,000000E+0
583	120,000000E+0	0,000000E+0	3,893000E+0	1,795173E+6	12,000000E+0
584	120,000000E+0	0,000000E+0	3,893000E+0	1,795195E+6	12,000000E+0
585	120,000000E+0	0,000000E+0	3,893000E+0	1,795195E+6	12,000000E+0
586	120,000000E+0	0,000000E+0	3,893000E+0	1,795195E+6	12,000000E+0
587	120,000000E+0	0,000000E+0	3,893000E+0	1,795195E+6	12,000000E+0
588	120,000000E+0	0,000000E+0	3,893000E+0	1,795218E+6	12,000000E+0
589	120,000000E+0	0,000000E+0	3,893000E+0	1,795218E+6	12,000000E+0
590	120,000000E+0	0,000000E+0	3,893000E+0	1,795218E+6	12,000000E+0
591	120,000000E+0	0,000000E+0	3,893000E+0	1,795218E+6	12,000000E+0
592	120,000000E+0	0,000000E+0	3,893000E+0	1,795240E+6	12,000000E+0
593	120,000000E+0	0,000000E+0	3,893000E+0	1,795240E+6	12,000000E+0
594	120,000000E+0	0,000000E+0	3,893000E+0	1,795240E+6	12,000000E+0
595	120,000000E+0	0,000000E+0	3,893000E+0	1,795240E+6	12,000000E+0
596	120,000000E+0	0,000000E+0	3,893000E+0	1,795262E+6	12,000000E+0
597	120,000000E+0	0,000000E+0	3,893000E+0	1,795262E+6	12,000000E+0
598	120,000000E+0	0,000000E+0	3,893000E+0	1,795262E+6	12,000000E+0
599	120,000000E+0	0,000000E+0	3,893000E+0	1,795262E+6	12,000000E+0
600	120,000000E+0	0,000000E+0	3,893000E+0	1,795284E+6	12,000000E+0
601	120,000000E+0	0,000000E+0	3,893000E+0	1,795284E+6	12,000000E+0
602	120,000000E+0	0,000000E+0	3,893000E+0	1,795284E+6	12,000000E+0
603	120,000000E+0	0,000000E+0	3,893000E+0	1,795284E+6	12,000000E+0
604	120,000000E+0	0,000000E+0	3,893000E+0	1,795308E+6	12,000000E+0
605	120,000000E+0	0,000000E+0	3,893000E+0	1,795308E+6	12,000000E+0
606	120,000000E+0	0,000000E+0	3,893000E+0	1,795308E+6	12,000000E+0
607	120,000000E+0	0,000000E+0	3,893000E+0	1,795308E+6	12,000000E+0
608	120,000000E+0	0,000000E+0	3,893000E+0	1,795330E+6	12,000000E+0
609	120,000000E+0	0,000000E+0	3,893000E+0	1,795330E+6	12,000000E+0
610	120,000000E+0	0,000000E+0	3,893000E+0	1,795330E+6	12,000000E+0
611	120,000000E+0	0,000000E+0	3,893000E+0	1,795330E+6	12,000000E+0
612	120,000000E+0	0,000000E+0	3,893000E+0	1,795352E+6	12,000000E+0
613	120,000000E+0	0,000000E+0	3,893000E+0	1,795352E+6	12,000000E+0
614	120,000000E+0	0,000000E+0	3,893000E+0	1,795352E+6	12,000000E+0
615	120,000000E+0	0,000000E+0	3,893000E+0	1,795352E+6	12,000000E+0
616	120,000000E+0	0,000000E+0	3,893000E+0	1,795374E+6	12,000000E+0
617	120,000000E+0	0,000000E+0	3,893000E+0	1,795374E+6	12,000000E+0
618	120,000000E+0	0,000000E+0	3,893000E+0	1,795374E+6	12,000000E+0
619	120,000000E+0	0,000000E+0	3,893000E+0	1,795374E+6	12,000000E+0
620	120,000000E+0	0,000000E+0	3,893000E+0	1,795396E+6	12,000000E+0
621	120,000000E+0	0,000000E+0	3,893000E+0	1,795396E+6	12,000000E+0
622	120,000000E+0	0,000000E+0	3,893000E+0	1,795396E+6	12,000000E+0
623	120,000000E+0	0,000000E+0	3,893000E+0	1,795396E+6	12,000000E+0
624	120,000000E+0	0,000000E+0	3,893000E+0	1,795418E+6	12,000000E+0
625	120,000000E+0	0,000000E+0	3,893000E+0	1,795418E+6	12,000000E+0
626	120,000000E+0	0,000000E+0	3,893000E+0	1,795418E+6	12,000000E+0
627	120,000000E+0	0,000000E+0	3,893000E+0	1,795418E+6	12,000000E+0
628	120,000000E+0	0,000000E+0	3,893000E+0	1,795441E+6	12,000000E+0
629	120,000000E+0	0,000000E+0	3,893000E+0	1,795441E+6	12,000000E+0
630	120,000000E+0	0,000000E+0	3,893000E+0	1,795441E+6	12,000000E+0
631	120,000000E+0	0,000000E+0	3,893000E+0	1,795441E+6	12,000000E+0
632	120,000000E+0	0,000000E+0	3,893000E+0	1,795464E+6	12,000000E+0
633	120,000000E+0	0,000000E+0	3,893000E+0	1,795464E+6	12,000000E+0
634	120,000000E+0	0,000000E+0	3,893000E+0	1,795464E+6	12,000000E+0
635	120,000000E+0	0,000000E+0	3,893000E+0	1,795464E+6	12,000000E+0
636	120,000000E+0	0,000000E+0	3,893000E+0	1,795486E+6	12,000000E+0
637	120,000000E+0	0,000000E+0	3,893000E+0	1,795486E+6	12,000000E+0
638	120,000000E+0	0,000000E+0	3,893000E+0	1,795486E+6	12,000000E+0
639	120,000000E+0	0,000000E+0	3,893000E+0	1,795486E+6	12,000000E+0
640	120,000000E+0	0,000000E+0	3,893000E+0	1,795509E+6	12,000000E+0
641	120,000000E+0	0,000000E+0	3,893000E+0	1,795509E+6	12,000000E+0
642	120,000000E+0	0,000000E+0	3,893000E+0	1,795509E+6	12,000000E+0
643	120,000000E+0	0,000000E+0	3,893000E+0	1,795509E+6	12,000000E+0
644	120,000000E+0	0,000000E+0	3,893000E+0	1,795531E+6	12,000000E+0
645	120,000000E+0	0,000000E+0	3,893000E+0	1,795531E+6	12,000000E+0
646	120,000000E+0	0,000000E+0	3,893000E+0	1,795531E+6	12,000000E+0
647	120,000000E+0	0,000000E+0	3,893000E+0	1,795531E+6	12,000000E+0
648	120,000000E+0	0,000000E+0	3,893000E+0	1,795554E+6	12,000000E+0
649	120,000000E+0	0,000000E+0	3,893000E+0	1,795554E+6	12,000000E+0
650	120,000000E+0	0,000000E+0	3,893000E+0	1,795554E+6	12,000000E+0
651	120,000000E+0	0,000000E+0	3,893000E+0	1,795554E+6	12,000000E+0
652	120,000000E+0	0,000000E+0	3,893000E+0	1,795576E+6	12,000000E+0
653	120,000000E+0	0,000000E+0	3,893000E+0	1,795576E+6	12,000000E+0
654	120,000000E+0	0,000000E+0	3,893000E+0	1,795576E+6	12,000000E+0
655	120,000000E+0	0,000000E+0	3,893000E+0	1,795576E+6	12,000000E+0
656	120,000000E+0	0,000000E+0	4,122000E+0	1,795598E+6	12,000000E+0
657	120,000000E+0	0,000000E+0	4,122000E+0	1,795598E+6	12,000000E+0
658	120,000000E+0	0,000000E+0	4,122000E+0	1,795598E+6	12,000000E+0
659	120,000000E+0	0,000000E+0	4,122000E+0	1,795598E+6	12,000000E+0
660	120,000000E+0	0,000000E+0	3,893000E+0	1,795620E+6	12,000000E+0
661	120,000000E+0	0,000000E+0	3,893000E+0	1,795620E+6	12,000000E+0
662	120,000000E+0	0,000000E+0	3,893000E+0	1,795620E+6	12,000000E+0
663	120,000000E+0	0,000000E+0	3,893000E+0	1,795620E+6	12,000000E+0
664	120,000000E+0	0,000000E+0	4,122000E+0	1,795642E+6	12,000000E+0
665	120,000000E+0	0,000000E+0	4,122000E+0	1,795642E+6	12,000000E+0
666	120,000000E+0	0,000000E+0	4,122000E+0	1,795642E+6	12,000000E+0
667	120,000000E+0	0,000000E+0	4,122000E+0	1,795642E+6	12,000000E+0
668	120,000000E+0	0,000000E+0	4,122000E+0	1,795665E+6	12,000000E+0
669	120,000000E+0	0,000000E+0	4,122000E+0	1,795665E+6	12,000000E+0
670	120,000000E+0	0,000000E+0	4,122000E+0	1,795665E+6	12,000000E+0
671	120,000000E+0	0,000000E+0	4,122000E+0	1,795665E+6	12,000000E+0
672	120,000000E+0	0,000000E+0	4,122000E+0	1,795688E+6	12,000000E+0
673	120,000000E+0	0,000000E+0	4,122000E+0	1,795688E+6	12,000000E+0
674	120,000000E+0	0,000000E+0	4,122000E+0	1,795688E+6	12,000000E+0
675	120,000000E+0	0,000000E+0	4,122000E+0	1,795688E+6	12,000000E+0
676	120,000000E+0	0,000000E+0	3,893000E+0	1,795710E+6	12,000000E+0
677	120,000000E+0	0,000000E+0	3,893000E+0	1,795710E+6	12,000000E+0
678	120,000000E+0	0,000000E+0	3,893000E+0	1,795710E+6	12,000000E+0
679	120,000000E+0	0,000000E+0	3,893000E+0	1,795710E+6	12,000000E+0
680	120,000000E+0	0,000000E+0	4,122000E+0	1,795732E+6	12,000000E+0
681	120,000000E+0	0,000000E+0	4,122000E+0	1,795732E+6	12,000000E+0
682	120,000000E+0	0,000000E+0	4,122000E+0	1,795732E+6	12,000000E+0
683	120,000000E+0	0,000000E+0	4,122000E+0	1,795732E+6	12,000000E+0
684	120,000000E+0	0,000000E+0	4,122000E+0	1,795755E+6	12,000000E+0
685	120,000000E+0	0,000000E+0	4,122000E+0	1,795755E+6	12,000000E+0
686	120,000000E+0	0,000000E+0	4,122000E+0	1,795755E+6	12,000000E+0
687	120,000000E+0	0,000000E+0	4,122000E+0	1,795755E+6	12,000000E+0
688	120,000000E+0	0,000000E+0	4,122000E+0	1,795778E+6	12,000000E+0
689	120,000000E+0	0,000000E+0	4,122000E+0	1,795778E+6	12,000000E+0
690	120,000000E+0	0,000000E+0	4,122000E+0	1,795778E+6	12,000000E+0
691	120,000000E+0	0,000000E+0	4,122000E+0	1,795778E+6	12,000000E+0
692	120,000000E+0	0,000000E+0	4,122000E+0	1,795800E+6	12,000000E+0
693	120,000000E+0	0,000000E+0	4,122000E+0	1,795800E+6	12,000000E+0
694	120,000000E+0	0,000000E+0	4,122000E+0	1,795800E+6	12,000000E+0
695	120,000000E+0	0,000000E+0	4,122000E+0	1,795800E+6	12,000000E+0
696	120,000000E+0	0,000000E+0	3,893000E+0	1,795822E+6	12,000000E+0
697	120,000000E+0	0,000000E+0	3,893000E+0	1,795822E+6	12,000000E+0
698	120,000000E+0	0,000000E+0	3,893000E+0	1,795822E+6	12,000000E+0
699	120,000000E+0	0,000000E+0	3,893000E+0	1,795822E+6	12,000000E+0
700	120,000000E+0	0,000000E+0	4,122000E+0	1,795844E+6	12,000000E+0
701	120,000000E+0	0,000000E+0	4,122000E+0	1,795844E+6	12,000000E+0
702	120,000000E+0	0,000000E+0	4,122000E+0	1,795844E+6	12,000000E+0
703	120,000000E+0	0,000000E+0	4,122000E+0	1,795844E+6	12,000000E+0
704	120,000000E+0	0,000000E+0	4,122000E+0	1,795867E+6	12,000000E+0
705	120,000000E+0	0,000000E+0	4,122000E+0	1,795867E+6	12,000000E+0
706	120,000000E+0	0,000000E+0	4,122000E+0	1,795867E+6	12,000000E+0
707	120,000000E+0	0,000000E+0	4,122000E+0	1,795867E+6	12,000000E+0
708	120,000000E+0	0,000000E+0	4,122000E+0	1,795889E+6	12,000000E+0
709	120,000000E+0	0,000000E+0	4,122000E+0	1,795889E+6	12,000000E+0
710	120,000000E+0	0,000000E+0	4,122000E+0	1,795889E+6	12,000000E+0
711	120,000000E+0	0,000000E+0	4,122000E+0	1,795889E+6	12,000000E+0
712	120,000000E+0	0,000000E+0	4,122000E+0	1,795912E+6	12,000000E+0
713	120,000000E+0	0,000000E+0	4,122000E+0	1,795912E+6	12,000000E+0
714	120,000000E+0	0,000000E+0	4,122000E+0	1,795912E+6	12,000000E+0
715	120,000000E+0	0,000000E+0	4,122000E+0	1,795912E+6	12,000000E+0
716	120,000000E+0	0,000000E+0	4,122000E+0	1,795935E+6	12,000000E+0
717	120,000000E+0	0,000000E+0	4,122000E+0	1,795935E+6	12,000000E+0
718	120,000000E+0	0,000000E+0	4,122000E+0	1,795935E+6	12,000000E+0
719	120,000000E+0	0,000000E+0	4,122000E+0	1,795935E+6	12,000000E+0
720	120,000000E+0	0,000000E+0	4,122000E+0	1,795956E+6	12,000000E+0
721	120,000000E+0	0,000000E+0	4,122000E+0	1,795956E+6	12,000000E+0
722	120,000000E+0	0,000000E+0	4,122000E+0	1,795956E+6	12,000000E+0
723	120,000000E+0	0,000000E+0	4,122000E+0	1,795956E+6	12,000000E+0
724	120,000000E+0	0,000000E+0	3,893000E+0	1,795979E+6	12,000000E+0
725	120,000000E+0	0,000000E+0	3,893000E+0	1,795979E+6	12,000000E+0
726	120,000000E+0	0,000000E+0	3,893000E+0	1,795979E+6	12,000000E+0
727	120,000000E+0	0,000000E+0	3,893000E+0	1,795979E+6	12,000000E+0
728	120,000000E+0	0,000000E+0	4,122000E+0	1,796001E+6	12,000000E+0
729	120,000000E+0	0,000000E+0	4,122000E+0	1,796001E+6	12,000000E+0
730	120,000000E+0	0,000000E+0	4,122000E+0	1,796001E+6	12,000000E+0
731	120,000000E+0	0,000000E+0	4,122000E+0	1,796001E+6	12,000000E+0
732	120,000000E+0	0,000000E+0	4,122000E+0	1,796024E+6	12,000000E+0
733	120,000000E+0	0,000000E+0	4,122000E+0	1,796024E+6	12,000000E+0
734	120,000000E+0	0,000000E+0	4,122000E+0	1,796024E+6	12,000000E+0
735	120,000000E+0	0,000000E+0	4,122000E+0	1,796024E+6	12,000000E+0
736	120,000000E+0	0,000000E+0	4,122000E+0	1,796046E+6	12,000000E+0
737	120,000000E+0	0,000000E+0	4,122000E+0	1,796046E+6	12,000000E+0
738	120,000000E+0	0,000000E+0	4,122000E+0	1,796046E+6	12,000000E+0
739	120,000000E+0	0,000000E+0	4,122000E+0	1,796046E+6	12,000000E+0
740	120,000000E+0	0,000000E+0	3,893000E+0	1,796068E+6	12,000000E+0
741	120,000000E+0	0,000000E+0	3,893000E+0	1,796068E+6	12,000000E+0
742	120,000000E+0	0,000000E+0	3,893000E+0	1,796068E+6	12,000000E+0
743	120,000000E+0	0,000000E+0	3,893000E+0	1,796068E+6	12,000000E+0
744	120,000000E+0	0,000000E+0	4,122000E+0	1,796091E+6	12,000000E+0
745	120,000000E+0	0,000000E+0	4,122000E+0	1,796091E+6	12,000000E+0
746	120,000000E+0	0,000000E+0	4,122000E+0	1,796091E+6	12,000000E+0
747	120,000000E+0	0,000000E+0	4,122000E+0	1,796091E+6	12,000000E+0
748	120,000000E+0	0,000000E+0	4,122000E+0	1,796114E+6	12,000000E+0
749	120,000000E+0	0,000000E+0	4,122000E+0	1,796114E+6	12,000000E+0
750	120,000000E+0	0,000000E+0	4,122000E+0	1,796114E+6	12,000000E+0
751	120,000000E+0	0,000000E+0	4,122000E+0	1,796114E+6	12,000000E+0
752	120,000000E+0	0,000000E+0	4,122000E+0	1,796135E+6	12,000000E+0
753	120,000000E+0	0,000000E+0	4,122000E+0	1,796135E+6	12,000000E+0
754	120,000000E+0	0,000000E+0	4,122000E+0	1,796135E+6	12,000000E+0
755	120,000000E+0	0,000000E+0	4,122000E+0	1,796135E+6	12,000000E+0
756	120,000000E+0	0,000000E+0	4,122000E+0	1,796158E+6	12,000000E+0
757	120,000000E+0	0,000000E+0	4,122000E+0	1,796158E+6	12,000000E+0
758	120,000000E+0	0,000000E+0	4,122000E+0	1,796158E+6	12,000000E+0
759	120,000000E+0	0,000000E+0	4,122000E+0	1,796158E+6	12,000000E+0
760	120,000000E+0	0,000000E+0	4,122000E+0	1,796180E+6	12,000000E+0
761	120,000000E+0	0,000000E+0	4,122000E+0	1,796180E+6	12,000000E+0
762	120,000000E+0	0,000000E+0	4,122000E+0	1,796180E+6	12,000000E+0
763	120,000000E+0	0,000000E+0	4,122000E+0	1,796180E+6	12,000000E+0
764	120,000000E+0	0,000000E+0	4,122000E+0	1,796203E+6	12,000000E+0
765	120,000000E+0	0,000000E+0	4,122000E+0	1,796203E+6	12,000000E+0
766	120,000000E+0	0,000000E+0	4,122000E+0	1,796203E+6	12,000000E+0
767	120,000000E+0	0,000000E+0	4,122000E+0	1,796203E+6	12,000000E+0
768	120,000000E+0	0,000000E+0	4,122000E+0	1,796225E+6	12,000000E+0
769	120,000000E+0	0,000000E+0	4,122000E+0	1,796225E+6	12,000000E+0
770	120,000000E+0	0,000000E+0	4,122000E+0	1,796225E+6	12,000000E+0
771	120,000000E+0	0,000000E+0	4,122000E+0	1,796225E+6	12,000000E+0
772	120,000000E+0	0,000000E+0	4,122000E+0	1,796247E+6	12,000000E+0
773	120,000000E+0	0,000000E+0	4,122000E+0	1,796247E+6	12,000000E+0
774	120,000000E+0	0,000000E+0	4,122000E+0	1,796247E+6	12,000000E+0
775	120,000000E+0	0,000000E+0	4,122000E+0	1,796247E+6	12,000000E+0
776	120,000000E+0	0,000000E+0	4,122000E+0	1,796270E+6	12,000000E+0
777	120,000000E+0	0,000000E+0	4,122000E+0	1,796270E+6	12,000000E+0
778	120,000000E+0	0,000000E+0	4,122000E+0	1,796270E+6	12,000000E+0
779	120,000000E+0	0,000000E+0	4,122000E+0	1,796270E+6	12,000000E+0
780	120,000000E+0	0,000000E+0	4,122000E+0	1,796293E+6	12,000000E+0
781	120,000000E+0	0,000000E+0	4,122000E+0	1,796293E+6	12,000000E+0
782	120,000000E+0	0,000000E+0	4,122000E+0	1,796293E+6	12,000000E+0
783	120,000000E+0	0,000000E+0	4,122000E+0	1,796293E+6	12,000000E+0
784	120,000000E+0	0,000000E+0	4,122000E+0	1,796316E+6	12,000000E+0
785	120,000000E+0	0,000000E+0	4,122000E+0	1,796316E+6	12,000000E+0
786	120,000000E+0	0,000000E+0	4,122000E+0	1,796316E+6	12,000000E+0
787	120,000000E+0	0,000000E+0	4,122000E+0	1,796316E+6	12,000000E+0
788	120,000000E+0	0,000000E+0	4,122000E+0	1,796337E+6	12,000000E+0
789	120,000000E+0	0,000000E+0	4,122000E+0	1,796337E+6	12,000000E+0
790	120,000000E+0	0,000000E+0	4,122000E+0	1,796337E+6	12,000000E+0
791	120,000000E+0	0,000000E+0	4,122000E+0	1,796337E+6	12,000000E+0
792	120,000000E+0	0,000000E+0	3,893000E+0	1,796360E+6	12,000000E+0
793	120,000000E+0	0,000000E+0	3,893000E+0	1,796360E+6	12,000000E+0
794	120,000000E+0	0,000000E+0	3,893000E+0	1,796360E+6	12,000000E+0
795	120,000000E+0	0,000000E+0	3,893000E+0	1,796360E+6	12,000000E+0
796	120,000000E+0	0,000000E+0	4,122000E+0	1,796383E+6	12,000000E+0
797	120,000000E+0	0,000000E+0	4,122000E+0	1,796383E+6	12,000000E+0
798	120,000000E+0	0,000000E+0	4,122000E+0	1,796383E+6	12,000000E+0
799	120,000000E+0	0,000000E+0	4,122000E+0	1,796383E+6	12,000000E+0
800	120,000000E+0	0,000000E+0	4,122000E+0	1,796406E+6	12,000000E+0
801	120,000000E+0	0,000000E+0	4,122000E+0	1,796406E+6	12,000000E+0
802	120,000000E+0	0,000000E+0	4,122000E+0	1,796406E+6	12,000000E+0
803	120,000000E+0	0,000000E+0	4,122000E+0	1,796406E+6	12,000000E+0
804	120,000000E+0	0,000000E+0	3,893000E+0	1,796427E+6	12,000000E+0
805	120,000000E+0	0,000000E+0	3,893000E+0	1,796427E+6	12,000000E+0
806	120,000000E+0	0,000000E+0	3,893000E+0	1,796427E+6	12,000000E+0
807	120,000000E+0	0,000000E+0	3,893000E+0	1,796427E+6	12,000000E+0
808	120,000000E+0	0,000000E+0	4,122000E+0	1,796448E+6	12,000000E+0
809	120,000000E+0	0,000000E+0	4,122000E+0	1,796448E+6	12,000000E+0
810	120,000000E+0	0,000000E+0	4,122000E+0	1,796448E+6	12,000000E+0
811	120,000000E+0	0,000000E+0	4,122000E+0	1,796448E+6	12,000000E+0
812	120,000000E+0	0,000000E+0	4,122000E+0	1,796472E+6	12,000000E+0
813	120,000000E+0	0,000000E+0	4,122000E+0	1,796472E+6	12,000000E+0
814	120,000000E+0	0,000000E+0	4,122000E+0	1,796472E+6	12,000000E+0
815	120,000000E+0	0,000000E+0	4,122000E+0	1,796472E+6	12,000000E+0
816	120,000000E+0	0,000000E+0	3,893000E+0	1,796494E+6	12,000000E+0
817	120,000000E+0	0,000000E+0	3,893000E+0	1,796494E+6	12,000000E+0
818	120,000000E+0	0,000000E+0	3,893000E+0	1,796494E+6	12,000000E+0
819	120,000000E+0	0,000000E+0	3,893000E+0	1,796494E+6	12,000000E+0
820	120,000000E+0	0,000000E+0	3,893000E+0	1,796516E+6	12,000000E+0
821	120,000000E+0	0,000000E+0	3,893000E+0	1,796516E+6	12,000000E+0
822	120,000000E+0	0,000000E+0	3,893000E+0	1,796516E+6	12,000000E+0
823	120,000000E+0	0,000000E+0	3,893000E+0	1,796516E+6	12,000000E+0
824	120,000000E+0	0,000000E+0	4,122000E+0	1,796539E+6	12,000000E+0
825	120,000000E+0	0,000000E+0	4,122000E+0	1,796539E+6	12,000000E+0
826	120,000000E+0	0,000000E+0	4,122000E+0	1,796539E+6	12,000000E+0
827	120,000000E+0	0,000000E+0	4,122000E+0	1,796539E+6	12,000000E+0
828	120,000000E+0	0,000000E+0	4,122000E+0	1,796561E+6	12,000000E+0
829	120,000000E+0	0,000000E+0	4,122000E+0	1,796561E+6	12,000000E+0
830	120,000000E+0	0,000000E+0	4,122000E+0	1,796561E+6	12,000000E+0
831	120,000000E+0	0,000000E+0	4,122000E+0	1,796561E+6	12,000000E+0
832	120,000000E+0	0,000000E+0	3,893000E+0	1,796583E+6	12,000000E+0
833	120,000000E+0	0,000000E+0	3,893000E+0	1,796583E+6	12,000000E+0
834	120,000000E+0	0,000000E+0	3,893000E+0	1,796583E+6	12,000000E+0
835	120,000000E+0	0,000000E+0	3,893000E+0	1,796583E+6	12,000000E+0
836	120,000000E+0	0,000000E+0	3,893000E+0	1,796605E+6	12,000000E+0
837	120,000000E+0	0,000000E+0	3,893000E+0	1,796605E+6	12,000000E+0
838	120,000000E+0	0,000000E+0	3,893000E+0	1,796605E+6	12,000000E+0
839	120,000000E+0	0,000000E+0	3,893000E+0	1,796605E+6	12,000000E+0
840	120,000000E+0	0,000000E+0	3,893000E+0	1,796628E+6	12,000000E+0
841	120,000000E+0	0,000000E+0	3,893000E+0	1,796628E+6	12,000000E+0
842	120,000000E+0	0,000000E+0	3,893000E+0	1,796628E+6	12,000000E+0
843	120,000000E+0	0,000000E+0	3,893000E+0	1,796628E+6	12,000000E+0
844	120,000000E+0	0,000000E+0	4,122000E+0	1,796651E+6	12,000000E+0
845	120,000000E+0	0,000000E+0	4,122000E+0	1,796651E+6	12,000000E+0
846	120,000000E+0	0,000000E+0	4,122000E+0	1,796651E+6	12,000000E+0
847	120,000000E+0	0,000000E+0	4,122000E+0	1,796651E+6	12,000000E+0
848	120,000000E+0	0,000000E+0	3,893000E+0	1,796674E+6	12,000000E+0
849	120,000000E+0	0,000000E+0	3,893000E+0	1,796674E+6	12,000000E+0
850	120,000000E+0	0,000000E+0	3,893000E+0	1,796674E+6	12,000000E+0
851	120,000000E+0	0,000000E+0	3,893000E+0	1,796674E+6	12,000000E+0
852	120,000000E+0	0,000000E+0	3,893000E+0	1,796696E+6	12,000000E+0
853	120,000000E+0	0,000000E+0	3,893000E+0	1,796696E+6	12,000000E+0
854	120,000000E+0	0,000000E+0	3,893000E+0	1,796696E+6	12,000000E+0
855	120,000000E+0	0,000000E+0	3,893000E+0	1,796696E+6	12,000000E+0
856	120,000000E+0	0,000000E+0	3,893000E+0	1,796720E+6	12,000000E+0
857	120,000000E+0	0,000000E+0	3,893000E+0	1,796720E+6	12,000000E+0
858	120,000000E+0	0,000000E+0	3,893000E+0	1,796720E+6	12,000000E+0
859	120,000000E+0	0,000000E+0	3,893000E+0	1,796720E+6	12,000000E+0
860	120,000000E+0	0,000000E+0	3,893000E+0	1,796742E+6	12,000000E+0
861	120,000000E+0	0,000000E+0	3,893000E+0	1,796742E+6	12,000000E+0
862	120,000000E+0	0,000000E+0	3,893000E+0	1,796742E+6	12,000000E+0
863	120,000000E+0	0,000000E+0	3,893000E+0	1,796742E+6	12,000000E+0
864	120,000000E+0	0,000000E+0	3,893000E+0	1,796764E+6	12,000000E+0
865	120,000000E+0	0,000000E+0	3,893000E+0	1,796764E+6	12,000000E+0
866	120,000000E+0	0,000000E+0	3,893000E+0	1,796764E+6	12,000000E+0
867	120,000000E+0	0,000000E+0	3,893000E+0	1,796764E+6	12,000000E+0
868	120,000000E+0	0,000000E+0	3,893000E+0	1,796787E+6	12,000000E+0
869	120,000000E+0	0,000000E+0	3,893000E+0	1,796787E+6	12,000000E+0
870	120,000000E+0	0,000000E+0	3,893000E+0	1,796787E+6	12,000000E+0
871	120,000000E+0	0,000000E+0	3,893000E+0	1,796787E+6	12,000000E+0
872	120,000000E+0	0,000000E+0	3,893000E+0	1,796809E+6	12,000000E+0
873	120,000000E+0	0,000000E+0	3,893000E+0	1,796809E+6	12,000000E+0
874	120,000000E+0	0,000000E+0	3,893000E+0	1,796809E+6	12,000000E+0
875	120,000000E+0	0,000000E+0	3,893000E+0	1,796809E+6	12,000000E+0
876	120,000000E+0	0,000000E+0	3,893000E+0	1,796831E+6	12,000000E+0
877	120,000000E+0	0,000000E+0	3,893000E+0	1,796831E+6	12,000000E+0
878	120,000000E+0	0,000000E+0	3,893000E+0	1,796831E+6	12,000000E+0
879	120,000000E+0	0,000000E+0	3,893000E+0	1,796831E+6	12,000000E+0
880	120,000000E+0	0,000000E+0	3,893000E+0	1,796854E+6	12,000000E+0
881	120,000000E+0	0,000000E+0	3,893000E+0	1,796854E+6	12,000000E+0
882	120,000000E+0	0,000000E+0	3,893000E+0	1,796854E+6	12,000000E+0
883	120,000000E+0	0,000000E+0	3,893000E+0	1,796854E+6	12,000000E+0
884	120,000000E+0	0,000000E+0	3,893000E+0	1,796877E+6	12,000000E+0
885	120,000000E+0	0,000000E+0	3,893000E+0	1,796877E+6	12,000000E+0
886	120,000000E+0	0,000000E+0	3,893000E+0	1,796877E+6	12,000000E+0
887	120,000000E+0	0,000000E+0	3,893000E+0	1,796877E+6	12,000000E+0
888	120,000000E+0	0,000000E+0	3,893000E+0	1,796899E+6	12,000000E+0
889	120,000000E+0	0,000000E+0	3,893000E+0	1,796899E+6	12,000000E+0
890	120,000000E+0	0,000000E+0	3,893000E+0	1,796899E+6	12,000000E+0
891	120,000000E+0	0,000000E+0	3,893000E+0	1,796899E+6	12,000000E+0
892	120,000000E+0	0,000000E+0	3,893000E+0	1,796921E+6	12,000000E+0
893	120,000000E+0	0,000000E+0	3,893000E+0	1,796921E+6	12,000000E+0
894	120,000000E+0	0,000000E+0	3,893000E+0	1,796921E+6	12,000000E+0
895	120,000000E+0	0,000000E+0	3,893000E+0	1,796921E+6	12,000000E+0
896	120,000000E+0	0,000000E+0	3,893000E+0	1,796943E+6	12,000000E+0
897	120,000000E+0	0,000000E+0	3,893000E+0	1,796943E+6	12,000000E+0
898	120,000000E+0	0,000000E+0	3,893000E+0	1,796943E+6	12,000000E+0
899	120,000000E+0	0,000000E+0	3,893000E+0	1,796943E+6	12,000000E+0
900	120,000000E+0	0,000000E+0	3,893000E+0	1,796965E+6	12,000000E+0
901	120,000000E+0	0,000000E+0	3,893000E+0	1,796965E+6	12,000000E+0
902	120,000000E+0	0,000000E+0	3,893000E+0	1,796965E+6	12,000000E+0
903	120,000000E+0	0,000000E+0	3,893000E+0	1,796965E+6	12,000000E+0
904	120,000000E+0	0,000000E+0	3,893000E+0	1,796986E+6	12,000000E+0
905	120,000000E+0	0,000000E+0	3,893000E+0	1,796986E+6	12,000000E+0
906	120,000000E+0	0,000000E+0	3,893000E+0	1,796986E+6	12,000000E+0
907	120,000000E+0	0,000000E+0	3,893000E+0	1,796986E+6	12,000000E+0
908	120,000000E+0	0,000000E+0	3,893000E+0	1,797009E+6	12,000000E+0
909	120,000000E+0	0,000000E+0	3,893000E+0	1,797009E+6	12,000000E+0
910	120,000000E+0	0,000000E+0	3,893000E+0	1,797009E+6	12,000000E+0
911	120,000000E+0	0,000000E+0	3,893000E+0	1,797009E+6	12,000000E+0
912	120,000000E+0	0,000000E+0	3,893000E+0	1,797032E+6	12,000000E+0
913	120,000000E+0	0,000000E+0	3,893000E+0	1,797032E+6	12,000000E+0
914	120,000000E+0	0,000000E+0	3,893000E+0	1,797032E+6	12,000000E+0
915	120,000000E+0	0,000000E+0	3,893000E+0	1,797032E+6	12,000000E+0
916	120,000000E+0	0,000000E+0	3,893000E+0	1,797054E+6	12,000000E+0
917	120,000000E+0	0,000000E+0	3,893000E+0	1,797054E+6	12,000000E+0
918	120,000000E+0	0,000000E+0	3,893000E+0	1,797054E+6	12,000000E+0
919	120,000000E+0	0,000000E+0	3,893000E+0	1,797054E+6	12,000000E+0
920	120,000000E+0	0,000000E+0	3,893000E+0	1,797077E+6	12,000000E+0
921	120,000000E+0	0,000000E+0	3,893000E+0	1,797077E+6	12,000000E+0
922	120,000000E+0	0,000000E+0	3,893000E+0	1,797077E+6	12,000000E+0
923	120,000000E+0	0,000000E+0	3,893000E+0	1,797077E+6	12,000000E+0
924	120,000000E+0	0,000000E+0	3,893000E+0	1,797099E+6	12,000000E+0
925	120,000000E+0	0,000000E+0	3,893000E+0	1,797099E+6	12,000000E+0
926	120,000000E+0	0,000000E+0	3,893000E+0	1,797099E+6	12,000000E+0
927	120,000000E+0	0,000000E+0	3,893000E+0	1,797099E+6	12,000000E+0
928	120,000000E+0	0,000000E+0	3,893000E+0	1,797122E+6	12,000000E+0
929	120,000000E+0	0,000000E+0	3,893000E+0	1,797122E+6	12,000000E+0
930	120,000000E+0	0,000000E+0	3,893000E+0	1,797122E+6	12,000000E+0
931	120,000000E+0	0,000000E+0	3,893000E+0	1,797122E+6	12,000000E+0
932	120,000000E+0	0,000000E+0	3,893000E+0	1,797144E+6	12,000000E+0
933	120,000000E+0	0,000000E+0	3,893000E+0	1,797144E+6	12,000000E+0
934	120,000000E+0	0,000000E+0	3,893000E+0	1,797144E+6	12,000000E+0
935	120,000000E+0	0,000000E+0	3,893000E+0	1,797144E+6	12,000000E+0
936	120,000000E+0	0,000000E+0	3,893000E+0	1,797167E+6	12,000000E+0
937	120,000000E+0	0,000000E+0	3,893000E+0	1,797167E+6	12,000000E+0
938	120,000000E+0	0,000000E+0	3,893000E+0	1,797167E+6	12,000000E+0
939	120,000000E+0	0,000000E+0	3,893000E+0	1,797167E+6	12,000000E+0
940	120,000000E+0	0,000000E+0	3,893000E+0	1,797190E+6	12,000000E+0
941	120,000000E+0	0,000000E+0	3,893000E+0	1,797190E+6	12,000000E+0
942	120,000000E+0	0,000000E+0	3,893000E+0	1,797190E+6	12,000000E+0
943	120,000000E+0	0,000000E+0	3,893000E+0	1,797190E+6	12,000000E+0
944	120,000000E+0	0,000000E+0	3,893000E+0	1,797212E+6	12,000000E+0
945	120,000000E+0	0,000000E+0	3,893000E+0	1,797212E+6	12,000000E+0
946	120,000000E+0	0,000000E+0	3,893000E+0	1,797212E+6	12,000000E+0
947	120,000000E+0	0,000000E+0	3,893000E+0	1,797212E+6	12,000000E+0
948	120,000000E+0	0,000000E+0	3,893000E+0	1,797234E+6	12,000000E+0
949	120,000000E+0	0,000000E+0	3,893000E+0	1,797234E+6	12,000000E+0
950	120,000000E+0	0,000000E+0	3,893000E+0	1,797234E+6	12,000000E+0
951	120,000000E+0	0,000000E+0	3,893000E+0	1,797234E+6	12,000000E+0
952	120,000000E+0	0,000000E+0	3,893000E+0	1,797257E+6	12,000000E+0
953	120,000000E+0	0,000000E+0	3,893000E+0	1,797257E+6	12,000000E+0
954	120,000000E+0	0,000000E+0	3,893000E+0	1,797257E+6	12,000000E+0
955	120,000000E+0	0,000000E+0	3,893000E+0	1,797257E+6	12,000000E+0
956	120,000000E+0	0,000000E+0	4,122000E+0	1,797280E+6	12,000000E+0
957	120,000000E+0	0,000000E+0	4,122000E+0	1,797280E+6	12,000000E+0
958	120,000000E+0	0,000000E+0	4,122000E+0	1,797280E+6	12,000000E+0
959	120,000000E+0	0,000000E+0	4,122000E+0	1,797280E+6	12,000000E+0
960	120,000000E+0	0,000000E+0	3,893000E+0	1,797303E+6	12,000000E+0
961	120,000000E+0	0,000000E+0	3,893000E+0	1,797303E+6	12,000000E+0
962	120,000000E+0	0,000000E+0	3,893000E+0	1,797303E+6	12,000000E+0
963	120,000000E+0	0,000000E+0	3,893000E+0	1,797303E+6	12,000000E+0
964	120,000000E+0	0,000000E+0	3,893000E+0	1,797325E+6	12,000000E+0
965	120,000000E+0	0,000000E+0	3,893000E+0	1,797325E+6	12,000000E+0
966	120,000000E+0	0,000000E+0	3,893000E+0	1,797325E+6	12,000000E+0
967	120,000000E+0	0,000000E+0	3,893000E+0	1,797325E+6	12,000000E+0
968	120,000000E+0	0,000000E+0	4,122000E+0	1,797347E+6	12,000000E+0
969	120,000000E+0	0,000000E+0	4,122000E+0	1,797347E+6	12,000000E+0
970	120,000000E+0	0,000000E+0	4,122000E+0	1,797347E+6	12,000000E+0
971	120,000000E+0	0,000000E+0	4,122000E+0	1,797347E+6	12,000000E+0
972	120,000000E+0	0,000000E+0	3,893000E+0	1,797370E+6	12,000000E+0
973	120,000000E+0	0,000000E+0	3,893000E+0	1,797370E+6	12,000000E+0
974	120,000000E+0	0,000000E+0	3,893000E+0	1,797370E+6	12,000000E+0
975	120,000000E+0	0,000000E+0	3,893000E+0	1,797370E+6	12,000000E+0
976	120,000000E+0	0,000000E+0	3,893000E+0	1,797392E+6	12,000000E+0
977	120,000000E+0	0,000000E+0	3,893000E+0	1,797392E+6	12,000000E+0
978	120,000000E+0	0,000000E+0	3,893000E+0	1,797392E+6	12,000000E+0
979	120,000000E+0	0,000000E+0	3,893000E+0	1,797392E+6	12,000000E+0
980	120,000000E+0	0,000000E+0	3,893000E+0	1,797414E+6	12,000000E+0
981	120,000000E+0	0,000000E+0	3,893000E+0	1,797414E+6	12,000000E+0
982	120,000000E+0	0,000000E+0	3,893000E+0	1,797414E+6	12,000000E+0
983	120,000000E+0	0,000000E+0	3,893000E+0	1,797414E+6	12,000000E+0
984	120,000000E+0	0,000000E+0	3,893000E+0	1,797437E+6	12,000000E+0
985	120,000000E+0	0,000000E+0	3,893000E+0	1,797437E+6	12,000000E+0
986	120,000000E+0	0,000000E+0	3,893000E+0	1,797437E+6	12,000000E+0
987	120,000000E+0	0,000000E+0	3,893000E+0	1,797437E+6	12,000000E+0
988	120,000000E+0	0,000000E+0	4,122000E+0	1,797460E+6	12,000000E+0
989	120,000000E+0	0,000000E+0	4,122000E+0	1,797460E+6	12,000000E+0
990	120,000000E+0	0,000000E+0	4,122000E+0	1,797460E+6	12,000000E+0
991	120,000000E+0	0,000000E+0	4,122000E+0	1,797460E+6	12,000000E+0
992	120,000000E+0	0,000000E+0	3,893000E+0	1,797481E+6	12,000000E+0
993	120,000000E+0	0,000000E+0	3,893000E+0	1,797481E+6	12,000000E+0
994	120,000000E+0	0,000000E+0	3,893000E+0	1,797481E+6	12,000000E+0
995	120,000000E+0	0,000000E+0	3,893000E+0	1,797481E+6	12,000000E+0
996	120,000000E+0	0,000000E+0	3,893000E+0	1,797503E+6	12,000000E+0
997	120,000000E+0	0,000000E+0	3,893000E+0	1,797503E+6	12,000000E+0
998	120,000000E+0	0,000000E+0	3,893000E+0	1,797503E+6	12,000000E+0
999	120,000000E+0	0,000000E+0	3,893000E+0	1,797503E+6	12,000000E+0
1000	120,000000E+0	0,000000E+0	4,122000E+0	1,797526E+6	12,000000E+0
1001	120,000000E+0	0,000000E+0	4,122000E+0	1,797526E+6	12,000000E+0
1002	120,000000E+0	0,000000E+0	4,122000E+0	1,797526E+6	12,000000E+0
1003	120,000000E+0	0,000000E+0	4,122000E+0	1,797526E+6	12,000000E+0
1004	120,000000E+0	0,000000E+0	3,893000E+0	1,797550E+6	12,000000E+0
1005	120,000000E+0	0,000000E+0	3,893000E+0	1,797550E+6	12,000000E+0
1006	120,000000E+0	0,000000E+0	3,893000E+0	1,797550E+6	12,000000E+0
1007	120,000000E+0	0,000000E+0	3,893000E+0	1,797550E+6	12,000000E+0
1008	120,000000E+0	0,000000E+0	3,893000E+0	1,797571E+6	12,000000E+0
1009	120,000000E+0	0,000000E+0	3,893000E+0	1,797571E+6	12,000000E+0
1010	120,000000E+0	0,000000E+0	3,893000E+0	1,797571E+6	12,000000E+0
1011	120,000000E+0	0,000000E+0	3,893000E+0	1,797571E+6	12,000000E+0
1012	120,000000E+0	0,000000E+0	3,893000E+0	1,797593E+6	12,000000E+0
1013	120,000000E+0	0,000000E+0	3,893000E+0	1,797593E+6	12,000000E+0
1014	120,000000E+0	0,000000E+0	3,893000E+0	1,797593E+6	12,000000E+0
1015	120,000000E+0	0,000000E+0	3,893000E+0	1,797593E+6	12,000000E+0
1016	120,000000E+0	0,000000E+0	4,122000E+0	1,797617E+6	12,000000E+0
1017	120,000000E+0	0,000000E+0	4,122000E+0	1,797617E+6	12,000000E+0
1018	120,000000E+0	0,000000E+0	4,122000E+0	1,797617E+6	12,000000E+0
1019	120,000000E+0	0,000000E+0	4,122000E+0	1,797617E+6	12,000000E+0
1020	120,000000E+0	0,000000E+0	4,122000E+0	1,797639E+6	12,000000E+0
1021	120,000000E+0	0,000000E+0	4,122000E+0	1,797639E+6	12,000000E+0
1022	120,000000E+0	0,000000E+0	4,122000E+0	1,797639E+6	12,000000E+0
1023	120,000000E+0	0,000000E+0	4,122000E+0	1,797639E+6	12,000000E+0
1024	120,000000E+0	0,000000E+0	3,893000E+0	1,797661E+6	12,000000E+0
1025	120,000000E+0	0,000000E+0	3,893000E+0	1,797661E+6	12,000000E+0
1026	120,000000E+0	0,000000E+0	3,893000E+0	1,797661E+6	12,000000E+0
1027	120,000000E+0	0,000000E+0	3,893000E+0	1,797661E+6	12,000000E+0
1028	120,000000E+0	0,000000E+0	3,893000E+0	1,797682E+6	12,000000E+0
1029	120,000000E+0	0,000000E+0	3,893000E+0	1,797682E+6	12,000000E+0
1030	120,000000E+0	0,000000E+0	3,893000E+0	1,797682E+6	12,000000E+0
1031	120,000000E+0	0,000000E+0	3,893000E+0	1,797682E+6	12,000000E+0
1032	120,000000E+0	0,000000E+0	4,122000E+0	1,797706E+6	12,000000E+0
1033	120,000000E+0	0,000000E+0	4,122000E+0	1,797706E+6	12,000000E+0
1034	120,000000E+0	0,000000E+0	4,122000E+0	1,797706E+6	12,000000E+0
1035	120,000000E+0	0,000000E+0	4,122000E+0	1,797706E+6	12,000000E+0
1036	120,000000E+0	0,000000E+0	4,122000E+0	1,797729E+6	12,000000E+0
1037	120,000000E+0	0,000000E+0	4,122000E+0	1,797729E+6	12,000000E+0
1038	120,000000E+0	0,000000E+0	4,122000E+0	1,797729E+6	12,000000E+0
1039	120,000000E+0	0,000000E+0	4,122000E+0	1,797729E+6	12,000000E+0
1040	120,000000E+0	0,000000E+0	3,893000E+0	1,797750E+6	12,000000E+0
1041	120,000000E+0	0,000000E+0	3,893000E+0	1,797750E+6	12,000000E+0
1042	120,000000E+0	0,000000E+0	3,893000E+0	1,797750E+6	12,000000E+0
1043	120,000000E+0	0,000000E+0	3,893000E+0	1,797750E+6	12,000000E+0
1044	120,000000E+0	0,000000E+0	3,893000E+0	1,797773E+6	12,000000E+0
1045	120,000000E+0	0,000000E+0	3,893000E+0	1,797773E+6	12,000000E+0
1046	120,000000E+0	0,000000E+0	3,893000E+0	1,797773E+6	12,000000E+0
1047	120,000000E+0	0,000000E+0	3,893000E+0	1,797773E+6	12,000000E+0
1048	120,000000E+0	0,000000E+0	4,122000E+0	1,797795E+6	12,000000E+0
1049	120,000000E+0	0,000000E+0	4,122000E+0	1,797795E+6	12,000000E+0
1050	120,000000E+0	0,000000E+0	4,122000E+0	1,797795E+6	12,000000E+0
1051	120,000000E+0	0,000000E+0	4,122000E+0	1,797795E+6	12,000000E+0
1052	120,000000E+0	0,000000E+0	4,122000E+0	1,797818E+6	12,000000E+0
1053	120,000000E+0	0,000000E+0	4,122000E+0	1,797818E+6	12,000000E+0
1054	120,000000E+0	0,000000E+0	4,122000E+0	1,797818E+6	12,000000E+0
1055	120,000000E+0	0,000000E+0	4,122000E+0	1,797818E+6	12,000000E+0
1056	120,000000E+0	0,000000E+0	3,893000E+0	1,797840E+6	12,000000E+0
1057	120,000000E+0	0,000000E+0	3,893000E+0	1,797840E+6	12,000000E+0
1058	120,000000E+0	0,000000E+0	3,893000E+0	1,797840E+6	12,000000E+0
1059	120,000000E+0	0,000000E+0	3,893000E+0	1,797840E+6	12,000000E+0
1060	120,000000E+0	0,000000E+0	3,893000E+0	1,797862E+6	12,000000E+0
1061	120,000000E+0	0,000000E+0	3,893000E+0	1,797862E+6	12,000000E+0
1062	120,000000E+0	0,000000E+0	3,893000E+0	1,797862E+6	12,000000E+0
1063	120,000000E+0	0,000000E+0	3,893000E+0	1,797862E+6	12,000000E+0
1064	120,000000E+0	0,000000E+0	4,122000E+0	1,797885E+6	12,000000E+0
1065	120,000000E+0	0,000000E+0	4,122000E+0	1,797885E+6	12,000000E+0
1066	120,000000E+0	0,000000E+0	4,122000E+0	1,797885E+6	12,000000E+0
1067	120,000000E+0	0,000000E+0	4,122000E+0	1,797885E+6	12,000000E+0
1068	120,000000E+0	0,000000E+0	4,122000E+0	1,797908E+6	12,000000E+0
1069	120,000000E+0	0,000000E+0	4,122000E+0	1,797908E+6	12,000000E+0
1070	120,000000E+0	0,000000E+0	4,122000E+0	1,797908E+6	12,000000E+0
1071	120,000000E+0	0,000000E+0	4,122000E+0	1,797908E+6	12,000000E+0
1072	120,000000E+0	0,000000E+0	3,893000E+0	1,797929E+6	12,000000E+0
1073	120,000000E+0	0,000000E+0	3,893000E+0	1,797929E+6	12,000000E+0
1074	120,000000E+0	0,000000E+0	3,893000E+0	1,797929E+6	12,000000E+0
1075	120,000000E+0	0,000000E+0	3,893000E+0	1,797929E+6	12,000000E+0
1076	120,000000E+0	0,000000E+0	3,893000E+0	1,797951E+6	12,000000E+0
1077	120,000000E+0	0,000000E+0	3,893000E+0	1,797951E+6	12,000000E+0
1078	120,000000E+0	0,000000E+0	3,893000E+0	1,797951E+6	12,000000E+0
1079	120,000000E+0	0,000000E+0	3,893000E+0	1,797951E+6	12,000000E+0
1080	120,000000E+0	0,000000E+0	4,122000E+0	1,797974E+6	12,000000E+0
1081	120,000000E+0	0,000000E+0	4,122000E+0	1,797974E+6	12,000000E+0
1082	120,000000E+0	0,000000E+0	4,122000E+0	1,797974E+6	12,000000E+0
1083	120,000000E+0	0,000000E+0	4,122000E+0	1,797974E+6	12,000000E+0
1084	120,000000E+0	0,000000E+0	4,122000E+0	1,797998E+6	12,000000E+0
1085	120,000000E+0	0,000000E+0	4,122000E+0	1,797998E+6	12,000000E+0
1086	120,000000E+0	0,000000E+0	4,122000E+0	1,797998E+6	12,000000E+0
1087	120,000000E+0	0,000000E+0	4,122000E+0	1,797998E+6	12,000000E+0
1088	120,000000E+0	0,000000E+0	3,893000E+0	1,798020E+6	12,000000E+0
1089	120,000000E+0	0,000000E+0	3,893000E+0	1,798020E+6	12,000000E+0
1090	120,000000E+0	0,000000E+0	3,893000E+0	1,798020E+6	12,000000E+0
1091	120,000000E+0	0,000000E+0	3,893000E+0	1,798020E+6	12,000000E+0
1092	120,000000E+0	0,000000E+0	3,893000E+0	1,798042E+6	12,000000E+0
1093	120,000000E+0	0,000000E+0	3,893000E+0	1,798042E+6	12,000000E+0
1094	120,000000E+0	0,000000E+0	3,893000E+0	1,798042E+6	12,000000E+0
1095	120,000000E+0	0,000000E+0	3,893000E+0	1,798042E+6	12,000000E+0
1096	120,000000E+0	0,000000E+0	4,122000E+0	1,798065E+6	12,000000E+0
1097	120,000000E+0	0,000000E+0	4,122000E+0	1,798065E+6	12,000000E+0
1098	120,000000E+0	0,000000E+0	4,122000E+0	1,798065E+6	12,000000E+0
1099	120,000000E+0	0,000000E+0	4,122000E+0	1,798065E+6	12,000000E+0
1100	120,000000E+0	0,000000E+0	4,122000E+0	1,798087E+6	12,000000E+0
1101	120,000000E+0	0,000000E+0	4,122000E+0	1,798087E+6	12,000000E+0
1102	120,000000E+0	0,000000E+0	4,122000E+0	1,798087E+6	12,000000E+0
1103	120,000000E+0	0,000000E+0	4,122000E+0	1,798087E+6	12,000000E+0
1104	120,000000E+0	0,000000E+0	3,893000E+0	1,798109E+6	12,000000E+0
1105	120,000000E+0	0,000000E+0	3,893000E+0	1,798109E+6	12,000000E+0
1106	120,000000E+0	0,000000E+0	3,893000E+0	1,798109E+6	12,000000E+0
1107	120,000000E+0	0,000000E+0	3,893000E+0	1,798109E+6	12,000000E+0
1108	120,000000E+0	0,000000E+0	3,893000E+0	1,798132E+6	12,000000E+0
1109	120,000000E+0	0,000000E+0	3,893000E+0	1,798132E+6	12,000000E+0
1110	120,000000E+0	0,000000E+0	3,893000E+0	1,798132E+6	12,000000E+0
1111	120,000000E+0	0,000000E+0	3,893000E+0	1,798132E+6	12,000000E+0
1112	120,000000E+0	0,000000E+0	4,122000E+0	1,798155E+6	12,000000E+0
1113	120,000000E+0	0,000000E+0	4,122000E+0	1,798155E+6	12,000000E+0
1114	120,000000E+0	0,000000E+0	4,122000E+0	1,798155E+6	12,000000E+0
1115	120,000000E+0	0,000000E+0	4,122000E+0	1,798155E+6	12,000000E+0
1116	120,000000E+0	0,000000E+0	4,122000E+0	1,798176E+6	12,000000E+0
1117	120,000000E+0	0,000000E+0	4,122000E+0	1,798176E+6	12,000000E+0
1118	120,000000E+0	0,000000E+0	4,122000E+0	1,798176E+6	12,000000E+0
1119	120,000000E+0	0,000000E+0	4,122000E+0	1,798176E+6	12,000000E+0
1120	120,000000E+0	0,000000E+0	3,893000E+0	1,798197E+6	12,000000E+0
1121	120,000000E+0	0,000000E+0	3,893000E+0	1,798197E+6	12,000000E+0
1122	120,000000E+0	0,000000E+0	3,893000E+0	1,798197E+6	12,000000E+0
1123	120,000000E+0	0,000000E+0	3,893000E+0	1,798197E+6	12,000000E+0
1124	120,000000E+0	0,000000E+0	3,893000E+0	1,798219E+6	12,000000E+0
1125	120,000000E+0	0,000000E+0	3,893000E+0	1,798219E+6	12,000000E+0
1126	120,000000E+0	0,000000E+0	3,893000E+0	1,798219E+6	12,000000E+0
1127	120,000000E+0	0,000000E+0	3,893000E+0	1,798219E+6	12,000000E+0
1128	120,000000E+0	0,000000E+0	3,893000E+0	1,798241E+6	12,000000E+0
1129	120,000000E+0	0,000000E+0	3,893000E+0	1,798241E+6	12,000000E+0
1130	120,000000E+0	0,000000E+0	3,893000E+0	1,798241E+6	12,000000E+0
1131	120,000000E+0	0,000000E+0	3,893000E+0	1,798241E+6	12,000000E+0
1132	120,000000E+0	0,000000E+0	3,893000E+0	1,798264E+6	12,000000E+0
1133	120,000000E+0	0,000000E+0	3,893000E+0	1,798264E+6	12,000000E+0
1134	120,000000E+0	0,000000E+0	3,893000E+0	1,798264E+6	12,000000E+0
1135	120,000000E+0	0,000000E+0	3,893000E+0	1,798264E+6	12,000000E+0
1136	120,000000E+0	0,000000E+0	3,893000E+0	1,798285E+6	12,000000E+0
1137	120,000000E+0	0,000000E+0	3,893000E+0	1,798285E+6	12,000000E+0
1138	120,000000E+0	0,000000E+0	3,893000E+0	1,798285E+6	12,000000E+0
1139	120,000000E+0	0,000000E+0	3,893000E+0	1,798285E+6	12,000000E+0
1140	120,000000E+0	0,000000E+0	4,122000E+0	1,798309E+6	12,000000E+0
1141	120,000000E+0	0,000000E+0	4,122000E+0	1,798309E+6	12,000000E+0
1142	120,000000E+0	0,000000E+0	4,122000E+0	1,798309E+6	12,000000E+0
1143	120,000000E+0	0,000000E+0	4,122000E+0	1,798309E+6	12,000000E+0
1144	120,000000E+0	0,000000E+0	4,122000E+0	1,798332E+6	12,000000E+0
1145	120,000000E+0	0,000000E+0	4,122000E+0	1,798332E+6	12,000000E+0
1146	120,000000E+0	0,000000E+0	4,122000E+0	1,798332E+6	12,000000E+0
1147	120,000000E+0	0,000000E+0	4,122000E+0	1,798332E+6	12,000000E+0
1148	120,000000E+0	0,000000E+0	4,122000E+0	1,798355E+6	12,000000E+0
1149	120,000000E+0	0,000000E+0	4,122000E+0	1,798355E+6	12,000000E+0
1150	120,000000E+0	0,000000E+0	4,122000E+0	1,798355E+6	12,000000E+0
1151	120,000000E+0	0,000000E+0	4,122000E+0	1,798355E+6	12,000000E+0
1152	120,000000E+0	0,000000E+0	3,893000E+0	1,798376E+6	12,000000E+0
1153	120,000000E+0	0,000000E+0	3,893000E+0	1,798376E+6	12,000000E+0
1154	120,000000E+0	0,000000E+0	3,893000E+0	1,798376E+6	12,000000E+0
1155	120,000000E+0	0,000000E+0	3,893000E+0	1,798376E+6	12,000000E+0
1156	120,000000E+0	0,000000E+0	4,122000E+0	1,798398E+6	12,000000E+0
1157	120,000000E+0	0,000000E+0	4,122000E+0	1,798398E+6	12,000000E+0
1158	120,000000E+0	0,000000E+0	4,122000E+0	1,798398E+6	12,000000E+0
1159	120,000000E+0	0,000000E+0	4,122000E+0	1,798398E+6	12,000000E+0
1160	120,000000E+0	0,000000E+0	4,122000E+0	1,798421E+6	12,000000E+0
1161	120,000000E+0	0,000000E+0	4,122000E+0	1,798421E+6	12,000000E+0
1162	120,000000E+0	0,000000E+0	4,122000E+0	1,798421E+6	12,000000E+0
1163	120,000000E+0	0,000000E+0	4,122000E+0	1,798421E+6	12,000000E+0
1164	120,000000E+0	0,000000E+0	3,893000E+0	1,798443E+6	12,000000E+0
1165	120,000000E+0	0,000000E+0	3,893000E+0	1,798443E+6	12,000000E+0
1166	120,000000E+0	0,000000E+0	3,893000E+0	1,798443E+6	12,000000E+0
1167	120,000000E+0	0,000000E+0	3,893000E+0	1,798443E+6	12,000000E+0
1168	120,000000E+0	0,000000E+0	3,893000E+0	1,798465E+6	12,000000E+0
1169	120,000000E+0	0,000000E+0	3,893000E+0	1,798465E+6	12,000000E+0
1170	120,000000E+0	0,000000E+0	3,893000E+0	1,798465E+6	12,000000E+0
1171	120,000000E+0	0,000000E+0	3,893000E+0	1,798465E+6	12,000000E+0
1172	120,000000E+0	0,000000E+0	3,893000E+0	1,798488E+6	12,000000E+0
1173	120,000000E+0	0,000000E+0	3,893000E+0	1,798488E+6	12,000000E+0
1174	120,000000E+0	0,000000E+0	3,893000E+0	1,798488E+6	12,000000E+0
1175	120,000000E+0	0,000000E+0	3,893000E+0	1,798488E+6	12,000000E+0
1176	120,000000E+0	0,000000E+0	4,122000E+0	1,798510E+6	12,000000E+0
1177	120,000000E+0	0,000000E+0	4,122000E+0	1,798510E+6	12,000000E+0
1178	120,000000E+0	0,000000E+0	4,122000E+0	1,798510E+6	12,000000E+0
1179	120,000000E+0	0,000000E+0	4,122000E+0	1,798510E+6	12,000000E+0
1180	120,000000E+0	0,000000E+0	4,122000E+0	1,798532E+6	12,000000E+0
1181	120,000000E+0	0,000000E+0	4,122000E+0	1,798532E+6	12,000000E+0
1182	120,000000E+0	0,000000E+0	4,122000E+0	1,798532E+6	12,000000E+0
1183	120,000000E+0	0,000000E+0	4,122000E+0	1,798532E+6	12,000000E+0
1184	120,000000E+0	0,000000E+0	3,893000E+0	1,798554E+6	12,000000E+0
1185	120,000000E+0	0,000000E+0	3,893000E+0	1,798554E+6	12,000000E+0
1186	120,000000E+0	0,000000E+0	3,893000E+0	1,798554E+6	12,000000E+0
1187	120,000000E+0	0,000000E+0	3,893000E+0	1,798554E+6	12,000000E+0
1188	120,000000E+0	0,000000E+0	3,893000E+0	1,798576E+6	12,000000E+0
1189	120,000000E+0	0,000000E+0	3,893000E+0	1,798576E+6	12,000000E+0
1190	120,000000E+0	0,000000E+0	3,893000E+0	1,798576E+6	12,000000E+0
1191	120,000000E+0	0,000000E+0	3,893000E+0	1,798576E+6	12,000000E+0
1192	120,000000E+0	0,000000E+0	4,122000E+0	1,798598E+6	12,000000E+0
1193	120,000000E+0	0,000000E+0	4,122000E+0	1,798598E+6	12,000000E+0
1194	120,000000E+0	0,000000E+0	4,122000E+0	1,798598E+6	12,000000E+0
1195	120,000000E+0	0,000000E+0	4,122000E+0	1,798598E+6	12,000000E+0
1196	120,000000E+0	0,000000E+0	3,893000E+0	1,798620E+6	12,000000E+0
1197	120,000000E+0	0,000000E+0	3,893000E+0	1,798620E+6	12,000000E+0
1198	120,000000E+0	0,000000E+0	3,893000E+0	1,798620E+6	12,000000E+0
1199	120,000000E+0	0,000000E+0	3,893000E+0	1,798620E+6	12,000000E+0
1200	120,000000E+0	0,000000E+0	3,893000E+0	1,798642E+6	12,000000E+0
1201	120,000000E+0	0,000000E+0	3,893000E+0	1,798642E+6	12,000000E+0
1202	120,000000E+0	0,000000E+0	3,893000E+0	1,798642E+6	12,000000E+0
1203	120,000000E+0	0,000000E+0	3,893000E+0	1,798642E+6	12,000000E+0
1204	120,000000E+0	0,000000E+0	3,893000E+0	1,798665E+6	12,000000E+0
1205	120,000000E+0	0,000000E+0	3,893000E+0	1,798665E+6	12,000000E+0
1206	120,000000E+0	0,000000E+0	3,893000E+0	1,798665E+6	12,000000E+0
1207	120,000000E+0	0,000000E+0	3,893000E+0	1,798665E+6	12,000000E+0
1208	120,000000E+0	0,000000E+0	4,122000E+0	1,798688E+6	12,000000E+0
1209	120,000000E+0	0,000000E+0	4,122000E+0	1,798688E+6	12,000000E+0
1210	120,000000E+0	0,000000E+0	4,122000E+0	1,798688E+6	12,000000E+0
1211	120,000000E+0	0,000000E+0	4,122000E+0	1,798688E+6	12,000000E+0
1212	120,000000E+0	0,000000E+0	3,893000E+0	1,798710E+6	12,000000E+0
1213	120,000000E+0	0,000000E+0	3,893000E+0	1,798710E+6	12,000000E+0
1214	120,000000E+0	0,000000E+0	3,893000E+0	1,798710E+6	12,000000E+0
1215	120,000000E+0	0,000000E+0	3,893000E+0	1,798710E+6	12,000000E+0
1216	120,000000E+0	0,000000E+0	3,893000E+0	1,798732E+6	12,000000E+0
1217	120,000000E+0	0,000000E+0	3,893000E+0	1,798732E+6	12,000000E+0
1218	120,000000E+0	0,000000E+0	3,893000E+0	1,798732E+6	12,000000E+0
1219	120,000000E+0	0,000000E+0	3,893000E+0	1,798732E+6	12,000000E+0
1220	120,000000E+0	0,000000E+0	3,893000E+0	1,798755E+6	12,000000E+0
1221	120,000000E+0	0,000000E+0	3,893000E+0	1,798755E+6	12,000000E+0
1222	120,000000E+0	0,000000E+0	3,893000E+0	1,798755E+6	12,000000E+0
1223	120,000000E+0	0,000000E+0	3,893000E+0	1,798755E+6	12,000000E+0
