samedi 20 janvier 2024	15:11:34	Sampling Period : 20  ms		
Unities: time [sample], PWM [raw], Current [mA], velocity [rev/min], Position [pulse], Present Input Voltage [V]

t	DXL_PWM		DXL_Current		DXL_Velocity		DXL_Position		DXL_Input_Voltage
0	0,000000E+0	0,000000E+0	0,000000E+0	239,361000E+3	12,000000E+0
1	1,000000E+0	0,000000E+0	0,000000E+0	239,361000E+3	12,000000E+0
2	63,000000E+0	18,830000E+0	0,000000E+0	239,361000E+3	12,000000E+0
3	162,000000E+0	21,520000E+0	2,748000E+0	239,380000E+3	12,000000E+0
4	224,000000E+0	21,520000E+0	5,954000E+0	239,415000E+3	12,000000E+0
5	292,000000E+0	18,830000E+0	8,702000E+0	239,465000E+3	12,000000E+0
6	315,000000E+0	16,140000E+0	10,305000E+0	239,521000E+3	12,000000E+0
7	352,000000E+0	18,830000E+0	11,679000E+0	239,585000E+3	12,000000E+0
8	370,000000E+0	21,520000E+0	12,595000E+0	239,654000E+3	12,000000E+0
9	389,000000E+0	13,450000E+0	13,053000E+0	239,725000E+3	12,000000E+0
10	410,000000E+0	21,520000E+0	13,282000E+0	239,798000E+3	12,000000E+0
11	420,000000E+0	21,520000E+0	13,969000E+0	239,873000E+3	12,000000E+0
12	416,000000E+0	18,830000E+0	14,198000E+0	239,951000E+3	12,000000E+0
13	429,000000E+0	16,140000E+0	14,427000E+0	240,028000E+3	12,000000E+0
14	409,000000E+0	24,210000E+0	14,427000E+0	240,107000E+3	12,000000E+0
15	440,000000E+0	13,450000E+0	14,656000E+0	240,188000E+3	12,000000E+0
16	441,000000E+0	13,450000E+0	14,656000E+0	240,270000E+3	12,000000E+0
17	443,000000E+0	18,830000E+0	14,656000E+0	240,351000E+3	12,000000E+0
18	427,000000E+0	16,140000E+0	14,885000E+0	240,434000E+3	12,000000E+0
19	453,000000E+0	16,140000E+0	14,885000E+0	240,517000E+3	12,000000E+0
20	456,000000E+0	16,140000E+0	14,885000E+0	240,601000E+3	12,000000E+0
21	443,000000E+0	21,520000E+0	15,114000E+0	240,686000E+3	12,000000E+0
22	442,000000E+0	16,140000E+0	15,114000E+0	240,769000E+3	12,000000E+0
23	455,000000E+0	21,520000E+0	15,343000E+0	240,855000E+3	12,000000E+0
24	452,000000E+0	18,830000E+0	15,114000E+0	240,940000E+3	12,000000E+0
25	451,000000E+0	13,450000E+0	15,343000E+0	241,024000E+3	12,000000E+0
26	446,000000E+0	16,140000E+0	15,572000E+0	241,111000E+3	12,000000E+0
27	452,000000E+0	16,140000E+0	15,572000E+0	241,197000E+3	12,000000E+0
28	461,000000E+0	16,140000E+0	15,801000E+0	241,284000E+3	12,000000E+0
29	473,000000E+0	18,830000E+0	15,801000E+0	241,371000E+3	12,000000E+0
30	465,000000E+0	21,520000E+0	15,801000E+0	241,458000E+3	12,000000E+0
31	451,000000E+0	18,830000E+0	16,030000E+0	241,546000E+3	12,000000E+0
32	454,000000E+0	21,520000E+0	16,030000E+0	241,633000E+3	12,000000E+0
33	470,000000E+0	13,450000E+0	15,801000E+0	241,742000E+3	12,000000E+0
34	461,000000E+0	16,140000E+0	16,030000E+0	241,849000E+3	12,000000E+0
35	462,000000E+0	16,140000E+0	15,801000E+0	241,957000E+3	12,000000E+0
36	471,000000E+0	18,830000E+0	15,801000E+0	242,044000E+3	12,000000E+0
37	473,000000E+0	16,140000E+0	16,030000E+0	242,130000E+3	12,000000E+0
38	470,000000E+0	18,830000E+0	15,801000E+0	242,218000E+3	12,000000E+0
39	461,000000E+0	18,830000E+0	15,801000E+0	242,306000E+3	12,000000E+0
40	471,000000E+0	18,830000E+0	15,801000E+0	242,392000E+3	12,000000E+0
41	475,000000E+0	18,830000E+0	15,801000E+0	242,480000E+3	12,000000E+0
42	456,000000E+0	18,830000E+0	15,572000E+0	242,566000E+3	12,000000E+0
43	470,000000E+0	16,140000E+0	15,801000E+0	242,655000E+3	12,000000E+0
44	461,000000E+0	18,830000E+0	15,801000E+0	242,743000E+3	12,000000E+0
45	472,000000E+0	18,830000E+0	15,801000E+0	242,832000E+3	12,000000E+0
46	460,000000E+0	16,140000E+0	15,801000E+0	242,920000E+3	12,000000E+0
47	468,000000E+0	18,830000E+0	16,030000E+0	243,030000E+3	12,000000E+0
48	471,000000E+0	21,520000E+0	16,030000E+0	243,119000E+3	12,000000E+0
49	479,000000E+0	18,830000E+0	16,259000E+0	243,207000E+3	12,000000E+0
50	467,000000E+0	13,450000E+0	16,259000E+0	243,295000E+3	12,000000E+0
51	480,000000E+0	18,830000E+0	16,259000E+0	243,385000E+3	12,000000E+0
52	482,000000E+0	18,830000E+0	16,488000E+0	243,473000E+3	12,000000E+0
53	470,000000E+0	18,830000E+0	16,488000E+0	243,563000E+3	12,000000E+0
54	483,000000E+0	13,450000E+0	16,488000E+0	243,653000E+3	12,000000E+0
55	473,000000E+0	16,140000E+0	16,717000E+0	243,744000E+3	12,000000E+0
56	485,000000E+0	13,450000E+0	16,717000E+0	243,835000E+3	12,000000E+0
57	489,000000E+0	16,140000E+0	16,717000E+0	243,926000E+3	12,000000E+0
58	478,000000E+0	16,140000E+0	16,717000E+0	244,016000E+3	12,000000E+0
59	473,000000E+0	13,450000E+0	16,488000E+0	244,105000E+3	12,000000E+0
60	482,000000E+0	18,830000E+0	16,488000E+0	244,196000E+3	12,000000E+0
61	472,000000E+0	18,830000E+0	16,488000E+0	244,287000E+3	12,000000E+0
62	470,000000E+0	21,520000E+0	16,488000E+0	244,379000E+3	12,000000E+0
63	471,000000E+0	21,520000E+0	16,488000E+0	244,471000E+3	12,000000E+0
64	483,000000E+0	16,140000E+0	16,259000E+0	244,561000E+3	12,000000E+0
65	474,000000E+0	21,520000E+0	16,259000E+0	244,651000E+3	12,000000E+0
66	481,000000E+0	16,140000E+0	16,488000E+0	244,743000E+3	12,000000E+0
67	492,000000E+0	18,830000E+0	16,488000E+0	244,835000E+3	12,000000E+0
68	490,000000E+0	13,450000E+0	16,488000E+0	244,926000E+3	12,000000E+0
69	472,000000E+0	21,520000E+0	16,488000E+0	245,016000E+3	12,000000E+0
70	486,000000E+0	21,520000E+0	16,488000E+0	245,107000E+3	12,000000E+0
71	484,000000E+0	16,140000E+0	16,488000E+0	245,199000E+3	12,000000E+0
72	497,000000E+0	16,140000E+0	16,488000E+0	245,291000E+3	12,000000E+0
73	479,000000E+0	18,830000E+0	16,717000E+0	245,384000E+3	12,000000E+0
74	484,000000E+0	21,520000E+0	16,717000E+0	245,475000E+3	12,000000E+0
75	502,000000E+0	16,140000E+0	16,946000E+0	245,567000E+3	12,000000E+0
76	493,000000E+0	18,830000E+0	16,946000E+0	245,661000E+3	12,000000E+0
77	488,000000E+0	13,450000E+0	16,946000E+0	245,753000E+3	12,000000E+0
78	487,000000E+0	16,140000E+0	16,946000E+0	245,845000E+3	12,000000E+0
79	483,000000E+0	18,830000E+0	16,946000E+0	245,936000E+3	12,000000E+0
80	488,000000E+0	16,140000E+0	16,946000E+0	246,029000E+3	12,000000E+0
81	489,000000E+0	13,450000E+0	16,717000E+0	246,120000E+3	12,000000E+0
82	487,000000E+0	21,520000E+0	16,717000E+0	246,210000E+3	12,000000E+0
83	485,000000E+0	16,140000E+0	16,488000E+0	246,303000E+3	12,000000E+0
84	488,000000E+0	13,450000E+0	16,488000E+0	246,395000E+3	12,000000E+0
85	493,000000E+0	16,140000E+0	16,488000E+0	246,486000E+3	12,000000E+0
86	497,000000E+0	18,830000E+0	16,488000E+0	246,578000E+3	12,000000E+0
87	492,000000E+0	16,140000E+0	16,488000E+0	246,669000E+3	12,000000E+0
88	482,000000E+0	18,830000E+0	16,488000E+0	246,761000E+3	12,000000E+0
89	501,000000E+0	13,450000E+0	16,717000E+0	246,854000E+3	12,000000E+0
90	485,000000E+0	18,830000E+0	16,717000E+0	246,947000E+3	12,000000E+0
91	488,000000E+0	18,830000E+0	16,717000E+0	247,040000E+3	12,000000E+0
92	503,000000E+0	16,140000E+0	16,717000E+0	247,132000E+3	12,000000E+0
93	491,000000E+0	16,140000E+0	16,717000E+0	247,225000E+3	12,000000E+0
94	490,000000E+0	21,520000E+0	16,946000E+0	247,318000E+3	12,000000E+0
95	492,000000E+0	16,140000E+0	16,946000E+0	247,411000E+3	12,000000E+0
96	493,000000E+0	18,830000E+0	17,175000E+0	247,504000E+3	12,000000E+0
97	485,000000E+0	18,830000E+0	17,175000E+0	247,598000E+3	12,000000E+0
98	497,000000E+0	16,140000E+0	17,175000E+0	247,691000E+3	12,000000E+0
99	501,000000E+0	13,450000E+0	17,175000E+0	247,785000E+3	12,000000E+0
100	489,000000E+0	16,140000E+0	17,404000E+0	247,880000E+3	12,000000E+0
101	507,000000E+0	18,830000E+0	17,404000E+0	247,973000E+3	12,000000E+0
102	504,000000E+0	16,140000E+0	17,175000E+0	248,067000E+3	12,000000E+0
103	487,000000E+0	13,450000E+0	17,404000E+0	248,160000E+3	12,000000E+0
104	506,000000E+0	18,830000E+0	17,175000E+0	248,254000E+3	12,000000E+0
105	509,000000E+0	16,140000E+0	16,946000E+0	248,348000E+3	12,000000E+0
106	512,000000E+0	18,830000E+0	16,946000E+0	248,443000E+3	12,000000E+0
107	504,000000E+0	18,830000E+0	16,946000E+0	248,537000E+3	12,000000E+0
108	498,000000E+0	18,830000E+0	16,946000E+0	248,631000E+3	12,000000E+0
109	493,000000E+0	18,830000E+0	16,946000E+0	248,725000E+3	12,000000E+0
110	511,000000E+0	16,140000E+0	16,946000E+0	248,821000E+3	12,000000E+0
111	496,000000E+0	18,830000E+0	16,946000E+0	248,915000E+3	12,000000E+0
112	500,000000E+0	13,450000E+0	17,175000E+0	249,011000E+3	12,000000E+0
113	505,000000E+0	21,520000E+0	17,175000E+0	249,105000E+3	12,000000E+0
114	507,000000E+0	18,830000E+0	17,175000E+0	249,200000E+3	12,000000E+0
115	501,000000E+0	16,140000E+0	17,175000E+0	249,294000E+3	12,000000E+0
116	503,000000E+0	18,830000E+0	17,175000E+0	249,389000E+3	12,000000E+0
117	507,000000E+0	16,140000E+0	17,175000E+0	249,484000E+3	12,000000E+0
118	495,000000E+0	18,830000E+0	17,404000E+0	249,579000E+3	12,000000E+0
119	491,000000E+0	21,520000E+0	17,175000E+0	249,672000E+3	12,000000E+0
120	492,000000E+0	16,140000E+0	17,175000E+0	249,768000E+3	12,000000E+0
121	490,000000E+0	21,520000E+0	17,404000E+0	249,864000E+3	12,000000E+0
122	490,000000E+0	21,520000E+0	17,175000E+0	249,954000E+3	12,000000E+0
123	499,000000E+0	18,830000E+0	17,175000E+0	250,050000E+3	12,000000E+0
124	488,000000E+0	21,520000E+0	17,404000E+0	250,144000E+3	12,000000E+0
125	491,000000E+0	21,520000E+0	17,175000E+0	250,237000E+3	12,000000E+0
126	504,000000E+0	18,830000E+0	17,175000E+0	250,329000E+3	12,000000E+0
127	493,000000E+0	21,520000E+0	16,946000E+0	250,423000E+3	12,000000E+0
128	500,000000E+0	16,140000E+0	16,717000E+0	250,516000E+3	12,000000E+0
129	504,000000E+0	16,140000E+0	16,717000E+0	250,608000E+3	12,000000E+0
130	493,000000E+0	16,140000E+0	16,717000E+0	250,702000E+3	12,000000E+0
131	508,000000E+0	18,830000E+0	16,717000E+0	250,796000E+3	12,000000E+0
132	500,000000E+0	13,450000E+0	16,946000E+0	250,890000E+3	12,000000E+0
133	511,000000E+0	18,830000E+0	16,946000E+0	250,985000E+3	12,000000E+0
134	503,000000E+0	13,450000E+0	16,946000E+0	251,077000E+3	12,000000E+0
135	493,000000E+0	16,140000E+0	16,946000E+0	251,173000E+3	12,000000E+0
136	497,000000E+0	16,140000E+0	17,175000E+0	251,268000E+3	12,000000E+0
137	507,000000E+0	16,140000E+0	17,175000E+0	251,363000E+3	12,000000E+0
138	497,000000E+0	18,830000E+0	17,404000E+0	251,457000E+3	12,000000E+0
139	497,000000E+0	16,140000E+0	17,404000E+0	251,552000E+3	12,000000E+0
140	506,000000E+0	16,140000E+0	17,404000E+0	251,645000E+3	12,000000E+0
141	495,000000E+0	18,830000E+0	17,633000E+0	251,742000E+3	12,000000E+0
142	500,000000E+0	18,830000E+0	17,633000E+0	251,837000E+3	12,000000E+0
143	502,000000E+0	18,830000E+0	17,633000E+0	251,933000E+3	12,000000E+0
144	515,000000E+0	13,450000E+0	17,633000E+0	252,027000E+3	12,000000E+0
145	521,000000E+0	16,140000E+0	17,633000E+0	252,123000E+3	12,000000E+0
146	497,000000E+0	18,830000E+0	17,633000E+0	252,219000E+3	12,000000E+0
147	514,000000E+0	13,450000E+0	17,633000E+0	252,313000E+3	12,000000E+0
148	510,000000E+0	13,450000E+0	17,633000E+0	252,409000E+3	12,000000E+0
149	513,000000E+0	16,140000E+0	17,404000E+0	252,505000E+3	12,000000E+0
150	499,000000E+0	18,830000E+0	17,404000E+0	252,603000E+3	12,000000E+0
151	501,000000E+0	18,830000E+0	17,404000E+0	252,697000E+3	12,000000E+0
152	516,000000E+0	18,830000E+0	17,404000E+0	252,794000E+3	12,000000E+0
153	520,000000E+0	18,830000E+0	17,175000E+0	252,890000E+3	12,000000E+0
154	512,000000E+0	16,140000E+0	17,175000E+0	252,986000E+3	12,000000E+0
155	500,000000E+0	16,140000E+0	17,404000E+0	253,084000E+3	12,000000E+0
156	507,000000E+0	13,450000E+0	17,404000E+0	253,180000E+3	12,000000E+0
157	522,000000E+0	18,830000E+0	17,404000E+0	253,276000E+3	12,000000E+0
158	512,000000E+0	18,830000E+0	17,633000E+0	253,374000E+3	12,000000E+0
159	508,000000E+0	16,140000E+0	17,633000E+0	253,472000E+3	12,000000E+0
160	501,000000E+0	16,140000E+0	17,633000E+0	253,568000E+3	12,000000E+0
161	516,000000E+0	16,140000E+0	17,633000E+0	253,664000E+3	12,000000E+0
162	516,000000E+0	21,520000E+0	17,633000E+0	253,760000E+3	12,000000E+0
163	517,000000E+0	18,830000E+0	17,633000E+0	253,857000E+3	12,000000E+0
164	515,000000E+0	21,520000E+0	17,633000E+0	253,955000E+3	12,000000E+0
165	520,000000E+0	18,830000E+0	17,862000E+0	254,048000E+3	12,000000E+0
166	517,000000E+0	21,520000E+0	17,633000E+0	254,146000E+3	12,000000E+0
167	507,000000E+0	18,830000E+0	17,633000E+0	254,242000E+3	12,000000E+0
168	509,000000E+0	21,520000E+0	17,633000E+0	254,338000E+3	12,000000E+0
169	500,000000E+0	18,830000E+0	17,633000E+0	254,433000E+3	12,000000E+0
170	497,000000E+0	16,140000E+0	17,404000E+0	254,529000E+3	12,000000E+0
171	505,000000E+0	16,140000E+0	17,175000E+0	254,624000E+3	12,000000E+0
172	488,000000E+0	18,830000E+0	17,175000E+0	254,719000E+3	12,000000E+0
173	510,000000E+0	18,830000E+0	17,175000E+0	254,813000E+3	12,000000E+0
174	508,000000E+0	16,140000E+0	16,946000E+0	254,909000E+3	12,000000E+0
175	514,000000E+0	18,830000E+0	17,175000E+0	255,002000E+3	12,000000E+0
176	516,000000E+0	21,520000E+0	17,175000E+0	255,099000E+3	12,000000E+0
177	506,000000E+0	16,140000E+0	17,175000E+0	255,193000E+3	12,000000E+0
178	517,000000E+0	21,520000E+0	17,175000E+0	255,290000E+3	12,000000E+0
179	517,000000E+0	16,140000E+0	17,404000E+0	255,387000E+3	12,000000E+0
180	521,000000E+0	18,830000E+0	17,404000E+0	255,483000E+3	12,000000E+0
181	513,000000E+0	16,140000E+0	17,633000E+0	255,579000E+3	12,000000E+0
182	519,000000E+0	16,140000E+0	17,633000E+0	255,677000E+3	12,000000E+0
183	508,000000E+0	21,520000E+0	17,862000E+0	255,772000E+3	12,000000E+0
184	522,000000E+0	18,830000E+0	17,862000E+0	255,869000E+3	12,000000E+0
185	505,000000E+0	16,140000E+0	17,862000E+0	255,967000E+3	12,000000E+0
186	500,000000E+0	21,520000E+0	18,091000E+0	256,065000E+3	12,000000E+0
187	517,000000E+0	16,140000E+0	18,091000E+0	256,160000E+3	12,000000E+0
188	507,000000E+0	21,520000E+0	17,862000E+0	256,259000E+3	12,000000E+0
189	514,000000E+0	13,450000E+0	17,862000E+0	256,354000E+3	12,000000E+0
190	521,000000E+0	21,520000E+0	17,862000E+0	256,451000E+3	12,000000E+0
191	504,000000E+0	18,830000E+0	17,862000E+0	256,550000E+3	12,000000E+0
192	504,000000E+0	16,140000E+0	17,862000E+0	256,649000E+3	12,000000E+0
193	531,000000E+0	16,140000E+0	17,633000E+0	256,747000E+3	12,000000E+0
194	513,000000E+0	13,450000E+0	17,633000E+0	256,843000E+3	12,000000E+0
195	512,000000E+0	18,830000E+0	17,404000E+0	256,941000E+3	12,000000E+0
196	515,000000E+0	18,830000E+0	17,633000E+0	257,038000E+3	12,000000E+0
197	511,000000E+0	18,830000E+0	17,633000E+0	257,135000E+3	12,000000E+0
198	512,000000E+0	21,520000E+0	17,633000E+0	257,234000E+3	12,000000E+0
199	519,000000E+0	18,830000E+0	17,633000E+0	257,331000E+3	12,000000E+0
200	516,000000E+0	13,450000E+0	17,633000E+0	257,428000E+3	12,000000E+0
201	520,000000E+0	13,450000E+0	17,633000E+0	257,528000E+3	12,000000E+0
202	521,000000E+0	21,520000E+0	17,862000E+0	257,626000E+3	12,000000E+0
203	528,000000E+0	18,830000E+0	17,862000E+0	257,725000E+3	12,000000E+0
204	520,000000E+0	21,520000E+0	17,862000E+0	257,822000E+3	12,000000E+0
205	516,000000E+0	18,830000E+0	17,862000E+0	257,918000E+3	12,000000E+0
206	508,000000E+0	13,450000E+0	17,862000E+0	258,016000E+3	12,000000E+0
207	520,000000E+0	18,830000E+0	17,862000E+0	258,111000E+3	12,000000E+0
208	515,000000E+0	18,830000E+0	17,862000E+0	258,207000E+3	12,000000E+0
209	527,000000E+0	18,830000E+0	17,862000E+0	258,303000E+3	12,000000E+0
210	510,000000E+0	16,140000E+0	17,633000E+0	258,400000E+3	12,000000E+0
211	520,000000E+0	18,830000E+0	17,633000E+0	258,495000E+3	12,000000E+0
212	516,000000E+0	16,140000E+0	17,404000E+0	258,592000E+3	12,000000E+0
213	508,000000E+0	18,830000E+0	17,404000E+0	258,688000E+3	12,000000E+0
214	523,000000E+0	16,140000E+0	17,404000E+0	258,785000E+3	12,000000E+0
215	520,000000E+0	18,830000E+0	17,404000E+0	258,882000E+3	12,000000E+0
216	499,000000E+0	18,830000E+0	17,175000E+0	258,977000E+3	12,000000E+0
217	509,000000E+0	16,140000E+0	17,175000E+0	259,073000E+3	12,000000E+0
218	518,000000E+0	18,830000E+0	17,404000E+0	259,170000E+3	12,000000E+0
219	499,000000E+0	18,830000E+0	17,404000E+0	259,265000E+3	12,000000E+0
220	508,000000E+0	18,830000E+0	17,404000E+0	259,361000E+3	12,000000E+0
221	506,000000E+0	13,450000E+0	17,404000E+0	259,458000E+3	12,000000E+0
222	519,000000E+0	18,830000E+0	17,404000E+0	259,554000E+3	12,000000E+0
223	509,000000E+0	21,520000E+0	17,633000E+0	259,650000E+3	12,000000E+0
224	510,000000E+0	18,830000E+0	17,862000E+0	259,747000E+3	12,000000E+0
225	511,000000E+0	21,520000E+0	17,862000E+0	259,844000E+3	12,000000E+0
226	526,000000E+0	21,520000E+0	18,091000E+0	259,942000E+3	12,000000E+0
227	530,000000E+0	18,830000E+0	18,091000E+0	260,040000E+3	12,000000E+0
228	513,000000E+0	16,140000E+0	18,091000E+0	260,137000E+3	12,000000E+0
229	520,000000E+0	21,520000E+0	18,091000E+0	260,237000E+3	12,000000E+0
230	524,000000E+0	18,830000E+0	18,091000E+0	260,335000E+3	12,000000E+0
231	527,000000E+0	18,830000E+0	18,091000E+0	260,432000E+3	12,000000E+0
232	524,000000E+0	16,140000E+0	17,862000E+0	260,529000E+3	12,000000E+0
233	511,000000E+0	18,830000E+0	17,862000E+0	260,626000E+3	12,000000E+0
234	527,000000E+0	18,830000E+0	17,862000E+0	260,725000E+3	12,000000E+0
235	515,000000E+0	18,830000E+0	17,862000E+0	260,824000E+3	12,000000E+0
236	516,000000E+0	16,140000E+0	17,633000E+0	260,922000E+3	12,000000E+0
237	527,000000E+0	13,450000E+0	17,633000E+0	261,020000E+3	12,000000E+0
238	523,000000E+0	16,140000E+0	17,633000E+0	261,119000E+3	12,000000E+0
239	525,000000E+0	16,140000E+0	17,404000E+0	261,215000E+3	12,000000E+0
240	507,000000E+0	18,830000E+0	17,633000E+0	261,315000E+3	12,000000E+0
241	510,000000E+0	16,140000E+0	17,633000E+0	261,411000E+3	12,000000E+0
242	524,000000E+0	18,830000E+0	17,633000E+0	261,508000E+3	12,000000E+0
243	515,000000E+0	16,140000E+0	17,862000E+0	261,608000E+3	12,000000E+0
244	523,000000E+0	18,830000E+0	17,862000E+0	261,705000E+3	12,000000E+0
245	520,000000E+0	18,830000E+0	17,862000E+0	261,804000E+3	12,000000E+0
246	532,000000E+0	18,830000E+0	17,862000E+0	261,903000E+3	12,000000E+0
247	527,000000E+0	18,830000E+0	17,862000E+0	262,001000E+3	12,000000E+0
248	528,000000E+0	13,450000E+0	17,862000E+0	262,099000E+3	12,000000E+0
249	516,000000E+0	16,140000E+0	17,862000E+0	262,195000E+3	12,000000E+0
250	508,000000E+0	13,450000E+0	17,862000E+0	262,291000E+3	12,000000E+0
251	522,000000E+0	13,450000E+0	17,862000E+0	262,390000E+3	12,000000E+0
252	520,000000E+0	21,520000E+0	17,862000E+0	262,487000E+3	12,000000E+0
253	529,000000E+0	18,830000E+0	17,862000E+0	262,585000E+3	12,000000E+0
254	530,000000E+0	16,140000E+0	17,633000E+0	262,682000E+3	12,000000E+0
255	519,000000E+0	18,830000E+0	17,633000E+0	262,780000E+3	12,000000E+0
256	523,000000E+0	18,830000E+0	17,633000E+0	262,876000E+3	12,000000E+0
257	514,000000E+0	13,450000E+0	17,633000E+0	262,974000E+3	12,000000E+0
258	506,000000E+0	18,830000E+0	17,633000E+0	263,071000E+3	12,000000E+0
259	509,000000E+0	18,830000E+0	17,404000E+0	263,168000E+3	12,000000E+0
260	504,000000E+0	16,140000E+0	17,633000E+0	263,267000E+3	12,000000E+0
261	515,000000E+0	13,450000E+0	17,404000E+0	263,363000E+3	12,000000E+0
262	511,000000E+0	18,830000E+0	17,633000E+0	263,460000E+3	12,000000E+0
263	517,000000E+0	16,140000E+0	17,633000E+0	263,559000E+3	12,000000E+0
264	506,000000E+0	18,830000E+0	17,633000E+0	263,655000E+3	12,000000E+0
265	521,000000E+0	16,140000E+0	17,862000E+0	263,754000E+3	12,000000E+0
266	523,000000E+0	13,450000E+0	17,862000E+0	263,851000E+3	12,000000E+0
267	523,000000E+0	13,450000E+0	18,091000E+0	263,948000E+3	12,000000E+0
268	516,000000E+0	18,830000E+0	18,320000E+0	264,049000E+3	12,000000E+0
269	532,000000E+0	16,140000E+0	18,320000E+0	264,147000E+3	12,000000E+0
270	534,000000E+0	18,830000E+0	18,320000E+0	264,246000E+3	12,000000E+0
271	514,000000E+0	18,830000E+0	18,320000E+0	264,345000E+3	12,000000E+0
272	534,000000E+0	13,450000E+0	18,091000E+0	264,444000E+3	12,000000E+0
273	528,000000E+0	18,830000E+0	18,091000E+0	264,541000E+3	12,000000E+0
274	529,000000E+0	13,450000E+0	18,091000E+0	264,640000E+3	12,000000E+0
275	533,000000E+0	16,140000E+0	18,091000E+0	264,739000E+3	12,000000E+0
276	535,000000E+0	13,450000E+0	18,091000E+0	264,838000E+3	12,000000E+0
277	511,000000E+0	18,830000E+0	17,862000E+0	264,939000E+3	12,000000E+0
278	523,000000E+0	21,520000E+0	18,091000E+0	265,038000E+3	12,000000E+0
279	520,000000E+0	18,830000E+0	17,862000E+0	265,136000E+3	12,000000E+0
280	533,000000E+0	18,830000E+0	18,091000E+0	265,237000E+3	12,000000E+0
281	534,000000E+0	18,830000E+0	17,862000E+0	265,336000E+3	12,000000E+0
282	525,000000E+0	13,450000E+0	17,862000E+0	265,437000E+3	12,000000E+0
283	520,000000E+0	18,830000E+0	17,862000E+0	265,535000E+3	12,000000E+0
284	520,000000E+0	16,140000E+0	17,862000E+0	265,634000E+3	12,000000E+0
285	519,000000E+0	18,830000E+0	17,862000E+0	265,735000E+3	12,000000E+0
286	536,000000E+0	16,140000E+0	18,091000E+0	265,834000E+3	12,000000E+0
287	519,000000E+0	16,140000E+0	18,091000E+0	265,934000E+3	12,000000E+0
288	526,000000E+0	18,830000E+0	18,091000E+0	266,032000E+3	12,000000E+0
289	533,000000E+0	16,140000E+0	18,091000E+0	266,132000E+3	12,000000E+0
290	531,000000E+0	18,830000E+0	18,320000E+0	266,232000E+3	12,000000E+0
291	517,000000E+0	13,450000E+0	18,091000E+0	266,335000E+3	12,000000E+0
292	531,000000E+0	18,830000E+0	18,091000E+0	266,453000E+3	12,000000E+0
293	508,000000E+0	13,450000E+0	18,091000E+0	266,575000E+3	12,000000E+0
294	523,000000E+0	16,140000E+0	17,862000E+0	266,696000E+3	12,000000E+0
295	520,000000E+0	13,450000E+0	17,862000E+0	266,795000E+3	12,000000E+0
296	518,000000E+0	21,520000E+0	17,862000E+0	266,893000E+3	12,000000E+0
297	519,000000E+0	16,140000E+0	17,633000E+0	266,990000E+3	12,000000E+0
298	509,000000E+0	18,830000E+0	17,633000E+0	267,088000E+3	12,000000E+0
299	509,000000E+0	16,140000E+0	17,633000E+0	267,187000E+3	12,000000E+0
300	527,000000E+0	18,830000E+0	17,633000E+0	267,284000E+3	12,000000E+0
301	517,000000E+0	21,520000E+0	17,862000E+0	267,384000E+3	12,000000E+0
302	517,000000E+0	18,830000E+0	17,862000E+0	267,481000E+3	12,000000E+0
303	528,000000E+0	13,450000E+0	17,633000E+0	267,580000E+3	12,000000E+0
304	533,000000E+0	16,140000E+0	17,862000E+0	267,679000E+3	12,000000E+0
305	514,000000E+0	16,140000E+0	17,862000E+0	267,778000E+3	12,000000E+0
306	533,000000E+0	16,140000E+0	18,091000E+0	267,876000E+3	12,000000E+0
307	514,000000E+0	18,830000E+0	18,091000E+0	267,976000E+3	12,000000E+0
308	527,000000E+0	18,830000E+0	18,320000E+0	268,075000E+3	12,000000E+0
309	535,000000E+0	18,830000E+0	18,320000E+0	268,174000E+3	12,000000E+0
310	534,000000E+0	18,830000E+0	18,549000E+0	268,274000E+3	12,000000E+0
311	533,000000E+0	18,830000E+0	18,549000E+0	268,374000E+3	12,000000E+0
312	522,000000E+0	18,830000E+0	18,549000E+0	268,475000E+3	12,000000E+0
313	525,000000E+0	21,520000E+0	18,549000E+0	268,576000E+3	12,000000E+0
314	527,000000E+0	18,830000E+0	18,320000E+0	268,673000E+3	12,000000E+0
315	513,000000E+0	18,830000E+0	18,320000E+0	268,773000E+3	12,000000E+0
316	536,000000E+0	16,140000E+0	18,091000E+0	268,873000E+3	12,000000E+0
317	534,000000E+0	13,450000E+0	18,091000E+0	268,973000E+3	12,000000E+0
318	525,000000E+0	18,830000E+0	18,091000E+0	269,073000E+3	12,000000E+0
319	528,000000E+0	21,520000E+0	17,862000E+0	269,171000E+3	12,000000E+0
320	521,000000E+0	16,140000E+0	17,862000E+0	269,272000E+3	12,000000E+0
321	523,000000E+0	16,140000E+0	18,091000E+0	269,373000E+3	12,000000E+0
322	533,000000E+0	16,140000E+0	18,091000E+0	269,474000E+3	12,000000E+0
323	534,000000E+0	18,830000E+0	18,091000E+0	269,575000E+3	12,000000E+0
324	537,000000E+0	16,140000E+0	18,091000E+0	269,674000E+3	12,000000E+0
325	525,000000E+0	13,450000E+0	18,091000E+0	269,774000E+3	12,000000E+0
326	525,000000E+0	16,140000E+0	18,091000E+0	269,874000E+3	12,000000E+0
327	542,000000E+0	18,830000E+0	18,320000E+0	269,975000E+3	12,000000E+0
328	530,000000E+0	18,830000E+0	18,320000E+0	270,075000E+3	12,000000E+0
329	536,000000E+0	16,140000E+0	18,320000E+0	270,177000E+3	12,000000E+0
330	541,000000E+0	18,830000E+0	18,320000E+0	270,278000E+3	12,000000E+0
331	539,000000E+0	16,140000E+0	18,320000E+0	270,376000E+3	12,000000E+0
332	525,000000E+0	13,450000E+0	18,320000E+0	270,474000E+3	12,000000E+0
333	533,000000E+0	21,520000E+0	18,320000E+0	270,575000E+3	12,000000E+0
334	514,000000E+0	18,830000E+0	18,091000E+0	270,675000E+3	12,000000E+0
335	523,000000E+0	18,830000E+0	18,091000E+0	270,771000E+3	12,000000E+0
336	515,000000E+0	21,520000E+0	17,862000E+0	270,869000E+3	12,000000E+0
337	513,000000E+0	21,520000E+0	17,862000E+0	270,969000E+3	12,000000E+0
338	518,000000E+0	16,140000E+0	17,862000E+0	271,066000E+3	12,000000E+0
339	511,000000E+0	21,520000E+0	17,862000E+0	271,165000E+3	12,000000E+0
340	524,000000E+0	18,830000E+0	17,862000E+0	271,264000E+3	12,000000E+0
341	518,000000E+0	21,520000E+0	17,633000E+0	271,362000E+3	12,000000E+0
342	516,000000E+0	18,830000E+0	17,862000E+0	271,463000E+3	12,000000E+0
343	517,000000E+0	21,520000E+0	17,862000E+0	271,561000E+3	12,000000E+0
344	533,000000E+0	13,450000E+0	17,862000E+0	271,661000E+3	12,000000E+0
345	513,000000E+0	21,520000E+0	18,091000E+0	271,761000E+3	12,000000E+0
346	527,000000E+0	18,830000E+0	18,091000E+0	271,860000E+3	12,000000E+0
347	522,000000E+0	16,140000E+0	18,091000E+0	271,959000E+3	12,000000E+0
348	521,000000E+0	13,450000E+0	18,320000E+0	272,060000E+3	12,000000E+0
349	522,000000E+0	18,830000E+0	18,320000E+0	272,157000E+3	12,000000E+0
350	527,000000E+0	16,140000E+0	18,549000E+0	272,257000E+3	12,000000E+0
351	530,000000E+0	18,830000E+0	18,549000E+0	272,357000E+3	12,000000E+0
352	535,000000E+0	16,140000E+0	18,549000E+0	272,458000E+3	12,000000E+0
353	519,000000E+0	16,140000E+0	18,549000E+0	272,558000E+3	12,000000E+0
354	520,000000E+0	18,830000E+0	18,549000E+0	272,663000E+3	12,000000E+0
355	528,000000E+0	18,830000E+0	18,549000E+0	272,759000E+3	12,000000E+0
356	531,000000E+0	18,830000E+0	18,549000E+0	272,861000E+3	12,000000E+0
357	541,000000E+0	16,140000E+0	18,320000E+0	272,961000E+3	12,000000E+0
358	527,000000E+0	16,140000E+0	18,320000E+0	273,062000E+3	12,000000E+0
359	541,000000E+0	18,830000E+0	18,320000E+0	273,163000E+3	12,000000E+0
360	535,000000E+0	18,830000E+0	18,091000E+0	273,261000E+3	12,000000E+0
361	539,000000E+0	16,140000E+0	18,091000E+0	273,363000E+3	12,000000E+0
362	538,000000E+0	21,520000E+0	18,091000E+0	273,465000E+3	12,000000E+0
363	531,000000E+0	18,830000E+0	18,091000E+0	273,566000E+3	12,000000E+0
364	528,000000E+0	13,450000E+0	18,320000E+0	273,667000E+3	12,000000E+0
365	546,000000E+0	18,830000E+0	18,320000E+0	273,768000E+3	12,000000E+0
366	537,000000E+0	16,140000E+0	18,320000E+0	273,869000E+3	12,000000E+0
367	527,000000E+0	13,450000E+0	18,320000E+0	273,970000E+3	12,000000E+0
368	530,000000E+0	16,140000E+0	18,091000E+0	274,069000E+3	12,000000E+0
369	536,000000E+0	16,140000E+0	18,320000E+0	274,171000E+3	12,000000E+0
370	534,000000E+0	18,830000E+0	18,549000E+0	274,271000E+3	12,000000E+0
371	530,000000E+0	16,140000E+0	18,549000E+0	274,374000E+3	12,000000E+0
372	540,000000E+0	16,140000E+0	18,549000E+0	274,472000E+3	12,000000E+0
373	530,000000E+0	21,520000E+0	18,549000E+0	274,571000E+3	12,000000E+0
374	530,000000E+0	18,830000E+0	18,320000E+0	274,672000E+3	12,000000E+0
375	521,000000E+0	16,140000E+0	18,320000E+0	274,773000E+3	12,000000E+0
376	538,000000E+0	18,830000E+0	18,320000E+0	274,872000E+3	12,000000E+0
377	515,000000E+0	18,830000E+0	18,091000E+0	274,972000E+3	12,000000E+0
378	530,000000E+0	18,830000E+0	18,091000E+0	275,072000E+3	12,000000E+0
379	530,000000E+0	18,830000E+0	17,862000E+0	275,171000E+3	12,000000E+0
380	522,000000E+0	16,140000E+0	17,862000E+0	275,270000E+3	12,000000E+0
381	533,000000E+0	21,520000E+0	18,091000E+0	275,370000E+3	12,000000E+0
382	521,000000E+0	16,140000E+0	17,862000E+0	275,470000E+3	12,000000E+0
383	539,000000E+0	18,830000E+0	18,091000E+0	275,571000E+3	12,000000E+0
384	531,000000E+0	18,830000E+0	18,091000E+0	275,670000E+3	12,000000E+0
385	527,000000E+0	16,140000E+0	18,091000E+0	275,770000E+3	12,000000E+0
386	528,000000E+0	21,520000E+0	18,320000E+0	275,873000E+3	12,000000E+0
387	539,000000E+0	16,140000E+0	18,320000E+0	275,973000E+3	12,000000E+0
388	540,000000E+0	16,140000E+0	18,320000E+0	276,073000E+3	12,000000E+0
389	525,000000E+0	16,140000E+0	18,549000E+0	276,175000E+3	12,000000E+0
390	536,000000E+0	18,830000E+0	18,549000E+0	276,275000E+3	12,000000E+0
391	539,000000E+0	16,140000E+0	18,549000E+0	276,376000E+3	12,000000E+0
392	544,000000E+0	18,830000E+0	18,549000E+0	276,476000E+3	12,000000E+0
393	541,000000E+0	13,450000E+0	18,778000E+0	276,577000E+3	12,000000E+0
394	527,000000E+0	16,140000E+0	18,778000E+0	276,678000E+3	12,000000E+0
395	542,000000E+0	21,520000E+0	18,778000E+0	276,779000E+3	12,000000E+0
396	543,000000E+0	18,830000E+0	18,549000E+0	276,879000E+3	12,000000E+0
397	531,000000E+0	18,830000E+0	18,549000E+0	276,980000E+3	12,000000E+0
398	539,000000E+0	16,140000E+0	18,549000E+0	277,081000E+3	12,000000E+0
399	526,000000E+0	18,830000E+0	18,320000E+0	277,182000E+3	12,000000E+0
400	521,000000E+0	18,830000E+0	18,091000E+0	277,283000E+3	12,000000E+0
401	522,000000E+0	16,140000E+0	18,091000E+0	277,382000E+3	12,000000E+0
402	524,000000E+0	18,830000E+0	18,091000E+0	277,485000E+3	12,000000E+0
403	534,000000E+0	21,520000E+0	18,091000E+0	277,587000E+3	12,000000E+0
404	534,000000E+0	13,450000E+0	18,320000E+0	277,688000E+3	12,000000E+0
405	521,000000E+0	16,140000E+0	18,320000E+0	277,789000E+3	12,000000E+0
406	545,000000E+0	16,140000E+0	18,320000E+0	277,890000E+3	12,000000E+0
407	531,000000E+0	18,830000E+0	18,320000E+0	277,993000E+3	12,000000E+0
408	533,000000E+0	13,450000E+0	18,549000E+0	278,095000E+3	12,000000E+0
409	539,000000E+0	18,830000E+0	18,320000E+0	278,196000E+3	12,000000E+0
410	528,000000E+0	13,450000E+0	18,320000E+0	278,298000E+3	12,000000E+0
411	534,000000E+0	21,520000E+0	18,549000E+0	278,398000E+3	12,000000E+0
412	525,000000E+0	16,140000E+0	18,549000E+0	278,500000E+3	12,000000E+0
413	535,000000E+0	18,830000E+0	18,549000E+0	278,599000E+3	12,000000E+0
414	534,000000E+0	18,830000E+0	18,320000E+0	278,699000E+3	12,000000E+0
415	529,000000E+0	13,450000E+0	18,320000E+0	278,799000E+3	12,000000E+0
416	541,000000E+0	16,140000E+0	18,320000E+0	278,898000E+3	12,000000E+0
417	530,000000E+0	16,140000E+0	18,320000E+0	278,997000E+3	12,000000E+0
418	533,000000E+0	16,140000E+0	18,091000E+0	279,098000E+3	12,000000E+0
419	518,000000E+0	18,830000E+0	18,091000E+0	279,197000E+3	12,000000E+0
420	519,000000E+0	16,140000E+0	17,862000E+0	279,296000E+3	12,000000E+0
421	519,000000E+0	18,830000E+0	17,862000E+0	279,395000E+3	12,000000E+0
422	517,000000E+0	18,830000E+0	17,862000E+0	279,495000E+3	12,000000E+0
423	536,000000E+0	13,450000E+0	17,862000E+0	279,594000E+3	12,000000E+0
424	536,000000E+0	18,830000E+0	17,862000E+0	279,694000E+3	12,000000E+0
425	521,000000E+0	18,830000E+0	17,862000E+0	279,794000E+3	12,000000E+0
426	541,000000E+0	16,140000E+0	18,091000E+0	279,894000E+3	12,000000E+0
427	535,000000E+0	16,140000E+0	18,091000E+0	279,995000E+3	12,000000E+0
428	525,000000E+0	16,140000E+0	18,320000E+0	280,095000E+3	12,000000E+0
429	537,000000E+0	16,140000E+0	18,320000E+0	280,195000E+3	12,000000E+0
430	521,000000E+0	18,830000E+0	18,549000E+0	280,296000E+3	12,000000E+0
431	538,000000E+0	13,450000E+0	18,549000E+0	280,396000E+3	12,000000E+0
432	533,000000E+0	18,830000E+0	18,549000E+0	280,497000E+3	12,000000E+0
433	545,000000E+0	16,140000E+0	18,778000E+0	280,599000E+3	12,000000E+0
434	536,000000E+0	16,140000E+0	18,778000E+0	280,698000E+3	12,000000E+0
435	523,000000E+0	21,520000E+0	18,778000E+0	280,801000E+3	12,000000E+0
436	532,000000E+0	18,830000E+0	18,778000E+0	280,902000E+3	12,000000E+0
437	535,000000E+0	16,140000E+0	18,549000E+0	281,003000E+3	12,000000E+0
438	541,000000E+0	13,450000E+0	18,778000E+0	281,104000E+3	12,000000E+0
439	542,000000E+0	18,830000E+0	18,549000E+0	281,208000E+3	12,000000E+0
440	542,000000E+0	18,830000E+0	18,549000E+0	281,310000E+3	12,000000E+0
441	545,000000E+0	16,140000E+0	18,320000E+0	281,412000E+3	12,000000E+0
442	530,000000E+0	16,140000E+0	18,091000E+0	281,512000E+3	12,000000E+0
443	540,000000E+0	21,520000E+0	18,320000E+0	281,615000E+3	12,000000E+0
444	538,000000E+0	18,830000E+0	18,320000E+0	281,715000E+3	12,000000E+0
445	543,000000E+0	18,830000E+0	18,320000E+0	281,818000E+3	12,000000E+0
446	548,000000E+0	21,520000E+0	18,320000E+0	281,920000E+3	12,000000E+0
447	537,000000E+0	13,450000E+0	18,320000E+0	282,022000E+3	12,000000E+0
448	535,000000E+0	18,830000E+0	18,549000E+0	282,125000E+3	12,000000E+0
449	534,000000E+0	16,140000E+0	18,549000E+0	282,226000E+3	12,000000E+0
450	545,000000E+0	21,520000E+0	18,549000E+0	282,329000E+3	12,000000E+0
451	541,000000E+0	21,520000E+0	18,549000E+0	282,429000E+3	12,000000E+0
452	526,000000E+0	13,450000E+0	18,549000E+0	282,531000E+3	12,000000E+0
453	529,000000E+0	13,450000E+0	18,549000E+0	282,633000E+3	12,000000E+0
454	524,000000E+0	16,140000E+0	18,549000E+0	282,731000E+3	12,000000E+0
455	530,000000E+0	16,140000E+0	18,549000E+0	282,834000E+3	12,000000E+0
456	541,000000E+0	18,830000E+0	18,549000E+0	282,934000E+3	12,000000E+0
457	542,000000E+0	21,520000E+0	18,549000E+0	283,034000E+3	12,000000E+0
458	524,000000E+0	16,140000E+0	18,320000E+0	283,136000E+3	12,000000E+0
459	544,000000E+0	16,140000E+0	18,091000E+0	283,236000E+3	12,000000E+0
460	539,000000E+0	16,140000E+0	18,091000E+0	283,337000E+3	12,000000E+0
461	542,000000E+0	16,140000E+0	18,091000E+0	283,437000E+3	12,000000E+0
462	534,000000E+0	18,830000E+0	18,091000E+0	283,537000E+3	12,000000E+0
463	521,000000E+0	21,520000E+0	17,862000E+0	283,637000E+3	12,000000E+0
464	528,000000E+0	16,140000E+0	18,091000E+0	283,738000E+3	12,000000E+0
465	533,000000E+0	18,830000E+0	18,091000E+0	283,839000E+3	12,000000E+0
466	526,000000E+0	21,520000E+0	18,091000E+0	283,939000E+3	12,000000E+0
467	528,000000E+0	21,520000E+0	18,320000E+0	284,041000E+3	12,000000E+0
468	533,000000E+0	16,140000E+0	18,320000E+0	284,142000E+3	12,000000E+0
469	550,000000E+0	16,140000E+0	18,320000E+0	284,243000E+3	12,000000E+0
470	541,000000E+0	16,140000E+0	18,778000E+0	284,346000E+3	12,000000E+0
471	531,000000E+0	16,140000E+0	18,778000E+0	284,446000E+3	12,000000E+0
472	531,000000E+0	16,140000E+0	18,778000E+0	284,549000E+3	12,000000E+0
473	536,000000E+0	13,450000E+0	18,778000E+0	284,649000E+3	12,000000E+0
474	528,000000E+0	16,140000E+0	18,778000E+0	284,752000E+3	12,000000E+0
475	537,000000E+0	18,830000E+0	18,778000E+0	284,853000E+3	12,000000E+0
476	528,000000E+0	18,830000E+0	18,778000E+0	284,956000E+3	12,000000E+0
477	549,000000E+0	18,830000E+0	18,778000E+0	285,055000E+3	12,000000E+0
478	536,000000E+0	16,140000E+0	18,778000E+0	285,157000E+3	12,000000E+0
479	540,000000E+0	16,140000E+0	18,549000E+0	285,260000E+3	12,000000E+0
480	535,000000E+0	13,450000E+0	18,549000E+0	285,363000E+3	12,000000E+0
481	534,000000E+0	18,830000E+0	18,549000E+0	285,463000E+3	12,000000E+0
482	548,000000E+0	16,140000E+0	18,320000E+0	285,564000E+3	12,000000E+0
483	536,000000E+0	18,830000E+0	18,320000E+0	285,667000E+3	12,000000E+0
484	534,000000E+0	13,450000E+0	18,320000E+0	285,770000E+3	12,000000E+0
485	539,000000E+0	21,520000E+0	18,320000E+0	285,871000E+3	12,000000E+0
486	536,000000E+0	13,450000E+0	18,320000E+0	285,973000E+3	12,000000E+0
487	539,000000E+0	18,830000E+0	18,320000E+0	286,074000E+3	12,000000E+0
488	554,000000E+0	13,450000E+0	18,320000E+0	286,177000E+3	12,000000E+0
489	545,000000E+0	16,140000E+0	18,549000E+0	286,279000E+3	12,000000E+0
490	530,000000E+0	16,140000E+0	18,549000E+0	286,382000E+3	12,000000E+0
491	541,000000E+0	16,140000E+0	18,778000E+0	286,486000E+3	12,000000E+0
492	535,000000E+0	21,520000E+0	18,778000E+0	286,587000E+3	12,000000E+0
493	530,000000E+0	18,830000E+0	18,778000E+0	286,689000E+3	12,000000E+0
494	544,000000E+0	13,450000E+0	18,778000E+0	286,790000E+3	12,000000E+0
495	530,000000E+0	16,140000E+0	18,549000E+0	286,891000E+3	12,000000E+0
496	534,000000E+0	16,140000E+0	18,549000E+0	286,993000E+3	12,000000E+0
497	548,000000E+0	18,830000E+0	18,549000E+0	287,095000E+3	12,000000E+0
498	535,000000E+0	16,140000E+0	18,549000E+0	287,194000E+3	12,000000E+0
499	536,000000E+0	18,830000E+0	18,320000E+0	287,296000E+3	12,000000E+0
500	535,000000E+0	16,140000E+0	18,320000E+0	287,397000E+3	12,000000E+0
501	543,000000E+0	16,140000E+0	18,320000E+0	287,498000E+3	12,000000E+0
502	535,000000E+0	16,140000E+0	18,091000E+0	287,598000E+3	12,000000E+0
503	533,000000E+0	18,830000E+0	18,091000E+0	287,700000E+3	12,000000E+0
504	524,000000E+0	21,520000E+0	18,091000E+0	287,800000E+3	12,000000E+0
505	524,000000E+0	16,140000E+0	18,091000E+0	287,902000E+3	12,000000E+0
506	520,000000E+0	16,140000E+0	18,091000E+0	288,003000E+3	12,000000E+0
507	544,000000E+0	18,830000E+0	18,320000E+0	288,105000E+3	12,000000E+0
508	532,000000E+0	13,450000E+0	18,320000E+0	288,206000E+3	12,000000E+0
509	536,000000E+0	16,140000E+0	18,549000E+0	288,307000E+3	12,000000E+0
510	544,000000E+0	21,520000E+0	18,549000E+0	288,410000E+3	12,000000E+0
511	533,000000E+0	16,140000E+0	18,778000E+0	288,511000E+3	12,000000E+0
512	548,000000E+0	21,520000E+0	19,007000E+0	288,615000E+3	12,000000E+0
513	552,000000E+0	16,140000E+0	19,236000E+0	288,719000E+3	12,000000E+0
514	540,000000E+0	18,830000E+0	19,236000E+0	288,821000E+3	12,000000E+0
515	546,000000E+0	16,140000E+0	19,236000E+0	288,924000E+3	12,000000E+0
516	552,000000E+0	18,830000E+0	19,007000E+0	289,028000E+3	12,000000E+0
517	539,000000E+0	18,830000E+0	19,007000E+0	289,130000E+3	12,000000E+0
518	552,000000E+0	16,140000E+0	19,007000E+0	289,232000E+3	12,000000E+0
519	543,000000E+0	16,140000E+0	18,778000E+0	289,335000E+3	12,000000E+0
520	554,000000E+0	18,830000E+0	18,549000E+0	289,438000E+3	12,000000E+0
521	556,000000E+0	13,450000E+0	18,549000E+0	289,542000E+3	12,000000E+0
522	555,000000E+0	16,140000E+0	18,778000E+0	289,643000E+3	12,000000E+0
523	550,000000E+0	21,520000E+0	18,549000E+0	289,749000E+3	12,000000E+0
524	541,000000E+0	16,140000E+0	18,549000E+0	289,852000E+3	12,000000E+0
525	549,000000E+0	18,830000E+0	18,549000E+0	289,955000E+3	12,000000E+0
526	546,000000E+0	18,830000E+0	18,320000E+0	290,057000E+3	12,000000E+0
527	534,000000E+0	18,830000E+0	18,549000E+0	290,159000E+3	12,000000E+0
528	545,000000E+0	18,830000E+0	18,549000E+0	290,262000E+3	12,000000E+0
529	542,000000E+0	18,830000E+0	18,549000E+0	290,365000E+3	12,000000E+0
530	539,000000E+0	16,140000E+0	18,778000E+0	290,468000E+3	12,000000E+0
531	542,000000E+0	18,830000E+0	18,778000E+0	290,572000E+3	12,000000E+0
532	540,000000E+0	21,520000E+0	18,778000E+0	290,674000E+3	12,000000E+0
533	545,000000E+0	13,450000E+0	18,778000E+0	290,777000E+3	12,000000E+0
534	545,000000E+0	16,140000E+0	18,778000E+0	290,877000E+3	12,000000E+0
535	534,000000E+0	18,830000E+0	18,778000E+0	290,979000E+3	12,000000E+0
536	536,000000E+0	13,450000E+0	18,549000E+0	291,081000E+3	12,000000E+0
537	540,000000E+0	16,140000E+0	18,549000E+0	291,183000E+3	12,000000E+0
538	547,000000E+0	13,450000E+0	18,549000E+0	291,283000E+3	12,000000E+0
539	549,000000E+0	21,520000E+0	18,320000E+0	291,384000E+3	12,000000E+0
540	549,000000E+0	18,830000E+0	18,320000E+0	291,488000E+3	12,000000E+0
541	535,000000E+0	16,140000E+0	18,320000E+0	291,588000E+3	12,000000E+0
542	549,000000E+0	18,830000E+0	18,320000E+0	291,689000E+3	12,000000E+0
543	526,000000E+0	16,140000E+0	18,320000E+0	291,790000E+3	12,000000E+0
544	547,000000E+0	18,830000E+0	18,320000E+0	291,893000E+3	12,000000E+0
545	537,000000E+0	21,520000E+0	18,320000E+0	291,995000E+3	12,000000E+0
546	534,000000E+0	13,450000E+0	18,320000E+0	292,097000E+3	12,000000E+0
547	546,000000E+0	18,830000E+0	18,320000E+0	292,199000E+3	12,000000E+0
548	540,000000E+0	16,140000E+0	18,549000E+0	292,301000E+3	12,000000E+0
549	533,000000E+0	21,520000E+0	18,549000E+0	292,402000E+3	12,000000E+0
550	540,000000E+0	18,830000E+0	18,778000E+0	292,506000E+3	12,000000E+0
551	536,000000E+0	16,140000E+0	19,007000E+0	292,608000E+3	12,000000E+0
552	530,000000E+0	21,520000E+0	19,007000E+0	292,711000E+3	12,000000E+0
553	553,000000E+0	18,830000E+0	19,007000E+0	292,814000E+3	12,000000E+0
554	545,000000E+0	18,830000E+0	19,007000E+0	292,917000E+3	12,000000E+0
555	536,000000E+0	16,140000E+0	19,236000E+0	293,019000E+3	12,000000E+0
556	553,000000E+0	21,520000E+0	19,007000E+0	293,123000E+3	12,000000E+0
557	549,000000E+0	16,140000E+0	19,007000E+0	293,225000E+3	12,000000E+0
558	548,000000E+0	13,450000E+0	18,778000E+0	293,328000E+3	12,000000E+0
559	554,000000E+0	21,520000E+0	18,778000E+0	293,433000E+3	12,000000E+0
560	550,000000E+0	18,830000E+0	18,778000E+0	293,536000E+3	12,000000E+0
561	544,000000E+0	21,520000E+0	18,778000E+0	293,640000E+3	12,000000E+0
562	544,000000E+0	16,140000E+0	18,549000E+0	293,741000E+3	12,000000E+0
563	552,000000E+0	13,450000E+0	18,549000E+0	293,845000E+3	12,000000E+0
564	534,000000E+0	21,520000E+0	18,549000E+0	293,950000E+3	12,000000E+0
565	552,000000E+0	16,140000E+0	18,549000E+0	294,054000E+3	12,000000E+0
566	547,000000E+0	16,140000E+0	18,549000E+0	294,157000E+3	12,000000E+0
567	534,000000E+0	18,830000E+0	18,549000E+0	294,260000E+3	12,000000E+0
568	545,000000E+0	18,830000E+0	18,549000E+0	294,363000E+3	12,000000E+0
569	547,000000E+0	18,830000E+0	18,778000E+0	294,467000E+3	12,000000E+0
570	550,000000E+0	16,140000E+0	18,778000E+0	294,571000E+3	12,000000E+0
571	544,000000E+0	18,830000E+0	18,778000E+0	294,675000E+3	12,000000E+0
572	542,000000E+0	18,830000E+0	19,007000E+0	294,778000E+3	12,000000E+0
573	546,000000E+0	18,830000E+0	19,007000E+0	294,882000E+3	12,000000E+0
574	540,000000E+0	13,450000E+0	19,007000E+0	294,984000E+3	12,000000E+0
575	534,000000E+0	16,140000E+0	19,007000E+0	295,089000E+3	12,000000E+0
576	555,000000E+0	18,830000E+0	19,007000E+0	295,191000E+3	12,000000E+0
577	546,000000E+0	21,520000E+0	18,778000E+0	295,294000E+3	12,000000E+0
578	536,000000E+0	18,830000E+0	18,778000E+0	295,397000E+3	12,000000E+0
579	533,000000E+0	16,140000E+0	18,549000E+0	295,499000E+3	12,000000E+0
580	551,000000E+0	13,450000E+0	18,549000E+0	295,602000E+3	12,000000E+0
581	544,000000E+0	16,140000E+0	18,549000E+0	295,703000E+3	12,000000E+0
582	543,000000E+0	18,830000E+0	18,549000E+0	295,805000E+3	12,000000E+0
583	538,000000E+0	16,140000E+0	18,549000E+0	295,909000E+3	12,000000E+0
584	554,000000E+0	16,140000E+0	18,549000E+0	296,011000E+3	12,000000E+0
585	536,000000E+0	16,140000E+0	18,549000E+0	296,120000E+3	12,000000E+0
586	85,000000E+0	1,447220E+3	1,230637E+6	-2,061894E+9	400,000000E-3
587	539,000000E+0	16,140000E+0	18,778000E+0	296,321000E+3	12,000000E+0
588	536,000000E+0	18,830000E+0	18,778000E+0	296,424000E+3	12,000000E+0
589	536,000000E+0	18,830000E+0	18,778000E+0	296,528000E+3	12,000000E+0
590	560,000000E+0	16,140000E+0	19,007000E+0	296,632000E+3	12,000000E+0
591	546,000000E+0	16,140000E+0	19,236000E+0	296,735000E+3	12,000000E+0
592	546,000000E+0	18,830000E+0	19,236000E+0	296,841000E+3	12,000000E+0
593	552,000000E+0	13,450000E+0	19,236000E+0	296,945000E+3	12,000000E+0
594	564,000000E+0	18,830000E+0	19,236000E+0	297,049000E+3	12,000000E+0
595	547,000000E+0	16,140000E+0	19,465000E+0	297,154000E+3	12,000000E+0
596	564,000000E+0	16,140000E+0	19,465000E+0	297,259000E+3	12,000000E+0
597	549,000000E+0	21,520000E+0	19,236000E+0	297,362000E+3	12,000000E+0
598	543,000000E+0	21,520000E+0	19,236000E+0	297,467000E+3	12,000000E+0
599	555,000000E+0	16,140000E+0	19,007000E+0	297,574000E+3	12,000000E+0
600	562,000000E+0	13,450000E+0	19,007000E+0	297,678000E+3	12,000000E+0
601	558,000000E+0	18,830000E+0	18,778000E+0	297,783000E+3	12,000000E+0
602	548,000000E+0	16,140000E+0	18,778000E+0	297,887000E+3	12,000000E+0
603	561,000000E+0	18,830000E+0	18,778000E+0	297,992000E+3	12,000000E+0
604	560,000000E+0	18,830000E+0	18,778000E+0	298,096000E+3	12,000000E+0
605	548,000000E+0	18,830000E+0	18,778000E+0	298,205000E+3	12,000000E+0
606	558,000000E+0	21,520000E+0	18,778000E+0	298,308000E+3	12,000000E+0
607	553,000000E+0	18,830000E+0	19,007000E+0	298,413000E+3	12,000000E+0
608	546,000000E+0	16,140000E+0	18,778000E+0	298,517000E+3	12,000000E+0
609	548,000000E+0	13,450000E+0	19,007000E+0	298,622000E+3	12,000000E+0
610	554,000000E+0	21,520000E+0	19,007000E+0	298,726000E+3	12,000000E+0
611	555,000000E+0	16,140000E+0	19,007000E+0	298,830000E+3	12,000000E+0
612	548,000000E+0	16,140000E+0	19,236000E+0	298,935000E+3	12,000000E+0
613	560,000000E+0	13,450000E+0	19,236000E+0	299,039000E+3	12,000000E+0
614	558,000000E+0	13,450000E+0	19,236000E+0	299,141000E+3	12,000000E+0
615	539,000000E+0	18,830000E+0	19,007000E+0	299,246000E+3	12,000000E+0
616	539,000000E+0	21,520000E+0	19,007000E+0	299,351000E+3	12,000000E+0
617	551,000000E+0	16,140000E+0	19,007000E+0	299,453000E+3	12,000000E+0
618	542,000000E+0	18,830000E+0	18,778000E+0	299,557000E+3	12,000000E+0
619	546,000000E+0	18,830000E+0	18,778000E+0	299,660000E+3	12,000000E+0
620	536,000000E+0	16,140000E+0	18,549000E+0	299,761000E+3	12,000000E+0
621	537,000000E+0	21,520000E+0	18,549000E+0	299,865000E+3	12,000000E+0
622	549,000000E+0	18,830000E+0	18,549000E+0	299,968000E+3	12,000000E+0
623	557,000000E+0	18,830000E+0	18,549000E+0	300,072000E+3	12,000000E+0
624	542,000000E+0	18,830000E+0	18,549000E+0	300,175000E+3	12,000000E+0
625	545,000000E+0	18,830000E+0	18,778000E+0	300,279000E+3	12,000000E+0
626	545,000000E+0	13,450000E+0	18,778000E+0	300,382000E+3	12,000000E+0
627	551,000000E+0	13,450000E+0	18,778000E+0	300,487000E+3	12,000000E+0
628	541,000000E+0	16,140000E+0	19,007000E+0	300,589000E+3	12,000000E+0
629	548,000000E+0	16,140000E+0	19,007000E+0	300,694000E+3	12,000000E+0
630	551,000000E+0	16,140000E+0	19,236000E+0	300,797000E+3	12,000000E+0
631	550,000000E+0	16,140000E+0	19,236000E+0	300,901000E+3	12,000000E+0
632	561,000000E+0	16,140000E+0	19,236000E+0	301,008000E+3	12,000000E+0
633	551,000000E+0	21,520000E+0	19,465000E+0	301,111000E+3	12,000000E+0
634	547,000000E+0	16,140000E+0	19,465000E+0	301,215000E+3	12,000000E+0
635	558,000000E+0	21,520000E+0	19,236000E+0	301,320000E+3	12,000000E+0
636	559,000000E+0	16,140000E+0	19,465000E+0	301,424000E+3	12,000000E+0
637	549,000000E+0	16,140000E+0	19,236000E+0	301,529000E+3	12,000000E+0
638	546,000000E+0	13,450000E+0	19,236000E+0	301,635000E+3	12,000000E+0
639	554,000000E+0	18,830000E+0	19,007000E+0	301,740000E+3	12,000000E+0
640	544,000000E+0	16,140000E+0	19,007000E+0	301,844000E+3	12,000000E+0
641	555,000000E+0	18,830000E+0	18,778000E+0	301,947000E+3	12,000000E+0
642	557,000000E+0	16,140000E+0	18,778000E+0	302,052000E+3	12,000000E+0
643	554,000000E+0	13,450000E+0	18,778000E+0	302,159000E+3	12,000000E+0
644	545,000000E+0	18,830000E+0	18,778000E+0	302,263000E+3	12,000000E+0
645	557,000000E+0	18,830000E+0	18,778000E+0	302,367000E+3	12,000000E+0
646	556,000000E+0	18,830000E+0	19,007000E+0	302,471000E+3	12,000000E+0
647	560,000000E+0	13,450000E+0	19,007000E+0	302,578000E+3	12,000000E+0
648	551,000000E+0	16,140000E+0	19,007000E+0	302,683000E+3	12,000000E+0
649	547,000000E+0	16,140000E+0	19,007000E+0	302,789000E+3	12,000000E+0
650	542,000000E+0	16,140000E+0	19,007000E+0	302,889000E+3	12,000000E+0
651	556,000000E+0	16,140000E+0	19,236000E+0	302,995000E+3	12,000000E+0
652	542,000000E+0	18,830000E+0	19,236000E+0	303,100000E+3	12,000000E+0
653	556,000000E+0	16,140000E+0	19,236000E+0	303,201000E+3	12,000000E+0
654	550,000000E+0	13,450000E+0	19,007000E+0	303,307000E+3	12,000000E+0
655	549,000000E+0	13,450000E+0	19,007000E+0	303,410000E+3	12,000000E+0
656	557,000000E+0	16,140000E+0	19,007000E+0	303,513000E+3	12,000000E+0
657	555,000000E+0	18,830000E+0	18,778000E+0	303,617000E+3	12,000000E+0
658	557,000000E+0	18,830000E+0	18,778000E+0	303,721000E+3	12,000000E+0
659	536,000000E+0	16,140000E+0	18,778000E+0	303,824000E+3	12,000000E+0
660	548,000000E+0	21,520000E+0	18,549000E+0	303,927000E+3	12,000000E+0
661	545,000000E+0	21,520000E+0	18,549000E+0	304,029000E+3	12,000000E+0
662	550,000000E+0	18,830000E+0	18,549000E+0	304,132000E+3	12,000000E+0
663	553,000000E+0	21,520000E+0	18,549000E+0	304,236000E+3	12,000000E+0
664	538,000000E+0	16,140000E+0	18,778000E+0	304,340000E+3	12,000000E+0
665	564,000000E+0	16,140000E+0	18,778000E+0	304,445000E+3	12,000000E+0
666	549,000000E+0	16,140000E+0	18,778000E+0	304,550000E+3	12,000000E+0
667	551,000000E+0	18,830000E+0	19,007000E+0	304,655000E+3	12,000000E+0
668	552,000000E+0	13,450000E+0	19,236000E+0	304,759000E+3	12,000000E+0
669	555,000000E+0	18,830000E+0	19,236000E+0	304,863000E+3	12,000000E+0
670	550,000000E+0	18,830000E+0	19,465000E+0	304,970000E+3	12,000000E+0
671	557,000000E+0	18,830000E+0	19,236000E+0	305,073000E+3	12,000000E+0
672	545,000000E+0	16,140000E+0	19,465000E+0	305,180000E+3	12,000000E+0
673	547,000000E+0	16,140000E+0	19,465000E+0	305,283000E+3	12,000000E+0
674	566,000000E+0	16,140000E+0	19,465000E+0	305,389000E+3	12,000000E+0
675	563,000000E+0	16,140000E+0	19,465000E+0	305,493000E+3	12,000000E+0
676	558,000000E+0	18,830000E+0	19,236000E+0	305,598000E+3	12,000000E+0
677	562,000000E+0	18,830000E+0	19,236000E+0	305,704000E+3	12,000000E+0
678	548,000000E+0	18,830000E+0	19,236000E+0	305,812000E+3	12,000000E+0
679	543,000000E+0	21,520000E+0	19,236000E+0	305,917000E+3	12,000000E+0
680	547,000000E+0	16,140000E+0	19,007000E+0	306,020000E+3	12,000000E+0
681	549,000000E+0	18,830000E+0	18,778000E+0	306,123000E+3	12,000000E+0
682	550,000000E+0	16,140000E+0	18,778000E+0	306,231000E+3	12,000000E+0
683	561,000000E+0	13,450000E+0	19,007000E+0	306,336000E+3	12,000000E+0
684	564,000000E+0	16,140000E+0	19,007000E+0	306,441000E+3	12,000000E+0
685	561,000000E+0	16,140000E+0	19,007000E+0	306,546000E+3	12,000000E+0
686	560,000000E+0	16,140000E+0	19,007000E+0	306,652000E+3	12,000000E+0
687	548,000000E+0	13,450000E+0	19,236000E+0	306,757000E+3	12,000000E+0
688	548,000000E+0	16,140000E+0	19,236000E+0	306,864000E+3	12,000000E+0
689	559,000000E+0	16,140000E+0	19,236000E+0	306,969000E+3	12,000000E+0
690	557,000000E+0	13,450000E+0	19,236000E+0	307,074000E+3	12,000000E+0
691	545,000000E+0	16,140000E+0	19,236000E+0	307,179000E+3	12,000000E+0
692	570,000000E+0	18,830000E+0	19,236000E+0	307,282000E+3	12,000000E+0
693	564,000000E+0	21,520000E+0	19,236000E+0	307,388000E+3	12,000000E+0
694	549,000000E+0	13,450000E+0	19,236000E+0	307,493000E+3	12,000000E+0
695	545,000000E+0	16,140000E+0	19,236000E+0	307,597000E+3	12,000000E+0
696	551,000000E+0	13,450000E+0	19,007000E+0	307,701000E+3	12,000000E+0
697	561,000000E+0	16,140000E+0	19,007000E+0	307,805000E+3	12,000000E+0
698	541,000000E+0	16,140000E+0	19,007000E+0	307,911000E+3	12,000000E+0
699	547,000000E+0	18,830000E+0	18,778000E+0	308,015000E+3	12,000000E+0
700	558,000000E+0	16,140000E+0	18,778000E+0	308,119000E+3	12,000000E+0
701	560,000000E+0	16,140000E+0	18,778000E+0	308,222000E+3	12,000000E+0
702	542,000000E+0	21,520000E+0	18,778000E+0	308,327000E+3	12,000000E+0
703	545,000000E+0	16,140000E+0	18,778000E+0	308,431000E+3	12,000000E+0
704	554,000000E+0	18,830000E+0	18,778000E+0	308,536000E+3	12,000000E+0
705	556,000000E+0	18,830000E+0	18,778000E+0	308,641000E+3	12,000000E+0
706	545,000000E+0	16,140000E+0	19,007000E+0	308,746000E+3	12,000000E+0
707	549,000000E+0	13,450000E+0	19,236000E+0	308,850000E+3	12,000000E+0
708	542,000000E+0	16,140000E+0	19,236000E+0	308,955000E+3	12,000000E+0
709	550,000000E+0	13,450000E+0	19,465000E+0	309,061000E+3	12,000000E+0
710	556,000000E+0	21,520000E+0	19,465000E+0	309,166000E+3	12,000000E+0
711	561,000000E+0	18,830000E+0	19,465000E+0	309,272000E+3	12,000000E+0
712	548,000000E+0	16,140000E+0	19,465000E+0	309,377000E+3	12,000000E+0
713	556,000000E+0	13,450000E+0	19,465000E+0	309,482000E+3	12,000000E+0
714	563,000000E+0	16,140000E+0	19,465000E+0	309,586000E+3	12,000000E+0
715	557,000000E+0	16,140000E+0	19,236000E+0	309,691000E+3	12,000000E+0
716	547,000000E+0	16,140000E+0	19,236000E+0	309,797000E+3	12,000000E+0
717	565,000000E+0	18,830000E+0	19,236000E+0	309,904000E+3	12,000000E+0
718	550,000000E+0	16,140000E+0	19,236000E+0	310,011000E+3	12,000000E+0
719	555,000000E+0	21,520000E+0	19,007000E+0	310,115000E+3	12,000000E+0
720	553,000000E+0	13,450000E+0	19,007000E+0	310,219000E+3	12,000000E+0
721	554,000000E+0	18,830000E+0	19,007000E+0	310,326000E+3	12,000000E+0
722	551,000000E+0	16,140000E+0	19,007000E+0	310,432000E+3	12,000000E+0
723	558,000000E+0	18,830000E+0	18,778000E+0	310,537000E+3	12,000000E+0
724	560,000000E+0	18,830000E+0	19,007000E+0	310,642000E+3	12,000000E+0
725	559,000000E+0	16,140000E+0	19,007000E+0	310,748000E+3	12,000000E+0
726	564,000000E+0	18,830000E+0	19,007000E+0	310,853000E+3	12,000000E+0
727	557,000000E+0	13,450000E+0	19,236000E+0	310,961000E+3	12,000000E+0
728	554,000000E+0	16,140000E+0	19,236000E+0	311,067000E+3	12,000000E+0
729	557,000000E+0	13,450000E+0	19,465000E+0	311,172000E+3	12,000000E+0
730	566,000000E+0	18,830000E+0	19,465000E+0	311,278000E+3	12,000000E+0
731	548,000000E+0	18,830000E+0	19,236000E+0	311,382000E+3	12,000000E+0
732	564,000000E+0	18,830000E+0	19,236000E+0	311,488000E+3	12,000000E+0
733	551,000000E+0	18,830000E+0	19,236000E+0	311,593000E+3	12,000000E+0
734	564,000000E+0	21,520000E+0	19,236000E+0	311,697000E+3	12,000000E+0
735	549,000000E+0	16,140000E+0	19,007000E+0	311,802000E+3	12,000000E+0
736	554,000000E+0	16,140000E+0	19,007000E+0	311,907000E+3	12,000000E+0
737	552,000000E+0	21,520000E+0	19,007000E+0	312,011000E+3	12,000000E+0
738	555,000000E+0	13,450000E+0	19,007000E+0	312,116000E+3	12,000000E+0
739	565,000000E+0	13,450000E+0	19,007000E+0	312,220000E+3	12,000000E+0
740	551,000000E+0	18,830000E+0	19,007000E+0	312,325000E+3	12,000000E+0
741	557,000000E+0	13,450000E+0	19,007000E+0	312,431000E+3	12,000000E+0
742	543,000000E+0	18,830000E+0	18,778000E+0	312,534000E+3	12,000000E+0
743	547,000000E+0	21,520000E+0	19,007000E+0	312,639000E+3	12,000000E+0
744	542,000000E+0	18,830000E+0	19,007000E+0	312,745000E+3	12,000000E+0
745	559,000000E+0	18,830000E+0	19,007000E+0	312,850000E+3	12,000000E+0
746	562,000000E+0	18,830000E+0	19,236000E+0	312,954000E+3	12,000000E+0
747	550,000000E+0	21,520000E+0	19,465000E+0	313,060000E+3	12,000000E+0
748	556,000000E+0	21,520000E+0	19,465000E+0	313,167000E+3	12,000000E+0
749	559,000000E+0	18,830000E+0	19,694000E+0	313,299000E+3	12,000000E+0
750	9,984000E+3	5,514500E+3	5,041664E+3	80,231680E+6	3,072000E+3
751	10,752000E+3	4,137220E+3	5,041664E+3	80,258816E+6	3,072000E+3
752	13,312000E+3	5,514500E+3	5,041664E+3	80,285952E+6	3,072000E+3
753	551,000000E+0	16,140000E+0	19,694000E+0	313,722000E+3	12,000000E+0
754	567,000000E+0	16,140000E+0	19,465000E+0	313,828000E+3	12,000000E+0
755	556,000000E+0	16,140000E+0	19,465000E+0	313,935000E+3	12,000000E+0
756	10,752000E+3	4,825860E+3	4,924416E+3	80,394752E+6	3,072000E+3
757	563,000000E+0	13,450000E+0	19,236000E+0	314,149000E+3	12,000000E+0
758	574,000000E+0	16,140000E+0	19,236000E+0	314,255000E+3	12,000000E+0
759	559,000000E+0	18,830000E+0	19,236000E+0	314,366000E+3	12,000000E+0
760	570,000000E+0	21,520000E+0	19,465000E+0	314,498000E+3	12,000000E+0
761	562,000000E+0	18,830000E+0	19,007000E+0	314,632000E+3	12,000000E+0
762	564,000000E+0	13,450000E+0	19,236000E+0	314,739000E+3	12,000000E+0
763	553,000000E+0	18,830000E+0	19,236000E+0	314,844000E+3	12,000000E+0
764	576,000000E+0	18,830000E+0	19,465000E+0	314,952000E+3	12,000000E+0
765	563,000000E+0	21,520000E+0	19,465000E+0	315,059000E+3	12,000000E+0
766	570,000000E+0	13,450000E+0	19,465000E+0	315,167000E+3	12,000000E+0
767	569,000000E+0	18,830000E+0	19,465000E+0	315,273000E+3	12,000000E+0
768	559,000000E+0	21,520000E+0	19,694000E+0	315,381000E+3	12,000000E+0
769	558,000000E+0	16,140000E+0	19,465000E+0	315,485000E+3	12,000000E+0
770	556,000000E+0	21,520000E+0	19,465000E+0	315,592000E+3	12,000000E+0
771	566,000000E+0	18,830000E+0	19,236000E+0	315,697000E+3	12,000000E+0
772	562,000000E+0	13,450000E+0	19,236000E+0	315,802000E+3	12,000000E+0
773	565,000000E+0	13,450000E+0	19,236000E+0	315,907000E+3	12,000000E+0
774	561,000000E+0	18,830000E+0	19,236000E+0	316,015000E+3	12,000000E+0
775	557,000000E+0	18,830000E+0	19,236000E+0	316,120000E+3	12,000000E+0
776	552,000000E+0	16,140000E+0	19,007000E+0	316,225000E+3	12,000000E+0
777	555,000000E+0	16,140000E+0	19,007000E+0	316,330000E+3	12,000000E+0
778	547,000000E+0	18,830000E+0	19,007000E+0	316,436000E+3	12,000000E+0
779	570,000000E+0	16,140000E+0	19,007000E+0	316,543000E+3	12,000000E+0
780	558,000000E+0	18,830000E+0	19,007000E+0	316,649000E+3	12,000000E+0
781	548,000000E+0	18,830000E+0	19,007000E+0	316,754000E+3	12,000000E+0
782	557,000000E+0	21,520000E+0	19,236000E+0	316,860000E+3	12,000000E+0
783	556,000000E+0	18,830000E+0	19,465000E+0	316,966000E+3	12,000000E+0
784	563,000000E+0	21,520000E+0	19,465000E+0	317,073000E+3	12,000000E+0
785	557,000000E+0	18,830000E+0	19,465000E+0	317,179000E+3	12,000000E+0
786	558,000000E+0	16,140000E+0	19,694000E+0	317,313000E+3	12,000000E+0
787	557,000000E+0	16,140000E+0	19,694000E+0	317,420000E+3	12,000000E+0
788	568,000000E+0	13,450000E+0	19,923000E+0	317,526000E+3	12,000000E+0
789	570,000000E+0	16,140000E+0	19,694000E+0	317,635000E+3	12,000000E+0
790	551,000000E+0	18,830000E+0	19,694000E+0	317,743000E+3	12,000000E+0
791	568,000000E+0	13,450000E+0	19,694000E+0	317,848000E+3	12,000000E+0
792	558,000000E+0	16,140000E+0	19,465000E+0	317,953000E+3	12,000000E+0
793	565,000000E+0	18,830000E+0	19,465000E+0	318,062000E+3	12,000000E+0
794	562,000000E+0	16,140000E+0	19,236000E+0	318,168000E+3	12,000000E+0
795	561,000000E+0	16,140000E+0	19,236000E+0	318,275000E+3	12,000000E+0
796	570,000000E+0	18,830000E+0	19,236000E+0	318,382000E+3	12,000000E+0
797	569,000000E+0	16,140000E+0	19,236000E+0	318,489000E+3	12,000000E+0
798	567,000000E+0	18,830000E+0	19,465000E+0	318,598000E+3	12,000000E+0
799	559,000000E+0	18,830000E+0	19,465000E+0	318,706000E+3	12,000000E+0
800	573,000000E+0	16,140000E+0	19,236000E+0	318,813000E+3	12,000000E+0
801	566,000000E+0	13,450000E+0	19,465000E+0	318,920000E+3	12,000000E+0
802	557,000000E+0	16,140000E+0	19,465000E+0	319,027000E+3	12,000000E+0
803	568,000000E+0	18,830000E+0	19,465000E+0	319,136000E+3	12,000000E+0
804	572,000000E+0	18,830000E+0	19,694000E+0	319,243000E+3	12,000000E+0
805	580,000000E+0	16,140000E+0	19,694000E+0	319,350000E+3	12,000000E+0
806	562,000000E+0	16,140000E+0	19,694000E+0	319,457000E+3	12,000000E+0
807	574,000000E+0	18,830000E+0	19,694000E+0	319,563000E+3	12,000000E+0
808	554,000000E+0	16,140000E+0	19,694000E+0	319,672000E+3	12,000000E+0
809	566,000000E+0	18,830000E+0	19,694000E+0	319,779000E+3	12,000000E+0
810	565,000000E+0	16,140000E+0	19,465000E+0	319,884000E+3	12,000000E+0
811	564,000000E+0	16,140000E+0	19,465000E+0	319,990000E+3	12,000000E+0
812	554,000000E+0	16,140000E+0	19,236000E+0	320,097000E+3	12,000000E+0
813	566,000000E+0	18,830000E+0	19,236000E+0	320,202000E+3	12,000000E+0
814	556,000000E+0	21,520000E+0	19,236000E+0	320,309000E+3	12,000000E+0
815	555,000000E+0	18,830000E+0	19,236000E+0	320,415000E+3	12,000000E+0
816	579,000000E+0	16,140000E+0	19,236000E+0	320,522000E+3	12,000000E+0
817	554,000000E+0	21,520000E+0	19,236000E+0	320,630000E+3	12,000000E+0
818	564,000000E+0	21,520000E+0	19,465000E+0	320,738000E+3	12,000000E+0
819	560,000000E+0	21,520000E+0	19,465000E+0	320,845000E+3	12,000000E+0
820	567,000000E+0	16,140000E+0	19,465000E+0	320,952000E+3	12,000000E+0
821	568,000000E+0	13,450000E+0	19,465000E+0	321,058000E+3	12,000000E+0
822	575,000000E+0	16,140000E+0	19,694000E+0	321,166000E+3	12,000000E+0
823	562,000000E+0	18,830000E+0	19,694000E+0	321,274000E+3	12,000000E+0
824	570,000000E+0	16,140000E+0	19,694000E+0	321,382000E+3	12,000000E+0
825	557,000000E+0	16,140000E+0	19,694000E+0	321,488000E+3	12,000000E+0
826	574,000000E+0	16,140000E+0	19,923000E+0	321,596000E+3	12,000000E+0
827	557,000000E+0	18,830000E+0	19,923000E+0	321,702000E+3	12,000000E+0
828	575,000000E+0	13,450000E+0	19,923000E+0	321,811000E+3	12,000000E+0
829	560,000000E+0	18,830000E+0	19,923000E+0	321,918000E+3	12,000000E+0
830	570,000000E+0	16,140000E+0	19,694000E+0	322,025000E+3	12,000000E+0
831	559,000000E+0	13,450000E+0	19,694000E+0	322,134000E+3	12,000000E+0
832	559,000000E+0	13,450000E+0	19,465000E+0	322,241000E+3	12,000000E+0
833	561,000000E+0	13,450000E+0	19,465000E+0	322,373000E+3	12,000000E+0
834	575,000000E+0	18,830000E+0	19,236000E+0	322,483000E+3	12,000000E+0
835	580,000000E+0	18,830000E+0	19,236000E+0	322,617000E+3	12,000000E+0
836	576,000000E+0	18,830000E+0	19,465000E+0	322,753000E+3	12,000000E+0
837	561,000000E+0	18,830000E+0	19,465000E+0	322,860000E+3	12,000000E+0
838	562,000000E+0	16,140000E+0	19,465000E+0	322,996000E+3	12,000000E+0
839	573,000000E+0	16,140000E+0	19,465000E+0	323,103000E+3	12,000000E+0
840	553,000000E+0	18,830000E+0	19,465000E+0	323,211000E+3	12,000000E+0
841	563,000000E+0	16,140000E+0	19,694000E+0	323,319000E+3	12,000000E+0
842	578,000000E+0	13,450000E+0	19,694000E+0	323,426000E+3	12,000000E+0
843	569,000000E+0	16,140000E+0	19,694000E+0	323,535000E+3	12,000000E+0
844	569,000000E+0	18,830000E+0	19,694000E+0	323,640000E+3	12,000000E+0
845	574,000000E+0	13,450000E+0	19,694000E+0	323,747000E+3	12,000000E+0
846	558,000000E+0	18,830000E+0	19,694000E+0	323,865000E+3	12,000000E+0
847	560,000000E+0	18,830000E+0	19,694000E+0	323,988000E+3	12,000000E+0
848	575,000000E+0	16,140000E+0	19,465000E+0	324,122000E+3	12,000000E+0
849	557,000000E+0	16,140000E+0	19,236000E+0	324,256000E+3	12,000000E+0
850	564,000000E+0	13,450000E+0	19,236000E+0	324,361000E+3	12,000000E+0
851	565,000000E+0	13,450000E+0	19,236000E+0	324,467000E+3	12,000000E+0
852	554,000000E+0	21,520000E+0	19,236000E+0	324,574000E+3	12,000000E+0
853	560,000000E+0	16,140000E+0	19,236000E+0	324,681000E+3	12,000000E+0
854	553,000000E+0	21,520000E+0	19,236000E+0	324,787000E+3	12,000000E+0
855	556,000000E+0	21,520000E+0	19,236000E+0	324,895000E+3	12,000000E+0
856	559,000000E+0	16,140000E+0	19,236000E+0	325,002000E+3	12,000000E+0
857	556,000000E+0	16,140000E+0	19,465000E+0	325,109000E+3	12,000000E+0
858	570,000000E+0	16,140000E+0	19,465000E+0	325,215000E+3	12,000000E+0
859	572,000000E+0	18,830000E+0	19,465000E+0	325,323000E+3	12,000000E+0
860	565,000000E+0	18,830000E+0	19,923000E+0	325,429000E+3	12,000000E+0
861	565,000000E+0	18,830000E+0	19,923000E+0	325,537000E+3	12,000000E+0
862	562,000000E+0	13,450000E+0	19,923000E+0	325,646000E+3	12,000000E+0
863	571,000000E+0	18,830000E+0	19,923000E+0	325,752000E+3	12,000000E+0
864	558,000000E+0	16,140000E+0	19,923000E+0	325,859000E+3	12,000000E+0
865	576,000000E+0	18,830000E+0	19,923000E+0	325,968000E+3	12,000000E+0
866	559,000000E+0	18,830000E+0	19,923000E+0	326,074000E+3	12,000000E+0
867	574,000000E+0	18,830000E+0	19,694000E+0	326,183000E+3	12,000000E+0
868	579,000000E+0	18,830000E+0	19,694000E+0	326,292000E+3	12,000000E+0
869	577,000000E+0	21,520000E+0	19,465000E+0	326,400000E+3	12,000000E+0
870	557,000000E+0	16,140000E+0	19,465000E+0	326,506000E+3	12,000000E+0
871	571,000000E+0	13,450000E+0	19,465000E+0	326,615000E+3	12,000000E+0
872	572,000000E+0	18,830000E+0	19,236000E+0	326,722000E+3	12,000000E+0
873	570,000000E+0	21,520000E+0	19,465000E+0	326,830000E+3	12,000000E+0
874	558,000000E+0	16,140000E+0	19,465000E+0	326,936000E+3	12,000000E+0
875	575,000000E+0	18,830000E+0	19,465000E+0	327,045000E+3	12,000000E+0
876	578,000000E+0	16,140000E+0	19,465000E+0	327,155000E+3	12,000000E+0
877	562,000000E+0	16,140000E+0	19,465000E+0	327,263000E+3	12,000000E+0
878	579,000000E+0	18,830000E+0	19,694000E+0	327,370000E+3	12,000000E+0
879	577,000000E+0	16,140000E+0	19,694000E+0	327,477000E+3	12,000000E+0
880	554,000000E+0	13,450000E+0	19,694000E+0	327,588000E+3	12,000000E+0
881	566,000000E+0	16,140000E+0	19,923000E+0	327,694000E+3	12,000000E+0
882	574,000000E+0	18,830000E+0	19,694000E+0	327,799000E+3	12,000000E+0
883	571,000000E+0	16,140000E+0	19,694000E+0	327,907000E+3	12,000000E+0
884	569,000000E+0	16,140000E+0	19,465000E+0	328,014000E+3	12,000000E+0
885	558,000000E+0	16,140000E+0	19,465000E+0	328,119000E+3	12,000000E+0
886	568,000000E+0	13,450000E+0	19,236000E+0	328,226000E+3	12,000000E+0
887	559,000000E+0	16,140000E+0	19,236000E+0	328,333000E+3	12,000000E+0
888	557,000000E+0	16,140000E+0	19,236000E+0	328,438000E+3	12,000000E+0
889	568,000000E+0	16,140000E+0	19,007000E+0	328,543000E+3	12,000000E+0
890	555,000000E+0	21,520000E+0	19,007000E+0	328,650000E+3	12,000000E+0
891	566,000000E+0	18,830000E+0	19,007000E+0	328,756000E+3	12,000000E+0
892	565,000000E+0	13,450000E+0	19,236000E+0	328,862000E+3	12,000000E+0
893	556,000000E+0	18,830000E+0	19,236000E+0	328,970000E+3	12,000000E+0
894	559,000000E+0	21,520000E+0	19,236000E+0	329,076000E+3	12,000000E+0
895	559,000000E+0	16,140000E+0	19,465000E+0	329,183000E+3	12,000000E+0
896	558,000000E+0	21,520000E+0	19,465000E+0	329,290000E+3	12,000000E+0
897	572,000000E+0	18,830000E+0	19,694000E+0	329,398000E+3	12,000000E+0
898	577,000000E+0	16,140000E+0	19,694000E+0	329,503000E+3	12,000000E+0
899	557,000000E+0	18,830000E+0	19,923000E+0	329,613000E+3	12,000000E+0
900	570,000000E+0	16,140000E+0	19,923000E+0	329,719000E+3	12,000000E+0
901	566,000000E+0	21,520000E+0	19,923000E+0	329,827000E+3	12,000000E+0
902	577,000000E+0	16,140000E+0	19,923000E+0	329,935000E+3	12,000000E+0
903	587,000000E+0	16,140000E+0	19,923000E+0	330,043000E+3	12,000000E+0
904	561,000000E+0	18,830000E+0	19,923000E+0	330,150000E+3	12,000000E+0
905	561,000000E+0	21,520000E+0	19,923000E+0	330,258000E+3	12,000000E+0
906	561,000000E+0	16,140000E+0	19,923000E+0	330,370000E+3	12,000000E+0
907	567,000000E+0	16,140000E+0	19,694000E+0	330,480000E+3	12,000000E+0
908	575,000000E+0	18,830000E+0	19,465000E+0	330,587000E+3	12,000000E+0
909	576,000000E+0	16,140000E+0	19,465000E+0	330,693000E+3	12,000000E+0
910	576,000000E+0	21,520000E+0	19,465000E+0	330,804000E+3	12,000000E+0
911	573,000000E+0	16,140000E+0	19,465000E+0	330,912000E+3	12,000000E+0
912	567,000000E+0	16,140000E+0	19,465000E+0	331,021000E+3	12,000000E+0
913	566,000000E+0	21,520000E+0	19,694000E+0	331,129000E+3	12,000000E+0
914	574,000000E+0	18,830000E+0	19,694000E+0	331,239000E+3	12,000000E+0
915	569,000000E+0	21,520000E+0	19,923000E+0	331,349000E+3	12,000000E+0
916	572,000000E+0	16,140000E+0	19,923000E+0	331,459000E+3	12,000000E+0
917	569,000000E+0	16,140000E+0	19,923000E+0	331,566000E+3	12,000000E+0
918	563,000000E+0	18,830000E+0	19,694000E+0	331,674000E+3	12,000000E+0
919	582,000000E+0	13,450000E+0	19,923000E+0	331,783000E+3	12,000000E+0
920	578,000000E+0	18,830000E+0	19,923000E+0	331,889000E+3	12,000000E+0
921	573,000000E+0	18,830000E+0	19,923000E+0	331,998000E+3	12,000000E+0
922	575,000000E+0	16,140000E+0	19,694000E+0	332,106000E+3	12,000000E+0
923	571,000000E+0	21,520000E+0	19,694000E+0	332,211000E+3	12,000000E+0
924	560,000000E+0	16,140000E+0	19,465000E+0	332,319000E+3	12,000000E+0
925	557,000000E+0	16,140000E+0	19,465000E+0	332,427000E+3	12,000000E+0
926	583,000000E+0	18,830000E+0	19,465000E+0	332,534000E+3	12,000000E+0
927	562,000000E+0	13,450000E+0	19,465000E+0	332,641000E+3	12,000000E+0
928	564,000000E+0	16,140000E+0	19,236000E+0	332,748000E+3	12,000000E+0
929	565,000000E+0	16,140000E+0	19,236000E+0	332,856000E+3	12,000000E+0
930	562,000000E+0	16,140000E+0	19,465000E+0	332,963000E+3	12,000000E+0
931	576,000000E+0	18,830000E+0	19,465000E+0	333,070000E+3	12,000000E+0
932	561,000000E+0	16,140000E+0	19,465000E+0	333,178000E+3	12,000000E+0
933	569,000000E+0	13,450000E+0	19,465000E+0	333,285000E+3	12,000000E+0
934	576,000000E+0	18,830000E+0	19,694000E+0	333,393000E+3	12,000000E+0
935	566,000000E+0	16,140000E+0	19,694000E+0	333,502000E+3	12,000000E+0
936	571,000000E+0	13,450000E+0	19,923000E+0	333,609000E+3	12,000000E+0
937	562,000000E+0	13,450000E+0	19,923000E+0	333,718000E+3	12,000000E+0
938	564,000000E+0	13,450000E+0	19,923000E+0	333,826000E+3	12,000000E+0
939	561,000000E+0	18,830000E+0	20,152000E+0	333,933000E+3	12,000000E+0
940	564,000000E+0	18,830000E+0	20,152000E+0	334,042000E+3	12,000000E+0
941	565,000000E+0	13,450000E+0	19,923000E+0	334,151000E+3	12,000000E+0
942	578,000000E+0	13,450000E+0	19,923000E+0	334,257000E+3	12,000000E+0
943	570,000000E+0	21,520000E+0	19,694000E+0	334,365000E+3	12,000000E+0
944	586,000000E+0	18,830000E+0	19,923000E+0	334,476000E+3	12,000000E+0
945	586,000000E+0	13,450000E+0	19,923000E+0	334,586000E+3	12,000000E+0
946	582,000000E+0	16,140000E+0	19,694000E+0	334,693000E+3	12,000000E+0
947	564,000000E+0	18,830000E+0	19,694000E+0	334,803000E+3	12,000000E+0
948	562,000000E+0	21,520000E+0	19,465000E+0	334,913000E+3	12,000000E+0
949	578,000000E+0	16,140000E+0	19,465000E+0	335,022000E+3	12,000000E+0
950	567,000000E+0	16,140000E+0	19,465000E+0	335,129000E+3	12,000000E+0
951	564,000000E+0	18,830000E+0	19,465000E+0	335,238000E+3	12,000000E+0
952	579,000000E+0	16,140000E+0	19,694000E+0	335,348000E+3	12,000000E+0
953	568,000000E+0	18,830000E+0	19,694000E+0	335,457000E+3	12,000000E+0
954	573,000000E+0	16,140000E+0	19,923000E+0	335,566000E+3	12,000000E+0
955	566,000000E+0	18,830000E+0	19,923000E+0	335,674000E+3	12,000000E+0
956	577,000000E+0	13,450000E+0	19,923000E+0	335,783000E+3	12,000000E+0
957	569,000000E+0	16,140000E+0	19,694000E+0	335,891000E+3	12,000000E+0
958	568,000000E+0	16,140000E+0	19,694000E+0	335,996000E+3	12,000000E+0
959	563,000000E+0	21,520000E+0	19,694000E+0	336,105000E+3	12,000000E+0
960	566,000000E+0	16,140000E+0	19,694000E+0	336,212000E+3	12,000000E+0
961	579,000000E+0	16,140000E+0	19,694000E+0	336,318000E+3	12,000000E+0
962	568,000000E+0	21,520000E+0	19,465000E+0	336,425000E+3	12,000000E+0
963	568,000000E+0	13,450000E+0	19,236000E+0	336,533000E+3	12,000000E+0
964	559,000000E+0	18,830000E+0	19,236000E+0	336,639000E+3	12,000000E+0
965	573,000000E+0	21,520000E+0	19,236000E+0	336,746000E+3	12,000000E+0
966	578,000000E+0	18,830000E+0	19,236000E+0	336,855000E+3	12,000000E+0
967	560,000000E+0	16,140000E+0	19,465000E+0	336,963000E+3	12,000000E+0
968	572,000000E+0	16,140000E+0	19,465000E+0	337,070000E+3	12,000000E+0
969	564,000000E+0	13,450000E+0	19,465000E+0	337,178000E+3	12,000000E+0
970	576,000000E+0	13,450000E+0	19,465000E+0	337,285000E+3	12,000000E+0
971	571,000000E+0	18,830000E+0	19,465000E+0	337,393000E+3	12,000000E+0
972	561,000000E+0	16,140000E+0	19,694000E+0	337,501000E+3	12,000000E+0
973	581,000000E+0	13,450000E+0	19,923000E+0	337,610000E+3	12,000000E+0
974	566,000000E+0	18,830000E+0	19,923000E+0	337,718000E+3	12,000000E+0
975	573,000000E+0	13,450000E+0	20,152000E+0	337,827000E+3	12,000000E+0
976	566,000000E+0	13,450000E+0	20,152000E+0	337,937000E+3	12,000000E+0
977	563,000000E+0	16,140000E+0	20,152000E+0	338,045000E+3	12,000000E+0
978	579,000000E+0	18,830000E+0	20,152000E+0	338,155000E+3	12,000000E+0
979	583,000000E+0	16,140000E+0	20,152000E+0	338,262000E+3	12,000000E+0
980	566,000000E+0	16,140000E+0	20,152000E+0	338,370000E+3	12,000000E+0
981	570,000000E+0	21,520000E+0	19,923000E+0	338,480000E+3	12,000000E+0
982	579,000000E+0	18,830000E+0	19,923000E+0	338,590000E+3	12,000000E+0
983	583,000000E+0	18,830000E+0	19,694000E+0	338,699000E+3	12,000000E+0
984	569,000000E+0	18,830000E+0	19,694000E+0	338,807000E+3	12,000000E+0
985	576,000000E+0	16,140000E+0	19,694000E+0	338,918000E+3	12,000000E+0
986	581,000000E+0	13,450000E+0	19,694000E+0	339,029000E+3	12,000000E+0
987	582,000000E+0	18,830000E+0	19,694000E+0	339,139000E+3	12,000000E+0
988	578,000000E+0	18,830000E+0	19,694000E+0	339,247000E+3	12,000000E+0
989	584,000000E+0	16,140000E+0	19,694000E+0	339,355000E+3	12,000000E+0
990	588,000000E+0	13,450000E+0	19,694000E+0	339,466000E+3	12,000000E+0
991	585,000000E+0	16,140000E+0	19,694000E+0	339,574000E+3	12,000000E+0
992	585,000000E+0	16,140000E+0	19,923000E+0	339,683000E+3	12,000000E+0
993	576,000000E+0	16,140000E+0	19,923000E+0	339,793000E+3	12,000000E+0
994	580,000000E+0	16,140000E+0	20,152000E+0	339,902000E+3	12,000000E+0
995	579,000000E+0	13,450000E+0	20,152000E+0	340,010000E+3	12,000000E+0
996	569,000000E+0	18,830000E+0	19,923000E+0	340,118000E+3	12,000000E+0
997	575,000000E+0	13,450000E+0	19,923000E+0	340,228000E+3	12,000000E+0
998	566,000000E+0	18,830000E+0	19,694000E+0	340,335000E+3	12,000000E+0
999	565,000000E+0	16,140000E+0	19,694000E+0	340,444000E+3	12,000000E+0
1000	571,000000E+0	16,140000E+0	19,694000E+0	340,552000E+3	12,000000E+0
1001	580,000000E+0	18,830000E+0	19,694000E+0	340,660000E+3	12,000000E+0
1002	564,000000E+0	18,830000E+0	19,465000E+0	340,766000E+3	12,000000E+0
1003	573,000000E+0	16,140000E+0	19,465000E+0	340,874000E+3	12,000000E+0
1004	568,000000E+0	13,450000E+0	19,465000E+0	340,983000E+3	12,000000E+0
1005	571,000000E+0	16,140000E+0	19,465000E+0	341,091000E+3	12,000000E+0
1006	571,000000E+0	18,830000E+0	19,465000E+0	341,199000E+3	12,000000E+0
1007	560,000000E+0	16,140000E+0	19,465000E+0	341,307000E+3	12,000000E+0
1008	564,000000E+0	21,520000E+0	19,465000E+0	341,415000E+3	12,000000E+0
1009	567,000000E+0	18,830000E+0	19,694000E+0	341,523000E+3	12,000000E+0
1010	568,000000E+0	16,140000E+0	19,694000E+0	341,631000E+3	12,000000E+0
1011	565,000000E+0	21,520000E+0	19,923000E+0	341,741000E+3	12,000000E+0
1012	570,000000E+0	13,450000E+0	19,923000E+0	341,848000E+3	12,000000E+0
1013	560,000000E+0	21,520000E+0	20,152000E+0	341,957000E+3	12,000000E+0
1014	567,000000E+0	16,140000E+0	20,152000E+0	342,065000E+3	12,000000E+0
1015	578,000000E+0	18,830000E+0	20,152000E+0	342,174000E+3	12,000000E+0
1016	575,000000E+0	13,450000E+0	20,152000E+0	342,283000E+3	12,000000E+0
1017	561,000000E+0	18,830000E+0	19,923000E+0	342,390000E+3	12,000000E+0
1018	574,000000E+0	16,140000E+0	19,923000E+0	342,500000E+3	12,000000E+0
1019	575,000000E+0	18,830000E+0	19,923000E+0	342,608000E+3	12,000000E+0
1020	561,000000E+0	18,830000E+0	19,694000E+0	342,717000E+3	12,000000E+0
1021	583,000000E+0	13,450000E+0	19,694000E+0	342,827000E+3	12,000000E+0
1022	564,000000E+0	18,830000E+0	19,694000E+0	342,935000E+3	12,000000E+0
1023	568,000000E+0	18,830000E+0	19,694000E+0	343,046000E+3	12,000000E+0
1024	568,000000E+0	18,830000E+0	19,694000E+0	343,154000E+3	12,000000E+0
1025	585,000000E+0	13,450000E+0	19,694000E+0	343,265000E+3	12,000000E+0
1026	584,000000E+0	16,140000E+0	19,694000E+0	343,374000E+3	12,000000E+0
1027	566,000000E+0	21,520000E+0	19,694000E+0	343,482000E+3	12,000000E+0
1028	565,000000E+0	21,520000E+0	19,694000E+0	343,592000E+3	12,000000E+0
1029	579,000000E+0	16,140000E+0	19,923000E+0	343,701000E+3	12,000000E+0
1030	573,000000E+0	18,830000E+0	19,923000E+0	343,811000E+3	12,000000E+0
1031	573,000000E+0	16,140000E+0	19,923000E+0	343,919000E+3	12,000000E+0
1032	578,000000E+0	18,830000E+0	19,923000E+0	344,027000E+3	12,000000E+0
1033	579,000000E+0	18,830000E+0	19,923000E+0	344,135000E+3	12,000000E+0
1034	583,000000E+0	16,140000E+0	19,923000E+0	344,244000E+3	12,000000E+0
1035	583,000000E+0	18,830000E+0	19,923000E+0	344,353000E+3	12,000000E+0
1036	572,000000E+0	16,140000E+0	19,694000E+0	344,460000E+3	12,000000E+0
1037	565,000000E+0	18,830000E+0	19,694000E+0	344,567000E+3	12,000000E+0
1038	557,000000E+0	16,140000E+0	19,465000E+0	344,675000E+3	12,000000E+0
1039	562,000000E+0	18,830000E+0	19,465000E+0	344,783000E+3	12,000000E+0
1040	563,000000E+0	18,830000E+0	19,465000E+0	344,890000E+3	12,000000E+0
1041	578,000000E+0	13,450000E+0	19,465000E+0	344,998000E+3	12,000000E+0
1042	567,000000E+0	18,830000E+0	19,465000E+0	345,105000E+3	12,000000E+0
1043	560,000000E+0	16,140000E+0	19,465000E+0	345,215000E+3	12,000000E+0
1044	561,000000E+0	16,140000E+0	19,465000E+0	345,323000E+3	12,000000E+0
1045	575,000000E+0	16,140000E+0	19,694000E+0	345,431000E+3	12,000000E+0
1046	568,000000E+0	13,450000E+0	19,694000E+0	345,539000E+3	12,000000E+0
1047	578,000000E+0	18,830000E+0	19,694000E+0	345,647000E+3	12,000000E+0
1048	579,000000E+0	16,140000E+0	19,923000E+0	345,784000E+3	12,000000E+0
1049	578,000000E+0	18,830000E+0	19,923000E+0	345,891000E+3	12,000000E+0
1050	580,000000E+0	18,830000E+0	20,152000E+0	346,001000E+3	12,000000E+0
1051	568,000000E+0	16,140000E+0	20,152000E+0	346,109000E+3	12,000000E+0
1052	569,000000E+0	16,140000E+0	20,152000E+0	346,218000E+3	12,000000E+0
1053	580,000000E+0	18,830000E+0	20,152000E+0	346,327000E+3	12,000000E+0
1054	569,000000E+0	18,830000E+0	20,152000E+0	346,435000E+3	12,000000E+0
1055	584,000000E+0	18,830000E+0	20,152000E+0	346,543000E+3	12,000000E+0
1056	562,000000E+0	18,830000E+0	19,923000E+0	346,651000E+3	12,000000E+0
1057	571,000000E+0	16,140000E+0	19,694000E+0	346,764000E+3	12,000000E+0
1058	563,000000E+0	18,830000E+0	19,694000E+0	346,871000E+3	12,000000E+0
1059	563,000000E+0	21,520000E+0	19,465000E+0	346,978000E+3	12,000000E+0
1060	583,000000E+0	16,140000E+0	19,465000E+0	347,087000E+3	12,000000E+0
1061	582,000000E+0	16,140000E+0	19,694000E+0	347,197000E+3	12,000000E+0
1062	578,000000E+0	18,830000E+0	19,694000E+0	347,308000E+3	12,000000E+0
1063	590,000000E+0	13,450000E+0	19,694000E+0	347,417000E+3	12,000000E+0
1064	585,000000E+0	16,140000E+0	19,694000E+0	347,526000E+3	12,000000E+0
1065	565,000000E+0	21,520000E+0	19,694000E+0	347,637000E+3	12,000000E+0
1066	580,000000E+0	18,830000E+0	19,694000E+0	347,745000E+3	12,000000E+0
1067	589,000000E+0	16,140000E+0	19,694000E+0	347,854000E+3	12,000000E+0
1068	565,000000E+0	16,140000E+0	19,923000E+0	347,962000E+3	12,000000E+0
1069	582,000000E+0	18,830000E+0	19,923000E+0	348,071000E+3	12,000000E+0
1070	565,000000E+0	18,830000E+0	19,923000E+0	348,180000E+3	12,000000E+0
1071	586,000000E+0	16,140000E+0	19,923000E+0	348,287000E+3	12,000000E+0
1072	562,000000E+0	16,140000E+0	19,923000E+0	348,396000E+3	12,000000E+0
1073	577,000000E+0	18,830000E+0	19,923000E+0	348,505000E+3	12,000000E+0
1074	564,000000E+0	13,450000E+0	19,694000E+0	348,610000E+3	12,000000E+0
1075	574,000000E+0	21,520000E+0	19,465000E+0	348,718000E+3	12,000000E+0
1076	558,000000E+0	16,140000E+0	19,465000E+0	348,825000E+3	12,000000E+0
1077	572,000000E+0	18,830000E+0	19,236000E+0	348,933000E+3	12,000000E+0
1078	574,000000E+0	21,520000E+0	19,465000E+0	349,041000E+3	12,000000E+0
1079	578,000000E+0	18,830000E+0	19,236000E+0	349,149000E+3	12,000000E+0
1080	579,000000E+0	18,830000E+0	19,465000E+0	349,255000E+3	12,000000E+0
1081	572,000000E+0	16,140000E+0	19,465000E+0	349,364000E+3	12,000000E+0
1082	559,000000E+0	16,140000E+0	19,465000E+0	349,472000E+3	12,000000E+0
1083	562,000000E+0	13,450000E+0	19,465000E+0	349,582000E+3	12,000000E+0
1084	566,000000E+0	18,830000E+0	19,694000E+0	349,689000E+3	12,000000E+0
1085	575,000000E+0	18,830000E+0	19,694000E+0	349,797000E+3	12,000000E+0
1086	568,000000E+0	16,140000E+0	19,923000E+0	349,905000E+3	12,000000E+0
1087	564,000000E+0	18,830000E+0	19,923000E+0	350,013000E+3	12,000000E+0
1088	567,000000E+0	18,830000E+0	20,152000E+0	350,123000E+3	12,000000E+0
1089	581,000000E+0	16,140000E+0	20,152000E+0	350,232000E+3	12,000000E+0
1090	570,000000E+0	16,140000E+0	20,152000E+0	350,340000E+3	12,000000E+0
1091	572,000000E+0	21,520000E+0	20,152000E+0	350,450000E+3	12,000000E+0
1092	567,000000E+0	21,520000E+0	20,152000E+0	350,558000E+3	12,000000E+0
1093	578,000000E+0	18,830000E+0	20,152000E+0	350,669000E+3	12,000000E+0
1094	586,000000E+0	16,140000E+0	20,152000E+0	350,779000E+3	12,000000E+0
1095	575,000000E+0	13,450000E+0	19,923000E+0	350,891000E+3	12,000000E+0
1096	578,000000E+0	18,830000E+0	19,923000E+0	350,997000E+3	12,000000E+0
1097	571,000000E+0	13,450000E+0	19,694000E+0	351,105000E+3	12,000000E+0
1098	570,000000E+0	18,830000E+0	19,694000E+0	351,217000E+3	12,000000E+0
1099	566,000000E+0	18,830000E+0	19,694000E+0	351,326000E+3	12,000000E+0
1100	577,000000E+0	21,520000E+0	19,694000E+0	351,437000E+3	12,000000E+0
1101	579,000000E+0	16,140000E+0	19,694000E+0	351,547000E+3	12,000000E+0
1102	578,000000E+0	16,140000E+0	19,923000E+0	351,657000E+3	12,000000E+0
1103	586,000000E+0	18,830000E+0	19,923000E+0	351,768000E+3	12,000000E+0
1104	570,000000E+0	18,830000E+0	19,923000E+0	351,877000E+3	12,000000E+0
1105	585,000000E+0	16,140000E+0	19,923000E+0	351,987000E+3	12,000000E+0
1106	575,000000E+0	16,140000E+0	19,923000E+0	352,096000E+3	12,000000E+0
1107	588,000000E+0	16,140000E+0	20,152000E+0	352,207000E+3	12,000000E+0
1108	584,000000E+0	18,830000E+0	20,152000E+0	352,313000E+3	12,000000E+0
1109	581,000000E+0	16,140000E+0	20,152000E+0	352,423000E+3	12,000000E+0
1110	579,000000E+0	18,830000E+0	19,923000E+0	352,532000E+3	12,000000E+0
1111	585,000000E+0	18,830000E+0	19,923000E+0	352,642000E+3	12,000000E+0
1112	583,000000E+0	18,830000E+0	19,694000E+0	352,750000E+3	12,000000E+0
1113	568,000000E+0	18,830000E+0	19,694000E+0	352,857000E+3	12,000000E+0
1114	570,000000E+0	18,830000E+0	19,465000E+0	352,965000E+3	12,000000E+0
1115	566,000000E+0	16,140000E+0	19,465000E+0	353,073000E+3	12,000000E+0
1116	580,000000E+0	16,140000E+0	19,465000E+0	353,181000E+3	12,000000E+0
1117	580,000000E+0	18,830000E+0	19,465000E+0	353,290000E+3	12,000000E+0
1118	564,000000E+0	18,830000E+0	19,694000E+0	353,399000E+3	12,000000E+0
1119	582,000000E+0	13,450000E+0	19,694000E+0	353,509000E+3	12,000000E+0
1120	565,000000E+0	18,830000E+0	19,694000E+0	353,616000E+3	12,000000E+0
1121	572,000000E+0	18,830000E+0	19,694000E+0	353,726000E+3	12,000000E+0
1122	580,000000E+0	16,140000E+0	19,923000E+0	353,834000E+3	12,000000E+0
1123	574,000000E+0	18,830000E+0	19,923000E+0	353,945000E+3	12,000000E+0
1124	572,000000E+0	18,830000E+0	20,152000E+0	354,053000E+3	12,000000E+0
1125	568,000000E+0	18,830000E+0	20,152000E+0	354,163000E+3	12,000000E+0
1126	568,000000E+0	16,140000E+0	20,152000E+0	354,272000E+3	12,000000E+0
1127	566,000000E+0	16,140000E+0	20,152000E+0	354,381000E+3	12,000000E+0
1128	575,000000E+0	16,140000E+0	20,152000E+0	354,490000E+3	12,000000E+0
1129	583,000000E+0	16,140000E+0	20,152000E+0	354,599000E+3	12,000000E+0
1130	588,000000E+0	16,140000E+0	20,152000E+0	354,707000E+3	12,000000E+0
1131	574,000000E+0	21,520000E+0	20,152000E+0	354,816000E+3	12,000000E+0
1132	572,000000E+0	18,830000E+0	20,152000E+0	354,928000E+3	12,000000E+0
1133	580,000000E+0	21,520000E+0	19,923000E+0	355,038000E+3	12,000000E+0
1134	574,000000E+0	21,520000E+0	19,923000E+0	355,148000E+3	12,000000E+0
1135	568,000000E+0	18,830000E+0	19,694000E+0	355,256000E+3	12,000000E+0
1136	587,000000E+0	16,140000E+0	19,694000E+0	355,367000E+3	12,000000E+0
1137	578,000000E+0	21,520000E+0	19,694000E+0	355,477000E+3	12,000000E+0
1138	582,000000E+0	16,140000E+0	19,923000E+0	355,587000E+3	12,000000E+0
1139	576,000000E+0	16,140000E+0	19,923000E+0	355,697000E+3	12,000000E+0
1140	585,000000E+0	21,520000E+0	19,923000E+0	355,809000E+3	12,000000E+0
1141	576,000000E+0	16,140000E+0	20,152000E+0	355,920000E+3	12,000000E+0
1142	589,000000E+0	18,830000E+0	20,152000E+0	356,031000E+3	12,000000E+0
1143	570,000000E+0	18,830000E+0	20,152000E+0	356,141000E+3	12,000000E+0
1144	581,000000E+0	13,450000E+0	20,152000E+0	356,251000E+3	12,000000E+0
1145	583,000000E+0	13,450000E+0	20,152000E+0	356,363000E+3	12,000000E+0
1146	585,000000E+0	18,830000E+0	20,381000E+0	356,471000E+3	12,000000E+0
1147	567,000000E+0	18,830000E+0	20,152000E+0	356,581000E+3	12,000000E+0
1148	568,000000E+0	18,830000E+0	20,152000E+0	356,692000E+3	12,000000E+0
1149	590,000000E+0	21,520000E+0	20,152000E+0	356,800000E+3	12,000000E+0
1150	573,000000E+0	16,140000E+0	19,923000E+0	356,910000E+3	12,000000E+0
1151	576,000000E+0	21,520000E+0	19,923000E+0	357,021000E+3	12,000000E+0
1152	589,000000E+0	18,830000E+0	19,923000E+0	357,130000E+3	12,000000E+0
1153	574,000000E+0	18,830000E+0	19,923000E+0	357,239000E+3	12,000000E+0
1154	564,000000E+0	16,140000E+0	19,694000E+0	357,349000E+3	12,000000E+0
1155	581,000000E+0	16,140000E+0	19,694000E+0	357,460000E+3	12,000000E+0
1156	580,000000E+0	16,140000E+0	19,923000E+0	357,568000E+3	12,000000E+0
1157	586,000000E+0	16,140000E+0	19,923000E+0	357,678000E+3	12,000000E+0
1158	588,000000E+0	21,520000E+0	19,923000E+0	357,789000E+3	12,000000E+0
1159	574,000000E+0	18,830000E+0	19,923000E+0	357,899000E+3	12,000000E+0
1160	572,000000E+0	18,830000E+0	20,152000E+0	358,008000E+3	12,000000E+0
1161	580,000000E+0	16,140000E+0	20,152000E+0	358,118000E+3	12,000000E+0
1162	567,000000E+0	16,140000E+0	20,152000E+0	358,228000E+3	12,000000E+0
1163	578,000000E+0	13,450000E+0	20,381000E+0	358,337000E+3	12,000000E+0
1164	569,000000E+0	21,520000E+0	20,152000E+0	358,447000E+3	12,000000E+0
1165	564,000000E+0	16,140000E+0	20,381000E+0	358,556000E+3	12,000000E+0
1166	575,000000E+0	16,140000E+0	20,152000E+0	358,666000E+3	12,000000E+0
1167	575,000000E+0	13,450000E+0	20,152000E+0	358,772000E+3	12,000000E+0
1168	588,000000E+0	16,140000E+0	20,152000E+0	358,881000E+3	12,000000E+0
1169	575,000000E+0	13,450000E+0	19,923000E+0	358,993000E+3	12,000000E+0
1170	587,000000E+0	16,140000E+0	19,923000E+0	359,104000E+3	12,000000E+0
1171	588,000000E+0	16,140000E+0	19,923000E+0	359,215000E+3	12,000000E+0
1172	580,000000E+0	13,450000E+0	19,923000E+0	359,324000E+3	12,000000E+0
1173	573,000000E+0	13,450000E+0	19,694000E+0	359,435000E+3	12,000000E+0
1174	569,000000E+0	16,140000E+0	19,694000E+0	359,543000E+3	12,000000E+0
1175	585,000000E+0	16,140000E+0	19,923000E+0	359,655000E+3	12,000000E+0
1176	577,000000E+0	18,830000E+0	19,694000E+0	359,764000E+3	12,000000E+0
1177	575,000000E+0	13,450000E+0	19,694000E+0	359,875000E+3	12,000000E+0
1178	579,000000E+0	18,830000E+0	19,923000E+0	359,985000E+3	12,000000E+0
1179	592,000000E+0	18,830000E+0	20,152000E+0	360,096000E+3	12,000000E+0
1180	588,000000E+0	18,830000E+0	20,152000E+0	360,207000E+3	12,000000E+0
1181	595,000000E+0	16,140000E+0	20,381000E+0	360,316000E+3	12,000000E+0
1182	574,000000E+0	18,830000E+0	20,152000E+0	360,427000E+3	12,000000E+0
1183	582,000000E+0	18,830000E+0	20,152000E+0	360,535000E+3	12,000000E+0
1184	586,000000E+0	16,140000E+0	20,152000E+0	360,645000E+3	12,000000E+0
1185	571,000000E+0	16,140000E+0	20,152000E+0	360,754000E+3	12,000000E+0
1186	576,000000E+0	18,830000E+0	20,152000E+0	360,863000E+3	12,000000E+0
1187	581,000000E+0	18,830000E+0	19,923000E+0	360,972000E+3	12,000000E+0
1188	588,000000E+0	16,140000E+0	19,923000E+0	361,082000E+3	12,000000E+0
1189	569,000000E+0	21,520000E+0	19,694000E+0	361,191000E+3	12,000000E+0
1190	567,000000E+0	18,830000E+0	19,694000E+0	361,300000E+3	12,000000E+0
1191	586,000000E+0	21,520000E+0	19,694000E+0	361,411000E+3	12,000000E+0
1192	571,000000E+0	18,830000E+0	19,694000E+0	361,520000E+3	12,000000E+0
1193	587,000000E+0	18,830000E+0	19,923000E+0	361,630000E+3	12,000000E+0
1194	585,000000E+0	16,140000E+0	19,923000E+0	361,741000E+3	12,000000E+0
1195	588,000000E+0	21,520000E+0	19,923000E+0	361,850000E+3	12,000000E+0
1196	575,000000E+0	16,140000E+0	19,923000E+0	361,960000E+3	12,000000E+0
1197	591,000000E+0	18,830000E+0	20,152000E+0	362,070000E+3	12,000000E+0
1198	589,000000E+0	16,140000E+0	20,381000E+0	362,181000E+3	12,000000E+0
1199	590,000000E+0	18,830000E+0	20,381000E+0	362,292000E+3	12,000000E+0
1200	584,000000E+0	16,140000E+0	20,610000E+0	362,402000E+3	12,000000E+0
1201	576,000000E+0	18,830000E+0	20,610000E+0	362,515000E+3	12,000000E+0
1202	588,000000E+0	16,140000E+0	20,610000E+0	362,625000E+3	12,000000E+0
1203	593,000000E+0	16,140000E+0	20,381000E+0	362,735000E+3	12,000000E+0
1204	585,000000E+0	21,520000E+0	20,381000E+0	362,845000E+3	12,000000E+0
1205	574,000000E+0	13,450000E+0	20,381000E+0	362,955000E+3	12,000000E+0
1206	592,000000E+0	16,140000E+0	20,152000E+0	363,067000E+3	12,000000E+0
1207	593,000000E+0	16,140000E+0	20,152000E+0	363,178000E+3	12,000000E+0
1208	589,000000E+0	18,830000E+0	20,152000E+0	363,289000E+3	12,000000E+0
1209	579,000000E+0	13,450000E+0	20,152000E+0	363,400000E+3	12,000000E+0
1210	576,000000E+0	18,830000E+0	20,152000E+0	363,514000E+3	12,000000E+0
1211	592,000000E+0	18,830000E+0	20,152000E+0	363,624000E+3	12,000000E+0
1212	575,000000E+0	16,140000E+0	19,923000E+0	363,735000E+3	12,000000E+0
1213	587,000000E+0	21,520000E+0	19,923000E+0	363,846000E+3	12,000000E+0
1214	574,000000E+0	13,450000E+0	19,923000E+0	363,957000E+3	12,000000E+0
1215	583,000000E+0	16,140000E+0	20,152000E+0	364,067000E+3	12,000000E+0
1216	593,000000E+0	16,140000E+0	20,152000E+0	364,179000E+3	12,000000E+0
1217	588,000000E+0	21,520000E+0	20,152000E+0	364,290000E+3	12,000000E+0
1218	575,000000E+0	16,140000E+0	20,381000E+0	364,401000E+3	12,000000E+0
1219	579,000000E+0	16,140000E+0	20,381000E+0	364,512000E+3	12,000000E+0
1220	594,000000E+0	16,140000E+0	20,381000E+0	364,620000E+3	12,000000E+0
1221	576,000000E+0	16,140000E+0	20,152000E+0	364,732000E+3	12,000000E+0
1222	573,000000E+0	16,140000E+0	20,152000E+0	364,841000E+3	12,000000E+0
1223	584,000000E+0	16,140000E+0	20,152000E+0	364,950000E+3	12,000000E+0
1224	582,000000E+0	16,140000E+0	19,923000E+0	365,059000E+3	12,000000E+0
1225	587,000000E+0	13,450000E+0	19,923000E+0	365,170000E+3	12,000000E+0
1226	589,000000E+0	16,140000E+0	19,694000E+0	365,278000E+3	12,000000E+0
1227	589,000000E+0	13,450000E+0	19,694000E+0	365,387000E+3	12,000000E+0
1228	584,000000E+0	16,140000E+0	19,694000E+0	365,499000E+3	12,000000E+0
1229	576,000000E+0	13,450000E+0	19,694000E+0	365,608000E+3	12,000000E+0
1230	580,000000E+0	16,140000E+0	19,923000E+0	365,718000E+3	12,000000E+0
1231	568,000000E+0	18,830000E+0	19,923000E+0	365,828000E+3	12,000000E+0
1232	582,000000E+0	18,830000E+0	19,694000E+0	365,937000E+3	12,000000E+0
1233	580,000000E+0	16,140000E+0	19,923000E+0	366,049000E+3	12,000000E+0
1234	581,000000E+0	16,140000E+0	20,152000E+0	366,158000E+3	12,000000E+0
1235	579,000000E+0	16,140000E+0	20,152000E+0	366,270000E+3	12,000000E+0
1236	579,000000E+0	18,830000E+0	20,381000E+0	366,379000E+3	12,000000E+0
1237	592,000000E+0	13,450000E+0	20,381000E+0	366,490000E+3	12,000000E+0
1238	580,000000E+0	16,140000E+0	20,381000E+0	366,601000E+3	12,000000E+0
1239	593,000000E+0	18,830000E+0	20,381000E+0	366,710000E+3	12,000000E+0
1240	589,000000E+0	16,140000E+0	20,610000E+0	366,822000E+3	12,000000E+0
1241	581,000000E+0	18,830000E+0	20,610000E+0	366,932000E+3	12,000000E+0
1242	572,000000E+0	16,140000E+0	20,381000E+0	367,042000E+3	12,000000E+0
1243	574,000000E+0	21,520000E+0	20,381000E+0	367,155000E+3	12,000000E+0
1244	597,000000E+0	18,830000E+0	20,152000E+0	367,265000E+3	12,000000E+0
1245	591,000000E+0	16,140000E+0	20,152000E+0	367,376000E+3	12,000000E+0
1246	578,000000E+0	16,140000E+0	19,923000E+0	367,485000E+3	12,000000E+0
1247	579,000000E+0	16,140000E+0	19,923000E+0	367,598000E+3	12,000000E+0
1248	581,000000E+0	18,830000E+0	19,923000E+0	367,710000E+3	12,000000E+0
1249	598,000000E+0	18,830000E+0	20,152000E+0	367,821000E+3	12,000000E+0
1250	584,000000E+0	18,830000E+0	20,152000E+0	367,933000E+3	12,000000E+0
