samedi 20 janvier 2024	15:09:26	Sampling Period : 20  ms		
Unities: time [sample], PWM [raw], Current [mA], velocity [rev/min], Position [pulse], Present Input Voltage [V]

t	DXL_PWM		DXL_Current		DXL_Velocity		DXL_Position		DXL_Input_Voltage
0	1,000000E+0	0,000000E+0	0,000000E+0	72,101000E+3	12,000000E+0
1	74,000000E+0	24,210000E+0	0,000000E+0	72,102000E+3	12,000000E+0
2	209,000000E+0	29,590000E+0	3,435000E+0	72,125000E+3	12,000000E+0
3	304,000000E+0	26,900000E+0	7,786000E+0	72,169000E+3	12,000000E+0
4	364,000000E+0	26,900000E+0	10,534000E+0	72,231000E+3	12,000000E+0
5	410,000000E+0	26,900000E+0	12,595000E+0	72,302000E+3	12,000000E+0
6	430,000000E+0	21,520000E+0	13,740000E+0	72,379000E+3	12,000000E+0
7	470,000000E+0	24,210000E+0	14,885000E+0	72,462000E+3	12,000000E+0
8	481,000000E+0	24,210000E+0	15,801000E+0	72,549000E+3	12,000000E+0
9	490,000000E+0	26,900000E+0	16,259000E+0	72,640000E+3	12,000000E+0
10	518,000000E+0	24,210000E+0	16,717000E+0	72,734000E+3	12,000000E+0
11	514,000000E+0	26,900000E+0	17,175000E+0	72,830000E+3	12,000000E+0
12	521,000000E+0	24,210000E+0	17,404000E+0	72,928000E+3	12,000000E+0
13	518,000000E+0	24,210000E+0	17,404000E+0	73,026000E+3	12,000000E+0
14	539,000000E+0	24,210000E+0	17,633000E+0	73,124000E+3	12,000000E+0
15	538,000000E+0	26,900000E+0	17,862000E+0	73,224000E+3	12,000000E+0
16	530,000000E+0	24,210000E+0	18,320000E+0	73,325000E+3	12,000000E+0
17	548,000000E+0	21,520000E+0	18,549000E+0	73,426000E+3	12,000000E+0
18	537,000000E+0	24,210000E+0	18,549000E+0	73,528000E+3	12,000000E+0
19	566,000000E+0	24,210000E+0	18,778000E+0	73,631000E+3	12,000000E+0
20	543,000000E+0	26,900000E+0	18,778000E+0	73,735000E+3	12,000000E+0
21	546,000000E+0	24,210000E+0	18,778000E+0	73,836000E+3	12,000000E+0
22	548,000000E+0	24,210000E+0	19,007000E+0	73,941000E+3	12,000000E+0
23	557,000000E+0	24,210000E+0	19,007000E+0	74,044000E+3	12,000000E+0
24	543,000000E+0	26,900000E+0	19,007000E+0	74,146000E+3	12,000000E+0
25	543,000000E+0	24,210000E+0	19,007000E+0	74,251000E+3	12,000000E+0
26	558,000000E+0	26,900000E+0	19,007000E+0	74,356000E+3	12,000000E+0
27	568,000000E+0	26,900000E+0	19,007000E+0	74,461000E+3	12,000000E+0
28	563,000000E+0	24,210000E+0	19,007000E+0	74,566000E+3	12,000000E+0
29	560,000000E+0	26,900000E+0	19,007000E+0	74,671000E+3	12,000000E+0
30	562,000000E+0	26,900000E+0	19,236000E+0	74,778000E+3	12,000000E+0
31	560,000000E+0	26,900000E+0	19,236000E+0	74,886000E+3	12,000000E+0
32	575,000000E+0	26,900000E+0	19,465000E+0	74,994000E+3	12,000000E+0
33	585,000000E+0	24,210000E+0	19,465000E+0	75,101000E+3	12,000000E+0
34	582,000000E+0	24,210000E+0	19,465000E+0	75,209000E+3	12,000000E+0
35	578,000000E+0	26,900000E+0	19,694000E+0	75,317000E+3	12,000000E+0
36	572,000000E+0	26,900000E+0	19,694000E+0	75,426000E+3	12,000000E+0
37	585,000000E+0	24,210000E+0	19,923000E+0	75,534000E+3	12,000000E+0
38	584,000000E+0	24,210000E+0	20,152000E+0	75,643000E+3	12,000000E+0
39	593,000000E+0	26,900000E+0	20,152000E+0	75,753000E+3	12,000000E+0
40	598,000000E+0	21,520000E+0	20,381000E+0	75,863000E+3	12,000000E+0
41	578,000000E+0	21,520000E+0	20,381000E+0	75,974000E+3	12,000000E+0
42	581,000000E+0	21,520000E+0	20,610000E+0	76,084000E+3	12,000000E+0
43	596,000000E+0	29,590000E+0	20,610000E+0	76,203000E+3	12,000000E+0
44	85,000000E+0	1,573650E+3	1,335692E+6	705,757184E+6	100,000000E-3
45	600,000000E+0	24,210000E+0	20,152000E+0	76,418000E+3	12,000000E+0
46	583,000000E+0	24,210000E+0	20,152000E+0	76,530000E+3	12,000000E+0
47	587,000000E+0	24,210000E+0	20,152000E+0	76,640000E+3	12,000000E+0
48	610,000000E+0	26,900000E+0	20,152000E+0	76,753000E+3	12,000000E+0
49	604,000000E+0	24,210000E+0	20,152000E+0	76,866000E+3	12,000000E+0
50	599,000000E+0	24,210000E+0	20,381000E+0	76,979000E+3	12,000000E+0
51	590,000000E+0	26,900000E+0	20,152000E+0	77,091000E+3	12,000000E+0
52	601,000000E+0	26,900000E+0	20,152000E+0	77,231000E+3	12,000000E+0
53	584,000000E+0	24,210000E+0	20,152000E+0	77,343000E+3	12,000000E+0
54	599,000000E+0	21,520000E+0	20,381000E+0	77,454000E+3	12,000000E+0
55	593,000000E+0	21,520000E+0	20,610000E+0	77,567000E+3	12,000000E+0
56	606,000000E+0	29,590000E+0	20,610000E+0	77,679000E+3	12,000000E+0
57	609,000000E+0	29,590000E+0	20,610000E+0	77,793000E+3	12,000000E+0
58	596,000000E+0	24,210000E+0	20,839000E+0	77,903000E+3	12,000000E+0
59	596,000000E+0	24,210000E+0	20,610000E+0	78,017000E+3	12,000000E+0
60	596,000000E+0	21,520000E+0	20,610000E+0	78,129000E+3	12,000000E+0
61	594,000000E+0	24,210000E+0	20,610000E+0	78,240000E+3	12,000000E+0
62	605,000000E+0	26,900000E+0	20,381000E+0	78,353000E+3	12,000000E+0
63	599,000000E+0	26,900000E+0	20,152000E+0	78,465000E+3	12,000000E+0
64	587,000000E+0	24,210000E+0	20,152000E+0	78,576000E+3	12,000000E+0
65	595,000000E+0	29,590000E+0	20,152000E+0	78,688000E+3	12,000000E+0
66	591,000000E+0	24,210000E+0	20,152000E+0	78,800000E+3	12,000000E+0
67	603,000000E+0	24,210000E+0	20,152000E+0	78,913000E+3	12,000000E+0
68	610,000000E+0	29,590000E+0	20,152000E+0	79,025000E+3	12,000000E+0
69	592,000000E+0	26,900000E+0	20,381000E+0	79,138000E+3	12,000000E+0
70	614,000000E+0	21,520000E+0	20,610000E+0	79,253000E+3	12,000000E+0
71	616,000000E+0	24,210000E+0	20,610000E+0	79,368000E+3	12,000000E+0
72	601,000000E+0	29,590000E+0	20,839000E+0	79,481000E+3	12,000000E+0
73	613,000000E+0	26,900000E+0	20,839000E+0	79,596000E+3	12,000000E+0
74	607,000000E+0	29,590000E+0	21,297000E+0	79,711000E+3	12,000000E+0
75	609,000000E+0	24,210000E+0	21,297000E+0	79,825000E+3	12,000000E+0
76	601,000000E+0	26,900000E+0	21,297000E+0	79,940000E+3	12,000000E+0
77	621,000000E+0	21,520000E+0	21,297000E+0	80,053000E+3	12,000000E+0
78	609,000000E+0	26,900000E+0	21,297000E+0	80,169000E+3	12,000000E+0
79	604,000000E+0	26,900000E+0	21,297000E+0	80,283000E+3	12,000000E+0
80	614,000000E+0	29,590000E+0	21,068000E+0	80,398000E+3	12,000000E+0
81	603,000000E+0	26,900000E+0	21,068000E+0	80,516000E+3	12,000000E+0
82	610,000000E+0	24,210000E+0	20,839000E+0	80,632000E+3	12,000000E+0
83	611,000000E+0	29,590000E+0	20,839000E+0	80,745000E+3	12,000000E+0
84	626,000000E+0	26,900000E+0	20,839000E+0	80,862000E+3	12,000000E+0
85	618,000000E+0	24,210000E+0	20,839000E+0	80,978000E+3	12,000000E+0
86	615,000000E+0	29,590000E+0	21,068000E+0	81,095000E+3	12,000000E+0
87	621,000000E+0	26,900000E+0	20,839000E+0	81,213000E+3	12,000000E+0
88	611,000000E+0	26,900000E+0	21,068000E+0	81,330000E+3	12,000000E+0
89	629,000000E+0	26,900000E+0	21,068000E+0	81,447000E+3	12,000000E+0
90	626,000000E+0	24,210000E+0	21,297000E+0	81,564000E+3	12,000000E+0
91	618,000000E+0	29,590000E+0	21,297000E+0	81,681000E+3	12,000000E+0
92	611,000000E+0	29,590000E+0	21,297000E+0	81,796000E+3	12,000000E+0
93	625,000000E+0	26,900000E+0	21,526000E+0	81,915000E+3	12,000000E+0
94	627,000000E+0	21,520000E+0	21,526000E+0	82,029000E+3	12,000000E+0
95	620,000000E+0	29,590000E+0	21,526000E+0	82,146000E+3	12,000000E+0
96	608,000000E+0	29,590000E+0	21,297000E+0	82,263000E+3	12,000000E+0
97	630,000000E+0	21,520000E+0	21,297000E+0	82,378000E+3	12,000000E+0
98	611,000000E+0	26,900000E+0	21,297000E+0	82,495000E+3	12,000000E+0
99	628,000000E+0	24,210000E+0	21,068000E+0	82,611000E+3	12,000000E+0
100	624,000000E+0	26,900000E+0	21,068000E+0	82,727000E+3	12,000000E+0
101	620,000000E+0	24,210000E+0	20,839000E+0	82,842000E+3	12,000000E+0
102	611,000000E+0	26,900000E+0	21,068000E+0	82,959000E+3	12,000000E+0
103	621,000000E+0	26,900000E+0	21,068000E+0	83,077000E+3	12,000000E+0
104	616,000000E+0	26,900000E+0	21,068000E+0	83,195000E+3	12,000000E+0
105	628,000000E+0	26,900000E+0	21,297000E+0	83,312000E+3	12,000000E+0
106	621,000000E+0	26,900000E+0	21,297000E+0	83,430000E+3	12,000000E+0
107	636,000000E+0	26,900000E+0	21,755000E+0	83,548000E+3	12,000000E+0
108	624,000000E+0	29,590000E+0	21,755000E+0	83,666000E+3	12,000000E+0
109	627,000000E+0	26,900000E+0	21,755000E+0	83,785000E+3	12,000000E+0
110	619,000000E+0	24,210000E+0	21,984000E+0	83,903000E+3	12,000000E+0
111	637,000000E+0	26,900000E+0	21,984000E+0	84,022000E+3	12,000000E+0
112	638,000000E+0	26,900000E+0	21,984000E+0	84,141000E+3	12,000000E+0
113	645,000000E+0	29,590000E+0	21,984000E+0	84,261000E+3	12,000000E+0
114	636,000000E+0	21,520000E+0	21,984000E+0	84,379000E+3	12,000000E+0
115	648,000000E+0	26,900000E+0	21,984000E+0	84,498000E+3	12,000000E+0
116	637,000000E+0	24,210000E+0	21,984000E+0	84,621000E+3	12,000000E+0
117	641,000000E+0	24,210000E+0	21,755000E+0	84,741000E+3	12,000000E+0
118	625,000000E+0	21,520000E+0	21,526000E+0	84,858000E+3	12,000000E+0
119	631,000000E+0	24,210000E+0	21,526000E+0	84,980000E+3	12,000000E+0
120	625,000000E+0	24,210000E+0	21,526000E+0	85,099000E+3	12,000000E+0
121	638,000000E+0	26,900000E+0	21,526000E+0	85,219000E+3	12,000000E+0
122	639,000000E+0	24,210000E+0	21,526000E+0	85,339000E+3	12,000000E+0
123	631,000000E+0	26,900000E+0	21,755000E+0	85,460000E+3	12,000000E+0
124	629,000000E+0	26,900000E+0	21,755000E+0	85,580000E+3	12,000000E+0
125	633,000000E+0	24,210000E+0	21,984000E+0	85,701000E+3	12,000000E+0
126	631,000000E+0	26,900000E+0	21,984000E+0	85,819000E+3	12,000000E+0
127	630,000000E+0	24,210000E+0	21,984000E+0	85,940000E+3	12,000000E+0
128	627,000000E+0	26,900000E+0	21,984000E+0	86,067000E+3	12,000000E+0
129	650,000000E+0	21,520000E+0	21,984000E+0	86,208000E+3	12,000000E+0
130	635,000000E+0	29,590000E+0	21,984000E+0	86,357000E+3	12,000000E+0
131	630,000000E+0	29,590000E+0	21,755000E+0	86,505000E+3	12,000000E+0
132	623,000000E+0	29,590000E+0	21,526000E+0	86,625000E+3	12,000000E+0
133	629,000000E+0	29,590000E+0	21,526000E+0	86,743000E+3	12,000000E+0
134	630,000000E+0	21,520000E+0	21,526000E+0	86,863000E+3	12,000000E+0
135	634,000000E+0	26,900000E+0	21,526000E+0	86,981000E+3	12,000000E+0
136	636,000000E+0	24,210000E+0	21,526000E+0	87,101000E+3	12,000000E+0
137	623,000000E+0	26,900000E+0	21,755000E+0	87,221000E+3	12,000000E+0
138	635,000000E+0	24,210000E+0	21,755000E+0	87,340000E+3	12,000000E+0
139	633,000000E+0	24,210000E+0	21,755000E+0	87,461000E+3	12,000000E+0
140	642,000000E+0	21,520000E+0	21,755000E+0	87,581000E+3	12,000000E+0
141	640,000000E+0	29,590000E+0	21,984000E+0	87,702000E+3	12,000000E+0
142	653,000000E+0	24,210000E+0	22,213000E+0	87,822000E+3	12,000000E+0
143	650,000000E+0	24,210000E+0	22,442000E+0	87,943000E+3	12,000000E+0
144	641,000000E+0	24,210000E+0	22,442000E+0	88,064000E+3	12,000000E+0
145	644,000000E+0	24,210000E+0	22,442000E+0	88,185000E+3	12,000000E+0
146	645,000000E+0	24,210000E+0	22,213000E+0	88,306000E+3	12,000000E+0
147	653,000000E+0	24,210000E+0	22,213000E+0	88,426000E+3	12,000000E+0
148	654,000000E+0	26,900000E+0	22,213000E+0	88,545000E+3	12,000000E+0
149	650,000000E+0	29,590000E+0	21,984000E+0	88,667000E+3	12,000000E+0
150	630,000000E+0	24,210000E+0	21,984000E+0	88,789000E+3	12,000000E+0
151	645,000000E+0	24,210000E+0	21,984000E+0	88,910000E+3	12,000000E+0
152	647,000000E+0	29,590000E+0	21,755000E+0	89,029000E+3	12,000000E+0
153	650,000000E+0	26,900000E+0	21,755000E+0	89,153000E+3	12,000000E+0
154	641,000000E+0	24,210000E+0	21,755000E+0	89,274000E+3	12,000000E+0
155	645,000000E+0	29,590000E+0	21,755000E+0	89,394000E+3	12,000000E+0
156	647,000000E+0	26,900000E+0	21,984000E+0	89,516000E+3	12,000000E+0
157	642,000000E+0	29,590000E+0	21,984000E+0	89,638000E+3	12,000000E+0
158	649,000000E+0	26,900000E+0	21,984000E+0	89,759000E+3	12,000000E+0
159	646,000000E+0	21,520000E+0	22,213000E+0	89,882000E+3	12,000000E+0
160	652,000000E+0	21,520000E+0	22,213000E+0	90,002000E+3	12,000000E+0
161	652,000000E+0	26,900000E+0	22,213000E+0	90,124000E+3	12,000000E+0
162	649,000000E+0	21,520000E+0	22,213000E+0	90,242000E+3	12,000000E+0
163	635,000000E+0	29,590000E+0	22,213000E+0	90,364000E+3	12,000000E+0
164	650,000000E+0	29,590000E+0	22,213000E+0	90,484000E+3	12,000000E+0
165	650,000000E+0	32,280000E+0	21,984000E+0	90,606000E+3	12,000000E+0
166	656,000000E+0	24,210000E+0	21,984000E+0	90,726000E+3	12,000000E+0
167	640,000000E+0	24,210000E+0	21,755000E+0	90,846000E+3	12,000000E+0
168	637,000000E+0	26,900000E+0	21,755000E+0	90,968000E+3	12,000000E+0
169	652,000000E+0	26,900000E+0	21,755000E+0	91,088000E+3	12,000000E+0
170	654,000000E+0	24,210000E+0	21,984000E+0	91,211000E+3	12,000000E+0
171	653,000000E+0	21,520000E+0	21,984000E+0	91,331000E+3	12,000000E+0
172	640,000000E+0	29,590000E+0	21,984000E+0	91,454000E+3	12,000000E+0
173	637,000000E+0	21,520000E+0	22,213000E+0	91,576000E+3	12,000000E+0
174	648,000000E+0	26,900000E+0	22,213000E+0	91,697000E+3	12,000000E+0
175	660,000000E+0	26,900000E+0	22,442000E+0	91,820000E+3	12,000000E+0
176	644,000000E+0	26,900000E+0	22,671000E+0	91,942000E+3	12,000000E+0
177	652,000000E+0	24,210000E+0	22,671000E+0	92,065000E+3	12,000000E+0
178	642,000000E+0	21,520000E+0	22,671000E+0	92,189000E+3	12,000000E+0
179	643,000000E+0	24,210000E+0	22,671000E+0	92,310000E+3	12,000000E+0
180	647,000000E+0	21,520000E+0	22,671000E+0	92,433000E+3	12,000000E+0
181	655,000000E+0	21,520000E+0	22,671000E+0	92,555000E+3	12,000000E+0
182	654,000000E+0	24,210000E+0	22,442000E+0	92,676000E+3	12,000000E+0
183	654,000000E+0	29,590000E+0	22,442000E+0	92,802000E+3	12,000000E+0
184	647,000000E+0	24,210000E+0	22,213000E+0	92,924000E+3	12,000000E+0
185	659,000000E+0	26,900000E+0	22,213000E+0	93,046000E+3	12,000000E+0
186	657,000000E+0	26,900000E+0	22,213000E+0	93,172000E+3	12,000000E+0
187	664,000000E+0	24,210000E+0	22,213000E+0	93,295000E+3	12,000000E+0
188	659,000000E+0	24,210000E+0	22,213000E+0	93,418000E+3	12,000000E+0
189	660,000000E+0	21,520000E+0	22,213000E+0	93,541000E+3	12,000000E+0
190	641,000000E+0	29,590000E+0	22,442000E+0	93,667000E+3	12,000000E+0
191	658,000000E+0	26,900000E+0	22,442000E+0	93,791000E+3	12,000000E+0
192	658,000000E+0	29,590000E+0	22,671000E+0	93,915000E+3	12,000000E+0
193	666,000000E+0	26,900000E+0	22,671000E+0	94,036000E+3	12,000000E+0
194	649,000000E+0	21,520000E+0	22,671000E+0	94,162000E+3	12,000000E+0
195	642,000000E+0	26,900000E+0	22,671000E+0	94,284000E+3	12,000000E+0
196	645,000000E+0	24,210000E+0	22,671000E+0	94,408000E+3	12,000000E+0
197	662,000000E+0	24,210000E+0	22,442000E+0	94,530000E+3	12,000000E+0
198	659,000000E+0	21,520000E+0	22,442000E+0	94,651000E+3	12,000000E+0
199	649,000000E+0	26,900000E+0	22,442000E+0	94,774000E+3	12,000000E+0
200	648,000000E+0	26,900000E+0	22,213000E+0	94,897000E+3	12,000000E+0
201	642,000000E+0	26,900000E+0	22,213000E+0	95,020000E+3	12,000000E+0
202	642,000000E+0	26,900000E+0	22,213000E+0	95,141000E+3	12,000000E+0
203	645,000000E+0	26,900000E+0	22,213000E+0	95,265000E+3	12,000000E+0
204	669,000000E+0	29,590000E+0	22,213000E+0	95,388000E+3	12,000000E+0
205	651,000000E+0	21,520000E+0	22,213000E+0	95,512000E+3	12,000000E+0
206	657,000000E+0	29,590000E+0	22,213000E+0	95,635000E+3	12,000000E+0
207	647,000000E+0	24,210000E+0	22,442000E+0	95,758000E+3	12,000000E+0
208	658,000000E+0	29,590000E+0	22,671000E+0	95,882000E+3	12,000000E+0
209	661,000000E+0	29,590000E+0	22,671000E+0	96,004000E+3	12,000000E+0
210	669,000000E+0	24,210000E+0	22,900000E+0	96,129000E+3	12,000000E+0
211	659,000000E+0	29,590000E+0	22,900000E+0	96,253000E+3	12,000000E+0
212	659,000000E+0	26,900000E+0	23,129000E+0	96,378000E+3	12,000000E+0
213	667,000000E+0	26,900000E+0	22,900000E+0	96,501000E+3	12,000000E+0
214	648,000000E+0	24,210000E+0	22,900000E+0	96,624000E+3	12,000000E+0
215	659,000000E+0	26,900000E+0	22,900000E+0	96,748000E+3	12,000000E+0
216	668,000000E+0	29,590000E+0	22,671000E+0	96,875000E+3	12,000000E+0
217	660,000000E+0	26,900000E+0	22,671000E+0	97,000000E+3	12,000000E+0
218	666,000000E+0	24,210000E+0	22,442000E+0	97,123000E+3	12,000000E+0
219	654,000000E+0	24,210000E+0	22,442000E+0	97,249000E+3	12,000000E+0
220	662,000000E+0	24,210000E+0	22,442000E+0	97,375000E+3	12,000000E+0
221	675,000000E+0	26,900000E+0	22,671000E+0	97,500000E+3	12,000000E+0
222	670,000000E+0	24,210000E+0	22,442000E+0	97,625000E+3	12,000000E+0
223	661,000000E+0	26,900000E+0	22,442000E+0	97,749000E+3	12,000000E+0
224	669,000000E+0	26,900000E+0	22,671000E+0	97,875000E+3	12,000000E+0
225	668,000000E+0	32,280000E+0	22,900000E+0	98,000000E+3	12,000000E+0
226	668,000000E+0	24,210000E+0	23,129000E+0	98,125000E+3	12,000000E+0
227	676,000000E+0	21,520000E+0	23,129000E+0	98,252000E+3	12,000000E+0
228	660,000000E+0	29,590000E+0	23,129000E+0	98,375000E+3	12,000000E+0
229	674,000000E+0	26,900000E+0	23,129000E+0	98,504000E+3	12,000000E+0
230	676,000000E+0	21,520000E+0	22,900000E+0	98,627000E+3	12,000000E+0
231	672,000000E+0	24,210000E+0	22,900000E+0	98,750000E+3	12,000000E+0
232	656,000000E+0	26,900000E+0	22,671000E+0	98,876000E+3	12,000000E+0
233	667,000000E+0	21,520000E+0	22,671000E+0	99,000000E+3	12,000000E+0
234	657,000000E+0	29,590000E+0	22,442000E+0	99,125000E+3	12,000000E+0
235	663,000000E+0	24,210000E+0	22,442000E+0	99,250000E+3	12,000000E+0
236	671,000000E+0	26,900000E+0	22,442000E+0	99,374000E+3	12,000000E+0
237	670,000000E+0	21,520000E+0	22,671000E+0	99,499000E+3	12,000000E+0
238	664,000000E+0	24,210000E+0	22,671000E+0	99,625000E+3	12,000000E+0
239	668,000000E+0	29,590000E+0	22,900000E+0	99,753000E+3	12,000000E+0
240	661,000000E+0	24,210000E+0	22,900000E+0	99,877000E+3	12,000000E+0
241	654,000000E+0	24,210000E+0	23,129000E+0	100,004000E+3	12,000000E+0
242	661,000000E+0	26,900000E+0	23,129000E+0	100,128000E+3	12,000000E+0
243	662,000000E+0	24,210000E+0	23,358000E+0	100,256000E+3	12,000000E+0
244	674,000000E+0	26,900000E+0	23,358000E+0	100,382000E+3	12,000000E+0
245	676,000000E+0	21,520000E+0	23,587000E+0	100,510000E+3	12,000000E+0
246	686,000000E+0	26,900000E+0	23,587000E+0	100,639000E+3	12,000000E+0
247	669,000000E+0	26,900000E+0	23,587000E+0	100,764000E+3	12,000000E+0
248	672,000000E+0	26,900000E+0	23,358000E+0	100,890000E+3	12,000000E+0
249	668,000000E+0	26,900000E+0	23,129000E+0	101,019000E+3	12,000000E+0
250	676,000000E+0	24,210000E+0	23,129000E+0	101,146000E+3	12,000000E+0
251	673,000000E+0	26,900000E+0	22,900000E+0	101,272000E+3	12,000000E+0
252	663,000000E+0	21,520000E+0	22,900000E+0	101,400000E+3	12,000000E+0
253	660,000000E+0	26,900000E+0	22,900000E+0	101,529000E+3	12,000000E+0
254	663,000000E+0	24,210000E+0	22,900000E+0	101,656000E+3	12,000000E+0
255	667,000000E+0	24,210000E+0	22,900000E+0	101,782000E+3	12,000000E+0
256	666,000000E+0	26,900000E+0	22,900000E+0	101,910000E+3	12,000000E+0
257	682,000000E+0	26,900000E+0	22,900000E+0	102,036000E+3	12,000000E+0
258	666,000000E+0	24,210000E+0	23,129000E+0	102,164000E+3	12,000000E+0
259	683,000000E+0	21,520000E+0	23,129000E+0	102,289000E+3	12,000000E+0
260	679,000000E+0	21,520000E+0	23,129000E+0	102,416000E+3	12,000000E+0
261	663,000000E+0	29,590000E+0	23,129000E+0	102,539000E+3	12,000000E+0
262	681,000000E+0	24,210000E+0	23,129000E+0	102,667000E+3	12,000000E+0
263	684,000000E+0	24,210000E+0	23,129000E+0	102,792000E+3	12,000000E+0
264	658,000000E+0	29,590000E+0	22,900000E+0	102,917000E+3	12,000000E+0
265	675,000000E+0	24,210000E+0	22,671000E+0	103,043000E+3	12,000000E+0
266	668,000000E+0	26,900000E+0	22,671000E+0	103,167000E+3	12,000000E+0
267	675,000000E+0	24,210000E+0	22,671000E+0	103,291000E+3	12,000000E+0
268	664,000000E+0	26,900000E+0	22,442000E+0	103,417000E+3	12,000000E+0
269	673,000000E+0	21,520000E+0	22,671000E+0	103,543000E+3	12,000000E+0
270	672,000000E+0	24,210000E+0	22,671000E+0	103,670000E+3	12,000000E+0
271	661,000000E+0	26,900000E+0	22,900000E+0	103,796000E+3	12,000000E+0
272	664,000000E+0	26,900000E+0	22,900000E+0	103,922000E+3	12,000000E+0
273	661,000000E+0	24,210000E+0	23,129000E+0	104,048000E+3	12,000000E+0
274	663,000000E+0	26,900000E+0	23,358000E+0	104,176000E+3	12,000000E+0
275	670,000000E+0	26,900000E+0	23,587000E+0	104,303000E+3	12,000000E+0
276	675,000000E+0	26,900000E+0	23,587000E+0	104,431000E+3	12,000000E+0
277	686,000000E+0	21,520000E+0	23,587000E+0	104,559000E+3	12,000000E+0
278	684,000000E+0	24,210000E+0	23,587000E+0	104,686000E+3	12,000000E+0
279	686,000000E+0	26,900000E+0	23,587000E+0	104,814000E+3	12,000000E+0
280	685,000000E+0	29,590000E+0	23,587000E+0	104,941000E+3	12,000000E+0
281	686,000000E+0	21,520000E+0	23,358000E+0	105,072000E+3	12,000000E+0
282	682,000000E+0	24,210000E+0	23,358000E+0	105,200000E+3	12,000000E+0
283	668,000000E+0	26,900000E+0	23,129000E+0	105,326000E+3	12,000000E+0
284	674,000000E+0	24,210000E+0	23,129000E+0	105,455000E+3	12,000000E+0
285	676,000000E+0	21,520000E+0	23,129000E+0	105,583000E+3	12,000000E+0
286	669,000000E+0	24,210000E+0	23,129000E+0	105,712000E+3	12,000000E+0
287	694,000000E+0	24,210000E+0	23,129000E+0	105,841000E+3	12,000000E+0
288	680,000000E+0	26,900000E+0	23,358000E+0	105,970000E+3	12,000000E+0
289	671,000000E+0	24,210000E+0	23,358000E+0	106,099000E+3	12,000000E+0
290	690,000000E+0	29,590000E+0	23,358000E+0	106,227000E+3	12,000000E+0
291	669,000000E+0	24,210000E+0	23,358000E+0	106,355000E+3	12,000000E+0
292	681,000000E+0	26,900000E+0	23,587000E+0	106,485000E+3	12,000000E+0
293	678,000000E+0	26,900000E+0	23,587000E+0	106,610000E+3	12,000000E+0
294	690,000000E+0	26,900000E+0	23,587000E+0	106,738000E+3	12,000000E+0
295	680,000000E+0	26,900000E+0	23,358000E+0	106,866000E+3	12,000000E+0
296	686,000000E+0	29,590000E+0	23,358000E+0	106,993000E+3	12,000000E+0
297	667,000000E+0	24,210000E+0	23,129000E+0	107,121000E+3	12,000000E+0
298	672,000000E+0	26,900000E+0	22,900000E+0	107,247000E+3	12,000000E+0
299	669,000000E+0	21,520000E+0	22,900000E+0	107,374000E+3	12,000000E+0
300	678,000000E+0	26,900000E+0	22,900000E+0	107,501000E+3	12,000000E+0
301	671,000000E+0	26,900000E+0	22,900000E+0	107,629000E+3	12,000000E+0
302	681,000000E+0	21,520000E+0	22,900000E+0	107,756000E+3	12,000000E+0
303	680,000000E+0	29,590000E+0	23,129000E+0	107,884000E+3	12,000000E+0
304	667,000000E+0	24,210000E+0	23,129000E+0	108,011000E+3	12,000000E+0
305	666,000000E+0	26,900000E+0	23,358000E+0	108,138000E+3	12,000000E+0
306	687,000000E+0	24,210000E+0	23,587000E+0	108,267000E+3	12,000000E+0
307	672,000000E+0	26,900000E+0	23,587000E+0	108,395000E+3	12,000000E+0
308	677,000000E+0	26,900000E+0	23,816000E+0	108,524000E+3	12,000000E+0
309	682,000000E+0	24,210000E+0	23,816000E+0	108,653000E+3	12,000000E+0
310	686,000000E+0	21,520000E+0	23,816000E+0	108,782000E+3	12,000000E+0
311	682,000000E+0	24,210000E+0	23,816000E+0	108,910000E+3	12,000000E+0
312	696,000000E+0	24,210000E+0	23,816000E+0	109,038000E+3	12,000000E+0
313	681,000000E+0	29,590000E+0	23,587000E+0	109,170000E+3	12,000000E+0
314	688,000000E+0	26,900000E+0	23,587000E+0	109,300000E+3	12,000000E+0
315	694,000000E+0	24,210000E+0	23,129000E+0	109,427000E+3	12,000000E+0
316	674,000000E+0	26,900000E+0	23,129000E+0	109,558000E+3	12,000000E+0
317	690,000000E+0	24,210000E+0	23,129000E+0	109,685000E+3	12,000000E+0
318	696,000000E+0	24,210000E+0	23,358000E+0	109,816000E+3	12,000000E+0
319	685,000000E+0	24,210000E+0	23,129000E+0	109,944000E+3	12,000000E+0
320	674,000000E+0	29,590000E+0	23,358000E+0	110,075000E+3	12,000000E+0
321	678,000000E+0	24,210000E+0	23,587000E+0	110,204000E+3	12,000000E+0
322	678,000000E+0	26,900000E+0	23,587000E+0	110,334000E+3	12,000000E+0
323	676,000000E+0	24,210000E+0	23,587000E+0	110,464000E+3	12,000000E+0
324	695,000000E+0	26,900000E+0	23,587000E+0	110,593000E+3	12,000000E+0
325	701,000000E+0	26,900000E+0	23,816000E+0	110,720000E+3	12,000000E+0
326	694,000000E+0	26,900000E+0	23,587000E+0	110,849000E+3	12,000000E+0
327	694,000000E+0	26,900000E+0	23,587000E+0	110,978000E+3	12,000000E+0
328	691,000000E+0	29,590000E+0	23,358000E+0	111,106000E+3	12,000000E+0
329	684,000000E+0	21,520000E+0	23,358000E+0	111,234000E+3	12,000000E+0
330	692,000000E+0	24,210000E+0	23,129000E+0	111,361000E+3	12,000000E+0
331	681,000000E+0	26,900000E+0	23,129000E+0	111,490000E+3	12,000000E+0
332	676,000000E+0	24,210000E+0	23,129000E+0	111,619000E+3	12,000000E+0
333	675,000000E+0	26,900000E+0	23,358000E+0	111,749000E+3	12,000000E+0
334	696,000000E+0	26,900000E+0	23,358000E+0	111,877000E+3	12,000000E+0
335	693,000000E+0	24,210000E+0	23,358000E+0	112,007000E+3	12,000000E+0
336	699,000000E+0	29,590000E+0	23,587000E+0	112,138000E+3	12,000000E+0
337	681,000000E+0	24,210000E+0	23,816000E+0	112,267000E+3	12,000000E+0
338	686,000000E+0	21,520000E+0	24,045000E+0	112,398000E+3	12,000000E+0
339	695,000000E+0	29,590000E+0	24,045000E+0	112,529000E+3	12,000000E+0
340	690,000000E+0	26,900000E+0	24,274000E+0	112,661000E+3	12,000000E+0
341	686,000000E+0	26,900000E+0	24,274000E+0	112,791000E+3	12,000000E+0
342	705,000000E+0	29,590000E+0	24,274000E+0	112,923000E+3	12,000000E+0
343	695,000000E+0	26,900000E+0	24,045000E+0	113,051000E+3	12,000000E+0
344	699,000000E+0	29,590000E+0	23,816000E+0	113,180000E+3	12,000000E+0
345	701,000000E+0	21,520000E+0	23,816000E+0	113,314000E+3	12,000000E+0
346	684,000000E+0	29,590000E+0	23,816000E+0	113,445000E+3	12,000000E+0
347	691,000000E+0	26,900000E+0	23,587000E+0	113,577000E+3	12,000000E+0
348	686,000000E+0	21,520000E+0	23,587000E+0	113,707000E+3	12,000000E+0
349	710,000000E+0	26,900000E+0	23,587000E+0	113,838000E+3	12,000000E+0
350	703,000000E+0	26,900000E+0	23,587000E+0	113,969000E+3	12,000000E+0
351	703,000000E+0	26,900000E+0	23,587000E+0	114,102000E+3	12,000000E+0
352	687,000000E+0	24,210000E+0	23,816000E+0	114,233000E+3	12,000000E+0
353	694,000000E+0	26,900000E+0	23,816000E+0	114,365000E+3	12,000000E+0
354	688,000000E+0	21,520000E+0	24,045000E+0	114,496000E+3	12,000000E+0
355	689,000000E+0	24,210000E+0	24,045000E+0	114,629000E+3	12,000000E+0
356	683,000000E+0	21,520000E+0	24,045000E+0	114,758000E+3	12,000000E+0
357	682,000000E+0	21,520000E+0	24,045000E+0	114,889000E+3	12,000000E+0
358	687,000000E+0	24,210000E+0	24,045000E+0	115,019000E+3	12,000000E+0
359	682,000000E+0	29,590000E+0	23,816000E+0	115,148000E+3	12,000000E+0
360	707,000000E+0	21,520000E+0	23,587000E+0	115,278000E+3	12,000000E+0
361	688,000000E+0	24,210000E+0	23,587000E+0	115,408000E+3	12,000000E+0
362	689,000000E+0	24,210000E+0	23,587000E+0	115,538000E+3	12,000000E+0
363	681,000000E+0	26,900000E+0	23,587000E+0	115,670000E+3	12,000000E+0
364	684,000000E+0	26,900000E+0	23,587000E+0	115,800000E+3	12,000000E+0
365	706,000000E+0	21,520000E+0	23,587000E+0	115,931000E+3	12,000000E+0
366	690,000000E+0	26,900000E+0	23,816000E+0	116,061000E+3	12,000000E+0
367	708,000000E+0	26,900000E+0	23,816000E+0	116,193000E+3	12,000000E+0
368	694,000000E+0	21,520000E+0	24,045000E+0	116,324000E+3	12,000000E+0
369	683,000000E+0	29,590000E+0	24,045000E+0	116,456000E+3	12,000000E+0
370	686,000000E+0	24,210000E+0	24,274000E+0	116,588000E+3	12,000000E+0
371	687,000000E+0	26,900000E+0	24,503000E+0	116,719000E+3	12,000000E+0
372	697,000000E+0	24,210000E+0	24,503000E+0	116,851000E+3	12,000000E+0
373	688,000000E+0	24,210000E+0	24,274000E+0	116,982000E+3	12,000000E+0
374	687,000000E+0	24,210000E+0	24,274000E+0	117,112000E+3	12,000000E+0
375	696,000000E+0	26,900000E+0	24,045000E+0	117,243000E+3	12,000000E+0
376	707,000000E+0	21,520000E+0	24,045000E+0	117,376000E+3	12,000000E+0
377	696,000000E+0	24,210000E+0	23,816000E+0	117,508000E+3	12,000000E+0
378	703,000000E+0	26,900000E+0	23,816000E+0	117,640000E+3	12,000000E+0
379	690,000000E+0	24,210000E+0	23,816000E+0	117,773000E+3	12,000000E+0
380	695,000000E+0	29,590000E+0	23,816000E+0	117,905000E+3	12,000000E+0
381	711,000000E+0	24,210000E+0	23,816000E+0	118,036000E+3	12,000000E+0
382	706,000000E+0	24,210000E+0	23,816000E+0	118,168000E+3	12,000000E+0
383	695,000000E+0	26,900000E+0	23,816000E+0	118,300000E+3	12,000000E+0
384	702,000000E+0	26,900000E+0	24,045000E+0	118,433000E+3	12,000000E+0
385	694,000000E+0	24,210000E+0	24,274000E+0	118,565000E+3	12,000000E+0
386	706,000000E+0	26,900000E+0	24,274000E+0	118,698000E+3	12,000000E+0
387	687,000000E+0	24,210000E+0	24,274000E+0	118,829000E+3	12,000000E+0
388	706,000000E+0	29,590000E+0	24,274000E+0	118,961000E+3	12,000000E+0
389	700,000000E+0	26,900000E+0	24,045000E+0	119,092000E+3	12,000000E+0
390	697,000000E+0	26,900000E+0	24,045000E+0	119,222000E+3	12,000000E+0
391	697,000000E+0	24,210000E+0	23,816000E+0	119,354000E+3	12,000000E+0
392	697,000000E+0	24,210000E+0	23,816000E+0	119,485000E+3	12,000000E+0
393	700,000000E+0	26,900000E+0	23,587000E+0	119,616000E+3	12,000000E+0
394	700,000000E+0	26,900000E+0	23,587000E+0	119,748000E+3	12,000000E+0
395	696,000000E+0	24,210000E+0	23,816000E+0	119,879000E+3	12,000000E+0
396	713,000000E+0	29,590000E+0	23,816000E+0	120,011000E+3	12,000000E+0
397	701,000000E+0	24,210000E+0	23,816000E+0	120,142000E+3	12,000000E+0
398	686,000000E+0	24,210000E+0	23,816000E+0	120,274000E+3	12,000000E+0
399	701,000000E+0	24,210000E+0	24,045000E+0	120,406000E+3	12,000000E+0
400	704,000000E+0	29,590000E+0	24,274000E+0	120,538000E+3	12,000000E+0
401	696,000000E+0	26,900000E+0	24,274000E+0	120,670000E+3	12,000000E+0
402	695,000000E+0	21,520000E+0	24,503000E+0	120,802000E+3	12,000000E+0
403	701,000000E+0	26,900000E+0	24,732000E+0	120,936000E+3	12,000000E+0
404	701,000000E+0	26,900000E+0	24,503000E+0	121,068000E+3	12,000000E+0
405	695,000000E+0	21,520000E+0	24,503000E+0	121,200000E+3	12,000000E+0
406	706,000000E+0	24,210000E+0	24,274000E+0	121,331000E+3	12,000000E+0
407	700,000000E+0	21,520000E+0	24,045000E+0	121,466000E+3	12,000000E+0
408	703,000000E+0	24,210000E+0	24,045000E+0	121,598000E+3	12,000000E+0
409	697,000000E+0	26,900000E+0	23,816000E+0	121,728000E+3	12,000000E+0
410	706,000000E+0	32,280000E+0	23,816000E+0	121,862000E+3	12,000000E+0
411	700,000000E+0	26,900000E+0	23,816000E+0	121,996000E+3	12,000000E+0
412	699,000000E+0	26,900000E+0	23,816000E+0	122,127000E+3	12,000000E+0
413	699,000000E+0	24,210000E+0	23,816000E+0	122,258000E+3	12,000000E+0
414	706,000000E+0	24,210000E+0	24,045000E+0	122,392000E+3	12,000000E+0
415	695,000000E+0	26,900000E+0	24,045000E+0	122,524000E+3	12,000000E+0
416	698,000000E+0	29,590000E+0	24,274000E+0	122,657000E+3	12,000000E+0
417	714,000000E+0	26,900000E+0	24,274000E+0	122,790000E+3	12,000000E+0
418	693,000000E+0	26,900000E+0	24,274000E+0	122,920000E+3	12,000000E+0
419	696,000000E+0	24,210000E+0	24,274000E+0	123,052000E+3	12,000000E+0
420	690,000000E+0	24,210000E+0	24,045000E+0	123,184000E+3	12,000000E+0
421	704,000000E+0	26,900000E+0	24,045000E+0	123,314000E+3	12,000000E+0
422	690,000000E+0	29,590000E+0	23,587000E+0	123,443000E+3	12,000000E+0
423	693,000000E+0	24,210000E+0	23,816000E+0	123,574000E+3	12,000000E+0
424	692,000000E+0	24,210000E+0	23,587000E+0	123,706000E+3	12,000000E+0
425	693,000000E+0	21,520000E+0	23,587000E+0	123,837000E+3	12,000000E+0
426	693,000000E+0	26,900000E+0	23,587000E+0	123,967000E+3	12,000000E+0
427	700,000000E+0	21,520000E+0	23,816000E+0	124,099000E+3	12,000000E+0
428	700,000000E+0	24,210000E+0	23,816000E+0	124,231000E+3	12,000000E+0
429	697,000000E+0	24,210000E+0	23,816000E+0	124,364000E+3	12,000000E+0
430	698,000000E+0	24,210000E+0	24,045000E+0	124,495000E+3	12,000000E+0
431	707,000000E+0	21,520000E+0	24,274000E+0	124,628000E+3	12,000000E+0
432	707,000000E+0	24,210000E+0	24,503000E+0	124,760000E+3	12,000000E+0
433	699,000000E+0	29,590000E+0	24,503000E+0	124,893000E+3	12,000000E+0
434	692,000000E+0	29,590000E+0	24,732000E+0	125,026000E+3	12,000000E+0
435	703,000000E+0	24,210000E+0	24,732000E+0	125,159000E+3	12,000000E+0
436	693,000000E+0	26,900000E+0	24,503000E+0	125,291000E+3	12,000000E+0
437	699,000000E+0	26,900000E+0	24,503000E+0	125,457000E+3	12,000000E+0
438	706,000000E+0	26,900000E+0	24,045000E+0	125,626000E+3	12,000000E+0
439	699,000000E+0	21,520000E+0	24,045000E+0	125,790000E+3	12,000000E+0
440	712,000000E+0	26,900000E+0	24,045000E+0	125,925000E+3	12,000000E+0
441	712,000000E+0	24,210000E+0	24,045000E+0	126,059000E+3	12,000000E+0
442	713,000000E+0	24,210000E+0	24,045000E+0	126,193000E+3	12,000000E+0
443	704,000000E+0	24,210000E+0	24,045000E+0	126,327000E+3	12,000000E+0
444	715,000000E+0	26,900000E+0	24,045000E+0	126,462000E+3	12,000000E+0
445	708,000000E+0	29,590000E+0	24,274000E+0	126,594000E+3	12,000000E+0
446	695,000000E+0	26,900000E+0	24,274000E+0	126,728000E+3	12,000000E+0
447	715,000000E+0	26,900000E+0	24,503000E+0	126,861000E+3	12,000000E+0
448	695,000000E+0	26,900000E+0	24,503000E+0	126,994000E+3	12,000000E+0
449	705,000000E+0	21,520000E+0	24,274000E+0	127,124000E+3	12,000000E+0
450	699,000000E+0	21,520000E+0	24,274000E+0	127,259000E+3	12,000000E+0
451	694,000000E+0	26,900000E+0	24,274000E+0	127,390000E+3	12,000000E+0
452	690,000000E+0	24,210000E+0	24,045000E+0	127,523000E+3	12,000000E+0
453	693,000000E+0	26,900000E+0	23,816000E+0	127,654000E+3	12,000000E+0
454	703,000000E+0	26,900000E+0	23,816000E+0	127,785000E+3	12,000000E+0
455	710,000000E+0	26,900000E+0	23,816000E+0	127,917000E+3	12,000000E+0
456	713,000000E+0	24,210000E+0	23,816000E+0	128,049000E+3	12,000000E+0
457	690,000000E+0	26,900000E+0	23,816000E+0	128,181000E+3	12,000000E+0
458	697,000000E+0	26,900000E+0	23,816000E+0	128,313000E+3	12,000000E+0
459	700,000000E+0	21,520000E+0	24,045000E+0	128,445000E+3	12,000000E+0
460	699,000000E+0	21,520000E+0	24,274000E+0	128,577000E+3	12,000000E+0
461	690,000000E+0	24,210000E+0	24,274000E+0	128,711000E+3	12,000000E+0
462	698,000000E+0	21,520000E+0	24,503000E+0	128,844000E+3	12,000000E+0
463	702,000000E+0	26,900000E+0	24,732000E+0	128,977000E+3	12,000000E+0
464	710,000000E+0	29,590000E+0	24,732000E+0	129,110000E+3	12,000000E+0
465	709,000000E+0	24,210000E+0	24,732000E+0	129,244000E+3	12,000000E+0
466	709,000000E+0	24,210000E+0	24,732000E+0	129,376000E+3	12,000000E+0
467	715,000000E+0	24,210000E+0	24,732000E+0	129,510000E+3	12,000000E+0
468	706,000000E+0	29,590000E+0	24,503000E+0	129,646000E+3	12,000000E+0
469	713,000000E+0	29,590000E+0	24,274000E+0	129,780000E+3	12,000000E+0
470	710,000000E+0	29,590000E+0	24,045000E+0	129,913000E+3	12,000000E+0
471	721,000000E+0	29,590000E+0	24,274000E+0	130,048000E+3	12,000000E+0
472	708,000000E+0	24,210000E+0	24,274000E+0	130,182000E+3	12,000000E+0
473	709,000000E+0	24,210000E+0	24,274000E+0	130,317000E+3	12,000000E+0
474	711,000000E+0	26,900000E+0	24,274000E+0	130,452000E+3	12,000000E+0
475	717,000000E+0	32,280000E+0	24,503000E+0	130,588000E+3	12,000000E+0
476	697,000000E+0	29,590000E+0	24,503000E+0	130,723000E+3	12,000000E+0
477	710,000000E+0	24,210000E+0	24,503000E+0	130,856000E+3	12,000000E+0
478	721,000000E+0	26,900000E+0	24,732000E+0	130,991000E+3	12,000000E+0
479	727,000000E+0	26,900000E+0	24,732000E+0	131,125000E+3	12,000000E+0
480	703,000000E+0	24,210000E+0	24,732000E+0	131,260000E+3	12,000000E+0
481	718,000000E+0	26,900000E+0	24,503000E+0	131,393000E+3	12,000000E+0
482	700,000000E+0	21,520000E+0	24,503000E+0	131,526000E+3	12,000000E+0
483	717,000000E+0	24,210000E+0	24,274000E+0	131,660000E+3	12,000000E+0
484	695,000000E+0	21,520000E+0	24,274000E+0	131,794000E+3	12,000000E+0
485	697,000000E+0	24,210000E+0	24,045000E+0	131,927000E+3	12,000000E+0
486	722,000000E+0	24,210000E+0	24,045000E+0	132,061000E+3	12,000000E+0
487	700,000000E+0	26,900000E+0	24,045000E+0	132,195000E+3	12,000000E+0
488	704,000000E+0	24,210000E+0	24,274000E+0	132,329000E+3	12,000000E+0
489	703,000000E+0	26,900000E+0	24,274000E+0	132,462000E+3	12,000000E+0
490	707,000000E+0	29,590000E+0	24,503000E+0	132,598000E+3	12,000000E+0
491	715,000000E+0	24,210000E+0	24,503000E+0	132,730000E+3	12,000000E+0
492	718,000000E+0	26,900000E+0	24,732000E+0	132,866000E+3	12,000000E+0
493	706,000000E+0	26,900000E+0	24,732000E+0	133,000000E+3	12,000000E+0
494	703,000000E+0	29,590000E+0	24,961000E+0	133,135000E+3	12,000000E+0
495	712,000000E+0	24,210000E+0	24,961000E+0	133,270000E+3	12,000000E+0
496	717,000000E+0	21,520000E+0	24,961000E+0	133,405000E+3	12,000000E+0
497	722,000000E+0	26,900000E+0	24,732000E+0	133,537000E+3	12,000000E+0
498	705,000000E+0	26,900000E+0	24,732000E+0	133,673000E+3	12,000000E+0
499	699,000000E+0	29,590000E+0	24,503000E+0	133,808000E+3	12,000000E+0
500	717,000000E+0	29,590000E+0	24,503000E+0	133,945000E+3	12,000000E+0
501	726,000000E+0	21,520000E+0	24,045000E+0	134,077000E+3	12,000000E+0
502	714,000000E+0	26,900000E+0	24,274000E+0	134,214000E+3	12,000000E+0
503	704,000000E+0	29,590000E+0	24,274000E+0	134,349000E+3	12,000000E+0
504	715,000000E+0	24,210000E+0	24,274000E+0	134,484000E+3	12,000000E+0
505	714,000000E+0	26,900000E+0	24,274000E+0	134,618000E+3	12,000000E+0
506	728,000000E+0	21,520000E+0	24,732000E+0	134,757000E+3	12,000000E+0
507	721,000000E+0	26,900000E+0	24,732000E+0	134,892000E+3	12,000000E+0
508	706,000000E+0	24,210000E+0	24,732000E+0	135,028000E+3	12,000000E+0
509	727,000000E+0	24,210000E+0	24,732000E+0	135,164000E+3	12,000000E+0
510	709,000000E+0	29,590000E+0	24,961000E+0	135,296000E+3	12,000000E+0
511	707,000000E+0	29,590000E+0	24,961000E+0	135,432000E+3	12,000000E+0
512	726,000000E+0	26,900000E+0	24,732000E+0	135,568000E+3	12,000000E+0
513	710,000000E+0	24,210000E+0	24,503000E+0	135,702000E+3	12,000000E+0
514	720,000000E+0	21,520000E+0	24,503000E+0	135,838000E+3	12,000000E+0
515	713,000000E+0	26,900000E+0	24,274000E+0	135,972000E+3	12,000000E+0
516	712,000000E+0	24,210000E+0	24,274000E+0	136,106000E+3	12,000000E+0
517	702,000000E+0	24,210000E+0	24,274000E+0	136,239000E+3	12,000000E+0
518	703,000000E+0	24,210000E+0	24,274000E+0	136,375000E+3	12,000000E+0
519	714,000000E+0	26,900000E+0	24,274000E+0	136,509000E+3	12,000000E+0
520	722,000000E+0	29,590000E+0	24,503000E+0	136,644000E+3	12,000000E+0
521	709,000000E+0	24,210000E+0	24,732000E+0	136,779000E+3	12,000000E+0
522	728,000000E+0	26,900000E+0	24,961000E+0	136,915000E+3	12,000000E+0
523	713,000000E+0	26,900000E+0	25,190000E+0	137,052000E+3	12,000000E+0
524	723,000000E+0	24,210000E+0	25,190000E+0	137,187000E+3	12,000000E+0
525	724,000000E+0	29,590000E+0	25,190000E+0	137,324000E+3	12,000000E+0
526	726,000000E+0	26,900000E+0	25,190000E+0	137,460000E+3	12,000000E+0
527	719,000000E+0	21,520000E+0	24,961000E+0	137,594000E+3	12,000000E+0
528	726,000000E+0	21,520000E+0	24,961000E+0	137,730000E+3	12,000000E+0
529	725,000000E+0	29,590000E+0	24,961000E+0	137,869000E+3	12,000000E+0
530	725,000000E+0	21,520000E+0	24,732000E+0	138,006000E+3	12,000000E+0
531	720,000000E+0	29,590000E+0	24,732000E+0	138,142000E+3	12,000000E+0
532	718,000000E+0	26,900000E+0	24,503000E+0	138,279000E+3	12,000000E+0
533	716,000000E+0	24,210000E+0	24,503000E+0	138,417000E+3	12,000000E+0
534	728,000000E+0	26,900000E+0	24,503000E+0	138,552000E+3	12,000000E+0
535	715,000000E+0	24,210000E+0	24,503000E+0	138,687000E+3	12,000000E+0
536	724,000000E+0	26,900000E+0	24,732000E+0	138,825000E+3	12,000000E+0
537	714,000000E+0	24,210000E+0	24,961000E+0	138,961000E+3	12,000000E+0
538	726,000000E+0	26,900000E+0	24,961000E+0	139,098000E+3	12,000000E+0
539	721,000000E+0	26,900000E+0	24,961000E+0	139,234000E+3	12,000000E+0
540	721,000000E+0	26,900000E+0	24,732000E+0	139,367000E+3	12,000000E+0
541	711,000000E+0	26,900000E+0	24,732000E+0	139,502000E+3	12,000000E+0
542	706,000000E+0	29,590000E+0	24,732000E+0	139,638000E+3	12,000000E+0
543	718,000000E+0	24,210000E+0	24,503000E+0	139,773000E+3	12,000000E+0
544	718,000000E+0	29,590000E+0	24,503000E+0	139,907000E+3	12,000000E+0
545	700,000000E+0	26,900000E+0	24,274000E+0	140,041000E+3	12,000000E+0
546	722,000000E+0	26,900000E+0	24,274000E+0	140,175000E+3	12,000000E+0
547	728,000000E+0	24,210000E+0	24,274000E+0	140,309000E+3	12,000000E+0
548	707,000000E+0	26,900000E+0	24,274000E+0	140,445000E+3	12,000000E+0
549	723,000000E+0	26,900000E+0	24,503000E+0	140,581000E+3	12,000000E+0
550	723,000000E+0	24,210000E+0	24,503000E+0	140,715000E+3	12,000000E+0
551	725,000000E+0	21,520000E+0	24,732000E+0	140,850000E+3	12,000000E+0
552	718,000000E+0	24,210000E+0	24,961000E+0	140,987000E+3	12,000000E+0
553	712,000000E+0	29,590000E+0	25,190000E+0	141,122000E+3	12,000000E+0
554	727,000000E+0	24,210000E+0	25,190000E+0	141,260000E+3	12,000000E+0
555	730,000000E+0	26,900000E+0	25,419000E+0	141,395000E+3	12,000000E+0
556	723,000000E+0	21,520000E+0	25,190000E+0	141,533000E+3	12,000000E+0
557	733,000000E+0	24,210000E+0	25,190000E+0	141,668000E+3	12,000000E+0
558	712,000000E+0	24,210000E+0	24,961000E+0	141,803000E+3	12,000000E+0
559	734,000000E+0	24,210000E+0	24,961000E+0	141,941000E+3	12,000000E+0
560	715,000000E+0	24,210000E+0	24,732000E+0	142,077000E+3	12,000000E+0
561	721,000000E+0	26,900000E+0	24,732000E+0	142,211000E+3	12,000000E+0
562	712,000000E+0	26,900000E+0	24,503000E+0	142,350000E+3	12,000000E+0
563	710,000000E+0	21,520000E+0	24,503000E+0	142,486000E+3	12,000000E+0
564	717,000000E+0	29,590000E+0	24,274000E+0	142,620000E+3	12,000000E+0
565	717,000000E+0	24,210000E+0	24,503000E+0	142,756000E+3	12,000000E+0
566	722,000000E+0	26,900000E+0	24,503000E+0	142,892000E+3	12,000000E+0
567	712,000000E+0	26,900000E+0	24,732000E+0	143,028000E+3	12,000000E+0
568	717,000000E+0	21,520000E+0	24,732000E+0	143,162000E+3	12,000000E+0
569	715,000000E+0	26,900000E+0	24,961000E+0	143,300000E+3	12,000000E+0
570	703,000000E+0	24,210000E+0	24,732000E+0	143,432000E+3	12,000000E+0
571	713,000000E+0	24,210000E+0	24,732000E+0	143,568000E+3	12,000000E+0
572	721,000000E+0	24,210000E+0	24,503000E+0	143,701000E+3	12,000000E+0
573	703,000000E+0	21,520000E+0	24,503000E+0	143,834000E+3	12,000000E+0
574	714,000000E+0	29,590000E+0	24,274000E+0	143,970000E+3	12,000000E+0
575	702,000000E+0	26,900000E+0	24,274000E+0	144,103000E+3	12,000000E+0
576	712,000000E+0	24,210000E+0	24,045000E+0	144,236000E+3	12,000000E+0
577	712,000000E+0	24,210000E+0	24,274000E+0	144,370000E+3	12,000000E+0
578	712,000000E+0	24,210000E+0	24,274000E+0	144,504000E+3	12,000000E+0
579	712,000000E+0	24,210000E+0	24,274000E+0	144,640000E+3	12,000000E+0
580	712,000000E+0	24,210000E+0	24,274000E+0	144,774000E+3	12,000000E+0
581	712,000000E+0	24,210000E+0	24,503000E+0	144,909000E+3	12,000000E+0
582	717,000000E+0	24,210000E+0	24,503000E+0	145,043000E+3	12,000000E+0
583	708,000000E+0	24,210000E+0	24,961000E+0	145,177000E+3	12,000000E+0
584	708,000000E+0	26,900000E+0	24,961000E+0	145,312000E+3	12,000000E+0
585	725,000000E+0	24,210000E+0	25,190000E+0	145,449000E+3	12,000000E+0
586	714,000000E+0	29,590000E+0	25,190000E+0	145,585000E+3	12,000000E+0
587	721,000000E+0	29,590000E+0	25,419000E+0	145,721000E+3	12,000000E+0
588	721,000000E+0	26,900000E+0	24,961000E+0	145,856000E+3	12,000000E+0
589	723,000000E+0	24,210000E+0	24,961000E+0	145,992000E+3	12,000000E+0
590	717,000000E+0	26,900000E+0	24,503000E+0	146,127000E+3	12,000000E+0
591	715,000000E+0	24,210000E+0	24,503000E+0	146,263000E+3	12,000000E+0
592	725,000000E+0	21,520000E+0	24,503000E+0	146,400000E+3	12,000000E+0
593	718,000000E+0	29,590000E+0	24,732000E+0	146,537000E+3	12,000000E+0
594	735,000000E+0	21,520000E+0	24,503000E+0	146,674000E+3	12,000000E+0
595	722,000000E+0	26,900000E+0	24,503000E+0	146,809000E+3	12,000000E+0
596	730,000000E+0	24,210000E+0	24,503000E+0	146,947000E+3	12,000000E+0
597	728,000000E+0	29,590000E+0	24,732000E+0	147,081000E+3	12,000000E+0
598	726,000000E+0	26,900000E+0	24,732000E+0	147,217000E+3	12,000000E+0
599	711,000000E+0	24,210000E+0	24,961000E+0	147,353000E+3	12,000000E+0
600	709,000000E+0	21,520000E+0	24,961000E+0	147,489000E+3	12,000000E+0
601	725,000000E+0	21,520000E+0	24,961000E+0	147,624000E+3	12,000000E+0
602	708,000000E+0	26,900000E+0	24,961000E+0	147,759000E+3	12,000000E+0
603	713,000000E+0	26,900000E+0	24,732000E+0	147,894000E+3	12,000000E+0
604	720,000000E+0	26,900000E+0	24,503000E+0	148,030000E+3	12,000000E+0
605	719,000000E+0	24,210000E+0	24,503000E+0	148,165000E+3	12,000000E+0
606	710,000000E+0	26,900000E+0	24,503000E+0	148,299000E+3	12,000000E+0
607	715,000000E+0	24,210000E+0	24,274000E+0	148,435000E+3	12,000000E+0
608	732,000000E+0	24,210000E+0	24,503000E+0	148,571000E+3	12,000000E+0
609	713,000000E+0	26,900000E+0	24,503000E+0	148,707000E+3	12,000000E+0
610	729,000000E+0	18,830000E+0	24,503000E+0	148,844000E+3	12,000000E+0
611	711,000000E+0	26,900000E+0	24,732000E+0	148,980000E+3	12,000000E+0
612	704,000000E+0	26,900000E+0	24,732000E+0	149,113000E+3	12,000000E+0
613	711,000000E+0	29,590000E+0	24,961000E+0	149,251000E+3	12,000000E+0
614	721,000000E+0	26,900000E+0	25,190000E+0	149,388000E+3	12,000000E+0
615	726,000000E+0	26,900000E+0	25,190000E+0	149,524000E+3	12,000000E+0
616	722,000000E+0	24,210000E+0	25,419000E+0	149,660000E+3	12,000000E+0
617	719,000000E+0	24,210000E+0	25,419000E+0	149,797000E+3	12,000000E+0
618	710,000000E+0	24,210000E+0	25,190000E+0	149,931000E+3	12,000000E+0
619	712,000000E+0	21,520000E+0	24,961000E+0	150,068000E+3	12,000000E+0
620	731,000000E+0	24,210000E+0	24,732000E+0	150,204000E+3	12,000000E+0
621	725,000000E+0	24,210000E+0	24,732000E+0	150,341000E+3	12,000000E+0
622	715,000000E+0	26,900000E+0	24,503000E+0	150,476000E+3	12,000000E+0
623	730,000000E+0	26,900000E+0	24,503000E+0	150,614000E+3	12,000000E+0
624	713,000000E+0	21,520000E+0	24,732000E+0	150,751000E+3	12,000000E+0
625	717,000000E+0	26,900000E+0	24,732000E+0	150,887000E+3	12,000000E+0
626	708,000000E+0	24,210000E+0	24,503000E+0	151,024000E+3	12,000000E+0
627	718,000000E+0	29,590000E+0	24,732000E+0	151,160000E+3	12,000000E+0
628	712,000000E+0	26,900000E+0	24,961000E+0	151,296000E+3	12,000000E+0
629	717,000000E+0	24,210000E+0	25,190000E+0	151,433000E+3	12,000000E+0
630	717,000000E+0	21,520000E+0	25,190000E+0	151,569000E+3	12,000000E+0
631	714,000000E+0	26,900000E+0	24,961000E+0	151,704000E+3	12,000000E+0
632	729,000000E+0	24,210000E+0	25,190000E+0	151,842000E+3	12,000000E+0
633	723,000000E+0	24,210000E+0	24,961000E+0	151,976000E+3	12,000000E+0
634	729,000000E+0	24,210000E+0	24,732000E+0	152,112000E+3	12,000000E+0
635	730,000000E+0	29,590000E+0	24,503000E+0	152,247000E+3	12,000000E+0
636	722,000000E+0	26,900000E+0	24,503000E+0	152,383000E+3	12,000000E+0
637	735,000000E+0	29,590000E+0	24,503000E+0	152,518000E+3	12,000000E+0
638	716,000000E+0	21,520000E+0	24,503000E+0	152,654000E+3	12,000000E+0
639	708,000000E+0	24,210000E+0	24,503000E+0	152,791000E+3	12,000000E+0
640	718,000000E+0	24,210000E+0	24,732000E+0	152,927000E+3	12,000000E+0
641	713,000000E+0	29,590000E+0	24,732000E+0	153,063000E+3	12,000000E+0
642	720,000000E+0	24,210000E+0	24,961000E+0	153,200000E+3	12,000000E+0
643	725,000000E+0	29,590000E+0	25,190000E+0	153,336000E+3	12,000000E+0
644	720,000000E+0	26,900000E+0	25,419000E+0	153,474000E+3	12,000000E+0
645	737,000000E+0	24,210000E+0	25,419000E+0	153,615000E+3	12,000000E+0
646	728,000000E+0	29,590000E+0	25,419000E+0	153,747000E+3	12,000000E+0
647	725,000000E+0	24,210000E+0	25,190000E+0	153,884000E+3	12,000000E+0
648	718,000000E+0	26,900000E+0	25,190000E+0	154,020000E+3	12,000000E+0
649	718,000000E+0	24,210000E+0	25,190000E+0	154,158000E+3	12,000000E+0
650	727,000000E+0	24,210000E+0	24,961000E+0	154,295000E+3	12,000000E+0
651	731,000000E+0	24,210000E+0	24,732000E+0	154,432000E+3	12,000000E+0
652	721,000000E+0	26,900000E+0	24,503000E+0	154,567000E+3	12,000000E+0
653	722,000000E+0	29,590000E+0	24,503000E+0	154,706000E+3	12,000000E+0
654	737,000000E+0	24,210000E+0	24,732000E+0	154,843000E+3	12,000000E+0
655	733,000000E+0	24,210000E+0	24,732000E+0	154,980000E+3	12,000000E+0
656	732,000000E+0	21,520000E+0	24,961000E+0	155,119000E+3	12,000000E+0
657	722,000000E+0	26,900000E+0	24,961000E+0	155,256000E+3	12,000000E+0
658	732,000000E+0	24,210000E+0	24,961000E+0	155,394000E+3	12,000000E+0
659	736,000000E+0	29,590000E+0	25,190000E+0	155,530000E+3	12,000000E+0
660	727,000000E+0	26,900000E+0	25,190000E+0	155,667000E+3	12,000000E+0
661	718,000000E+0	24,210000E+0	25,190000E+0	155,802000E+3	12,000000E+0
662	718,000000E+0	24,210000E+0	25,190000E+0	155,941000E+3	12,000000E+0
663	725,000000E+0	21,520000E+0	24,961000E+0	156,074000E+3	12,000000E+0
664	715,000000E+0	24,210000E+0	24,961000E+0	156,212000E+3	12,000000E+0
665	710,000000E+0	26,900000E+0	24,732000E+0	156,348000E+3	12,000000E+0
666	714,000000E+0	29,590000E+0	24,503000E+0	156,482000E+3	12,000000E+0
667	723,000000E+0	29,590000E+0	24,274000E+0	156,619000E+3	12,000000E+0
668	727,000000E+0	29,590000E+0	24,503000E+0	156,753000E+3	12,000000E+0
669	736,000000E+0	26,900000E+0	24,503000E+0	156,891000E+3	12,000000E+0
670	714,000000E+0	24,210000E+0	24,732000E+0	157,028000E+3	12,000000E+0
671	721,000000E+0	21,520000E+0	24,732000E+0	157,164000E+3	12,000000E+0
672	722,000000E+0	24,210000E+0	24,961000E+0	157,300000E+3	12,000000E+0
673	732,000000E+0	24,210000E+0	25,190000E+0	157,436000E+3	12,000000E+0
674	713,000000E+0	26,900000E+0	25,190000E+0	157,573000E+3	12,000000E+0
675	725,000000E+0	29,590000E+0	25,419000E+0	157,711000E+3	12,000000E+0
676	735,000000E+0	26,900000E+0	25,648000E+0	157,848000E+3	12,000000E+0
677	742,000000E+0	21,520000E+0	25,419000E+0	157,986000E+3	12,000000E+0
678	726,000000E+0	24,210000E+0	25,419000E+0	158,123000E+3	12,000000E+0
679	719,000000E+0	26,900000E+0	25,419000E+0	158,263000E+3	12,000000E+0
680	726,000000E+0	26,900000E+0	25,190000E+0	158,401000E+3	12,000000E+0
681	719,000000E+0	26,900000E+0	24,961000E+0	158,542000E+3	12,000000E+0
682	718,000000E+0	21,520000E+0	24,732000E+0	158,676000E+3	12,000000E+0
683	722,000000E+0	26,900000E+0	24,961000E+0	158,815000E+3	12,000000E+0
684	735,000000E+0	29,590000E+0	24,961000E+0	158,953000E+3	12,000000E+0
685	746,000000E+0	26,900000E+0	24,961000E+0	159,091000E+3	12,000000E+0
686	740,000000E+0	24,210000E+0	24,961000E+0	159,231000E+3	12,000000E+0
687	742,000000E+0	26,900000E+0	25,190000E+0	159,369000E+3	12,000000E+0
688	726,000000E+0	24,210000E+0	25,419000E+0	159,508000E+3	12,000000E+0
689	730,000000E+0	21,520000E+0	25,190000E+0	159,646000E+3	12,000000E+0
690	730,000000E+0	24,210000E+0	25,419000E+0	159,783000E+3	12,000000E+0
691	728,000000E+0	26,900000E+0	25,419000E+0	159,923000E+3	12,000000E+0
692	718,000000E+0	26,900000E+0	25,190000E+0	160,060000E+3	12,000000E+0
693	726,000000E+0	29,590000E+0	25,190000E+0	160,195000E+3	12,000000E+0
694	733,000000E+0	21,520000E+0	24,732000E+0	160,332000E+3	12,000000E+0
695	721,000000E+0	24,210000E+0	24,961000E+0	160,470000E+3	12,000000E+0
696	728,000000E+0	24,210000E+0	24,732000E+0	160,606000E+3	12,000000E+0
697	727,000000E+0	24,210000E+0	24,503000E+0	160,743000E+3	12,000000E+0
698	717,000000E+0	26,900000E+0	24,732000E+0	160,880000E+3	12,000000E+0
699	730,000000E+0	26,900000E+0	24,732000E+0	161,017000E+3	12,000000E+0
700	731,000000E+0	21,520000E+0	24,732000E+0	161,154000E+3	12,000000E+0
701	715,000000E+0	26,900000E+0	24,961000E+0	161,291000E+3	12,000000E+0
702	726,000000E+0	24,210000E+0	25,190000E+0	161,428000E+3	12,000000E+0
703	731,000000E+0	21,520000E+0	25,419000E+0	161,566000E+3	12,000000E+0
704	738,000000E+0	24,210000E+0	25,419000E+0	161,704000E+3	12,000000E+0
705	722,000000E+0	24,210000E+0	25,648000E+0	161,843000E+3	12,000000E+0
706	742,000000E+0	26,900000E+0	25,648000E+0	161,980000E+3	12,000000E+0
707	740,000000E+0	24,210000E+0	25,648000E+0	162,119000E+3	12,000000E+0
708	732,000000E+0	21,520000E+0	25,419000E+0	162,256000E+3	12,000000E+0
709	739,000000E+0	24,210000E+0	25,419000E+0	162,394000E+3	12,000000E+0
710	735,000000E+0	24,210000E+0	25,419000E+0	162,536000E+3	12,000000E+0
711	723,000000E+0	24,210000E+0	24,961000E+0	162,672000E+3	12,000000E+0
712	722,000000E+0	24,210000E+0	24,961000E+0	162,813000E+3	12,000000E+0
713	720,000000E+0	26,900000E+0	24,732000E+0	162,949000E+3	12,000000E+0
714	737,000000E+0	29,590000E+0	24,961000E+0	163,089000E+3	12,000000E+0
715	740,000000E+0	29,590000E+0	24,961000E+0	163,227000E+3	12,000000E+0
716	743,000000E+0	29,590000E+0	25,190000E+0	163,367000E+3	12,000000E+0
717	742,000000E+0	26,900000E+0	25,419000E+0	163,506000E+3	12,000000E+0
718	743,000000E+0	26,900000E+0	25,419000E+0	163,643000E+3	12,000000E+0
719	733,000000E+0	26,900000E+0	25,648000E+0	163,785000E+3	12,000000E+0
720	734,000000E+0	21,520000E+0	25,419000E+0	163,920000E+3	12,000000E+0
721	744,000000E+0	21,520000E+0	25,419000E+0	164,061000E+3	12,000000E+0
722	740,000000E+0	21,520000E+0	25,419000E+0	164,198000E+3	12,000000E+0
723	727,000000E+0	24,210000E+0	25,190000E+0	164,335000E+3	12,000000E+0
724	734,000000E+0	24,210000E+0	24,961000E+0	164,473000E+3	12,000000E+0
725	736,000000E+0	29,590000E+0	24,961000E+0	164,609000E+3	12,000000E+0
726	736,000000E+0	26,900000E+0	24,961000E+0	164,747000E+3	12,000000E+0
727	725,000000E+0	21,520000E+0	24,732000E+0	164,884000E+3	12,000000E+0
728	724,000000E+0	24,210000E+0	24,961000E+0	165,022000E+3	12,000000E+0
729	724,000000E+0	26,900000E+0	24,961000E+0	165,161000E+3	12,000000E+0
730	736,000000E+0	26,900000E+0	24,961000E+0	165,299000E+3	12,000000E+0
731	733,000000E+0	24,210000E+0	25,190000E+0	165,437000E+3	12,000000E+0
732	733,000000E+0	24,210000E+0	25,190000E+0	165,575000E+3	12,000000E+0
733	719,000000E+0	24,210000E+0	25,419000E+0	165,713000E+3	12,000000E+0
734	722,000000E+0	24,210000E+0	25,648000E+0	165,852000E+3	12,000000E+0
735	737,000000E+0	32,280000E+0	25,648000E+0	165,990000E+3	12,000000E+0
736	733,000000E+0	21,520000E+0	25,419000E+0	166,128000E+3	12,000000E+0
737	728,000000E+0	24,210000E+0	25,648000E+0	166,264000E+3	12,000000E+0
738	726,000000E+0	21,520000E+0	25,419000E+0	166,403000E+3	12,000000E+0
739	726,000000E+0	24,210000E+0	25,419000E+0	166,544000E+3	12,000000E+0
740	747,000000E+0	26,900000E+0	25,190000E+0	166,683000E+3	12,000000E+0
741	741,000000E+0	21,520000E+0	25,190000E+0	166,823000E+3	12,000000E+0
742	738,000000E+0	24,210000E+0	24,961000E+0	166,964000E+3	12,000000E+0
743	742,000000E+0	26,900000E+0	25,190000E+0	167,103000E+3	12,000000E+0
744	718,000000E+0	21,520000E+0	24,732000E+0	167,240000E+3	12,000000E+0
745	743,000000E+0	26,900000E+0	25,190000E+0	167,379000E+3	12,000000E+0
746	725,000000E+0	24,210000E+0	25,190000E+0	167,519000E+3	12,000000E+0
747	725,000000E+0	24,210000E+0	25,419000E+0	167,657000E+3	12,000000E+0
748	723,000000E+0	26,900000E+0	25,419000E+0	167,796000E+3	12,000000E+0
749	729,000000E+0	24,210000E+0	25,648000E+0	167,935000E+3	12,000000E+0
750	716,000000E+0	24,210000E+0	25,419000E+0	168,072000E+3	12,000000E+0
751	717,000000E+0	24,210000E+0	25,419000E+0	168,211000E+3	12,000000E+0
752	742,000000E+0	26,900000E+0	25,190000E+0	168,348000E+3	12,000000E+0
753	735,000000E+0	26,900000E+0	25,190000E+0	168,486000E+3	12,000000E+0
754	724,000000E+0	21,520000E+0	24,961000E+0	168,623000E+3	12,000000E+0
755	717,000000E+0	24,210000E+0	24,961000E+0	168,760000E+3	12,000000E+0
756	720,000000E+0	24,210000E+0	24,732000E+0	168,899000E+3	12,000000E+0
757	732,000000E+0	26,900000E+0	24,961000E+0	169,037000E+3	12,000000E+0
758	726,000000E+0	24,210000E+0	24,961000E+0	169,175000E+3	12,000000E+0
759	734,000000E+0	26,900000E+0	24,961000E+0	169,314000E+3	12,000000E+0
760	726,000000E+0	24,210000E+0	25,190000E+0	169,450000E+3	12,000000E+0
761	742,000000E+0	26,900000E+0	25,419000E+0	169,591000E+3	12,000000E+0
762	731,000000E+0	26,900000E+0	25,648000E+0	169,729000E+3	12,000000E+0
763	737,000000E+0	21,520000E+0	25,648000E+0	169,869000E+3	12,000000E+0
764	742,000000E+0	24,210000E+0	25,877000E+0	170,010000E+3	12,000000E+0
765	742,000000E+0	26,900000E+0	25,877000E+0	170,148000E+3	12,000000E+0
766	751,000000E+0	26,900000E+0	25,877000E+0	170,289000E+3	12,000000E+0
767	738,000000E+0	29,590000E+0	25,648000E+0	170,427000E+3	12,000000E+0
768	748,000000E+0	24,210000E+0	25,419000E+0	170,567000E+3	12,000000E+0
769	745,000000E+0	26,900000E+0	25,190000E+0	170,705000E+3	12,000000E+0
770	744,000000E+0	24,210000E+0	24,961000E+0	170,844000E+3	12,000000E+0
771	734,000000E+0	26,900000E+0	25,190000E+0	170,984000E+3	12,000000E+0
772	729,000000E+0	24,210000E+0	25,190000E+0	171,125000E+3	12,000000E+0
773	743,000000E+0	26,900000E+0	25,190000E+0	171,264000E+3	12,000000E+0
774	738,000000E+0	24,210000E+0	24,961000E+0	171,400000E+3	12,000000E+0
775	748,000000E+0	21,520000E+0	25,190000E+0	171,541000E+3	12,000000E+0
776	745,000000E+0	26,900000E+0	25,419000E+0	171,680000E+3	12,000000E+0
777	733,000000E+0	26,900000E+0	25,419000E+0	171,819000E+3	12,000000E+0
778	752,000000E+0	24,210000E+0	25,648000E+0	171,959000E+3	12,000000E+0
779	735,000000E+0	29,590000E+0	25,648000E+0	172,096000E+3	12,000000E+0
780	735,000000E+0	29,590000E+0	25,648000E+0	172,237000E+3	12,000000E+0
781	737,000000E+0	26,900000E+0	25,419000E+0	172,375000E+3	12,000000E+0
782	730,000000E+0	26,900000E+0	25,419000E+0	172,513000E+3	12,000000E+0
783	734,000000E+0	21,520000E+0	25,190000E+0	172,651000E+3	12,000000E+0
784	738,000000E+0	24,210000E+0	25,190000E+0	172,788000E+3	12,000000E+0
785	741,000000E+0	26,900000E+0	24,961000E+0	172,926000E+3	12,000000E+0
786	736,000000E+0	24,210000E+0	24,961000E+0	173,065000E+3	12,000000E+0
787	726,000000E+0	24,210000E+0	25,190000E+0	173,204000E+3	12,000000E+0
788	726,000000E+0	21,520000E+0	25,190000E+0	173,344000E+3	12,000000E+0
789	733,000000E+0	24,210000E+0	25,190000E+0	173,484000E+3	12,000000E+0
790	741,000000E+0	24,210000E+0	25,419000E+0	173,622000E+3	12,000000E+0
791	747,000000E+0	26,900000E+0	25,648000E+0	173,763000E+3	12,000000E+0
792	756,000000E+0	26,900000E+0	25,877000E+0	173,903000E+3	12,000000E+0
793	737,000000E+0	26,900000E+0	25,877000E+0	174,044000E+3	12,000000E+0
794	742,000000E+0	26,900000E+0	26,106000E+0	174,184000E+3	12,000000E+0
795	748,000000E+0	24,210000E+0	26,106000E+0	174,325000E+3	12,000000E+0
796	755,000000E+0	26,900000E+0	26,106000E+0	174,466000E+3	12,000000E+0
797	739,000000E+0	24,210000E+0	25,877000E+0	174,605000E+3	12,000000E+0
798	746,000000E+0	24,210000E+0	25,648000E+0	174,749000E+3	12,000000E+0
799	746,000000E+0	26,900000E+0	25,419000E+0	174,889000E+3	12,000000E+0
800	741,000000E+0	29,590000E+0	25,419000E+0	175,029000E+3	12,000000E+0
801	742,000000E+0	24,210000E+0	25,190000E+0	175,171000E+3	12,000000E+0
802	756,000000E+0	26,900000E+0	25,419000E+0	175,313000E+3	12,000000E+0
803	738,000000E+0	26,900000E+0	25,419000E+0	175,453000E+3	12,000000E+0
804	730,000000E+0	24,210000E+0	25,419000E+0	175,594000E+3	12,000000E+0
805	730,000000E+0	24,210000E+0	25,419000E+0	175,734000E+3	12,000000E+0
806	748,000000E+0	21,520000E+0	25,648000E+0	175,874000E+3	12,000000E+0
807	747,000000E+0	24,210000E+0	25,648000E+0	176,013000E+3	12,000000E+0
808	745,000000E+0	21,520000E+0	25,877000E+0	176,156000E+3	12,000000E+0
809	726,000000E+0	24,210000E+0	25,648000E+0	176,293000E+3	12,000000E+0
810	739,000000E+0	24,210000E+0	25,648000E+0	176,432000E+3	12,000000E+0
811	741,000000E+0	26,900000E+0	25,648000E+0	176,572000E+3	12,000000E+0
812	738,000000E+0	26,900000E+0	25,190000E+0	176,711000E+3	12,000000E+0
813	738,000000E+0	21,520000E+0	25,190000E+0	176,849000E+3	12,000000E+0
814	746,000000E+0	24,210000E+0	25,190000E+0	176,989000E+3	12,000000E+0
815	732,000000E+0	24,210000E+0	24,961000E+0	177,126000E+3	12,000000E+0
816	748,000000E+0	26,900000E+0	25,190000E+0	177,267000E+3	12,000000E+0
817	746,000000E+0	26,900000E+0	25,190000E+0	177,407000E+3	12,000000E+0
818	742,000000E+0	21,520000E+0	25,190000E+0	177,546000E+3	12,000000E+0
819	731,000000E+0	24,210000E+0	25,419000E+0	177,685000E+3	12,000000E+0
820	743,000000E+0	24,210000E+0	25,419000E+0	177,825000E+3	12,000000E+0
821	744,000000E+0	26,900000E+0	25,648000E+0	177,964000E+3	12,000000E+0
822	750,000000E+0	24,210000E+0	25,877000E+0	178,104000E+3	12,000000E+0
823	731,000000E+0	29,590000E+0	25,877000E+0	178,243000E+3	12,000000E+0
824	732,000000E+0	29,590000E+0	25,877000E+0	178,383000E+3	12,000000E+0
825	728,000000E+0	26,900000E+0	25,877000E+0	178,522000E+3	12,000000E+0
826	742,000000E+0	21,520000E+0	25,877000E+0	178,662000E+3	12,000000E+0
827	753,000000E+0	24,210000E+0	25,648000E+0	178,805000E+3	12,000000E+0
828	737,000000E+0	29,590000E+0	25,419000E+0	178,945000E+3	12,000000E+0
829	752,000000E+0	29,590000E+0	25,190000E+0	179,082000E+3	12,000000E+0
830	744,000000E+0	29,590000E+0	25,190000E+0	179,223000E+3	12,000000E+0
831	733,000000E+0	24,210000E+0	25,419000E+0	179,365000E+3	12,000000E+0
832	732,000000E+0	21,520000E+0	25,190000E+0	179,505000E+3	12,000000E+0
833	745,000000E+0	26,900000E+0	25,419000E+0	179,647000E+3	12,000000E+0
834	746,000000E+0	29,590000E+0	25,419000E+0	179,787000E+3	12,000000E+0
835	732,000000E+0	26,900000E+0	25,648000E+0	179,926000E+3	12,000000E+0
836	735,000000E+0	24,210000E+0	25,648000E+0	180,066000E+3	12,000000E+0
837	736,000000E+0	21,520000E+0	25,877000E+0	180,208000E+3	12,000000E+0
838	749,000000E+0	24,210000E+0	25,648000E+0	180,345000E+3	12,000000E+0
839	752,000000E+0	26,900000E+0	25,648000E+0	180,486000E+3	12,000000E+0
840	735,000000E+0	29,590000E+0	25,648000E+0	180,624000E+3	12,000000E+0
841	726,000000E+0	24,210000E+0	25,419000E+0	180,764000E+3	12,000000E+0
842	728,000000E+0	26,900000E+0	25,190000E+0	180,903000E+3	12,000000E+0
843	726,000000E+0	26,900000E+0	25,190000E+0	181,042000E+3	12,000000E+0
844	731,000000E+0	24,210000E+0	24,961000E+0	181,182000E+3	12,000000E+0
845	734,000000E+0	24,210000E+0	25,190000E+0	181,320000E+3	12,000000E+0
846	732,000000E+0	21,520000E+0	25,190000E+0	181,460000E+3	12,000000E+0
847	745,000000E+0	24,210000E+0	25,190000E+0	181,601000E+3	12,000000E+0
848	743,000000E+0	26,900000E+0	25,419000E+0	181,741000E+3	12,000000E+0
849	734,000000E+0	26,900000E+0	25,648000E+0	181,880000E+3	12,000000E+0
850	737,000000E+0	26,900000E+0	25,648000E+0	182,018000E+3	12,000000E+0
851	725,000000E+0	29,590000E+0	25,877000E+0	182,160000E+3	12,000000E+0
852	737,000000E+0	26,900000E+0	25,877000E+0	182,299000E+3	12,000000E+0
853	729,000000E+0	24,210000E+0	26,106000E+0	182,440000E+3	12,000000E+0
854	744,000000E+0	24,210000E+0	26,106000E+0	182,580000E+3	12,000000E+0
855	756,000000E+0	21,520000E+0	25,877000E+0	182,719000E+3	12,000000E+0
856	733,000000E+0	24,210000E+0	25,877000E+0	182,863000E+3	12,000000E+0
857	749,000000E+0	21,520000E+0	25,648000E+0	183,012000E+3	12,000000E+0
858	736,000000E+0	26,900000E+0	25,419000E+0	183,141000E+3	12,000000E+0
859	743,000000E+0	26,900000E+0	25,419000E+0	183,286000E+3	12,000000E+0
860	729,000000E+0	24,210000E+0	25,419000E+0	183,424000E+3	12,000000E+0
861	750,000000E+0	24,210000E+0	25,419000E+0	183,567000E+3	12,000000E+0
862	753,000000E+0	29,590000E+0	25,419000E+0	183,707000E+3	12,000000E+0
863	737,000000E+0	26,900000E+0	25,648000E+0	183,849000E+3	12,000000E+0
864	745,000000E+0	24,210000E+0	25,648000E+0	183,990000E+3	12,000000E+0
865	745,000000E+0	26,900000E+0	25,648000E+0	184,130000E+3	12,000000E+0
866	738,000000E+0	29,590000E+0	25,648000E+0	184,271000E+3	12,000000E+0
867	728,000000E+0	26,900000E+0	25,877000E+0	184,411000E+3	12,000000E+0
868	730,000000E+0	24,210000E+0	25,648000E+0	184,550000E+3	12,000000E+0
869	739,000000E+0	24,210000E+0	25,648000E+0	184,689000E+3	12,000000E+0
870	752,000000E+0	24,210000E+0	25,419000E+0	184,828000E+3	12,000000E+0
871	743,000000E+0	24,210000E+0	25,419000E+0	184,968000E+3	12,000000E+0
872	747,000000E+0	26,900000E+0	25,190000E+0	185,106000E+3	12,000000E+0
873	738,000000E+0	26,900000E+0	25,190000E+0	185,246000E+3	12,000000E+0
874	749,000000E+0	26,900000E+0	24,961000E+0	185,384000E+3	12,000000E+0
875	730,000000E+0	29,590000E+0	25,190000E+0	185,525000E+3	12,000000E+0
876	753,000000E+0	26,900000E+0	25,190000E+0	185,663000E+3	12,000000E+0
877	733,000000E+0	26,900000E+0	25,419000E+0	185,804000E+3	12,000000E+0
878	760,000000E+0	21,520000E+0	25,648000E+0	185,946000E+3	12,000000E+0
879	749,000000E+0	26,900000E+0	25,877000E+0	186,086000E+3	12,000000E+0
880	752,000000E+0	26,900000E+0	26,106000E+0	186,227000E+3	12,000000E+0
881	735,000000E+0	24,210000E+0	26,106000E+0	186,368000E+3	12,000000E+0
882	745,000000E+0	21,520000E+0	26,106000E+0	186,509000E+3	12,000000E+0
883	752,000000E+0	29,590000E+0	26,106000E+0	186,651000E+3	12,000000E+0
884	745,000000E+0	26,900000E+0	25,877000E+0	186,790000E+3	12,000000E+0
885	755,000000E+0	26,900000E+0	25,877000E+0	186,932000E+3	12,000000E+0
886	738,000000E+0	24,210000E+0	25,877000E+0	187,074000E+3	12,000000E+0
887	758,000000E+0	26,900000E+0	25,648000E+0	187,216000E+3	12,000000E+0
888	754,000000E+0	26,900000E+0	25,419000E+0	187,357000E+3	12,000000E+0
889	732,000000E+0	24,210000E+0	25,419000E+0	187,499000E+3	12,000000E+0
890	752,000000E+0	24,210000E+0	25,419000E+0	187,640000E+3	12,000000E+0
891	746,000000E+0	26,900000E+0	25,419000E+0	187,781000E+3	12,000000E+0
892	736,000000E+0	21,520000E+0	25,648000E+0	187,924000E+3	12,000000E+0
893	761,000000E+0	26,900000E+0	25,648000E+0	188,064000E+3	12,000000E+0
894	734,000000E+0	24,210000E+0	25,877000E+0	188,205000E+3	12,000000E+0
895	756,000000E+0	24,210000E+0	25,877000E+0	188,348000E+3	12,000000E+0
896	747,000000E+0	24,210000E+0	25,877000E+0	188,486000E+3	12,000000E+0
897	738,000000E+0	26,900000E+0	25,648000E+0	188,627000E+3	12,000000E+0
898	734,000000E+0	26,900000E+0	25,877000E+0	188,768000E+3	12,000000E+0
899	730,000000E+0	24,210000E+0	25,648000E+0	188,907000E+3	12,000000E+0
900	744,000000E+0	21,520000E+0	25,419000E+0	189,047000E+3	12,000000E+0
901	750,000000E+0	26,900000E+0	25,190000E+0	189,185000E+3	12,000000E+0
902	739,000000E+0	29,590000E+0	25,419000E+0	189,325000E+3	12,000000E+0
903	728,000000E+0	26,900000E+0	25,190000E+0	189,466000E+3	12,000000E+0
904	756,000000E+0	26,900000E+0	25,419000E+0	189,609000E+3	12,000000E+0
905	741,000000E+0	26,900000E+0	25,419000E+0	189,748000E+3	12,000000E+0
906	748,000000E+0	24,210000E+0	25,648000E+0	189,888000E+3	12,000000E+0
907	749,000000E+0	21,520000E+0	25,648000E+0	190,029000E+3	12,000000E+0
908	755,000000E+0	24,210000E+0	25,877000E+0	190,170000E+3	12,000000E+0
909	739,000000E+0	24,210000E+0	26,106000E+0	190,312000E+3	12,000000E+0
910	756,000000E+0	24,210000E+0	26,335000E+0	190,454000E+3	12,000000E+0
911	739,000000E+0	29,590000E+0	26,335000E+0	190,595000E+3	12,000000E+0
912	749,000000E+0	24,210000E+0	26,106000E+0	190,737000E+3	12,000000E+0
913	752,000000E+0	26,900000E+0	26,106000E+0	190,879000E+3	12,000000E+0
914	745,000000E+0	24,210000E+0	25,877000E+0	191,020000E+3	12,000000E+0
915	755,000000E+0	26,900000E+0	25,648000E+0	191,161000E+3	12,000000E+0
916	737,000000E+0	26,900000E+0	25,648000E+0	191,304000E+3	12,000000E+0
917	763,000000E+0	24,210000E+0	25,648000E+0	191,446000E+3	12,000000E+0
918	734,000000E+0	29,590000E+0	25,648000E+0	191,588000E+3	12,000000E+0
919	755,000000E+0	21,520000E+0	25,419000E+0	191,730000E+3	12,000000E+0
920	747,000000E+0	26,900000E+0	25,419000E+0	191,870000E+3	12,000000E+0
921	737,000000E+0	26,900000E+0	25,648000E+0	192,013000E+3	12,000000E+0
922	743,000000E+0	21,520000E+0	25,648000E+0	192,153000E+3	12,000000E+0
923	761,000000E+0	26,900000E+0	25,877000E+0	192,294000E+3	12,000000E+0
924	749,000000E+0	21,520000E+0	25,877000E+0	192,437000E+3	12,000000E+0
925	753,000000E+0	24,210000E+0	25,877000E+0	192,575000E+3	12,000000E+0
926	743,000000E+0	29,590000E+0	25,877000E+0	192,718000E+3	12,000000E+0
927	732,000000E+0	26,900000E+0	25,648000E+0	192,857000E+3	12,000000E+0
928	754,000000E+0	18,830000E+0	25,648000E+0	192,998000E+3	12,000000E+0
929	750,000000E+0	24,210000E+0	25,419000E+0	193,137000E+3	12,000000E+0
930	749,000000E+0	29,590000E+0	25,419000E+0	193,276000E+3	12,000000E+0
931	742,000000E+0	26,900000E+0	25,190000E+0	193,416000E+3	12,000000E+0
932	739,000000E+0	21,520000E+0	25,190000E+0	193,556000E+3	12,000000E+0
933	757,000000E+0	26,900000E+0	25,419000E+0	193,698000E+3	12,000000E+0
934	735,000000E+0	24,210000E+0	25,419000E+0	193,838000E+3	12,000000E+0
935	731,000000E+0	24,210000E+0	25,648000E+0	193,980000E+3	12,000000E+0
936	743,000000E+0	21,520000E+0	25,648000E+0	194,120000E+3	12,000000E+0
937	755,000000E+0	26,900000E+0	25,877000E+0	194,261000E+3	12,000000E+0
938	739,000000E+0	26,900000E+0	26,106000E+0	194,402000E+3	12,000000E+0
939	755,000000E+0	26,900000E+0	26,335000E+0	194,543000E+3	12,000000E+0
940	745,000000E+0	29,590000E+0	26,335000E+0	194,686000E+3	12,000000E+0
941	750,000000E+0	24,210000E+0	26,335000E+0	194,828000E+3	12,000000E+0
942	748,000000E+0	29,590000E+0	26,106000E+0	194,969000E+3	12,000000E+0
943	743,000000E+0	21,520000E+0	26,106000E+0	195,112000E+3	12,000000E+0
944	748,000000E+0	29,590000E+0	25,877000E+0	195,254000E+3	12,000000E+0
945	751,000000E+0	21,520000E+0	25,648000E+0	195,396000E+3	12,000000E+0
946	747,000000E+0	26,900000E+0	25,419000E+0	195,538000E+3	12,000000E+0
947	758,000000E+0	24,210000E+0	25,648000E+0	195,681000E+3	12,000000E+0
948	742,000000E+0	26,900000E+0	25,648000E+0	195,824000E+3	12,000000E+0
949	759,000000E+0	26,900000E+0	25,419000E+0	195,965000E+3	12,000000E+0
950	758,000000E+0	26,900000E+0	25,648000E+0	196,108000E+3	12,000000E+0
951	760,000000E+0	24,210000E+0	25,877000E+0	196,249000E+3	12,000000E+0
952	757,000000E+0	29,590000E+0	25,877000E+0	196,391000E+3	12,000000E+0
953	747,000000E+0	21,520000E+0	26,106000E+0	196,534000E+3	12,000000E+0
954	742,000000E+0	26,900000E+0	26,106000E+0	196,674000E+3	12,000000E+0
955	752,000000E+0	24,210000E+0	26,106000E+0	196,817000E+3	12,000000E+0
956	754,000000E+0	29,590000E+0	25,877000E+0	196,958000E+3	12,000000E+0
957	736,000000E+0	24,210000E+0	25,877000E+0	197,098000E+3	12,000000E+0
958	750,000000E+0	21,520000E+0	25,648000E+0	197,239000E+3	12,000000E+0
959	745,000000E+0	29,590000E+0	25,419000E+0	197,378000E+3	12,000000E+0
960	740,000000E+0	21,520000E+0	25,419000E+0	197,519000E+3	12,000000E+0
961	755,000000E+0	26,900000E+0	25,419000E+0	197,660000E+3	12,000000E+0
962	746,000000E+0	29,590000E+0	25,648000E+0	197,802000E+3	12,000000E+0
963	742,000000E+0	21,520000E+0	25,648000E+0	197,944000E+3	12,000000E+0
964	751,000000E+0	29,590000E+0	25,648000E+0	198,085000E+3	12,000000E+0
965	728,000000E+0	24,210000E+0	25,648000E+0	198,225000E+3	12,000000E+0
966	745,000000E+0	21,520000E+0	26,106000E+0	198,366000E+3	12,000000E+0
967	758,000000E+0	24,210000E+0	26,106000E+0	198,507000E+3	12,000000E+0
968	744,000000E+0	24,210000E+0	26,335000E+0	198,649000E+3	12,000000E+0
969	758,000000E+0	26,900000E+0	26,335000E+0	198,791000E+3	12,000000E+0
970	747,000000E+0	24,210000E+0	26,335000E+0	198,934000E+3	12,000000E+0
971	756,000000E+0	26,900000E+0	26,335000E+0	199,076000E+3	12,000000E+0
972	758,000000E+0	26,900000E+0	26,106000E+0	199,222000E+3	12,000000E+0
973	753,000000E+0	26,900000E+0	25,877000E+0	199,360000E+3	12,000000E+0
974	747,000000E+0	24,210000E+0	25,648000E+0	199,503000E+3	12,000000E+0
975	755,000000E+0	26,900000E+0	25,648000E+0	199,645000E+3	12,000000E+0
976	744,000000E+0	26,900000E+0	25,648000E+0	199,787000E+3	12,000000E+0
977	741,000000E+0	29,590000E+0	25,877000E+0	199,931000E+3	12,000000E+0
978	760,000000E+0	24,210000E+0	25,648000E+0	200,072000E+3	12,000000E+0
979	763,000000E+0	29,590000E+0	25,648000E+0	200,215000E+3	12,000000E+0
980	760,000000E+0	24,210000E+0	25,877000E+0	200,357000E+3	12,000000E+0
981	740,000000E+0	29,590000E+0	26,106000E+0	200,499000E+3	12,000000E+0
982	763,000000E+0	26,900000E+0	26,106000E+0	200,642000E+3	12,000000E+0
983	740,000000E+0	26,900000E+0	26,106000E+0	200,782000E+3	12,000000E+0
984	753,000000E+0	26,900000E+0	26,106000E+0	200,925000E+3	12,000000E+0
985	752,000000E+0	21,520000E+0	26,106000E+0	201,066000E+3	12,000000E+0
986	758,000000E+0	24,210000E+0	25,648000E+0	201,207000E+3	12,000000E+0
987	731,000000E+0	29,590000E+0	25,648000E+0	201,349000E+3	12,000000E+0
988	747,000000E+0	21,520000E+0	25,648000E+0	201,489000E+3	12,000000E+0
989	736,000000E+0	26,900000E+0	25,419000E+0	201,630000E+3	12,000000E+0
990	746,000000E+0	24,210000E+0	25,419000E+0	201,772000E+3	12,000000E+0
991	757,000000E+0	29,590000E+0	25,648000E+0	201,914000E+3	12,000000E+0
992	739,000000E+0	26,900000E+0	25,648000E+0	202,054000E+3	12,000000E+0
993	741,000000E+0	26,900000E+0	25,877000E+0	202,197000E+3	12,000000E+0
994	736,000000E+0	26,900000E+0	25,877000E+0	202,338000E+3	12,000000E+0
995	754,000000E+0	21,520000E+0	26,106000E+0	202,480000E+3	12,000000E+0
996	740,000000E+0	29,590000E+0	26,335000E+0	202,622000E+3	12,000000E+0
997	764,000000E+0	21,520000E+0	26,335000E+0	202,765000E+3	12,000000E+0
998	748,000000E+0	29,590000E+0	26,335000E+0	202,907000E+3	12,000000E+0
999	754,000000E+0	29,590000E+0	26,335000E+0	203,050000E+3	12,000000E+0
1000	750,000000E+0	24,210000E+0	26,335000E+0	203,192000E+3	12,000000E+0
1001	742,000000E+0	29,590000E+0	26,335000E+0	203,336000E+3	12,000000E+0
1002	765,000000E+0	24,210000E+0	25,877000E+0	203,479000E+3	12,000000E+0
1003	751,000000E+0	29,590000E+0	25,877000E+0	203,621000E+3	12,000000E+0
1004	763,000000E+0	29,590000E+0	25,648000E+0	203,765000E+3	12,000000E+0
1005	745,000000E+0	24,210000E+0	25,877000E+0	203,908000E+3	12,000000E+0
1006	742,000000E+0	24,210000E+0	25,877000E+0	204,051000E+3	12,000000E+0
1007	757,000000E+0	29,590000E+0	25,877000E+0	204,195000E+3	12,000000E+0
1008	763,000000E+0	24,210000E+0	25,877000E+0	204,338000E+3	12,000000E+0
1009	746,000000E+0	24,210000E+0	26,106000E+0	204,481000E+3	12,000000E+0
1010	767,000000E+0	29,590000E+0	26,106000E+0	204,622000E+3	12,000000E+0
1011	743,000000E+0	24,210000E+0	26,106000E+0	204,766000E+3	12,000000E+0
1012	742,000000E+0	24,210000E+0	26,106000E+0	204,906000E+3	12,000000E+0
1013	752,000000E+0	24,210000E+0	26,106000E+0	205,049000E+3	12,000000E+0
1014	742,000000E+0	24,210000E+0	25,877000E+0	205,190000E+3	12,000000E+0
1015	751,000000E+0	24,210000E+0	25,877000E+0	205,331000E+3	12,000000E+0
1016	750,000000E+0	29,590000E+0	25,648000E+0	205,473000E+3	12,000000E+0
1017	753,000000E+0	26,900000E+0	25,419000E+0	205,614000E+3	12,000000E+0
1018	739,000000E+0	24,210000E+0	25,419000E+0	205,757000E+3	12,000000E+0
1019	755,000000E+0	24,210000E+0	25,419000E+0	205,898000E+3	12,000000E+0
1020	756,000000E+0	29,590000E+0	25,648000E+0	206,039000E+3	12,000000E+0
1021	752,000000E+0	21,520000E+0	25,648000E+0	206,181000E+3	12,000000E+0
1022	759,000000E+0	29,590000E+0	25,877000E+0	206,323000E+3	12,000000E+0
1023	743,000000E+0	21,520000E+0	26,106000E+0	206,466000E+3	12,000000E+0
1024	745,000000E+0	26,900000E+0	26,335000E+0	206,607000E+3	12,000000E+0
1025	747,000000E+0	21,520000E+0	26,335000E+0	206,751000E+3	12,000000E+0
1026	751,000000E+0	29,590000E+0	26,564000E+0	206,892000E+3	12,000000E+0
1027	759,000000E+0	24,210000E+0	26,335000E+0	207,035000E+3	12,000000E+0
1028	745,000000E+0	26,900000E+0	26,335000E+0	207,178000E+3	12,000000E+0
1029	760,000000E+0	29,590000E+0	26,335000E+0	207,320000E+3	12,000000E+0
1030	754,000000E+0	21,520000E+0	26,106000E+0	207,464000E+3	12,000000E+0
1031	754,000000E+0	26,900000E+0	26,106000E+0	207,609000E+3	12,000000E+0
1032	759,000000E+0	29,590000E+0	25,648000E+0	207,749000E+3	12,000000E+0
1033	757,000000E+0	24,210000E+0	25,648000E+0	207,894000E+3	12,000000E+0
1034	746,000000E+0	24,210000E+0	25,877000E+0	208,038000E+3	12,000000E+0
1035	759,000000E+0	29,590000E+0	25,877000E+0	208,181000E+3	12,000000E+0
1036	767,000000E+0	24,210000E+0	25,877000E+0	208,323000E+3	12,000000E+0
1037	761,000000E+0	21,520000E+0	26,106000E+0	208,467000E+3	12,000000E+0
1038	743,000000E+0	26,900000E+0	26,106000E+0	208,611000E+3	12,000000E+0
1039	759,000000E+0	24,210000E+0	26,335000E+0	208,754000E+3	12,000000E+0
1040	753,000000E+0	21,520000E+0	26,106000E+0	208,898000E+3	12,000000E+0
1041	748,000000E+0	26,900000E+0	26,335000E+0	209,037000E+3	12,000000E+0
1042	762,000000E+0	26,900000E+0	26,106000E+0	209,180000E+3	12,000000E+0
1043	752,000000E+0	24,210000E+0	26,106000E+0	209,321000E+3	12,000000E+0
1044	744,000000E+0	26,900000E+0	25,877000E+0	209,466000E+3	12,000000E+0
1045	744,000000E+0	29,590000E+0	25,877000E+0	209,608000E+3	12,000000E+0
1046	749,000000E+0	24,210000E+0	25,648000E+0	209,750000E+3	12,000000E+0
1047	739,000000E+0	32,280000E+0	25,419000E+0	209,891000E+3	12,000000E+0
1048	746,000000E+0	24,210000E+0	25,648000E+0	210,034000E+3	12,000000E+0
1049	754,000000E+0	24,210000E+0	25,648000E+0	210,175000E+3	12,000000E+0
1050	751,000000E+0	21,520000E+0	25,648000E+0	210,318000E+3	12,000000E+0
1051	763,000000E+0	24,210000E+0	25,877000E+0	210,459000E+3	12,000000E+0
1052	757,000000E+0	21,520000E+0	26,106000E+0	210,603000E+3	12,000000E+0
1053	741,000000E+0	29,590000E+0	26,335000E+0	210,745000E+3	12,000000E+0
1054	761,000000E+0	26,900000E+0	26,564000E+0	210,888000E+3	12,000000E+0
1055	749,000000E+0	26,900000E+0	26,564000E+0	211,029000E+3	12,000000E+0
1056	763,000000E+0	24,210000E+0	26,564000E+0	211,173000E+3	12,000000E+0
1057	750,000000E+0	21,520000E+0	26,335000E+0	211,315000E+3	12,000000E+0
1058	763,000000E+0	21,520000E+0	26,335000E+0	211,458000E+3	12,000000E+0
1059	754,000000E+0	29,590000E+0	26,106000E+0	211,604000E+3	12,000000E+0
1060	773,000000E+0	26,900000E+0	26,106000E+0	211,748000E+3	12,000000E+0
1061	765,000000E+0	24,210000E+0	25,877000E+0	211,890000E+3	12,000000E+0
1062	765,000000E+0	21,520000E+0	25,877000E+0	212,037000E+3	12,000000E+0
1063	742,000000E+0	24,210000E+0	25,877000E+0	212,179000E+3	12,000000E+0
1064	764,000000E+0	29,590000E+0	25,877000E+0	212,322000E+3	12,000000E+0
1065	770,000000E+0	26,900000E+0	25,877000E+0	212,466000E+3	12,000000E+0
1066	756,000000E+0	21,520000E+0	26,106000E+0	212,610000E+3	12,000000E+0
1067	746,000000E+0	24,210000E+0	26,335000E+0	212,754000E+3	12,000000E+0
1068	757,000000E+0	29,590000E+0	26,335000E+0	212,898000E+3	12,000000E+0
1069	761,000000E+0	26,900000E+0	26,335000E+0	213,040000E+3	12,000000E+0
1070	747,000000E+0	21,520000E+0	26,106000E+0	213,183000E+3	12,000000E+0
1071	752,000000E+0	29,590000E+0	26,106000E+0	213,325000E+3	12,000000E+0
1072	755,000000E+0	21,520000E+0	26,106000E+0	213,466000E+3	12,000000E+0
1073	756,000000E+0	29,590000E+0	25,877000E+0	213,607000E+3	12,000000E+0
1074	745,000000E+0	26,900000E+0	25,648000E+0	213,749000E+3	12,000000E+0
1075	739,000000E+0	24,210000E+0	25,648000E+0	213,890000E+3	12,000000E+0
1076	754,000000E+0	24,210000E+0	25,419000E+0	214,032000E+3	12,000000E+0
1077	740,000000E+0	24,210000E+0	25,648000E+0	214,175000E+3	12,000000E+0
1078	757,000000E+0	26,900000E+0	25,648000E+0	214,317000E+3	12,000000E+0
1079	742,000000E+0	24,210000E+0	25,877000E+0	214,460000E+3	12,000000E+0
1080	766,000000E+0	26,900000E+0	25,877000E+0	214,601000E+3	12,000000E+0
1081	756,000000E+0	21,520000E+0	26,335000E+0	214,744000E+3	12,000000E+0
1082	744,000000E+0	24,210000E+0	26,564000E+0	214,889000E+3	12,000000E+0
1083	756,000000E+0	29,590000E+0	26,793000E+0	215,033000E+3	12,000000E+0
1084	765,000000E+0	24,210000E+0	26,793000E+0	215,175000E+3	12,000000E+0
1085	754,000000E+0	24,210000E+0	26,564000E+0	215,320000E+3	12,000000E+0
1086	742,000000E+0	26,900000E+0	26,564000E+0	215,461000E+3	12,000000E+0
1087	760,000000E+0	29,590000E+0	26,335000E+0	215,607000E+3	12,000000E+0
1088	769,000000E+0	29,590000E+0	26,106000E+0	215,750000E+3	12,000000E+0
1089	777,000000E+0	26,900000E+0	26,106000E+0	215,895000E+3	12,000000E+0
1090	764,000000E+0	21,520000E+0	25,877000E+0	216,039000E+3	12,000000E+0
1091	760,000000E+0	21,520000E+0	26,106000E+0	216,183000E+3	12,000000E+0
1092	749,000000E+0	26,900000E+0	25,877000E+0	216,327000E+3	12,000000E+0
1093	746,000000E+0	24,210000E+0	25,877000E+0	216,472000E+3	12,000000E+0
1094	769,000000E+0	24,210000E+0	26,106000E+0	216,615000E+3	12,000000E+0
1095	763,000000E+0	26,900000E+0	26,335000E+0	216,759000E+3	12,000000E+0
1096	769,000000E+0	21,520000E+0	26,335000E+0	216,903000E+3	12,000000E+0
1097	747,000000E+0	24,210000E+0	26,564000E+0	217,048000E+3	12,000000E+0
1098	745,000000E+0	26,900000E+0	26,335000E+0	217,188000E+3	12,000000E+0
1099	765,000000E+0	24,210000E+0	26,106000E+0	217,332000E+3	12,000000E+0
1100	745,000000E+0	24,210000E+0	26,106000E+0	217,475000E+3	12,000000E+0
1101	744,000000E+0	26,900000E+0	26,106000E+0	217,616000E+3	12,000000E+0
1102	762,000000E+0	24,210000E+0	25,877000E+0	217,760000E+3	12,000000E+0
1103	749,000000E+0	24,210000E+0	25,648000E+0	217,901000E+3	12,000000E+0
1104	742,000000E+0	29,590000E+0	25,648000E+0	218,044000E+3	12,000000E+0
1105	764,000000E+0	24,210000E+0	25,648000E+0	218,186000E+3	12,000000E+0
1106	744,000000E+0	26,900000E+0	25,877000E+0	218,329000E+3	12,000000E+0
1107	745,000000E+0	29,590000E+0	25,877000E+0	218,473000E+3	12,000000E+0
1108	761,000000E+0	21,520000E+0	26,106000E+0	218,616000E+3	12,000000E+0
1109	754,000000E+0	24,210000E+0	26,106000E+0	218,758000E+3	12,000000E+0
1110	763,000000E+0	21,520000E+0	26,564000E+0	218,904000E+3	12,000000E+0
1111	773,000000E+0	26,900000E+0	26,564000E+0	219,045000E+3	12,000000E+0
1112	758,000000E+0	26,900000E+0	26,793000E+0	219,191000E+3	12,000000E+0
1113	773,000000E+0	24,210000E+0	26,793000E+0	219,336000E+3	12,000000E+0
1114	771,000000E+0	21,520000E+0	26,793000E+0	219,479000E+3	12,000000E+0
1115	764,000000E+0	21,520000E+0	26,564000E+0	219,623000E+3	12,000000E+0
1116	759,000000E+0	21,520000E+0	26,335000E+0	219,769000E+3	12,000000E+0
1117	764,000000E+0	24,210000E+0	26,106000E+0	219,913000E+3	12,000000E+0
1118	762,000000E+0	29,590000E+0	26,106000E+0	220,055000E+3	12,000000E+0
1119	754,000000E+0	26,900000E+0	26,106000E+0	220,203000E+3	12,000000E+0
1120	760,000000E+0	29,590000E+0	26,335000E+0	220,348000E+3	12,000000E+0
1121	762,000000E+0	29,590000E+0	26,106000E+0	220,493000E+3	12,000000E+0
1122	773,000000E+0	24,210000E+0	26,106000E+0	220,636000E+3	12,000000E+0
1123	765,000000E+0	29,590000E+0	26,564000E+0	220,782000E+3	12,000000E+0
1124	753,000000E+0	26,900000E+0	26,335000E+0	220,928000E+3	12,000000E+0
1125	757,000000E+0	24,210000E+0	26,564000E+0	221,073000E+3	12,000000E+0
1126	757,000000E+0	24,210000E+0	26,564000E+0	221,217000E+3	12,000000E+0
1127	748,000000E+0	26,900000E+0	26,564000E+0	221,361000E+3	12,000000E+0
1128	742,000000E+0	29,590000E+0	26,335000E+0	221,505000E+3	12,000000E+0
1129	767,000000E+0	24,210000E+0	26,335000E+0	221,647000E+3	12,000000E+0
1130	765,000000E+0	21,520000E+0	26,106000E+0	221,790000E+3	12,000000E+0
1131	754,000000E+0	24,210000E+0	26,106000E+0	221,934000E+3	12,000000E+0
1132	750,000000E+0	24,210000E+0	25,877000E+0	222,076000E+3	12,000000E+0
1133	758,000000E+0	26,900000E+0	25,877000E+0	222,220000E+3	12,000000E+0
1134	759,000000E+0	21,520000E+0	25,877000E+0	222,363000E+3	12,000000E+0
1135	765,000000E+0	21,520000E+0	26,106000E+0	222,507000E+3	12,000000E+0
1136	749,000000E+0	24,210000E+0	26,106000E+0	222,651000E+3	12,000000E+0
1137	767,000000E+0	26,900000E+0	26,106000E+0	222,793000E+3	12,000000E+0
1138	764,000000E+0	24,210000E+0	26,335000E+0	222,938000E+3	12,000000E+0
1139	749,000000E+0	21,520000E+0	26,564000E+0	223,081000E+3	12,000000E+0
1140	748,000000E+0	26,900000E+0	26,564000E+0	223,225000E+3	12,000000E+0
1141	760,000000E+0	29,590000E+0	26,793000E+0	223,368000E+3	12,000000E+0
1142	759,000000E+0	26,900000E+0	26,793000E+0	223,515000E+3	12,000000E+0
1143	775,000000E+0	26,900000E+0	26,564000E+0	223,657000E+3	12,000000E+0
1144	769,000000E+0	24,210000E+0	26,564000E+0	223,803000E+3	12,000000E+0
1145	767,000000E+0	21,520000E+0	26,106000E+0	223,947000E+3	12,000000E+0
1146	768,000000E+0	21,520000E+0	26,106000E+0	224,092000E+3	12,000000E+0
1147	763,000000E+0	21,520000E+0	25,877000E+0	224,235000E+3	12,000000E+0
1148	760,000000E+0	21,520000E+0	26,106000E+0	224,381000E+3	12,000000E+0
1149	760,000000E+0	21,520000E+0	26,106000E+0	224,527000E+3	12,000000E+0
1150	755,000000E+0	21,520000E+0	26,106000E+0	224,671000E+3	12,000000E+0
1151	750,000000E+0	24,210000E+0	26,106000E+0	224,815000E+3	12,000000E+0
1152	752,000000E+0	26,900000E+0	26,335000E+0	224,960000E+3	12,000000E+0
1153	751,000000E+0	24,210000E+0	26,335000E+0	225,105000E+3	12,000000E+0
1154	750,000000E+0	21,520000E+0	26,564000E+0	225,250000E+3	12,000000E+0
1155	756,000000E+0	26,900000E+0	26,564000E+0	225,392000E+3	12,000000E+0
1156	758,000000E+0	26,900000E+0	26,564000E+0	225,537000E+3	12,000000E+0
1157	767,000000E+0	26,900000E+0	26,564000E+0	225,680000E+3	12,000000E+0
1158	771,000000E+0	21,520000E+0	26,106000E+0	225,824000E+3	12,000000E+0
1159	765,000000E+0	21,520000E+0	25,877000E+0	225,966000E+3	12,000000E+0
1160	752,000000E+0	24,210000E+0	25,877000E+0	226,109000E+3	12,000000E+0
1161	763,000000E+0	26,900000E+0	25,877000E+0	226,253000E+3	12,000000E+0
1162	768,000000E+0	24,210000E+0	25,877000E+0	226,395000E+3	12,000000E+0
1163	768,000000E+0	21,520000E+0	25,877000E+0	226,540000E+3	12,000000E+0
1164	755,000000E+0	24,210000E+0	26,106000E+0	226,684000E+3	12,000000E+0
1165	747,000000E+0	24,210000E+0	26,335000E+0	226,829000E+3	12,000000E+0
1166	756,000000E+0	29,590000E+0	26,335000E+0	226,971000E+3	12,000000E+0
1167	771,000000E+0	21,520000E+0	26,564000E+0	227,115000E+3	12,000000E+0
1168	761,000000E+0	21,520000E+0	26,793000E+0	227,260000E+3	12,000000E+0
1169	749,000000E+0	26,900000E+0	26,793000E+0	227,404000E+3	12,000000E+0
1170	747,000000E+0	26,900000E+0	26,564000E+0	227,548000E+3	12,000000E+0
1171	754,000000E+0	29,590000E+0	26,564000E+0	227,691000E+3	12,000000E+0
1172	759,000000E+0	29,590000E+0	26,564000E+0	227,835000E+3	12,000000E+0
1173	760,000000E+0	29,590000E+0	26,564000E+0	227,982000E+3	12,000000E+0
1174	765,000000E+0	29,590000E+0	26,106000E+0	228,126000E+3	12,000000E+0
1175	771,000000E+0	24,210000E+0	26,106000E+0	228,270000E+3	12,000000E+0
1176	776,000000E+0	24,210000E+0	25,877000E+0	228,415000E+3	12,000000E+0
1177	772,000000E+0	26,900000E+0	26,106000E+0	228,561000E+3	12,000000E+0
1178	772,000000E+0	26,900000E+0	26,106000E+0	228,705000E+3	12,000000E+0
1179	774,000000E+0	26,900000E+0	26,335000E+0	228,851000E+3	12,000000E+0
1180	773,000000E+0	26,900000E+0	26,335000E+0	228,996000E+3	12,000000E+0
1181	758,000000E+0	32,280000E+0	26,335000E+0	229,142000E+3	12,000000E+0
1182	764,000000E+0	29,590000E+0	26,564000E+0	229,286000E+3	12,000000E+0
1183	769,000000E+0	29,590000E+0	26,564000E+0	229,429000E+3	12,000000E+0
1184	768,000000E+0	26,900000E+0	26,564000E+0	229,575000E+3	12,000000E+0
1185	772,000000E+0	24,210000E+0	26,335000E+0	229,718000E+3	12,000000E+0
1186	765,000000E+0	21,520000E+0	26,335000E+0	229,861000E+3	12,000000E+0
1187	745,000000E+0	24,210000E+0	26,106000E+0	230,005000E+3	12,000000E+0
1188	747,000000E+0	29,590000E+0	25,877000E+0	230,147000E+3	12,000000E+0
1189	767,000000E+0	24,210000E+0	25,648000E+0	230,289000E+3	12,000000E+0
1190	757,000000E+0	24,210000E+0	25,877000E+0	230,433000E+3	12,000000E+0
1191	746,000000E+0	26,900000E+0	25,877000E+0	230,576000E+3	12,000000E+0
1192	757,000000E+0	29,590000E+0	25,877000E+0	230,719000E+3	12,000000E+0
1193	760,000000E+0	29,590000E+0	26,106000E+0	230,863000E+3	12,000000E+0
1194	772,000000E+0	24,210000E+0	26,335000E+0	231,008000E+3	12,000000E+0
1195	776,000000E+0	21,520000E+0	26,564000E+0	231,152000E+3	12,000000E+0
1196	763,000000E+0	21,520000E+0	26,564000E+0	231,297000E+3	12,000000E+0
1197	750,000000E+0	24,210000E+0	26,793000E+0	231,442000E+3	12,000000E+0
1198	746,000000E+0	24,210000E+0	26,793000E+0	231,586000E+3	12,000000E+0
1199	753,000000E+0	29,590000E+0	26,793000E+0	231,730000E+3	12,000000E+0
1200	753,000000E+0	26,900000E+0	26,564000E+0	231,874000E+3	12,000000E+0
1201	756,000000E+0	29,590000E+0	26,564000E+0	232,019000E+3	12,000000E+0
1202	751,000000E+0	29,590000E+0	26,335000E+0	232,166000E+3	12,000000E+0
1203	752,000000E+0	29,590000E+0	26,106000E+0	232,309000E+3	12,000000E+0
1204	757,000000E+0	26,900000E+0	26,106000E+0	232,455000E+3	12,000000E+0
1205	755,000000E+0	26,900000E+0	26,106000E+0	232,601000E+3	12,000000E+0
1206	764,000000E+0	24,210000E+0	26,106000E+0	232,746000E+3	12,000000E+0
1207	769,000000E+0	24,210000E+0	26,335000E+0	232,892000E+3	12,000000E+0
1208	781,000000E+0	21,520000E+0	26,564000E+0	233,039000E+3	12,000000E+0
1209	782,000000E+0	24,210000E+0	26,564000E+0	233,184000E+3	12,000000E+0
1210	775,000000E+0	24,210000E+0	26,564000E+0	233,329000E+3	12,000000E+0
1211	779,000000E+0	26,900000E+0	26,564000E+0	233,475000E+3	12,000000E+0
1212	777,000000E+0	24,210000E+0	26,793000E+0	233,617000E+3	12,000000E+0
1213	780,000000E+0	26,900000E+0	26,564000E+0	233,764000E+3	12,000000E+0
1214	772,000000E+0	29,590000E+0	26,564000E+0	233,907000E+3	12,000000E+0
1215	772,000000E+0	26,900000E+0	26,335000E+0	234,051000E+3	12,000000E+0
1216	774,000000E+0	26,900000E+0	26,335000E+0	234,196000E+3	12,000000E+0
1217	779,000000E+0	29,590000E+0	26,106000E+0	234,339000E+3	12,000000E+0
1218	760,000000E+0	21,520000E+0	25,877000E+0	234,483000E+3	12,000000E+0
1219	760,000000E+0	21,520000E+0	25,877000E+0	234,628000E+3	12,000000E+0
1220	752,000000E+0	21,520000E+0	26,106000E+0	234,772000E+3	12,000000E+0
1221	748,000000E+0	24,210000E+0	26,106000E+0	234,916000E+3	12,000000E+0
1222	772,000000E+0	24,210000E+0	26,335000E+0	235,063000E+3	12,000000E+0
1223	755,000000E+0	24,210000E+0	26,564000E+0	235,207000E+3	12,000000E+0
1224	754,000000E+0	24,210000E+0	26,793000E+0	235,351000E+3	12,000000E+0
1225	760,000000E+0	29,590000E+0	26,793000E+0	235,495000E+3	12,000000E+0
1226	770,000000E+0	29,590000E+0	27,022000E+0	235,640000E+3	12,000000E+0
1227	767,000000E+0	29,590000E+0	26,793000E+0	235,786000E+3	12,000000E+0
1228	762,000000E+0	26,900000E+0	26,793000E+0	235,930000E+3	12,000000E+0
1229	758,000000E+0	24,210000E+0	26,564000E+0	236,076000E+3	12,000000E+0
1230	759,000000E+0	21,520000E+0	26,564000E+0	236,221000E+3	12,000000E+0
1231	765,000000E+0	21,520000E+0	26,564000E+0	236,368000E+3	12,000000E+0
1232	775,000000E+0	24,210000E+0	26,106000E+0	236,514000E+3	12,000000E+0
1233	784,000000E+0	26,900000E+0	26,335000E+0	236,660000E+3	12,000000E+0
1234	773,000000E+0	29,590000E+0	26,335000E+0	236,805000E+3	12,000000E+0
1235	763,000000E+0	24,210000E+0	26,335000E+0	236,951000E+3	12,000000E+0
1236	764,000000E+0	21,520000E+0	26,564000E+0	237,099000E+3	12,000000E+0
1237	789,000000E+0	26,900000E+0	26,793000E+0	237,247000E+3	12,000000E+0
1238	763,000000E+0	26,900000E+0	26,793000E+0	237,392000E+3	12,000000E+0
1239	758,000000E+0	21,520000E+0	27,022000E+0	237,540000E+3	12,000000E+0
1240	785,000000E+0	26,900000E+0	26,793000E+0	237,683000E+3	12,000000E+0
1241	782,000000E+0	26,900000E+0	26,793000E+0	237,829000E+3	12,000000E+0
1242	778,000000E+0	26,900000E+0	26,793000E+0	237,975000E+3	12,000000E+0
1243	763,000000E+0	26,900000E+0	26,564000E+0	238,120000E+3	12,000000E+0
1244	757,000000E+0	21,520000E+0	26,335000E+0	238,266000E+3	12,000000E+0
1245	760,000000E+0	21,520000E+0	26,335000E+0	238,411000E+3	12,000000E+0
1246	781,000000E+0	26,900000E+0	26,335000E+0	238,557000E+3	12,000000E+0
1247	780,000000E+0	26,900000E+0	26,335000E+0	238,703000E+3	12,000000E+0
1248	772,000000E+0	32,280000E+0	26,335000E+0	238,848000E+3	12,000000E+0
1249	767,000000E+0	29,590000E+0	26,335000E+0	238,994000E+3	12,000000E+0
1250	764,000000E+0	29,590000E+0	26,564000E+0	239,139000E+3	12,000000E+0
