samedi 20 janvier 2024	15:18:55	Sampling Period : 20  ms		
Unities: time [sample], PWM [raw], Current [mA], velocity [rev/min], Position [pulse], Present Input Voltage [V]

t	DXL_PWM		DXL_Current		DXL_Velocity		DXL_Position		DXL_Input_Voltage
0	1,000000E+0	0,000000E+0	0,000000E+0	486,971000E+3	12,000000E+0
1	45,000000E+0	8,070000E+0	0,000000E+0	486,971000E+3	12,000000E+0
2	130,000000E+0	2,690000E+0	1,832000E+0	486,984000E+3	12,000000E+0
3	193,000000E+0	8,070000E+0	4,809000E+0	487,012000E+3	12,000000E+0
4	239,000000E+0	5,380000E+0	6,641000E+0	487,050000E+3	12,000000E+0
5	257,000000E+0	8,070000E+0	8,244000E+0	487,097000E+3	12,000000E+0
6	285,000000E+0	8,070000E+0	9,160000E+0	487,148000E+3	12,000000E+0
7	308,000000E+0	8,070000E+0	9,847000E+0	487,203000E+3	12,000000E+0
8	299,000000E+0	8,070000E+0	10,534000E+0	487,261000E+3	12,000000E+0
9	327,000000E+0	10,760000E+0	10,763000E+0	487,321000E+3	12,000000E+0
10	325,000000E+0	8,070000E+0	11,221000E+0	487,382000E+3	12,000000E+0
11	326,000000E+0	10,760000E+0	11,221000E+0	487,444000E+3	12,000000E+0
12	344,000000E+0	10,760000E+0	11,221000E+0	487,505000E+3	12,000000E+0
13	334,000000E+0	8,070000E+0	11,450000E+0	487,566000E+3	12,000000E+0
14	338,000000E+0	8,070000E+0	11,679000E+0	487,633000E+3	12,000000E+0
15	348,000000E+0	10,760000E+0	11,679000E+0	487,697000E+3	12,000000E+0
16	342,000000E+0	5,380000E+0	11,679000E+0	487,761000E+3	12,000000E+0
17	349,000000E+0	10,760000E+0	11,908000E+0	487,825000E+3	12,000000E+0
18	334,000000E+0	10,760000E+0	11,908000E+0	487,889000E+3	12,000000E+0
19	340,000000E+0	8,070000E+0	11,908000E+0	487,955000E+3	12,000000E+0
20	351,000000E+0	13,450000E+0	11,908000E+0	488,020000E+3	12,000000E+0
21	349,000000E+0	5,380000E+0	11,908000E+0	488,087000E+3	12,000000E+0
22	357,000000E+0	10,760000E+0	11,908000E+0	488,152000E+3	12,000000E+0
23	353,000000E+0	5,380000E+0	11,908000E+0	488,218000E+3	12,000000E+0
24	340,000000E+0	10,760000E+0	11,908000E+0	488,284000E+3	12,000000E+0
25	359,000000E+0	8,070000E+0	11,908000E+0	488,351000E+3	12,000000E+0
26	363,000000E+0	8,070000E+0	11,908000E+0	488,417000E+3	12,000000E+0
27	357,000000E+0	10,760000E+0	11,908000E+0	488,484000E+3	12,000000E+0
28	347,000000E+0	8,070000E+0	11,908000E+0	488,551000E+3	12,000000E+0
29	353,000000E+0	10,760000E+0	11,908000E+0	488,617000E+3	12,000000E+0
30	357,000000E+0	5,380000E+0	12,137000E+0	488,685000E+3	12,000000E+0
31	346,000000E+0	5,380000E+0	12,137000E+0	488,751000E+3	12,000000E+0
32	342,000000E+0	10,760000E+0	11,908000E+0	488,818000E+3	12,000000E+0
33	349,000000E+0	5,380000E+0	12,137000E+0	488,886000E+3	12,000000E+0
34	367,000000E+0	8,070000E+0	12,137000E+0	488,953000E+3	12,000000E+0
35	370,000000E+0	8,070000E+0	12,366000E+0	489,022000E+3	12,000000E+0
36	348,000000E+0	10,760000E+0	12,366000E+0	489,090000E+3	12,000000E+0
37	369,000000E+0	5,380000E+0	12,595000E+0	489,158000E+3	12,000000E+0
38	352,000000E+0	8,070000E+0	12,595000E+0	489,226000E+3	12,000000E+0
39	363,000000E+0	10,760000E+0	12,595000E+0	489,296000E+3	12,000000E+0
40	349,000000E+0	10,760000E+0	12,595000E+0	489,364000E+3	12,000000E+0
41	368,000000E+0	13,450000E+0	12,595000E+0	489,433000E+3	12,000000E+0
42	377,000000E+0	8,070000E+0	12,824000E+0	489,503000E+3	12,000000E+0
43	353,000000E+0	13,450000E+0	12,824000E+0	489,570000E+3	12,000000E+0
44	358,000000E+0	13,450000E+0	12,824000E+0	489,640000E+3	12,000000E+0
45	377,000000E+0	13,450000E+0	12,824000E+0	489,714000E+3	12,000000E+0
46	357,000000E+0	5,380000E+0	12,824000E+0	489,797000E+3	12,000000E+0
47	362,000000E+0	5,380000E+0	12,824000E+0	489,884000E+3	12,000000E+0
48	374,000000E+0	10,760000E+0	12,824000E+0	489,970000E+3	12,000000E+0
49	360,000000E+0	8,070000E+0	12,595000E+0	490,041000E+3	12,000000E+0
50	371,000000E+0	10,760000E+0	12,595000E+0	490,111000E+3	12,000000E+0
51	369,000000E+0	5,380000E+0	12,595000E+0	490,180000E+3	12,000000E+0
52	382,000000E+0	8,070000E+0	12,595000E+0	490,251000E+3	12,000000E+0
53	364,000000E+0	8,070000E+0	12,595000E+0	490,320000E+3	12,000000E+0
54	363,000000E+0	5,380000E+0	12,595000E+0	490,390000E+3	12,000000E+0
55	368,000000E+0	8,070000E+0	12,595000E+0	490,461000E+3	12,000000E+0
56	360,000000E+0	8,070000E+0	12,595000E+0	490,532000E+3	12,000000E+0
57	380,000000E+0	5,380000E+0	12,824000E+0	490,601000E+3	12,000000E+0
58	372,000000E+0	13,450000E+0	12,824000E+0	490,674000E+3	12,000000E+0
59	378,000000E+0	8,070000E+0	12,595000E+0	490,743000E+3	12,000000E+0
60	370,000000E+0	10,760000E+0	12,366000E+0	490,812000E+3	12,000000E+0
61	350,000000E+0	10,760000E+0	12,595000E+0	490,881000E+3	12,000000E+0
62	352,000000E+0	13,450000E+0	12,595000E+0	490,952000E+3	12,000000E+0
63	367,000000E+0	10,760000E+0	12,595000E+0	491,022000E+3	12,000000E+0
64	365,000000E+0	13,450000E+0	12,595000E+0	491,092000E+3	12,000000E+0
65	376,000000E+0	10,760000E+0	12,595000E+0	491,161000E+3	12,000000E+0
66	365,000000E+0	8,070000E+0	12,824000E+0	491,232000E+3	12,000000E+0
67	360,000000E+0	10,760000E+0	12,824000E+0	491,301000E+3	12,000000E+0
68	363,000000E+0	10,760000E+0	12,824000E+0	491,373000E+3	12,000000E+0
69	367,000000E+0	13,450000E+0	12,824000E+0	491,442000E+3	12,000000E+0
70	358,000000E+0	10,760000E+0	12,824000E+0	491,514000E+3	12,000000E+0
71	354,000000E+0	10,760000E+0	12,824000E+0	491,580000E+3	12,000000E+0
72	354,000000E+0	10,760000E+0	12,824000E+0	491,650000E+3	12,000000E+0
73	368,000000E+0	8,070000E+0	12,824000E+0	491,722000E+3	12,000000E+0
74	374,000000E+0	5,380000E+0	12,595000E+0	491,791000E+3	12,000000E+0
75	368,000000E+0	10,760000E+0	12,595000E+0	491,860000E+3	12,000000E+0
76	366,000000E+0	5,380000E+0	12,595000E+0	491,928000E+3	12,000000E+0
77	368,000000E+0	10,760000E+0	12,595000E+0	491,996000E+3	12,000000E+0
78	363,000000E+0	5,380000E+0	12,366000E+0	492,065000E+3	12,000000E+0
79	354,000000E+0	13,450000E+0	12,366000E+0	492,134000E+3	12,000000E+0
80	354,000000E+0	10,760000E+0	12,366000E+0	492,203000E+3	12,000000E+0
81	357,000000E+0	10,760000E+0	12,595000E+0	492,271000E+3	12,000000E+0
82	378,000000E+0	8,070000E+0	12,366000E+0	492,341000E+3	12,000000E+0
83	359,000000E+0	8,070000E+0	12,366000E+0	492,409000E+3	12,000000E+0
84	366,000000E+0	5,380000E+0	12,366000E+0	492,480000E+3	12,000000E+0
85	374,000000E+0	8,070000E+0	12,595000E+0	492,549000E+3	12,000000E+0
86	377,000000E+0	13,450000E+0	12,595000E+0	492,619000E+3	12,000000E+0
87	372,000000E+0	13,450000E+0	12,595000E+0	492,689000E+3	12,000000E+0
88	353,000000E+0	10,760000E+0	12,595000E+0	492,759000E+3	12,000000E+0
89	363,000000E+0	13,450000E+0	12,595000E+0	492,829000E+3	12,000000E+0
90	363,000000E+0	10,760000E+0	12,595000E+0	492,899000E+3	12,000000E+0
91	359,000000E+0	5,380000E+0	12,595000E+0	492,969000E+3	12,000000E+0
92	368,000000E+0	5,380000E+0	12,595000E+0	493,039000E+3	12,000000E+0
93	360,000000E+0	8,070000E+0	12,824000E+0	493,109000E+3	12,000000E+0
94	378,000000E+0	8,070000E+0	12,824000E+0	493,180000E+3	12,000000E+0
95	377,000000E+0	13,450000E+0	12,824000E+0	493,251000E+3	12,000000E+0
96	363,000000E+0	10,760000E+0	12,824000E+0	493,320000E+3	12,000000E+0
97	362,000000E+0	10,760000E+0	12,824000E+0	493,391000E+3	12,000000E+0
98	363,000000E+0	5,380000E+0	12,824000E+0	493,461000E+3	12,000000E+0
99	378,000000E+0	10,760000E+0	13,053000E+0	493,532000E+3	12,000000E+0
100	368,000000E+0	10,760000E+0	13,053000E+0	493,601000E+3	12,000000E+0
101	367,000000E+0	13,450000E+0	13,053000E+0	493,672000E+3	12,000000E+0
102	359,000000E+0	5,380000E+0	13,053000E+0	493,743000E+3	12,000000E+0
103	366,000000E+0	5,380000E+0	13,053000E+0	493,813000E+3	12,000000E+0
104	370,000000E+0	8,070000E+0	13,053000E+0	493,884000E+3	12,000000E+0
105	373,000000E+0	13,450000E+0	13,053000E+0	493,955000E+3	12,000000E+0
106	361,000000E+0	10,760000E+0	12,824000E+0	494,025000E+3	12,000000E+0
107	368,000000E+0	8,070000E+0	12,824000E+0	494,095000E+3	12,000000E+0
108	384,000000E+0	8,070000E+0	12,824000E+0	494,167000E+3	12,000000E+0
109	359,000000E+0	10,760000E+0	12,824000E+0	494,239000E+3	12,000000E+0
110	385,000000E+0	8,070000E+0	12,595000E+0	494,310000E+3	12,000000E+0
111	370,000000E+0	5,380000E+0	12,595000E+0	494,380000E+3	12,000000E+0
112	374,000000E+0	5,380000E+0	12,824000E+0	494,450000E+3	12,000000E+0
113	361,000000E+0	10,760000E+0	12,824000E+0	494,521000E+3	12,000000E+0
114	372,000000E+0	5,380000E+0	12,824000E+0	494,593000E+3	12,000000E+0
115	369,000000E+0	5,380000E+0	12,824000E+0	494,665000E+3	12,000000E+0
116	378,000000E+0	5,380000E+0	12,824000E+0	494,735000E+3	12,000000E+0
117	362,000000E+0	5,380000E+0	12,824000E+0	494,808000E+3	12,000000E+0
118	368,000000E+0	10,760000E+0	12,824000E+0	494,878000E+3	12,000000E+0
119	362,000000E+0	8,070000E+0	13,053000E+0	494,951000E+3	12,000000E+0
120	367,000000E+0	13,450000E+0	12,824000E+0	495,024000E+3	12,000000E+0
121	385,000000E+0	5,380000E+0	12,824000E+0	495,095000E+3	12,000000E+0
122	374,000000E+0	13,450000E+0	12,824000E+0	495,165000E+3	12,000000E+0
123	387,000000E+0	5,380000E+0	13,053000E+0	495,237000E+3	12,000000E+0
124	382,000000E+0	10,760000E+0	13,053000E+0	495,309000E+3	12,000000E+0
125	385,000000E+0	8,070000E+0	13,053000E+0	495,381000E+3	12,000000E+0
126	386,000000E+0	8,070000E+0	13,053000E+0	495,451000E+3	12,000000E+0
127	363,000000E+0	8,070000E+0	13,053000E+0	495,524000E+3	12,000000E+0
128	362,000000E+0	10,760000E+0	13,053000E+0	495,596000E+3	12,000000E+0
129	378,000000E+0	13,450000E+0	13,053000E+0	495,665000E+3	12,000000E+0
130	361,000000E+0	8,070000E+0	13,053000E+0	495,735000E+3	12,000000E+0
131	367,000000E+0	10,760000E+0	13,053000E+0	495,808000E+3	12,000000E+0
132	388,000000E+0	13,450000E+0	13,053000E+0	495,879000E+3	12,000000E+0
133	374,000000E+0	5,380000E+0	13,053000E+0	495,951000E+3	12,000000E+0
134	380,000000E+0	13,450000E+0	13,053000E+0	496,021000E+3	12,000000E+0
135	361,000000E+0	8,070000E+0	13,053000E+0	496,092000E+3	12,000000E+0
136	356,000000E+0	8,070000E+0	12,595000E+0	496,162000E+3	12,000000E+0
137	363,000000E+0	13,450000E+0	12,595000E+0	496,232000E+3	12,000000E+0
138	363,000000E+0	10,760000E+0	12,595000E+0	496,301000E+3	12,000000E+0
139	360,000000E+0	13,450000E+0	12,595000E+0	496,370000E+3	12,000000E+0
140	357,000000E+0	8,070000E+0	12,595000E+0	496,440000E+3	12,000000E+0
141	360,000000E+0	10,760000E+0	12,595000E+0	496,509000E+3	12,000000E+0
142	370,000000E+0	5,380000E+0	12,595000E+0	496,582000E+3	12,000000E+0
143	383,000000E+0	8,070000E+0	12,595000E+0	496,652000E+3	12,000000E+0
144	371,000000E+0	13,450000E+0	12,824000E+0	496,723000E+3	12,000000E+0
145	381,000000E+0	10,760000E+0	12,824000E+0	496,795000E+3	12,000000E+0
146	360,000000E+0	10,760000E+0	12,824000E+0	496,866000E+3	12,000000E+0
147	366,000000E+0	8,070000E+0	12,824000E+0	496,937000E+3	12,000000E+0
148	373,000000E+0	13,450000E+0	12,824000E+0	497,009000E+3	12,000000E+0
149	384,000000E+0	13,450000E+0	12,824000E+0	497,080000E+3	12,000000E+0
150	361,000000E+0	8,070000E+0	13,053000E+0	497,152000E+3	12,000000E+0
151	379,000000E+0	8,070000E+0	13,053000E+0	497,222000E+3	12,000000E+0
152	383,000000E+0	8,070000E+0	13,053000E+0	497,294000E+3	12,000000E+0
153	372,000000E+0	5,380000E+0	13,053000E+0	497,365000E+3	12,000000E+0
154	368,000000E+0	8,070000E+0	13,053000E+0	497,437000E+3	12,000000E+0
155	389,000000E+0	10,760000E+0	13,282000E+0	497,508000E+3	12,000000E+0
156	366,000000E+0	10,760000E+0	13,282000E+0	497,580000E+3	12,000000E+0
157	373,000000E+0	13,450000E+0	13,282000E+0	497,651000E+3	12,000000E+0
158	383,000000E+0	5,380000E+0	13,282000E+0	497,723000E+3	12,000000E+0
159	366,000000E+0	13,450000E+0	13,282000E+0	497,794000E+3	12,000000E+0
160	371,000000E+0	8,070000E+0	13,282000E+0	497,868000E+3	12,000000E+0
161	376,000000E+0	8,070000E+0	13,282000E+0	497,940000E+3	12,000000E+0
162	373,000000E+0	10,760000E+0	13,282000E+0	498,011000E+3	12,000000E+0
163	378,000000E+0	13,450000E+0	13,282000E+0	498,085000E+3	12,000000E+0
164	396,000000E+0	8,070000E+0	13,282000E+0	498,156000E+3	12,000000E+0
165	368,000000E+0	5,380000E+0	13,282000E+0	498,231000E+3	12,000000E+0
166	380,000000E+0	5,380000E+0	13,053000E+0	498,305000E+3	12,000000E+0
167	378,000000E+0	5,380000E+0	12,824000E+0	498,375000E+3	12,000000E+0
168	387,000000E+0	10,760000E+0	13,053000E+0	498,448000E+3	12,000000E+0
169	368,000000E+0	8,070000E+0	13,053000E+0	498,520000E+3	12,000000E+0
170	373,000000E+0	10,760000E+0	12,824000E+0	498,591000E+3	12,000000E+0
171	370,000000E+0	8,070000E+0	12,824000E+0	498,664000E+3	12,000000E+0
172	389,000000E+0	13,450000E+0	12,824000E+0	498,736000E+3	12,000000E+0
173	377,000000E+0	10,760000E+0	13,053000E+0	498,809000E+3	12,000000E+0
174	388,000000E+0	10,760000E+0	13,282000E+0	498,883000E+3	12,000000E+0
175	376,000000E+0	5,380000E+0	13,053000E+0	498,956000E+3	12,000000E+0
176	392,000000E+0	5,380000E+0	13,053000E+0	499,028000E+3	12,000000E+0
177	391,000000E+0	10,760000E+0	13,053000E+0	499,100000E+3	12,000000E+0
178	386,000000E+0	10,760000E+0	13,053000E+0	499,175000E+3	12,000000E+0
179	386,000000E+0	10,760000E+0	13,053000E+0	499,247000E+3	12,000000E+0
180	374,000000E+0	8,070000E+0	13,282000E+0	499,320000E+3	12,000000E+0
181	387,000000E+0	5,380000E+0	13,282000E+0	499,393000E+3	12,000000E+0
182	386,000000E+0	13,450000E+0	13,282000E+0	499,466000E+3	12,000000E+0
183	378,000000E+0	8,070000E+0	13,053000E+0	499,537000E+3	12,000000E+0
184	375,000000E+0	5,380000E+0	13,282000E+0	499,609000E+3	12,000000E+0
185	398,000000E+0	10,760000E+0	13,282000E+0	499,685000E+3	12,000000E+0
186	393,000000E+0	10,760000E+0	13,282000E+0	499,756000E+3	12,000000E+0
187	379,000000E+0	10,760000E+0	13,282000E+0	499,827000E+3	12,000000E+0
188	376,000000E+0	5,380000E+0	13,282000E+0	499,902000E+3	12,000000E+0
189	394,000000E+0	10,760000E+0	13,282000E+0	499,973000E+3	12,000000E+0
190	387,000000E+0	10,760000E+0	13,053000E+0	500,046000E+3	12,000000E+0
191	369,000000E+0	10,760000E+0	13,053000E+0	500,117000E+3	12,000000E+0
192	379,000000E+0	10,760000E+0	13,053000E+0	500,189000E+3	12,000000E+0
193	373,000000E+0	10,760000E+0	13,053000E+0	500,262000E+3	12,000000E+0
194	376,000000E+0	13,450000E+0	13,053000E+0	500,334000E+3	12,000000E+0
195	389,000000E+0	8,070000E+0	13,053000E+0	500,405000E+3	12,000000E+0
196	385,000000E+0	8,070000E+0	12,824000E+0	500,477000E+3	12,000000E+0
197	364,000000E+0	10,760000E+0	12,824000E+0	500,548000E+3	12,000000E+0
198	385,000000E+0	5,380000E+0	12,824000E+0	500,618000E+3	12,000000E+0
199	372,000000E+0	8,070000E+0	12,824000E+0	500,691000E+3	12,000000E+0
200	388,000000E+0	5,380000E+0	12,824000E+0	500,762000E+3	12,000000E+0
201	380,000000E+0	8,070000E+0	13,053000E+0	500,836000E+3	12,000000E+0
202	392,000000E+0	5,380000E+0	13,053000E+0	500,908000E+3	12,000000E+0
203	389,000000E+0	8,070000E+0	13,053000E+0	500,981000E+3	12,000000E+0
204	370,000000E+0	5,380000E+0	13,053000E+0	501,052000E+3	12,000000E+0
205	397,000000E+0	13,450000E+0	13,053000E+0	501,126000E+3	12,000000E+0
206	387,000000E+0	10,760000E+0	13,282000E+0	501,199000E+3	12,000000E+0
207	376,000000E+0	5,380000E+0	13,282000E+0	501,273000E+3	12,000000E+0
208	379,000000E+0	8,070000E+0	13,282000E+0	501,345000E+3	12,000000E+0
209	368,000000E+0	5,380000E+0	13,282000E+0	501,418000E+3	12,000000E+0
210	382,000000E+0	5,380000E+0	13,282000E+0	501,490000E+3	12,000000E+0
211	374,000000E+0	5,380000E+0	13,511000E+0	501,565000E+3	12,000000E+0
212	373,000000E+0	10,760000E+0	13,511000E+0	501,637000E+3	12,000000E+0
213	377,000000E+0	13,450000E+0	13,511000E+0	501,711000E+3	12,000000E+0
214	372,000000E+0	10,760000E+0	13,511000E+0	501,784000E+3	12,000000E+0
215	390,000000E+0	10,760000E+0	13,511000E+0	501,857000E+3	12,000000E+0
216	378,000000E+0	8,070000E+0	13,511000E+0	501,931000E+3	12,000000E+0
217	379,000000E+0	8,070000E+0	13,511000E+0	502,004000E+3	12,000000E+0
218	389,000000E+0	13,450000E+0	13,511000E+0	502,078000E+3	12,000000E+0
219	389,000000E+0	13,450000E+0	13,511000E+0	502,149000E+3	12,000000E+0
220	375,000000E+0	10,760000E+0	13,511000E+0	502,224000E+3	12,000000E+0
221	392,000000E+0	10,760000E+0	13,282000E+0	502,296000E+3	12,000000E+0
222	382,000000E+0	8,070000E+0	13,282000E+0	502,372000E+3	12,000000E+0
223	374,000000E+0	5,380000E+0	13,511000E+0	502,445000E+3	12,000000E+0
224	379,000000E+0	8,070000E+0	13,511000E+0	502,520000E+3	12,000000E+0
225	376,000000E+0	8,070000E+0	13,282000E+0	502,594000E+3	12,000000E+0
226	393,000000E+0	10,760000E+0	13,053000E+0	502,666000E+3	12,000000E+0
227	390,000000E+0	8,070000E+0	13,053000E+0	502,740000E+3	12,000000E+0
228	371,000000E+0	8,070000E+0	13,282000E+0	502,813000E+3	12,000000E+0
229	396,000000E+0	13,450000E+0	13,282000E+0	502,889000E+3	12,000000E+0
230	388,000000E+0	10,760000E+0	13,282000E+0	502,964000E+3	12,000000E+0
231	386,000000E+0	8,070000E+0	13,282000E+0	503,037000E+3	12,000000E+0
232	402,000000E+0	8,070000E+0	13,282000E+0	503,111000E+3	12,000000E+0
233	404,000000E+0	8,070000E+0	13,282000E+0	503,185000E+3	12,000000E+0
234	395,000000E+0	5,380000E+0	13,511000E+0	503,260000E+3	12,000000E+0
235	399,000000E+0	10,760000E+0	13,511000E+0	503,335000E+3	12,000000E+0
236	394,000000E+0	10,760000E+0	13,511000E+0	503,409000E+3	12,000000E+0
237	393,000000E+0	5,380000E+0	13,511000E+0	503,484000E+3	12,000000E+0
238	399,000000E+0	10,760000E+0	13,511000E+0	503,558000E+3	12,000000E+0
239	398,000000E+0	10,760000E+0	13,282000E+0	503,631000E+3	12,000000E+0
240	381,000000E+0	10,760000E+0	13,511000E+0	503,705000E+3	12,000000E+0
241	384,000000E+0	5,380000E+0	13,511000E+0	503,779000E+3	12,000000E+0
242	396,000000E+0	10,760000E+0	13,511000E+0	503,852000E+3	12,000000E+0
243	383,000000E+0	8,070000E+0	13,511000E+0	503,924000E+3	12,000000E+0
244	395,000000E+0	10,760000E+0	13,511000E+0	504,000000E+3	12,000000E+0
245	377,000000E+0	8,070000E+0	13,511000E+0	504,073000E+3	12,000000E+0
246	397,000000E+0	10,760000E+0	13,511000E+0	504,147000E+3	12,000000E+0
247	374,000000E+0	10,760000E+0	13,282000E+0	504,220000E+3	12,000000E+0
248	388,000000E+0	8,070000E+0	13,282000E+0	504,293000E+3	12,000000E+0
249	394,000000E+0	13,450000E+0	13,282000E+0	504,366000E+3	12,000000E+0
250	376,000000E+0	10,760000E+0	13,053000E+0	504,439000E+3	12,000000E+0
251	372,000000E+0	8,070000E+0	13,282000E+0	504,511000E+3	12,000000E+0
252	389,000000E+0	8,070000E+0	13,053000E+0	504,584000E+3	12,000000E+0
253	392,000000E+0	13,450000E+0	13,053000E+0	504,657000E+3	12,000000E+0
254	389,000000E+0	10,760000E+0	13,053000E+0	504,730000E+3	12,000000E+0
255	392,000000E+0	8,070000E+0	13,053000E+0	504,802000E+3	12,000000E+0
256	393,000000E+0	10,760000E+0	13,053000E+0	504,874000E+3	12,000000E+0
257	371,000000E+0	10,760000E+0	13,053000E+0	504,948000E+3	12,000000E+0
258	394,000000E+0	5,380000E+0	13,053000E+0	505,020000E+3	12,000000E+0
259	383,000000E+0	5,380000E+0	13,053000E+0	505,094000E+3	12,000000E+0
260	379,000000E+0	5,380000E+0	13,053000E+0	505,166000E+3	12,000000E+0
261	381,000000E+0	10,760000E+0	13,053000E+0	505,240000E+3	12,000000E+0
262	383,000000E+0	5,380000E+0	13,282000E+0	505,313000E+3	12,000000E+0
263	389,000000E+0	10,760000E+0	13,282000E+0	505,385000E+3	12,000000E+0
264	383,000000E+0	13,450000E+0	13,511000E+0	505,459000E+3	12,000000E+0
265	395,000000E+0	5,380000E+0	13,511000E+0	505,534000E+3	12,000000E+0
266	379,000000E+0	5,380000E+0	13,511000E+0	505,607000E+3	12,000000E+0
267	381,000000E+0	8,070000E+0	13,511000E+0	505,682000E+3	12,000000E+0
268	392,000000E+0	10,760000E+0	13,740000E+0	505,756000E+3	12,000000E+0
269	381,000000E+0	8,070000E+0	13,740000E+0	505,830000E+3	12,000000E+0
270	391,000000E+0	10,760000E+0	13,740000E+0	505,904000E+3	12,000000E+0
271	386,000000E+0	8,070000E+0	13,740000E+0	505,978000E+3	12,000000E+0
272	384,000000E+0	8,070000E+0	13,740000E+0	506,053000E+3	12,000000E+0
273	397,000000E+0	10,760000E+0	13,740000E+0	506,127000E+3	12,000000E+0
274	399,000000E+0	10,760000E+0	13,740000E+0	506,202000E+3	12,000000E+0
275	386,000000E+0	10,760000E+0	13,740000E+0	506,276000E+3	12,000000E+0
276	391,000000E+0	8,070000E+0	13,740000E+0	506,350000E+3	12,000000E+0
277	401,000000E+0	8,070000E+0	13,511000E+0	506,428000E+3	12,000000E+0
278	391,000000E+0	10,760000E+0	13,740000E+0	506,503000E+3	12,000000E+0
279	391,000000E+0	10,760000E+0	13,511000E+0	506,578000E+3	12,000000E+0
280	385,000000E+0	8,070000E+0	13,511000E+0	506,654000E+3	12,000000E+0
281	390,000000E+0	13,450000E+0	13,511000E+0	506,728000E+3	12,000000E+0
282	397,000000E+0	13,450000E+0	13,511000E+0	506,803000E+3	12,000000E+0
283	387,000000E+0	5,380000E+0	13,511000E+0	506,879000E+3	12,000000E+0
284	378,000000E+0	13,450000E+0	13,053000E+0	506,952000E+3	12,000000E+0
285	397,000000E+0	10,760000E+0	13,053000E+0	507,027000E+3	12,000000E+0
286	375,000000E+0	8,070000E+0	13,282000E+0	507,101000E+3	12,000000E+0
287	392,000000E+0	13,450000E+0	13,282000E+0	507,175000E+3	12,000000E+0
288	390,000000E+0	8,070000E+0	13,282000E+0	507,248000E+3	12,000000E+0
289	401,000000E+0	2,690000E+0	13,511000E+0	507,323000E+3	12,000000E+0
290	394,000000E+0	8,070000E+0	13,511000E+0	507,399000E+3	12,000000E+0
291	396,000000E+0	8,070000E+0	13,511000E+0	507,473000E+3	12,000000E+0
292	380,000000E+0	13,450000E+0	13,511000E+0	507,548000E+3	12,000000E+0
293	397,000000E+0	10,760000E+0	13,511000E+0	507,623000E+3	12,000000E+0
294	389,000000E+0	13,450000E+0	13,740000E+0	507,696000E+3	12,000000E+0
295	401,000000E+0	5,380000E+0	13,740000E+0	507,772000E+3	12,000000E+0
296	398,000000E+0	5,380000E+0	13,740000E+0	507,847000E+3	12,000000E+0
297	385,000000E+0	13,450000E+0	13,511000E+0	507,920000E+3	12,000000E+0
298	387,000000E+0	10,760000E+0	13,511000E+0	507,992000E+3	12,000000E+0
299	397,000000E+0	8,070000E+0	13,511000E+0	508,066000E+3	12,000000E+0
300	389,000000E+0	8,070000E+0	13,511000E+0	508,140000E+3	12,000000E+0
301	385,000000E+0	10,760000E+0	13,511000E+0	508,214000E+3	12,000000E+0
302	384,000000E+0	5,380000E+0	13,511000E+0	508,287000E+3	12,000000E+0
303	389,000000E+0	5,380000E+0	13,282000E+0	508,360000E+3	12,000000E+0
304	398,000000E+0	10,760000E+0	13,282000E+0	508,434000E+3	12,000000E+0
305	384,000000E+0	5,380000E+0	13,282000E+0	508,507000E+3	12,000000E+0
306	391,000000E+0	8,070000E+0	13,282000E+0	508,580000E+3	12,000000E+0
307	388,000000E+0	13,450000E+0	13,053000E+0	508,653000E+3	12,000000E+0
308	379,000000E+0	8,070000E+0	13,053000E+0	508,726000E+3	12,000000E+0
309	372,000000E+0	8,070000E+0	13,053000E+0	508,798000E+3	12,000000E+0
310	390,000000E+0	10,760000E+0	13,053000E+0	508,872000E+3	12,000000E+0
311	372,000000E+0	8,070000E+0	13,053000E+0	508,945000E+3	12,000000E+0
312	379,000000E+0	8,070000E+0	13,053000E+0	509,018000E+3	12,000000E+0
313	372,000000E+0	8,070000E+0	13,053000E+0	509,090000E+3	12,000000E+0
314	376,000000E+0	10,760000E+0	13,053000E+0	509,163000E+3	12,000000E+0
315	371,000000E+0	10,760000E+0	13,053000E+0	509,235000E+3	12,000000E+0
316	387,000000E+0	13,450000E+0	13,053000E+0	509,309000E+3	12,000000E+0
317	394,000000E+0	10,760000E+0	13,282000E+0	509,382000E+3	12,000000E+0
318	378,000000E+0	8,070000E+0	13,282000E+0	509,456000E+3	12,000000E+0
319	375,000000E+0	8,070000E+0	13,511000E+0	509,530000E+3	12,000000E+0
320	383,000000E+0	13,450000E+0	13,511000E+0	509,602000E+3	12,000000E+0
321	393,000000E+0	10,760000E+0	13,511000E+0	509,677000E+3	12,000000E+0
322	380,000000E+0	10,760000E+0	13,740000E+0	509,751000E+3	12,000000E+0
323	404,000000E+0	5,380000E+0	13,740000E+0	509,825000E+3	12,000000E+0
324	383,000000E+0	8,070000E+0	13,740000E+0	509,900000E+3	12,000000E+0
325	398,000000E+0	8,070000E+0	13,740000E+0	509,975000E+3	12,000000E+0
326	391,000000E+0	5,380000E+0	13,740000E+0	510,048000E+3	12,000000E+0
327	383,000000E+0	13,450000E+0	13,740000E+0	510,122000E+3	12,000000E+0
328	394,000000E+0	8,070000E+0	13,511000E+0	510,195000E+3	12,000000E+0
329	397,000000E+0	10,760000E+0	13,511000E+0	510,270000E+3	12,000000E+0
330	375,000000E+0	10,760000E+0	13,511000E+0	510,343000E+3	12,000000E+0
331	391,000000E+0	10,760000E+0	13,511000E+0	510,417000E+3	12,000000E+0
332	383,000000E+0	8,070000E+0	13,511000E+0	510,489000E+3	12,000000E+0
333	379,000000E+0	10,760000E+0	13,511000E+0	510,565000E+3	12,000000E+0
334	398,000000E+0	5,380000E+0	13,511000E+0	510,640000E+3	12,000000E+0
335	400,000000E+0	5,380000E+0	13,511000E+0	510,733000E+3	12,000000E+0
336	384,000000E+0	8,070000E+0	13,511000E+0	510,807000E+3	12,000000E+0
337	381,000000E+0	13,450000E+0	13,511000E+0	510,882000E+3	12,000000E+0
338	408,000000E+0	5,380000E+0	13,282000E+0	510,957000E+3	12,000000E+0
339	400,000000E+0	8,070000E+0	13,282000E+0	511,033000E+3	12,000000E+0
340	384,000000E+0	8,070000E+0	13,282000E+0	511,106000E+3	12,000000E+0
341	386,000000E+0	13,450000E+0	13,511000E+0	511,181000E+3	12,000000E+0
342	387,000000E+0	8,070000E+0	13,282000E+0	511,255000E+3	12,000000E+0
343	391,000000E+0	8,070000E+0	13,282000E+0	511,329000E+3	12,000000E+0
344	388,000000E+0	8,070000E+0	13,282000E+0	511,404000E+3	12,000000E+0
345	378,000000E+0	10,760000E+0	13,511000E+0	511,479000E+3	12,000000E+0
346	384,000000E+0	10,760000E+0	13,511000E+0	511,552000E+3	12,000000E+0
347	393,000000E+0	13,450000E+0	13,511000E+0	511,628000E+3	12,000000E+0
348	388,000000E+0	10,760000E+0	13,740000E+0	511,703000E+3	12,000000E+0
349	400,000000E+0	10,760000E+0	13,740000E+0	511,777000E+3	12,000000E+0
350	386,000000E+0	5,380000E+0	13,740000E+0	511,853000E+3	12,000000E+0
351	392,000000E+0	5,380000E+0	13,740000E+0	511,928000E+3	12,000000E+0
352	378,000000E+0	8,070000E+0	13,511000E+0	512,004000E+3	12,000000E+0
353	386,000000E+0	10,760000E+0	13,511000E+0	512,075000E+3	12,000000E+0
354	399,000000E+0	8,070000E+0	13,511000E+0	512,149000E+3	12,000000E+0
355	387,000000E+0	13,450000E+0	13,511000E+0	512,224000E+3	12,000000E+0
356	389,000000E+0	8,070000E+0	13,511000E+0	512,298000E+3	12,000000E+0
357	382,000000E+0	10,760000E+0	13,282000E+0	512,370000E+3	12,000000E+0
358	382,000000E+0	8,070000E+0	13,282000E+0	512,444000E+3	12,000000E+0
359	379,000000E+0	13,450000E+0	13,282000E+0	512,517000E+3	12,000000E+0
360	387,000000E+0	5,380000E+0	13,282000E+0	512,591000E+3	12,000000E+0
361	375,000000E+0	13,450000E+0	13,282000E+0	512,665000E+3	12,000000E+0
362	383,000000E+0	10,760000E+0	13,053000E+0	512,737000E+3	12,000000E+0
363	379,000000E+0	8,070000E+0	13,053000E+0	512,811000E+3	12,000000E+0
364	387,000000E+0	10,760000E+0	13,053000E+0	512,882000E+3	12,000000E+0
365	378,000000E+0	5,380000E+0	13,053000E+0	512,956000E+3	12,000000E+0
366	393,000000E+0	10,760000E+0	13,053000E+0	513,029000E+3	12,000000E+0
367	393,000000E+0	8,070000E+0	13,282000E+0	513,103000E+3	12,000000E+0
368	378,000000E+0	5,380000E+0	13,282000E+0	513,178000E+3	12,000000E+0
369	397,000000E+0	10,760000E+0	13,282000E+0	513,251000E+3	12,000000E+0
370	395,000000E+0	10,760000E+0	13,282000E+0	513,324000E+3	12,000000E+0
371	391,000000E+0	5,380000E+0	13,282000E+0	513,399000E+3	12,000000E+0
372	386,000000E+0	13,450000E+0	13,511000E+0	513,472000E+3	12,000000E+0
373	377,000000E+0	10,760000E+0	13,511000E+0	513,547000E+3	12,000000E+0
374	383,000000E+0	10,760000E+0	13,511000E+0	513,621000E+3	12,000000E+0
375	395,000000E+0	5,380000E+0	13,511000E+0	513,695000E+3	12,000000E+0
376	399,000000E+0	13,450000E+0	13,740000E+0	513,769000E+3	12,000000E+0
377	382,000000E+0	10,760000E+0	13,511000E+0	513,843000E+3	12,000000E+0
378	395,000000E+0	8,070000E+0	13,740000E+0	513,918000E+3	12,000000E+0
379	403,000000E+0	10,760000E+0	13,740000E+0	513,993000E+3	12,000000E+0
380	387,000000E+0	5,380000E+0	13,740000E+0	514,068000E+3	12,000000E+0
381	398,000000E+0	8,070000E+0	13,740000E+0	514,142000E+3	12,000000E+0
382	382,000000E+0	5,380000E+0	13,740000E+0	514,217000E+3	12,000000E+0
383	403,000000E+0	10,760000E+0	13,969000E+0	514,292000E+3	12,000000E+0
384	380,000000E+0	10,760000E+0	13,740000E+0	514,366000E+3	12,000000E+0
385	381,000000E+0	10,760000E+0	13,740000E+0	514,442000E+3	12,000000E+0
386	403,000000E+0	8,070000E+0	13,740000E+0	514,516000E+3	12,000000E+0
387	388,000000E+0	5,380000E+0	13,511000E+0	514,590000E+3	12,000000E+0
388	389,000000E+0	10,760000E+0	13,511000E+0	514,667000E+3	12,000000E+0
389	395,000000E+0	10,760000E+0	13,511000E+0	514,742000E+3	12,000000E+0
390	386,000000E+0	10,760000E+0	13,511000E+0	514,817000E+3	12,000000E+0
391	387,000000E+0	8,070000E+0	13,511000E+0	514,892000E+3	12,000000E+0
392	383,000000E+0	8,070000E+0	13,511000E+0	514,967000E+3	12,000000E+0
393	388,000000E+0	5,380000E+0	13,511000E+0	515,043000E+3	12,000000E+0
394	394,000000E+0	5,380000E+0	13,511000E+0	515,119000E+3	12,000000E+0
395	401,000000E+0	10,760000E+0	13,511000E+0	515,194000E+3	12,000000E+0
396	389,000000E+0	5,380000E+0	13,740000E+0	515,271000E+3	12,000000E+0
397	405,000000E+0	13,450000E+0	13,511000E+0	515,345000E+3	12,000000E+0
398	385,000000E+0	8,070000E+0	13,511000E+0	515,421000E+3	12,000000E+0
399	386,000000E+0	10,760000E+0	13,282000E+0	515,496000E+3	12,000000E+0
400	398,000000E+0	10,760000E+0	13,511000E+0	515,570000E+3	12,000000E+0
401	399,000000E+0	13,450000E+0	13,511000E+0	515,646000E+3	12,000000E+0
402	403,000000E+0	10,760000E+0	13,740000E+0	515,721000E+3	12,000000E+0
403	392,000000E+0	10,760000E+0	13,740000E+0	515,796000E+3	12,000000E+0
404	402,000000E+0	10,760000E+0	13,740000E+0	515,872000E+3	12,000000E+0
405	389,000000E+0	10,760000E+0	13,740000E+0	515,948000E+3	12,000000E+0
406	391,000000E+0	8,070000E+0	13,740000E+0	516,023000E+3	12,000000E+0
407	386,000000E+0	8,070000E+0	13,740000E+0	516,100000E+3	12,000000E+0
408	397,000000E+0	8,070000E+0	13,740000E+0	516,172000E+3	12,000000E+0
409	391,000000E+0	13,450000E+0	13,740000E+0	516,246000E+3	12,000000E+0
410	402,000000E+0	8,070000E+0	13,740000E+0	516,321000E+3	12,000000E+0
411	382,000000E+0	10,760000E+0	13,740000E+0	516,396000E+3	12,000000E+0
412	394,000000E+0	10,760000E+0	13,511000E+0	516,470000E+3	12,000000E+0
413	379,000000E+0	8,070000E+0	13,282000E+0	516,542000E+3	12,000000E+0
414	376,000000E+0	10,760000E+0	13,282000E+0	516,617000E+3	12,000000E+0
415	381,000000E+0	8,070000E+0	13,282000E+0	516,690000E+3	12,000000E+0
416	383,000000E+0	13,450000E+0	13,282000E+0	516,765000E+3	12,000000E+0
417	403,000000E+0	5,380000E+0	13,282000E+0	516,838000E+3	12,000000E+0
418	389,000000E+0	8,070000E+0	13,282000E+0	516,913000E+3	12,000000E+0
419	384,000000E+0	13,450000E+0	13,282000E+0	516,986000E+3	12,000000E+0
420	390,000000E+0	10,760000E+0	13,282000E+0	517,062000E+3	12,000000E+0
421	392,000000E+0	8,070000E+0	13,511000E+0	517,135000E+3	12,000000E+0
422	393,000000E+0	8,070000E+0	13,511000E+0	517,211000E+3	12,000000E+0
423	405,000000E+0	8,070000E+0	13,511000E+0	517,287000E+3	12,000000E+0
424	394,000000E+0	8,070000E+0	13,511000E+0	517,362000E+3	12,000000E+0
425	388,000000E+0	5,380000E+0	13,511000E+0	517,436000E+3	12,000000E+0
426	396,000000E+0	5,380000E+0	13,511000E+0	517,512000E+3	12,000000E+0
427	396,000000E+0	10,760000E+0	13,511000E+0	517,587000E+3	12,000000E+0
428	389,000000E+0	13,450000E+0	13,511000E+0	517,661000E+3	12,000000E+0
429	402,000000E+0	10,760000E+0	13,740000E+0	517,735000E+3	12,000000E+0
430	383,000000E+0	8,070000E+0	13,740000E+0	517,811000E+3	12,000000E+0
431	382,000000E+0	8,070000E+0	13,740000E+0	517,885000E+3	12,000000E+0
432	383,000000E+0	10,760000E+0	13,740000E+0	517,961000E+3	12,000000E+0
433	404,000000E+0	8,070000E+0	13,969000E+0	518,037000E+3	12,000000E+0
434	387,000000E+0	10,760000E+0	13,969000E+0	518,112000E+3	12,000000E+0
435	387,000000E+0	5,380000E+0	13,969000E+0	518,187000E+3	12,000000E+0
436	385,000000E+0	8,070000E+0	13,969000E+0	518,263000E+3	12,000000E+0
437	385,000000E+0	8,070000E+0	13,969000E+0	518,340000E+3	12,000000E+0
438	406,000000E+0	10,760000E+0	13,969000E+0	518,416000E+3	12,000000E+0
439	397,000000E+0	10,760000E+0	13,969000E+0	518,491000E+3	12,000000E+0
440	387,000000E+0	8,070000E+0	13,969000E+0	518,566000E+3	12,000000E+0
441	390,000000E+0	8,070000E+0	13,969000E+0	518,642000E+3	12,000000E+0
442	401,000000E+0	8,070000E+0	13,740000E+0	518,719000E+3	12,000000E+0
443	406,000000E+0	10,760000E+0	13,740000E+0	518,796000E+3	12,000000E+0
444	405,000000E+0	8,070000E+0	13,740000E+0	518,870000E+3	12,000000E+0
445	399,000000E+0	5,380000E+0	13,511000E+0	518,946000E+3	12,000000E+0
446	399,000000E+0	10,760000E+0	13,511000E+0	519,020000E+3	12,000000E+0
447	402,000000E+0	13,450000E+0	13,511000E+0	519,096000E+3	12,000000E+0
448	387,000000E+0	8,070000E+0	13,740000E+0	519,173000E+3	12,000000E+0
449	388,000000E+0	8,070000E+0	13,511000E+0	519,250000E+3	12,000000E+0
450	392,000000E+0	5,380000E+0	13,511000E+0	519,325000E+3	12,000000E+0
451	405,000000E+0	13,450000E+0	13,511000E+0	519,402000E+3	12,000000E+0
452	410,000000E+0	10,760000E+0	13,511000E+0	519,477000E+3	12,000000E+0
453	405,000000E+0	10,760000E+0	13,511000E+0	519,551000E+3	12,000000E+0
454	404,000000E+0	13,450000E+0	13,740000E+0	519,628000E+3	12,000000E+0
455	398,000000E+0	10,760000E+0	13,511000E+0	519,704000E+3	12,000000E+0
456	390,000000E+0	5,380000E+0	13,511000E+0	519,778000E+3	12,000000E+0
457	386,000000E+0	8,070000E+0	13,511000E+0	519,853000E+3	12,000000E+0
458	400,000000E+0	8,070000E+0	13,740000E+0	519,928000E+3	12,000000E+0
459	382,000000E+0	8,070000E+0	13,740000E+0	520,003000E+3	12,000000E+0
460	385,000000E+0	8,070000E+0	13,740000E+0	520,079000E+3	12,000000E+0
461	388,000000E+0	8,070000E+0	13,740000E+0	520,154000E+3	12,000000E+0
462	384,000000E+0	10,760000E+0	13,740000E+0	520,229000E+3	12,000000E+0
463	384,000000E+0	10,760000E+0	13,740000E+0	520,302000E+3	12,000000E+0
464	383,000000E+0	16,140000E+0	13,740000E+0	520,378000E+3	12,000000E+0
465	379,000000E+0	13,450000E+0	13,740000E+0	520,453000E+3	12,000000E+0
466	397,000000E+0	5,380000E+0	13,740000E+0	520,528000E+3	12,000000E+0
467	404,000000E+0	8,070000E+0	13,511000E+0	520,602000E+3	12,000000E+0
468	385,000000E+0	8,070000E+0	13,511000E+0	520,676000E+3	12,000000E+0
469	380,000000E+0	8,070000E+0	13,282000E+0	520,750000E+3	12,000000E+0
470	376,000000E+0	10,760000E+0	13,282000E+0	520,823000E+3	12,000000E+0
471	377,000000E+0	8,070000E+0	13,282000E+0	520,895000E+3	12,000000E+0
472	373,000000E+0	8,070000E+0	13,282000E+0	520,969000E+3	12,000000E+0
473	400,000000E+0	10,760000E+0	13,282000E+0	521,042000E+3	12,000000E+0
474	397,000000E+0	8,070000E+0	13,282000E+0	521,117000E+3	12,000000E+0
475	378,000000E+0	8,070000E+0	13,282000E+0	521,191000E+3	12,000000E+0
476	393,000000E+0	13,450000E+0	13,282000E+0	521,265000E+3	12,000000E+0
477	387,000000E+0	10,760000E+0	13,511000E+0	521,341000E+3	12,000000E+0
478	394,000000E+0	13,450000E+0	13,511000E+0	521,414000E+3	12,000000E+0
479	381,000000E+0	5,380000E+0	13,511000E+0	521,490000E+3	12,000000E+0
480	391,000000E+0	8,070000E+0	13,511000E+0	521,564000E+3	12,000000E+0
481	395,000000E+0	8,070000E+0	13,511000E+0	521,640000E+3	12,000000E+0
482	400,000000E+0	13,450000E+0	13,511000E+0	521,714000E+3	12,000000E+0
483	380,000000E+0	8,070000E+0	13,511000E+0	521,788000E+3	12,000000E+0
484	383,000000E+0	13,450000E+0	13,511000E+0	521,862000E+3	12,000000E+0
485	401,000000E+0	10,760000E+0	13,511000E+0	521,937000E+3	12,000000E+0
486	387,000000E+0	5,380000E+0	13,740000E+0	522,011000E+3	12,000000E+0
487	386,000000E+0	10,760000E+0	13,740000E+0	522,085000E+3	12,000000E+0
488	392,000000E+0	10,760000E+0	13,740000E+0	522,160000E+3	12,000000E+0
489	401,000000E+0	10,760000E+0	13,740000E+0	522,235000E+3	12,000000E+0
490	378,000000E+0	8,070000E+0	13,740000E+0	522,310000E+3	12,000000E+0
491	391,000000E+0	13,450000E+0	13,740000E+0	522,384000E+3	12,000000E+0
492	404,000000E+0	10,760000E+0	13,740000E+0	522,460000E+3	12,000000E+0
493	396,000000E+0	5,380000E+0	13,740000E+0	522,534000E+3	12,000000E+0
494	395,000000E+0	8,070000E+0	13,740000E+0	522,608000E+3	12,000000E+0
495	395,000000E+0	8,070000E+0	13,740000E+0	522,683000E+3	12,000000E+0
496	396,000000E+0	8,070000E+0	13,740000E+0	522,758000E+3	12,000000E+0
497	404,000000E+0	5,380000E+0	13,740000E+0	522,835000E+3	12,000000E+0
498	397,000000E+0	10,760000E+0	13,740000E+0	522,911000E+3	12,000000E+0
499	392,000000E+0	13,450000E+0	13,511000E+0	522,987000E+3	12,000000E+0
500	387,000000E+0	10,760000E+0	13,282000E+0	523,061000E+3	12,000000E+0
501	398,000000E+0	10,760000E+0	13,282000E+0	523,134000E+3	12,000000E+0
502	398,000000E+0	13,450000E+0	13,511000E+0	523,209000E+3	12,000000E+0
503	408,000000E+0	10,760000E+0	13,511000E+0	523,286000E+3	12,000000E+0
504	405,000000E+0	13,450000E+0	13,740000E+0	523,361000E+3	12,000000E+0
505	400,000000E+0	13,450000E+0	13,511000E+0	523,438000E+3	12,000000E+0
506	402,000000E+0	8,070000E+0	13,740000E+0	523,514000E+3	12,000000E+0
507	396,000000E+0	8,070000E+0	13,740000E+0	523,591000E+3	12,000000E+0
508	406,000000E+0	13,450000E+0	13,740000E+0	523,666000E+3	12,000000E+0
509	404,000000E+0	5,380000E+0	13,740000E+0	523,743000E+3	12,000000E+0
510	413,000000E+0	10,760000E+0	13,969000E+0	523,820000E+3	12,000000E+0
511	410,000000E+0	10,760000E+0	13,740000E+0	523,894000E+3	12,000000E+0
512	387,000000E+0	10,760000E+0	13,740000E+0	523,971000E+3	12,000000E+0
513	406,000000E+0	10,760000E+0	13,740000E+0	524,046000E+3	12,000000E+0
514	388,000000E+0	13,450000E+0	13,740000E+0	524,122000E+3	12,000000E+0
515	394,000000E+0	10,760000E+0	13,740000E+0	524,198000E+3	12,000000E+0
516	391,000000E+0	10,760000E+0	13,740000E+0	524,274000E+3	12,000000E+0
517	387,000000E+0	8,070000E+0	13,969000E+0	524,347000E+3	12,000000E+0
518	386,000000E+0	8,070000E+0	13,740000E+0	524,422000E+3	12,000000E+0
519	386,000000E+0	8,070000E+0	13,740000E+0	524,499000E+3	12,000000E+0
520	404,000000E+0	8,070000E+0	13,740000E+0	524,575000E+3	12,000000E+0
521	390,000000E+0	5,380000E+0	13,740000E+0	524,648000E+3	12,000000E+0
522	383,000000E+0	5,380000E+0	13,740000E+0	524,722000E+3	12,000000E+0
523	388,000000E+0	13,450000E+0	13,511000E+0	524,798000E+3	12,000000E+0
524	400,000000E+0	10,760000E+0	13,511000E+0	524,872000E+3	12,000000E+0
525	382,000000E+0	8,070000E+0	13,511000E+0	524,947000E+3	12,000000E+0
526	379,000000E+0	8,070000E+0	13,282000E+0	525,020000E+3	12,000000E+0
527	389,000000E+0	13,450000E+0	13,282000E+0	525,095000E+3	12,000000E+0
528	394,000000E+0	8,070000E+0	13,282000E+0	525,167000E+3	12,000000E+0
529	400,000000E+0	10,760000E+0	13,282000E+0	525,243000E+3	12,000000E+0
530	399,000000E+0	13,450000E+0	13,282000E+0	525,317000E+3	12,000000E+0
531	380,000000E+0	5,380000E+0	13,282000E+0	525,391000E+3	12,000000E+0
532	390,000000E+0	10,760000E+0	13,282000E+0	525,467000E+3	12,000000E+0
533	380,000000E+0	13,450000E+0	13,511000E+0	525,541000E+3	12,000000E+0
534	400,000000E+0	10,760000E+0	13,511000E+0	525,616000E+3	12,000000E+0
535	385,000000E+0	13,450000E+0	13,511000E+0	525,691000E+3	12,000000E+0
536	400,000000E+0	10,760000E+0	13,740000E+0	525,766000E+3	12,000000E+0
537	383,000000E+0	10,760000E+0	13,740000E+0	525,842000E+3	12,000000E+0
538	388,000000E+0	10,760000E+0	13,740000E+0	525,917000E+3	12,000000E+0
539	382,000000E+0	13,450000E+0	13,740000E+0	525,993000E+3	12,000000E+0
540	392,000000E+0	10,760000E+0	13,740000E+0	526,067000E+3	12,000000E+0
541	397,000000E+0	10,760000E+0	13,740000E+0	526,143000E+3	12,000000E+0
542	401,000000E+0	5,380000E+0	13,740000E+0	526,218000E+3	12,000000E+0
543	392,000000E+0	8,070000E+0	13,969000E+0	526,294000E+3	12,000000E+0
544	403,000000E+0	8,070000E+0	13,969000E+0	526,369000E+3	12,000000E+0
545	397,000000E+0	10,760000E+0	13,969000E+0	526,444000E+3	12,000000E+0
546	386,000000E+0	10,760000E+0	13,969000E+0	526,519000E+3	12,000000E+0
547	401,000000E+0	5,380000E+0	13,969000E+0	526,596000E+3	12,000000E+0
548	385,000000E+0	10,760000E+0	13,969000E+0	526,670000E+3	12,000000E+0
549	386,000000E+0	8,070000E+0	13,740000E+0	526,744000E+3	12,000000E+0
550	406,000000E+0	10,760000E+0	13,969000E+0	526,821000E+3	12,000000E+0
551	410,000000E+0	10,760000E+0	13,740000E+0	526,897000E+3	12,000000E+0
552	392,000000E+0	10,760000E+0	13,740000E+0	526,974000E+3	12,000000E+0
553	400,000000E+0	8,070000E+0	13,740000E+0	527,050000E+3	12,000000E+0
554	403,000000E+0	10,760000E+0	13,740000E+0	527,126000E+3	12,000000E+0
555	399,000000E+0	13,450000E+0	13,511000E+0	527,200000E+3	12,000000E+0
556	399,000000E+0	13,450000E+0	13,511000E+0	527,276000E+3	12,000000E+0
557	385,000000E+0	10,760000E+0	13,511000E+0	527,353000E+3	12,000000E+0
558	406,000000E+0	8,070000E+0	13,511000E+0	527,428000E+3	12,000000E+0
559	404,000000E+0	8,070000E+0	13,511000E+0	527,503000E+3	12,000000E+0
560	408,000000E+0	13,450000E+0	13,511000E+0	527,579000E+3	12,000000E+0
561	408,000000E+0	10,760000E+0	13,740000E+0	527,655000E+3	12,000000E+0
562	404,000000E+0	13,450000E+0	13,511000E+0	527,730000E+3	12,000000E+0
563	406,000000E+0	8,070000E+0	13,740000E+0	527,807000E+3	12,000000E+0
564	406,000000E+0	10,760000E+0	13,740000E+0	527,884000E+3	12,000000E+0
565	405,000000E+0	10,760000E+0	13,740000E+0	527,960000E+3	12,000000E+0
566	398,000000E+0	8,070000E+0	13,740000E+0	528,036000E+3	12,000000E+0
567	407,000000E+0	10,760000E+0	13,969000E+0	528,113000E+3	12,000000E+0
568	392,000000E+0	13,450000E+0	13,740000E+0	528,188000E+3	12,000000E+0
569	392,000000E+0	8,070000E+0	13,969000E+0	528,265000E+3	12,000000E+0
570	391,000000E+0	8,070000E+0	13,969000E+0	528,341000E+3	12,000000E+0
571	402,000000E+0	8,070000E+0	13,969000E+0	528,416000E+3	12,000000E+0
572	404,000000E+0	10,760000E+0	13,969000E+0	528,491000E+3	12,000000E+0
573	392,000000E+0	10,760000E+0	13,740000E+0	528,567000E+3	12,000000E+0
574	409,000000E+0	8,070000E+0	13,740000E+0	528,642000E+3	12,000000E+0
575	409,000000E+0	13,450000E+0	13,740000E+0	528,718000E+3	12,000000E+0
576	387,000000E+0	8,070000E+0	13,740000E+0	528,793000E+3	12,000000E+0
577	384,000000E+0	8,070000E+0	13,740000E+0	528,868000E+3	12,000000E+0
578	383,000000E+0	8,070000E+0	13,511000E+0	528,943000E+3	12,000000E+0
579	384,000000E+0	10,760000E+0	13,511000E+0	529,019000E+3	12,000000E+0
580	387,000000E+0	10,760000E+0	13,511000E+0	529,093000E+3	12,000000E+0
581	390,000000E+0	13,450000E+0	13,511000E+0	529,168000E+3	12,000000E+0
582	382,000000E+0	8,070000E+0	13,511000E+0	529,242000E+3	12,000000E+0
583	386,000000E+0	10,760000E+0	13,511000E+0	529,317000E+3	12,000000E+0
584	383,000000E+0	8,070000E+0	13,282000E+0	529,391000E+3	12,000000E+0
585	392,000000E+0	10,760000E+0	13,282000E+0	529,466000E+3	12,000000E+0
586	402,000000E+0	10,760000E+0	13,511000E+0	529,541000E+3	12,000000E+0
587	405,000000E+0	10,760000E+0	13,511000E+0	529,615000E+3	12,000000E+0
588	401,000000E+0	8,070000E+0	13,511000E+0	529,691000E+3	12,000000E+0
589	405,000000E+0	8,070000E+0	13,740000E+0	529,767000E+3	12,000000E+0
590	404,000000E+0	13,450000E+0	13,740000E+0	529,843000E+3	12,000000E+0
591	408,000000E+0	13,450000E+0	13,740000E+0	529,918000E+3	12,000000E+0
592	395,000000E+0	13,450000E+0	13,740000E+0	529,992000E+3	12,000000E+0
593	392,000000E+0	13,450000E+0	13,740000E+0	530,068000E+3	12,000000E+0
594	391,000000E+0	13,450000E+0	13,969000E+0	530,144000E+3	12,000000E+0
595	389,000000E+0	13,450000E+0	13,969000E+0	530,219000E+3	12,000000E+0
596	389,000000E+0	8,070000E+0	13,969000E+0	530,295000E+3	12,000000E+0
597	390,000000E+0	8,070000E+0	13,969000E+0	530,372000E+3	12,000000E+0
598	389,000000E+0	8,070000E+0	13,969000E+0	530,447000E+3	12,000000E+0
599	396,000000E+0	8,070000E+0	13,969000E+0	530,522000E+3	12,000000E+0
600	386,000000E+0	10,760000E+0	13,969000E+0	530,597000E+3	12,000000E+0
601	388,000000E+0	8,070000E+0	13,969000E+0	530,674000E+3	12,000000E+0
602	390,000000E+0	10,760000E+0	13,969000E+0	530,750000E+3	12,000000E+0
603	410,000000E+0	5,380000E+0	13,969000E+0	530,824000E+3	12,000000E+0
604	391,000000E+0	10,760000E+0	13,969000E+0	530,901000E+3	12,000000E+0
605	410,000000E+0	8,070000E+0	13,969000E+0	530,978000E+3	12,000000E+0
606	392,000000E+0	8,070000E+0	13,969000E+0	531,056000E+3	12,000000E+0
607	414,000000E+0	8,070000E+0	13,969000E+0	531,132000E+3	12,000000E+0
608	408,000000E+0	5,380000E+0	13,969000E+0	531,210000E+3	12,000000E+0
609	394,000000E+0	13,450000E+0	13,969000E+0	531,287000E+3	12,000000E+0
610	401,000000E+0	13,450000E+0	13,969000E+0	531,365000E+3	12,000000E+0
611	402,000000E+0	8,070000E+0	13,740000E+0	531,443000E+3	12,000000E+0
612	405,000000E+0	8,070000E+0	13,511000E+0	531,519000E+3	12,000000E+0
613	396,000000E+0	13,450000E+0	13,511000E+0	531,594000E+3	12,000000E+0
614	393,000000E+0	10,760000E+0	13,740000E+0	531,672000E+3	12,000000E+0
615	399,000000E+0	10,760000E+0	13,740000E+0	531,748000E+3	12,000000E+0
616	386,000000E+0	13,450000E+0	13,740000E+0	531,824000E+3	12,000000E+0
617	410,000000E+0	5,380000E+0	13,740000E+0	531,901000E+3	12,000000E+0
618	400,000000E+0	5,380000E+0	13,740000E+0	531,977000E+3	12,000000E+0
619	406,000000E+0	13,450000E+0	13,740000E+0	532,053000E+3	12,000000E+0
620	392,000000E+0	8,070000E+0	13,740000E+0	532,129000E+3	12,000000E+0
621	398,000000E+0	13,450000E+0	13,969000E+0	532,206000E+3	12,000000E+0
622	408,000000E+0	10,760000E+0	13,969000E+0	532,281000E+3	12,000000E+0
623	390,000000E+0	10,760000E+0	13,969000E+0	532,358000E+3	12,000000E+0
624	401,000000E+0	8,070000E+0	13,740000E+0	532,434000E+3	12,000000E+0
625	85,000000E+0	1,054480E+3	900,465327E+3	538,836992E+6	800,000000E-3
626	402,000000E+0	13,450000E+0	13,740000E+0	532,581000E+3	12,000000E+0
627	387,000000E+0	5,380000E+0	13,740000E+0	532,659000E+3	12,000000E+0
628	85,000000E+0	1,059860E+3	900,465098E+3	553,517056E+6	800,000000E-3
629	-32,768000E+3	1,379970E+3	3,517440E+3	136,399360E+6	3,072000E+3
630	-27,648000E+3	2,068610E+3	3,517440E+3	136,418560E+6	3,072000E+3
631	-31,232000E+3	2,068610E+3	3,517440E+3	136,437504E+6	3,072000E+3
632	85,000000E+0	1,097520E+3	885,457812E+3	573,243392E+6	800,000000E-3
633	-31,488000E+3	1,379970E+3	3,458816E+3	136,476160E+6	3,072000E+3
634	-28,416000E+3	3,445890E+3	3,458816E+3	136,495360E+6	3,072000E+3
635	-29,696000E+3	2,757250E+3	3,458816E+3	136,514304E+6	3,072000E+3
636	-28,672000E+3	3,445890E+3	3,458816E+3	136,533760E+6	3,072000E+3
637	85,000000E+0	1,089450E+3	885,457583E+3	597,819392E+6	800,000000E-3
638	-29,184000E+3	1,379970E+3	3,458816E+3	136,572160E+6	3,072000E+3
639	409,000000E+0	13,450000E+0	13,511000E+0	533,560000E+3	12,000000E+0
640	85,000000E+0	1,067930E+3	885,457354E+3	612,630528E+6	800,000000E-3
641	-28,928000E+3	2,068610E+3	3,458816E+3	136,630016E+6	3,072000E+3
642	21,760000E+3	-82,636800E+3	226,677083E+6	452,984832E+6	208,500000E+0
643	85,000000E+0	1,067930E+3	885,457354E+3	627,507200E+6	800,000000E-3
644	85,000000E+0	1,059860E+3	900,465098E+3	632,422400E+6	800,000000E-3
645	85,000000E+0	1,108280E+3	900,465327E+3	637,403136E+6	800,000000E-3
646	-30,976000E+3	2,068610E+3	3,517440E+3	136,726784E+6	3,072000E+3
647	85,000000E+0	1,067930E+3	915,473529E+3	647,299072E+6	800,000000E-3
648	410,000000E+0	8,070000E+0	13,969000E+0	534,241000E+3	12,000000E+0
649	392,000000E+0	10,760000E+0	13,969000E+0	534,319000E+3	12,000000E+0
650	85,000000E+0	1,059860E+3	930,480586E+3	662,372352E+6	800,000000E-3
651	400,000000E+0	10,760000E+0	14,198000E+0	534,472000E+3	12,000000E+0
652	85,000000E+0	1,084070E+3	930,480815E+3	672,530432E+6	800,000000E-3
653	85,000000E+0	1,100210E+3	930,480586E+3	677,511168E+6	800,000000E-3
654	85,000000E+0	1,067930E+3	915,473300E+3	682,491904E+6	800,000000E-3
655	-30,208000E+3	2,068610E+3	3,576064E+3	136,903168E+6	3,072000E+3
656	-30,208000E+3	2,068610E+3	3,576064E+3	136,922624E+6	3,072000E+3
657	-28,928000E+3	2,757250E+3	3,576064E+3	136,941824E+6	3,072000E+3
658	-32,000000E+3	3,445890E+3	3,576064E+3	136,961536E+6	3,072000E+3
659	-30,720000E+3	2,757250E+3	3,517440E+3	136,980992E+6	3,072000E+3
660	-27,904000E+3	2,757250E+3	3,517440E+3	137,000704E+6	3,072000E+3
661	388,000000E+0	13,450000E+0	13,740000E+0	535,234000E+3	12,000000E+0
662	403,000000E+0	10,760000E+0	13,969000E+0	535,312000E+3	12,000000E+0
663	391,000000E+0	13,450000E+0	13,969000E+0	535,388000E+3	12,000000E+0
664	403,000000E+0	5,380000E+0	13,740000E+0	535,465000E+3	12,000000E+0
665	404,000000E+0	8,070000E+0	13,740000E+0	535,543000E+3	12,000000E+0
666	389,000000E+0	8,070000E+0	13,740000E+0	535,620000E+3	12,000000E+0
667	411,000000E+0	10,760000E+0	13,511000E+0	535,695000E+3	12,000000E+0
668	410,000000E+0	13,450000E+0	13,511000E+0	535,772000E+3	12,000000E+0
669	400,000000E+0	13,450000E+0	13,740000E+0	535,848000E+3	12,000000E+0
670	391,000000E+0	8,070000E+0	13,740000E+0	535,923000E+3	12,000000E+0
671	412,000000E+0	10,760000E+0	13,740000E+0	535,999000E+3	12,000000E+0
672	-29,440000E+3	3,445890E+3	3,517440E+3	137,235968E+6	3,072000E+3
673	408,000000E+0	10,760000E+0	13,740000E+0	536,154000E+3	12,000000E+0
674	-25,600000E+3	3,445890E+3	3,576064E+3	137,274880E+6	3,072000E+3
675	-30,976000E+3	2,068610E+3	3,576064E+3	137,294592E+6	3,072000E+3
676	406,000000E+0	8,070000E+0	13,969000E+0	536,382000E+3	12,000000E+0
677	-27,648000E+3	3,445890E+3	3,576064E+3	137,333504E+6	3,072000E+3
678	382,000000E+0	5,380000E+0	13,969000E+0	536,535000E+3	12,000000E+0
679	386,000000E+0	8,070000E+0	13,969000E+0	536,610000E+3	12,000000E+0
680	383,000000E+0	5,380000E+0	13,969000E+0	536,684000E+3	12,000000E+0
681	388,000000E+0	8,070000E+0	13,740000E+0	536,761000E+3	12,000000E+0
682	388,000000E+0	5,380000E+0	13,740000E+0	536,835000E+3	12,000000E+0
683	386,000000E+0	10,760000E+0	13,740000E+0	536,911000E+3	12,000000E+0
684	394,000000E+0	10,760000E+0	13,740000E+0	536,985000E+3	12,000000E+0
685	393,000000E+0	13,450000E+0	13,740000E+0	537,060000E+3	12,000000E+0
686	400,000000E+0	5,380000E+0	13,511000E+0	537,135000E+3	12,000000E+0
687	85,000000E+0	1,046410E+3	885,457812E+3	846,790656E+6	800,000000E-3
688	403,000000E+0	10,760000E+0	13,511000E+0	537,284000E+3	12,000000E+0
689	394,000000E+0	10,760000E+0	13,511000E+0	537,358000E+3	12,000000E+0
690	405,000000E+0	13,450000E+0	13,511000E+0	537,434000E+3	12,000000E+0
691	385,000000E+0	10,760000E+0	13,740000E+0	537,510000E+3	12,000000E+0
692	389,000000E+0	10,760000E+0	13,511000E+0	537,585000E+3	12,000000E+0
693	388,000000E+0	8,070000E+0	13,511000E+0	537,662000E+3	12,000000E+0
694	395,000000E+0	10,760000E+0	13,740000E+0	537,738000E+3	12,000000E+0
695	410,000000E+0	5,380000E+0	13,740000E+0	537,812000E+3	12,000000E+0
696	389,000000E+0	10,760000E+0	13,740000E+0	537,889000E+3	12,000000E+0
697	392,000000E+0	13,450000E+0	13,740000E+0	537,965000E+3	12,000000E+0
698	390,000000E+0	8,070000E+0	13,740000E+0	538,041000E+3	12,000000E+0
699	400,000000E+0	8,070000E+0	13,969000E+0	538,118000E+3	12,000000E+0
700	407,000000E+0	8,070000E+0	13,740000E+0	538,193000E+3	12,000000E+0
701	401,000000E+0	5,380000E+0	13,969000E+0	538,270000E+3	12,000000E+0
702	30,000000E+0	228,650000E+0	30,108004E+3	61,000000E+0	1,405900E+3
703	30,000000E+0	228,650000E+0	75,130320E+3	61,000000E+0	1,413500E+3
704	21,760000E+3	-77,127680E+3	234,361106E+6	-2,097152E+9	210,300000E+0
705	21,760000E+3	-75,750400E+3	238,203089E+6	-788,529152E+6	210,300000E+0
706	30,000000E+0	228,650000E+0	75,132381E+3	62,000000E+0	1,436600E+3
707	21,760000E+3	-77,816320E+3	238,203089E+6	1,761608E+9	210,400000E+0
708	412,000000E+0	13,450000E+0	14,198000E+0	538,806000E+3	12,000000E+0
709	30,000000E+0	228,650000E+0	60,120057E+3	62,000000E+0	1,459500E+3
710	397,000000E+0	13,450000E+0	14,198000E+0	538,959000E+3	12,000000E+0
711	392,000000E+0	10,760000E+0	14,198000E+0	539,035000E+3	12,000000E+0
712	398,000000E+0	13,450000E+0	14,198000E+0	539,112000E+3	12,000000E+0
713	-27,904000E+3	2,068610E+3	3,576064E+3	138,032640E+6	3,072000E+3
714	412,000000E+0	10,760000E+0	13,969000E+0	539,268000E+3	12,000000E+0
715	414,000000E+0	8,070000E+0	13,969000E+0	539,344000E+3	12,000000E+0
716	398,000000E+0	8,070000E+0	13,969000E+0	539,422000E+3	12,000000E+0
717	410,000000E+0	10,760000E+0	13,969000E+0	539,498000E+3	12,000000E+0
718	418,000000E+0	8,070000E+0	13,740000E+0	539,575000E+3	12,000000E+0
719	-27,392000E+3	2,068610E+3	3,576064E+3	138,151424E+6	3,072000E+3
720	413,000000E+0	8,070000E+0	13,969000E+0	539,732000E+3	12,000000E+0
721	-24,832000E+3	2,068610E+3	3,576064E+3	138,191360E+6	3,072000E+3
722	400,000000E+0	8,070000E+0	13,740000E+0	539,886000E+3	12,000000E+0
723	-30,720000E+3	3,445890E+3	3,517440E+3	138,230784E+6	3,072000E+3
724	-27,648000E+3	1,379970E+3	3,517440E+3	138,249984E+6	3,072000E+3
725	396,000000E+0	13,450000E+0	13,740000E+0	540,116000E+3	12,000000E+0
726	410,000000E+0	10,760000E+0	13,969000E+0	540,194000E+3	12,000000E+0
727	-28,416000E+3	2,757250E+3	3,576064E+3	138,309376E+6	3,072000E+3
728	408,000000E+0	5,380000E+0	13,969000E+0	540,348000E+3	12,000000E+0
729	416,000000E+0	10,760000E+0	13,969000E+0	540,425000E+3	12,000000E+0
730	393,000000E+0	8,070000E+0	14,198000E+0	540,501000E+3	12,000000E+0
731	392,000000E+0	13,450000E+0	14,198000E+0	540,579000E+3	12,000000E+0
732	-30,464000E+3	1,379970E+3	3,576064E+3	138,407680E+6	3,072000E+3
733	409,000000E+0	10,760000E+0	13,969000E+0	540,729000E+3	12,000000E+0
734	397,000000E+0	13,450000E+0	14,198000E+0	540,805000E+3	12,000000E+0
735	402,000000E+0	8,070000E+0	13,969000E+0	540,884000E+3	12,000000E+0
736	404,000000E+0	13,450000E+0	13,969000E+0	540,959000E+3	12,000000E+0
737	402,000000E+0	13,450000E+0	13,740000E+0	541,033000E+3	12,000000E+0
738	-29,696000E+3	3,445890E+3	3,517440E+3	138,523648E+6	3,072000E+3
739	399,000000E+0	13,450000E+0	13,511000E+0	541,184000E+3	12,000000E+0
740	390,000000E+0	8,070000E+0	13,511000E+0	541,259000E+3	12,000000E+0
741	-27,136000E+3	2,757250E+3	3,458816E+3	138,581760E+6	3,072000E+3
742	386,000000E+0	13,450000E+0	13,511000E+0	541,410000E+3	12,000000E+0
743	-27,136000E+3	3,445890E+3	3,458816E+3	138,620160E+6	3,072000E+3
744	-31,744000E+3	2,757250E+3	3,458816E+3	138,639104E+6	3,072000E+3
745	-28,672000E+3	2,757250E+3	3,458816E+3	138,659072E+6	3,072000E+3
746	85,000000E+0	1,105590E+3	885,457812E+3	1,141834E+9	800,000000E-3
747	-27,648000E+3	3,445890E+3	3,517440E+3	138,697472E+6	3,072000E+3
748	-30,720000E+3	2,068610E+3	3,517440E+3	138,717184E+6	3,072000E+3
749	-27,392000E+3	2,068610E+3	3,517440E+3	138,737152E+6	3,072000E+3
750	85,000000E+0	1,078690E+3	900,465785E+3	1,161888E+9	800,000000E-3
751	-30,720000E+3	2,757250E+3	3,517440E+3	138,776064E+6	3,072000E+3
752	-29,696000E+3	1,379970E+3	3,517440E+3	138,795520E+6	3,072000E+3
753	-25,856000E+3	2,068610E+3	3,517440E+3	138,814720E+6	3,072000E+3
754	-28,160000E+3	2,757250E+3	3,576064E+3	138,834176E+6	3,072000E+3
755	-30,720000E+3	1,379970E+3	3,576064E+3	138,854144E+6	3,072000E+3
756	-25,600000E+3	2,757250E+3	3,634688E+3	138,873600E+6	3,072000E+3
757	-30,720000E+3	2,757250E+3	3,634688E+3	138,893312E+6	3,072000E+3
758	-24,576000E+3	3,445890E+3	3,634688E+3	138,913024E+6	3,072000E+3
759	-28,160000E+3	1,379970E+3	3,634688E+3	138,932992E+6	3,072000E+3
760	85,000000E+0	1,054480E+3	930,480815E+3	1,212154E+9	800,000000E-3
761	-25,344000E+3	2,757250E+3	3,634688E+3	138,972416E+6	3,072000E+3
762	-28,160000E+3	1,379970E+3	3,693312E+3	138,992896E+6	3,072000E+3
763	85,000000E+0	1,076000E+3	945,488788E+3	1,227424E+9	800,000000E-3
764	-28,416000E+3	2,757250E+3	3,634688E+3	139,032064E+6	3,072000E+3
765	-29,696000E+3	2,757250E+3	3,634688E+3	139,052032E+6	3,072000E+3
766	-27,136000E+3	3,445890E+3	3,576064E+3	139,071744E+6	3,072000E+3
767	-24,832000E+3	2,757250E+3	3,576064E+3	139,091712E+6	3,072000E+3
768	85,000000E+0	1,076000E+3	915,473300E+3	1,252852E+9	800,000000E-3
769	-25,856000E+3	3,445890E+3	3,576064E+3	139,131904E+6	3,072000E+3
770	-30,208000E+3	2,068610E+3	3,576064E+3	139,151360E+6	3,072000E+3
771	-28,928000E+3	1,379970E+3	3,517440E+3	139,170816E+6	3,072000E+3
772	-30,208000E+3	2,068610E+3	3,517440E+3	139,190784E+6	3,072000E+3
773	-27,648000E+3	2,757250E+3	3,576064E+3	139,210752E+6	3,072000E+3
774	-24,320000E+3	2,068610E+3	3,576064E+3	139,230464E+6	3,072000E+3
775	-24,064000E+3	2,757250E+3	3,576064E+3	139,250688E+6	3,072000E+3
776	85,000000E+0	1,054480E+3	915,473300E+3	1,293484E+9	800,000000E-3
777	-28,672000E+3	2,068610E+3	3,576064E+3	139,290368E+6	3,072000E+3
778	-25,088000E+3	2,068610E+3	3,576064E+3	139,310592E+6	3,072000E+3
779	-28,928000E+3	2,068610E+3	3,517440E+3	139,330304E+6	3,072000E+3
780	403,000000E+0	13,450000E+0	13,969000E+0	544,336000E+3	12,000000E+0
781	-27,136000E+3	1,379970E+3	3,576064E+3	139,369472E+6	3,072000E+3
782	-29,952000E+3	2,068610E+3	3,576064E+3	139,389440E+6	3,072000E+3
783	85,000000E+0	1,124420E+3	930,480815E+3	1,328939E+9	800,000000E-3
784	-28,416000E+3	2,757250E+3	3,634688E+3	139,428864E+6	3,072000E+3
785	-30,464000E+3	2,068610E+3	3,634688E+3	139,448832E+6	3,072000E+3
786	85,000000E+0	1,116350E+3	930,481044E+3	1,344209E+9	800,000000E-3
787	85,000000E+0	1,113660E+3	930,481044E+3	1,349124E+9	800,000000E-3
788	85,000000E+0	1,070620E+3	915,473300E+3	1,354236E+9	800,000000E-3
789	85,000000E+0	1,062550E+3	915,473071E+3	1,359151E+9	800,000000E-3
790	85,000000E+0	1,102900E+3	915,473300E+3	1,364132E+9	800,000000E-3
791	85,000000E+0	1,043720E+3	915,473529E+3	1,369113E+9	800,000000E-3
792	85,000000E+0	1,067930E+3	915,473071E+3	1,374159E+9	800,000000E-3
793	21,760000E+3	-76,439040E+3	230,519241E+6	872,415232E+6	213,000000E+0
794	7,681000E+3	58,534400E+3	23,074348E+6	15,104000E+3	3,276800E+3
795	256,000000E+0	80,700000E+0	5,973102E+6	3,866628E+6	0,000000E+0
796	256,000000E+0	80,700000E+0	5,762993E+6	3,866628E+6	0,000000E+0
797	256,000000E+0	80,700000E+0	5,958094E+6	3,866628E+6	0,000000E+0
798	253,000000E+0	20,661890E+3	-457,190930E+6	989,856257E+6	0,000000E+0
799	256,000000E+0	80,700000E+0	6,048140E+6	3,932162E+6	0,000000E+0
800	7,681000E+3	58,534400E+3	19,233948E+6	15,360000E+3	1,766400E+3
801	7,681000E+3	58,534400E+3	7,707356E+6	15,360000E+3	3,737600E+3
802	7,681000E+3	58,534400E+3	19,233772E+6	15,360000E+3	5,683200E+3
803	7,681000E+3	58,534400E+3	11,550100E+6	15,616000E+3	1,126400E+3
804	7,681000E+3	58,534400E+3	7,707063E+6	15,616000E+3	3,123200E+3
805	30,000000E+0	228,650000E+0	75,130778E+3	61,000000E+0	2,195900E+3
806	30,000000E+0	228,650000E+0	45,113458E+3	62,000000E+0	2,203700E+3
807	7,681000E+3	58,534400E+3	15,390969E+6	15,616000E+3	2,483200E+3
808	30,000000E+0	228,650000E+0	60,125324E+3	61,000000E+0	2,219100E+3
809	7,681000E+3	58,534400E+3	11,548928E+6	15,872000E+3	6,400000E+3
810	7,681000E+3	58,534400E+3	19,234593E+6	15,872000E+3	1,843200E+3
811	256,000000E+0	80,700000E+0	6,123179E+6	4,063234E+6	0,000000E+0
812	7,681000E+3	58,534400E+3	15,391497E+6	16,128000E+3	5,811200E+3
813	7,681000E+3	58,534400E+3	15,391379E+6	16,128000E+3	1,280000E+3
814	30,000000E+0	228,650000E+0	75,132610E+3	63,000000E+0	2,265500E+3
815	30,000000E+0	228,650000E+0	60,127156E+3	62,000000E+0	2,273300E+3
816	7,681000E+3	58,534400E+3	7,708059E+6	15,872000E+3	716,800000E+0
817	7,681000E+3	58,534400E+3	7,706887E+6	15,872000E+3	2,662400E+3
818	7,681000E+3	58,534400E+3	11,549045E+6	15,872000E+3	4,633600E+3
819	256,000000E+0	80,700000E+0	6,063148E+6	4,128772E+6	0,000000E+0
820	256,000000E+0	80,700000E+0	5,943086E+6	4,128771E+6	0,000000E+0
821	256,000000E+0	80,700000E+0	5,958094E+6	4,063236E+6	0,000000E+0
822	256,000000E+0	80,700000E+0	5,898063E+6	4,063236E+6	0,000000E+0
823	256,000000E+0	80,700000E+0	6,018125E+6	3,997700E+6	0,000000E+0
824	256,000000E+0	80,700000E+0	6,288264E+6	3,997700E+6	0,000000E+0
825	256,000000E+0	80,700000E+0	6,303272E+6	3,997700E+6	0,000000E+0
826	256,000000E+0	80,700000E+0	6,288264E+6	3,997700E+6	0,000000E+0
827	256,000000E+0	80,700000E+0	6,018125E+6	4,063234E+6	0,000000E+0
828	7,681000E+3	58,534400E+3	7,707766E+6	15,616000E+3	5,017600E+3
829	7,681000E+3	58,534400E+3	11,549983E+6	15,872000E+3	460,800000E+0
830	7,681000E+3	58,534400E+3	7,708646E+6	15,872000E+3	2,457600E+3
831	7,681000E+3	58,534400E+3	15,392259E+6	15,872000E+3	4,505600E+3
832	7,681000E+3	58,534400E+3	15,392435E+6	15,872000E+3	6,528000E+3
833	7,681000E+3	58,534400E+3	19,233245E+6	15,872000E+3	1,971200E+3
834	30,000000E+0	228,650000E+0	45,118496E+3	62,000000E+0	2,421900E+3
835	30,000000E+0	228,650000E+0	60,126011E+3	62,000000E+0	2,429600E+3
836	30,000000E+0	228,650000E+0	30,110294E+3	62,000000E+0	2,437300E+3
837	30,000000E+0	228,650000E+0	45,114832E+3	62,000000E+0	2,445200E+3
838	256,000000E+0	80,700000E+0	5,913071E+6	4,063237E+6	0,000000E+0
839	30,000000E+0	228,650000E+0	60,125324E+3	62,000000E+0	2,460700E+3
840	30,000000E+0	228,650000E+0	75,131007E+3	62,000000E+0	2,468300E+3
841	30,000000E+0	228,650000E+0	30,111668E+3	62,000000E+0	2,476100E+3
842	256,000000E+0	80,700000E+0	6,033133E+6	4,063235E+6	0,000000E+0
843	30,000000E+0	228,650000E+0	60,123034E+3	61,000000E+0	2,491500E+3
844	30,000000E+0	228,650000E+0	45,113687E+3	61,000000E+0	2,499100E+3
845	30,000000E+0	228,650000E+0	60,123492E+3	61,000000E+0	2,506800E+3
846	30,000000E+0	228,650000E+0	60,119828E+3	60,000000E+0	2,514300E+3
847	7,681000E+3	58,534400E+3	15,391438E+6	15,360000E+3	3,379200E+3
848	7,681000E+3	58,534400E+3	15,391731E+6	15,360000E+3	5,299200E+3
849	30,000000E+0	228,650000E+0	30,104569E+3	59,000000E+0	2,536900E+3
850	30,000000E+0	228,650000E+0	75,130091E+3	59,000000E+0	2,544500E+3
851	30,000000E+0	228,650000E+0	45,114832E+3	59,000000E+0	2,552100E+3
852	30,000000E+0	228,650000E+0	45,116206E+3	59,000000E+0	2,559700E+3
853	21,760000E+3	-84,702720E+3	230,519183E+6	1,224737E+9	214,800000E+0
854	21,760000E+3	-70,929920E+3	230,519065E+6	-1,778385E+9	214,800000E+0
855	21,760000E+3	-78,504960E+3	230,519065E+6	-486,539264E+6	214,800000E+0
856	21,760000E+3	-74,373120E+3	234,361224E+6	805,306368E+6	214,900000E+0
857	30,000000E+0	228,650000E+0	45,118038E+3	61,000000E+0	2,598100E+3
858	30,000000E+0	228,650000E+0	45,117351E+3	61,000000E+0	2,605900E+3
859	419,000000E+0	10,760000E+0	14,198000E+0	550,443000E+3	12,000000E+0
860	401,000000E+0	10,760000E+0	14,198000E+0	550,540000E+3	12,000000E+0
861	417,000000E+0	10,760000E+0	14,427000E+0	550,617000E+3	12,000000E+0
862	392,000000E+0	8,070000E+0	14,198000E+0	550,695000E+3	12,000000E+0
863	404,000000E+0	10,760000E+0	14,198000E+0	550,773000E+3	12,000000E+0
864	397,000000E+0	8,070000E+0	14,427000E+0	550,852000E+3	12,000000E+0
865	406,000000E+0	13,450000E+0	14,427000E+0	550,930000E+3	12,000000E+0
866	416,000000E+0	8,070000E+0	14,427000E+0	551,006000E+3	12,000000E+0
867	401,000000E+0	8,070000E+0	14,198000E+0	551,084000E+3	12,000000E+0
868	400,000000E+0	13,450000E+0	14,198000E+0	551,162000E+3	12,000000E+0
869	405,000000E+0	10,760000E+0	14,198000E+0	551,239000E+3	12,000000E+0
870	414,000000E+0	10,760000E+0	14,198000E+0	551,315000E+3	12,000000E+0
871	420,000000E+0	8,070000E+0	14,198000E+0	551,393000E+3	12,000000E+0
872	400,000000E+0	5,380000E+0	14,198000E+0	551,473000E+3	12,000000E+0
873	408,000000E+0	10,760000E+0	13,969000E+0	551,551000E+3	12,000000E+0
874	399,000000E+0	10,760000E+0	13,969000E+0	551,628000E+3	12,000000E+0
875	402,000000E+0	10,760000E+0	13,969000E+0	551,706000E+3	12,000000E+0
876	392,000000E+0	13,450000E+0	13,969000E+0	551,784000E+3	12,000000E+0
877	405,000000E+0	10,760000E+0	13,969000E+0	551,861000E+3	12,000000E+0
878	422,000000E+0	8,070000E+0	13,969000E+0	551,941000E+3	12,000000E+0
879	409,000000E+0	5,380000E+0	13,969000E+0	552,019000E+3	12,000000E+0
880	403,000000E+0	10,760000E+0	13,969000E+0	552,097000E+3	12,000000E+0
881	409,000000E+0	8,070000E+0	13,969000E+0	552,174000E+3	12,000000E+0
882	425,000000E+0	5,380000E+0	13,969000E+0	552,254000E+3	12,000000E+0
883	405,000000E+0	8,070000E+0	13,969000E+0	552,331000E+3	12,000000E+0
884	406,000000E+0	8,070000E+0	14,198000E+0	552,409000E+3	12,000000E+0
885	417,000000E+0	5,380000E+0	14,198000E+0	552,488000E+3	12,000000E+0
886	419,000000E+0	5,380000E+0	14,427000E+0	552,566000E+3	12,000000E+0
887	417,000000E+0	5,380000E+0	14,198000E+0	552,645000E+3	12,000000E+0
888	401,000000E+0	10,760000E+0	14,198000E+0	552,723000E+3	12,000000E+0
889	393,000000E+0	13,450000E+0	14,198000E+0	552,800000E+3	12,000000E+0
890	415,000000E+0	8,070000E+0	14,198000E+0	552,878000E+3	12,000000E+0
891	403,000000E+0	8,070000E+0	13,969000E+0	552,955000E+3	12,000000E+0
892	396,000000E+0	10,760000E+0	14,198000E+0	553,030000E+3	12,000000E+0
893	399,000000E+0	5,380000E+0	14,198000E+0	553,107000E+3	12,000000E+0
894	394,000000E+0	8,070000E+0	14,198000E+0	553,184000E+3	12,000000E+0
895	420,000000E+0	10,760000E+0	13,969000E+0	553,262000E+3	12,000000E+0
896	419,000000E+0	8,070000E+0	13,969000E+0	553,338000E+3	12,000000E+0
897	392,000000E+0	10,760000E+0	13,969000E+0	553,414000E+3	12,000000E+0
898	405,000000E+0	10,760000E+0	13,740000E+0	553,491000E+3	12,000000E+0
899	393,000000E+0	10,760000E+0	13,969000E+0	553,567000E+3	12,000000E+0
900	391,000000E+0	8,070000E+0	13,740000E+0	553,644000E+3	12,000000E+0
901	396,000000E+0	13,450000E+0	13,740000E+0	553,720000E+3	12,000000E+0
902	391,000000E+0	5,380000E+0	13,740000E+0	553,797000E+3	12,000000E+0
903	409,000000E+0	10,760000E+0	13,740000E+0	553,873000E+3	12,000000E+0
904	392,000000E+0	10,760000E+0	13,740000E+0	553,949000E+3	12,000000E+0
905	397,000000E+0	10,760000E+0	13,740000E+0	554,025000E+3	12,000000E+0
906	406,000000E+0	8,070000E+0	13,740000E+0	554,101000E+3	12,000000E+0
907	409,000000E+0	8,070000E+0	13,740000E+0	554,178000E+3	12,000000E+0
908	395,000000E+0	5,380000E+0	13,740000E+0	554,254000E+3	12,000000E+0
909	415,000000E+0	10,760000E+0	13,740000E+0	554,331000E+3	12,000000E+0
910	403,000000E+0	8,070000E+0	13,969000E+0	554,408000E+3	12,000000E+0
911	411,000000E+0	13,450000E+0	13,969000E+0	554,486000E+3	12,000000E+0
912	409,000000E+0	5,380000E+0	13,969000E+0	554,562000E+3	12,000000E+0
913	402,000000E+0	8,070000E+0	14,198000E+0	554,639000E+3	12,000000E+0
914	408,000000E+0	10,760000E+0	14,198000E+0	554,717000E+3	12,000000E+0
915	419,000000E+0	8,070000E+0	14,198000E+0	554,794000E+3	12,000000E+0
916	406,000000E+0	8,070000E+0	14,198000E+0	554,872000E+3	12,000000E+0
917	391,000000E+0	13,450000E+0	14,427000E+0	554,950000E+3	12,000000E+0
918	400,000000E+0	10,760000E+0	14,427000E+0	555,029000E+3	12,000000E+0
919	417,000000E+0	5,380000E+0	14,427000E+0	555,105000E+3	12,000000E+0
920	399,000000E+0	8,070000E+0	14,427000E+0	555,183000E+3	12,000000E+0
921	398,000000E+0	10,760000E+0	14,427000E+0	555,261000E+3	12,000000E+0
922	409,000000E+0	10,760000E+0	14,427000E+0	555,339000E+3	12,000000E+0
923	415,000000E+0	10,760000E+0	14,198000E+0	555,415000E+3	12,000000E+0
924	416,000000E+0	10,760000E+0	14,198000E+0	555,493000E+3	12,000000E+0
925	406,000000E+0	13,450000E+0	14,198000E+0	555,573000E+3	12,000000E+0
926	408,000000E+0	5,380000E+0	14,198000E+0	555,653000E+3	12,000000E+0
927	404,000000E+0	8,070000E+0	14,198000E+0	555,731000E+3	12,000000E+0
928	397,000000E+0	8,070000E+0	13,969000E+0	555,808000E+3	12,000000E+0
929	397,000000E+0	8,070000E+0	13,969000E+0	555,886000E+3	12,000000E+0
930	395,000000E+0	13,450000E+0	13,969000E+0	555,964000E+3	12,000000E+0
931	397,000000E+0	13,450000E+0	14,198000E+0	556,044000E+3	12,000000E+0
932	418,000000E+0	10,760000E+0	13,969000E+0	556,122000E+3	12,000000E+0
933	415,000000E+0	8,070000E+0	13,969000E+0	556,199000E+3	12,000000E+0
934	414,000000E+0	10,760000E+0	13,740000E+0	556,277000E+3	12,000000E+0
935	422,000000E+0	2,690000E+0	13,969000E+0	556,355000E+3	12,000000E+0
936	416,000000E+0	5,380000E+0	13,969000E+0	556,432000E+3	12,000000E+0
937	405,000000E+0	8,070000E+0	13,969000E+0	556,511000E+3	12,000000E+0
938	404,000000E+0	13,450000E+0	13,969000E+0	556,589000E+3	12,000000E+0
939	409,000000E+0	10,760000E+0	14,198000E+0	556,667000E+3	12,000000E+0
940	413,000000E+0	10,760000E+0	14,198000E+0	556,745000E+3	12,000000E+0
941	411,000000E+0	8,070000E+0	14,198000E+0	556,823000E+3	12,000000E+0
942	401,000000E+0	5,380000E+0	13,969000E+0	556,900000E+3	12,000000E+0
943	410,000000E+0	13,450000E+0	14,198000E+0	556,978000E+3	12,000000E+0
944	413,000000E+0	5,380000E+0	13,969000E+0	557,054000E+3	12,000000E+0
945	394,000000E+0	13,450000E+0	13,969000E+0	557,128000E+3	12,000000E+0
946	393,000000E+0	5,380000E+0	13,969000E+0	557,205000E+3	12,000000E+0
947	412,000000E+0	8,070000E+0	13,969000E+0	557,282000E+3	12,000000E+0
948	390,000000E+0	16,140000E+0	13,969000E+0	557,358000E+3	12,000000E+0
949	412,000000E+0	8,070000E+0	13,969000E+0	557,434000E+3	12,000000E+0
950	391,000000E+0	10,760000E+0	13,969000E+0	557,510000E+3	12,000000E+0
951	415,000000E+0	10,760000E+0	13,969000E+0	557,588000E+3	12,000000E+0
952	392,000000E+0	13,450000E+0	13,740000E+0	557,663000E+3	12,000000E+0
953	414,000000E+0	8,070000E+0	13,740000E+0	557,740000E+3	12,000000E+0
954	399,000000E+0	10,760000E+0	13,740000E+0	557,816000E+3	12,000000E+0
955	403,000000E+0	8,070000E+0	13,740000E+0	557,893000E+3	12,000000E+0
956	394,000000E+0	13,450000E+0	13,740000E+0	557,970000E+3	12,000000E+0
957	408,000000E+0	10,760000E+0	13,740000E+0	558,047000E+3	12,000000E+0
958	394,000000E+0	13,450000E+0	13,740000E+0	558,122000E+3	12,000000E+0
959	394,000000E+0	8,070000E+0	13,740000E+0	558,199000E+3	12,000000E+0
960	404,000000E+0	5,380000E+0	13,740000E+0	558,275000E+3	12,000000E+0
961	395,000000E+0	13,450000E+0	13,740000E+0	558,352000E+3	12,000000E+0
962	402,000000E+0	13,450000E+0	13,740000E+0	558,428000E+3	12,000000E+0
963	400,000000E+0	5,380000E+0	13,740000E+0	558,505000E+3	12,000000E+0
964	400,000000E+0	13,450000E+0	13,969000E+0	558,582000E+3	12,000000E+0
965	413,000000E+0	8,070000E+0	13,969000E+0	558,658000E+3	12,000000E+0
966	392,000000E+0	8,070000E+0	13,969000E+0	558,736000E+3	12,000000E+0
967	410,000000E+0	13,450000E+0	14,198000E+0	558,813000E+3	12,000000E+0
968	421,000000E+0	10,760000E+0	14,427000E+0	558,891000E+3	12,000000E+0
969	407,000000E+0	5,380000E+0	14,427000E+0	558,969000E+3	12,000000E+0
970	420,000000E+0	8,070000E+0	14,427000E+0	559,047000E+3	12,000000E+0
971	410,000000E+0	5,380000E+0	14,427000E+0	559,127000E+3	12,000000E+0
972	411,000000E+0	8,070000E+0	14,427000E+0	559,205000E+3	12,000000E+0
973	404,000000E+0	8,070000E+0	14,198000E+0	559,282000E+3	12,000000E+0
974	393,000000E+0	10,760000E+0	14,198000E+0	559,360000E+3	12,000000E+0
975	396,000000E+0	10,760000E+0	14,427000E+0	559,437000E+3	12,000000E+0
976	417,000000E+0	8,070000E+0	14,198000E+0	559,514000E+3	12,000000E+0
977	410,000000E+0	5,380000E+0	14,198000E+0	559,591000E+3	12,000000E+0
978	407,000000E+0	5,380000E+0	14,198000E+0	559,670000E+3	12,000000E+0
979	405,000000E+0	8,070000E+0	14,198000E+0	559,748000E+3	12,000000E+0
980	402,000000E+0	13,450000E+0	13,969000E+0	559,826000E+3	12,000000E+0
981	398,000000E+0	10,760000E+0	14,198000E+0	559,904000E+3	12,000000E+0
982	401,000000E+0	13,450000E+0	14,198000E+0	559,982000E+3	12,000000E+0
983	398,000000E+0	10,760000E+0	13,969000E+0	560,059000E+3	12,000000E+0
984	396,000000E+0	13,450000E+0	14,198000E+0	560,139000E+3	12,000000E+0
985	406,000000E+0	13,450000E+0	14,198000E+0	560,217000E+3	12,000000E+0
986	404,000000E+0	13,450000E+0	13,969000E+0	560,296000E+3	12,000000E+0
987	416,000000E+0	10,760000E+0	13,740000E+0	560,373000E+3	12,000000E+0
988	406,000000E+0	5,380000E+0	13,969000E+0	560,450000E+3	12,000000E+0
989	407,000000E+0	8,070000E+0	13,969000E+0	560,528000E+3	12,000000E+0
990	395,000000E+0	10,760000E+0	13,969000E+0	560,606000E+3	12,000000E+0
991	415,000000E+0	13,450000E+0	13,969000E+0	560,685000E+3	12,000000E+0
992	408,000000E+0	10,760000E+0	14,198000E+0	560,763000E+3	12,000000E+0
993	415,000000E+0	13,450000E+0	14,427000E+0	560,842000E+3	12,000000E+0
994	402,000000E+0	10,760000E+0	14,198000E+0	560,920000E+3	12,000000E+0
995	408,000000E+0	13,450000E+0	14,427000E+0	560,998000E+3	12,000000E+0
996	399,000000E+0	8,070000E+0	14,427000E+0	561,078000E+3	12,000000E+0
997	401,000000E+0	10,760000E+0	14,198000E+0	561,156000E+3	12,000000E+0
998	400,000000E+0	10,760000E+0	14,198000E+0	561,231000E+3	12,000000E+0
999	409,000000E+0	13,450000E+0	14,198000E+0	561,309000E+3	12,000000E+0
1000	402,000000E+0	13,450000E+0	14,198000E+0	561,386000E+3	12,000000E+0
1001	408,000000E+0	8,070000E+0	13,969000E+0	561,464000E+3	12,000000E+0
1002	402,000000E+0	13,450000E+0	13,969000E+0	561,540000E+3	12,000000E+0
1003	413,000000E+0	8,070000E+0	14,198000E+0	561,617000E+3	12,000000E+0
1004	403,000000E+0	8,070000E+0	13,969000E+0	561,694000E+3	12,000000E+0
1005	395,000000E+0	10,760000E+0	13,969000E+0	561,772000E+3	12,000000E+0
1006	403,000000E+0	8,070000E+0	13,969000E+0	561,848000E+3	12,000000E+0
1007	396,000000E+0	8,070000E+0	13,740000E+0	561,924000E+3	12,000000E+0
1008	407,000000E+0	13,450000E+0	13,740000E+0	562,001000E+3	12,000000E+0
1009	417,000000E+0	5,380000E+0	13,740000E+0	562,078000E+3	12,000000E+0
1010	392,000000E+0	8,070000E+0	13,740000E+0	562,156000E+3	12,000000E+0
1011	415,000000E+0	8,070000E+0	13,969000E+0	562,233000E+3	12,000000E+0
1012	395,000000E+0	8,070000E+0	13,969000E+0	562,310000E+3	12,000000E+0
1013	403,000000E+0	10,760000E+0	13,969000E+0	562,387000E+3	12,000000E+0
1014	405,000000E+0	5,380000E+0	13,969000E+0	562,464000E+3	12,000000E+0
1015	392,000000E+0	10,760000E+0	13,740000E+0	562,542000E+3	12,000000E+0
1016	397,000000E+0	13,450000E+0	13,969000E+0	562,619000E+3	12,000000E+0
1017	403,000000E+0	8,070000E+0	13,969000E+0	562,696000E+3	12,000000E+0
1018	396,000000E+0	16,140000E+0	13,969000E+0	562,773000E+3	12,000000E+0
1019	415,000000E+0	8,070000E+0	14,198000E+0	562,851000E+3	12,000000E+0
1020	413,000000E+0	5,380000E+0	14,198000E+0	562,928000E+3	12,000000E+0
1021	412,000000E+0	5,380000E+0	14,198000E+0	563,006000E+3	12,000000E+0
1022	404,000000E+0	13,450000E+0	14,427000E+0	563,084000E+3	12,000000E+0
1023	402,000000E+0	10,760000E+0	14,427000E+0	563,163000E+3	12,000000E+0
1024	404,000000E+0	10,760000E+0	14,656000E+0	563,241000E+3	12,000000E+0
1025	407,000000E+0	13,450000E+0	14,656000E+0	563,320000E+3	12,000000E+0
1026	400,000000E+0	5,380000E+0	14,427000E+0	563,399000E+3	12,000000E+0
1027	420,000000E+0	8,070000E+0	14,427000E+0	563,478000E+3	12,000000E+0
1028	424,000000E+0	13,450000E+0	14,427000E+0	563,556000E+3	12,000000E+0
1029	422,000000E+0	10,760000E+0	14,427000E+0	563,633000E+3	12,000000E+0
1030	412,000000E+0	10,760000E+0	14,427000E+0	563,712000E+3	12,000000E+0
1031	420,000000E+0	5,380000E+0	14,427000E+0	563,793000E+3	12,000000E+0
1032	424,000000E+0	13,450000E+0	14,427000E+0	563,873000E+3	12,000000E+0
1033	420,000000E+0	5,380000E+0	14,427000E+0	563,953000E+3	12,000000E+0
1034	411,000000E+0	10,760000E+0	14,427000E+0	564,033000E+3	12,000000E+0
1035	411,000000E+0	5,380000E+0	14,198000E+0	564,111000E+3	12,000000E+0
1036	409,000000E+0	10,760000E+0	14,198000E+0	564,191000E+3	12,000000E+0
1037	406,000000E+0	5,380000E+0	14,198000E+0	564,272000E+3	12,000000E+0
1038	430,000000E+0	13,450000E+0	14,427000E+0	564,351000E+3	12,000000E+0
1039	424,000000E+0	8,070000E+0	14,427000E+0	564,432000E+3	12,000000E+0
1040	421,000000E+0	13,450000E+0	14,198000E+0	564,510000E+3	12,000000E+0
1041	400,000000E+0	8,070000E+0	14,427000E+0	564,590000E+3	12,000000E+0
1042	411,000000E+0	5,380000E+0	14,198000E+0	564,669000E+3	12,000000E+0
1043	422,000000E+0	5,380000E+0	14,198000E+0	564,748000E+3	12,000000E+0
1044	424,000000E+0	10,760000E+0	14,198000E+0	564,827000E+3	12,000000E+0
1045	400,000000E+0	13,450000E+0	14,427000E+0	564,906000E+3	12,000000E+0
1046	418,000000E+0	5,380000E+0	14,427000E+0	564,986000E+3	12,000000E+0
1047	412,000000E+0	13,450000E+0	14,427000E+0	565,064000E+3	12,000000E+0
1048	404,000000E+0	10,760000E+0	14,427000E+0	565,145000E+3	12,000000E+0
1049	403,000000E+0	10,760000E+0	14,427000E+0	565,223000E+3	12,000000E+0
1050	421,000000E+0	8,070000E+0	14,427000E+0	565,300000E+3	12,000000E+0
1051	411,000000E+0	5,380000E+0	14,427000E+0	565,377000E+3	12,000000E+0
1052	424,000000E+0	8,070000E+0	14,427000E+0	565,458000E+3	12,000000E+0
1053	421,000000E+0	13,450000E+0	14,198000E+0	565,535000E+3	12,000000E+0
1054	402,000000E+0	5,380000E+0	14,198000E+0	565,612000E+3	12,000000E+0
1055	396,000000E+0	5,380000E+0	14,198000E+0	565,688000E+3	12,000000E+0
1056	398,000000E+0	10,760000E+0	13,969000E+0	565,767000E+3	12,000000E+0
1057	407,000000E+0	13,450000E+0	13,969000E+0	565,844000E+3	12,000000E+0
1058	412,000000E+0	8,070000E+0	13,969000E+0	565,922000E+3	12,000000E+0
1059	426,000000E+0	10,760000E+0	13,969000E+0	566,000000E+3	12,000000E+0
1060	399,000000E+0	8,070000E+0	13,969000E+0	566,076000E+3	12,000000E+0
1061	423,000000E+0	10,760000E+0	13,969000E+0	566,155000E+3	12,000000E+0
1062	417,000000E+0	13,450000E+0	13,969000E+0	566,234000E+3	12,000000E+0
1063	409,000000E+0	13,450000E+0	13,969000E+0	566,312000E+3	12,000000E+0
1064	414,000000E+0	10,760000E+0	14,198000E+0	566,391000E+3	12,000000E+0
1065	410,000000E+0	13,450000E+0	14,198000E+0	566,469000E+3	12,000000E+0
1066	402,000000E+0	8,070000E+0	14,198000E+0	566,548000E+3	12,000000E+0
1067	413,000000E+0	5,380000E+0	14,198000E+0	566,627000E+3	12,000000E+0
1068	427,000000E+0	5,380000E+0	14,198000E+0	566,706000E+3	12,000000E+0
1069	415,000000E+0	10,760000E+0	14,198000E+0	566,785000E+3	12,000000E+0
1070	410,000000E+0	13,450000E+0	14,427000E+0	566,863000E+3	12,000000E+0
1071	400,000000E+0	10,760000E+0	14,427000E+0	566,942000E+3	12,000000E+0
1072	402,000000E+0	8,070000E+0	14,427000E+0	567,021000E+3	12,000000E+0
1073	410,000000E+0	5,380000E+0	14,427000E+0	567,100000E+3	12,000000E+0
1074	424,000000E+0	8,070000E+0	14,427000E+0	567,178000E+3	12,000000E+0
1075	415,000000E+0	5,380000E+0	14,427000E+0	567,257000E+3	12,000000E+0
1076	426,000000E+0	13,450000E+0	14,656000E+0	567,336000E+3	12,000000E+0
1077	409,000000E+0	8,070000E+0	14,656000E+0	567,415000E+3	12,000000E+0
1078	427,000000E+0	8,070000E+0	14,656000E+0	567,495000E+3	12,000000E+0
1079	421,000000E+0	10,760000E+0	14,656000E+0	567,575000E+3	12,000000E+0
1080	415,000000E+0	13,450000E+0	14,656000E+0	567,652000E+3	12,000000E+0
1081	416,000000E+0	5,380000E+0	14,427000E+0	567,732000E+3	12,000000E+0
1082	422,000000E+0	13,450000E+0	14,427000E+0	567,810000E+3	12,000000E+0
1083	400,000000E+0	8,070000E+0	14,427000E+0	567,891000E+3	12,000000E+0
1084	416,000000E+0	5,380000E+0	14,427000E+0	567,971000E+3	12,000000E+0
1085	416,000000E+0	5,380000E+0	14,198000E+0	568,050000E+3	12,000000E+0
1086	421,000000E+0	13,450000E+0	14,198000E+0	568,129000E+3	12,000000E+0
1087	405,000000E+0	5,380000E+0	14,198000E+0	568,207000E+3	12,000000E+0
1088	426,000000E+0	10,760000E+0	14,198000E+0	568,287000E+3	12,000000E+0
1089	425,000000E+0	10,760000E+0	14,198000E+0	568,367000E+3	12,000000E+0
1090	426,000000E+0	10,760000E+0	14,427000E+0	568,446000E+3	12,000000E+0
1091	403,000000E+0	8,070000E+0	14,427000E+0	568,527000E+3	12,000000E+0
1092	431,000000E+0	10,760000E+0	14,427000E+0	568,606000E+3	12,000000E+0
1093	410,000000E+0	10,760000E+0	14,427000E+0	568,686000E+3	12,000000E+0
1094	428,000000E+0	10,760000E+0	14,427000E+0	568,766000E+3	12,000000E+0
1095	414,000000E+0	13,450000E+0	14,198000E+0	568,846000E+3	12,000000E+0
1096	410,000000E+0	13,450000E+0	14,198000E+0	568,924000E+3	12,000000E+0
1097	400,000000E+0	10,760000E+0	14,198000E+0	569,002000E+3	12,000000E+0
1098	417,000000E+0	5,380000E+0	14,427000E+0	569,082000E+3	12,000000E+0
1099	422,000000E+0	10,760000E+0	14,427000E+0	569,160000E+3	12,000000E+0
1100	431,000000E+0	8,070000E+0	14,656000E+0	569,241000E+3	12,000000E+0
1101	401,000000E+0	10,760000E+0	14,427000E+0	569,321000E+3	12,000000E+0
1102	413,000000E+0	8,070000E+0	14,427000E+0	569,398000E+3	12,000000E+0
1103	411,000000E+0	13,450000E+0	14,427000E+0	569,476000E+3	12,000000E+0
1104	402,000000E+0	13,450000E+0	14,427000E+0	569,557000E+3	12,000000E+0
1105	416,000000E+0	5,380000E+0	14,427000E+0	569,635000E+3	12,000000E+0
1106	412,000000E+0	5,380000E+0	14,198000E+0	569,713000E+3	12,000000E+0
1107	411,000000E+0	5,380000E+0	14,198000E+0	569,790000E+3	12,000000E+0
1108	395,000000E+0	8,070000E+0	14,198000E+0	569,868000E+3	12,000000E+0
1109	397,000000E+0	10,760000E+0	13,969000E+0	569,945000E+3	12,000000E+0
1110	395,000000E+0	5,380000E+0	13,969000E+0	570,022000E+3	12,000000E+0
1111	410,000000E+0	10,760000E+0	13,969000E+0	570,099000E+3	12,000000E+0
1112	392,000000E+0	5,380000E+0	13,740000E+0	570,176000E+3	12,000000E+0
1113	394,000000E+0	8,070000E+0	13,740000E+0	570,252000E+3	12,000000E+0
1114	409,000000E+0	13,450000E+0	13,740000E+0	570,330000E+3	12,000000E+0
1115	423,000000E+0	10,760000E+0	13,969000E+0	570,408000E+3	12,000000E+0
1116	410,000000E+0	8,070000E+0	13,969000E+0	570,486000E+3	12,000000E+0
1117	420,000000E+0	8,070000E+0	13,969000E+0	570,563000E+3	12,000000E+0
1118	406,000000E+0	5,380000E+0	14,198000E+0	570,642000E+3	12,000000E+0
1119	415,000000E+0	5,380000E+0	14,198000E+0	570,721000E+3	12,000000E+0
1120	424,000000E+0	8,070000E+0	14,198000E+0	570,799000E+3	12,000000E+0
1121	420,000000E+0	13,450000E+0	14,198000E+0	570,878000E+3	12,000000E+0
1122	419,000000E+0	13,450000E+0	14,198000E+0	570,956000E+3	12,000000E+0
1123	408,000000E+0	13,450000E+0	14,427000E+0	571,035000E+3	12,000000E+0
1124	399,000000E+0	8,070000E+0	14,427000E+0	571,114000E+3	12,000000E+0
1125	399,000000E+0	8,070000E+0	14,656000E+0	571,193000E+3	12,000000E+0
1126	420,000000E+0	5,380000E+0	14,656000E+0	571,272000E+3	12,000000E+0
1127	410,000000E+0	10,760000E+0	14,656000E+0	571,352000E+3	12,000000E+0
1128	412,000000E+0	2,690000E+0	14,656000E+0	571,431000E+3	12,000000E+0
1129	428,000000E+0	10,760000E+0	14,656000E+0	571,510000E+3	12,000000E+0
1130	401,000000E+0	10,760000E+0	14,656000E+0	571,590000E+3	12,000000E+0
1131	409,000000E+0	8,070000E+0	14,656000E+0	571,669000E+3	12,000000E+0
1132	424,000000E+0	13,450000E+0	14,656000E+0	571,748000E+3	12,000000E+0
1133	415,000000E+0	5,380000E+0	14,656000E+0	571,827000E+3	12,000000E+0
1134	412,000000E+0	10,760000E+0	14,656000E+0	571,906000E+3	12,000000E+0
1135	405,000000E+0	8,070000E+0	14,656000E+0	571,988000E+3	12,000000E+0
1136	428,000000E+0	10,760000E+0	14,427000E+0	572,068000E+3	12,000000E+0
1137	406,000000E+0	8,070000E+0	14,427000E+0	572,148000E+3	12,000000E+0
1138	422,000000E+0	10,760000E+0	14,198000E+0	572,227000E+3	12,000000E+0
1139	403,000000E+0	8,070000E+0	14,198000E+0	572,305000E+3	12,000000E+0
1140	429,000000E+0	10,760000E+0	14,198000E+0	572,385000E+3	12,000000E+0
1141	417,000000E+0	13,450000E+0	14,198000E+0	572,465000E+3	12,000000E+0
1142	413,000000E+0	5,380000E+0	14,427000E+0	572,545000E+3	12,000000E+0
1143	425,000000E+0	13,450000E+0	14,427000E+0	572,625000E+3	12,000000E+0
1144	419,000000E+0	5,380000E+0	14,198000E+0	572,705000E+3	12,000000E+0
1145	405,000000E+0	8,070000E+0	14,427000E+0	572,785000E+3	12,000000E+0
1146	413,000000E+0	5,380000E+0	14,427000E+0	572,865000E+3	12,000000E+0
1147	421,000000E+0	13,450000E+0	14,427000E+0	572,945000E+3	12,000000E+0
1148	402,000000E+0	8,070000E+0	14,427000E+0	573,024000E+3	12,000000E+0
1149	416,000000E+0	8,070000E+0	14,427000E+0	573,103000E+3	12,000000E+0
1150	401,000000E+0	10,760000E+0	14,427000E+0	573,182000E+3	12,000000E+0
1151	400,000000E+0	5,380000E+0	14,427000E+0	573,260000E+3	12,000000E+0
1152	420,000000E+0	8,070000E+0	14,427000E+0	573,340000E+3	12,000000E+0
1153	417,000000E+0	13,450000E+0	14,427000E+0	573,420000E+3	12,000000E+0
1154	414,000000E+0	5,380000E+0	14,427000E+0	573,497000E+3	12,000000E+0
1155	424,000000E+0	8,070000E+0	14,656000E+0	573,576000E+3	12,000000E+0
1156	414,000000E+0	13,450000E+0	14,656000E+0	573,657000E+3	12,000000E+0
1157	412,000000E+0	5,380000E+0	14,427000E+0	573,736000E+3	12,000000E+0
1158	418,000000E+0	13,450000E+0	14,427000E+0	573,814000E+3	12,000000E+0
1159	405,000000E+0	10,760000E+0	14,427000E+0	573,891000E+3	12,000000E+0
1160	410,000000E+0	13,450000E+0	14,198000E+0	573,970000E+3	12,000000E+0
1161	400,000000E+0	10,760000E+0	14,198000E+0	574,049000E+3	12,000000E+0
1162	400,000000E+0	8,070000E+0	14,198000E+0	574,127000E+3	12,000000E+0
1163	397,000000E+0	8,070000E+0	13,969000E+0	574,204000E+3	12,000000E+0
1164	406,000000E+0	10,760000E+0	13,969000E+0	574,282000E+3	12,000000E+0
1165	401,000000E+0	8,070000E+0	13,740000E+0	574,359000E+3	12,000000E+0
1166	400,000000E+0	5,380000E+0	13,969000E+0	574,436000E+3	12,000000E+0
1167	403,000000E+0	13,450000E+0	13,969000E+0	574,514000E+3	12,000000E+0
1168	400,000000E+0	13,450000E+0	13,969000E+0	574,593000E+3	12,000000E+0
1169	417,000000E+0	5,380000E+0	14,198000E+0	574,671000E+3	12,000000E+0
1170	419,000000E+0	13,450000E+0	14,198000E+0	574,751000E+3	12,000000E+0
1171	407,000000E+0	10,760000E+0	14,198000E+0	574,830000E+3	12,000000E+0
1172	412,000000E+0	13,450000E+0	14,427000E+0	574,910000E+3	12,000000E+0
1173	419,000000E+0	5,380000E+0	14,656000E+0	574,990000E+3	12,000000E+0
1174	417,000000E+0	13,450000E+0	14,656000E+0	575,070000E+3	12,000000E+0
1175	424,000000E+0	5,380000E+0	14,656000E+0	575,150000E+3	12,000000E+0
1176	415,000000E+0	13,450000E+0	14,656000E+0	575,229000E+3	12,000000E+0
1177	428,000000E+0	8,070000E+0	14,885000E+0	575,310000E+3	12,000000E+0
1178	408,000000E+0	8,070000E+0	14,656000E+0	575,390000E+3	12,000000E+0
1179	420,000000E+0	13,450000E+0	14,885000E+0	575,470000E+3	12,000000E+0
1180	429,000000E+0	8,070000E+0	14,885000E+0	575,552000E+3	12,000000E+0
1181	415,000000E+0	13,450000E+0	14,885000E+0	575,631000E+3	12,000000E+0
1182	409,000000E+0	5,380000E+0	14,656000E+0	575,711000E+3	12,000000E+0
1183	416,000000E+0	5,380000E+0	14,656000E+0	575,790000E+3	12,000000E+0
1184	427,000000E+0	8,070000E+0	14,656000E+0	575,869000E+3	12,000000E+0
1185	430,000000E+0	8,070000E+0	14,656000E+0	575,950000E+3	12,000000E+0
1186	409,000000E+0	10,760000E+0	14,656000E+0	576,029000E+3	12,000000E+0
1187	416,000000E+0	13,450000E+0	14,656000E+0	576,112000E+3	12,000000E+0
1188	434,000000E+0	8,070000E+0	14,656000E+0	576,192000E+3	12,000000E+0
1189	408,000000E+0	8,070000E+0	14,656000E+0	576,272000E+3	12,000000E+0
1190	406,000000E+0	10,760000E+0	14,656000E+0	576,352000E+3	12,000000E+0
1191	428,000000E+0	8,070000E+0	14,427000E+0	576,432000E+3	12,000000E+0
1192	421,000000E+0	13,450000E+0	14,427000E+0	576,513000E+3	12,000000E+0
1193	425,000000E+0	10,760000E+0	14,198000E+0	576,593000E+3	12,000000E+0
1194	407,000000E+0	8,070000E+0	14,427000E+0	576,673000E+3	12,000000E+0
1195	428,000000E+0	10,760000E+0	14,427000E+0	576,752000E+3	12,000000E+0
1196	431,000000E+0	8,070000E+0	14,427000E+0	576,833000E+3	12,000000E+0
1197	428,000000E+0	5,380000E+0	14,427000E+0	576,913000E+3	12,000000E+0
1198	423,000000E+0	5,380000E+0	14,427000E+0	576,995000E+3	12,000000E+0
1199	408,000000E+0	10,760000E+0	14,656000E+0	577,075000E+3	12,000000E+0
1200	432,000000E+0	8,070000E+0	14,656000E+0	577,155000E+3	12,000000E+0
1201	417,000000E+0	8,070000E+0	14,656000E+0	577,236000E+3	12,000000E+0
1202	410,000000E+0	8,070000E+0	14,656000E+0	577,316000E+3	12,000000E+0
1203	416,000000E+0	13,450000E+0	14,656000E+0	577,396000E+3	12,000000E+0
1204	431,000000E+0	5,380000E+0	14,656000E+0	577,477000E+3	12,000000E+0
1205	410,000000E+0	10,760000E+0	14,656000E+0	577,557000E+3	12,000000E+0
1206	411,000000E+0	16,140000E+0	14,656000E+0	577,635000E+3	12,000000E+0
1207	416,000000E+0	8,070000E+0	14,656000E+0	577,717000E+3	12,000000E+0
1208	431,000000E+0	8,070000E+0	14,656000E+0	577,797000E+3	12,000000E+0
1209	419,000000E+0	13,450000E+0	14,656000E+0	577,876000E+3	12,000000E+0
1210	432,000000E+0	5,380000E+0	14,656000E+0	577,954000E+3	12,000000E+0
1211	427,000000E+0	5,380000E+0	14,427000E+0	578,036000E+3	12,000000E+0
1212	406,000000E+0	10,760000E+0	14,427000E+0	578,115000E+3	12,000000E+0
1213	410,000000E+0	10,760000E+0	14,427000E+0	578,195000E+3	12,000000E+0
1214	424,000000E+0	8,070000E+0	14,427000E+0	578,273000E+3	12,000000E+0
1215	405,000000E+0	13,450000E+0	14,427000E+0	578,353000E+3	12,000000E+0
1216	426,000000E+0	8,070000E+0	14,198000E+0	578,431000E+3	12,000000E+0
1217	407,000000E+0	13,450000E+0	14,198000E+0	578,510000E+3	12,000000E+0
1218	415,000000E+0	5,380000E+0	14,198000E+0	578,590000E+3	12,000000E+0
1219	420,000000E+0	5,380000E+0	14,198000E+0	578,670000E+3	12,000000E+0
1220	411,000000E+0	13,450000E+0	14,198000E+0	578,748000E+3	12,000000E+0
1221	425,000000E+0	5,380000E+0	14,427000E+0	578,829000E+3	12,000000E+0
1222	407,000000E+0	13,450000E+0	14,427000E+0	578,908000E+3	12,000000E+0
1223	430,000000E+0	5,380000E+0	14,427000E+0	578,989000E+3	12,000000E+0
1224	411,000000E+0	8,070000E+0	14,427000E+0	579,069000E+3	12,000000E+0
1225	433,000000E+0	2,690000E+0	14,656000E+0	579,149000E+3	12,000000E+0
1226	411,000000E+0	8,070000E+0	14,656000E+0	579,230000E+3	12,000000E+0
1227	427,000000E+0	10,760000E+0	14,885000E+0	579,311000E+3	12,000000E+0
1228	420,000000E+0	2,690000E+0	14,885000E+0	579,391000E+3	12,000000E+0
1229	412,000000E+0	10,760000E+0	14,885000E+0	579,472000E+3	12,000000E+0
1230	428,000000E+0	13,450000E+0	14,885000E+0	579,552000E+3	12,000000E+0
1231	425,000000E+0	5,380000E+0	14,885000E+0	579,633000E+3	12,000000E+0
1232	416,000000E+0	2,690000E+0	14,885000E+0	579,713000E+3	12,000000E+0
1233	405,000000E+0	8,070000E+0	14,885000E+0	579,795000E+3	12,000000E+0
1234	422,000000E+0	13,450000E+0	14,885000E+0	579,874000E+3	12,000000E+0
1235	414,000000E+0	8,070000E+0	14,656000E+0	579,952000E+3	12,000000E+0
1236	417,000000E+0	5,380000E+0	14,656000E+0	580,034000E+3	12,000000E+0
1237	412,000000E+0	8,070000E+0	14,656000E+0	580,113000E+3	12,000000E+0
1238	420,000000E+0	13,450000E+0	14,656000E+0	580,197000E+3	12,000000E+0
1239	411,000000E+0	10,760000E+0	14,885000E+0	580,277000E+3	12,000000E+0
1240	418,000000E+0	5,380000E+0	14,885000E+0	580,360000E+3	12,000000E+0
1241	414,000000E+0	13,450000E+0	14,885000E+0	580,441000E+3	12,000000E+0
1242	436,000000E+0	5,380000E+0	14,656000E+0	580,522000E+3	12,000000E+0
1243	431,000000E+0	13,450000E+0	14,656000E+0	580,605000E+3	12,000000E+0
1244	430,000000E+0	10,760000E+0	14,427000E+0	580,687000E+3	12,000000E+0
1245	418,000000E+0	13,450000E+0	14,656000E+0	580,768000E+3	12,000000E+0
1246	438,000000E+0	13,450000E+0	14,656000E+0	580,849000E+3	12,000000E+0
1247	439,000000E+0	10,760000E+0	14,656000E+0	580,930000E+3	12,000000E+0
1248	420,000000E+0	5,380000E+0	14,656000E+0	581,012000E+3	12,000000E+0
1249	444,000000E+0	10,760000E+0	14,656000E+0	581,095000E+3	12,000000E+0
1250	443,000000E+0	13,450000E+0	14,656000E+0	581,176000E+3	12,000000E+0
