samedi 20 janvier 2024	15:20:55	Sampling Period : 20  ms		
Unities: time [sample], PWM [raw], Current [mA], velocity [rev/min], Position [pulse], Present Input Voltage [V]

t	DXL_PWM		DXL_Current		DXL_Velocity		DXL_Position		DXL_Input_Voltage
0	1,000000E+0	0,000000E+0	0,000000E+0	581,285000E+3	12,000000E+0
1	55,000000E+0	13,450000E+0	0,000000E+0	581,286000E+3	12,000000E+0
2	156,000000E+0	16,140000E+0	2,748000E+0	581,303000E+3	12,000000E+0
3	245,000000E+0	13,450000E+0	6,183000E+0	581,340000E+3	12,000000E+0
4	297,000000E+0	16,140000E+0	9,160000E+0	581,392000E+3	12,000000E+0
5	343,000000E+0	13,450000E+0	10,763000E+0	581,452000E+3	12,000000E+0
6	400,000000E+0	13,450000E+0	12,595000E+0	581,522000E+3	12,000000E+0
7	408,000000E+0	13,450000E+0	13,969000E+0	581,600000E+3	12,000000E+0
8	439,000000E+0	18,830000E+0	14,885000E+0	581,681000E+3	12,000000E+0
9	461,000000E+0	10,760000E+0	15,572000E+0	581,765000E+3	12,000000E+0
10	475,000000E+0	16,140000E+0	16,259000E+0	581,856000E+3	12,000000E+0
11	483,000000E+0	13,450000E+0	16,946000E+0	581,948000E+3	12,000000E+0
12	509,000000E+0	16,140000E+0	17,175000E+0	582,042000E+3	12,000000E+0
13	505,000000E+0	16,140000E+0	17,633000E+0	582,139000E+3	12,000000E+0
14	528,000000E+0	16,140000E+0	17,862000E+0	582,238000E+3	12,000000E+0
15	526,000000E+0	10,760000E+0	17,862000E+0	582,337000E+3	12,000000E+0
16	534,000000E+0	10,760000E+0	18,320000E+0	582,439000E+3	12,000000E+0
17	528,000000E+0	16,140000E+0	18,320000E+0	582,540000E+3	12,000000E+0
18	538,000000E+0	16,140000E+0	18,320000E+0	582,643000E+3	12,000000E+0
19	543,000000E+0	16,140000E+0	18,549000E+0	582,746000E+3	12,000000E+0
20	546,000000E+0	13,450000E+0	18,549000E+0	582,850000E+3	12,000000E+0
21	550,000000E+0	13,450000E+0	18,778000E+0	582,955000E+3	12,000000E+0
22	540,000000E+0	13,450000E+0	19,007000E+0	583,060000E+3	12,000000E+0
23	553,000000E+0	10,760000E+0	19,007000E+0	583,166000E+3	12,000000E+0
24	555,000000E+0	13,450000E+0	19,236000E+0	583,270000E+3	12,000000E+0
25	557,000000E+0	13,450000E+0	19,465000E+0	583,377000E+3	12,000000E+0
26	567,000000E+0	16,140000E+0	19,694000E+0	583,484000E+3	12,000000E+0
27	551,000000E+0	13,450000E+0	19,923000E+0	583,591000E+3	12,000000E+0
28	557,000000E+0	16,140000E+0	19,923000E+0	583,700000E+3	12,000000E+0
29	558,000000E+0	13,450000E+0	19,923000E+0	583,807000E+3	12,000000E+0
30	567,000000E+0	13,450000E+0	19,923000E+0	583,914000E+3	12,000000E+0
31	555,000000E+0	13,450000E+0	19,923000E+0	584,022000E+3	12,000000E+0
32	578,000000E+0	13,450000E+0	19,923000E+0	584,130000E+3	12,000000E+0
33	579,000000E+0	13,450000E+0	19,694000E+0	584,238000E+3	12,000000E+0
34	581,000000E+0	10,760000E+0	19,694000E+0	584,348000E+3	12,000000E+0
35	575,000000E+0	13,450000E+0	19,694000E+0	584,457000E+3	12,000000E+0
36	565,000000E+0	13,450000E+0	19,694000E+0	584,565000E+3	12,000000E+0
37	573,000000E+0	13,450000E+0	19,694000E+0	584,676000E+3	12,000000E+0
38	582,000000E+0	16,140000E+0	19,694000E+0	584,787000E+3	12,000000E+0
39	583,000000E+0	16,140000E+0	19,694000E+0	584,897000E+3	12,000000E+0
40	584,000000E+0	16,140000E+0	19,694000E+0	585,005000E+3	12,000000E+0
41	569,000000E+0	16,140000E+0	19,923000E+0	585,114000E+3	12,000000E+0
42	580,000000E+0	16,140000E+0	19,923000E+0	585,227000E+3	12,000000E+0
43	578,000000E+0	18,830000E+0	20,152000E+0	585,337000E+3	12,000000E+0
44	583,000000E+0	16,140000E+0	20,152000E+0	585,448000E+3	12,000000E+0
45	577,000000E+0	18,830000E+0	20,381000E+0	585,559000E+3	12,000000E+0
46	588,000000E+0	16,140000E+0	20,381000E+0	585,671000E+3	12,000000E+0
47	572,000000E+0	16,140000E+0	20,381000E+0	585,781000E+3	12,000000E+0
48	579,000000E+0	18,830000E+0	20,381000E+0	585,891000E+3	12,000000E+0
49	589,000000E+0	13,450000E+0	20,381000E+0	586,003000E+3	12,000000E+0
50	579,000000E+0	16,140000E+0	20,381000E+0	586,113000E+3	12,000000E+0
51	584,000000E+0	16,140000E+0	20,381000E+0	586,224000E+3	12,000000E+0
52	588,000000E+0	16,140000E+0	20,152000E+0	586,334000E+3	12,000000E+0
53	583,000000E+0	13,450000E+0	20,152000E+0	586,445000E+3	12,000000E+0
54	590,000000E+0	16,140000E+0	20,152000E+0	586,557000E+3	12,000000E+0
55	575,000000E+0	16,140000E+0	20,152000E+0	586,667000E+3	12,000000E+0
56	588,000000E+0	13,450000E+0	20,152000E+0	586,779000E+3	12,000000E+0
57	585,000000E+0	16,140000E+0	20,152000E+0	586,892000E+3	12,000000E+0
58	590,000000E+0	16,140000E+0	20,152000E+0	587,004000E+3	12,000000E+0
59	585,000000E+0	16,140000E+0	20,152000E+0	587,116000E+3	12,000000E+0
60	590,000000E+0	10,760000E+0	20,381000E+0	587,228000E+3	12,000000E+0
61	593,000000E+0	13,450000E+0	20,381000E+0	587,339000E+3	12,000000E+0
62	599,000000E+0	16,140000E+0	20,610000E+0	587,453000E+3	12,000000E+0
63	594,000000E+0	13,450000E+0	20,610000E+0	587,564000E+3	12,000000E+0
64	590,000000E+0	18,830000E+0	20,839000E+0	587,677000E+3	12,000000E+0
65	593,000000E+0	13,450000E+0	20,839000E+0	587,790000E+3	12,000000E+0
66	597,000000E+0	16,140000E+0	21,068000E+0	587,904000E+3	12,000000E+0
67	586,000000E+0	16,140000E+0	21,068000E+0	588,017000E+3	12,000000E+0
68	590,000000E+0	16,140000E+0	21,068000E+0	588,130000E+3	12,000000E+0
69	598,000000E+0	13,450000E+0	20,839000E+0	588,244000E+3	12,000000E+0
70	600,000000E+0	13,450000E+0	20,839000E+0	588,358000E+3	12,000000E+0
71	592,000000E+0	13,450000E+0	20,610000E+0	588,472000E+3	12,000000E+0
72	589,000000E+0	18,830000E+0	20,610000E+0	588,586000E+3	12,000000E+0
73	607,000000E+0	13,450000E+0	20,610000E+0	588,698000E+3	12,000000E+0
74	589,000000E+0	16,140000E+0	20,610000E+0	588,814000E+3	12,000000E+0
75	609,000000E+0	16,140000E+0	20,610000E+0	588,928000E+3	12,000000E+0
76	609,000000E+0	13,450000E+0	20,839000E+0	589,045000E+3	12,000000E+0
77	598,000000E+0	13,450000E+0	20,610000E+0	589,159000E+3	12,000000E+0
78	604,000000E+0	10,760000E+0	20,610000E+0	589,273000E+3	12,000000E+0
79	588,000000E+0	18,830000E+0	20,839000E+0	589,388000E+3	12,000000E+0
80	602,000000E+0	16,140000E+0	20,839000E+0	589,503000E+3	12,000000E+0
81	608,000000E+0	13,450000E+0	21,068000E+0	589,618000E+3	12,000000E+0
82	600,000000E+0	16,140000E+0	21,068000E+0	589,733000E+3	12,000000E+0
83	597,000000E+0	16,140000E+0	21,068000E+0	589,848000E+3	12,000000E+0
84	589,000000E+0	16,140000E+0	21,068000E+0	589,960000E+3	12,000000E+0
85	603,000000E+0	16,140000E+0	21,068000E+0	590,076000E+3	12,000000E+0
86	590,000000E+0	13,450000E+0	20,839000E+0	590,189000E+3	12,000000E+0
87	596,000000E+0	13,450000E+0	20,839000E+0	590,302000E+3	12,000000E+0
88	602,000000E+0	18,830000E+0	20,610000E+0	590,416000E+3	12,000000E+0
89	593,000000E+0	16,140000E+0	20,610000E+0	590,529000E+3	12,000000E+0
90	606,000000E+0	16,140000E+0	20,610000E+0	590,644000E+3	12,000000E+0
91	611,000000E+0	18,830000E+0	20,381000E+0	590,757000E+3	12,000000E+0
92	598,000000E+0	16,140000E+0	20,381000E+0	590,870000E+3	12,000000E+0
93	594,000000E+0	13,450000E+0	20,610000E+0	590,988000E+3	12,000000E+0
94	612,000000E+0	18,830000E+0	20,839000E+0	591,103000E+3	12,000000E+0
95	609,000000E+0	18,830000E+0	20,839000E+0	591,218000E+3	12,000000E+0
96	606,000000E+0	10,760000E+0	20,839000E+0	591,332000E+3	12,000000E+0
97	606,000000E+0	16,140000E+0	21,068000E+0	591,447000E+3	12,000000E+0
98	594,000000E+0	13,450000E+0	21,068000E+0	591,563000E+3	12,000000E+0
99	608,000000E+0	10,760000E+0	21,068000E+0	591,677000E+3	12,000000E+0
100	611,000000E+0	13,450000E+0	21,297000E+0	591,792000E+3	12,000000E+0
101	614,000000E+0	16,140000E+0	21,297000E+0	591,907000E+3	12,000000E+0
102	596,000000E+0	16,140000E+0	21,297000E+0	592,022000E+3	12,000000E+0
103	594,000000E+0	16,140000E+0	21,297000E+0	592,138000E+3	12,000000E+0
104	593,000000E+0	18,830000E+0	21,297000E+0	592,253000E+3	12,000000E+0
105	607,000000E+0	18,830000E+0	21,297000E+0	592,372000E+3	12,000000E+0
106	599,000000E+0	18,830000E+0	21,068000E+0	592,485000E+3	12,000000E+0
107	601,000000E+0	18,830000E+0	21,068000E+0	592,600000E+3	12,000000E+0
108	601,000000E+0	13,450000E+0	20,839000E+0	592,716000E+3	12,000000E+0
109	601,000000E+0	16,140000E+0	20,839000E+0	592,831000E+3	12,000000E+0
110	596,000000E+0	16,140000E+0	20,839000E+0	592,948000E+3	12,000000E+0
111	605,000000E+0	18,830000E+0	20,839000E+0	593,065000E+3	12,000000E+0
112	597,000000E+0	16,140000E+0	20,839000E+0	593,180000E+3	12,000000E+0
113	598,000000E+0	16,140000E+0	20,839000E+0	593,296000E+3	12,000000E+0
114	605,000000E+0	13,450000E+0	21,068000E+0	593,414000E+3	12,000000E+0
115	601,000000E+0	16,140000E+0	21,068000E+0	593,528000E+3	12,000000E+0
116	604,000000E+0	13,450000E+0	21,068000E+0	593,645000E+3	12,000000E+0
117	617,000000E+0	18,830000E+0	21,297000E+0	593,760000E+3	12,000000E+0
118	615,000000E+0	18,830000E+0	21,297000E+0	593,877000E+3	12,000000E+0
119	611,000000E+0	16,140000E+0	21,297000E+0	593,995000E+3	12,000000E+0
120	606,000000E+0	16,140000E+0	21,297000E+0	594,109000E+3	12,000000E+0
121	601,000000E+0	13,450000E+0	21,297000E+0	594,225000E+3	12,000000E+0
122	618,000000E+0	16,140000E+0	21,297000E+0	594,338000E+3	12,000000E+0
123	598,000000E+0	10,760000E+0	21,068000E+0	594,454000E+3	12,000000E+0
124	612,000000E+0	13,450000E+0	20,839000E+0	594,570000E+3	12,000000E+0
125	613,000000E+0	13,450000E+0	20,610000E+0	594,684000E+3	12,000000E+0
126	591,000000E+0	13,450000E+0	20,610000E+0	594,798000E+3	12,000000E+0
127	593,000000E+0	16,140000E+0	20,610000E+0	594,914000E+3	12,000000E+0
128	600,000000E+0	10,760000E+0	20,839000E+0	595,028000E+3	12,000000E+0
129	608,000000E+0	16,140000E+0	20,839000E+0	595,144000E+3	12,000000E+0
130	592,000000E+0	10,760000E+0	20,839000E+0	595,259000E+3	12,000000E+0
131	597,000000E+0	16,140000E+0	21,068000E+0	595,375000E+3	12,000000E+0
132	600,000000E+0	16,140000E+0	21,068000E+0	595,489000E+3	12,000000E+0
133	597,000000E+0	16,140000E+0	21,068000E+0	595,605000E+3	12,000000E+0
134	601,000000E+0	16,140000E+0	21,297000E+0	595,720000E+3	12,000000E+0
135	600,000000E+0	16,140000E+0	21,526000E+0	595,838000E+3	12,000000E+0
136	621,000000E+0	13,450000E+0	21,526000E+0	595,953000E+3	12,000000E+0
137	612,000000E+0	13,450000E+0	21,526000E+0	596,070000E+3	12,000000E+0
138	604,000000E+0	13,450000E+0	21,526000E+0	596,189000E+3	12,000000E+0
139	619,000000E+0	10,760000E+0	21,526000E+0	596,303000E+3	12,000000E+0
140	602,000000E+0	18,830000E+0	21,526000E+0	596,419000E+3	12,000000E+0
141	618,000000E+0	10,760000E+0	21,297000E+0	596,537000E+3	12,000000E+0
142	620,000000E+0	16,140000E+0	21,297000E+0	596,656000E+3	12,000000E+0
143	609,000000E+0	18,830000E+0	21,068000E+0	596,770000E+3	12,000000E+0
144	614,000000E+0	13,450000E+0	21,068000E+0	596,889000E+3	12,000000E+0
145	617,000000E+0	10,760000E+0	21,068000E+0	597,006000E+3	12,000000E+0
146	613,000000E+0	18,830000E+0	21,068000E+0	597,123000E+3	12,000000E+0
147	631,000000E+0	10,760000E+0	21,068000E+0	597,241000E+3	12,000000E+0
148	622,000000E+0	16,140000E+0	21,068000E+0	597,358000E+3	12,000000E+0
149	606,000000E+0	13,450000E+0	21,297000E+0	597,478000E+3	12,000000E+0
150	606,000000E+0	18,830000E+0	21,297000E+0	597,596000E+3	12,000000E+0
151	626,000000E+0	13,450000E+0	21,297000E+0	597,712000E+3	12,000000E+0
152	620,000000E+0	16,140000E+0	21,526000E+0	597,830000E+3	12,000000E+0
153	616,000000E+0	16,140000E+0	21,526000E+0	597,948000E+3	12,000000E+0
154	612,000000E+0	13,450000E+0	21,755000E+0	598,065000E+3	12,000000E+0
155	612,000000E+0	13,450000E+0	21,526000E+0	598,182000E+3	12,000000E+0
156	620,000000E+0	10,760000E+0	21,526000E+0	598,299000E+3	12,000000E+0
157	615,000000E+0	13,450000E+0	21,526000E+0	598,416000E+3	12,000000E+0
158	615,000000E+0	13,450000E+0	21,297000E+0	598,533000E+3	12,000000E+0
159	613,000000E+0	13,450000E+0	21,297000E+0	598,652000E+3	12,000000E+0
160	612,000000E+0	16,140000E+0	21,068000E+0	598,766000E+3	12,000000E+0
161	607,000000E+0	13,450000E+0	21,068000E+0	598,885000E+3	12,000000E+0
162	622,000000E+0	13,450000E+0	21,068000E+0	599,001000E+3	12,000000E+0
163	610,000000E+0	13,450000E+0	21,068000E+0	599,118000E+3	12,000000E+0
164	616,000000E+0	18,830000E+0	21,297000E+0	599,236000E+3	12,000000E+0
165	625,000000E+0	13,450000E+0	21,297000E+0	599,354000E+3	12,000000E+0
166	610,000000E+0	18,830000E+0	21,297000E+0	599,473000E+3	12,000000E+0
167	611,000000E+0	13,450000E+0	21,526000E+0	599,588000E+3	12,000000E+0
168	614,000000E+0	13,450000E+0	21,755000E+0	599,709000E+3	12,000000E+0
169	627,000000E+0	13,450000E+0	21,755000E+0	599,825000E+3	12,000000E+0
170	626,000000E+0	16,140000E+0	21,755000E+0	599,945000E+3	12,000000E+0
171	620,000000E+0	13,450000E+0	21,984000E+0	600,065000E+3	12,000000E+0
172	629,000000E+0	16,140000E+0	21,984000E+0	600,181000E+3	12,000000E+0
173	622,000000E+0	13,450000E+0	21,984000E+0	600,300000E+3	12,000000E+0
174	616,000000E+0	10,760000E+0	21,755000E+0	600,417000E+3	12,000000E+0
175	630,000000E+0	13,450000E+0	21,984000E+0	600,537000E+3	12,000000E+0
176	623,000000E+0	10,760000E+0	21,755000E+0	600,656000E+3	12,000000E+0
177	618,000000E+0	16,140000E+0	21,755000E+0	600,776000E+3	12,000000E+0
178	611,000000E+0	10,760000E+0	21,526000E+0	600,895000E+3	12,000000E+0
179	617,000000E+0	16,140000E+0	21,297000E+0	601,012000E+3	12,000000E+0
180	628,000000E+0	16,140000E+0	21,297000E+0	601,132000E+3	12,000000E+0
181	633,000000E+0	16,140000E+0	21,297000E+0	601,252000E+3	12,000000E+0
182	628,000000E+0	18,830000E+0	21,297000E+0	601,369000E+3	12,000000E+0
183	619,000000E+0	13,450000E+0	21,297000E+0	601,487000E+3	12,000000E+0
184	614,000000E+0	13,450000E+0	21,526000E+0	601,609000E+3	12,000000E+0
185	609,000000E+0	13,450000E+0	21,755000E+0	601,728000E+3	12,000000E+0
186	629,000000E+0	16,140000E+0	21,755000E+0	601,848000E+3	12,000000E+0
187	618,000000E+0	10,760000E+0	21,755000E+0	601,967000E+3	12,000000E+0
188	629,000000E+0	13,450000E+0	21,755000E+0	602,085000E+3	12,000000E+0
189	615,000000E+0	13,450000E+0	21,755000E+0	602,202000E+3	12,000000E+0
190	621,000000E+0	13,450000E+0	21,755000E+0	602,322000E+3	12,000000E+0
191	624,000000E+0	13,450000E+0	21,755000E+0	602,439000E+3	12,000000E+0
192	632,000000E+0	13,450000E+0	21,526000E+0	602,555000E+3	12,000000E+0
193	611,000000E+0	16,140000E+0	21,526000E+0	602,675000E+3	12,000000E+0
194	615,000000E+0	10,760000E+0	21,526000E+0	602,793000E+3	12,000000E+0
195	616,000000E+0	16,140000E+0	21,297000E+0	602,910000E+3	12,000000E+0
196	614,000000E+0	13,450000E+0	21,297000E+0	603,030000E+3	12,000000E+0
197	625,000000E+0	13,450000E+0	21,297000E+0	603,147000E+3	12,000000E+0
198	607,000000E+0	13,450000E+0	21,297000E+0	603,267000E+3	12,000000E+0
199	617,000000E+0	16,140000E+0	21,526000E+0	603,384000E+3	12,000000E+0
200	630,000000E+0	18,830000E+0	21,526000E+0	603,504000E+3	12,000000E+0
201	619,000000E+0	13,450000E+0	21,526000E+0	603,622000E+3	12,000000E+0
202	623,000000E+0	13,450000E+0	21,755000E+0	603,741000E+3	12,000000E+0
203	632,000000E+0	13,450000E+0	21,984000E+0	603,861000E+3	12,000000E+0
204	620,000000E+0	18,830000E+0	21,984000E+0	603,981000E+3	12,000000E+0
205	621,000000E+0	13,450000E+0	22,213000E+0	604,101000E+3	12,000000E+0
206	620,000000E+0	16,140000E+0	21,984000E+0	604,220000E+3	12,000000E+0
207	617,000000E+0	13,450000E+0	22,213000E+0	604,340000E+3	12,000000E+0
208	638,000000E+0	13,450000E+0	22,213000E+0	604,459000E+3	12,000000E+0
209	632,000000E+0	13,450000E+0	21,984000E+0	604,577000E+3	12,000000E+0
210	616,000000E+0	13,450000E+0	21,984000E+0	604,696000E+3	12,000000E+0
211	624,000000E+0	16,140000E+0	21,755000E+0	604,818000E+3	12,000000E+0
212	633,000000E+0	10,760000E+0	21,755000E+0	604,938000E+3	12,000000E+0
213	625,000000E+0	13,450000E+0	21,526000E+0	605,056000E+3	12,000000E+0
214	637,000000E+0	13,450000E+0	21,526000E+0	605,178000E+3	12,000000E+0
215	611,000000E+0	16,140000E+0	21,526000E+0	605,295000E+3	12,000000E+0
216	614,000000E+0	13,450000E+0	21,526000E+0	605,416000E+3	12,000000E+0
217	627,000000E+0	10,760000E+0	21,526000E+0	605,535000E+3	12,000000E+0
218	627,000000E+0	18,830000E+0	21,526000E+0	605,654000E+3	12,000000E+0
219	632,000000E+0	18,830000E+0	21,755000E+0	605,775000E+3	12,000000E+0
220	619,000000E+0	10,760000E+0	21,755000E+0	605,894000E+3	12,000000E+0
221	629,000000E+0	18,830000E+0	21,984000E+0	606,013000E+3	12,000000E+0
222	614,000000E+0	16,140000E+0	21,984000E+0	606,134000E+3	12,000000E+0
223	616,000000E+0	18,830000E+0	21,755000E+0	606,252000E+3	12,000000E+0
224	625,000000E+0	16,140000E+0	21,755000E+0	606,371000E+3	12,000000E+0
225	629,000000E+0	13,450000E+0	21,755000E+0	606,489000E+3	12,000000E+0
226	633,000000E+0	16,140000E+0	21,755000E+0	606,607000E+3	12,000000E+0
227	613,000000E+0	13,450000E+0	21,526000E+0	606,724000E+3	12,000000E+0
228	613,000000E+0	13,450000E+0	21,526000E+0	606,844000E+3	12,000000E+0
229	630,000000E+0	16,140000E+0	21,297000E+0	606,960000E+3	12,000000E+0
230	620,000000E+0	10,760000E+0	21,297000E+0	607,079000E+3	12,000000E+0
231	622,000000E+0	16,140000E+0	21,297000E+0	607,198000E+3	12,000000E+0
232	612,000000E+0	13,450000E+0	21,297000E+0	607,316000E+3	12,000000E+0
233	638,000000E+0	13,450000E+0	21,526000E+0	607,434000E+3	12,000000E+0
234	629,000000E+0	10,760000E+0	21,526000E+0	607,552000E+3	12,000000E+0
235	618,000000E+0	10,760000E+0	21,526000E+0	607,673000E+3	12,000000E+0
236	631,000000E+0	18,830000E+0	21,755000E+0	607,791000E+3	12,000000E+0
237	623,000000E+0	13,450000E+0	21,984000E+0	607,912000E+3	12,000000E+0
238	617,000000E+0	13,450000E+0	21,984000E+0	608,031000E+3	12,000000E+0
239	617,000000E+0	13,450000E+0	22,213000E+0	608,152000E+3	12,000000E+0
240	636,000000E+0	18,830000E+0	22,213000E+0	608,272000E+3	12,000000E+0
241	634,000000E+0	13,450000E+0	22,213000E+0	608,390000E+3	12,000000E+0
242	621,000000E+0	8,070000E+0	22,213000E+0	608,511000E+3	12,000000E+0
243	631,000000E+0	16,140000E+0	21,984000E+0	608,629000E+3	12,000000E+0
244	635,000000E+0	10,760000E+0	21,984000E+0	608,749000E+3	12,000000E+0
245	635,000000E+0	13,450000E+0	21,984000E+0	608,871000E+3	12,000000E+0
246	630,000000E+0	13,450000E+0	21,755000E+0	608,993000E+3	12,000000E+0
247	621,000000E+0	16,140000E+0	21,755000E+0	609,113000E+3	12,000000E+0
248	620,000000E+0	16,140000E+0	21,755000E+0	609,235000E+3	12,000000E+0
249	638,000000E+0	10,760000E+0	21,755000E+0	609,354000E+3	12,000000E+0
250	620,000000E+0	16,140000E+0	21,755000E+0	609,476000E+3	12,000000E+0
251	622,000000E+0	18,830000E+0	21,755000E+0	609,594000E+3	12,000000E+0
252	634,000000E+0	16,140000E+0	21,755000E+0	609,717000E+3	12,000000E+0
253	623,000000E+0	16,140000E+0	21,755000E+0	609,835000E+3	12,000000E+0
254	637,000000E+0	10,760000E+0	21,755000E+0	609,957000E+3	12,000000E+0
255	627,000000E+0	16,140000E+0	21,984000E+0	610,078000E+3	12,000000E+0
256	623,000000E+0	18,830000E+0	21,984000E+0	610,197000E+3	12,000000E+0
257	637,000000E+0	10,760000E+0	21,984000E+0	610,317000E+3	12,000000E+0
258	635,000000E+0	13,450000E+0	21,984000E+0	610,433000E+3	12,000000E+0
259	619,000000E+0	18,830000E+0	21,984000E+0	610,555000E+3	12,000000E+0
260	632,000000E+0	16,140000E+0	21,984000E+0	610,674000E+3	12,000000E+0
261	618,000000E+0	18,830000E+0	21,755000E+0	610,793000E+3	12,000000E+0
262	618,000000E+0	16,140000E+0	21,526000E+0	610,913000E+3	12,000000E+0
263	627,000000E+0	16,140000E+0	21,526000E+0	611,031000E+3	12,000000E+0
264	624,000000E+0	13,450000E+0	21,526000E+0	611,149000E+3	12,000000E+0
265	634,000000E+0	10,760000E+0	21,526000E+0	611,269000E+3	12,000000E+0
266	633,000000E+0	16,140000E+0	21,526000E+0	611,389000E+3	12,000000E+0
267	618,000000E+0	13,450000E+0	21,526000E+0	611,508000E+3	12,000000E+0
268	611,000000E+0	13,450000E+0	21,526000E+0	611,627000E+3	12,000000E+0
269	628,000000E+0	16,140000E+0	21,755000E+0	611,748000E+3	12,000000E+0
270	636,000000E+0	18,830000E+0	21,755000E+0	611,867000E+3	12,000000E+0
271	624,000000E+0	18,830000E+0	21,984000E+0	611,986000E+3	12,000000E+0
272	630,000000E+0	18,830000E+0	21,984000E+0	612,105000E+3	12,000000E+0
273	621,000000E+0	13,450000E+0	22,213000E+0	612,226000E+3	12,000000E+0
274	631,000000E+0	18,830000E+0	22,213000E+0	612,347000E+3	12,000000E+0
275	625,000000E+0	16,140000E+0	22,442000E+0	612,468000E+3	12,000000E+0
276	639,000000E+0	16,140000E+0	22,442000E+0	612,590000E+3	12,000000E+0
277	628,000000E+0	18,830000E+0	22,442000E+0	612,709000E+3	12,000000E+0
278	633,000000E+0	18,830000E+0	22,213000E+0	612,831000E+3	12,000000E+0
279	625,000000E+0	16,140000E+0	21,984000E+0	612,952000E+3	12,000000E+0
280	636,000000E+0	10,760000E+0	21,755000E+0	613,073000E+3	12,000000E+0
281	631,000000E+0	16,140000E+0	21,755000E+0	613,194000E+3	12,000000E+0
282	640,000000E+0	13,450000E+0	21,755000E+0	613,314000E+3	12,000000E+0
283	641,000000E+0	16,140000E+0	21,755000E+0	613,437000E+3	12,000000E+0
284	641,000000E+0	13,450000E+0	21,984000E+0	613,560000E+3	12,000000E+0
285	640,000000E+0	16,140000E+0	21,755000E+0	613,680000E+3	12,000000E+0
286	637,000000E+0	13,450000E+0	21,755000E+0	613,801000E+3	12,000000E+0
287	631,000000E+0	16,140000E+0	21,984000E+0	613,923000E+3	12,000000E+0
288	631,000000E+0	18,830000E+0	21,984000E+0	614,044000E+3	12,000000E+0
289	628,000000E+0	13,450000E+0	22,213000E+0	614,166000E+3	12,000000E+0
290	634,000000E+0	10,760000E+0	22,213000E+0	614,287000E+3	12,000000E+0
291	628,000000E+0	16,140000E+0	22,213000E+0	614,408000E+3	12,000000E+0
292	636,000000E+0	16,140000E+0	22,213000E+0	614,527000E+3	12,000000E+0
293	639,000000E+0	10,760000E+0	22,213000E+0	614,648000E+3	12,000000E+0
294	619,000000E+0	16,140000E+0	22,213000E+0	614,768000E+3	12,000000E+0
295	629,000000E+0	13,450000E+0	21,984000E+0	614,888000E+3	12,000000E+0
296	634,000000E+0	16,140000E+0	21,755000E+0	615,007000E+3	12,000000E+0
297	637,000000E+0	10,760000E+0	21,755000E+0	615,128000E+3	12,000000E+0
298	639,000000E+0	16,140000E+0	21,526000E+0	615,248000E+3	12,000000E+0
299	639,000000E+0	13,450000E+0	21,755000E+0	615,368000E+3	12,000000E+0
300	634,000000E+0	18,830000E+0	21,755000E+0	615,488000E+3	12,000000E+0
301	639,000000E+0	18,830000E+0	21,984000E+0	615,609000E+3	12,000000E+0
302	649,000000E+0	16,140000E+0	21,755000E+0	615,730000E+3	12,000000E+0
303	628,000000E+0	10,760000E+0	21,984000E+0	615,852000E+3	12,000000E+0
304	622,000000E+0	13,450000E+0	21,984000E+0	615,972000E+3	12,000000E+0
305	641,000000E+0	16,140000E+0	22,213000E+0	616,096000E+3	12,000000E+0
306	639,000000E+0	16,140000E+0	22,442000E+0	616,215000E+3	12,000000E+0
307	644,000000E+0	16,140000E+0	22,442000E+0	616,338000E+3	12,000000E+0
308	638,000000E+0	16,140000E+0	22,442000E+0	616,460000E+3	12,000000E+0
309	634,000000E+0	13,450000E+0	22,442000E+0	616,580000E+3	12,000000E+0
310	637,000000E+0	13,450000E+0	22,442000E+0	616,701000E+3	12,000000E+0
311	628,000000E+0	10,760000E+0	22,442000E+0	616,824000E+3	12,000000E+0
312	635,000000E+0	18,830000E+0	22,442000E+0	616,944000E+3	12,000000E+0
313	630,000000E+0	16,140000E+0	22,213000E+0	617,068000E+3	12,000000E+0
314	631,000000E+0	16,140000E+0	22,213000E+0	617,191000E+3	12,000000E+0
315	624,000000E+0	18,830000E+0	21,984000E+0	617,310000E+3	12,000000E+0
316	630,000000E+0	16,140000E+0	21,755000E+0	617,431000E+3	12,000000E+0
317	633,000000E+0	16,140000E+0	21,755000E+0	617,554000E+3	12,000000E+0
318	643,000000E+0	16,140000E+0	21,984000E+0	617,676000E+3	12,000000E+0
319	632,000000E+0	16,140000E+0	21,984000E+0	617,798000E+3	12,000000E+0
320	648,000000E+0	13,450000E+0	21,984000E+0	617,919000E+3	12,000000E+0
321	626,000000E+0	16,140000E+0	21,984000E+0	618,041000E+3	12,000000E+0
322	627,000000E+0	16,140000E+0	21,984000E+0	618,162000E+3	12,000000E+0
323	626,000000E+0	16,140000E+0	22,213000E+0	618,284000E+3	12,000000E+0
324	637,000000E+0	13,450000E+0	22,213000E+0	618,406000E+3	12,000000E+0
325	645,000000E+0	16,140000E+0	22,213000E+0	618,527000E+3	12,000000E+0
326	638,000000E+0	10,760000E+0	22,213000E+0	618,646000E+3	12,000000E+0
327	640,000000E+0	16,140000E+0	22,213000E+0	618,768000E+3	12,000000E+0
328	635,000000E+0	13,450000E+0	22,213000E+0	618,888000E+3	12,000000E+0
329	637,000000E+0	13,450000E+0	21,984000E+0	619,009000E+3	12,000000E+0
330	618,000000E+0	13,450000E+0	21,984000E+0	619,130000E+3	12,000000E+0
331	637,000000E+0	13,450000E+0	21,755000E+0	619,249000E+3	12,000000E+0
332	630,000000E+0	13,450000E+0	21,755000E+0	619,369000E+3	12,000000E+0
333	639,000000E+0	10,760000E+0	21,755000E+0	619,490000E+3	12,000000E+0
334	640,000000E+0	18,830000E+0	21,755000E+0	619,611000E+3	12,000000E+0
335	648,000000E+0	16,140000E+0	21,984000E+0	619,732000E+3	12,000000E+0
336	642,000000E+0	16,140000E+0	21,984000E+0	619,854000E+3	12,000000E+0
337	630,000000E+0	13,450000E+0	21,984000E+0	619,976000E+3	12,000000E+0
338	631,000000E+0	16,140000E+0	22,213000E+0	620,097000E+3	12,000000E+0
339	632,000000E+0	10,760000E+0	22,213000E+0	620,220000E+3	12,000000E+0
340	639,000000E+0	10,760000E+0	22,442000E+0	620,341000E+3	12,000000E+0
341	641,000000E+0	13,450000E+0	22,442000E+0	620,463000E+3	12,000000E+0
342	640,000000E+0	18,830000E+0	22,671000E+0	620,586000E+3	12,000000E+0
343	631,000000E+0	16,140000E+0	22,671000E+0	620,707000E+3	12,000000E+0
344	631,000000E+0	18,830000E+0	22,671000E+0	620,830000E+3	12,000000E+0
345	651,000000E+0	10,760000E+0	22,442000E+0	620,950000E+3	12,000000E+0
346	636,000000E+0	16,140000E+0	22,442000E+0	621,072000E+3	12,000000E+0
347	629,000000E+0	16,140000E+0	22,213000E+0	621,199000E+3	12,000000E+0
348	645,000000E+0	16,140000E+0	22,213000E+0	621,319000E+3	12,000000E+0
349	642,000000E+0	13,450000E+0	21,984000E+0	621,439000E+3	12,000000E+0
350	637,000000E+0	13,450000E+0	21,984000E+0	621,563000E+3	12,000000E+0
351	645,000000E+0	13,450000E+0	21,984000E+0	621,686000E+3	12,000000E+0
352	629,000000E+0	16,140000E+0	21,984000E+0	621,808000E+3	12,000000E+0
353	637,000000E+0	10,760000E+0	21,984000E+0	621,930000E+3	12,000000E+0
354	652,000000E+0	10,760000E+0	21,984000E+0	622,053000E+3	12,000000E+0
355	637,000000E+0	13,450000E+0	22,213000E+0	622,177000E+3	12,000000E+0
356	637,000000E+0	16,140000E+0	22,213000E+0	622,298000E+3	12,000000E+0
357	632,000000E+0	16,140000E+0	22,213000E+0	622,419000E+3	12,000000E+0
358	637,000000E+0	10,760000E+0	22,442000E+0	622,542000E+3	12,000000E+0
359	644,000000E+0	16,140000E+0	22,442000E+0	622,662000E+3	12,000000E+0
360	643,000000E+0	10,760000E+0	22,442000E+0	622,784000E+3	12,000000E+0
361	639,000000E+0	18,830000E+0	22,213000E+0	622,905000E+3	12,000000E+0
362	628,000000E+0	16,140000E+0	22,213000E+0	623,023000E+3	12,000000E+0
363	639,000000E+0	16,140000E+0	21,984000E+0	623,145000E+3	12,000000E+0
364	629,000000E+0	18,830000E+0	21,984000E+0	623,268000E+3	12,000000E+0
365	640,000000E+0	13,450000E+0	21,755000E+0	623,388000E+3	12,000000E+0
366	641,000000E+0	13,450000E+0	21,755000E+0	623,509000E+3	12,000000E+0
367	634,000000E+0	18,830000E+0	21,755000E+0	623,629000E+3	12,000000E+0
368	638,000000E+0	13,450000E+0	21,984000E+0	623,750000E+3	12,000000E+0
369	634,000000E+0	13,450000E+0	21,984000E+0	623,873000E+3	12,000000E+0
370	634,000000E+0	16,140000E+0	21,984000E+0	623,994000E+3	12,000000E+0
371	643,000000E+0	16,140000E+0	22,213000E+0	624,116000E+3	12,000000E+0
372	646,000000E+0	18,830000E+0	22,442000E+0	624,238000E+3	12,000000E+0
373	630,000000E+0	10,760000E+0	22,442000E+0	624,361000E+3	12,000000E+0
374	642,000000E+0	13,450000E+0	22,671000E+0	624,483000E+3	12,000000E+0
375	626,000000E+0	13,450000E+0	22,671000E+0	624,607000E+3	12,000000E+0
376	634,000000E+0	16,140000E+0	22,671000E+0	624,728000E+3	12,000000E+0
377	642,000000E+0	18,830000E+0	22,671000E+0	624,851000E+3	12,000000E+0
378	626,000000E+0	10,760000E+0	22,442000E+0	624,972000E+3	12,000000E+0
379	631,000000E+0	13,450000E+0	22,442000E+0	625,094000E+3	12,000000E+0
380	654,000000E+0	10,760000E+0	22,442000E+0	625,217000E+3	12,000000E+0
381	647,000000E+0	13,450000E+0	22,213000E+0	625,338000E+3	12,000000E+0
382	629,000000E+0	21,520000E+0	22,213000E+0	625,462000E+3	12,000000E+0
383	638,000000E+0	16,140000E+0	21,984000E+0	625,583000E+3	12,000000E+0
384	640,000000E+0	13,450000E+0	21,984000E+0	625,706000E+3	12,000000E+0
385	639,000000E+0	16,140000E+0	22,213000E+0	625,829000E+3	12,000000E+0
386	649,000000E+0	16,140000E+0	21,984000E+0	625,953000E+3	12,000000E+0
387	655,000000E+0	16,140000E+0	22,213000E+0	626,075000E+3	12,000000E+0
388	635,000000E+0	16,140000E+0	22,213000E+0	626,199000E+3	12,000000E+0
389	642,000000E+0	13,450000E+0	22,442000E+0	626,323000E+3	12,000000E+0
390	645,000000E+0	16,140000E+0	22,442000E+0	626,448000E+3	12,000000E+0
391	646,000000E+0	13,450000E+0	22,671000E+0	626,571000E+3	12,000000E+0
392	644,000000E+0	16,140000E+0	22,671000E+0	626,695000E+3	12,000000E+0
393	640,000000E+0	13,450000E+0	22,671000E+0	626,815000E+3	12,000000E+0
394	652,000000E+0	10,760000E+0	22,442000E+0	626,938000E+3	12,000000E+0
395	653,000000E+0	13,450000E+0	22,442000E+0	627,060000E+3	12,000000E+0
396	632,000000E+0	13,450000E+0	22,442000E+0	627,182000E+3	12,000000E+0
397	639,000000E+0	10,760000E+0	22,213000E+0	627,305000E+3	12,000000E+0
398	651,000000E+0	10,760000E+0	22,213000E+0	627,427000E+3	12,000000E+0
399	646,000000E+0	10,760000E+0	21,984000E+0	627,548000E+3	12,000000E+0
400	648,000000E+0	13,450000E+0	21,984000E+0	627,671000E+3	12,000000E+0
401	637,000000E+0	13,450000E+0	21,984000E+0	627,792000E+3	12,000000E+0
402	647,000000E+0	16,140000E+0	21,984000E+0	627,914000E+3	12,000000E+0
403	652,000000E+0	13,450000E+0	22,213000E+0	628,037000E+3	12,000000E+0
404	653,000000E+0	13,450000E+0	22,213000E+0	628,159000E+3	12,000000E+0
405	641,000000E+0	16,140000E+0	22,442000E+0	628,282000E+3	12,000000E+0
406	639,000000E+0	10,760000E+0	22,671000E+0	628,406000E+3	12,000000E+0
407	651,000000E+0	16,140000E+0	22,671000E+0	628,529000E+3	12,000000E+0
408	660,000000E+0	16,140000E+0	22,671000E+0	628,652000E+3	12,000000E+0
409	634,000000E+0	18,830000E+0	22,900000E+0	628,775000E+3	12,000000E+0
410	638,000000E+0	13,450000E+0	22,900000E+0	628,898000E+3	12,000000E+0
411	648,000000E+0	18,830000E+0	22,900000E+0	629,022000E+3	12,000000E+0
412	645,000000E+0	16,140000E+0	22,671000E+0	629,142000E+3	12,000000E+0
413	640,000000E+0	10,760000E+0	22,442000E+0	629,265000E+3	12,000000E+0
414	639,000000E+0	13,450000E+0	22,442000E+0	629,391000E+3	12,000000E+0
415	635,000000E+0	13,450000E+0	22,442000E+0	629,514000E+3	12,000000E+0
416	638,000000E+0	10,760000E+0	22,213000E+0	629,637000E+3	12,000000E+0
417	637,000000E+0	13,450000E+0	22,213000E+0	629,761000E+3	12,000000E+0
418	636,000000E+0	16,140000E+0	22,213000E+0	629,882000E+3	12,000000E+0
419	647,000000E+0	13,450000E+0	22,213000E+0	630,006000E+3	12,000000E+0
420	643,000000E+0	10,760000E+0	22,213000E+0	630,130000E+3	12,000000E+0
421	653,000000E+0	16,140000E+0	22,442000E+0	630,256000E+3	12,000000E+0
422	638,000000E+0	16,140000E+0	22,442000E+0	630,378000E+3	12,000000E+0
423	660,000000E+0	13,450000E+0	22,671000E+0	630,502000E+3	12,000000E+0
424	653,000000E+0	13,450000E+0	22,671000E+0	630,626000E+3	12,000000E+0
425	656,000000E+0	13,450000E+0	22,671000E+0	630,750000E+3	12,000000E+0
426	635,000000E+0	18,830000E+0	22,671000E+0	630,873000E+3	12,000000E+0
427	645,000000E+0	13,450000E+0	22,671000E+0	630,997000E+3	12,000000E+0
428	657,000000E+0	16,140000E+0	22,671000E+0	631,121000E+3	12,000000E+0
429	652,000000E+0	16,140000E+0	22,442000E+0	631,241000E+3	12,000000E+0
430	647,000000E+0	16,140000E+0	22,213000E+0	631,364000E+3	12,000000E+0
431	637,000000E+0	16,140000E+0	22,213000E+0	631,486000E+3	12,000000E+0
432	631,000000E+0	13,450000E+0	22,213000E+0	631,609000E+3	12,000000E+0
433	641,000000E+0	16,140000E+0	21,984000E+0	631,732000E+3	12,000000E+0
434	650,000000E+0	16,140000E+0	21,984000E+0	631,854000E+3	12,000000E+0
435	654,000000E+0	16,140000E+0	22,213000E+0	631,977000E+3	12,000000E+0
436	637,000000E+0	16,140000E+0	22,213000E+0	632,100000E+3	12,000000E+0
437	633,000000E+0	13,450000E+0	22,213000E+0	632,223000E+3	12,000000E+0
438	654,000000E+0	13,450000E+0	22,442000E+0	632,347000E+3	12,000000E+0
439	643,000000E+0	13,450000E+0	22,442000E+0	632,469000E+3	12,000000E+0
440	632,000000E+0	10,760000E+0	22,900000E+0	632,593000E+3	12,000000E+0
441	647,000000E+0	16,140000E+0	22,900000E+0	632,718000E+3	12,000000E+0
442	644,000000E+0	18,830000E+0	23,129000E+0	632,842000E+3	12,000000E+0
443	655,000000E+0	10,760000E+0	22,900000E+0	632,964000E+3	12,000000E+0
444	654,000000E+0	10,760000E+0	22,900000E+0	633,091000E+3	12,000000E+0
445	639,000000E+0	16,140000E+0	22,900000E+0	633,213000E+3	12,000000E+0
446	659,000000E+0	13,450000E+0	22,671000E+0	633,336000E+3	12,000000E+0
447	639,000000E+0	18,830000E+0	22,671000E+0	633,462000E+3	12,000000E+0
448	656,000000E+0	10,760000E+0	22,442000E+0	633,587000E+3	12,000000E+0
449	650,000000E+0	18,830000E+0	22,442000E+0	633,709000E+3	12,000000E+0
450	659,000000E+0	16,140000E+0	22,442000E+0	633,835000E+3	12,000000E+0
451	660,000000E+0	13,450000E+0	22,442000E+0	633,961000E+3	12,000000E+0
452	638,000000E+0	16,140000E+0	22,442000E+0	634,085000E+3	12,000000E+0
453	647,000000E+0	13,450000E+0	22,442000E+0	634,210000E+3	12,000000E+0
454	651,000000E+0	18,830000E+0	22,442000E+0	634,333000E+3	12,000000E+0
455	652,000000E+0	10,760000E+0	22,671000E+0	634,459000E+3	12,000000E+0
456	643,000000E+0	13,450000E+0	22,671000E+0	634,584000E+3	12,000000E+0
457	641,000000E+0	16,140000E+0	22,671000E+0	634,707000E+3	12,000000E+0
458	647,000000E+0	13,450000E+0	22,900000E+0	634,832000E+3	12,000000E+0
459	651,000000E+0	16,140000E+0	22,671000E+0	634,954000E+3	12,000000E+0
460	657,000000E+0	16,140000E+0	22,671000E+0	635,079000E+3	12,000000E+0
461	645,000000E+0	13,450000E+0	22,671000E+0	635,202000E+3	12,000000E+0
462	637,000000E+0	16,140000E+0	22,671000E+0	635,323000E+3	12,000000E+0
463	640,000000E+0	16,140000E+0	22,442000E+0	635,447000E+3	12,000000E+0
464	642,000000E+0	16,140000E+0	22,442000E+0	635,570000E+3	12,000000E+0
465	652,000000E+0	18,830000E+0	22,213000E+0	635,693000E+3	12,000000E+0
466	644,000000E+0	10,760000E+0	22,213000E+0	635,816000E+3	12,000000E+0
467	659,000000E+0	18,830000E+0	22,213000E+0	635,940000E+3	12,000000E+0
468	649,000000E+0	13,450000E+0	22,442000E+0	636,064000E+3	12,000000E+0
469	650,000000E+0	18,830000E+0	22,442000E+0	636,187000E+3	12,000000E+0
470	651,000000E+0	13,450000E+0	22,213000E+0	636,311000E+3	12,000000E+0
471	651,000000E+0	13,450000E+0	22,442000E+0	636,435000E+3	12,000000E+0
472	653,000000E+0	16,140000E+0	22,442000E+0	636,557000E+3	12,000000E+0
473	658,000000E+0	13,450000E+0	22,671000E+0	636,681000E+3	12,000000E+0
474	657,000000E+0	10,760000E+0	22,900000E+0	636,805000E+3	12,000000E+0
475	643,000000E+0	16,140000E+0	22,900000E+0	636,928000E+3	12,000000E+0
476	657,000000E+0	16,140000E+0	22,900000E+0	637,053000E+3	12,000000E+0
477	637,000000E+0	16,140000E+0	22,900000E+0	637,177000E+3	12,000000E+0
478	634,000000E+0	13,450000E+0	22,900000E+0	637,299000E+3	12,000000E+0
479	655,000000E+0	16,140000E+0	22,671000E+0	637,422000E+3	12,000000E+0
480	655,000000E+0	18,830000E+0	22,671000E+0	637,548000E+3	12,000000E+0
481	644,000000E+0	10,760000E+0	22,442000E+0	637,671000E+3	12,000000E+0
482	661,000000E+0	16,140000E+0	22,442000E+0	637,794000E+3	12,000000E+0
483	651,000000E+0	16,140000E+0	22,213000E+0	637,917000E+3	12,000000E+0
484	654,000000E+0	13,450000E+0	22,442000E+0	638,042000E+3	12,000000E+0
485	644,000000E+0	13,450000E+0	22,442000E+0	638,166000E+3	12,000000E+0
486	638,000000E+0	16,140000E+0	22,213000E+0	638,290000E+3	12,000000E+0
487	642,000000E+0	16,140000E+0	22,442000E+0	638,414000E+3	12,000000E+0
488	665,000000E+0	16,140000E+0	22,442000E+0	638,538000E+3	12,000000E+0
489	641,000000E+0	10,760000E+0	22,671000E+0	638,664000E+3	12,000000E+0
490	654,000000E+0	18,830000E+0	22,671000E+0	638,786000E+3	12,000000E+0
491	662,000000E+0	16,140000E+0	22,900000E+0	638,913000E+3	12,000000E+0
492	658,000000E+0	18,830000E+0	22,900000E+0	639,035000E+3	12,000000E+0
493	651,000000E+0	16,140000E+0	22,900000E+0	639,161000E+3	12,000000E+0
494	654,000000E+0	10,760000E+0	22,671000E+0	639,283000E+3	12,000000E+0
495	646,000000E+0	13,450000E+0	22,671000E+0	639,405000E+3	12,000000E+0
496	635,000000E+0	10,760000E+0	22,213000E+0	639,529000E+3	12,000000E+0
497	643,000000E+0	18,830000E+0	22,442000E+0	639,653000E+3	12,000000E+0
498	641,000000E+0	13,450000E+0	22,213000E+0	639,775000E+3	12,000000E+0
499	649,000000E+0	16,140000E+0	22,213000E+0	639,899000E+3	12,000000E+0
500	655,000000E+0	10,760000E+0	22,213000E+0	640,022000E+3	12,000000E+0
501	645,000000E+0	10,760000E+0	22,213000E+0	640,145000E+3	12,000000E+0
502	658,000000E+0	16,140000E+0	22,442000E+0	640,270000E+3	12,000000E+0
503	643,000000E+0	13,450000E+0	22,442000E+0	640,394000E+3	12,000000E+0
504	650,000000E+0	18,830000E+0	22,442000E+0	640,518000E+3	12,000000E+0
505	661,000000E+0	16,140000E+0	22,671000E+0	640,642000E+3	12,000000E+0
506	646,000000E+0	13,450000E+0	22,900000E+0	640,765000E+3	12,000000E+0
507	634,000000E+0	13,450000E+0	22,900000E+0	640,890000E+3	12,000000E+0
508	660,000000E+0	10,760000E+0	22,900000E+0	641,014000E+3	12,000000E+0
509	643,000000E+0	10,760000E+0	23,129000E+0	641,139000E+3	12,000000E+0
510	646,000000E+0	16,140000E+0	23,129000E+0	641,264000E+3	12,000000E+0
511	649,000000E+0	18,830000E+0	23,129000E+0	641,388000E+3	12,000000E+0
512	665,000000E+0	10,760000E+0	22,900000E+0	641,512000E+3	12,000000E+0
513	651,000000E+0	13,450000E+0	22,900000E+0	641,639000E+3	12,000000E+0
514	667,000000E+0	10,760000E+0	22,671000E+0	641,764000E+3	12,000000E+0
515	642,000000E+0	16,140000E+0	22,671000E+0	641,887000E+3	12,000000E+0
516	653,000000E+0	16,140000E+0	22,442000E+0	642,013000E+3	12,000000E+0
517	648,000000E+0	18,830000E+0	22,442000E+0	642,139000E+3	12,000000E+0
518	653,000000E+0	16,140000E+0	22,671000E+0	642,264000E+3	12,000000E+0
519	647,000000E+0	13,450000E+0	22,671000E+0	642,390000E+3	12,000000E+0
520	660,000000E+0	16,140000E+0	22,671000E+0	642,515000E+3	12,000000E+0
521	657,000000E+0	18,830000E+0	22,671000E+0	642,641000E+3	12,000000E+0
522	661,000000E+0	16,140000E+0	22,671000E+0	642,766000E+3	12,000000E+0
523	651,000000E+0	18,830000E+0	22,900000E+0	642,890000E+3	12,000000E+0
524	663,000000E+0	16,140000E+0	22,900000E+0	643,016000E+3	12,000000E+0
525	641,000000E+0	13,450000E+0	22,900000E+0	643,141000E+3	12,000000E+0
526	650,000000E+0	18,830000E+0	22,900000E+0	643,265000E+3	12,000000E+0
527	644,000000E+0	10,760000E+0	22,900000E+0	643,390000E+3	12,000000E+0
528	657,000000E+0	18,830000E+0	22,900000E+0	643,513000E+3	12,000000E+0
529	638,000000E+0	10,760000E+0	22,671000E+0	643,638000E+3	12,000000E+0
530	641,000000E+0	18,830000E+0	22,442000E+0	643,761000E+3	12,000000E+0
531	654,000000E+0	10,760000E+0	22,442000E+0	643,885000E+3	12,000000E+0
532	641,000000E+0	16,140000E+0	22,213000E+0	644,008000E+3	12,000000E+0
533	661,000000E+0	13,450000E+0	22,442000E+0	644,131000E+3	12,000000E+0
534	641,000000E+0	13,450000E+0	22,442000E+0	644,255000E+3	12,000000E+0
535	659,000000E+0	16,140000E+0	22,442000E+0	644,380000E+3	12,000000E+0
536	646,000000E+0	18,830000E+0	22,671000E+0	644,505000E+3	12,000000E+0
537	649,000000E+0	13,450000E+0	22,671000E+0	644,629000E+3	12,000000E+0
538	652,000000E+0	13,450000E+0	22,671000E+0	644,754000E+3	12,000000E+0
539	657,000000E+0	10,760000E+0	22,900000E+0	644,878000E+3	12,000000E+0
540	647,000000E+0	16,140000E+0	23,129000E+0	645,004000E+3	12,000000E+0
541	649,000000E+0	16,140000E+0	23,129000E+0	645,128000E+3	12,000000E+0
542	649,000000E+0	13,450000E+0	23,129000E+0	645,253000E+3	12,000000E+0
543	659,000000E+0	16,140000E+0	22,900000E+0	645,377000E+3	12,000000E+0
544	645,000000E+0	13,450000E+0	23,129000E+0	645,501000E+3	12,000000E+0
545	647,000000E+0	18,830000E+0	22,900000E+0	645,626000E+3	12,000000E+0
546	654,000000E+0	16,140000E+0	22,900000E+0	645,754000E+3	12,000000E+0
547	643,000000E+0	21,520000E+0	22,671000E+0	645,879000E+3	12,000000E+0
548	651,000000E+0	18,830000E+0	22,671000E+0	646,002000E+3	12,000000E+0
549	661,000000E+0	18,830000E+0	22,442000E+0	646,129000E+3	12,000000E+0
550	670,000000E+0	16,140000E+0	22,671000E+0	646,253000E+3	12,000000E+0
551	657,000000E+0	16,140000E+0	22,671000E+0	646,379000E+3	12,000000E+0
552	660,000000E+0	18,830000E+0	22,671000E+0	646,505000E+3	12,000000E+0
553	648,000000E+0	16,140000E+0	22,671000E+0	646,633000E+3	12,000000E+0
554	642,000000E+0	13,450000E+0	22,900000E+0	646,757000E+3	12,000000E+0
555	664,000000E+0	16,140000E+0	22,900000E+0	646,883000E+3	12,000000E+0
556	655,000000E+0	16,140000E+0	22,900000E+0	647,008000E+3	12,000000E+0
557	642,000000E+0	16,140000E+0	23,129000E+0	647,135000E+3	12,000000E+0
558	653,000000E+0	16,140000E+0	22,900000E+0	647,257000E+3	12,000000E+0
559	649,000000E+0	10,760000E+0	22,900000E+0	647,383000E+3	12,000000E+0
560	659,000000E+0	18,830000E+0	22,900000E+0	647,507000E+3	12,000000E+0
561	646,000000E+0	13,450000E+0	22,900000E+0	647,630000E+3	12,000000E+0
562	658,000000E+0	18,830000E+0	22,442000E+0	647,755000E+3	12,000000E+0
563	659,000000E+0	16,140000E+0	22,442000E+0	647,878000E+3	12,000000E+0
564	658,000000E+0	18,830000E+0	22,442000E+0	648,002000E+3	12,000000E+0
565	654,000000E+0	18,830000E+0	22,213000E+0	648,126000E+3	12,000000E+0
566	655,000000E+0	13,450000E+0	22,213000E+0	648,250000E+3	12,000000E+0
567	655,000000E+0	13,450000E+0	22,442000E+0	648,374000E+3	12,000000E+0
568	640,000000E+0	13,450000E+0	22,442000E+0	648,498000E+3	12,000000E+0
569	651,000000E+0	18,830000E+0	22,442000E+0	648,623000E+3	12,000000E+0
570	652,000000E+0	10,760000E+0	22,671000E+0	648,747000E+3	12,000000E+0
571	656,000000E+0	18,830000E+0	22,900000E+0	648,872000E+3	12,000000E+0
572	644,000000E+0	10,760000E+0	22,900000E+0	648,996000E+3	12,000000E+0
573	648,000000E+0	13,450000E+0	23,129000E+0	649,120000E+3	12,000000E+0
574	648,000000E+0	10,760000E+0	23,129000E+0	649,247000E+3	12,000000E+0
575	654,000000E+0	16,140000E+0	23,129000E+0	649,371000E+3	12,000000E+0
576	666,000000E+0	13,450000E+0	23,129000E+0	649,496000E+3	12,000000E+0
577	647,000000E+0	13,450000E+0	23,129000E+0	649,620000E+3	12,000000E+0
578	650,000000E+0	16,140000E+0	23,129000E+0	649,745000E+3	12,000000E+0
579	660,000000E+0	10,760000E+0	22,900000E+0	649,874000E+3	12,000000E+0
580	654,000000E+0	13,450000E+0	22,671000E+0	649,999000E+3	12,000000E+0
581	664,000000E+0	13,450000E+0	22,671000E+0	650,123000E+3	12,000000E+0
582	656,000000E+0	18,830000E+0	22,442000E+0	650,250000E+3	12,000000E+0
583	652,000000E+0	18,830000E+0	22,671000E+0	650,374000E+3	12,000000E+0
584	660,000000E+0	18,830000E+0	22,671000E+0	650,501000E+3	12,000000E+0
585	658,000000E+0	16,140000E+0	22,671000E+0	650,627000E+3	12,000000E+0
586	663,000000E+0	13,450000E+0	22,900000E+0	650,754000E+3	12,000000E+0
587	656,000000E+0	10,760000E+0	22,900000E+0	650,880000E+3	12,000000E+0
588	659,000000E+0	13,450000E+0	23,129000E+0	651,006000E+3	12,000000E+0
589	662,000000E+0	16,140000E+0	22,900000E+0	651,132000E+3	12,000000E+0
590	657,000000E+0	13,450000E+0	23,129000E+0	651,257000E+3	12,000000E+0
591	659,000000E+0	16,140000E+0	23,129000E+0	651,380000E+3	12,000000E+0
592	661,000000E+0	18,830000E+0	23,129000E+0	651,507000E+3	12,000000E+0
593	645,000000E+0	13,450000E+0	22,900000E+0	651,631000E+3	12,000000E+0
594	658,000000E+0	13,450000E+0	22,671000E+0	651,755000E+3	12,000000E+0
595	642,000000E+0	13,450000E+0	22,671000E+0	651,880000E+3	12,000000E+0
596	661,000000E+0	13,450000E+0	22,671000E+0	652,004000E+3	12,000000E+0
597	641,000000E+0	21,520000E+0	22,442000E+0	652,127000E+3	12,000000E+0
598	655,000000E+0	16,140000E+0	22,442000E+0	652,252000E+3	12,000000E+0
599	648,000000E+0	13,450000E+0	22,442000E+0	652,376000E+3	12,000000E+0
600	645,000000E+0	10,760000E+0	22,442000E+0	652,501000E+3	12,000000E+0
601	639,000000E+0	21,520000E+0	22,671000E+0	652,625000E+3	12,000000E+0
602	660,000000E+0	16,140000E+0	22,671000E+0	652,750000E+3	12,000000E+0
603	650,000000E+0	13,450000E+0	22,900000E+0	652,875000E+3	12,000000E+0
604	649,000000E+0	13,450000E+0	22,900000E+0	653,001000E+3	12,000000E+0
605	661,000000E+0	16,140000E+0	23,129000E+0	653,127000E+3	12,000000E+0
606	654,000000E+0	13,450000E+0	23,129000E+0	653,253000E+3	12,000000E+0
607	655,000000E+0	13,450000E+0	23,129000E+0	653,378000E+3	12,000000E+0
608	646,000000E+0	13,450000E+0	23,129000E+0	653,503000E+3	12,000000E+0
609	647,000000E+0	16,140000E+0	23,129000E+0	653,628000E+3	12,000000E+0
610	655,000000E+0	16,140000E+0	23,129000E+0	653,752000E+3	12,000000E+0
611	655,000000E+0	16,140000E+0	22,900000E+0	653,878000E+3	12,000000E+0
612	655,000000E+0	16,140000E+0	22,900000E+0	654,004000E+3	12,000000E+0
613	659,000000E+0	13,450000E+0	22,671000E+0	654,130000E+3	12,000000E+0
614	666,000000E+0	13,450000E+0	22,671000E+0	654,253000E+3	12,000000E+0
615	650,000000E+0	13,450000E+0	22,442000E+0	654,379000E+3	12,000000E+0
616	666,000000E+0	13,450000E+0	22,671000E+0	654,505000E+3	12,000000E+0
617	658,000000E+0	10,760000E+0	22,442000E+0	654,630000E+3	12,000000E+0
618	645,000000E+0	18,830000E+0	22,671000E+0	654,756000E+3	12,000000E+0
619	659,000000E+0	18,830000E+0	22,900000E+0	654,882000E+3	12,000000E+0
620	658,000000E+0	16,140000E+0	22,900000E+0	655,009000E+3	12,000000E+0
621	652,000000E+0	16,140000E+0	23,129000E+0	655,135000E+3	12,000000E+0
622	649,000000E+0	13,450000E+0	23,129000E+0	655,261000E+3	12,000000E+0
623	648,000000E+0	16,140000E+0	23,129000E+0	655,385000E+3	12,000000E+0
624	653,000000E+0	13,450000E+0	22,900000E+0	655,508000E+3	12,000000E+0
625	663,000000E+0	10,760000E+0	22,900000E+0	655,634000E+3	12,000000E+0
626	671,000000E+0	10,760000E+0	22,900000E+0	655,758000E+3	12,000000E+0
627	661,000000E+0	10,760000E+0	22,671000E+0	655,883000E+3	12,000000E+0
628	651,000000E+0	13,450000E+0	22,671000E+0	656,009000E+3	12,000000E+0
629	661,000000E+0	13,450000E+0	22,671000E+0	656,132000E+3	12,000000E+0
630	655,000000E+0	16,140000E+0	22,442000E+0	656,257000E+3	12,000000E+0
631	655,000000E+0	13,450000E+0	22,442000E+0	656,382000E+3	12,000000E+0
632	658,000000E+0	16,140000E+0	22,671000E+0	656,508000E+3	12,000000E+0
633	661,000000E+0	13,450000E+0	22,671000E+0	656,633000E+3	12,000000E+0
634	667,000000E+0	13,450000E+0	22,671000E+0	656,758000E+3	12,000000E+0
635	644,000000E+0	18,830000E+0	22,671000E+0	656,883000E+3	12,000000E+0
636	652,000000E+0	13,450000E+0	22,900000E+0	657,008000E+3	12,000000E+0
637	657,000000E+0	13,450000E+0	22,900000E+0	657,134000E+3	12,000000E+0
638	652,000000E+0	16,140000E+0	23,358000E+0	657,261000E+3	12,000000E+0
639	653,000000E+0	16,140000E+0	23,358000E+0	657,387000E+3	12,000000E+0
640	650,000000E+0	18,830000E+0	23,587000E+0	657,514000E+3	12,000000E+0
641	660,000000E+0	13,450000E+0	23,358000E+0	657,639000E+3	12,000000E+0
642	667,000000E+0	13,450000E+0	23,358000E+0	657,765000E+3	12,000000E+0
643	668,000000E+0	10,760000E+0	23,129000E+0	657,890000E+3	12,000000E+0
644	660,000000E+0	13,450000E+0	22,900000E+0	658,018000E+3	12,000000E+0
645	672,000000E+0	10,760000E+0	22,900000E+0	658,143000E+3	12,000000E+0
646	668,000000E+0	13,450000E+0	22,900000E+0	658,270000E+3	12,000000E+0
647	654,000000E+0	16,140000E+0	22,671000E+0	658,397000E+3	12,000000E+0
648	659,000000E+0	13,450000E+0	22,671000E+0	658,524000E+3	12,000000E+0
649	662,000000E+0	16,140000E+0	22,900000E+0	658,650000E+3	12,000000E+0
650	653,000000E+0	16,140000E+0	22,671000E+0	658,775000E+3	12,000000E+0
651	652,000000E+0	16,140000E+0	22,900000E+0	658,901000E+3	12,000000E+0
652	655,000000E+0	10,760000E+0	22,900000E+0	659,028000E+3	12,000000E+0
653	668,000000E+0	10,760000E+0	23,129000E+0	659,154000E+3	12,000000E+0
654	654,000000E+0	13,450000E+0	23,129000E+0	659,280000E+3	12,000000E+0
655	653,000000E+0	18,830000E+0	23,358000E+0	659,408000E+3	12,000000E+0
656	668,000000E+0	16,140000E+0	23,129000E+0	659,531000E+3	12,000000E+0
657	657,000000E+0	16,140000E+0	23,129000E+0	659,657000E+3	12,000000E+0
658	649,000000E+0	13,450000E+0	23,129000E+0	659,783000E+3	12,000000E+0
659	659,000000E+0	10,760000E+0	22,900000E+0	659,906000E+3	12,000000E+0
660	655,000000E+0	13,450000E+0	22,900000E+0	660,032000E+3	12,000000E+0
661	658,000000E+0	13,450000E+0	22,671000E+0	660,157000E+3	12,000000E+0
662	659,000000E+0	13,450000E+0	22,671000E+0	660,285000E+3	12,000000E+0
663	654,000000E+0	13,450000E+0	22,671000E+0	660,410000E+3	12,000000E+0
664	656,000000E+0	10,760000E+0	22,671000E+0	660,536000E+3	12,000000E+0
665	663,000000E+0	10,760000E+0	22,671000E+0	660,662000E+3	12,000000E+0
666	660,000000E+0	18,830000E+0	22,671000E+0	660,787000E+3	12,000000E+0
667	654,000000E+0	16,140000E+0	22,671000E+0	660,914000E+3	12,000000E+0
668	662,000000E+0	13,450000E+0	22,900000E+0	661,038000E+3	12,000000E+0
669	650,000000E+0	16,140000E+0	23,129000E+0	661,166000E+3	12,000000E+0
670	663,000000E+0	10,760000E+0	23,129000E+0	661,290000E+3	12,000000E+0
671	659,000000E+0	18,830000E+0	23,358000E+0	661,416000E+3	12,000000E+0
672	658,000000E+0	16,140000E+0	23,358000E+0	661,546000E+3	12,000000E+0
673	662,000000E+0	18,830000E+0	23,587000E+0	661,670000E+3	12,000000E+0
674	675,000000E+0	16,140000E+0	23,358000E+0	661,797000E+3	12,000000E+0
675	658,000000E+0	16,140000E+0	23,358000E+0	661,923000E+3	12,000000E+0
676	660,000000E+0	13,450000E+0	23,129000E+0	662,050000E+3	12,000000E+0
677	659,000000E+0	13,450000E+0	22,900000E+0	662,177000E+3	12,000000E+0
678	666,000000E+0	18,830000E+0	22,900000E+0	662,302000E+3	12,000000E+0
679	663,000000E+0	18,830000E+0	22,671000E+0	662,428000E+3	12,000000E+0
680	670,000000E+0	13,450000E+0	22,671000E+0	662,555000E+3	12,000000E+0
681	657,000000E+0	16,140000E+0	22,900000E+0	662,683000E+3	12,000000E+0
682	651,000000E+0	13,450000E+0	22,900000E+0	662,809000E+3	12,000000E+0
683	648,000000E+0	16,140000E+0	22,900000E+0	662,937000E+3	12,000000E+0
684	658,000000E+0	13,450000E+0	22,900000E+0	663,064000E+3	12,000000E+0
685	663,000000E+0	13,450000E+0	22,900000E+0	663,190000E+3	12,000000E+0
686	669,000000E+0	16,140000E+0	23,129000E+0	663,317000E+3	12,000000E+0
687	656,000000E+0	13,450000E+0	23,129000E+0	663,444000E+3	12,000000E+0
688	656,000000E+0	16,140000E+0	23,129000E+0	663,569000E+3	12,000000E+0
689	666,000000E+0	18,830000E+0	23,129000E+0	663,693000E+3	12,000000E+0
690	659,000000E+0	18,830000E+0	23,129000E+0	663,821000E+3	12,000000E+0
691	662,000000E+0	16,140000E+0	22,900000E+0	663,945000E+3	12,000000E+0
692	644,000000E+0	10,760000E+0	22,671000E+0	664,069000E+3	12,000000E+0
693	662,000000E+0	13,450000E+0	22,671000E+0	664,195000E+3	12,000000E+0
694	655,000000E+0	13,450000E+0	22,671000E+0	664,319000E+3	12,000000E+0
695	664,000000E+0	16,140000E+0	22,442000E+0	664,443000E+3	12,000000E+0
696	655,000000E+0	10,760000E+0	22,442000E+0	664,568000E+3	12,000000E+0
697	646,000000E+0	10,760000E+0	22,671000E+0	664,695000E+3	12,000000E+0
698	653,000000E+0	16,140000E+0	22,671000E+0	664,821000E+3	12,000000E+0
699	654,000000E+0	16,140000E+0	22,900000E+0	664,947000E+3	12,000000E+0
700	656,000000E+0	13,450000E+0	22,900000E+0	665,072000E+3	12,000000E+0
701	660,000000E+0	13,450000E+0	23,129000E+0	665,198000E+3	12,000000E+0
702	666,000000E+0	18,830000E+0	23,129000E+0	665,324000E+3	12,000000E+0
703	663,000000E+0	16,140000E+0	23,358000E+0	665,451000E+3	12,000000E+0
704	650,000000E+0	13,450000E+0	23,358000E+0	665,577000E+3	12,000000E+0
705	658,000000E+0	13,450000E+0	23,358000E+0	665,704000E+3	12,000000E+0
706	662,000000E+0	18,830000E+0	23,587000E+0	665,829000E+3	12,000000E+0
707	662,000000E+0	16,140000E+0	23,587000E+0	665,956000E+3	12,000000E+0
708	666,000000E+0	13,450000E+0	23,358000E+0	666,083000E+3	12,000000E+0
709	666,000000E+0	10,760000E+0	23,129000E+0	666,212000E+3	12,000000E+0
710	676,000000E+0	10,760000E+0	23,129000E+0	666,340000E+3	12,000000E+0
711	670,000000E+0	13,450000E+0	22,900000E+0	666,466000E+3	12,000000E+0
712	667,000000E+0	10,760000E+0	22,900000E+0	666,594000E+3	12,000000E+0
713	680,000000E+0	10,760000E+0	22,900000E+0	666,721000E+3	12,000000E+0
714	664,000000E+0	13,450000E+0	23,129000E+0	666,851000E+3	12,000000E+0
715	665,000000E+0	16,140000E+0	23,129000E+0	666,978000E+3	12,000000E+0
716	666,000000E+0	16,140000E+0	23,129000E+0	667,106000E+3	12,000000E+0
717	658,000000E+0	16,140000E+0	23,129000E+0	667,234000E+3	12,000000E+0
718	666,000000E+0	13,450000E+0	23,358000E+0	667,362000E+3	12,000000E+0
719	657,000000E+0	18,830000E+0	23,358000E+0	667,489000E+3	12,000000E+0
720	672,000000E+0	13,450000E+0	23,358000E+0	667,617000E+3	12,000000E+0
721	658,000000E+0	18,830000E+0	23,358000E+0	667,743000E+3	12,000000E+0
722	652,000000E+0	18,830000E+0	23,358000E+0	667,870000E+3	12,000000E+0
723	659,000000E+0	18,830000E+0	23,358000E+0	667,997000E+3	12,000000E+0
724	673,000000E+0	13,450000E+0	23,129000E+0	668,121000E+3	12,000000E+0
725	663,000000E+0	16,140000E+0	22,900000E+0	668,248000E+3	12,000000E+0
726	666,000000E+0	16,140000E+0	22,671000E+0	668,373000E+3	12,000000E+0
727	652,000000E+0	16,140000E+0	22,900000E+0	668,499000E+3	12,000000E+0
728	661,000000E+0	13,450000E+0	22,671000E+0	668,626000E+3	12,000000E+0
729	674,000000E+0	10,760000E+0	22,671000E+0	668,752000E+3	12,000000E+0
730	651,000000E+0	16,140000E+0	22,671000E+0	668,877000E+3	12,000000E+0
731	655,000000E+0	13,450000E+0	22,900000E+0	669,005000E+3	12,000000E+0
732	659,000000E+0	13,450000E+0	23,129000E+0	669,132000E+3	12,000000E+0
733	671,000000E+0	16,140000E+0	23,129000E+0	669,257000E+3	12,000000E+0
734	663,000000E+0	16,140000E+0	23,129000E+0	669,385000E+3	12,000000E+0
735	666,000000E+0	10,760000E+0	23,358000E+0	669,512000E+3	12,000000E+0
736	663,000000E+0	13,450000E+0	23,358000E+0	669,639000E+3	12,000000E+0
737	672,000000E+0	13,450000E+0	23,358000E+0	669,766000E+3	12,000000E+0
738	666,000000E+0	16,140000E+0	23,587000E+0	669,893000E+3	12,000000E+0
739	662,000000E+0	13,450000E+0	23,587000E+0	670,020000E+3	12,000000E+0
740	650,000000E+0	16,140000E+0	23,587000E+0	670,147000E+3	12,000000E+0
741	669,000000E+0	16,140000E+0	23,358000E+0	670,274000E+3	12,000000E+0
742	662,000000E+0	13,450000E+0	23,358000E+0	670,402000E+3	12,000000E+0
743	669,000000E+0	18,830000E+0	23,129000E+0	670,530000E+3	12,000000E+0
744	663,000000E+0	13,450000E+0	22,900000E+0	670,656000E+3	12,000000E+0
745	662,000000E+0	13,450000E+0	22,900000E+0	670,786000E+3	12,000000E+0
746	654,000000E+0	18,830000E+0	22,900000E+0	670,914000E+3	12,000000E+0
747	659,000000E+0	13,450000E+0	22,900000E+0	671,041000E+3	12,000000E+0
748	673,000000E+0	16,140000E+0	23,129000E+0	671,169000E+3	12,000000E+0
749	666,000000E+0	16,140000E+0	23,129000E+0	671,297000E+3	12,000000E+0
750	665,000000E+0	16,140000E+0	23,129000E+0	671,424000E+3	12,000000E+0
751	668,000000E+0	16,140000E+0	23,129000E+0	671,550000E+3	12,000000E+0
752	651,000000E+0	16,140000E+0	23,358000E+0	671,678000E+3	12,000000E+0
753	655,000000E+0	16,140000E+0	23,358000E+0	671,803000E+3	12,000000E+0
754	660,000000E+0	13,450000E+0	23,129000E+0	671,930000E+3	12,000000E+0
755	664,000000E+0	13,450000E+0	23,129000E+0	672,055000E+3	12,000000E+0
756	650,000000E+0	18,830000E+0	23,129000E+0	672,180000E+3	12,000000E+0
757	666,000000E+0	16,140000E+0	22,900000E+0	672,306000E+3	12,000000E+0
758	664,000000E+0	13,450000E+0	22,671000E+0	672,431000E+3	12,000000E+0
759	650,000000E+0	13,450000E+0	22,671000E+0	672,557000E+3	12,000000E+0
760	667,000000E+0	13,450000E+0	22,442000E+0	672,680000E+3	12,000000E+0
761	655,000000E+0	16,140000E+0	22,671000E+0	672,807000E+3	12,000000E+0
762	646,000000E+0	10,760000E+0	22,671000E+0	672,933000E+3	12,000000E+0
763	669,000000E+0	13,450000E+0	22,671000E+0	673,059000E+3	12,000000E+0
764	658,000000E+0	16,140000E+0	22,900000E+0	673,186000E+3	12,000000E+0
765	661,000000E+0	16,140000E+0	23,129000E+0	673,312000E+3	12,000000E+0
766	659,000000E+0	10,760000E+0	23,358000E+0	673,440000E+3	12,000000E+0
767	661,000000E+0	16,140000E+0	23,358000E+0	673,566000E+3	12,000000E+0
768	665,000000E+0	10,760000E+0	23,358000E+0	673,693000E+3	12,000000E+0
769	653,000000E+0	18,830000E+0	23,587000E+0	673,820000E+3	12,000000E+0
770	662,000000E+0	18,830000E+0	23,587000E+0	673,946000E+3	12,000000E+0
771	655,000000E+0	16,140000E+0	23,587000E+0	674,074000E+3	12,000000E+0
772	665,000000E+0	16,140000E+0	23,358000E+0	674,200000E+3	12,000000E+0
773	673,000000E+0	16,140000E+0	23,358000E+0	674,328000E+3	12,000000E+0
774	666,000000E+0	18,830000E+0	23,358000E+0	674,458000E+3	12,000000E+0
775	665,000000E+0	18,830000E+0	23,129000E+0	674,583000E+3	12,000000E+0
776	660,000000E+0	16,140000E+0	22,900000E+0	674,712000E+3	12,000000E+0
777	674,000000E+0	16,140000E+0	22,900000E+0	674,840000E+3	12,000000E+0
778	666,000000E+0	13,450000E+0	22,900000E+0	674,968000E+3	12,000000E+0
779	670,000000E+0	13,450000E+0	23,129000E+0	675,094000E+3	12,000000E+0
780	678,000000E+0	13,450000E+0	22,900000E+0	675,221000E+3	12,000000E+0
781	668,000000E+0	13,450000E+0	23,129000E+0	675,351000E+3	12,000000E+0
782	672,000000E+0	13,450000E+0	23,129000E+0	675,478000E+3	12,000000E+0
783	659,000000E+0	18,830000E+0	23,358000E+0	675,607000E+3	12,000000E+0
784	658,000000E+0	13,450000E+0	23,358000E+0	675,733000E+3	12,000000E+0
785	658,000000E+0	16,140000E+0	23,358000E+0	675,861000E+3	12,000000E+0
786	669,000000E+0	18,830000E+0	23,358000E+0	675,986000E+3	12,000000E+0
787	659,000000E+0	16,140000E+0	23,358000E+0	676,113000E+3	12,000000E+0
788	665,000000E+0	16,140000E+0	23,129000E+0	676,239000E+3	12,000000E+0
789	651,000000E+0	18,830000E+0	22,900000E+0	676,365000E+3	12,000000E+0
790	651,000000E+0	13,450000E+0	22,900000E+0	676,493000E+3	12,000000E+0
791	652,000000E+0	10,760000E+0	22,900000E+0	676,618000E+3	12,000000E+0
792	650,000000E+0	13,450000E+0	22,900000E+0	676,744000E+3	12,000000E+0
793	656,000000E+0	13,450000E+0	22,671000E+0	676,869000E+3	12,000000E+0
794	672,000000E+0	13,450000E+0	22,900000E+0	676,998000E+3	12,000000E+0
795	663,000000E+0	10,760000E+0	22,900000E+0	677,123000E+3	12,000000E+0
796	658,000000E+0	13,450000E+0	22,900000E+0	677,250000E+3	12,000000E+0
797	653,000000E+0	18,830000E+0	23,129000E+0	677,377000E+3	12,000000E+0
798	667,000000E+0	16,140000E+0	23,129000E+0	677,503000E+3	12,000000E+0
799	667,000000E+0	18,830000E+0	23,358000E+0	677,630000E+3	12,000000E+0
800	660,000000E+0	16,140000E+0	23,587000E+0	677,758000E+3	12,000000E+0
801	655,000000E+0	16,140000E+0	23,587000E+0	677,886000E+3	12,000000E+0
802	677,000000E+0	16,140000E+0	23,587000E+0	678,013000E+3	12,000000E+0
803	672,000000E+0	13,450000E+0	23,587000E+0	678,141000E+3	12,000000E+0
804	655,000000E+0	16,140000E+0	23,358000E+0	678,266000E+3	12,000000E+0
805	670,000000E+0	16,140000E+0	23,358000E+0	678,393000E+3	12,000000E+0
806	674,000000E+0	16,140000E+0	23,129000E+0	678,522000E+3	12,000000E+0
807	679,000000E+0	13,450000E+0	23,358000E+0	678,650000E+3	12,000000E+0
808	675,000000E+0	13,450000E+0	22,900000E+0	678,776000E+3	12,000000E+0
809	660,000000E+0	16,140000E+0	22,900000E+0	678,906000E+3	12,000000E+0
810	658,000000E+0	10,760000E+0	22,900000E+0	679,032000E+3	12,000000E+0
811	670,000000E+0	10,760000E+0	23,129000E+0	679,160000E+3	12,000000E+0
812	673,000000E+0	16,140000E+0	22,900000E+0	679,285000E+3	12,000000E+0
813	676,000000E+0	13,450000E+0	23,129000E+0	679,417000E+3	12,000000E+0
814	674,000000E+0	16,140000E+0	23,358000E+0	679,544000E+3	12,000000E+0
815	682,000000E+0	16,140000E+0	23,358000E+0	679,673000E+3	12,000000E+0
816	662,000000E+0	16,140000E+0	23,358000E+0	679,801000E+3	12,000000E+0
817	667,000000E+0	18,830000E+0	23,358000E+0	679,928000E+3	12,000000E+0
818	676,000000E+0	16,140000E+0	23,358000E+0	680,052000E+3	12,000000E+0
819	662,000000E+0	10,760000E+0	23,129000E+0	680,180000E+3	12,000000E+0
820	666,000000E+0	10,760000E+0	23,358000E+0	680,307000E+3	12,000000E+0
821	664,000000E+0	10,760000E+0	23,129000E+0	680,432000E+3	12,000000E+0
822	653,000000E+0	13,450000E+0	22,900000E+0	680,559000E+3	12,000000E+0
823	648,000000E+0	16,140000E+0	22,900000E+0	680,685000E+3	12,000000E+0
824	658,000000E+0	16,140000E+0	22,900000E+0	680,811000E+3	12,000000E+0
825	665,000000E+0	18,830000E+0	22,671000E+0	680,938000E+3	12,000000E+0
826	663,000000E+0	16,140000E+0	22,900000E+0	681,064000E+3	12,000000E+0
827	666,000000E+0	10,760000E+0	22,900000E+0	681,191000E+3	12,000000E+0
828	663,000000E+0	13,450000E+0	22,900000E+0	681,318000E+3	12,000000E+0
829	669,000000E+0	10,760000E+0	22,900000E+0	681,443000E+3	12,000000E+0
830	677,000000E+0	13,450000E+0	23,129000E+0	681,570000E+3	12,000000E+0
831	659,000000E+0	18,830000E+0	23,358000E+0	681,696000E+3	12,000000E+0
832	660,000000E+0	16,140000E+0	23,358000E+0	681,824000E+3	12,000000E+0
833	672,000000E+0	18,830000E+0	23,587000E+0	681,952000E+3	12,000000E+0
834	674,000000E+0	10,760000E+0	23,587000E+0	682,079000E+3	12,000000E+0
835	661,000000E+0	16,140000E+0	23,587000E+0	682,208000E+3	12,000000E+0
836	657,000000E+0	16,140000E+0	23,587000E+0	682,333000E+3	12,000000E+0
837	655,000000E+0	16,140000E+0	23,358000E+0	682,460000E+3	12,000000E+0
838	659,000000E+0	16,140000E+0	23,129000E+0	682,587000E+3	12,000000E+0
839	674,000000E+0	13,450000E+0	23,129000E+0	682,716000E+3	12,000000E+0
840	666,000000E+0	13,450000E+0	23,129000E+0	682,843000E+3	12,000000E+0
841	659,000000E+0	18,830000E+0	22,900000E+0	682,971000E+3	12,000000E+0
842	676,000000E+0	10,760000E+0	23,129000E+0	683,100000E+3	12,000000E+0
843	669,000000E+0	16,140000E+0	22,900000E+0	683,227000E+3	12,000000E+0
844	666,000000E+0	16,140000E+0	22,900000E+0	683,355000E+3	12,000000E+0
845	677,000000E+0	13,450000E+0	22,900000E+0	683,481000E+3	12,000000E+0
846	668,000000E+0	16,140000E+0	23,129000E+0	683,610000E+3	12,000000E+0
847	660,000000E+0	13,450000E+0	23,358000E+0	683,738000E+3	12,000000E+0
848	673,000000E+0	16,140000E+0	23,358000E+0	683,864000E+3	12,000000E+0
849	669,000000E+0	13,450000E+0	23,358000E+0	683,993000E+3	12,000000E+0
850	655,000000E+0	10,760000E+0	23,358000E+0	684,119000E+3	12,000000E+0
851	669,000000E+0	16,140000E+0	23,358000E+0	684,247000E+3	12,000000E+0
852	658,000000E+0	13,450000E+0	23,358000E+0	684,373000E+3	12,000000E+0
853	658,000000E+0	16,140000E+0	23,129000E+0	684,498000E+3	12,000000E+0
854	653,000000E+0	13,450000E+0	23,129000E+0	684,625000E+3	12,000000E+0
855	674,000000E+0	16,140000E+0	22,900000E+0	684,751000E+3	12,000000E+0
856	654,000000E+0	10,760000E+0	22,900000E+0	684,877000E+3	12,000000E+0
857	670,000000E+0	18,830000E+0	22,671000E+0	685,004000E+3	12,000000E+0
858	676,000000E+0	16,140000E+0	22,900000E+0	685,131000E+3	12,000000E+0
859	656,000000E+0	8,070000E+0	22,900000E+0	685,258000E+3	12,000000E+0
860	663,000000E+0	13,450000E+0	22,900000E+0	685,383000E+3	12,000000E+0
861	654,000000E+0	16,140000E+0	22,900000E+0	685,511000E+3	12,000000E+0
862	673,000000E+0	18,830000E+0	23,129000E+0	685,637000E+3	12,000000E+0
863	661,000000E+0	10,760000E+0	23,358000E+0	685,765000E+3	12,000000E+0
864	664,000000E+0	13,450000E+0	23,358000E+0	685,891000E+3	12,000000E+0
865	663,000000E+0	10,760000E+0	23,587000E+0	686,019000E+3	12,000000E+0
866	677,000000E+0	13,450000E+0	23,587000E+0	686,147000E+3	12,000000E+0
867	672,000000E+0	16,140000E+0	23,816000E+0	686,275000E+3	12,000000E+0
868	662,000000E+0	16,140000E+0	23,587000E+0	686,402000E+3	12,000000E+0
869	677,000000E+0	13,450000E+0	23,358000E+0	686,528000E+3	12,000000E+0
870	669,000000E+0	16,140000E+0	23,358000E+0	686,657000E+3	12,000000E+0
871	669,000000E+0	16,140000E+0	23,129000E+0	686,784000E+3	12,000000E+0
872	661,000000E+0	10,760000E+0	23,129000E+0	686,911000E+3	12,000000E+0
873	677,000000E+0	13,450000E+0	22,900000E+0	687,038000E+3	12,000000E+0
874	681,000000E+0	13,450000E+0	23,129000E+0	687,167000E+3	12,000000E+0
875	665,000000E+0	18,830000E+0	23,129000E+0	687,296000E+3	12,000000E+0
876	666,000000E+0	16,140000E+0	23,129000E+0	687,423000E+3	12,000000E+0
877	658,000000E+0	16,140000E+0	22,900000E+0	687,551000E+3	12,000000E+0
878	674,000000E+0	10,760000E+0	23,129000E+0	687,679000E+3	12,000000E+0
879	654,000000E+0	18,830000E+0	23,129000E+0	687,808000E+3	12,000000E+0
880	670,000000E+0	13,450000E+0	23,358000E+0	687,934000E+3	12,000000E+0
881	651,000000E+0	18,830000E+0	23,358000E+0	688,062000E+3	12,000000E+0
882	660,000000E+0	16,140000E+0	23,358000E+0	688,188000E+3	12,000000E+0
883	653,000000E+0	16,140000E+0	23,358000E+0	688,316000E+3	12,000000E+0
884	651,000000E+0	18,830000E+0	23,358000E+0	688,442000E+3	12,000000E+0
885	663,000000E+0	16,140000E+0	23,129000E+0	688,567000E+3	12,000000E+0
886	661,000000E+0	16,140000E+0	22,900000E+0	688,694000E+3	12,000000E+0
887	660,000000E+0	13,450000E+0	22,900000E+0	688,820000E+3	12,000000E+0
888	651,000000E+0	13,450000E+0	22,671000E+0	688,946000E+3	12,000000E+0
889	654,000000E+0	13,450000E+0	22,671000E+0	689,071000E+3	12,000000E+0
890	674,000000E+0	13,450000E+0	22,671000E+0	689,198000E+3	12,000000E+0
891	672,000000E+0	10,760000E+0	22,900000E+0	689,324000E+3	12,000000E+0
892	669,000000E+0	13,450000E+0	22,900000E+0	689,451000E+3	12,000000E+0
893	661,000000E+0	13,450000E+0	22,900000E+0	689,578000E+3	12,000000E+0
894	658,000000E+0	13,450000E+0	22,900000E+0	689,704000E+3	12,000000E+0
895	662,000000E+0	16,140000E+0	23,129000E+0	689,842000E+3	12,000000E+0
896	652,000000E+0	13,450000E+0	23,358000E+0	689,990000E+3	12,000000E+0
897	659,000000E+0	16,140000E+0	23,587000E+0	690,147000E+3	12,000000E+0
898	670,000000E+0	13,450000E+0	23,587000E+0	690,274000E+3	12,000000E+0
899	668,000000E+0	10,760000E+0	23,587000E+0	690,403000E+3	12,000000E+0
900	659,000000E+0	13,450000E+0	23,587000E+0	690,529000E+3	12,000000E+0
901	665,000000E+0	16,140000E+0	23,358000E+0	690,688000E+3	12,000000E+0
902	661,000000E+0	16,140000E+0	23,129000E+0	690,818000E+3	12,000000E+0
903	664,000000E+0	16,140000E+0	23,358000E+0	690,946000E+3	12,000000E+0
904	669,000000E+0	13,450000E+0	22,900000E+0	691,072000E+3	12,000000E+0
905	673,000000E+0	13,450000E+0	23,129000E+0	691,201000E+3	12,000000E+0
906	662,000000E+0	16,140000E+0	23,129000E+0	691,328000E+3	12,000000E+0
907	676,000000E+0	13,450000E+0	23,129000E+0	691,459000E+3	12,000000E+0
908	679,000000E+0	13,450000E+0	23,129000E+0	691,586000E+3	12,000000E+0
909	667,000000E+0	18,830000E+0	23,358000E+0	691,718000E+3	12,000000E+0
910	675,000000E+0	16,140000E+0	23,358000E+0	691,845000E+3	12,000000E+0
911	670,000000E+0	13,450000E+0	23,358000E+0	691,973000E+3	12,000000E+0
912	678,000000E+0	13,450000E+0	23,587000E+0	692,101000E+3	12,000000E+0
913	674,000000E+0	13,450000E+0	23,587000E+0	692,230000E+3	12,000000E+0
914	678,000000E+0	16,140000E+0	23,587000E+0	692,356000E+3	12,000000E+0
915	677,000000E+0	13,450000E+0	23,587000E+0	692,484000E+3	12,000000E+0
916	676,000000E+0	13,450000E+0	23,587000E+0	692,612000E+3	12,000000E+0
917	668,000000E+0	16,140000E+0	23,129000E+0	692,739000E+3	12,000000E+0
918	664,000000E+0	13,450000E+0	23,129000E+0	692,867000E+3	12,000000E+0
919	675,000000E+0	10,760000E+0	22,900000E+0	692,992000E+3	12,000000E+0
920	682,000000E+0	13,450000E+0	22,900000E+0	693,119000E+3	12,000000E+0
921	670,000000E+0	16,140000E+0	22,900000E+0	693,247000E+3	12,000000E+0
922	662,000000E+0	16,140000E+0	22,900000E+0	693,375000E+3	12,000000E+0
923	682,000000E+0	13,450000E+0	23,129000E+0	693,503000E+3	12,000000E+0
924	666,000000E+0	10,760000E+0	23,129000E+0	693,631000E+3	12,000000E+0
925	670,000000E+0	16,140000E+0	23,358000E+0	693,758000E+3	12,000000E+0
926	681,000000E+0	18,830000E+0	23,358000E+0	693,886000E+3	12,000000E+0
927	668,000000E+0	18,830000E+0	23,587000E+0	694,014000E+3	12,000000E+0
928	675,000000E+0	13,450000E+0	23,587000E+0	694,142000E+3	12,000000E+0
929	681,000000E+0	16,140000E+0	23,816000E+0	694,271000E+3	12,000000E+0
930	680,000000E+0	18,830000E+0	23,816000E+0	694,399000E+3	12,000000E+0
931	679,000000E+0	13,450000E+0	23,816000E+0	694,527000E+3	12,000000E+0
932	680,000000E+0	16,140000E+0	23,816000E+0	694,655000E+3	12,000000E+0
933	665,000000E+0	10,760000E+0	23,587000E+0	694,783000E+3	12,000000E+0
934	671,000000E+0	13,450000E+0	23,358000E+0	694,914000E+3	12,000000E+0
935	677,000000E+0	10,760000E+0	23,358000E+0	695,042000E+3	12,000000E+0
936	666,000000E+0	13,450000E+0	23,129000E+0	695,168000E+3	12,000000E+0
937	676,000000E+0	13,450000E+0	23,129000E+0	695,299000E+3	12,000000E+0
938	673,000000E+0	10,760000E+0	23,129000E+0	695,426000E+3	12,000000E+0
939	681,000000E+0	13,450000E+0	23,129000E+0	695,557000E+3	12,000000E+0
940	668,000000E+0	10,760000E+0	23,358000E+0	695,686000E+3	12,000000E+0
941	675,000000E+0	16,140000E+0	23,358000E+0	695,816000E+3	12,000000E+0
942	683,000000E+0	10,760000E+0	23,587000E+0	695,944000E+3	12,000000E+0
943	684,000000E+0	13,450000E+0	23,358000E+0	696,073000E+3	12,000000E+0
944	671,000000E+0	13,450000E+0	23,587000E+0	696,202000E+3	12,000000E+0
945	658,000000E+0	13,450000E+0	23,587000E+0	696,331000E+3	12,000000E+0
946	667,000000E+0	13,450000E+0	23,587000E+0	696,457000E+3	12,000000E+0
947	676,000000E+0	13,450000E+0	23,587000E+0	696,586000E+3	12,000000E+0
948	674,000000E+0	18,830000E+0	23,587000E+0	696,714000E+3	12,000000E+0
949	665,000000E+0	16,140000E+0	23,358000E+0	696,841000E+3	12,000000E+0
950	663,000000E+0	16,140000E+0	23,129000E+0	696,969000E+3	12,000000E+0
951	661,000000E+0	16,140000E+0	22,900000E+0	697,095000E+3	12,000000E+0
952	668,000000E+0	16,140000E+0	22,900000E+0	697,221000E+3	12,000000E+0
953	670,000000E+0	10,760000E+0	22,900000E+0	697,349000E+3	12,000000E+0
954	661,000000E+0	18,830000E+0	22,900000E+0	697,477000E+3	12,000000E+0
955	661,000000E+0	16,140000E+0	23,129000E+0	697,605000E+3	12,000000E+0
956	668,000000E+0	10,760000E+0	23,129000E+0	697,732000E+3	12,000000E+0
957	671,000000E+0	16,140000E+0	23,358000E+0	697,861000E+3	12,000000E+0
958	659,000000E+0	16,140000E+0	23,358000E+0	697,988000E+3	12,000000E+0
959	654,000000E+0	18,830000E+0	23,587000E+0	698,115000E+3	12,000000E+0
960	662,000000E+0	13,450000E+0	23,587000E+0	698,244000E+3	12,000000E+0
961	663,000000E+0	18,830000E+0	23,816000E+0	698,373000E+3	12,000000E+0
962	665,000000E+0	18,830000E+0	23,816000E+0	698,500000E+3	12,000000E+0
963	676,000000E+0	10,760000E+0	23,587000E+0	698,629000E+3	12,000000E+0
964	671,000000E+0	16,140000E+0	23,587000E+0	698,755000E+3	12,000000E+0
965	678,000000E+0	10,760000E+0	23,587000E+0	698,883000E+3	12,000000E+0
966	670,000000E+0	16,140000E+0	23,587000E+0	699,015000E+3	12,000000E+0
967	669,000000E+0	16,140000E+0	23,358000E+0	699,143000E+3	12,000000E+0
968	661,000000E+0	21,520000E+0	23,129000E+0	699,271000E+3	12,000000E+0
969	675,000000E+0	10,760000E+0	23,129000E+0	699,401000E+3	12,000000E+0
970	667,000000E+0	13,450000E+0	23,129000E+0	699,528000E+3	12,000000E+0
971	680,000000E+0	13,450000E+0	23,129000E+0	699,657000E+3	12,000000E+0
972	673,000000E+0	16,140000E+0	23,129000E+0	699,787000E+3	12,000000E+0
973	673,000000E+0	16,140000E+0	23,358000E+0	699,917000E+3	12,000000E+0
974	673,000000E+0	16,140000E+0	23,587000E+0	700,045000E+3	12,000000E+0
975	673,000000E+0	16,140000E+0	23,587000E+0	700,175000E+3	12,000000E+0
976	677,000000E+0	16,140000E+0	23,587000E+0	700,303000E+3	12,000000E+0
977	683,000000E+0	13,450000E+0	23,587000E+0	700,431000E+3	12,000000E+0
978	668,000000E+0	13,450000E+0	23,816000E+0	700,558000E+3	12,000000E+0
979	666,000000E+0	16,140000E+0	23,587000E+0	700,687000E+3	12,000000E+0
980	665,000000E+0	13,450000E+0	23,587000E+0	700,813000E+3	12,000000E+0
981	681,000000E+0	10,760000E+0	23,129000E+0	700,941000E+3	12,000000E+0
982	660,000000E+0	16,140000E+0	23,358000E+0	701,071000E+3	12,000000E+0
983	662,000000E+0	18,830000E+0	23,129000E+0	701,196000E+3	12,000000E+0
984	657,000000E+0	18,830000E+0	23,129000E+0	701,325000E+3	12,000000E+0
985	672,000000E+0	16,140000E+0	22,900000E+0	701,453000E+3	12,000000E+0
986	654,000000E+0	16,140000E+0	23,129000E+0	701,582000E+3	12,000000E+0
987	666,000000E+0	18,830000E+0	23,129000E+0	701,709000E+3	12,000000E+0
988	674,000000E+0	13,450000E+0	23,129000E+0	701,838000E+3	12,000000E+0
989	677,000000E+0	10,760000E+0	23,358000E+0	701,966000E+3	12,000000E+0
990	661,000000E+0	16,140000E+0	23,587000E+0	702,094000E+3	12,000000E+0
991	665,000000E+0	13,450000E+0	23,816000E+0	702,221000E+3	12,000000E+0
992	681,000000E+0	10,760000E+0	23,816000E+0	702,350000E+3	12,000000E+0
993	679,000000E+0	13,450000E+0	23,816000E+0	702,478000E+3	12,000000E+0
994	683,000000E+0	16,140000E+0	23,816000E+0	702,606000E+3	12,000000E+0
995	679,000000E+0	16,140000E+0	23,816000E+0	702,735000E+3	12,000000E+0
996	666,000000E+0	16,140000E+0	23,587000E+0	702,862000E+3	12,000000E+0
997	680,000000E+0	13,450000E+0	23,587000E+0	702,989000E+3	12,000000E+0
998	664,000000E+0	13,450000E+0	23,358000E+0	703,121000E+3	12,000000E+0
999	683,000000E+0	16,140000E+0	23,358000E+0	703,249000E+3	12,000000E+0
1000	672,000000E+0	16,140000E+0	23,358000E+0	703,378000E+3	12,000000E+0
1001	683,000000E+0	10,760000E+0	23,129000E+0	703,509000E+3	12,000000E+0
1002	658,000000E+0	18,830000E+0	23,129000E+0	703,636000E+3	12,000000E+0
1003	680,000000E+0	16,140000E+0	23,129000E+0	703,766000E+3	12,000000E+0
1004	679,000000E+0	13,450000E+0	23,129000E+0	703,894000E+3	12,000000E+0
1005	669,000000E+0	13,450000E+0	23,358000E+0	704,024000E+3	12,000000E+0
1006	664,000000E+0	21,520000E+0	23,358000E+0	704,151000E+3	12,000000E+0
1007	680,000000E+0	13,450000E+0	23,587000E+0	704,282000E+3	12,000000E+0
1008	669,000000E+0	10,760000E+0	23,587000E+0	704,409000E+3	12,000000E+0
1009	681,000000E+0	16,140000E+0	23,587000E+0	704,538000E+3	12,000000E+0
1010	672,000000E+0	18,830000E+0	23,587000E+0	704,663000E+3	12,000000E+0
1011	659,000000E+0	13,450000E+0	23,358000E+0	704,791000E+3	12,000000E+0
1012	669,000000E+0	16,140000E+0	23,358000E+0	704,920000E+3	12,000000E+0
1013	675,000000E+0	18,830000E+0	23,129000E+0	705,045000E+3	12,000000E+0
1014	678,000000E+0	18,830000E+0	23,129000E+0	705,171000E+3	12,000000E+0
1015	656,000000E+0	18,830000E+0	22,900000E+0	705,299000E+3	12,000000E+0
1016	679,000000E+0	13,450000E+0	22,900000E+0	705,426000E+3	12,000000E+0
1017	654,000000E+0	13,450000E+0	22,900000E+0	705,552000E+3	12,000000E+0
1018	671,000000E+0	16,140000E+0	22,900000E+0	705,681000E+3	12,000000E+0
1019	659,000000E+0	10,760000E+0	23,129000E+0	705,808000E+3	12,000000E+0
1020	665,000000E+0	13,450000E+0	23,129000E+0	705,936000E+3	12,000000E+0
1021	656,000000E+0	13,450000E+0	23,129000E+0	706,063000E+3	12,000000E+0
1022	681,000000E+0	16,140000E+0	23,129000E+0	706,190000E+3	12,000000E+0
1023	678,000000E+0	16,140000E+0	23,587000E+0	706,317000E+3	12,000000E+0
1024	663,000000E+0	13,450000E+0	23,587000E+0	706,448000E+3	12,000000E+0
1025	666,000000E+0	16,140000E+0	23,816000E+0	706,576000E+3	12,000000E+0
1026	668,000000E+0	16,140000E+0	23,816000E+0	706,703000E+3	12,000000E+0
1027	673,000000E+0	10,760000E+0	23,816000E+0	706,832000E+3	12,000000E+0
1028	665,000000E+0	10,760000E+0	23,587000E+0	706,961000E+3	12,000000E+0
1029	670,000000E+0	18,830000E+0	23,587000E+0	707,087000E+3	12,000000E+0
1030	668,000000E+0	16,140000E+0	23,358000E+0	707,218000E+3	12,000000E+0
1031	669,000000E+0	18,830000E+0	23,129000E+0	707,347000E+3	12,000000E+0
1032	675,000000E+0	13,450000E+0	23,358000E+0	707,475000E+3	12,000000E+0
1033	666,000000E+0	10,760000E+0	23,129000E+0	707,604000E+3	12,000000E+0
1034	679,000000E+0	13,450000E+0	23,129000E+0	707,734000E+3	12,000000E+0
1035	664,000000E+0	16,140000E+0	23,129000E+0	707,862000E+3	12,000000E+0
1036	674,000000E+0	18,830000E+0	23,129000E+0	707,988000E+3	12,000000E+0
1037	669,000000E+0	8,070000E+0	23,129000E+0	708,118000E+3	12,000000E+0
1038	677,000000E+0	13,450000E+0	23,358000E+0	708,246000E+3	12,000000E+0
1039	666,000000E+0	10,760000E+0	23,358000E+0	708,377000E+3	12,000000E+0
1040	664,000000E+0	13,450000E+0	23,587000E+0	708,505000E+3	12,000000E+0
1041	673,000000E+0	10,760000E+0	23,587000E+0	708,632000E+3	12,000000E+0
1042	661,000000E+0	16,140000E+0	23,587000E+0	708,760000E+3	12,000000E+0
1043	668,000000E+0	18,830000E+0	23,358000E+0	708,889000E+3	12,000000E+0
1044	666,000000E+0	18,830000E+0	23,358000E+0	709,016000E+3	12,000000E+0
1045	672,000000E+0	16,140000E+0	23,129000E+0	709,143000E+3	12,000000E+0
1046	677,000000E+0	16,140000E+0	23,129000E+0	709,270000E+3	12,000000E+0
1047	664,000000E+0	16,140000E+0	22,900000E+0	709,395000E+3	12,000000E+0
1048	663,000000E+0	13,450000E+0	22,900000E+0	709,524000E+3	12,000000E+0
1049	658,000000E+0	16,140000E+0	22,900000E+0	709,651000E+3	12,000000E+0
1050	662,000000E+0	16,140000E+0	23,129000E+0	709,779000E+3	12,000000E+0
1051	653,000000E+0	16,140000E+0	23,129000E+0	709,907000E+3	12,000000E+0
1052	662,000000E+0	16,140000E+0	23,129000E+0	710,035000E+3	12,000000E+0
1053	674,000000E+0	16,140000E+0	23,358000E+0	710,163000E+3	12,000000E+0
1054	670,000000E+0	16,140000E+0	23,358000E+0	710,291000E+3	12,000000E+0
1055	678,000000E+0	16,140000E+0	23,587000E+0	710,419000E+3	12,000000E+0
1056	661,000000E+0	13,450000E+0	23,587000E+0	710,548000E+3	12,000000E+0
1057	663,000000E+0	13,450000E+0	23,816000E+0	710,677000E+3	12,000000E+0
1058	678,000000E+0	18,830000E+0	23,816000E+0	710,805000E+3	12,000000E+0
1059	670,000000E+0	18,830000E+0	23,816000E+0	710,935000E+3	12,000000E+0
1060	666,000000E+0	13,450000E+0	23,587000E+0	711,061000E+3	12,000000E+0
1061	677,000000E+0	13,450000E+0	23,587000E+0	711,190000E+3	12,000000E+0
1062	684,000000E+0	16,140000E+0	23,587000E+0	711,321000E+3	12,000000E+0
1063	684,000000E+0	16,140000E+0	23,358000E+0	711,449000E+3	12,000000E+0
1064	678,000000E+0	16,140000E+0	23,358000E+0	711,577000E+3	12,000000E+0
1065	682,000000E+0	16,140000E+0	23,358000E+0	711,707000E+3	12,000000E+0
1066	678,000000E+0	13,450000E+0	23,358000E+0	711,837000E+3	12,000000E+0
1067	676,000000E+0	13,450000E+0	23,358000E+0	711,966000E+3	12,000000E+0
1068	679,000000E+0	16,140000E+0	23,358000E+0	712,095000E+3	12,000000E+0
1069	684,000000E+0	16,140000E+0	23,358000E+0	712,225000E+3	12,000000E+0
1070	670,000000E+0	13,450000E+0	23,587000E+0	712,354000E+3	12,000000E+0
1071	669,000000E+0	16,140000E+0	23,358000E+0	712,482000E+3	12,000000E+0
1072	681,000000E+0	16,140000E+0	23,587000E+0	712,612000E+3	12,000000E+0
1073	662,000000E+0	10,760000E+0	23,587000E+0	712,738000E+3	12,000000E+0
1074	670,000000E+0	16,140000E+0	23,587000E+0	712,866000E+3	12,000000E+0
1075	679,000000E+0	10,760000E+0	23,587000E+0	712,994000E+3	12,000000E+0
1076	658,000000E+0	16,140000E+0	23,358000E+0	713,120000E+3	12,000000E+0
1077	676,000000E+0	10,760000E+0	23,129000E+0	713,247000E+3	12,000000E+0
1078	671,000000E+0	10,760000E+0	23,129000E+0	713,375000E+3	12,000000E+0
1079	675,000000E+0	16,140000E+0	22,900000E+0	713,501000E+3	12,000000E+0
1080	674,000000E+0	13,450000E+0	22,900000E+0	713,629000E+3	12,000000E+0
1081	674,000000E+0	13,450000E+0	22,900000E+0	713,756000E+3	12,000000E+0
1082	674,000000E+0	13,450000E+0	23,129000E+0	713,885000E+3	12,000000E+0
1083	679,000000E+0	16,140000E+0	23,129000E+0	714,013000E+3	12,000000E+0
1084	659,000000E+0	13,450000E+0	23,129000E+0	714,142000E+3	12,000000E+0
1085	663,000000E+0	13,450000E+0	23,358000E+0	714,269000E+3	12,000000E+0
1086	667,000000E+0	13,450000E+0	23,358000E+0	714,398000E+3	12,000000E+0
1087	665,000000E+0	13,450000E+0	23,587000E+0	714,526000E+3	12,000000E+0
1088	677,000000E+0	10,760000E+0	23,816000E+0	714,655000E+3	12,000000E+0
1089	687,000000E+0	10,760000E+0	23,816000E+0	714,784000E+3	12,000000E+0
1090	670,000000E+0	18,830000E+0	23,816000E+0	714,912000E+3	12,000000E+0
1091	661,000000E+0	18,830000E+0	24,045000E+0	715,042000E+3	12,000000E+0
1092	667,000000E+0	16,140000E+0	23,816000E+0	715,170000E+3	12,000000E+0
1093	670,000000E+0	13,450000E+0	23,816000E+0	715,300000E+3	12,000000E+0
1094	665,000000E+0	16,140000E+0	23,587000E+0	715,430000E+3	12,000000E+0
1095	682,000000E+0	13,450000E+0	23,358000E+0	715,560000E+3	12,000000E+0
1096	682,000000E+0	16,140000E+0	23,358000E+0	715,689000E+3	12,000000E+0
1097	681,000000E+0	16,140000E+0	23,129000E+0	715,819000E+3	12,000000E+0
1098	689,000000E+0	10,760000E+0	23,587000E+0	715,950000E+3	12,000000E+0
1099	673,000000E+0	16,140000E+0	23,358000E+0	716,078000E+3	12,000000E+0
1100	667,000000E+0	18,830000E+0	23,587000E+0	716,209000E+3	12,000000E+0
1101	680,000000E+0	16,140000E+0	23,358000E+0	716,338000E+3	12,000000E+0
1102	672,000000E+0	10,760000E+0	23,587000E+0	716,468000E+3	12,000000E+0
1103	678,000000E+0	13,450000E+0	23,587000E+0	716,597000E+3	12,000000E+0
1104	690,000000E+0	18,830000E+0	23,816000E+0	716,728000E+3	12,000000E+0
1105	669,000000E+0	16,140000E+0	23,816000E+0	716,855000E+3	12,000000E+0
1106	667,000000E+0	16,140000E+0	23,816000E+0	716,985000E+3	12,000000E+0
1107	674,000000E+0	13,450000E+0	23,587000E+0	717,114000E+3	12,000000E+0
1108	669,000000E+0	18,830000E+0	23,587000E+0	717,241000E+3	12,000000E+0
1109	661,000000E+0	16,140000E+0	23,358000E+0	717,369000E+3	12,000000E+0
1110	674,000000E+0	13,450000E+0	23,129000E+0	717,497000E+3	12,000000E+0
1111	657,000000E+0	18,830000E+0	23,129000E+0	717,624000E+3	12,000000E+0
1112	658,000000E+0	16,140000E+0	23,129000E+0	717,752000E+3	12,000000E+0
1113	670,000000E+0	16,140000E+0	22,900000E+0	717,879000E+3	12,000000E+0
1114	668,000000E+0	13,450000E+0	22,900000E+0	718,007000E+3	12,000000E+0
1115	667,000000E+0	13,450000E+0	23,129000E+0	718,135000E+3	12,000000E+0
1116	675,000000E+0	13,450000E+0	23,358000E+0	718,264000E+3	12,000000E+0
1117	669,000000E+0	16,140000E+0	23,358000E+0	718,391000E+3	12,000000E+0
1118	679,000000E+0	10,760000E+0	23,358000E+0	718,520000E+3	12,000000E+0
1119	676,000000E+0	13,450000E+0	23,587000E+0	718,648000E+3	12,000000E+0
1120	671,000000E+0	13,450000E+0	23,587000E+0	718,776000E+3	12,000000E+0
1121	682,000000E+0	13,450000E+0	23,816000E+0	718,905000E+3	12,000000E+0
1122	664,000000E+0	16,140000E+0	23,816000E+0	719,033000E+3	12,000000E+0
1123	687,000000E+0	10,760000E+0	24,045000E+0	719,163000E+3	12,000000E+0
1124	675,000000E+0	10,760000E+0	23,816000E+0	719,290000E+3	12,000000E+0
1125	664,000000E+0	18,830000E+0	23,816000E+0	719,424000E+3	12,000000E+0
1126	679,000000E+0	10,760000E+0	23,587000E+0	719,550000E+3	12,000000E+0
1127	682,000000E+0	21,520000E+0	23,358000E+0	719,682000E+3	12,000000E+0
1128	671,000000E+0	10,760000E+0	23,358000E+0	719,810000E+3	12,000000E+0
1129	685,000000E+0	13,450000E+0	23,358000E+0	719,941000E+3	12,000000E+0
1130	671,000000E+0	16,140000E+0	23,358000E+0	720,071000E+3	12,000000E+0
1131	687,000000E+0	16,140000E+0	23,358000E+0	720,201000E+3	12,000000E+0
1132	673,000000E+0	16,140000E+0	23,587000E+0	720,332000E+3	12,000000E+0
1133	695,000000E+0	16,140000E+0	23,816000E+0	720,464000E+3	12,000000E+0
1134	667,000000E+0	16,140000E+0	23,816000E+0	720,593000E+3	12,000000E+0
1135	687,000000E+0	13,450000E+0	23,816000E+0	720,722000E+3	12,000000E+0
1136	681,000000E+0	16,140000E+0	24,045000E+0	720,854000E+3	12,000000E+0
1137	679,000000E+0	16,140000E+0	23,816000E+0	720,982000E+3	12,000000E+0
1138	679,000000E+0	16,140000E+0	23,816000E+0	721,113000E+3	12,000000E+0
1139	681,000000E+0	16,140000E+0	23,587000E+0	721,241000E+3	12,000000E+0
1140	682,000000E+0	10,760000E+0	23,816000E+0	721,369000E+3	12,000000E+0
1141	685,000000E+0	13,450000E+0	23,358000E+0	721,499000E+3	12,000000E+0
1142	667,000000E+0	18,830000E+0	23,358000E+0	721,628000E+3	12,000000E+0
1143	671,000000E+0	16,140000E+0	23,129000E+0	721,755000E+3	12,000000E+0
1144	677,000000E+0	13,450000E+0	23,129000E+0	721,885000E+3	12,000000E+0
1145	675,000000E+0	13,450000E+0	23,129000E+0	722,013000E+3	12,000000E+0
1146	672,000000E+0	13,450000E+0	23,129000E+0	722,142000E+3	12,000000E+0
1147	683,000000E+0	10,760000E+0	23,358000E+0	722,271000E+3	12,000000E+0
1148	673,000000E+0	16,140000E+0	23,358000E+0	722,401000E+3	12,000000E+0
1149	681,000000E+0	16,140000E+0	23,816000E+0	722,530000E+3	12,000000E+0
1150	683,000000E+0	13,450000E+0	23,816000E+0	722,660000E+3	12,000000E+0
1151	689,000000E+0	13,450000E+0	24,045000E+0	722,790000E+3	12,000000E+0
1152	679,000000E+0	18,830000E+0	24,045000E+0	722,919000E+3	12,000000E+0
1153	664,000000E+0	13,450000E+0	24,045000E+0	723,049000E+3	12,000000E+0
1154	675,000000E+0	16,140000E+0	23,816000E+0	723,179000E+3	12,000000E+0
1155	673,000000E+0	16,140000E+0	23,816000E+0	723,307000E+3	12,000000E+0
1156	669,000000E+0	16,140000E+0	23,816000E+0	723,435000E+3	12,000000E+0
1157	683,000000E+0	13,450000E+0	23,587000E+0	723,567000E+3	12,000000E+0
1158	679,000000E+0	16,140000E+0	23,587000E+0	723,698000E+3	12,000000E+0
1159	672,000000E+0	13,450000E+0	23,358000E+0	723,825000E+3	12,000000E+0
1160	677,000000E+0	16,140000E+0	23,129000E+0	723,956000E+3	12,000000E+0
1161	675,000000E+0	16,140000E+0	23,358000E+0	724,085000E+3	12,000000E+0
1162	679,000000E+0	13,450000E+0	23,358000E+0	724,215000E+3	12,000000E+0
1163	680,000000E+0	18,830000E+0	23,587000E+0	724,345000E+3	12,000000E+0
1164	680,000000E+0	13,450000E+0	23,587000E+0	724,475000E+3	12,000000E+0
1165	690,000000E+0	13,450000E+0	23,816000E+0	724,606000E+3	12,000000E+0
1166	673,000000E+0	13,450000E+0	23,816000E+0	724,737000E+3	12,000000E+0
1167	685,000000E+0	13,450000E+0	23,816000E+0	724,866000E+3	12,000000E+0
1168	680,000000E+0	13,450000E+0	23,816000E+0	724,996000E+3	12,000000E+0
1169	671,000000E+0	10,760000E+0	23,816000E+0	725,123000E+3	12,000000E+0
1170	684,000000E+0	16,140000E+0	23,816000E+0	725,253000E+3	12,000000E+0
1171	687,000000E+0	16,140000E+0	23,587000E+0	725,382000E+3	12,000000E+0
1172	680,000000E+0	13,450000E+0	23,587000E+0	725,510000E+3	12,000000E+0
1173	666,000000E+0	10,760000E+0	23,358000E+0	725,640000E+3	12,000000E+0
1174	680,000000E+0	10,760000E+0	23,358000E+0	725,768000E+3	12,000000E+0
1175	676,000000E+0	18,830000E+0	23,129000E+0	725,895000E+3	12,000000E+0
1176	673,000000E+0	13,450000E+0	23,129000E+0	726,024000E+3	12,000000E+0
1177	665,000000E+0	16,140000E+0	23,129000E+0	726,154000E+3	12,000000E+0
1178	675,000000E+0	18,830000E+0	23,358000E+0	726,282000E+3	12,000000E+0
1179	663,000000E+0	16,140000E+0	23,358000E+0	726,413000E+3	12,000000E+0
1180	681,000000E+0	16,140000E+0	23,358000E+0	726,541000E+3	12,000000E+0
1181	680,000000E+0	13,450000E+0	23,587000E+0	726,668000E+3	12,000000E+0
1182	684,000000E+0	13,450000E+0	23,816000E+0	726,798000E+3	12,000000E+0
1183	672,000000E+0	13,450000E+0	24,045000E+0	726,928000E+3	12,000000E+0
1184	671,000000E+0	16,140000E+0	24,045000E+0	727,060000E+3	12,000000E+0
1185	684,000000E+0	16,140000E+0	24,045000E+0	727,189000E+3	12,000000E+0
1186	684,000000E+0	13,450000E+0	24,045000E+0	727,319000E+3	12,000000E+0
1187	676,000000E+0	16,140000E+0	23,816000E+0	727,447000E+3	12,000000E+0
1188	670,000000E+0	16,140000E+0	23,587000E+0	727,575000E+3	12,000000E+0
1189	675,000000E+0	13,450000E+0	23,587000E+0	727,707000E+3	12,000000E+0
1190	681,000000E+0	16,140000E+0	23,587000E+0	727,837000E+3	12,000000E+0
1191	666,000000E+0	18,830000E+0	23,587000E+0	727,966000E+3	12,000000E+0
1192	690,000000E+0	13,450000E+0	23,358000E+0	728,097000E+3	12,000000E+0
1193	673,000000E+0	13,450000E+0	23,587000E+0	728,229000E+3	12,000000E+0
1194	680,000000E+0	16,140000E+0	23,358000E+0	728,358000E+3	12,000000E+0
1195	680,000000E+0	18,830000E+0	23,587000E+0	728,489000E+3	12,000000E+0
1196	686,000000E+0	16,140000E+0	23,587000E+0	728,619000E+3	12,000000E+0
1197	686,000000E+0	16,140000E+0	23,816000E+0	728,750000E+3	12,000000E+0
1198	692,000000E+0	10,760000E+0	23,816000E+0	728,880000E+3	12,000000E+0
1199	672,000000E+0	16,140000E+0	24,045000E+0	729,012000E+3	12,000000E+0
1200	675,000000E+0	16,140000E+0	23,816000E+0	729,141000E+3	12,000000E+0
1201	671,000000E+0	13,450000E+0	23,816000E+0	729,270000E+3	12,000000E+0
1202	660,000000E+0	13,450000E+0	23,816000E+0	729,399000E+3	12,000000E+0
1203	683,000000E+0	13,450000E+0	23,587000E+0	729,527000E+3	12,000000E+0
1204	681,000000E+0	16,140000E+0	23,358000E+0	729,656000E+3	12,000000E+0
1205	662,000000E+0	18,830000E+0	23,358000E+0	729,784000E+3	12,000000E+0
1206	680,000000E+0	10,760000E+0	23,358000E+0	729,913000E+3	12,000000E+0
1207	676,000000E+0	16,140000E+0	23,358000E+0	730,043000E+3	12,000000E+0
1208	671,000000E+0	13,450000E+0	23,358000E+0	730,172000E+3	12,000000E+0
1209	682,000000E+0	13,450000E+0	23,358000E+0	730,301000E+3	12,000000E+0
1210	676,000000E+0	16,140000E+0	23,358000E+0	730,431000E+3	12,000000E+0
1211	660,000000E+0	18,830000E+0	23,358000E+0	730,560000E+3	12,000000E+0
1212	675,000000E+0	16,140000E+0	23,587000E+0	730,691000E+3	12,000000E+0
1213	686,000000E+0	13,450000E+0	23,816000E+0	730,822000E+3	12,000000E+0
1214	681,000000E+0	16,140000E+0	24,045000E+0	730,951000E+3	12,000000E+0
1215	687,000000E+0	13,450000E+0	24,274000E+0	731,083000E+3	12,000000E+0
1216	692,000000E+0	13,450000E+0	24,274000E+0	731,213000E+3	12,000000E+0
1217	676,000000E+0	13,450000E+0	24,274000E+0	731,344000E+3	12,000000E+0
1218	682,000000E+0	16,140000E+0	24,274000E+0	731,473000E+3	12,000000E+0
1219	692,000000E+0	16,140000E+0	24,045000E+0	731,604000E+3	12,000000E+0
1220	687,000000E+0	16,140000E+0	24,045000E+0	731,735000E+3	12,000000E+0
1221	674,000000E+0	10,760000E+0	23,816000E+0	731,866000E+3	12,000000E+0
1222	685,000000E+0	16,140000E+0	23,816000E+0	731,997000E+3	12,000000E+0
1223	672,000000E+0	16,140000E+0	23,587000E+0	732,128000E+3	12,000000E+0
1224	685,000000E+0	16,140000E+0	23,587000E+0	732,259000E+3	12,000000E+0
1225	690,000000E+0	16,140000E+0	23,587000E+0	732,391000E+3	12,000000E+0
1226	684,000000E+0	16,140000E+0	23,587000E+0	732,521000E+3	12,000000E+0
1227	678,000000E+0	18,830000E+0	23,587000E+0	732,652000E+3	12,000000E+0
1228	681,000000E+0	13,450000E+0	23,587000E+0	732,781000E+3	12,000000E+0
1229	672,000000E+0	13,450000E+0	23,816000E+0	732,912000E+3	12,000000E+0
1230	689,000000E+0	16,140000E+0	23,816000E+0	733,041000E+3	12,000000E+0
1231	666,000000E+0	18,830000E+0	24,045000E+0	733,173000E+3	12,000000E+0
1232	686,000000E+0	13,450000E+0	23,816000E+0	733,299000E+3	12,000000E+0
1233	677,000000E+0	18,830000E+0	23,816000E+0	733,429000E+3	12,000000E+0
1234	680,000000E+0	13,450000E+0	23,587000E+0	733,557000E+3	12,000000E+0
1235	681,000000E+0	13,450000E+0	23,587000E+0	733,686000E+3	12,000000E+0
1236	683,000000E+0	16,140000E+0	23,358000E+0	733,815000E+3	12,000000E+0
1237	671,000000E+0	13,450000E+0	23,358000E+0	733,943000E+3	12,000000E+0
1238	680,000000E+0	16,140000E+0	23,129000E+0	734,073000E+3	12,000000E+0
1239	680,000000E+0	13,450000E+0	23,129000E+0	734,199000E+3	12,000000E+0
1240	663,000000E+0	16,140000E+0	23,358000E+0	734,329000E+3	12,000000E+0
1241	667,000000E+0	13,450000E+0	23,129000E+0	734,458000E+3	12,000000E+0
1242	667,000000E+0	13,450000E+0	23,358000E+0	734,586000E+3	12,000000E+0
1243	666,000000E+0	16,140000E+0	23,358000E+0	734,715000E+3	12,000000E+0
1244	676,000000E+0	16,140000E+0	23,587000E+0	734,842000E+3	12,000000E+0
1245	666,000000E+0	13,450000E+0	23,587000E+0	734,971000E+3	12,000000E+0
1246	675,000000E+0	18,830000E+0	23,816000E+0	735,101000E+3	12,000000E+0
1247	673,000000E+0	13,450000E+0	24,045000E+0	735,230000E+3	12,000000E+0
1248	678,000000E+0	18,830000E+0	24,045000E+0	735,359000E+3	12,000000E+0
1249	691,000000E+0	13,450000E+0	24,045000E+0	735,490000E+3	12,000000E+0
1250	678,000000E+0	16,140000E+0	24,045000E+0	735,619000E+3	12,000000E+0
1251	315,000000E+0	-5,380000E+0	23,587000E+0	735,746000E+3	12,000000E+0
1252	181,000000E+0	18,830000E+0	13,053000E+0	735,809000E+3	12,000000E+0
