vendredi 22 décembre 2023	16:43:36	Sampling Period : 40  ms		
Unities: time [sample], PWM [raw], Current [mA], velocity [rev/min], Position [pulse], Present Input Voltage [V]

t	DXL_PWM		DXL_Current		DXL_Velocity		DXL_Position		DXL_Input_Voltage
0	7,000000E+0	0,000000E+0	0,000000E+0	1,023000E+3	12,000000E+0
1	0,000000E+0	0,000000E+0	0,000000E+0	1,024000E+3	12,000000E+0
2	0,000000E+0	0,000000E+0	0,000000E+0	1,024000E+3	12,000000E+0
3	0,000000E+0	0,000000E+0	0,000000E+0	1,024000E+3	12,000000E+0
4	0,000000E+0	0,000000E+0	0,000000E+0	1,024000E+3	12,000000E+0
5	65,409000E+3	0,000000E+0	-916,000000E-3	1,014000E+3	12,000000E+0
6	65,409000E+3	0,000000E+0	-916,000000E-3	1,014000E+3	12,000000E+0
7	65,409000E+3	0,000000E+0	-916,000000E-3	1,014000E+3	12,000000E+0
8	65,409000E+3	0,000000E+0	-916,000000E-3	1,014000E+3	12,000000E+0
9	65,416000E+3	0,000000E+0	-1,603000E+0	987,000000E+0	12,000000E+0
10	65,416000E+3	0,000000E+0	-1,603000E+0	987,000000E+0	12,000000E+0
11	65,416000E+3	0,000000E+0	-1,603000E+0	987,000000E+0	12,000000E+0
12	65,416000E+3	0,000000E+0	-1,603000E+0	987,000000E+0	12,000000E+0
13	65,423000E+3	0,000000E+0	-1,603000E+0	963,000000E+0	12,000000E+0
14	65,423000E+3	0,000000E+0	-1,603000E+0	963,000000E+0	12,000000E+0
15	65,423000E+3	0,000000E+0	-1,603000E+0	963,000000E+0	12,000000E+0
16	65,423000E+3	0,000000E+0	-1,603000E+0	963,000000E+0	12,000000E+0
17	65,430000E+3	0,000000E+0	-1,374000E+0	939,000000E+0	12,000000E+0
18	65,430000E+3	0,000000E+0	-1,374000E+0	939,000000E+0	12,000000E+0
19	65,430000E+3	0,000000E+0	-1,374000E+0	939,000000E+0	12,000000E+0
20	65,430000E+3	0,000000E+0	-1,374000E+0	939,000000E+0	12,000000E+0
21	65,437000E+3	0,000000E+0	-1,374000E+0	918,000000E+0	12,000000E+0
22	65,437000E+3	0,000000E+0	-1,374000E+0	918,000000E+0	12,000000E+0
23	65,437000E+3	0,000000E+0	-1,374000E+0	918,000000E+0	12,000000E+0
24	65,437000E+3	0,000000E+0	-1,374000E+0	918,000000E+0	12,000000E+0
25	65,451000E+3	0,000000E+0	-1,145000E+0	898,000000E+0	12,000000E+0
26	65,451000E+3	0,000000E+0	-1,145000E+0	898,000000E+0	12,000000E+0
27	65,451000E+3	0,000000E+0	-1,145000E+0	898,000000E+0	12,000000E+0
28	65,451000E+3	0,000000E+0	-1,145000E+0	898,000000E+0	12,000000E+0
29	65,451000E+3	0,000000E+0	-1,145000E+0	879,000000E+0	12,000000E+0
30	65,451000E+3	0,000000E+0	-1,145000E+0	879,000000E+0	12,000000E+0
31	65,451000E+3	0,000000E+0	-1,145000E+0	879,000000E+0	12,000000E+0
32	65,451000E+3	0,000000E+0	-1,145000E+0	879,000000E+0	12,000000E+0
33	65,458000E+3	0,000000E+0	-916,000000E-3	863,000000E+0	12,000000E+0
34	65,458000E+3	0,000000E+0	-916,000000E-3	863,000000E+0	12,000000E+0
35	65,458000E+3	0,000000E+0	-916,000000E-3	863,000000E+0	12,000000E+0
36	65,458000E+3	0,000000E+0	-916,000000E-3	863,000000E+0	12,000000E+0
37	65,479000E+3	0,000000E+0	-687,000000E-3	849,000000E+0	12,000000E+0
38	65,479000E+3	0,000000E+0	-687,000000E-3	849,000000E+0	12,000000E+0
39	65,479000E+3	0,000000E+0	-687,000000E-3	849,000000E+0	12,000000E+0
40	65,479000E+3	0,000000E+0	-687,000000E-3	849,000000E+0	12,000000E+0
41	65,493000E+3	0,000000E+0	-458,000000E-3	839,000000E+0	12,000000E+0
42	65,493000E+3	0,000000E+0	-458,000000E-3	839,000000E+0	12,000000E+0
43	65,493000E+3	0,000000E+0	-458,000000E-3	839,000000E+0	12,000000E+0
44	65,493000E+3	0,000000E+0	-458,000000E-3	839,000000E+0	12,000000E+0
45	65,500000E+3	0,000000E+0	-458,000000E-3	830,000000E+0	12,000000E+0
46	65,500000E+3	0,000000E+0	-458,000000E-3	830,000000E+0	12,000000E+0
47	65,500000E+3	0,000000E+0	-458,000000E-3	830,000000E+0	12,000000E+0
48	65,500000E+3	0,000000E+0	-458,000000E-3	830,000000E+0	12,000000E+0
49	65,514000E+3	0,000000E+0	-229,000000E-3	824,000000E+0	12,000000E+0
50	65,514000E+3	0,000000E+0	-229,000000E-3	824,000000E+0	12,000000E+0
51	65,514000E+3	0,000000E+0	-229,000000E-3	824,000000E+0	12,000000E+0
52	65,514000E+3	0,000000E+0	-229,000000E-3	824,000000E+0	12,000000E+0
53	65,528000E+3	176,289150E+3	0,000000E+0	821,000000E+0	12,000000E+0
54	65,528000E+3	176,289150E+3	0,000000E+0	821,000000E+0	12,000000E+0
55	65,528000E+3	176,289150E+3	0,000000E+0	821,000000E+0	12,000000E+0
56	65,528000E+3	176,289150E+3	0,000000E+0	821,000000E+0	12,000000E+0
57	65,500000E+3	0,000000E+0	0,000000E+0	819,000000E+0	12,000000E+0
58	65,500000E+3	0,000000E+0	0,000000E+0	819,000000E+0	12,000000E+0
59	65,500000E+3	0,000000E+0	0,000000E+0	819,000000E+0	12,000000E+0
60	65,500000E+3	0,000000E+0	0,000000E+0	819,000000E+0	12,000000E+0
61	65,437000E+3	0,000000E+0	-916,000000E-3	807,000000E+0	12,000000E+0
62	65,437000E+3	0,000000E+0	-916,000000E-3	807,000000E+0	12,000000E+0
63	65,437000E+3	0,000000E+0	-916,000000E-3	807,000000E+0	12,000000E+0
64	65,437000E+3	0,000000E+0	-916,000000E-3	807,000000E+0	12,000000E+0
65	65,388000E+3	0,000000E+0	-1,603000E+0	781,000000E+0	12,000000E+0
66	65,388000E+3	0,000000E+0	-1,603000E+0	781,000000E+0	12,000000E+0
67	65,388000E+3	0,000000E+0	-1,603000E+0	781,000000E+0	12,000000E+0
68	65,388000E+3	0,000000E+0	-1,603000E+0	781,000000E+0	12,000000E+0
69	65,374000E+3	0,000000E+0	-2,061000E+0	749,000000E+0	12,000000E+0
70	65,374000E+3	0,000000E+0	-2,061000E+0	749,000000E+0	12,000000E+0
71	65,374000E+3	0,000000E+0	-2,061000E+0	749,000000E+0	12,000000E+0
72	65,374000E+3	0,000000E+0	-2,061000E+0	749,000000E+0	12,000000E+0
73	65,402000E+3	0,000000E+0	-2,061000E+0	717,000000E+0	12,000000E+0
74	65,402000E+3	0,000000E+0	-2,061000E+0	717,000000E+0	12,000000E+0
75	65,402000E+3	0,000000E+0	-2,061000E+0	717,000000E+0	12,000000E+0
76	65,402000E+3	0,000000E+0	-2,061000E+0	717,000000E+0	12,000000E+0
77	65,430000E+3	0,000000E+0	-1,374000E+0	691,000000E+0	12,000000E+0
78	65,430000E+3	0,000000E+0	-1,374000E+0	691,000000E+0	12,000000E+0
79	65,430000E+3	0,000000E+0	-1,374000E+0	691,000000E+0	12,000000E+0
80	65,430000E+3	0,000000E+0	-1,374000E+0	691,000000E+0	12,000000E+0
81	65,493000E+3	0,000000E+0	-687,000000E-3	675,000000E+0	12,000000E+0
82	65,493000E+3	0,000000E+0	-687,000000E-3	675,000000E+0	12,000000E+0
83	65,493000E+3	0,000000E+0	-687,000000E-3	675,000000E+0	12,000000E+0
84	65,493000E+3	0,000000E+0	-687,000000E-3	675,000000E+0	12,000000E+0
85	14,000000E+0	0,000000E+0	0,000000E+0	671,000000E+0	12,000000E+0
86	14,000000E+0	0,000000E+0	0,000000E+0	671,000000E+0	12,000000E+0
87	14,000000E+0	0,000000E+0	0,000000E+0	671,000000E+0	12,000000E+0
88	14,000000E+0	0,000000E+0	0,000000E+0	671,000000E+0	12,000000E+0
89	70,000000E+0	0,000000E+0	458,000000E-3	678,000000E+0	12,000000E+0
90	70,000000E+0	0,000000E+0	458,000000E-3	678,000000E+0	12,000000E+0
91	70,000000E+0	0,000000E+0	458,000000E-3	678,000000E+0	12,000000E+0
92	70,000000E+0	0,000000E+0	458,000000E-3	678,000000E+0	12,000000E+0
93	112,000000E+0	0,000000E+0	1,145000E+0	696,000000E+0	12,000000E+0
94	112,000000E+0	0,000000E+0	1,145000E+0	696,000000E+0	12,000000E+0
95	112,000000E+0	0,000000E+0	1,145000E+0	696,000000E+0	12,000000E+0
96	112,000000E+0	0,000000E+0	1,145000E+0	696,000000E+0	12,000000E+0
97	119,000000E+0	176,289150E+3	1,603000E+0	720,000000E+0	12,000000E+0
98	119,000000E+0	176,289150E+3	1,603000E+0	720,000000E+0	12,000000E+0
99	119,000000E+0	176,289150E+3	1,603000E+0	720,000000E+0	12,000000E+0
100	119,000000E+0	176,289150E+3	1,603000E+0	720,000000E+0	12,000000E+0
101	112,000000E+0	176,286460E+3	1,374000E+0	744,000000E+0	12,000000E+0
102	112,000000E+0	176,286460E+3	1,374000E+0	744,000000E+0	12,000000E+0
103	112,000000E+0	176,286460E+3	1,374000E+0	744,000000E+0	12,000000E+0
104	112,000000E+0	176,286460E+3	1,374000E+0	744,000000E+0	12,000000E+0
105	105,000000E+0	176,289150E+3	1,374000E+0	767,000000E+0	12,000000E+0
106	105,000000E+0	176,289150E+3	1,374000E+0	767,000000E+0	12,000000E+0
107	105,000000E+0	176,289150E+3	1,374000E+0	767,000000E+0	12,000000E+0
108	105,000000E+0	176,289150E+3	1,374000E+0	767,000000E+0	12,000000E+0
109	77,000000E+0	0,000000E+0	1,145000E+0	787,000000E+0	12,000000E+0
110	77,000000E+0	0,000000E+0	1,145000E+0	787,000000E+0	12,000000E+0
111	77,000000E+0	0,000000E+0	1,145000E+0	787,000000E+0	12,000000E+0
112	77,000000E+0	0,000000E+0	1,145000E+0	787,000000E+0	12,000000E+0
113	49,000000E+0	0,000000E+0	687,000000E-3	801,000000E+0	12,000000E+0
114	49,000000E+0	0,000000E+0	687,000000E-3	801,000000E+0	12,000000E+0
115	49,000000E+0	0,000000E+0	687,000000E-3	801,000000E+0	12,000000E+0
116	49,000000E+0	0,000000E+0	687,000000E-3	801,000000E+0	12,000000E+0
117	35,000000E+0	0,000000E+0	229,000000E-3	809,000000E+0	12,000000E+0
118	35,000000E+0	0,000000E+0	229,000000E-3	809,000000E+0	12,000000E+0
119	35,000000E+0	0,000000E+0	229,000000E-3	809,000000E+0	12,000000E+0
120	35,000000E+0	0,000000E+0	229,000000E-3	809,000000E+0	12,000000E+0
121	21,000000E+0	0,000000E+0	0,000000E+0	814,000000E+0	12,000000E+0
122	21,000000E+0	0,000000E+0	0,000000E+0	814,000000E+0	12,000000E+0
123	21,000000E+0	0,000000E+0	0,000000E+0	814,000000E+0	12,000000E+0
124	21,000000E+0	0,000000E+0	0,000000E+0	814,000000E+0	12,000000E+0
125	21,000000E+0	0,000000E+0	0,000000E+0	817,000000E+0	12,000000E+0
126	21,000000E+0	0,000000E+0	0,000000E+0	817,000000E+0	12,000000E+0
127	21,000000E+0	0,000000E+0	0,000000E+0	817,000000E+0	12,000000E+0
128	21,000000E+0	0,000000E+0	0,000000E+0	817,000000E+0	12,000000E+0
129	21,000000E+0	0,000000E+0	0,000000E+0	820,000000E+0	12,000000E+0
130	21,000000E+0	0,000000E+0	0,000000E+0	820,000000E+0	12,000000E+0
131	21,000000E+0	0,000000E+0	0,000000E+0	820,000000E+0	12,000000E+0
132	21,000000E+0	0,000000E+0	0,000000E+0	820,000000E+0	12,000000E+0
133	21,000000E+0	0,000000E+0	0,000000E+0	823,000000E+0	12,000000E+0
134	21,000000E+0	0,000000E+0	0,000000E+0	823,000000E+0	12,000000E+0
135	21,000000E+0	0,000000E+0	0,000000E+0	823,000000E+0	12,000000E+0
136	21,000000E+0	0,000000E+0	0,000000E+0	823,000000E+0	12,000000E+0
137	28,000000E+0	0,000000E+0	229,000000E-3	827,000000E+0	12,000000E+0
138	28,000000E+0	0,000000E+0	229,000000E-3	827,000000E+0	12,000000E+0
139	28,000000E+0	0,000000E+0	229,000000E-3	827,000000E+0	12,000000E+0
140	28,000000E+0	0,000000E+0	229,000000E-3	827,000000E+0	12,000000E+0
141	42,000000E+0	0,000000E+0	229,000000E-3	833,000000E+0	12,000000E+0
142	42,000000E+0	0,000000E+0	229,000000E-3	833,000000E+0	12,000000E+0
143	42,000000E+0	0,000000E+0	229,000000E-3	833,000000E+0	12,000000E+0
144	42,000000E+0	0,000000E+0	229,000000E-3	833,000000E+0	12,000000E+0
145	70,000000E+0	0,000000E+0	687,000000E-3	843,000000E+0	12,000000E+0
146	70,000000E+0	0,000000E+0	687,000000E-3	843,000000E+0	12,000000E+0
147	70,000000E+0	0,000000E+0	687,000000E-3	843,000000E+0	12,000000E+0
148	70,000000E+0	0,000000E+0	687,000000E-3	843,000000E+0	12,000000E+0
149	133,000000E+0	176,289150E+3	1,374000E+0	863,000000E+0	12,000000E+0
150	133,000000E+0	176,289150E+3	1,374000E+0	863,000000E+0	12,000000E+0
151	133,000000E+0	176,289150E+3	1,374000E+0	863,000000E+0	12,000000E+0
152	133,000000E+0	176,289150E+3	1,374000E+0	863,000000E+0	12,000000E+0
153	196,000000E+0	176,278390E+3	2,290000E+0	897,000000E+0	12,000000E+0
154	196,000000E+0	176,278390E+3	2,290000E+0	897,000000E+0	12,000000E+0
155	196,000000E+0	176,278390E+3	2,290000E+0	897,000000E+0	12,000000E+0
156	196,000000E+0	176,278390E+3	2,290000E+0	897,000000E+0	12,000000E+0
157	49,000000E+0	0,000000E+0	1,374000E+0	926,000000E+0	12,000000E+0
158	49,000000E+0	0,000000E+0	1,374000E+0	926,000000E+0	12,000000E+0
159	49,000000E+0	0,000000E+0	1,374000E+0	926,000000E+0	12,000000E+0
160	49,000000E+0	0,000000E+0	1,374000E+0	926,000000E+0	12,000000E+0
161	65,423000E+3	0,000000E+0	-687,000000E-3	923,000000E+0	12,000000E+0
162	65,423000E+3	0,000000E+0	-687,000000E-3	923,000000E+0	12,000000E+0
163	65,423000E+3	0,000000E+0	-687,000000E-3	923,000000E+0	12,000000E+0
164	65,423000E+3	0,000000E+0	-687,000000E-3	923,000000E+0	12,000000E+0
165	65,325000E+3	0,000000E+0	-2,519000E+0	890,000000E+0	12,000000E+0
166	65,325000E+3	0,000000E+0	-2,519000E+0	890,000000E+0	12,000000E+0
167	65,325000E+3	0,000000E+0	-2,519000E+0	890,000000E+0	12,000000E+0
168	65,325000E+3	0,000000E+0	-2,519000E+0	890,000000E+0	12,000000E+0
169	65,296000E+3	0,000000E+0	-3,206000E+0	843,000000E+0	12,000000E+0
170	65,296000E+3	0,000000E+0	-3,206000E+0	843,000000E+0	12,000000E+0
171	65,296000E+3	0,000000E+0	-3,206000E+0	843,000000E+0	12,000000E+0
172	65,296000E+3	0,000000E+0	-3,206000E+0	843,000000E+0	12,000000E+0
173	65,318000E+3	5,380000E+0	-3,206000E+0	794,000000E+0	12,000000E+0
174	65,318000E+3	5,380000E+0	-3,206000E+0	794,000000E+0	12,000000E+0
175	65,318000E+3	5,380000E+0	-3,206000E+0	794,000000E+0	12,000000E+0
176	65,318000E+3	5,380000E+0	-3,206000E+0	794,000000E+0	12,000000E+0
177	65,360000E+3	5,380000E+0	-2,748000E+0	751,000000E+0	12,000000E+0
178	65,360000E+3	5,380000E+0	-2,748000E+0	751,000000E+0	12,000000E+0
179	65,360000E+3	5,380000E+0	-2,748000E+0	751,000000E+0	12,000000E+0
180	65,360000E+3	5,380000E+0	-2,748000E+0	751,000000E+0	12,000000E+0
181	65,423000E+3	0,000000E+0	-1,603000E+0	719,000000E+0	12,000000E+0
182	65,423000E+3	0,000000E+0	-1,603000E+0	719,000000E+0	12,000000E+0
183	65,423000E+3	0,000000E+0	-1,603000E+0	719,000000E+0	12,000000E+0
184	65,423000E+3	0,000000E+0	-1,603000E+0	719,000000E+0	12,000000E+0
185	65,507000E+3	0,000000E+0	-687,000000E-3	703,000000E+0	12,000000E+0
186	65,507000E+3	0,000000E+0	-687,000000E-3	703,000000E+0	12,000000E+0
187	65,507000E+3	0,000000E+0	-687,000000E-3	703,000000E+0	12,000000E+0
188	65,507000E+3	0,000000E+0	-687,000000E-3	703,000000E+0	12,000000E+0
189	42,000000E+0	0,000000E+0	0,000000E+0	701,000000E+0	12,000000E+0
190	42,000000E+0	0,000000E+0	0,000000E+0	701,000000E+0	12,000000E+0
191	42,000000E+0	0,000000E+0	0,000000E+0	701,000000E+0	12,000000E+0
192	42,000000E+0	0,000000E+0	0,000000E+0	701,000000E+0	12,000000E+0
193	91,000000E+0	176,289150E+3	687,000000E-3	713,000000E+0	12,000000E+0
194	91,000000E+0	176,289150E+3	687,000000E-3	713,000000E+0	12,000000E+0
195	91,000000E+0	176,289150E+3	687,000000E-3	713,000000E+0	12,000000E+0
196	91,000000E+0	176,289150E+3	687,000000E-3	713,000000E+0	12,000000E+0
197	98,000000E+0	176,286460E+3	1,145000E+0	733,000000E+0	12,000000E+0
198	98,000000E+0	176,286460E+3	1,145000E+0	733,000000E+0	12,000000E+0
199	98,000000E+0	176,286460E+3	1,145000E+0	733,000000E+0	12,000000E+0
200	98,000000E+0	176,286460E+3	1,145000E+0	733,000000E+0	12,000000E+0
201	119,000000E+0	176,286460E+3	1,374000E+0	755,000000E+0	12,000000E+0
202	119,000000E+0	176,286460E+3	1,374000E+0	755,000000E+0	12,000000E+0
203	119,000000E+0	176,286460E+3	1,374000E+0	755,000000E+0	12,000000E+0
204	119,000000E+0	176,286460E+3	1,374000E+0	755,000000E+0	12,000000E+0
205	91,000000E+0	176,289150E+3	1,374000E+0	778,000000E+0	12,000000E+0
206	91,000000E+0	176,289150E+3	1,374000E+0	778,000000E+0	12,000000E+0
207	91,000000E+0	176,289150E+3	1,374000E+0	778,000000E+0	12,000000E+0
208	91,000000E+0	176,289150E+3	1,374000E+0	778,000000E+0	12,000000E+0
209	63,000000E+0	0,000000E+0	916,000000E-3	794,000000E+0	12,000000E+0
210	63,000000E+0	0,000000E+0	916,000000E-3	794,000000E+0	12,000000E+0
211	63,000000E+0	0,000000E+0	916,000000E-3	794,000000E+0	12,000000E+0
212	63,000000E+0	0,000000E+0	916,000000E-3	794,000000E+0	12,000000E+0
213	35,000000E+0	0,000000E+0	458,000000E-3	806,000000E+0	12,000000E+0
214	35,000000E+0	0,000000E+0	458,000000E-3	806,000000E+0	12,000000E+0
215	35,000000E+0	0,000000E+0	458,000000E-3	806,000000E+0	12,000000E+0
216	35,000000E+0	0,000000E+0	458,000000E-3	806,000000E+0	12,000000E+0
217	28,000000E+0	0,000000E+0	229,000000E-3	812,000000E+0	12,000000E+0
218	28,000000E+0	0,000000E+0	229,000000E-3	812,000000E+0	12,000000E+0
219	28,000000E+0	0,000000E+0	229,000000E-3	812,000000E+0	12,000000E+0
220	28,000000E+0	0,000000E+0	229,000000E-3	812,000000E+0	12,000000E+0
221	14,000000E+0	0,000000E+0	0,000000E+0	816,000000E+0	12,000000E+0
222	14,000000E+0	0,000000E+0	0,000000E+0	816,000000E+0	12,000000E+0
223	14,000000E+0	0,000000E+0	0,000000E+0	816,000000E+0	12,000000E+0
224	14,000000E+0	0,000000E+0	0,000000E+0	816,000000E+0	12,000000E+0
225	14,000000E+0	0,000000E+0	0,000000E+0	819,000000E+0	12,000000E+0
226	14,000000E+0	0,000000E+0	0,000000E+0	819,000000E+0	12,000000E+0
227	14,000000E+0	0,000000E+0	0,000000E+0	819,000000E+0	12,000000E+0
228	14,000000E+0	0,000000E+0	0,000000E+0	819,000000E+0	12,000000E+0
229	21,000000E+0	0,000000E+0	0,000000E+0	821,000000E+0	12,000000E+0
230	21,000000E+0	0,000000E+0	0,000000E+0	821,000000E+0	12,000000E+0
231	21,000000E+0	0,000000E+0	0,000000E+0	821,000000E+0	12,000000E+0
232	21,000000E+0	0,000000E+0	0,000000E+0	821,000000E+0	12,000000E+0
233	21,000000E+0	0,000000E+0	0,000000E+0	825,000000E+0	12,000000E+0
234	21,000000E+0	0,000000E+0	0,000000E+0	825,000000E+0	12,000000E+0
235	21,000000E+0	0,000000E+0	0,000000E+0	825,000000E+0	12,000000E+0
236	21,000000E+0	0,000000E+0	0,000000E+0	825,000000E+0	12,000000E+0
237	35,000000E+0	0,000000E+0	229,000000E-3	829,000000E+0	12,000000E+0
238	35,000000E+0	0,000000E+0	229,000000E-3	829,000000E+0	12,000000E+0
239	35,000000E+0	0,000000E+0	229,000000E-3	829,000000E+0	12,000000E+0
240	35,000000E+0	0,000000E+0	229,000000E-3	829,000000E+0	12,000000E+0
241	56,000000E+0	0,000000E+0	229,000000E-3	837,000000E+0	12,000000E+0
242	56,000000E+0	0,000000E+0	229,000000E-3	837,000000E+0	12,000000E+0
243	56,000000E+0	0,000000E+0	229,000000E-3	837,000000E+0	12,000000E+0
244	56,000000E+0	0,000000E+0	229,000000E-3	837,000000E+0	12,000000E+0
245	98,000000E+0	0,000000E+0	1,145000E+0	852,000000E+0	12,000000E+0
246	98,000000E+0	0,000000E+0	1,145000E+0	852,000000E+0	12,000000E+0
247	98,000000E+0	0,000000E+0	1,145000E+0	852,000000E+0	12,000000E+0
248	98,000000E+0	0,000000E+0	1,145000E+0	852,000000E+0	12,000000E+0
249	182,000000E+0	176,281080E+3	2,061000E+0	879,000000E+0	12,000000E+0
250	182,000000E+0	176,281080E+3	2,061000E+0	879,000000E+0	12,000000E+0
251	182,000000E+0	176,281080E+3	2,061000E+0	879,000000E+0	12,000000E+0
252	182,000000E+0	176,281080E+3	2,061000E+0	879,000000E+0	12,000000E+0
253	133,000000E+0	176,286460E+3	2,061000E+0	915,000000E+0	12,000000E+0
254	133,000000E+0	176,286460E+3	2,061000E+0	915,000000E+0	12,000000E+0
255	133,000000E+0	176,286460E+3	2,061000E+0	915,000000E+0	12,000000E+0
256	133,000000E+0	176,286460E+3	2,061000E+0	915,000000E+0	12,000000E+0
257	65,486000E+3	0,000000E+0	229,000000E-3	929,000000E+0	12,000000E+0
258	65,486000E+3	0,000000E+0	229,000000E-3	929,000000E+0	12,000000E+0
259	65,486000E+3	0,000000E+0	229,000000E-3	929,000000E+0	12,000000E+0
260	65,486000E+3	0,000000E+0	229,000000E-3	929,000000E+0	12,000000E+0
261	65,367000E+3	2,690000E+0	-1,374000E+0	909,000000E+0	12,000000E+0
262	65,367000E+3	2,690000E+0	-1,374000E+0	909,000000E+0	12,000000E+0
263	65,367000E+3	2,690000E+0	-1,374000E+0	909,000000E+0	12,000000E+0
264	65,367000E+3	2,690000E+0	-1,374000E+0	909,000000E+0	12,000000E+0
265	65,303000E+3	0,000000E+0	-2,748000E+0	869,000000E+0	12,000000E+0
266	65,303000E+3	0,000000E+0	-2,748000E+0	869,000000E+0	12,000000E+0
267	65,303000E+3	0,000000E+0	-2,748000E+0	869,000000E+0	12,000000E+0
268	65,303000E+3	0,000000E+0	-2,748000E+0	869,000000E+0	12,000000E+0
269	65,296000E+3	2,690000E+0	-3,206000E+0	820,000000E+0	12,000000E+0
270	65,296000E+3	2,690000E+0	-3,206000E+0	820,000000E+0	12,000000E+0
271	65,296000E+3	2,690000E+0	-3,206000E+0	820,000000E+0	12,000000E+0
272	65,296000E+3	2,690000E+0	-3,206000E+0	820,000000E+0	12,000000E+0
273	65,332000E+3	2,690000E+0	-2,977000E+0	772,000000E+0	12,000000E+0
274	65,332000E+3	2,690000E+0	-2,977000E+0	772,000000E+0	12,000000E+0
275	65,332000E+3	2,690000E+0	-2,977000E+0	772,000000E+0	12,000000E+0
276	65,332000E+3	2,690000E+0	-2,977000E+0	772,000000E+0	12,000000E+0
277	65,388000E+3	0,000000E+0	-2,290000E+0	734,000000E+0	12,000000E+0
278	65,388000E+3	0,000000E+0	-2,290000E+0	734,000000E+0	12,000000E+0
279	65,388000E+3	0,000000E+0	-2,290000E+0	734,000000E+0	12,000000E+0
280	65,388000E+3	0,000000E+0	-2,290000E+0	734,000000E+0	12,000000E+0
281	65,465000E+3	0,000000E+0	-1,145000E+0	709,000000E+0	12,000000E+0
282	65,465000E+3	0,000000E+0	-1,145000E+0	709,000000E+0	12,000000E+0
283	65,465000E+3	0,000000E+0	-1,145000E+0	709,000000E+0	12,000000E+0
284	65,465000E+3	0,000000E+0	-1,145000E+0	709,000000E+0	12,000000E+0
285	7,000000E+0	0,000000E+0	-229,000000E-3	700,000000E+0	12,000000E+0
286	7,000000E+0	0,000000E+0	-229,000000E-3	700,000000E+0	12,000000E+0
287	7,000000E+0	0,000000E+0	-229,000000E-3	700,000000E+0	12,000000E+0
288	7,000000E+0	0,000000E+0	-229,000000E-3	700,000000E+0	12,000000E+0
289	70,000000E+0	0,000000E+0	458,000000E-3	706,000000E+0	12,000000E+0
290	70,000000E+0	0,000000E+0	458,000000E-3	706,000000E+0	12,000000E+0
291	70,000000E+0	0,000000E+0	458,000000E-3	706,000000E+0	12,000000E+0
292	70,000000E+0	0,000000E+0	458,000000E-3	706,000000E+0	12,000000E+0
293	91,000000E+0	176,289150E+3	1,145000E+0	722,000000E+0	12,000000E+0
294	91,000000E+0	176,289150E+3	1,145000E+0	722,000000E+0	12,000000E+0
295	91,000000E+0	176,289150E+3	1,145000E+0	722,000000E+0	12,000000E+0
296	91,000000E+0	176,289150E+3	1,145000E+0	722,000000E+0	12,000000E+0
297	112,000000E+0	176,286460E+3	1,374000E+0	744,000000E+0	12,000000E+0
298	112,000000E+0	176,286460E+3	1,374000E+0	744,000000E+0	12,000000E+0
299	112,000000E+0	176,286460E+3	1,374000E+0	744,000000E+0	12,000000E+0
300	112,000000E+0	176,286460E+3	1,374000E+0	744,000000E+0	12,000000E+0
301	112,000000E+0	176,289150E+3	1,374000E+0	767,000000E+0	12,000000E+0
302	112,000000E+0	176,289150E+3	1,374000E+0	767,000000E+0	12,000000E+0
303	112,000000E+0	176,289150E+3	1,374000E+0	767,000000E+0	12,000000E+0
304	112,000000E+0	176,289150E+3	1,374000E+0	767,000000E+0	12,000000E+0
305	77,000000E+0	0,000000E+0	1,145000E+0	787,000000E+0	12,000000E+0
306	77,000000E+0	0,000000E+0	1,145000E+0	787,000000E+0	12,000000E+0
307	77,000000E+0	0,000000E+0	1,145000E+0	787,000000E+0	12,000000E+0
308	77,000000E+0	0,000000E+0	1,145000E+0	787,000000E+0	12,000000E+0
309	49,000000E+0	0,000000E+0	687,000000E-3	801,000000E+0	12,000000E+0
310	49,000000E+0	0,000000E+0	687,000000E-3	801,000000E+0	12,000000E+0
311	49,000000E+0	0,000000E+0	687,000000E-3	801,000000E+0	12,000000E+0
312	49,000000E+0	0,000000E+0	687,000000E-3	801,000000E+0	12,000000E+0
313	35,000000E+0	0,000000E+0	229,000000E-3	809,000000E+0	12,000000E+0
314	35,000000E+0	0,000000E+0	229,000000E-3	809,000000E+0	12,000000E+0
315	35,000000E+0	0,000000E+0	229,000000E-3	809,000000E+0	12,000000E+0
316	35,000000E+0	0,000000E+0	229,000000E-3	809,000000E+0	12,000000E+0
317	21,000000E+0	0,000000E+0	0,000000E+0	814,000000E+0	12,000000E+0
318	21,000000E+0	0,000000E+0	0,000000E+0	814,000000E+0	12,000000E+0
319	21,000000E+0	0,000000E+0	0,000000E+0	814,000000E+0	12,000000E+0
320	21,000000E+0	0,000000E+0	0,000000E+0	814,000000E+0	12,000000E+0
321	21,000000E+0	0,000000E+0	0,000000E+0	818,000000E+0	12,000000E+0
322	21,000000E+0	0,000000E+0	0,000000E+0	818,000000E+0	12,000000E+0
323	21,000000E+0	0,000000E+0	0,000000E+0	818,000000E+0	12,000000E+0
324	21,000000E+0	0,000000E+0	0,000000E+0	818,000000E+0	12,000000E+0
325	21,000000E+0	0,000000E+0	0,000000E+0	820,000000E+0	12,000000E+0
326	21,000000E+0	0,000000E+0	0,000000E+0	820,000000E+0	12,000000E+0
327	21,000000E+0	0,000000E+0	0,000000E+0	820,000000E+0	12,000000E+0
328	21,000000E+0	0,000000E+0	0,000000E+0	820,000000E+0	12,000000E+0
329	21,000000E+0	0,000000E+0	0,000000E+0	824,000000E+0	12,000000E+0
330	21,000000E+0	0,000000E+0	0,000000E+0	824,000000E+0	12,000000E+0
331	21,000000E+0	0,000000E+0	0,000000E+0	824,000000E+0	12,000000E+0
332	21,000000E+0	0,000000E+0	0,000000E+0	824,000000E+0	12,000000E+0
333	28,000000E+0	0,000000E+0	229,000000E-3	827,000000E+0	12,000000E+0
334	28,000000E+0	0,000000E+0	229,000000E-3	827,000000E+0	12,000000E+0
335	28,000000E+0	0,000000E+0	229,000000E-3	827,000000E+0	12,000000E+0
336	28,000000E+0	0,000000E+0	229,000000E-3	827,000000E+0	12,000000E+0
337	42,000000E+0	0,000000E+0	229,000000E-3	833,000000E+0	12,000000E+0
338	42,000000E+0	0,000000E+0	229,000000E-3	833,000000E+0	12,000000E+0
339	42,000000E+0	0,000000E+0	229,000000E-3	833,000000E+0	12,000000E+0
340	42,000000E+0	0,000000E+0	229,000000E-3	833,000000E+0	12,000000E+0
341	77,000000E+0	0,000000E+0	687,000000E-3	844,000000E+0	12,000000E+0
342	77,000000E+0	0,000000E+0	687,000000E-3	844,000000E+0	12,000000E+0
343	77,000000E+0	0,000000E+0	687,000000E-3	844,000000E+0	12,000000E+0
344	77,000000E+0	0,000000E+0	687,000000E-3	844,000000E+0	12,000000E+0
345	133,000000E+0	176,286460E+3	1,374000E+0	863,000000E+0	12,000000E+0
346	133,000000E+0	176,286460E+3	1,374000E+0	863,000000E+0	12,000000E+0
347	133,000000E+0	176,286460E+3	1,374000E+0	863,000000E+0	12,000000E+0
348	133,000000E+0	176,286460E+3	1,374000E+0	863,000000E+0	12,000000E+0
349	196,000000E+0	176,278390E+3	2,290000E+0	897,000000E+0	12,000000E+0
350	196,000000E+0	176,278390E+3	2,290000E+0	897,000000E+0	12,000000E+0
351	196,000000E+0	176,278390E+3	2,290000E+0	897,000000E+0	12,000000E+0
352	196,000000E+0	176,278390E+3	2,290000E+0	897,000000E+0	12,000000E+0
353	49,000000E+0	0,000000E+0	1,145000E+0	926,000000E+0	12,000000E+0
354	49,000000E+0	0,000000E+0	1,145000E+0	926,000000E+0	12,000000E+0
355	49,000000E+0	0,000000E+0	1,145000E+0	926,000000E+0	12,000000E+0
356	49,000000E+0	0,000000E+0	1,145000E+0	926,000000E+0	12,000000E+0
357	65,423000E+3	0,000000E+0	-687,000000E-3	923,000000E+0	12,000000E+0
358	65,423000E+3	0,000000E+0	-687,000000E-3	923,000000E+0	12,000000E+0
359	65,423000E+3	0,000000E+0	-687,000000E-3	923,000000E+0	12,000000E+0
360	65,423000E+3	0,000000E+0	-687,000000E-3	923,000000E+0	12,000000E+0
361	65,325000E+3	2,690000E+0	-2,290000E+0	891,000000E+0	12,000000E+0
362	65,325000E+3	2,690000E+0	-2,290000E+0	891,000000E+0	12,000000E+0
363	65,325000E+3	2,690000E+0	-2,290000E+0	891,000000E+0	12,000000E+0
364	65,325000E+3	2,690000E+0	-2,290000E+0	891,000000E+0	12,000000E+0
365	65,296000E+3	0,000000E+0	-3,206000E+0	844,000000E+0	12,000000E+0
366	65,296000E+3	0,000000E+0	-3,206000E+0	844,000000E+0	12,000000E+0
367	65,296000E+3	0,000000E+0	-3,206000E+0	844,000000E+0	12,000000E+0
368	65,296000E+3	0,000000E+0	-3,206000E+0	844,000000E+0	12,000000E+0
369	65,318000E+3	2,690000E+0	-2,977000E+0	794,000000E+0	12,000000E+0
370	65,318000E+3	2,690000E+0	-2,977000E+0	794,000000E+0	12,000000E+0
371	65,318000E+3	2,690000E+0	-2,977000E+0	794,000000E+0	12,000000E+0
372	65,318000E+3	2,690000E+0	-2,977000E+0	794,000000E+0	12,000000E+0
373	65,360000E+3	2,690000E+0	-2,519000E+0	751,000000E+0	12,000000E+0
374	65,360000E+3	2,690000E+0	-2,519000E+0	751,000000E+0	12,000000E+0
375	65,360000E+3	2,690000E+0	-2,519000E+0	751,000000E+0	12,000000E+0
376	65,360000E+3	2,690000E+0	-2,519000E+0	751,000000E+0	12,000000E+0
377	65,423000E+3	0,000000E+0	-1,603000E+0	720,000000E+0	12,000000E+0
378	65,423000E+3	0,000000E+0	-1,603000E+0	720,000000E+0	12,000000E+0
379	65,423000E+3	0,000000E+0	-1,603000E+0	720,000000E+0	12,000000E+0
380	65,423000E+3	0,000000E+0	-1,603000E+0	720,000000E+0	12,000000E+0
381	65,507000E+3	0,000000E+0	-687,000000E-3	702,000000E+0	12,000000E+0
382	65,507000E+3	0,000000E+0	-687,000000E-3	702,000000E+0	12,000000E+0
383	65,507000E+3	0,000000E+0	-687,000000E-3	702,000000E+0	12,000000E+0
384	65,507000E+3	0,000000E+0	-687,000000E-3	702,000000E+0	12,000000E+0
385	42,000000E+0	0,000000E+0	0,000000E+0	701,000000E+0	12,000000E+0
386	42,000000E+0	0,000000E+0	0,000000E+0	701,000000E+0	12,000000E+0
387	42,000000E+0	0,000000E+0	0,000000E+0	701,000000E+0	12,000000E+0
388	42,000000E+0	0,000000E+0	0,000000E+0	701,000000E+0	12,000000E+0
389	91,000000E+0	176,289150E+3	916,000000E-3	713,000000E+0	12,000000E+0
390	91,000000E+0	176,289150E+3	916,000000E-3	713,000000E+0	12,000000E+0
391	91,000000E+0	176,289150E+3	916,000000E-3	713,000000E+0	12,000000E+0
392	91,000000E+0	176,289150E+3	916,000000E-3	713,000000E+0	12,000000E+0
393	98,000000E+0	176,289150E+3	1,145000E+0	733,000000E+0	12,000000E+0
394	98,000000E+0	176,289150E+3	1,145000E+0	733,000000E+0	12,000000E+0
395	98,000000E+0	176,289150E+3	1,145000E+0	733,000000E+0	12,000000E+0
396	98,000000E+0	176,289150E+3	1,145000E+0	733,000000E+0	12,000000E+0
397	119,000000E+0	176,286460E+3	1,374000E+0	755,000000E+0	12,000000E+0
398	119,000000E+0	176,286460E+3	1,374000E+0	755,000000E+0	12,000000E+0
399	119,000000E+0	176,286460E+3	1,374000E+0	755,000000E+0	12,000000E+0
400	119,000000E+0	176,286460E+3	1,374000E+0	755,000000E+0	12,000000E+0
401	91,000000E+0	176,286460E+3	1,374000E+0	778,000000E+0	12,000000E+0
402	91,000000E+0	176,286460E+3	1,374000E+0	778,000000E+0	12,000000E+0
403	91,000000E+0	176,286460E+3	1,374000E+0	778,000000E+0	12,000000E+0
404	91,000000E+0	176,286460E+3	1,374000E+0	778,000000E+0	12,000000E+0
405	63,000000E+0	0,000000E+0	916,000000E-3	794,000000E+0	12,000000E+0
406	63,000000E+0	0,000000E+0	916,000000E-3	794,000000E+0	12,000000E+0
407	63,000000E+0	0,000000E+0	916,000000E-3	794,000000E+0	12,000000E+0
408	63,000000E+0	0,000000E+0	916,000000E-3	794,000000E+0	12,000000E+0
409	35,000000E+0	0,000000E+0	458,000000E-3	806,000000E+0	12,000000E+0
410	35,000000E+0	0,000000E+0	458,000000E-3	806,000000E+0	12,000000E+0
411	35,000000E+0	0,000000E+0	458,000000E-3	806,000000E+0	12,000000E+0
412	35,000000E+0	0,000000E+0	458,000000E-3	806,000000E+0	12,000000E+0
413	28,000000E+0	0,000000E+0	229,000000E-3	812,000000E+0	12,000000E+0
414	28,000000E+0	0,000000E+0	229,000000E-3	812,000000E+0	12,000000E+0
415	28,000000E+0	0,000000E+0	229,000000E-3	812,000000E+0	12,000000E+0
416	28,000000E+0	0,000000E+0	229,000000E-3	812,000000E+0	12,000000E+0
417	14,000000E+0	0,000000E+0	0,000000E+0	816,000000E+0	12,000000E+0
418	14,000000E+0	0,000000E+0	0,000000E+0	816,000000E+0	12,000000E+0
419	14,000000E+0	0,000000E+0	0,000000E+0	816,000000E+0	12,000000E+0
420	14,000000E+0	0,000000E+0	0,000000E+0	816,000000E+0	12,000000E+0
421	14,000000E+0	0,000000E+0	0,000000E+0	819,000000E+0	12,000000E+0
422	14,000000E+0	0,000000E+0	0,000000E+0	819,000000E+0	12,000000E+0
423	14,000000E+0	0,000000E+0	0,000000E+0	819,000000E+0	12,000000E+0
424	14,000000E+0	0,000000E+0	0,000000E+0	819,000000E+0	12,000000E+0
425	21,000000E+0	0,000000E+0	0,000000E+0	821,000000E+0	12,000000E+0
426	21,000000E+0	0,000000E+0	0,000000E+0	821,000000E+0	12,000000E+0
427	21,000000E+0	0,000000E+0	0,000000E+0	821,000000E+0	12,000000E+0
428	21,000000E+0	0,000000E+0	0,000000E+0	821,000000E+0	12,000000E+0
429	21,000000E+0	0,000000E+0	0,000000E+0	825,000000E+0	12,000000E+0
430	21,000000E+0	0,000000E+0	0,000000E+0	825,000000E+0	12,000000E+0
431	21,000000E+0	0,000000E+0	0,000000E+0	825,000000E+0	12,000000E+0
432	21,000000E+0	0,000000E+0	0,000000E+0	825,000000E+0	12,000000E+0
433	35,000000E+0	0,000000E+0	229,000000E-3	829,000000E+0	12,000000E+0
434	35,000000E+0	0,000000E+0	229,000000E-3	829,000000E+0	12,000000E+0
435	35,000000E+0	0,000000E+0	229,000000E-3	829,000000E+0	12,000000E+0
436	35,000000E+0	0,000000E+0	229,000000E-3	829,000000E+0	12,000000E+0
437	56,000000E+0	0,000000E+0	458,000000E-3	837,000000E+0	12,000000E+0
438	56,000000E+0	0,000000E+0	458,000000E-3	837,000000E+0	12,000000E+0
439	56,000000E+0	0,000000E+0	458,000000E-3	837,000000E+0	12,000000E+0
440	56,000000E+0	0,000000E+0	458,000000E-3	837,000000E+0	12,000000E+0
441	98,000000E+0	0,000000E+0	916,000000E-3	852,000000E+0	12,000000E+0
442	98,000000E+0	0,000000E+0	916,000000E-3	852,000000E+0	12,000000E+0
443	98,000000E+0	0,000000E+0	916,000000E-3	852,000000E+0	12,000000E+0
444	98,000000E+0	0,000000E+0	916,000000E-3	852,000000E+0	12,000000E+0
445	189,000000E+0	176,281080E+3	2,061000E+0	880,000000E+0	12,000000E+0
446	189,000000E+0	176,281080E+3	2,061000E+0	880,000000E+0	12,000000E+0
447	189,000000E+0	176,281080E+3	2,061000E+0	880,000000E+0	12,000000E+0
448	189,000000E+0	176,281080E+3	2,061000E+0	880,000000E+0	12,000000E+0
449	133,000000E+0	176,286460E+3	2,061000E+0	916,000000E+0	12,000000E+0
450	133,000000E+0	176,286460E+3	2,061000E+0	916,000000E+0	12,000000E+0
451	133,000000E+0	176,286460E+3	2,061000E+0	916,000000E+0	12,000000E+0
452	133,000000E+0	176,286460E+3	2,061000E+0	916,000000E+0	12,000000E+0
453	65,486000E+3	0,000000E+0	229,000000E-3	929,000000E+0	12,000000E+0
454	65,486000E+3	0,000000E+0	229,000000E-3	929,000000E+0	12,000000E+0
455	65,486000E+3	0,000000E+0	229,000000E-3	929,000000E+0	12,000000E+0
456	65,486000E+3	0,000000E+0	229,000000E-3	929,000000E+0	12,000000E+0
457	65,367000E+3	0,000000E+0	-1,603000E+0	909,000000E+0	12,000000E+0
458	65,367000E+3	0,000000E+0	-1,603000E+0	909,000000E+0	12,000000E+0
459	65,367000E+3	0,000000E+0	-1,603000E+0	909,000000E+0	12,000000E+0
460	65,367000E+3	0,000000E+0	-1,603000E+0	909,000000E+0	12,000000E+0
461	65,303000E+3	0,000000E+0	-2,748000E+0	868,000000E+0	12,000000E+0
462	65,303000E+3	0,000000E+0	-2,748000E+0	868,000000E+0	12,000000E+0
463	65,303000E+3	0,000000E+0	-2,748000E+0	868,000000E+0	12,000000E+0
464	65,303000E+3	0,000000E+0	-2,748000E+0	868,000000E+0	12,000000E+0
465	65,303000E+3	0,000000E+0	-3,206000E+0	820,000000E+0	12,000000E+0
466	65,303000E+3	0,000000E+0	-3,206000E+0	820,000000E+0	12,000000E+0
467	65,303000E+3	0,000000E+0	-3,206000E+0	820,000000E+0	12,000000E+0
468	65,303000E+3	0,000000E+0	-3,206000E+0	820,000000E+0	12,000000E+0
469	65,325000E+3	2,690000E+0	-2,977000E+0	772,000000E+0	12,000000E+0
470	65,325000E+3	2,690000E+0	-2,977000E+0	772,000000E+0	12,000000E+0
471	65,325000E+3	2,690000E+0	-2,977000E+0	772,000000E+0	12,000000E+0
472	65,325000E+3	2,690000E+0	-2,977000E+0	772,000000E+0	12,000000E+0
473	65,388000E+3	0,000000E+0	-2,290000E+0	733,000000E+0	12,000000E+0
474	65,388000E+3	0,000000E+0	-2,290000E+0	733,000000E+0	12,000000E+0
475	65,388000E+3	0,000000E+0	-2,290000E+0	733,000000E+0	12,000000E+0
476	65,388000E+3	0,000000E+0	-2,290000E+0	733,000000E+0	12,000000E+0
477	65,465000E+3	0,000000E+0	-1,145000E+0	709,000000E+0	12,000000E+0
478	65,465000E+3	0,000000E+0	-1,145000E+0	709,000000E+0	12,000000E+0
479	65,465000E+3	0,000000E+0	-1,145000E+0	709,000000E+0	12,000000E+0
480	65,465000E+3	0,000000E+0	-1,145000E+0	709,000000E+0	12,000000E+0
481	7,000000E+0	0,000000E+0	-229,000000E-3	700,000000E+0	12,000000E+0
482	7,000000E+0	0,000000E+0	-229,000000E-3	700,000000E+0	12,000000E+0
483	7,000000E+0	0,000000E+0	-229,000000E-3	700,000000E+0	12,000000E+0
484	7,000000E+0	0,000000E+0	-229,000000E-3	700,000000E+0	12,000000E+0
485	70,000000E+0	176,289150E+3	458,000000E-3	706,000000E+0	12,000000E+0
486	70,000000E+0	176,289150E+3	458,000000E-3	706,000000E+0	12,000000E+0
487	70,000000E+0	176,289150E+3	458,000000E-3	706,000000E+0	12,000000E+0
488	70,000000E+0	176,289150E+3	458,000000E-3	706,000000E+0	12,000000E+0
489	98,000000E+0	0,000000E+0	1,145000E+0	722,000000E+0	12,000000E+0
490	98,000000E+0	0,000000E+0	1,145000E+0	722,000000E+0	12,000000E+0
491	98,000000E+0	0,000000E+0	1,145000E+0	722,000000E+0	12,000000E+0
492	98,000000E+0	0,000000E+0	1,145000E+0	722,000000E+0	12,000000E+0
493	112,000000E+0	176,286460E+3	1,374000E+0	744,000000E+0	12,000000E+0
494	112,000000E+0	176,286460E+3	1,374000E+0	744,000000E+0	12,000000E+0
495	112,000000E+0	176,286460E+3	1,374000E+0	744,000000E+0	12,000000E+0
496	112,000000E+0	176,286460E+3	1,374000E+0	744,000000E+0	12,000000E+0
497	112,000000E+0	176,286460E+3	1,374000E+0	767,000000E+0	12,000000E+0
498	112,000000E+0	176,286460E+3	1,374000E+0	767,000000E+0	12,000000E+0
499	112,000000E+0	176,286460E+3	1,374000E+0	767,000000E+0	12,000000E+0
500	112,000000E+0	176,286460E+3	1,374000E+0	767,000000E+0	12,000000E+0
501	77,000000E+0	176,289150E+3	1,145000E+0	788,000000E+0	12,000000E+0
502	77,000000E+0	176,289150E+3	1,145000E+0	788,000000E+0	12,000000E+0
503	77,000000E+0	176,289150E+3	1,145000E+0	788,000000E+0	12,000000E+0
504	77,000000E+0	176,289150E+3	1,145000E+0	788,000000E+0	12,000000E+0
505	49,000000E+0	0,000000E+0	687,000000E-3	801,000000E+0	12,000000E+0
506	49,000000E+0	0,000000E+0	687,000000E-3	801,000000E+0	12,000000E+0
507	49,000000E+0	0,000000E+0	687,000000E-3	801,000000E+0	12,000000E+0
508	49,000000E+0	0,000000E+0	687,000000E-3	801,000000E+0	12,000000E+0
509	35,000000E+0	0,000000E+0	229,000000E-3	809,000000E+0	12,000000E+0
510	35,000000E+0	0,000000E+0	229,000000E-3	809,000000E+0	12,000000E+0
511	35,000000E+0	0,000000E+0	229,000000E-3	809,000000E+0	12,000000E+0
512	35,000000E+0	0,000000E+0	229,000000E-3	809,000000E+0	12,000000E+0
513	21,000000E+0	0,000000E+0	0,000000E+0	814,000000E+0	12,000000E+0
514	21,000000E+0	0,000000E+0	0,000000E+0	814,000000E+0	12,000000E+0
515	21,000000E+0	0,000000E+0	0,000000E+0	814,000000E+0	12,000000E+0
516	21,000000E+0	0,000000E+0	0,000000E+0	814,000000E+0	12,000000E+0
517	21,000000E+0	0,000000E+0	0,000000E+0	817,000000E+0	12,000000E+0
518	21,000000E+0	0,000000E+0	0,000000E+0	817,000000E+0	12,000000E+0
519	21,000000E+0	0,000000E+0	0,000000E+0	817,000000E+0	12,000000E+0
520	21,000000E+0	0,000000E+0	0,000000E+0	817,000000E+0	12,000000E+0
521	21,000000E+0	0,000000E+0	0,000000E+0	820,000000E+0	12,000000E+0
522	21,000000E+0	0,000000E+0	0,000000E+0	820,000000E+0	12,000000E+0
523	21,000000E+0	0,000000E+0	0,000000E+0	820,000000E+0	12,000000E+0
524	21,000000E+0	0,000000E+0	0,000000E+0	820,000000E+0	12,000000E+0
525	21,000000E+0	0,000000E+0	0,000000E+0	824,000000E+0	12,000000E+0
526	21,000000E+0	0,000000E+0	0,000000E+0	824,000000E+0	12,000000E+0
527	21,000000E+0	0,000000E+0	0,000000E+0	824,000000E+0	12,000000E+0
528	21,000000E+0	0,000000E+0	0,000000E+0	824,000000E+0	12,000000E+0
529	21,000000E+0	0,000000E+0	229,000000E-3	827,000000E+0	12,000000E+0
530	21,000000E+0	0,000000E+0	229,000000E-3	827,000000E+0	12,000000E+0
531	21,000000E+0	0,000000E+0	229,000000E-3	827,000000E+0	12,000000E+0
532	21,000000E+0	0,000000E+0	229,000000E-3	827,000000E+0	12,000000E+0
533	35,000000E+0	0,000000E+0	229,000000E-3	834,000000E+0	12,000000E+0
534	35,000000E+0	0,000000E+0	229,000000E-3	834,000000E+0	12,000000E+0
535	35,000000E+0	0,000000E+0	229,000000E-3	834,000000E+0	12,000000E+0
536	35,000000E+0	0,000000E+0	229,000000E-3	834,000000E+0	12,000000E+0
537	77,000000E+0	0,000000E+0	687,000000E-3	843,000000E+0	12,000000E+0
538	77,000000E+0	0,000000E+0	687,000000E-3	843,000000E+0	12,000000E+0
539	77,000000E+0	0,000000E+0	687,000000E-3	843,000000E+0	12,000000E+0
540	77,000000E+0	0,000000E+0	687,000000E-3	843,000000E+0	12,000000E+0
541	133,000000E+0	176,289150E+3	1,374000E+0	863,000000E+0	12,000000E+0
542	133,000000E+0	176,289150E+3	1,374000E+0	863,000000E+0	12,000000E+0
543	133,000000E+0	176,289150E+3	1,374000E+0	863,000000E+0	12,000000E+0
544	133,000000E+0	176,289150E+3	1,374000E+0	863,000000E+0	12,000000E+0
545	196,000000E+0	176,281080E+3	2,290000E+0	896,000000E+0	12,000000E+0
546	196,000000E+0	176,281080E+3	2,290000E+0	896,000000E+0	12,000000E+0
547	196,000000E+0	176,281080E+3	2,290000E+0	896,000000E+0	12,000000E+0
548	196,000000E+0	176,281080E+3	2,290000E+0	896,000000E+0	12,000000E+0
549	49,000000E+0	0,000000E+0	1,374000E+0	926,000000E+0	12,000000E+0
550	49,000000E+0	0,000000E+0	1,374000E+0	926,000000E+0	12,000000E+0
551	49,000000E+0	0,000000E+0	1,374000E+0	926,000000E+0	12,000000E+0
552	49,000000E+0	0,000000E+0	1,374000E+0	926,000000E+0	12,000000E+0
553	65,423000E+3	0,000000E+0	-687,000000E-3	923,000000E+0	12,000000E+0
554	65,423000E+3	0,000000E+0	-687,000000E-3	923,000000E+0	12,000000E+0
555	65,423000E+3	0,000000E+0	-687,000000E-3	923,000000E+0	12,000000E+0
556	65,423000E+3	0,000000E+0	-687,000000E-3	923,000000E+0	12,000000E+0
557	65,325000E+3	0,000000E+0	-2,519000E+0	890,000000E+0	12,000000E+0
558	65,325000E+3	0,000000E+0	-2,519000E+0	890,000000E+0	12,000000E+0
559	65,325000E+3	0,000000E+0	-2,519000E+0	890,000000E+0	12,000000E+0
560	65,325000E+3	0,000000E+0	-2,519000E+0	890,000000E+0	12,000000E+0
561	65,289000E+3	2,690000E+0	-2,977000E+0	844,000000E+0	12,000000E+0
562	65,289000E+3	2,690000E+0	-2,977000E+0	844,000000E+0	12,000000E+0
563	65,289000E+3	2,690000E+0	-2,977000E+0	844,000000E+0	12,000000E+0
564	65,289000E+3	2,690000E+0	-2,977000E+0	844,000000E+0	12,000000E+0
565	65,318000E+3	5,380000E+0	-2,977000E+0	794,000000E+0	12,000000E+0
566	65,318000E+3	5,380000E+0	-2,977000E+0	794,000000E+0	12,000000E+0
567	65,318000E+3	5,380000E+0	-2,977000E+0	794,000000E+0	12,000000E+0
568	65,318000E+3	5,380000E+0	-2,977000E+0	794,000000E+0	12,000000E+0
569	65,360000E+3	2,690000E+0	-2,748000E+0	751,000000E+0	12,000000E+0
570	65,360000E+3	2,690000E+0	-2,748000E+0	751,000000E+0	12,000000E+0
571	65,360000E+3	2,690000E+0	-2,748000E+0	751,000000E+0	12,000000E+0
572	65,360000E+3	2,690000E+0	-2,748000E+0	751,000000E+0	12,000000E+0
573	65,430000E+3	0,000000E+0	-1,603000E+0	719,000000E+0	12,000000E+0
574	65,430000E+3	0,000000E+0	-1,603000E+0	719,000000E+0	12,000000E+0
575	65,430000E+3	0,000000E+0	-1,603000E+0	719,000000E+0	12,000000E+0
576	65,430000E+3	0,000000E+0	-1,603000E+0	719,000000E+0	12,000000E+0
577	65,500000E+3	0,000000E+0	-687,000000E-3	703,000000E+0	12,000000E+0
578	65,500000E+3	0,000000E+0	-687,000000E-3	703,000000E+0	12,000000E+0
579	65,500000E+3	0,000000E+0	-687,000000E-3	703,000000E+0	12,000000E+0
580	65,500000E+3	0,000000E+0	-687,000000E-3	703,000000E+0	12,000000E+0
581	42,000000E+0	0,000000E+0	0,000000E+0	701,000000E+0	12,000000E+0
582	42,000000E+0	0,000000E+0	0,000000E+0	701,000000E+0	12,000000E+0
583	42,000000E+0	0,000000E+0	0,000000E+0	701,000000E+0	12,000000E+0
584	42,000000E+0	0,000000E+0	0,000000E+0	701,000000E+0	12,000000E+0
585	91,000000E+0	176,289150E+3	687,000000E-3	713,000000E+0	12,000000E+0
586	91,000000E+0	176,289150E+3	687,000000E-3	713,000000E+0	12,000000E+0
587	91,000000E+0	176,289150E+3	687,000000E-3	713,000000E+0	12,000000E+0
588	91,000000E+0	176,289150E+3	687,000000E-3	713,000000E+0	12,000000E+0
589	105,000000E+0	176,289150E+3	1,145000E+0	733,000000E+0	12,000000E+0
590	105,000000E+0	176,289150E+3	1,145000E+0	733,000000E+0	12,000000E+0
591	105,000000E+0	176,289150E+3	1,145000E+0	733,000000E+0	12,000000E+0
592	105,000000E+0	176,289150E+3	1,145000E+0	733,000000E+0	12,000000E+0
593	119,000000E+0	176,286460E+3	1,374000E+0	755,000000E+0	12,000000E+0
594	119,000000E+0	176,286460E+3	1,374000E+0	755,000000E+0	12,000000E+0
595	119,000000E+0	176,286460E+3	1,374000E+0	755,000000E+0	12,000000E+0
596	119,000000E+0	176,286460E+3	1,374000E+0	755,000000E+0	12,000000E+0
597	91,000000E+0	176,286460E+3	1,374000E+0	778,000000E+0	12,000000E+0
598	91,000000E+0	176,286460E+3	1,374000E+0	778,000000E+0	12,000000E+0
599	91,000000E+0	176,286460E+3	1,374000E+0	778,000000E+0	12,000000E+0
600	91,000000E+0	176,286460E+3	1,374000E+0	778,000000E+0	12,000000E+0
601	63,000000E+0	0,000000E+0	916,000000E-3	795,000000E+0	12,000000E+0
602	63,000000E+0	0,000000E+0	916,000000E-3	795,000000E+0	12,000000E+0
603	63,000000E+0	0,000000E+0	916,000000E-3	795,000000E+0	12,000000E+0
604	63,000000E+0	0,000000E+0	916,000000E-3	795,000000E+0	12,000000E+0
605	35,000000E+0	0,000000E+0	458,000000E-3	806,000000E+0	12,000000E+0
606	35,000000E+0	0,000000E+0	458,000000E-3	806,000000E+0	12,000000E+0
607	35,000000E+0	0,000000E+0	458,000000E-3	806,000000E+0	12,000000E+0
608	35,000000E+0	0,000000E+0	458,000000E-3	806,000000E+0	12,000000E+0
609	28,000000E+0	0,000000E+0	229,000000E-3	812,000000E+0	12,000000E+0
610	28,000000E+0	0,000000E+0	229,000000E-3	812,000000E+0	12,000000E+0
611	28,000000E+0	0,000000E+0	229,000000E-3	812,000000E+0	12,000000E+0
612	28,000000E+0	0,000000E+0	229,000000E-3	812,000000E+0	12,000000E+0
613	14,000000E+0	0,000000E+0	0,000000E+0	816,000000E+0	12,000000E+0
614	14,000000E+0	0,000000E+0	0,000000E+0	816,000000E+0	12,000000E+0
615	14,000000E+0	0,000000E+0	0,000000E+0	816,000000E+0	12,000000E+0
616	14,000000E+0	0,000000E+0	0,000000E+0	816,000000E+0	12,000000E+0
617	14,000000E+0	0,000000E+0	0,000000E+0	819,000000E+0	12,000000E+0
618	14,000000E+0	0,000000E+0	0,000000E+0	819,000000E+0	12,000000E+0
619	14,000000E+0	0,000000E+0	0,000000E+0	819,000000E+0	12,000000E+0
620	14,000000E+0	0,000000E+0	0,000000E+0	819,000000E+0	12,000000E+0
621	21,000000E+0	0,000000E+0	0,000000E+0	821,000000E+0	12,000000E+0
622	21,000000E+0	0,000000E+0	0,000000E+0	821,000000E+0	12,000000E+0
623	21,000000E+0	0,000000E+0	0,000000E+0	821,000000E+0	12,000000E+0
624	21,000000E+0	0,000000E+0	0,000000E+0	821,000000E+0	12,000000E+0
625	21,000000E+0	0,000000E+0	0,000000E+0	824,000000E+0	12,000000E+0
626	21,000000E+0	0,000000E+0	0,000000E+0	824,000000E+0	12,000000E+0
627	21,000000E+0	0,000000E+0	0,000000E+0	824,000000E+0	12,000000E+0
628	21,000000E+0	0,000000E+0	0,000000E+0	824,000000E+0	12,000000E+0
629	35,000000E+0	0,000000E+0	229,000000E-3	829,000000E+0	12,000000E+0
630	35,000000E+0	0,000000E+0	229,000000E-3	829,000000E+0	12,000000E+0
631	35,000000E+0	0,000000E+0	229,000000E-3	829,000000E+0	12,000000E+0
632	35,000000E+0	0,000000E+0	229,000000E-3	829,000000E+0	12,000000E+0
633	56,000000E+0	0,000000E+0	458,000000E-3	837,000000E+0	12,000000E+0
634	56,000000E+0	0,000000E+0	458,000000E-3	837,000000E+0	12,000000E+0
635	56,000000E+0	0,000000E+0	458,000000E-3	837,000000E+0	12,000000E+0
636	56,000000E+0	0,000000E+0	458,000000E-3	837,000000E+0	12,000000E+0
637	98,000000E+0	0,000000E+0	1,145000E+0	852,000000E+0	12,000000E+0
638	98,000000E+0	0,000000E+0	1,145000E+0	852,000000E+0	12,000000E+0
639	98,000000E+0	0,000000E+0	1,145000E+0	852,000000E+0	12,000000E+0
640	98,000000E+0	0,000000E+0	1,145000E+0	852,000000E+0	12,000000E+0
641	189,000000E+0	176,281080E+3	2,061000E+0	880,000000E+0	12,000000E+0
642	189,000000E+0	176,281080E+3	2,061000E+0	880,000000E+0	12,000000E+0
643	189,000000E+0	176,281080E+3	2,061000E+0	880,000000E+0	12,000000E+0
644	189,000000E+0	176,281080E+3	2,061000E+0	880,000000E+0	12,000000E+0
645	133,000000E+0	176,283770E+3	2,061000E+0	915,000000E+0	12,000000E+0
646	133,000000E+0	176,283770E+3	2,061000E+0	915,000000E+0	12,000000E+0
647	133,000000E+0	176,283770E+3	2,061000E+0	915,000000E+0	12,000000E+0
648	133,000000E+0	176,283770E+3	2,061000E+0	915,000000E+0	12,000000E+0
649	65,486000E+3	0,000000E+0	0,000000E+0	928,000000E+0	12,000000E+0
650	65,486000E+3	0,000000E+0	0,000000E+0	928,000000E+0	12,000000E+0
651	65,486000E+3	0,000000E+0	0,000000E+0	928,000000E+0	12,000000E+0
652	65,486000E+3	0,000000E+0	0,000000E+0	928,000000E+0	12,000000E+0
653	65,367000E+3	0,000000E+0	-1,603000E+0	908,000000E+0	12,000000E+0
654	65,367000E+3	0,000000E+0	-1,603000E+0	908,000000E+0	12,000000E+0
655	65,367000E+3	0,000000E+0	-1,603000E+0	908,000000E+0	12,000000E+0
656	65,367000E+3	0,000000E+0	-1,603000E+0	908,000000E+0	12,000000E+0
657	65,311000E+3	5,380000E+0	-2,977000E+0	867,000000E+0	12,000000E+0
658	65,311000E+3	5,380000E+0	-2,977000E+0	867,000000E+0	12,000000E+0
659	65,311000E+3	5,380000E+0	-2,977000E+0	867,000000E+0	12,000000E+0
660	65,311000E+3	5,380000E+0	-2,977000E+0	867,000000E+0	12,000000E+0
661	65,296000E+3	2,690000E+0	-3,206000E+0	820,000000E+0	12,000000E+0
662	65,296000E+3	2,690000E+0	-3,206000E+0	820,000000E+0	12,000000E+0
663	65,296000E+3	2,690000E+0	-3,206000E+0	820,000000E+0	12,000000E+0
664	65,296000E+3	2,690000E+0	-3,206000E+0	820,000000E+0	12,000000E+0
665	65,332000E+3	8,070000E+0	-2,977000E+0	772,000000E+0	12,000000E+0
666	65,332000E+3	8,070000E+0	-2,977000E+0	772,000000E+0	12,000000E+0
667	65,332000E+3	8,070000E+0	-2,977000E+0	772,000000E+0	12,000000E+0
668	65,332000E+3	8,070000E+0	-2,977000E+0	772,000000E+0	12,000000E+0
669	65,388000E+3	0,000000E+0	-2,290000E+0	733,000000E+0	12,000000E+0
670	65,388000E+3	0,000000E+0	-2,290000E+0	733,000000E+0	12,000000E+0
671	65,388000E+3	0,000000E+0	-2,290000E+0	733,000000E+0	12,000000E+0
672	65,388000E+3	0,000000E+0	-2,290000E+0	733,000000E+0	12,000000E+0
673	65,465000E+3	0,000000E+0	-1,145000E+0	709,000000E+0	12,000000E+0
674	65,465000E+3	0,000000E+0	-1,145000E+0	709,000000E+0	12,000000E+0
675	65,465000E+3	0,000000E+0	-1,145000E+0	709,000000E+0	12,000000E+0
676	65,465000E+3	0,000000E+0	-1,145000E+0	709,000000E+0	12,000000E+0
677	7,000000E+0	0,000000E+0	-229,000000E-3	700,000000E+0	12,000000E+0
678	7,000000E+0	0,000000E+0	-229,000000E-3	700,000000E+0	12,000000E+0
679	7,000000E+0	0,000000E+0	-229,000000E-3	700,000000E+0	12,000000E+0
680	7,000000E+0	0,000000E+0	-229,000000E-3	700,000000E+0	12,000000E+0
681	70,000000E+0	0,000000E+0	458,000000E-3	706,000000E+0	12,000000E+0
682	70,000000E+0	0,000000E+0	458,000000E-3	706,000000E+0	12,000000E+0
683	70,000000E+0	0,000000E+0	458,000000E-3	706,000000E+0	12,000000E+0
684	70,000000E+0	0,000000E+0	458,000000E-3	706,000000E+0	12,000000E+0
685	98,000000E+0	0,000000E+0	1,145000E+0	722,000000E+0	12,000000E+0
686	98,000000E+0	0,000000E+0	1,145000E+0	722,000000E+0	12,000000E+0
687	98,000000E+0	0,000000E+0	1,145000E+0	722,000000E+0	12,000000E+0
688	98,000000E+0	0,000000E+0	1,145000E+0	722,000000E+0	12,000000E+0
689	112,000000E+0	176,286460E+3	1,374000E+0	744,000000E+0	12,000000E+0
690	112,000000E+0	176,286460E+3	1,374000E+0	744,000000E+0	12,000000E+0
691	112,000000E+0	176,286460E+3	1,374000E+0	744,000000E+0	12,000000E+0
692	112,000000E+0	176,286460E+3	1,374000E+0	744,000000E+0	12,000000E+0
693	112,000000E+0	176,286460E+3	1,374000E+0	767,000000E+0	12,000000E+0
694	112,000000E+0	176,286460E+3	1,374000E+0	767,000000E+0	12,000000E+0
695	112,000000E+0	176,286460E+3	1,374000E+0	767,000000E+0	12,000000E+0
696	112,000000E+0	176,286460E+3	1,374000E+0	767,000000E+0	12,000000E+0
697	63,000000E+0	176,286460E+3	1,374000E+0	789,000000E+0	12,000000E+0
698	63,000000E+0	176,286460E+3	1,374000E+0	789,000000E+0	12,000000E+0
699	63,000000E+0	176,286460E+3	1,374000E+0	789,000000E+0	12,000000E+0
700	63,000000E+0	176,286460E+3	1,374000E+0	789,000000E+0	12,000000E+0
701	49,000000E+0	0,000000E+0	687,000000E-3	801,000000E+0	12,000000E+0
702	49,000000E+0	0,000000E+0	687,000000E-3	801,000000E+0	12,000000E+0
703	49,000000E+0	0,000000E+0	687,000000E-3	801,000000E+0	12,000000E+0
704	49,000000E+0	0,000000E+0	687,000000E-3	801,000000E+0	12,000000E+0
705	35,000000E+0	0,000000E+0	229,000000E-3	809,000000E+0	12,000000E+0
706	35,000000E+0	0,000000E+0	229,000000E-3	809,000000E+0	12,000000E+0
707	35,000000E+0	0,000000E+0	229,000000E-3	809,000000E+0	12,000000E+0
708	35,000000E+0	0,000000E+0	229,000000E-3	809,000000E+0	12,000000E+0
709	21,000000E+0	0,000000E+0	0,000000E+0	814,000000E+0	12,000000E+0
710	21,000000E+0	0,000000E+0	0,000000E+0	814,000000E+0	12,000000E+0
711	21,000000E+0	0,000000E+0	0,000000E+0	814,000000E+0	12,000000E+0
712	21,000000E+0	0,000000E+0	0,000000E+0	814,000000E+0	12,000000E+0
713	14,000000E+0	0,000000E+0	0,000000E+0	817,000000E+0	12,000000E+0
714	14,000000E+0	0,000000E+0	0,000000E+0	817,000000E+0	12,000000E+0
715	14,000000E+0	0,000000E+0	0,000000E+0	817,000000E+0	12,000000E+0
716	14,000000E+0	0,000000E+0	0,000000E+0	817,000000E+0	12,000000E+0
717	21,000000E+0	0,000000E+0	0,000000E+0	821,000000E+0	12,000000E+0
718	21,000000E+0	0,000000E+0	0,000000E+0	821,000000E+0	12,000000E+0
719	21,000000E+0	0,000000E+0	0,000000E+0	821,000000E+0	12,000000E+0
720	21,000000E+0	0,000000E+0	0,000000E+0	821,000000E+0	12,000000E+0
721	21,000000E+0	0,000000E+0	0,000000E+0	824,000000E+0	12,000000E+0
722	21,000000E+0	0,000000E+0	0,000000E+0	824,000000E+0	12,000000E+0
723	21,000000E+0	0,000000E+0	0,000000E+0	824,000000E+0	12,000000E+0
724	21,000000E+0	0,000000E+0	0,000000E+0	824,000000E+0	12,000000E+0
725	28,000000E+0	0,000000E+0	229,000000E-3	827,000000E+0	12,000000E+0
726	28,000000E+0	0,000000E+0	229,000000E-3	827,000000E+0	12,000000E+0
727	28,000000E+0	0,000000E+0	229,000000E-3	827,000000E+0	12,000000E+0
728	28,000000E+0	0,000000E+0	229,000000E-3	827,000000E+0	12,000000E+0
729	42,000000E+0	0,000000E+0	229,000000E-3	833,000000E+0	12,000000E+0
730	42,000000E+0	0,000000E+0	229,000000E-3	833,000000E+0	12,000000E+0
731	42,000000E+0	0,000000E+0	229,000000E-3	833,000000E+0	12,000000E+0
732	42,000000E+0	0,000000E+0	229,000000E-3	833,000000E+0	12,000000E+0
733	77,000000E+0	0,000000E+0	687,000000E-3	843,000000E+0	12,000000E+0
734	77,000000E+0	0,000000E+0	687,000000E-3	843,000000E+0	12,000000E+0
735	77,000000E+0	0,000000E+0	687,000000E-3	843,000000E+0	12,000000E+0
736	77,000000E+0	0,000000E+0	687,000000E-3	843,000000E+0	12,000000E+0
737	133,000000E+0	176,289150E+3	1,374000E+0	863,000000E+0	12,000000E+0
738	133,000000E+0	176,289150E+3	1,374000E+0	863,000000E+0	12,000000E+0
739	133,000000E+0	176,289150E+3	1,374000E+0	863,000000E+0	12,000000E+0
740	133,000000E+0	176,289150E+3	1,374000E+0	863,000000E+0	12,000000E+0
741	196,000000E+0	176,275700E+3	2,290000E+0	896,000000E+0	12,000000E+0
742	196,000000E+0	176,275700E+3	2,290000E+0	896,000000E+0	12,000000E+0
743	196,000000E+0	176,275700E+3	2,290000E+0	896,000000E+0	12,000000E+0
744	196,000000E+0	176,275700E+3	2,290000E+0	896,000000E+0	12,000000E+0
745	49,000000E+0	0,000000E+0	1,374000E+0	926,000000E+0	12,000000E+0
746	49,000000E+0	0,000000E+0	1,374000E+0	926,000000E+0	12,000000E+0
747	49,000000E+0	0,000000E+0	1,374000E+0	926,000000E+0	12,000000E+0
748	49,000000E+0	0,000000E+0	1,374000E+0	926,000000E+0	12,000000E+0
749	65,423000E+3	0,000000E+0	-687,000000E-3	923,000000E+0	12,000000E+0
750	65,423000E+3	0,000000E+0	-687,000000E-3	923,000000E+0	12,000000E+0
751	65,423000E+3	0,000000E+0	-687,000000E-3	923,000000E+0	12,000000E+0
752	65,423000E+3	0,000000E+0	-687,000000E-3	923,000000E+0	12,000000E+0
753	65,325000E+3	0,000000E+0	-2,290000E+0	891,000000E+0	12,000000E+0
754	65,325000E+3	0,000000E+0	-2,290000E+0	891,000000E+0	12,000000E+0
755	65,325000E+3	0,000000E+0	-2,290000E+0	891,000000E+0	12,000000E+0
756	65,325000E+3	0,000000E+0	-2,290000E+0	891,000000E+0	12,000000E+0
757	65,296000E+3	2,690000E+0	-3,206000E+0	844,000000E+0	12,000000E+0
758	65,296000E+3	2,690000E+0	-3,206000E+0	844,000000E+0	12,000000E+0
759	65,296000E+3	2,690000E+0	-3,206000E+0	844,000000E+0	12,000000E+0
760	65,296000E+3	2,690000E+0	-3,206000E+0	844,000000E+0	12,000000E+0
761	65,318000E+3	5,380000E+0	-3,206000E+0	794,000000E+0	12,000000E+0
762	65,318000E+3	5,380000E+0	-3,206000E+0	794,000000E+0	12,000000E+0
763	65,318000E+3	5,380000E+0	-3,206000E+0	794,000000E+0	12,000000E+0
764	65,318000E+3	5,380000E+0	-3,206000E+0	794,000000E+0	12,000000E+0
765	65,360000E+3	2,690000E+0	-2,519000E+0	751,000000E+0	12,000000E+0
766	65,360000E+3	2,690000E+0	-2,519000E+0	751,000000E+0	12,000000E+0
767	65,360000E+3	2,690000E+0	-2,519000E+0	751,000000E+0	12,000000E+0
768	65,360000E+3	2,690000E+0	-2,519000E+0	751,000000E+0	12,000000E+0
769	65,430000E+3	0,000000E+0	-1,832000E+0	720,000000E+0	12,000000E+0
770	65,430000E+3	0,000000E+0	-1,832000E+0	720,000000E+0	12,000000E+0
771	65,430000E+3	0,000000E+0	-1,832000E+0	720,000000E+0	12,000000E+0
772	65,430000E+3	0,000000E+0	-1,832000E+0	720,000000E+0	12,000000E+0
773	65,500000E+3	0,000000E+0	-687,000000E-3	703,000000E+0	12,000000E+0
774	65,500000E+3	0,000000E+0	-687,000000E-3	703,000000E+0	12,000000E+0
775	65,500000E+3	0,000000E+0	-687,000000E-3	703,000000E+0	12,000000E+0
776	65,500000E+3	0,000000E+0	-687,000000E-3	703,000000E+0	12,000000E+0
777	42,000000E+0	0,000000E+0	0,000000E+0	701,000000E+0	12,000000E+0
778	42,000000E+0	0,000000E+0	0,000000E+0	701,000000E+0	12,000000E+0
779	42,000000E+0	0,000000E+0	0,000000E+0	701,000000E+0	12,000000E+0
780	42,000000E+0	0,000000E+0	0,000000E+0	701,000000E+0	12,000000E+0
781	91,000000E+0	176,289150E+3	687,000000E-3	713,000000E+0	12,000000E+0
782	91,000000E+0	176,289150E+3	687,000000E-3	713,000000E+0	12,000000E+0
783	91,000000E+0	176,289150E+3	687,000000E-3	713,000000E+0	12,000000E+0
784	91,000000E+0	176,289150E+3	687,000000E-3	713,000000E+0	12,000000E+0
785	98,000000E+0	176,289150E+3	1,145000E+0	732,000000E+0	12,000000E+0
786	98,000000E+0	176,289150E+3	1,145000E+0	732,000000E+0	12,000000E+0
787	98,000000E+0	176,289150E+3	1,145000E+0	732,000000E+0	12,000000E+0
788	98,000000E+0	176,289150E+3	1,145000E+0	732,000000E+0	12,000000E+0
789	119,000000E+0	176,286460E+3	1,374000E+0	755,000000E+0	12,000000E+0
790	119,000000E+0	176,286460E+3	1,374000E+0	755,000000E+0	12,000000E+0
791	119,000000E+0	176,286460E+3	1,374000E+0	755,000000E+0	12,000000E+0
792	119,000000E+0	176,286460E+3	1,374000E+0	755,000000E+0	12,000000E+0
793	91,000000E+0	176,283770E+3	1,374000E+0	778,000000E+0	12,000000E+0
794	91,000000E+0	176,283770E+3	1,374000E+0	778,000000E+0	12,000000E+0
795	91,000000E+0	176,283770E+3	1,374000E+0	778,000000E+0	12,000000E+0
796	91,000000E+0	176,283770E+3	1,374000E+0	778,000000E+0	12,000000E+0
797	63,000000E+0	0,000000E+0	916,000000E-3	794,000000E+0	12,000000E+0
798	63,000000E+0	0,000000E+0	916,000000E-3	794,000000E+0	12,000000E+0
799	63,000000E+0	0,000000E+0	916,000000E-3	794,000000E+0	12,000000E+0
800	63,000000E+0	0,000000E+0	916,000000E-3	794,000000E+0	12,000000E+0
801	35,000000E+0	176,289150E+3	458,000000E-3	806,000000E+0	12,000000E+0
802	35,000000E+0	176,289150E+3	458,000000E-3	806,000000E+0	12,000000E+0
803	35,000000E+0	176,289150E+3	458,000000E-3	806,000000E+0	12,000000E+0
804	35,000000E+0	176,289150E+3	458,000000E-3	806,000000E+0	12,000000E+0
805	28,000000E+0	0,000000E+0	229,000000E-3	812,000000E+0	12,000000E+0
806	28,000000E+0	0,000000E+0	229,000000E-3	812,000000E+0	12,000000E+0
807	28,000000E+0	0,000000E+0	229,000000E-3	812,000000E+0	12,000000E+0
808	28,000000E+0	0,000000E+0	229,000000E-3	812,000000E+0	12,000000E+0
809	21,000000E+0	0,000000E+0	0,000000E+0	816,000000E+0	12,000000E+0
810	21,000000E+0	0,000000E+0	0,000000E+0	816,000000E+0	12,000000E+0
811	21,000000E+0	0,000000E+0	0,000000E+0	816,000000E+0	12,000000E+0
812	21,000000E+0	0,000000E+0	0,000000E+0	816,000000E+0	12,000000E+0
813	14,000000E+0	0,000000E+0	0,000000E+0	819,000000E+0	12,000000E+0
814	14,000000E+0	0,000000E+0	0,000000E+0	819,000000E+0	12,000000E+0
815	14,000000E+0	0,000000E+0	0,000000E+0	819,000000E+0	12,000000E+0
816	14,000000E+0	0,000000E+0	0,000000E+0	819,000000E+0	12,000000E+0
817	21,000000E+0	0,000000E+0	0,000000E+0	821,000000E+0	12,000000E+0
818	21,000000E+0	0,000000E+0	0,000000E+0	821,000000E+0	12,000000E+0
819	21,000000E+0	0,000000E+0	0,000000E+0	821,000000E+0	12,000000E+0
820	21,000000E+0	0,000000E+0	0,000000E+0	821,000000E+0	12,000000E+0
821	21,000000E+0	0,000000E+0	229,000000E-3	825,000000E+0	12,000000E+0
822	21,000000E+0	0,000000E+0	229,000000E-3	825,000000E+0	12,000000E+0
823	21,000000E+0	0,000000E+0	229,000000E-3	825,000000E+0	12,000000E+0
824	21,000000E+0	0,000000E+0	229,000000E-3	825,000000E+0	12,000000E+0
825	35,000000E+0	0,000000E+0	229,000000E-3	829,000000E+0	12,000000E+0
826	35,000000E+0	0,000000E+0	229,000000E-3	829,000000E+0	12,000000E+0
827	35,000000E+0	0,000000E+0	229,000000E-3	829,000000E+0	12,000000E+0
828	35,000000E+0	0,000000E+0	229,000000E-3	829,000000E+0	12,000000E+0
829	56,000000E+0	0,000000E+0	458,000000E-3	837,000000E+0	12,000000E+0
830	56,000000E+0	0,000000E+0	458,000000E-3	837,000000E+0	12,000000E+0
831	56,000000E+0	0,000000E+0	458,000000E-3	837,000000E+0	12,000000E+0
832	56,000000E+0	0,000000E+0	458,000000E-3	837,000000E+0	12,000000E+0
833	98,000000E+0	176,289150E+3	1,145000E+0	852,000000E+0	12,000000E+0
834	98,000000E+0	176,289150E+3	1,145000E+0	852,000000E+0	12,000000E+0
835	98,000000E+0	176,289150E+3	1,145000E+0	852,000000E+0	12,000000E+0
836	98,000000E+0	176,289150E+3	1,145000E+0	852,000000E+0	12,000000E+0
837	182,000000E+0	176,278390E+3	2,061000E+0	880,000000E+0	12,000000E+0
838	182,000000E+0	176,278390E+3	2,061000E+0	880,000000E+0	12,000000E+0
839	182,000000E+0	176,278390E+3	2,061000E+0	880,000000E+0	12,000000E+0
840	182,000000E+0	176,278390E+3	2,061000E+0	880,000000E+0	12,000000E+0
841	133,000000E+0	176,286460E+3	2,061000E+0	916,000000E+0	12,000000E+0
842	133,000000E+0	176,286460E+3	2,061000E+0	916,000000E+0	12,000000E+0
843	133,000000E+0	176,286460E+3	2,061000E+0	916,000000E+0	12,000000E+0
844	133,000000E+0	176,286460E+3	2,061000E+0	916,000000E+0	12,000000E+0
845	65,493000E+3	0,000000E+0	0,000000E+0	928,000000E+0	12,000000E+0
846	65,493000E+3	0,000000E+0	0,000000E+0	928,000000E+0	12,000000E+0
847	65,493000E+3	0,000000E+0	0,000000E+0	928,000000E+0	12,000000E+0
848	65,493000E+3	0,000000E+0	0,000000E+0	928,000000E+0	12,000000E+0
849	65,367000E+3	2,690000E+0	-1,603000E+0	909,000000E+0	12,000000E+0
850	65,367000E+3	2,690000E+0	-1,603000E+0	909,000000E+0	12,000000E+0
851	65,367000E+3	2,690000E+0	-1,603000E+0	909,000000E+0	12,000000E+0
852	65,367000E+3	2,690000E+0	-1,603000E+0	909,000000E+0	12,000000E+0
853	65,303000E+3	2,690000E+0	-2,748000E+0	868,000000E+0	12,000000E+0
854	65,303000E+3	2,690000E+0	-2,748000E+0	868,000000E+0	12,000000E+0
855	65,303000E+3	2,690000E+0	-2,748000E+0	868,000000E+0	12,000000E+0
856	65,303000E+3	2,690000E+0	-2,748000E+0	868,000000E+0	12,000000E+0
857	65,296000E+3	2,690000E+0	-3,206000E+0	820,000000E+0	12,000000E+0
858	65,296000E+3	2,690000E+0	-3,206000E+0	820,000000E+0	12,000000E+0
859	65,296000E+3	2,690000E+0	-3,206000E+0	820,000000E+0	12,000000E+0
860	65,296000E+3	2,690000E+0	-3,206000E+0	820,000000E+0	12,000000E+0
861	65,332000E+3	5,380000E+0	-2,748000E+0	772,000000E+0	12,000000E+0
862	65,332000E+3	5,380000E+0	-2,748000E+0	772,000000E+0	12,000000E+0
863	65,332000E+3	5,380000E+0	-2,748000E+0	772,000000E+0	12,000000E+0
864	65,332000E+3	5,380000E+0	-2,748000E+0	772,000000E+0	12,000000E+0
865	65,388000E+3	0,000000E+0	-2,290000E+0	734,000000E+0	12,000000E+0
866	65,388000E+3	0,000000E+0	-2,290000E+0	734,000000E+0	12,000000E+0
867	65,388000E+3	0,000000E+0	-2,290000E+0	734,000000E+0	12,000000E+0
868	65,388000E+3	0,000000E+0	-2,290000E+0	734,000000E+0	12,000000E+0
869	65,465000E+3	0,000000E+0	-1,145000E+0	709,000000E+0	12,000000E+0
870	65,465000E+3	0,000000E+0	-1,145000E+0	709,000000E+0	12,000000E+0
871	65,465000E+3	0,000000E+0	-1,145000E+0	709,000000E+0	12,000000E+0
872	65,465000E+3	0,000000E+0	-1,145000E+0	709,000000E+0	12,000000E+0
873	7,000000E+0	0,000000E+0	-229,000000E-3	700,000000E+0	12,000000E+0
874	7,000000E+0	0,000000E+0	-229,000000E-3	700,000000E+0	12,000000E+0
875	7,000000E+0	0,000000E+0	-229,000000E-3	700,000000E+0	12,000000E+0
876	7,000000E+0	0,000000E+0	-229,000000E-3	700,000000E+0	12,000000E+0
877	70,000000E+0	176,289150E+3	687,000000E-3	706,000000E+0	12,000000E+0
878	70,000000E+0	176,289150E+3	687,000000E-3	706,000000E+0	12,000000E+0
879	70,000000E+0	176,289150E+3	687,000000E-3	706,000000E+0	12,000000E+0
880	70,000000E+0	176,289150E+3	687,000000E-3	706,000000E+0	12,000000E+0
881	98,000000E+0	0,000000E+0	916,000000E-3	722,000000E+0	12,000000E+0
882	98,000000E+0	0,000000E+0	916,000000E-3	722,000000E+0	12,000000E+0
883	98,000000E+0	0,000000E+0	916,000000E-3	722,000000E+0	12,000000E+0
884	98,000000E+0	0,000000E+0	916,000000E-3	722,000000E+0	12,000000E+0
885	112,000000E+0	176,286460E+3	1,374000E+0	744,000000E+0	12,000000E+0
886	112,000000E+0	176,286460E+3	1,374000E+0	744,000000E+0	12,000000E+0
887	112,000000E+0	176,286460E+3	1,374000E+0	744,000000E+0	12,000000E+0
888	112,000000E+0	176,286460E+3	1,374000E+0	744,000000E+0	12,000000E+0
889	112,000000E+0	176,286460E+3	1,374000E+0	767,000000E+0	12,000000E+0
890	112,000000E+0	176,286460E+3	1,374000E+0	767,000000E+0	12,000000E+0
891	112,000000E+0	176,286460E+3	1,374000E+0	767,000000E+0	12,000000E+0
892	112,000000E+0	176,286460E+3	1,374000E+0	767,000000E+0	12,000000E+0
893	77,000000E+0	0,000000E+0	1,145000E+0	787,000000E+0	12,000000E+0
894	77,000000E+0	0,000000E+0	1,145000E+0	787,000000E+0	12,000000E+0
895	77,000000E+0	0,000000E+0	1,145000E+0	787,000000E+0	12,000000E+0
896	77,000000E+0	0,000000E+0	1,145000E+0	787,000000E+0	12,000000E+0
897	49,000000E+0	0,000000E+0	687,000000E-3	801,000000E+0	12,000000E+0
898	49,000000E+0	0,000000E+0	687,000000E-3	801,000000E+0	12,000000E+0
899	49,000000E+0	0,000000E+0	687,000000E-3	801,000000E+0	12,000000E+0
900	49,000000E+0	0,000000E+0	687,000000E-3	801,000000E+0	12,000000E+0
901	35,000000E+0	0,000000E+0	229,000000E-3	809,000000E+0	12,000000E+0
902	35,000000E+0	0,000000E+0	229,000000E-3	809,000000E+0	12,000000E+0
903	35,000000E+0	0,000000E+0	229,000000E-3	809,000000E+0	12,000000E+0
904	35,000000E+0	0,000000E+0	229,000000E-3	809,000000E+0	12,000000E+0
905	21,000000E+0	0,000000E+0	0,000000E+0	814,000000E+0	12,000000E+0
906	21,000000E+0	0,000000E+0	0,000000E+0	814,000000E+0	12,000000E+0
907	21,000000E+0	0,000000E+0	0,000000E+0	814,000000E+0	12,000000E+0
908	21,000000E+0	0,000000E+0	0,000000E+0	814,000000E+0	12,000000E+0
909	21,000000E+0	0,000000E+0	0,000000E+0	817,000000E+0	12,000000E+0
910	21,000000E+0	0,000000E+0	0,000000E+0	817,000000E+0	12,000000E+0
911	21,000000E+0	0,000000E+0	0,000000E+0	817,000000E+0	12,000000E+0
912	21,000000E+0	0,000000E+0	0,000000E+0	817,000000E+0	12,000000E+0
913	21,000000E+0	0,000000E+0	0,000000E+0	820,000000E+0	12,000000E+0
914	21,000000E+0	0,000000E+0	0,000000E+0	820,000000E+0	12,000000E+0
915	21,000000E+0	0,000000E+0	0,000000E+0	820,000000E+0	12,000000E+0
916	21,000000E+0	0,000000E+0	0,000000E+0	820,000000E+0	12,000000E+0
917	14,000000E+0	0,000000E+0	0,000000E+0	824,000000E+0	12,000000E+0
918	14,000000E+0	0,000000E+0	0,000000E+0	824,000000E+0	12,000000E+0
919	14,000000E+0	0,000000E+0	0,000000E+0	824,000000E+0	12,000000E+0
920	14,000000E+0	0,000000E+0	0,000000E+0	824,000000E+0	12,000000E+0
921	28,000000E+0	0,000000E+0	229,000000E-3	827,000000E+0	12,000000E+0
922	28,000000E+0	0,000000E+0	229,000000E-3	827,000000E+0	12,000000E+0
923	28,000000E+0	0,000000E+0	229,000000E-3	827,000000E+0	12,000000E+0
924	28,000000E+0	0,000000E+0	229,000000E-3	827,000000E+0	12,000000E+0
925	42,000000E+0	0,000000E+0	229,000000E-3	834,000000E+0	12,000000E+0
926	42,000000E+0	0,000000E+0	229,000000E-3	834,000000E+0	12,000000E+0
927	42,000000E+0	0,000000E+0	229,000000E-3	834,000000E+0	12,000000E+0
928	42,000000E+0	0,000000E+0	229,000000E-3	834,000000E+0	12,000000E+0
929	70,000000E+0	0,000000E+0	687,000000E-3	843,000000E+0	12,000000E+0
930	70,000000E+0	0,000000E+0	687,000000E-3	843,000000E+0	12,000000E+0
931	70,000000E+0	0,000000E+0	687,000000E-3	843,000000E+0	12,000000E+0
932	70,000000E+0	0,000000E+0	687,000000E-3	843,000000E+0	12,000000E+0
933	133,000000E+0	176,289150E+3	1,374000E+0	863,000000E+0	12,000000E+0
934	133,000000E+0	176,289150E+3	1,374000E+0	863,000000E+0	12,000000E+0
935	133,000000E+0	176,289150E+3	1,374000E+0	863,000000E+0	12,000000E+0
936	133,000000E+0	176,289150E+3	1,374000E+0	863,000000E+0	12,000000E+0
937	196,000000E+0	176,281080E+3	2,290000E+0	897,000000E+0	12,000000E+0
938	196,000000E+0	176,281080E+3	2,290000E+0	897,000000E+0	12,000000E+0
939	196,000000E+0	176,281080E+3	2,290000E+0	897,000000E+0	12,000000E+0
940	196,000000E+0	176,281080E+3	2,290000E+0	897,000000E+0	12,000000E+0
941	49,000000E+0	0,000000E+0	1,145000E+0	926,000000E+0	12,000000E+0
942	49,000000E+0	0,000000E+0	1,145000E+0	926,000000E+0	12,000000E+0
943	49,000000E+0	0,000000E+0	1,145000E+0	926,000000E+0	12,000000E+0
944	49,000000E+0	0,000000E+0	1,145000E+0	926,000000E+0	12,000000E+0
945	65,423000E+3	0,000000E+0	-687,000000E-3	923,000000E+0	12,000000E+0
946	65,423000E+3	0,000000E+0	-687,000000E-3	923,000000E+0	12,000000E+0
947	65,423000E+3	0,000000E+0	-687,000000E-3	923,000000E+0	12,000000E+0
948	65,423000E+3	0,000000E+0	-687,000000E-3	923,000000E+0	12,000000E+0
949	65,325000E+3	0,000000E+0	-2,290000E+0	891,000000E+0	12,000000E+0
950	65,325000E+3	0,000000E+0	-2,290000E+0	891,000000E+0	12,000000E+0
951	65,325000E+3	0,000000E+0	-2,290000E+0	891,000000E+0	12,000000E+0
952	65,325000E+3	0,000000E+0	-2,290000E+0	891,000000E+0	12,000000E+0
953	65,289000E+3	2,690000E+0	-2,977000E+0	844,000000E+0	12,000000E+0
954	65,289000E+3	2,690000E+0	-2,977000E+0	844,000000E+0	12,000000E+0
955	65,289000E+3	2,690000E+0	-2,977000E+0	844,000000E+0	12,000000E+0
956	65,289000E+3	2,690000E+0	-2,977000E+0	844,000000E+0	12,000000E+0
957	65,318000E+3	5,380000E+0	-3,206000E+0	794,000000E+0	12,000000E+0
958	65,318000E+3	5,380000E+0	-3,206000E+0	794,000000E+0	12,000000E+0
959	65,318000E+3	5,380000E+0	-3,206000E+0	794,000000E+0	12,000000E+0
960	65,318000E+3	5,380000E+0	-3,206000E+0	794,000000E+0	12,000000E+0
961	65,360000E+3	2,690000E+0	-2,748000E+0	751,000000E+0	12,000000E+0
962	65,360000E+3	2,690000E+0	-2,748000E+0	751,000000E+0	12,000000E+0
963	65,360000E+3	2,690000E+0	-2,748000E+0	751,000000E+0	12,000000E+0
964	65,360000E+3	2,690000E+0	-2,748000E+0	751,000000E+0	12,000000E+0
965	65,430000E+3	0,000000E+0	-1,603000E+0	719,000000E+0	12,000000E+0
966	65,430000E+3	0,000000E+0	-1,603000E+0	719,000000E+0	12,000000E+0
967	65,430000E+3	0,000000E+0	-1,603000E+0	719,000000E+0	12,000000E+0
968	65,430000E+3	0,000000E+0	-1,603000E+0	719,000000E+0	12,000000E+0
969	65,500000E+3	0,000000E+0	-687,000000E-3	703,000000E+0	12,000000E+0
970	65,500000E+3	0,000000E+0	-687,000000E-3	703,000000E+0	12,000000E+0
971	65,500000E+3	0,000000E+0	-687,000000E-3	703,000000E+0	12,000000E+0
972	65,500000E+3	0,000000E+0	-687,000000E-3	703,000000E+0	12,000000E+0
973	42,000000E+0	0,000000E+0	0,000000E+0	701,000000E+0	12,000000E+0
974	42,000000E+0	0,000000E+0	0,000000E+0	701,000000E+0	12,000000E+0
975	42,000000E+0	0,000000E+0	0,000000E+0	701,000000E+0	12,000000E+0
976	42,000000E+0	0,000000E+0	0,000000E+0	701,000000E+0	12,000000E+0
977	91,000000E+0	0,000000E+0	687,000000E-3	713,000000E+0	12,000000E+0
978	91,000000E+0	0,000000E+0	687,000000E-3	713,000000E+0	12,000000E+0
979	91,000000E+0	0,000000E+0	687,000000E-3	713,000000E+0	12,000000E+0
980	91,000000E+0	0,000000E+0	687,000000E-3	713,000000E+0	12,000000E+0
981	98,000000E+0	176,286460E+3	1,145000E+0	733,000000E+0	12,000000E+0
982	98,000000E+0	176,286460E+3	1,145000E+0	733,000000E+0	12,000000E+0
983	98,000000E+0	176,286460E+3	1,145000E+0	733,000000E+0	12,000000E+0
984	98,000000E+0	176,286460E+3	1,145000E+0	733,000000E+0	12,000000E+0
985	119,000000E+0	176,286460E+3	1,374000E+0	755,000000E+0	12,000000E+0
986	119,000000E+0	176,286460E+3	1,374000E+0	755,000000E+0	12,000000E+0
987	119,000000E+0	176,286460E+3	1,374000E+0	755,000000E+0	12,000000E+0
988	119,000000E+0	176,286460E+3	1,374000E+0	755,000000E+0	12,000000E+0
989	91,000000E+0	176,289150E+3	1,374000E+0	778,000000E+0	12,000000E+0
990	91,000000E+0	176,289150E+3	1,374000E+0	778,000000E+0	12,000000E+0
991	91,000000E+0	176,289150E+3	1,374000E+0	778,000000E+0	12,000000E+0
992	91,000000E+0	176,289150E+3	1,374000E+0	778,000000E+0	12,000000E+0
993	63,000000E+0	0,000000E+0	916,000000E-3	794,000000E+0	12,000000E+0
994	63,000000E+0	0,000000E+0	916,000000E-3	794,000000E+0	12,000000E+0
995	63,000000E+0	0,000000E+0	916,000000E-3	794,000000E+0	12,000000E+0
996	63,000000E+0	0,000000E+0	916,000000E-3	794,000000E+0	12,000000E+0
997	42,000000E+0	0,000000E+0	458,000000E-3	806,000000E+0	12,000000E+0
998	42,000000E+0	0,000000E+0	458,000000E-3	806,000000E+0	12,000000E+0
999	42,000000E+0	0,000000E+0	458,000000E-3	806,000000E+0	12,000000E+0
1000	42,000000E+0	0,000000E+0	458,000000E-3	806,000000E+0	12,000000E+0
1001	28,000000E+0	0,000000E+0	229,000000E-3	812,000000E+0	12,000000E+0
1002	28,000000E+0	0,000000E+0	229,000000E-3	812,000000E+0	12,000000E+0
1003	28,000000E+0	0,000000E+0	229,000000E-3	812,000000E+0	12,000000E+0
1004	28,000000E+0	0,000000E+0	229,000000E-3	812,000000E+0	12,000000E+0
1005	14,000000E+0	0,000000E+0	0,000000E+0	817,000000E+0	12,000000E+0
1006	14,000000E+0	0,000000E+0	0,000000E+0	817,000000E+0	12,000000E+0
1007	14,000000E+0	0,000000E+0	0,000000E+0	817,000000E+0	12,000000E+0
1008	14,000000E+0	0,000000E+0	0,000000E+0	817,000000E+0	12,000000E+0
1009	14,000000E+0	0,000000E+0	0,000000E+0	819,000000E+0	12,000000E+0
1010	14,000000E+0	0,000000E+0	0,000000E+0	819,000000E+0	12,000000E+0
1011	14,000000E+0	0,000000E+0	0,000000E+0	819,000000E+0	12,000000E+0
1012	14,000000E+0	0,000000E+0	0,000000E+0	819,000000E+0	12,000000E+0
1013	21,000000E+0	0,000000E+0	0,000000E+0	821,000000E+0	12,000000E+0
1014	21,000000E+0	0,000000E+0	0,000000E+0	821,000000E+0	12,000000E+0
1015	21,000000E+0	0,000000E+0	0,000000E+0	821,000000E+0	12,000000E+0
1016	21,000000E+0	0,000000E+0	0,000000E+0	821,000000E+0	12,000000E+0
1017	21,000000E+0	0,000000E+0	0,000000E+0	825,000000E+0	12,000000E+0
1018	21,000000E+0	0,000000E+0	0,000000E+0	825,000000E+0	12,000000E+0
1019	21,000000E+0	0,000000E+0	0,000000E+0	825,000000E+0	12,000000E+0
1020	21,000000E+0	0,000000E+0	0,000000E+0	825,000000E+0	12,000000E+0
1021	35,000000E+0	0,000000E+0	229,000000E-3	829,000000E+0	12,000000E+0
1022	35,000000E+0	0,000000E+0	229,000000E-3	829,000000E+0	12,000000E+0
1023	35,000000E+0	0,000000E+0	229,000000E-3	829,000000E+0	12,000000E+0
1024	35,000000E+0	0,000000E+0	229,000000E-3	829,000000E+0	12,000000E+0
1025	56,000000E+0	0,000000E+0	458,000000E-3	837,000000E+0	12,000000E+0
1026	56,000000E+0	0,000000E+0	458,000000E-3	837,000000E+0	12,000000E+0
1027	56,000000E+0	0,000000E+0	458,000000E-3	837,000000E+0	12,000000E+0
1028	56,000000E+0	0,000000E+0	458,000000E-3	837,000000E+0	12,000000E+0
1029	105,000000E+0	0,000000E+0	1,145000E+0	852,000000E+0	12,000000E+0
1030	105,000000E+0	0,000000E+0	1,145000E+0	852,000000E+0	12,000000E+0
1031	105,000000E+0	0,000000E+0	1,145000E+0	852,000000E+0	12,000000E+0
1032	105,000000E+0	0,000000E+0	1,145000E+0	852,000000E+0	12,000000E+0
1033	189,000000E+0	176,283770E+3	2,061000E+0	879,000000E+0	12,000000E+0
1034	189,000000E+0	176,283770E+3	2,061000E+0	879,000000E+0	12,000000E+0
1035	189,000000E+0	176,283770E+3	2,061000E+0	879,000000E+0	12,000000E+0
1036	189,000000E+0	176,283770E+3	2,061000E+0	879,000000E+0	12,000000E+0
1037	133,000000E+0	176,286460E+3	2,061000E+0	916,000000E+0	12,000000E+0
1038	133,000000E+0	176,286460E+3	2,061000E+0	916,000000E+0	12,000000E+0
1039	133,000000E+0	176,286460E+3	2,061000E+0	916,000000E+0	12,000000E+0
1040	133,000000E+0	176,286460E+3	2,061000E+0	916,000000E+0	12,000000E+0
1041	65,493000E+3	0,000000E+0	0,000000E+0	928,000000E+0	12,000000E+0
1042	65,493000E+3	0,000000E+0	0,000000E+0	928,000000E+0	12,000000E+0
1043	65,493000E+3	0,000000E+0	0,000000E+0	928,000000E+0	12,000000E+0
1044	65,493000E+3	0,000000E+0	0,000000E+0	928,000000E+0	12,000000E+0
1045	65,367000E+3	0,000000E+0	-1,603000E+0	908,000000E+0	12,000000E+0
1046	65,367000E+3	0,000000E+0	-1,603000E+0	908,000000E+0	12,000000E+0
1047	65,367000E+3	0,000000E+0	-1,603000E+0	908,000000E+0	12,000000E+0
1048	65,367000E+3	0,000000E+0	-1,603000E+0	908,000000E+0	12,000000E+0
1049	65,303000E+3	0,000000E+0	-2,748000E+0	868,000000E+0	12,000000E+0
1050	65,303000E+3	0,000000E+0	-2,748000E+0	868,000000E+0	12,000000E+0
1051	65,303000E+3	0,000000E+0	-2,748000E+0	868,000000E+0	12,000000E+0
1052	65,303000E+3	0,000000E+0	-2,748000E+0	868,000000E+0	12,000000E+0
1053	65,303000E+3	2,690000E+0	-3,206000E+0	819,000000E+0	12,000000E+0
1054	65,303000E+3	2,690000E+0	-3,206000E+0	819,000000E+0	12,000000E+0
1055	65,303000E+3	2,690000E+0	-3,206000E+0	819,000000E+0	12,000000E+0
1056	65,303000E+3	2,690000E+0	-3,206000E+0	819,000000E+0	12,000000E+0
1057	65,325000E+3	0,000000E+0	-2,748000E+0	773,000000E+0	12,000000E+0
1058	65,325000E+3	0,000000E+0	-2,748000E+0	773,000000E+0	12,000000E+0
1059	65,325000E+3	0,000000E+0	-2,748000E+0	773,000000E+0	12,000000E+0
1060	65,325000E+3	0,000000E+0	-2,748000E+0	773,000000E+0	12,000000E+0
1061	65,388000E+3	0,000000E+0	-2,290000E+0	734,000000E+0	12,000000E+0
1062	65,388000E+3	0,000000E+0	-2,290000E+0	734,000000E+0	12,000000E+0
1063	65,388000E+3	0,000000E+0	-2,290000E+0	734,000000E+0	12,000000E+0
1064	65,388000E+3	0,000000E+0	-2,290000E+0	734,000000E+0	12,000000E+0
1065	65,465000E+3	0,000000E+0	-1,145000E+0	709,000000E+0	12,000000E+0
1066	65,465000E+3	0,000000E+0	-1,145000E+0	709,000000E+0	12,000000E+0
1067	65,465000E+3	0,000000E+0	-1,145000E+0	709,000000E+0	12,000000E+0
1068	65,465000E+3	0,000000E+0	-1,145000E+0	709,000000E+0	12,000000E+0
1069	7,000000E+0	0,000000E+0	-229,000000E-3	700,000000E+0	12,000000E+0
1070	7,000000E+0	0,000000E+0	-229,000000E-3	700,000000E+0	12,000000E+0
1071	7,000000E+0	0,000000E+0	-229,000000E-3	700,000000E+0	12,000000E+0
1072	7,000000E+0	0,000000E+0	-229,000000E-3	700,000000E+0	12,000000E+0
1073	70,000000E+0	0,000000E+0	458,000000E-3	706,000000E+0	12,000000E+0
1074	70,000000E+0	0,000000E+0	458,000000E-3	706,000000E+0	12,000000E+0
1075	70,000000E+0	0,000000E+0	458,000000E-3	706,000000E+0	12,000000E+0
1076	70,000000E+0	0,000000E+0	458,000000E-3	706,000000E+0	12,000000E+0
1077	98,000000E+0	0,000000E+0	1,145000E+0	723,000000E+0	12,000000E+0
1078	98,000000E+0	0,000000E+0	1,145000E+0	723,000000E+0	12,000000E+0
1079	98,000000E+0	0,000000E+0	1,145000E+0	723,000000E+0	12,000000E+0
1080	98,000000E+0	0,000000E+0	1,145000E+0	723,000000E+0	12,000000E+0
1081	119,000000E+0	176,286460E+3	1,374000E+0	744,000000E+0	12,000000E+0
1082	119,000000E+0	176,286460E+3	1,374000E+0	744,000000E+0	12,000000E+0
1083	119,000000E+0	176,286460E+3	1,374000E+0	744,000000E+0	12,000000E+0
1084	119,000000E+0	176,286460E+3	1,374000E+0	744,000000E+0	12,000000E+0
1085	112,000000E+0	176,289150E+3	1,374000E+0	767,000000E+0	12,000000E+0
1086	112,000000E+0	176,289150E+3	1,374000E+0	767,000000E+0	12,000000E+0
1087	112,000000E+0	176,289150E+3	1,374000E+0	767,000000E+0	12,000000E+0
1088	112,000000E+0	176,289150E+3	1,374000E+0	767,000000E+0	12,000000E+0
1089	77,000000E+0	0,000000E+0	1,145000E+0	787,000000E+0	12,000000E+0
1090	77,000000E+0	0,000000E+0	1,145000E+0	787,000000E+0	12,000000E+0
1091	77,000000E+0	0,000000E+0	1,145000E+0	787,000000E+0	12,000000E+0
1092	77,000000E+0	0,000000E+0	1,145000E+0	787,000000E+0	12,000000E+0
1093	49,000000E+0	0,000000E+0	687,000000E-3	802,000000E+0	12,000000E+0
1094	49,000000E+0	0,000000E+0	687,000000E-3	802,000000E+0	12,000000E+0
1095	49,000000E+0	0,000000E+0	687,000000E-3	802,000000E+0	12,000000E+0
1096	35,000000E+0	0,000000E+0	229,000000E-3	809,000000E+0	12,000000E+0
1097	35,000000E+0	0,000000E+0	229,000000E-3	809,000000E+0	12,000000E+0
1098	35,000000E+0	0,000000E+0	229,000000E-3	809,000000E+0	12,000000E+0
1099	35,000000E+0	0,000000E+0	229,000000E-3	809,000000E+0	12,000000E+0
1100	21,000000E+0	0,000000E+0	0,000000E+0	814,000000E+0	12,000000E+0
1101	21,000000E+0	0,000000E+0	0,000000E+0	814,000000E+0	12,000000E+0
1102	21,000000E+0	0,000000E+0	0,000000E+0	814,000000E+0	12,000000E+0
1103	21,000000E+0	0,000000E+0	0,000000E+0	814,000000E+0	12,000000E+0
1104	14,000000E+0	0,000000E+0	0,000000E+0	817,000000E+0	12,000000E+0
1105	14,000000E+0	0,000000E+0	0,000000E+0	817,000000E+0	12,000000E+0
1106	14,000000E+0	0,000000E+0	0,000000E+0	817,000000E+0	12,000000E+0
1107	14,000000E+0	0,000000E+0	0,000000E+0	817,000000E+0	12,000000E+0
1108	21,000000E+0	0,000000E+0	0,000000E+0	821,000000E+0	12,000000E+0
1109	21,000000E+0	0,000000E+0	0,000000E+0	821,000000E+0	12,000000E+0
1110	21,000000E+0	0,000000E+0	0,000000E+0	821,000000E+0	12,000000E+0
1111	21,000000E+0	0,000000E+0	0,000000E+0	821,000000E+0	12,000000E+0
1112	21,000000E+0	0,000000E+0	0,000000E+0	823,000000E+0	12,000000E+0
1113	21,000000E+0	0,000000E+0	0,000000E+0	823,000000E+0	12,000000E+0
1114	21,000000E+0	0,000000E+0	0,000000E+0	823,000000E+0	12,000000E+0
1115	21,000000E+0	0,000000E+0	0,000000E+0	823,000000E+0	12,000000E+0
1116	28,000000E+0	0,000000E+0	229,000000E-3	827,000000E+0	12,000000E+0
1117	28,000000E+0	0,000000E+0	229,000000E-3	827,000000E+0	12,000000E+0
1118	28,000000E+0	0,000000E+0	229,000000E-3	827,000000E+0	12,000000E+0
1119	28,000000E+0	0,000000E+0	229,000000E-3	827,000000E+0	12,000000E+0
1120	35,000000E+0	0,000000E+0	458,000000E-3	833,000000E+0	12,000000E+0
1121	35,000000E+0	0,000000E+0	458,000000E-3	833,000000E+0	12,000000E+0
1122	35,000000E+0	0,000000E+0	458,000000E-3	833,000000E+0	12,000000E+0
1123	35,000000E+0	0,000000E+0	458,000000E-3	833,000000E+0	12,000000E+0
1124	77,000000E+0	0,000000E+0	687,000000E-3	844,000000E+0	12,000000E+0
1125	77,000000E+0	0,000000E+0	687,000000E-3	844,000000E+0	12,000000E+0
1126	77,000000E+0	0,000000E+0	687,000000E-3	844,000000E+0	12,000000E+0
1127	77,000000E+0	0,000000E+0	687,000000E-3	844,000000E+0	12,000000E+0
1128	133,000000E+0	176,286460E+3	1,374000E+0	863,000000E+0	12,000000E+0
1129	133,000000E+0	176,286460E+3	1,374000E+0	863,000000E+0	12,000000E+0
1130	133,000000E+0	176,286460E+3	1,374000E+0	863,000000E+0	12,000000E+0
1131	133,000000E+0	176,286460E+3	1,374000E+0	863,000000E+0	12,000000E+0
1132	196,000000E+0	176,278390E+3	2,290000E+0	897,000000E+0	12,000000E+0
1133	196,000000E+0	176,278390E+3	2,290000E+0	897,000000E+0	12,000000E+0
1134	196,000000E+0	176,278390E+3	2,290000E+0	897,000000E+0	12,000000E+0
1135	196,000000E+0	176,278390E+3	2,290000E+0	897,000000E+0	12,000000E+0
1136	49,000000E+0	0,000000E+0	1,145000E+0	926,000000E+0	12,000000E+0
1137	49,000000E+0	0,000000E+0	1,145000E+0	926,000000E+0	12,000000E+0
1138	49,000000E+0	0,000000E+0	1,145000E+0	926,000000E+0	12,000000E+0
1139	49,000000E+0	0,000000E+0	1,145000E+0	926,000000E+0	12,000000E+0
1140	65,423000E+3	0,000000E+0	-687,000000E-3	923,000000E+0	12,000000E+0
1141	65,423000E+3	0,000000E+0	-687,000000E-3	923,000000E+0	12,000000E+0
1142	65,423000E+3	0,000000E+0	-687,000000E-3	923,000000E+0	12,000000E+0
1143	65,423000E+3	0,000000E+0	-687,000000E-3	923,000000E+0	12,000000E+0
1144	65,325000E+3	0,000000E+0	-2,290000E+0	890,000000E+0	12,000000E+0
1145	65,325000E+3	0,000000E+0	-2,290000E+0	890,000000E+0	12,000000E+0
1146	65,325000E+3	0,000000E+0	-2,290000E+0	890,000000E+0	12,000000E+0
1147	65,325000E+3	0,000000E+0	-2,290000E+0	890,000000E+0	12,000000E+0
1148	65,289000E+3	0,000000E+0	-2,977000E+0	844,000000E+0	12,000000E+0
1149	65,289000E+3	0,000000E+0	-2,977000E+0	844,000000E+0	12,000000E+0
1150	65,289000E+3	0,000000E+0	-2,977000E+0	844,000000E+0	12,000000E+0
1151	65,289000E+3	0,000000E+0	-2,977000E+0	844,000000E+0	12,000000E+0
1152	65,318000E+3	2,690000E+0	-3,206000E+0	794,000000E+0	12,000000E+0
1153	65,318000E+3	2,690000E+0	-3,206000E+0	794,000000E+0	12,000000E+0
1154	65,318000E+3	2,690000E+0	-3,206000E+0	794,000000E+0	12,000000E+0
1155	65,318000E+3	2,690000E+0	-3,206000E+0	794,000000E+0	12,000000E+0
1156	65,360000E+3	0,000000E+0	-2,519000E+0	751,000000E+0	12,000000E+0
1157	65,360000E+3	0,000000E+0	-2,519000E+0	751,000000E+0	12,000000E+0
1158	65,360000E+3	0,000000E+0	-2,519000E+0	751,000000E+0	12,000000E+0
1159	65,360000E+3	0,000000E+0	-2,519000E+0	751,000000E+0	12,000000E+0
1160	65,423000E+3	0,000000E+0	-1,832000E+0	719,000000E+0	12,000000E+0
1161	65,423000E+3	0,000000E+0	-1,832000E+0	719,000000E+0	12,000000E+0
1162	65,423000E+3	0,000000E+0	-1,832000E+0	719,000000E+0	12,000000E+0
1163	65,423000E+3	0,000000E+0	-1,832000E+0	719,000000E+0	12,000000E+0
1164	65,500000E+3	0,000000E+0	-687,000000E-3	703,000000E+0	12,000000E+0
1165	65,500000E+3	0,000000E+0	-687,000000E-3	703,000000E+0	12,000000E+0
1166	65,500000E+3	0,000000E+0	-687,000000E-3	703,000000E+0	12,000000E+0
1167	65,500000E+3	0,000000E+0	-687,000000E-3	703,000000E+0	12,000000E+0
1168	42,000000E+0	0,000000E+0	0,000000E+0	701,000000E+0	12,000000E+0
1169	42,000000E+0	0,000000E+0	0,000000E+0	701,000000E+0	12,000000E+0
1170	42,000000E+0	0,000000E+0	0,000000E+0	701,000000E+0	12,000000E+0
1171	42,000000E+0	0,000000E+0	0,000000E+0	701,000000E+0	12,000000E+0
1172	91,000000E+0	176,289150E+3	687,000000E-3	713,000000E+0	12,000000E+0
1173	91,000000E+0	176,289150E+3	687,000000E-3	713,000000E+0	12,000000E+0
1174	91,000000E+0	176,289150E+3	687,000000E-3	713,000000E+0	12,000000E+0
1175	91,000000E+0	176,289150E+3	687,000000E-3	713,000000E+0	12,000000E+0
1176	98,000000E+0	176,286460E+3	1,145000E+0	732,000000E+0	12,000000E+0
1177	98,000000E+0	176,286460E+3	1,145000E+0	732,000000E+0	12,000000E+0
1178	98,000000E+0	176,286460E+3	1,145000E+0	732,000000E+0	12,000000E+0
1179	98,000000E+0	176,286460E+3	1,145000E+0	732,000000E+0	12,000000E+0
1180	119,000000E+0	176,289150E+3	1,374000E+0	755,000000E+0	12,000000E+0
1181	119,000000E+0	176,289150E+3	1,374000E+0	755,000000E+0	12,000000E+0
1182	119,000000E+0	176,289150E+3	1,374000E+0	755,000000E+0	12,000000E+0
1183	119,000000E+0	176,289150E+3	1,374000E+0	755,000000E+0	12,000000E+0
1184	91,000000E+0	176,289150E+3	1,374000E+0	778,000000E+0	12,000000E+0
1185	91,000000E+0	176,289150E+3	1,374000E+0	778,000000E+0	12,000000E+0
1186	91,000000E+0	176,289150E+3	1,374000E+0	778,000000E+0	12,000000E+0
1187	91,000000E+0	176,289150E+3	1,374000E+0	778,000000E+0	12,000000E+0
1188	63,000000E+0	0,000000E+0	916,000000E-3	794,000000E+0	12,000000E+0
1189	63,000000E+0	0,000000E+0	916,000000E-3	794,000000E+0	12,000000E+0
1190	63,000000E+0	0,000000E+0	916,000000E-3	794,000000E+0	12,000000E+0
1191	63,000000E+0	0,000000E+0	916,000000E-3	794,000000E+0	12,000000E+0
1192	35,000000E+0	0,000000E+0	458,000000E-3	806,000000E+0	12,000000E+0
1193	35,000000E+0	0,000000E+0	458,000000E-3	806,000000E+0	12,000000E+0
1194	35,000000E+0	0,000000E+0	458,000000E-3	806,000000E+0	12,000000E+0
1195	35,000000E+0	0,000000E+0	458,000000E-3	806,000000E+0	12,000000E+0
1196	28,000000E+0	0,000000E+0	229,000000E-3	812,000000E+0	12,000000E+0
1197	28,000000E+0	0,000000E+0	229,000000E-3	812,000000E+0	12,000000E+0
1198	28,000000E+0	0,000000E+0	229,000000E-3	812,000000E+0	12,000000E+0
1199	28,000000E+0	0,000000E+0	229,000000E-3	812,000000E+0	12,000000E+0
1200	21,000000E+0	0,000000E+0	229,000000E-3	817,000000E+0	12,000000E+0
1201	21,000000E+0	0,000000E+0	229,000000E-3	817,000000E+0	12,000000E+0
1202	21,000000E+0	0,000000E+0	229,000000E-3	817,000000E+0	12,000000E+0
1203	21,000000E+0	0,000000E+0	229,000000E-3	817,000000E+0	12,000000E+0
1204	14,000000E+0	0,000000E+0	0,000000E+0	819,000000E+0	12,000000E+0
1205	14,000000E+0	0,000000E+0	0,000000E+0	819,000000E+0	12,000000E+0
1206	14,000000E+0	0,000000E+0	0,000000E+0	819,000000E+0	12,000000E+0
1207	14,000000E+0	0,000000E+0	0,000000E+0	819,000000E+0	12,000000E+0
1208	21,000000E+0	0,000000E+0	0,000000E+0	821,000000E+0	12,000000E+0
1209	21,000000E+0	0,000000E+0	0,000000E+0	821,000000E+0	12,000000E+0
1210	21,000000E+0	0,000000E+0	0,000000E+0	821,000000E+0	12,000000E+0
1211	21,000000E+0	0,000000E+0	0,000000E+0	821,000000E+0	12,000000E+0
1212	21,000000E+0	0,000000E+0	229,000000E-3	825,000000E+0	12,000000E+0
1213	21,000000E+0	0,000000E+0	229,000000E-3	825,000000E+0	12,000000E+0
1214	21,000000E+0	0,000000E+0	229,000000E-3	825,000000E+0	12,000000E+0
1215	21,000000E+0	0,000000E+0	229,000000E-3	825,000000E+0	12,000000E+0
1216	35,000000E+0	0,000000E+0	229,000000E-3	829,000000E+0	12,000000E+0
1217	35,000000E+0	0,000000E+0	229,000000E-3	829,000000E+0	12,000000E+0
1218	35,000000E+0	0,000000E+0	229,000000E-3	829,000000E+0	12,000000E+0
1219	35,000000E+0	0,000000E+0	229,000000E-3	829,000000E+0	12,000000E+0
1220	56,000000E+0	0,000000E+0	458,000000E-3	837,000000E+0	12,000000E+0
1221	56,000000E+0	0,000000E+0	458,000000E-3	837,000000E+0	12,000000E+0
1222	56,000000E+0	0,000000E+0	458,000000E-3	837,000000E+0	12,000000E+0
1223	56,000000E+0	0,000000E+0	458,000000E-3	837,000000E+0	12,000000E+0
1224	98,000000E+0	176,289150E+3	1,145000E+0	852,000000E+0	12,000000E+0
1225	98,000000E+0	176,289150E+3	1,145000E+0	852,000000E+0	12,000000E+0
1226	98,000000E+0	176,289150E+3	1,145000E+0	852,000000E+0	12,000000E+0
1227	98,000000E+0	176,289150E+3	1,145000E+0	852,000000E+0	12,000000E+0
1228	189,000000E+0	176,283770E+3	2,061000E+0	880,000000E+0	12,000000E+0
1229	189,000000E+0	176,283770E+3	2,061000E+0	880,000000E+0	12,000000E+0
1230	189,000000E+0	176,283770E+3	2,061000E+0	880,000000E+0	12,000000E+0
1231	189,000000E+0	176,283770E+3	2,061000E+0	880,000000E+0	12,000000E+0
1232	133,000000E+0	176,289150E+3	2,061000E+0	915,000000E+0	12,000000E+0
1233	133,000000E+0	176,289150E+3	2,061000E+0	915,000000E+0	12,000000E+0
1234	133,000000E+0	176,289150E+3	2,061000E+0	915,000000E+0	12,000000E+0
1235	133,000000E+0	176,289150E+3	2,061000E+0	915,000000E+0	12,000000E+0
1236	65,486000E+3	0,000000E+0	0,000000E+0	928,000000E+0	12,000000E+0
1237	65,486000E+3	0,000000E+0	0,000000E+0	928,000000E+0	12,000000E+0
1238	65,486000E+3	0,000000E+0	0,000000E+0	928,000000E+0	12,000000E+0
1239	65,486000E+3	0,000000E+0	0,000000E+0	928,000000E+0	12,000000E+0
1240	65,367000E+3	0,000000E+0	-1,603000E+0	908,000000E+0	12,000000E+0
1241	65,367000E+3	0,000000E+0	-1,603000E+0	908,000000E+0	12,000000E+0
1242	65,367000E+3	0,000000E+0	-1,603000E+0	908,000000E+0	12,000000E+0
1243	65,367000E+3	0,000000E+0	-1,603000E+0	908,000000E+0	12,000000E+0
1244	65,303000E+3	2,690000E+0	-2,748000E+0	868,000000E+0	12,000000E+0
1245	65,303000E+3	2,690000E+0	-2,748000E+0	868,000000E+0	12,000000E+0
1246	65,303000E+3	2,690000E+0	-2,748000E+0	868,000000E+0	12,000000E+0
1247	65,303000E+3	2,690000E+0	-2,748000E+0	868,000000E+0	12,000000E+0
1248	65,303000E+3	0,000000E+0	-3,206000E+0	820,000000E+0	12,000000E+0
1249	65,303000E+3	0,000000E+0	-3,206000E+0	820,000000E+0	12,000000E+0
1250	65,303000E+3	0,000000E+0	-3,206000E+0	820,000000E+0	12,000000E+0
1251	65,303000E+3	0,000000E+0	-3,206000E+0	820,000000E+0	12,000000E+0
1252	65,325000E+3	2,690000E+0	-2,977000E+0	772,000000E+0	12,000000E+0
1253	65,325000E+3	2,690000E+0	-2,977000E+0	772,000000E+0	12,000000E+0
1254	65,325000E+3	2,690000E+0	-2,977000E+0	772,000000E+0	12,000000E+0
1255	65,325000E+3	2,690000E+0	-2,977000E+0	772,000000E+0	12,000000E+0
1256	65,388000E+3	0,000000E+0	-2,290000E+0	734,000000E+0	12,000000E+0
1257	65,388000E+3	0,000000E+0	-2,290000E+0	734,000000E+0	12,000000E+0
1258	65,388000E+3	0,000000E+0	-2,290000E+0	734,000000E+0	12,000000E+0
1259	65,388000E+3	0,000000E+0	-2,290000E+0	734,000000E+0	12,000000E+0
1260	65,458000E+3	0,000000E+0	-1,145000E+0	709,000000E+0	12,000000E+0
1261	65,458000E+3	0,000000E+0	-1,145000E+0	709,000000E+0	12,000000E+0
1262	65,458000E+3	0,000000E+0	-1,145000E+0	709,000000E+0	12,000000E+0
1263	65,458000E+3	0,000000E+0	-1,145000E+0	709,000000E+0	12,000000E+0
1264	7,000000E+0	0,000000E+0	-229,000000E-3	700,000000E+0	12,000000E+0
1265	7,000000E+0	0,000000E+0	-229,000000E-3	700,000000E+0	12,000000E+0
1266	7,000000E+0	0,000000E+0	-229,000000E-3	700,000000E+0	12,000000E+0
1267	7,000000E+0	0,000000E+0	-229,000000E-3	700,000000E+0	12,000000E+0
1268	70,000000E+0	176,289150E+3	458,000000E-3	706,000000E+0	12,000000E+0
1269	70,000000E+0	176,289150E+3	458,000000E-3	706,000000E+0	12,000000E+0
1270	70,000000E+0	176,289150E+3	458,000000E-3	706,000000E+0	12,000000E+0
1271	70,000000E+0	176,289150E+3	458,000000E-3	706,000000E+0	12,000000E+0
1272	91,000000E+0	176,286460E+3	1,145000E+0	722,000000E+0	12,000000E+0
1273	91,000000E+0	176,286460E+3	1,145000E+0	722,000000E+0	12,000000E+0
1274	91,000000E+0	176,286460E+3	1,145000E+0	722,000000E+0	12,000000E+0
1275	91,000000E+0	176,286460E+3	1,145000E+0	722,000000E+0	12,000000E+0
1276	119,000000E+0	176,289150E+3	1,374000E+0	744,000000E+0	12,000000E+0
1277	119,000000E+0	176,289150E+3	1,374000E+0	744,000000E+0	12,000000E+0
1278	119,000000E+0	176,289150E+3	1,374000E+0	744,000000E+0	12,000000E+0
1279	119,000000E+0	176,289150E+3	1,374000E+0	744,000000E+0	12,000000E+0
1280	105,000000E+0	176,289150E+3	1,374000E+0	767,000000E+0	12,000000E+0
1281	105,000000E+0	176,289150E+3	1,374000E+0	767,000000E+0	12,000000E+0
1282	105,000000E+0	176,289150E+3	1,374000E+0	767,000000E+0	12,000000E+0
1283	105,000000E+0	176,289150E+3	1,374000E+0	767,000000E+0	12,000000E+0
1284	77,000000E+0	0,000000E+0	1,145000E+0	787,000000E+0	12,000000E+0
1285	77,000000E+0	0,000000E+0	1,145000E+0	787,000000E+0	12,000000E+0
1286	77,000000E+0	0,000000E+0	1,145000E+0	787,000000E+0	12,000000E+0
1287	77,000000E+0	0,000000E+0	1,145000E+0	787,000000E+0	12,000000E+0
1288	42,000000E+0	0,000000E+0	687,000000E-3	801,000000E+0	12,000000E+0
1289	42,000000E+0	0,000000E+0	687,000000E-3	801,000000E+0	12,000000E+0
1290	42,000000E+0	0,000000E+0	687,000000E-3	801,000000E+0	12,000000E+0
1291	42,000000E+0	0,000000E+0	687,000000E-3	801,000000E+0	12,000000E+0
1292	35,000000E+0	0,000000E+0	229,000000E-3	808,000000E+0	12,000000E+0
1293	35,000000E+0	0,000000E+0	229,000000E-3	808,000000E+0	12,000000E+0
1294	35,000000E+0	0,000000E+0	229,000000E-3	808,000000E+0	12,000000E+0
1295	35,000000E+0	0,000000E+0	229,000000E-3	808,000000E+0	12,000000E+0
1296	21,000000E+0	0,000000E+0	0,000000E+0	813,000000E+0	12,000000E+0
1297	21,000000E+0	0,000000E+0	0,000000E+0	813,000000E+0	12,000000E+0
1298	21,000000E+0	0,000000E+0	0,000000E+0	813,000000E+0	12,000000E+0
1299	21,000000E+0	0,000000E+0	0,000000E+0	813,000000E+0	12,000000E+0
1300	14,000000E+0	0,000000E+0	0,000000E+0	816,000000E+0	12,000000E+0
1301	14,000000E+0	0,000000E+0	0,000000E+0	816,000000E+0	12,000000E+0
1302	14,000000E+0	0,000000E+0	0,000000E+0	816,000000E+0	12,000000E+0
1303	14,000000E+0	0,000000E+0	0,000000E+0	816,000000E+0	12,000000E+0
1304	7,000000E+0	176,289150E+3	0,000000E+0	818,000000E+0	12,000000E+0
1305	7,000000E+0	176,289150E+3	0,000000E+0	818,000000E+0	12,000000E+0
1306	7,000000E+0	176,289150E+3	0,000000E+0	818,000000E+0	12,000000E+0
1307	7,000000E+0	176,289150E+3	0,000000E+0	818,000000E+0	12,000000E+0
1308	7,000000E+0	0,000000E+0	0,000000E+0	819,000000E+0	12,000000E+0
1309	7,000000E+0	0,000000E+0	0,000000E+0	819,000000E+0	12,000000E+0
1310	7,000000E+0	0,000000E+0	0,000000E+0	819,000000E+0	12,000000E+0
1311	7,000000E+0	0,000000E+0	0,000000E+0	819,000000E+0	12,000000E+0
1312	7,000000E+0	0,000000E+0	0,000000E+0	819,000000E+0	12,000000E+0
1313	7,000000E+0	0,000000E+0	0,000000E+0	819,000000E+0	12,000000E+0
1314	7,000000E+0	0,000000E+0	0,000000E+0	819,000000E+0	12,000000E+0
1315	7,000000E+0	0,000000E+0	0,000000E+0	819,000000E+0	12,000000E+0
1316	0,000000E+0	0,000000E+0	0,000000E+0	819,000000E+0	12,000000E+0
1317	0,000000E+0	0,000000E+0	0,000000E+0	819,000000E+0	12,000000E+0
1318	0,000000E+0	0,000000E+0	0,000000E+0	819,000000E+0	12,000000E+0
1319	0,000000E+0	0,000000E+0	0,000000E+0	819,000000E+0	12,000000E+0
1320	14,000000E+0	0,000000E+0	0,000000E+0	820,000000E+0	12,000000E+0
1321	14,000000E+0	0,000000E+0	0,000000E+0	820,000000E+0	12,000000E+0
1322	14,000000E+0	0,000000E+0	0,000000E+0	820,000000E+0	12,000000E+0
1323	14,000000E+0	0,000000E+0	0,000000E+0	820,000000E+0	12,000000E+0
1324	7,000000E+0	0,000000E+0	0,000000E+0	820,000000E+0	12,000000E+0
