vendredi 22 décembre 2023	16:29:41	Sampling Period : 40  ms		
Unities: time [sample], PWM [raw], Current [mA], velocity [rev/min], Position [pulse], Present Input Voltage [V]

t	DXL_PWM		DXL_Current		DXL_Velocity		DXL_Position		DXL_Input_Voltage
0	14,000000E+0	0,000000E+0	0,000000E+0	1,022000E+3	11,900000E+0
1	14,000000E+0	0,000000E+0	0,000000E+0	1,022000E+3	11,900000E+0
2	14,000000E+0	0,000000E+0	0,000000E+0	1,022000E+3	11,900000E+0
3	14,000000E+0	0,000000E+0	0,000000E+0	1,022000E+3	11,900000E+0
4	14,000000E+0	0,000000E+0	0,000000E+0	1,022000E+3	11,900000E+0
5	65,381000E+3	176,275700E+3	-229,000000E-3	1,018000E+3	11,900000E+0
6	65,381000E+3	176,275700E+3	-229,000000E-3	1,018000E+3	11,900000E+0
7	65,381000E+3	176,275700E+3	-229,000000E-3	1,018000E+3	11,900000E+0
8	65,381000E+3	176,275700E+3	-229,000000E-3	1,018000E+3	11,900000E+0
9	65,423000E+3	2,690000E+0	-1,832000E+0	986,000000E+0	11,900000E+0
10	65,423000E+3	2,690000E+0	-1,832000E+0	986,000000E+0	11,900000E+0
11	65,423000E+3	2,690000E+0	-1,832000E+0	986,000000E+0	11,900000E+0
12	65,423000E+3	2,690000E+0	-1,832000E+0	986,000000E+0	11,900000E+0
13	65,409000E+3	176,289150E+3	-2,061000E+0	965,000000E+0	11,900000E+0
14	65,409000E+3	176,289150E+3	-2,061000E+0	965,000000E+0	11,900000E+0
15	65,409000E+3	176,289150E+3	-2,061000E+0	965,000000E+0	11,900000E+0
16	65,409000E+3	176,289150E+3	-2,061000E+0	965,000000E+0	11,900000E+0
17	65,409000E+3	176,259560E+3	-1,374000E+0	942,000000E+0	11,900000E+0
18	65,409000E+3	176,259560E+3	-1,374000E+0	942,000000E+0	11,900000E+0
19	65,409000E+3	176,259560E+3	-1,374000E+0	942,000000E+0	11,900000E+0
20	65,409000E+3	176,259560E+3	-1,374000E+0	942,000000E+0	11,900000E+0
21	65,416000E+3	176,264940E+3	-1,145000E+0	920,000000E+0	11,900000E+0
22	65,416000E+3	176,264940E+3	-1,145000E+0	920,000000E+0	11,900000E+0
23	65,416000E+3	176,264940E+3	-1,145000E+0	920,000000E+0	11,900000E+0
24	65,416000E+3	176,264940E+3	-1,145000E+0	920,000000E+0	11,900000E+0
25	65,430000E+3	176,256870E+3	-1,374000E+0	900,000000E+0	11,900000E+0
26	65,430000E+3	176,256870E+3	-1,374000E+0	900,000000E+0	11,900000E+0
27	65,430000E+3	176,256870E+3	-1,374000E+0	900,000000E+0	11,900000E+0
28	65,430000E+3	176,256870E+3	-1,374000E+0	900,000000E+0	11,900000E+0
29	65,430000E+3	176,246110E+3	-1,145000E+0	883,000000E+0	11,900000E+0
30	65,430000E+3	176,246110E+3	-1,145000E+0	883,000000E+0	11,900000E+0
31	65,430000E+3	176,246110E+3	-1,145000E+0	883,000000E+0	11,900000E+0
32	65,430000E+3	176,246110E+3	-1,145000E+0	883,000000E+0	11,900000E+0
33	65,437000E+3	176,227280E+3	-916,000000E-3	867,000000E+0	11,900000E+0
34	65,437000E+3	176,227280E+3	-916,000000E-3	867,000000E+0	11,900000E+0
35	65,437000E+3	176,227280E+3	-916,000000E-3	867,000000E+0	11,900000E+0
36	65,437000E+3	176,227280E+3	-916,000000E-3	867,000000E+0	11,900000E+0
37	65,444000E+3	176,224590E+3	-916,000000E-3	854,000000E+0	11,900000E+0
38	65,444000E+3	176,224590E+3	-916,000000E-3	854,000000E+0	11,900000E+0
39	65,444000E+3	176,224590E+3	-916,000000E-3	854,000000E+0	11,900000E+0
40	65,444000E+3	176,224590E+3	-916,000000E-3	854,000000E+0	11,900000E+0
41	65,451000E+3	176,213830E+3	-458,000000E-3	844,000000E+0	11,900000E+0
42	65,451000E+3	176,213830E+3	-458,000000E-3	844,000000E+0	11,900000E+0
43	65,451000E+3	176,213830E+3	-458,000000E-3	844,000000E+0	11,900000E+0
44	65,451000E+3	176,213830E+3	-458,000000E-3	844,000000E+0	11,900000E+0
45	65,458000E+3	176,211140E+3	-458,000000E-3	836,000000E+0	11,900000E+0
46	65,458000E+3	176,211140E+3	-458,000000E-3	836,000000E+0	11,900000E+0
47	65,458000E+3	176,211140E+3	-458,000000E-3	836,000000E+0	11,900000E+0
48	65,458000E+3	176,211140E+3	-458,000000E-3	836,000000E+0	11,900000E+0
49	65,472000E+3	176,221900E+3	-229,000000E-3	830,000000E+0	11,900000E+0
50	65,472000E+3	176,221900E+3	-229,000000E-3	830,000000E+0	11,900000E+0
51	65,472000E+3	176,221900E+3	-229,000000E-3	830,000000E+0	11,900000E+0
52	65,472000E+3	176,221900E+3	-229,000000E-3	830,000000E+0	11,900000E+0
53	65,500000E+3	176,238040E+3	0,000000E+0	827,000000E+0	11,900000E+0
54	65,500000E+3	176,238040E+3	0,000000E+0	827,000000E+0	11,900000E+0
55	65,500000E+3	176,238040E+3	0,000000E+0	827,000000E+0	11,900000E+0
56	65,500000E+3	176,238040E+3	0,000000E+0	827,000000E+0	11,900000E+0
57	65,458000E+3	176,221900E+3	-229,000000E-3	825,000000E+0	11,900000E+0
58	65,458000E+3	176,221900E+3	-229,000000E-3	825,000000E+0	11,900000E+0
59	65,458000E+3	176,221900E+3	-229,000000E-3	825,000000E+0	11,900000E+0
60	65,458000E+3	176,221900E+3	-229,000000E-3	825,000000E+0	11,900000E+0
61	65,381000E+3	176,189620E+3	-916,000000E-3	813,000000E+0	11,900000E+0
62	65,381000E+3	176,189620E+3	-916,000000E-3	813,000000E+0	11,900000E+0
63	65,381000E+3	176,189620E+3	-916,000000E-3	813,000000E+0	11,900000E+0
64	65,381000E+3	176,189620E+3	-916,000000E-3	813,000000E+0	11,900000E+0
65	65,346000E+3	176,178860E+3	-1,832000E+0	788,000000E+0	11,900000E+0
66	65,346000E+3	176,178860E+3	-1,832000E+0	788,000000E+0	11,900000E+0
67	65,346000E+3	176,178860E+3	-1,832000E+0	788,000000E+0	11,900000E+0
68	65,346000E+3	176,178860E+3	-1,832000E+0	788,000000E+0	11,900000E+0
69	65,325000E+3	176,186930E+3	-2,290000E+0	756,000000E+0	11,900000E+0
70	65,325000E+3	176,186930E+3	-2,290000E+0	756,000000E+0	11,900000E+0
71	65,325000E+3	176,186930E+3	-2,290000E+0	756,000000E+0	11,900000E+0
72	65,325000E+3	176,186930E+3	-2,290000E+0	756,000000E+0	11,900000E+0
73	65,346000E+3	176,192310E+3	-2,519000E+0	725,000000E+0	11,900000E+0
74	65,346000E+3	176,192310E+3	-2,519000E+0	725,000000E+0	11,900000E+0
75	65,346000E+3	176,192310E+3	-2,519000E+0	725,000000E+0	11,900000E+0
76	65,346000E+3	176,192310E+3	-2,519000E+0	725,000000E+0	11,900000E+0
77	65,381000E+3	176,197690E+3	-1,832000E+0	699,000000E+0	11,900000E+0
78	65,381000E+3	176,197690E+3	-1,832000E+0	699,000000E+0	11,900000E+0
79	65,381000E+3	176,197690E+3	-1,832000E+0	699,000000E+0	11,900000E+0
80	65,381000E+3	176,197690E+3	-1,832000E+0	699,000000E+0	11,900000E+0
81	65,430000E+3	176,181550E+3	-1,145000E+0	684,000000E+0	12,000000E+0
82	65,430000E+3	176,181550E+3	-1,145000E+0	684,000000E+0	12,000000E+0
83	65,430000E+3	176,181550E+3	-1,145000E+0	684,000000E+0	12,000000E+0
84	65,430000E+3	176,181550E+3	-1,145000E+0	684,000000E+0	12,000000E+0
85	65,479000E+3	176,219210E+3	-229,000000E-3	680,000000E+0	11,900000E+0
86	65,479000E+3	176,219210E+3	-229,000000E-3	680,000000E+0	11,900000E+0
87	65,479000E+3	176,219210E+3	-229,000000E-3	680,000000E+0	11,900000E+0
88	65,479000E+3	176,219210E+3	-229,000000E-3	680,000000E+0	11,900000E+0
89	28,000000E+0	176,248800E+3	458,000000E-3	685,000000E+0	11,900000E+0
90	28,000000E+0	176,248800E+3	458,000000E-3	685,000000E+0	11,900000E+0
91	28,000000E+0	176,248800E+3	458,000000E-3	685,000000E+0	11,900000E+0
92	28,000000E+0	176,248800E+3	458,000000E-3	685,000000E+0	11,900000E+0
93	77,000000E+0	176,254180E+3	916,000000E-3	701,000000E+0	11,900000E+0
94	77,000000E+0	176,254180E+3	916,000000E-3	701,000000E+0	11,900000E+0
95	77,000000E+0	176,254180E+3	916,000000E-3	701,000000E+0	11,900000E+0
96	77,000000E+0	176,254180E+3	916,000000E-3	701,000000E+0	11,900000E+0
97	84,000000E+0	176,256870E+3	1,603000E+0	724,000000E+0	12,000000E+0
98	84,000000E+0	176,256870E+3	1,603000E+0	724,000000E+0	12,000000E+0
99	84,000000E+0	176,256870E+3	1,603000E+0	724,000000E+0	12,000000E+0
100	84,000000E+0	176,256870E+3	1,603000E+0	724,000000E+0	12,000000E+0
101	84,000000E+0	176,264940E+3	1,603000E+0	748,000000E+0	12,000000E+0
102	84,000000E+0	176,264940E+3	1,603000E+0	748,000000E+0	12,000000E+0
103	84,000000E+0	176,264940E+3	1,603000E+0	748,000000E+0	12,000000E+0
104	84,000000E+0	176,264940E+3	1,603000E+0	748,000000E+0	12,000000E+0
105	77,000000E+0	176,262250E+3	1,603000E+0	771,000000E+0	12,000000E+0
106	77,000000E+0	176,262250E+3	1,603000E+0	771,000000E+0	12,000000E+0
107	77,000000E+0	176,262250E+3	1,603000E+0	771,000000E+0	12,000000E+0
108	77,000000E+0	176,262250E+3	1,603000E+0	771,000000E+0	12,000000E+0
109	49,000000E+0	176,259560E+3	1,603000E+0	791,000000E+0	11,900000E+0
110	49,000000E+0	176,259560E+3	1,603000E+0	791,000000E+0	11,900000E+0
111	49,000000E+0	176,259560E+3	1,603000E+0	791,000000E+0	11,900000E+0
112	49,000000E+0	176,259560E+3	1,603000E+0	791,000000E+0	11,900000E+0
113	21,000000E+0	176,248800E+3	1,374000E+0	805,000000E+0	11,900000E+0
114	21,000000E+0	176,248800E+3	1,374000E+0	805,000000E+0	11,900000E+0
115	21,000000E+0	176,248800E+3	1,374000E+0	805,000000E+0	11,900000E+0
116	21,000000E+0	176,248800E+3	1,374000E+0	805,000000E+0	11,900000E+0
117	7,000000E+0	176,262250E+3	458,000000E-3	813,000000E+0	11,900000E+0
118	7,000000E+0	176,262250E+3	458,000000E-3	813,000000E+0	11,900000E+0
119	7,000000E+0	176,262250E+3	458,000000E-3	813,000000E+0	11,900000E+0
120	7,000000E+0	176,262250E+3	458,000000E-3	813,000000E+0	11,900000E+0
121	0,000000E+0	176,270320E+3	229,000000E-3	817,000000E+0	11,900000E+0
122	0,000000E+0	176,270320E+3	229,000000E-3	817,000000E+0	11,900000E+0
123	0,000000E+0	176,270320E+3	229,000000E-3	817,000000E+0	11,900000E+0
124	0,000000E+0	176,270320E+3	229,000000E-3	817,000000E+0	11,900000E+0
125	0,000000E+0	176,273010E+3	0,000000E+0	820,000000E+0	11,900000E+0
126	0,000000E+0	176,273010E+3	0,000000E+0	820,000000E+0	11,900000E+0
127	0,000000E+0	176,273010E+3	0,000000E+0	820,000000E+0	11,900000E+0
128	0,000000E+0	176,273010E+3	0,000000E+0	820,000000E+0	11,900000E+0
129	0,000000E+0	176,273010E+3	0,000000E+0	823,000000E+0	11,900000E+0
130	0,000000E+0	176,273010E+3	0,000000E+0	823,000000E+0	11,900000E+0
131	0,000000E+0	176,273010E+3	0,000000E+0	823,000000E+0	11,900000E+0
132	0,000000E+0	176,273010E+3	0,000000E+0	823,000000E+0	11,900000E+0
133	0,000000E+0	176,270320E+3	0,000000E+0	826,000000E+0	11,900000E+0
134	0,000000E+0	176,270320E+3	0,000000E+0	826,000000E+0	11,900000E+0
135	0,000000E+0	176,270320E+3	0,000000E+0	826,000000E+0	11,900000E+0
136	0,000000E+0	176,270320E+3	0,000000E+0	826,000000E+0	11,900000E+0
137	14,000000E+0	176,270320E+3	0,000000E+0	830,000000E+0	11,900000E+0
138	14,000000E+0	176,270320E+3	0,000000E+0	830,000000E+0	11,900000E+0
139	14,000000E+0	176,270320E+3	0,000000E+0	830,000000E+0	11,900000E+0
140	14,000000E+0	176,270320E+3	0,000000E+0	830,000000E+0	11,900000E+0
141	28,000000E+0	176,278390E+3	229,000000E-3	835,000000E+0	11,900000E+0
142	28,000000E+0	176,278390E+3	229,000000E-3	835,000000E+0	11,900000E+0
143	28,000000E+0	176,278390E+3	229,000000E-3	835,000000E+0	11,900000E+0
144	28,000000E+0	176,278390E+3	229,000000E-3	835,000000E+0	11,900000E+0
145	63,000000E+0	176,281080E+3	458,000000E-3	845,000000E+0	11,900000E+0
146	63,000000E+0	176,281080E+3	458,000000E-3	845,000000E+0	11,900000E+0
147	63,000000E+0	176,281080E+3	458,000000E-3	845,000000E+0	11,900000E+0
148	63,000000E+0	176,281080E+3	458,000000E-3	845,000000E+0	11,900000E+0
149	133,000000E+0	176,286460E+3	1,145000E+0	863,000000E+0	11,900000E+0
150	133,000000E+0	176,286460E+3	1,145000E+0	863,000000E+0	11,900000E+0
151	133,000000E+0	176,286460E+3	1,145000E+0	863,000000E+0	11,900000E+0
152	133,000000E+0	176,286460E+3	1,145000E+0	863,000000E+0	11,900000E+0
153	196,000000E+0	176,275700E+3	2,519000E+0	897,000000E+0	11,900000E+0
154	196,000000E+0	176,275700E+3	2,519000E+0	897,000000E+0	11,900000E+0
155	196,000000E+0	176,275700E+3	2,519000E+0	897,000000E+0	11,900000E+0
156	196,000000E+0	176,275700E+3	2,519000E+0	897,000000E+0	11,900000E+0
157	14,000000E+0	176,246110E+3	2,290000E+0	931,000000E+0	11,900000E+0
158	14,000000E+0	176,246110E+3	2,290000E+0	931,000000E+0	11,900000E+0
159	14,000000E+0	176,246110E+3	2,290000E+0	931,000000E+0	11,900000E+0
160	14,000000E+0	176,246110E+3	2,290000E+0	931,000000E+0	11,900000E+0
161	65,388000E+3	176,224590E+3	0,000000E+0	927,000000E+0	11,900000E+0
162	65,388000E+3	176,224590E+3	0,000000E+0	927,000000E+0	11,900000E+0
163	65,388000E+3	176,224590E+3	0,000000E+0	927,000000E+0	11,900000E+0
164	65,388000E+3	176,224590E+3	0,000000E+0	927,000000E+0	11,900000E+0
165	65,303000E+3	176,270320E+3	-2,061000E+0	894,000000E+0	11,900000E+0
166	65,303000E+3	176,270320E+3	-2,061000E+0	894,000000E+0	11,900000E+0
167	65,303000E+3	176,270320E+3	-2,061000E+0	894,000000E+0	11,900000E+0
168	65,303000E+3	176,270320E+3	-2,061000E+0	894,000000E+0	11,900000E+0
169	65,275000E+3	176,267630E+3	-3,664000E+0	847,000000E+0	11,900000E+0
170	65,275000E+3	176,267630E+3	-3,664000E+0	847,000000E+0	11,900000E+0
171	65,275000E+3	176,267630E+3	-3,664000E+0	847,000000E+0	11,900000E+0
172	65,275000E+3	176,267630E+3	-3,664000E+0	847,000000E+0	11,900000E+0
173	65,282000E+3	176,248800E+3	-3,893000E+0	799,000000E+0	11,900000E+0
174	65,282000E+3	176,248800E+3	-3,893000E+0	799,000000E+0	11,900000E+0
175	65,282000E+3	176,248800E+3	-3,893000E+0	799,000000E+0	11,900000E+0
176	65,282000E+3	176,248800E+3	-3,893000E+0	799,000000E+0	11,900000E+0
177	65,318000E+3	176,211140E+3	-3,206000E+0	757,000000E+0	11,900000E+0
178	65,318000E+3	176,211140E+3	-3,206000E+0	757,000000E+0	11,900000E+0
179	65,318000E+3	176,211140E+3	-3,206000E+0	757,000000E+0	11,900000E+0
180	65,318000E+3	176,211140E+3	-3,206000E+0	757,000000E+0	11,900000E+0
181	65,381000E+3	176,216520E+3	-2,290000E+0	725,000000E+0	11,900000E+0
182	65,381000E+3	176,216520E+3	-2,290000E+0	725,000000E+0	11,900000E+0
183	65,381000E+3	176,216520E+3	-2,290000E+0	725,000000E+0	11,900000E+0
184	65,381000E+3	176,216520E+3	-2,290000E+0	725,000000E+0	11,900000E+0
185	65,444000E+3	176,192310E+3	-1,145000E+0	711,000000E+0	11,900000E+0
186	65,444000E+3	176,192310E+3	-1,145000E+0	711,000000E+0	11,900000E+0
187	65,444000E+3	176,192310E+3	-1,145000E+0	711,000000E+0	11,900000E+0
188	65,444000E+3	176,192310E+3	-1,145000E+0	711,000000E+0	11,900000E+0
189	65,521000E+3	176,254180E+3	0,000000E+0	709,000000E+0	11,900000E+0
190	65,521000E+3	176,254180E+3	0,000000E+0	709,000000E+0	11,900000E+0
191	65,521000E+3	176,254180E+3	0,000000E+0	709,000000E+0	11,900000E+0
192	65,521000E+3	176,254180E+3	0,000000E+0	709,000000E+0	11,900000E+0
193	63,000000E+0	176,254180E+3	687,000000E-3	717,000000E+0	11,900000E+0
194	63,000000E+0	176,254180E+3	687,000000E-3	717,000000E+0	11,900000E+0
195	63,000000E+0	176,254180E+3	687,000000E-3	717,000000E+0	11,900000E+0
196	63,000000E+0	176,254180E+3	687,000000E-3	717,000000E+0	11,900000E+0
197	70,000000E+0	176,262250E+3	1,145000E+0	737,000000E+0	11,900000E+0
198	70,000000E+0	176,262250E+3	1,145000E+0	737,000000E+0	11,900000E+0
199	70,000000E+0	176,262250E+3	1,145000E+0	737,000000E+0	11,900000E+0
200	70,000000E+0	176,262250E+3	1,145000E+0	737,000000E+0	11,900000E+0
201	91,000000E+0	176,267630E+3	1,374000E+0	759,000000E+0	11,900000E+0
202	91,000000E+0	176,267630E+3	1,374000E+0	759,000000E+0	11,900000E+0
203	91,000000E+0	176,267630E+3	1,374000E+0	759,000000E+0	11,900000E+0
204	91,000000E+0	176,267630E+3	1,374000E+0	759,000000E+0	11,900000E+0
205	70,000000E+0	176,270320E+3	1,603000E+0	782,000000E+0	11,900000E+0
206	70,000000E+0	176,270320E+3	1,603000E+0	782,000000E+0	11,900000E+0
207	70,000000E+0	176,270320E+3	1,603000E+0	782,000000E+0	11,900000E+0
208	70,000000E+0	176,270320E+3	1,603000E+0	782,000000E+0	11,900000E+0
209	42,000000E+0	176,262250E+3	1,374000E+0	799,000000E+0	11,900000E+0
210	42,000000E+0	176,262250E+3	1,374000E+0	799,000000E+0	11,900000E+0
211	42,000000E+0	176,262250E+3	1,374000E+0	799,000000E+0	11,900000E+0
212	42,000000E+0	176,262250E+3	1,374000E+0	799,000000E+0	11,900000E+0
213	7,000000E+0	176,254180E+3	916,000000E-3	810,000000E+0	11,900000E+0
214	7,000000E+0	176,254180E+3	916,000000E-3	810,000000E+0	11,900000E+0
215	7,000000E+0	176,254180E+3	916,000000E-3	810,000000E+0	11,900000E+0
216	7,000000E+0	176,254180E+3	916,000000E-3	810,000000E+0	11,900000E+0
217	0,000000E+0	176,254180E+3	458,000000E-3	816,000000E+0	11,900000E+0
218	0,000000E+0	176,254180E+3	458,000000E-3	816,000000E+0	11,900000E+0
219	0,000000E+0	176,254180E+3	458,000000E-3	816,000000E+0	11,900000E+0
220	0,000000E+0	176,254180E+3	458,000000E-3	816,000000E+0	11,900000E+0
221	0,000000E+0	176,270320E+3	229,000000E-3	819,000000E+0	11,900000E+0
222	0,000000E+0	176,270320E+3	229,000000E-3	819,000000E+0	11,900000E+0
223	0,000000E+0	176,270320E+3	229,000000E-3	819,000000E+0	11,900000E+0
224	0,000000E+0	176,270320E+3	229,000000E-3	819,000000E+0	11,900000E+0
225	65,528000E+3	176,275700E+3	0,000000E+0	822,000000E+0	11,900000E+0
226	65,528000E+3	176,275700E+3	0,000000E+0	822,000000E+0	11,900000E+0
227	65,528000E+3	176,275700E+3	0,000000E+0	822,000000E+0	11,900000E+0
228	65,528000E+3	176,275700E+3	0,000000E+0	822,000000E+0	11,900000E+0
229	0,000000E+0	176,270320E+3	0,000000E+0	824,000000E+0	11,900000E+0
230	0,000000E+0	176,270320E+3	0,000000E+0	824,000000E+0	11,900000E+0
231	0,000000E+0	176,270320E+3	0,000000E+0	824,000000E+0	11,900000E+0
232	0,000000E+0	176,270320E+3	0,000000E+0	824,000000E+0	11,900000E+0
233	7,000000E+0	176,275700E+3	0,000000E+0	828,000000E+0	11,900000E+0
234	7,000000E+0	176,275700E+3	0,000000E+0	828,000000E+0	11,900000E+0
235	7,000000E+0	176,275700E+3	0,000000E+0	828,000000E+0	11,900000E+0
236	7,000000E+0	176,275700E+3	0,000000E+0	828,000000E+0	11,900000E+0
237	14,000000E+0	176,278390E+3	229,000000E-3	832,000000E+0	11,900000E+0
238	14,000000E+0	176,278390E+3	229,000000E-3	832,000000E+0	11,900000E+0
239	14,000000E+0	176,278390E+3	229,000000E-3	832,000000E+0	11,900000E+0
240	14,000000E+0	176,278390E+3	229,000000E-3	832,000000E+0	11,900000E+0
241	42,000000E+0	176,275700E+3	229,000000E-3	839,000000E+0	11,900000E+0
242	42,000000E+0	176,275700E+3	229,000000E-3	839,000000E+0	11,900000E+0
243	42,000000E+0	176,275700E+3	229,000000E-3	839,000000E+0	11,900000E+0
244	42,000000E+0	176,275700E+3	229,000000E-3	839,000000E+0	11,900000E+0
245	91,000000E+0	176,283770E+3	916,000000E-3	853,000000E+0	11,900000E+0
246	91,000000E+0	176,283770E+3	916,000000E-3	853,000000E+0	11,900000E+0
247	91,000000E+0	176,283770E+3	916,000000E-3	853,000000E+0	11,900000E+0
248	91,000000E+0	176,283770E+3	916,000000E-3	853,000000E+0	11,900000E+0
249	189,000000E+0	176,283770E+3	2,061000E+0	879,000000E+0	11,900000E+0
250	189,000000E+0	176,283770E+3	2,061000E+0	879,000000E+0	11,900000E+0
251	189,000000E+0	176,283770E+3	2,061000E+0	879,000000E+0	11,900000E+0
252	189,000000E+0	176,283770E+3	2,061000E+0	879,000000E+0	11,900000E+0
253	105,000000E+0	176,259560E+3	2,977000E+0	919,000000E+0	11,900000E+0
254	105,000000E+0	176,259560E+3	2,977000E+0	919,000000E+0	11,900000E+0
255	105,000000E+0	176,259560E+3	2,977000E+0	919,000000E+0	11,900000E+0
256	105,000000E+0	176,259560E+3	2,977000E+0	919,000000E+0	11,900000E+0
257	65,451000E+3	176,213830E+3	1,374000E+0	934,000000E+0	11,900000E+0
258	65,451000E+3	176,213830E+3	1,374000E+0	934,000000E+0	11,900000E+0
259	65,451000E+3	176,213830E+3	1,374000E+0	934,000000E+0	11,900000E+0
260	65,451000E+3	176,213830E+3	1,374000E+0	934,000000E+0	11,900000E+0
261	65,339000E+3	176,251490E+3	-1,374000E+0	913,000000E+0	11,900000E+0
262	65,339000E+3	176,251490E+3	-1,374000E+0	913,000000E+0	11,900000E+0
263	65,339000E+3	176,251490E+3	-1,374000E+0	913,000000E+0	11,900000E+0
264	65,339000E+3	176,251490E+3	-1,374000E+0	913,000000E+0	11,900000E+0
265	65,282000E+3	176,275700E+3	-2,748000E+0	871,000000E+0	11,900000E+0
266	65,282000E+3	176,275700E+3	-2,748000E+0	871,000000E+0	11,900000E+0
267	65,282000E+3	176,275700E+3	-2,748000E+0	871,000000E+0	11,900000E+0
268	65,282000E+3	176,275700E+3	-2,748000E+0	871,000000E+0	11,900000E+0
269	65,268000E+3	176,264940E+3	-3,893000E+0	823,000000E+0	11,900000E+0
270	65,268000E+3	176,264940E+3	-3,893000E+0	823,000000E+0	11,900000E+0
271	65,268000E+3	176,264940E+3	-3,893000E+0	823,000000E+0	11,900000E+0
272	65,268000E+3	176,264940E+3	-3,893000E+0	823,000000E+0	11,900000E+0
273	65,303000E+3	176,229970E+3	-3,664000E+0	776,000000E+0	11,900000E+0
274	65,303000E+3	176,229970E+3	-3,664000E+0	776,000000E+0	11,900000E+0
275	65,303000E+3	176,229970E+3	-3,664000E+0	776,000000E+0	11,900000E+0
276	65,303000E+3	176,229970E+3	-3,664000E+0	776,000000E+0	11,900000E+0
277	65,353000E+3	176,213830E+3	-2,748000E+0	740,000000E+0	11,900000E+0
278	65,353000E+3	176,213830E+3	-2,748000E+0	740,000000E+0	11,900000E+0
279	65,353000E+3	176,213830E+3	-2,748000E+0	740,000000E+0	11,900000E+0
280	65,353000E+3	176,213830E+3	-2,748000E+0	740,000000E+0	11,900000E+0
281	65,416000E+3	176,203070E+3	-1,832000E+0	716,000000E+0	11,900000E+0
282	65,416000E+3	176,203070E+3	-1,832000E+0	716,000000E+0	11,900000E+0
283	65,416000E+3	176,203070E+3	-1,832000E+0	716,000000E+0	11,900000E+0
284	65,416000E+3	176,203070E+3	-1,832000E+0	716,000000E+0	11,900000E+0
285	65,486000E+3	176,213830E+3	-458,000000E-3	709,000000E+0	11,900000E+0
286	65,486000E+3	176,213830E+3	-458,000000E-3	709,000000E+0	11,900000E+0
287	65,486000E+3	176,213830E+3	-458,000000E-3	709,000000E+0	11,900000E+0
288	65,486000E+3	176,213830E+3	-458,000000E-3	709,000000E+0	11,900000E+0
289	28,000000E+0	176,256870E+3	229,000000E-3	713,000000E+0	11,900000E+0
290	28,000000E+0	176,256870E+3	229,000000E-3	713,000000E+0	11,900000E+0
291	28,000000E+0	176,256870E+3	229,000000E-3	713,000000E+0	11,900000E+0
292	28,000000E+0	176,256870E+3	229,000000E-3	713,000000E+0	11,900000E+0
293	70,000000E+0	176,262250E+3	916,000000E-3	727,000000E+0	11,900000E+0
294	70,000000E+0	176,262250E+3	916,000000E-3	727,000000E+0	11,900000E+0
295	70,000000E+0	176,262250E+3	916,000000E-3	727,000000E+0	11,900000E+0
296	70,000000E+0	176,262250E+3	916,000000E-3	727,000000E+0	11,900000E+0
297	84,000000E+0	176,267630E+3	1,374000E+0	747,000000E+0	11,900000E+0
298	84,000000E+0	176,267630E+3	1,374000E+0	747,000000E+0	11,900000E+0
299	84,000000E+0	176,267630E+3	1,374000E+0	747,000000E+0	11,900000E+0
300	84,000000E+0	176,267630E+3	1,374000E+0	747,000000E+0	11,900000E+0
301	84,000000E+0	176,270320E+3	1,603000E+0	771,000000E+0	11,900000E+0
302	84,000000E+0	176,270320E+3	1,603000E+0	771,000000E+0	11,900000E+0
303	84,000000E+0	176,270320E+3	1,603000E+0	771,000000E+0	11,900000E+0
304	84,000000E+0	176,270320E+3	1,603000E+0	771,000000E+0	11,900000E+0
305	49,000000E+0	176,267630E+3	1,374000E+0	791,000000E+0	11,900000E+0
306	49,000000E+0	176,267630E+3	1,374000E+0	791,000000E+0	11,900000E+0
307	49,000000E+0	176,267630E+3	1,374000E+0	791,000000E+0	11,900000E+0
308	49,000000E+0	176,267630E+3	1,374000E+0	791,000000E+0	11,900000E+0
309	21,000000E+0	176,248800E+3	1,145000E+0	805,000000E+0	11,900000E+0
310	21,000000E+0	176,248800E+3	1,145000E+0	805,000000E+0	11,900000E+0
311	21,000000E+0	176,248800E+3	1,145000E+0	805,000000E+0	11,900000E+0
312	21,000000E+0	176,248800E+3	1,145000E+0	805,000000E+0	11,900000E+0
313	7,000000E+0	176,262250E+3	687,000000E-3	813,000000E+0	11,900000E+0
314	7,000000E+0	176,262250E+3	687,000000E-3	813,000000E+0	11,900000E+0
315	7,000000E+0	176,262250E+3	687,000000E-3	813,000000E+0	11,900000E+0
316	7,000000E+0	176,262250E+3	687,000000E-3	813,000000E+0	11,900000E+0
317	0,000000E+0	176,270320E+3	229,000000E-3	817,000000E+0	11,900000E+0
318	0,000000E+0	176,270320E+3	229,000000E-3	817,000000E+0	11,900000E+0
319	0,000000E+0	176,270320E+3	229,000000E-3	817,000000E+0	11,900000E+0
320	0,000000E+0	176,270320E+3	229,000000E-3	817,000000E+0	11,900000E+0
321	0,000000E+0	176,273010E+3	0,000000E+0	820,000000E+0	11,900000E+0
322	0,000000E+0	176,273010E+3	0,000000E+0	820,000000E+0	11,900000E+0
323	0,000000E+0	176,273010E+3	0,000000E+0	820,000000E+0	11,900000E+0
324	0,000000E+0	176,273010E+3	0,000000E+0	820,000000E+0	11,900000E+0
325	0,000000E+0	176,273010E+3	0,000000E+0	823,000000E+0	11,900000E+0
326	0,000000E+0	176,273010E+3	0,000000E+0	823,000000E+0	11,900000E+0
327	0,000000E+0	176,273010E+3	0,000000E+0	823,000000E+0	11,900000E+0
328	0,000000E+0	176,273010E+3	0,000000E+0	823,000000E+0	11,900000E+0
329	0,000000E+0	176,273010E+3	0,000000E+0	826,000000E+0	11,900000E+0
330	0,000000E+0	176,273010E+3	0,000000E+0	826,000000E+0	11,900000E+0
331	0,000000E+0	176,273010E+3	0,000000E+0	826,000000E+0	11,900000E+0
332	0,000000E+0	176,273010E+3	0,000000E+0	826,000000E+0	11,900000E+0
333	7,000000E+0	176,270320E+3	0,000000E+0	830,000000E+0	11,900000E+0
334	7,000000E+0	176,270320E+3	0,000000E+0	830,000000E+0	11,900000E+0
335	7,000000E+0	176,270320E+3	0,000000E+0	830,000000E+0	11,900000E+0
336	7,000000E+0	176,270320E+3	0,000000E+0	830,000000E+0	11,900000E+0
337	28,000000E+0	176,278390E+3	0,000000E+0	835,000000E+0	11,900000E+0
338	28,000000E+0	176,278390E+3	0,000000E+0	835,000000E+0	11,900000E+0
339	28,000000E+0	176,278390E+3	0,000000E+0	835,000000E+0	11,900000E+0
340	28,000000E+0	176,278390E+3	0,000000E+0	835,000000E+0	11,900000E+0
341	63,000000E+0	176,281080E+3	458,000000E-3	845,000000E+0	12,000000E+0
342	63,000000E+0	176,281080E+3	458,000000E-3	845,000000E+0	12,000000E+0
343	63,000000E+0	176,281080E+3	458,000000E-3	845,000000E+0	12,000000E+0
344	63,000000E+0	176,281080E+3	458,000000E-3	845,000000E+0	12,000000E+0
345	133,000000E+0	176,289150E+3	1,145000E+0	863,000000E+0	12,000000E+0
346	133,000000E+0	176,289150E+3	1,145000E+0	863,000000E+0	12,000000E+0
347	133,000000E+0	176,289150E+3	1,145000E+0	863,000000E+0	12,000000E+0
348	133,000000E+0	176,289150E+3	1,145000E+0	863,000000E+0	12,000000E+0
349	189,000000E+0	176,275700E+3	2,748000E+0	898,000000E+0	11,900000E+0
350	189,000000E+0	176,275700E+3	2,748000E+0	898,000000E+0	11,900000E+0
351	189,000000E+0	176,275700E+3	2,748000E+0	898,000000E+0	11,900000E+0
352	189,000000E+0	176,275700E+3	2,748000E+0	898,000000E+0	11,900000E+0
353	14,000000E+0	176,248800E+3	2,519000E+0	931,000000E+0	11,900000E+0
354	14,000000E+0	176,248800E+3	2,519000E+0	931,000000E+0	11,900000E+0
355	14,000000E+0	176,248800E+3	2,519000E+0	931,000000E+0	11,900000E+0
356	14,000000E+0	176,248800E+3	2,519000E+0	931,000000E+0	11,900000E+0
357	65,388000E+3	176,221900E+3	0,000000E+0	927,000000E+0	11,900000E+0
358	65,388000E+3	176,221900E+3	0,000000E+0	927,000000E+0	11,900000E+0
359	65,388000E+3	176,221900E+3	0,000000E+0	927,000000E+0	11,900000E+0
360	65,388000E+3	176,221900E+3	0,000000E+0	927,000000E+0	11,900000E+0
361	65,303000E+3	176,270320E+3	-2,061000E+0	894,000000E+0	11,900000E+0
362	65,303000E+3	176,270320E+3	-2,061000E+0	894,000000E+0	11,900000E+0
363	65,303000E+3	176,270320E+3	-2,061000E+0	894,000000E+0	11,900000E+0
364	65,303000E+3	176,270320E+3	-2,061000E+0	894,000000E+0	11,900000E+0
365	65,275000E+3	176,273010E+3	-3,664000E+0	847,000000E+0	11,900000E+0
366	65,275000E+3	176,273010E+3	-3,664000E+0	847,000000E+0	11,900000E+0
367	65,275000E+3	176,273010E+3	-3,664000E+0	847,000000E+0	11,900000E+0
368	65,275000E+3	176,273010E+3	-3,664000E+0	847,000000E+0	11,900000E+0
369	65,282000E+3	176,246110E+3	-3,664000E+0	799,000000E+0	11,900000E+0
370	65,282000E+3	176,246110E+3	-3,664000E+0	799,000000E+0	11,900000E+0
371	65,282000E+3	176,246110E+3	-3,664000E+0	799,000000E+0	11,900000E+0
372	65,282000E+3	176,246110E+3	-3,664000E+0	799,000000E+0	11,900000E+0
373	65,318000E+3	176,205760E+3	-3,206000E+0	756,000000E+0	11,900000E+0
374	65,318000E+3	176,205760E+3	-3,206000E+0	756,000000E+0	11,900000E+0
375	65,318000E+3	176,205760E+3	-3,206000E+0	756,000000E+0	11,900000E+0
376	65,318000E+3	176,205760E+3	-3,206000E+0	756,000000E+0	11,900000E+0
377	65,381000E+3	176,216520E+3	-2,290000E+0	726,000000E+0	11,900000E+0
378	65,381000E+3	176,216520E+3	-2,290000E+0	726,000000E+0	11,900000E+0
379	65,381000E+3	176,216520E+3	-2,290000E+0	726,000000E+0	11,900000E+0
380	65,381000E+3	176,216520E+3	-2,290000E+0	726,000000E+0	11,900000E+0
381	65,444000E+3	176,195000E+3	-1,145000E+0	711,000000E+0	11,900000E+0
382	65,444000E+3	176,195000E+3	-1,145000E+0	711,000000E+0	11,900000E+0
383	65,444000E+3	176,195000E+3	-1,145000E+0	711,000000E+0	11,900000E+0
384	65,444000E+3	176,195000E+3	-1,145000E+0	711,000000E+0	11,900000E+0
385	65,514000E+3	176,254180E+3	0,000000E+0	709,000000E+0	11,900000E+0
386	65,514000E+3	176,254180E+3	0,000000E+0	709,000000E+0	11,900000E+0
387	65,514000E+3	176,254180E+3	0,000000E+0	709,000000E+0	11,900000E+0
388	65,514000E+3	176,254180E+3	0,000000E+0	709,000000E+0	11,900000E+0
389	63,000000E+0	176,256870E+3	687,000000E-3	718,000000E+0	11,900000E+0
390	63,000000E+0	176,256870E+3	687,000000E-3	718,000000E+0	11,900000E+0
391	63,000000E+0	176,256870E+3	687,000000E-3	718,000000E+0	11,900000E+0
392	63,000000E+0	176,256870E+3	687,000000E-3	718,000000E+0	11,900000E+0
393	77,000000E+0	176,262250E+3	1,145000E+0	737,000000E+0	11,900000E+0
394	77,000000E+0	176,262250E+3	1,145000E+0	737,000000E+0	11,900000E+0
395	77,000000E+0	176,262250E+3	1,145000E+0	737,000000E+0	11,900000E+0
396	77,000000E+0	176,262250E+3	1,145000E+0	737,000000E+0	11,900000E+0
397	98,000000E+0	176,273010E+3	1,374000E+0	759,000000E+0	11,900000E+0
398	98,000000E+0	176,273010E+3	1,374000E+0	759,000000E+0	11,900000E+0
399	98,000000E+0	176,273010E+3	1,374000E+0	759,000000E+0	11,900000E+0
400	98,000000E+0	176,273010E+3	1,374000E+0	759,000000E+0	11,900000E+0
401	63,000000E+0	176,267630E+3	1,603000E+0	782,000000E+0	11,900000E+0
402	63,000000E+0	176,267630E+3	1,603000E+0	782,000000E+0	11,900000E+0
403	63,000000E+0	176,267630E+3	1,603000E+0	782,000000E+0	11,900000E+0
404	63,000000E+0	176,267630E+3	1,603000E+0	782,000000E+0	11,900000E+0
405	35,000000E+0	176,259560E+3	1,374000E+0	799,000000E+0	11,900000E+0
406	35,000000E+0	176,259560E+3	1,374000E+0	799,000000E+0	11,900000E+0
407	35,000000E+0	176,259560E+3	1,374000E+0	799,000000E+0	11,900000E+0
408	35,000000E+0	176,259560E+3	1,374000E+0	799,000000E+0	11,900000E+0
409	7,000000E+0	176,256870E+3	916,000000E-3	810,000000E+0	11,900000E+0
410	7,000000E+0	176,256870E+3	916,000000E-3	810,000000E+0	11,900000E+0
411	7,000000E+0	176,256870E+3	916,000000E-3	810,000000E+0	11,900000E+0
412	7,000000E+0	176,256870E+3	916,000000E-3	810,000000E+0	11,900000E+0
413	0,000000E+0	176,259560E+3	458,000000E-3	816,000000E+0	11,900000E+0
414	0,000000E+0	176,259560E+3	458,000000E-3	816,000000E+0	11,900000E+0
415	0,000000E+0	176,259560E+3	458,000000E-3	816,000000E+0	11,900000E+0
416	0,000000E+0	176,259560E+3	458,000000E-3	816,000000E+0	11,900000E+0
417	0,000000E+0	176,273010E+3	229,000000E-3	819,000000E+0	11,900000E+0
418	0,000000E+0	176,273010E+3	229,000000E-3	819,000000E+0	11,900000E+0
419	0,000000E+0	176,273010E+3	229,000000E-3	819,000000E+0	11,900000E+0
420	0,000000E+0	176,273010E+3	229,000000E-3	819,000000E+0	11,900000E+0
421	65,528000E+3	176,275700E+3	0,000000E+0	822,000000E+0	11,900000E+0
422	65,528000E+3	176,275700E+3	0,000000E+0	822,000000E+0	11,900000E+0
423	65,528000E+3	176,275700E+3	0,000000E+0	822,000000E+0	11,900000E+0
424	65,528000E+3	176,275700E+3	0,000000E+0	822,000000E+0	11,900000E+0
425	0,000000E+0	176,273010E+3	0,000000E+0	824,000000E+0	11,900000E+0
426	0,000000E+0	176,273010E+3	0,000000E+0	824,000000E+0	11,900000E+0
427	0,000000E+0	176,273010E+3	0,000000E+0	824,000000E+0	11,900000E+0
428	0,000000E+0	176,273010E+3	0,000000E+0	824,000000E+0	11,900000E+0
429	7,000000E+0	176,270320E+3	0,000000E+0	827,000000E+0	11,900000E+0
430	7,000000E+0	176,270320E+3	0,000000E+0	827,000000E+0	11,900000E+0
431	7,000000E+0	176,270320E+3	0,000000E+0	827,000000E+0	11,900000E+0
432	7,000000E+0	176,270320E+3	0,000000E+0	827,000000E+0	11,900000E+0
433	14,000000E+0	176,278390E+3	0,000000E+0	832,000000E+0	11,900000E+0
434	14,000000E+0	176,278390E+3	0,000000E+0	832,000000E+0	11,900000E+0
435	14,000000E+0	176,278390E+3	0,000000E+0	832,000000E+0	11,900000E+0
436	14,000000E+0	176,278390E+3	0,000000E+0	832,000000E+0	11,900000E+0
437	42,000000E+0	176,275700E+3	229,000000E-3	839,000000E+0	11,900000E+0
438	42,000000E+0	176,275700E+3	229,000000E-3	839,000000E+0	11,900000E+0
439	42,000000E+0	176,275700E+3	229,000000E-3	839,000000E+0	11,900000E+0
440	42,000000E+0	176,275700E+3	229,000000E-3	839,000000E+0	11,900000E+0
441	91,000000E+0	176,283770E+3	916,000000E-3	853,000000E+0	11,900000E+0
442	91,000000E+0	176,283770E+3	916,000000E-3	853,000000E+0	11,900000E+0
443	91,000000E+0	176,283770E+3	916,000000E-3	853,000000E+0	11,900000E+0
444	91,000000E+0	176,283770E+3	916,000000E-3	853,000000E+0	11,900000E+0
445	196,000000E+0	176,289150E+3	1,832000E+0	878,000000E+0	11,900000E+0
446	196,000000E+0	176,289150E+3	1,832000E+0	878,000000E+0	11,900000E+0
447	196,000000E+0	176,289150E+3	1,832000E+0	878,000000E+0	11,900000E+0
448	196,000000E+0	176,289150E+3	1,832000E+0	878,000000E+0	11,900000E+0
449	112,000000E+0	176,264940E+3	2,748000E+0	919,000000E+0	11,900000E+0
450	112,000000E+0	176,264940E+3	2,748000E+0	919,000000E+0	11,900000E+0
451	112,000000E+0	176,264940E+3	2,748000E+0	919,000000E+0	11,900000E+0
452	112,000000E+0	176,264940E+3	2,748000E+0	919,000000E+0	11,900000E+0
453	65,451000E+3	176,211140E+3	1,603000E+0	934,000000E+0	11,900000E+0
454	65,451000E+3	176,211140E+3	1,603000E+0	934,000000E+0	11,900000E+0
455	65,451000E+3	176,211140E+3	1,603000E+0	934,000000E+0	11,900000E+0
456	65,451000E+3	176,211140E+3	1,603000E+0	934,000000E+0	11,900000E+0
457	65,339000E+3	176,254180E+3	-1,374000E+0	913,000000E+0	11,900000E+0
458	65,339000E+3	176,254180E+3	-1,374000E+0	913,000000E+0	11,900000E+0
459	65,339000E+3	176,254180E+3	-1,374000E+0	913,000000E+0	11,900000E+0
460	65,339000E+3	176,254180E+3	-1,374000E+0	913,000000E+0	11,900000E+0
461	65,282000E+3	176,275700E+3	-2,977000E+0	872,000000E+0	11,900000E+0
462	65,282000E+3	176,275700E+3	-2,977000E+0	872,000000E+0	11,900000E+0
463	65,282000E+3	176,275700E+3	-2,977000E+0	872,000000E+0	11,900000E+0
464	65,282000E+3	176,275700E+3	-2,977000E+0	872,000000E+0	11,900000E+0
465	65,268000E+3	176,262250E+3	-3,893000E+0	823,000000E+0	11,900000E+0
466	65,268000E+3	176,262250E+3	-3,893000E+0	823,000000E+0	11,900000E+0
467	65,268000E+3	176,262250E+3	-3,893000E+0	823,000000E+0	11,900000E+0
468	65,268000E+3	176,262250E+3	-3,893000E+0	823,000000E+0	11,900000E+0
469	65,282000E+3	176,238040E+3	-2,977000E+0	778,000000E+0	11,900000E+0
470	65,282000E+3	176,238040E+3	-2,977000E+0	778,000000E+0	11,900000E+0
471	65,282000E+3	176,238040E+3	-2,977000E+0	778,000000E+0	11,900000E+0
472	65,282000E+3	176,238040E+3	-2,977000E+0	778,000000E+0	11,900000E+0
473	65,346000E+3	176,221900E+3	-2,977000E+0	740,000000E+0	11,900000E+0
474	65,346000E+3	176,221900E+3	-2,977000E+0	740,000000E+0	11,900000E+0
475	65,346000E+3	176,221900E+3	-2,977000E+0	740,000000E+0	11,900000E+0
476	65,346000E+3	176,221900E+3	-2,977000E+0	740,000000E+0	11,900000E+0
477	65,416000E+3	176,189620E+3	-1,832000E+0	717,000000E+0	11,900000E+0
478	65,416000E+3	176,189620E+3	-1,832000E+0	717,000000E+0	11,900000E+0
479	65,416000E+3	176,189620E+3	-1,832000E+0	717,000000E+0	11,900000E+0
480	65,416000E+3	176,189620E+3	-1,832000E+0	717,000000E+0	11,900000E+0
481	65,479000E+3	176,213830E+3	-229,000000E-3	708,000000E+0	11,900000E+0
482	65,479000E+3	176,213830E+3	-229,000000E-3	708,000000E+0	11,900000E+0
483	65,479000E+3	176,213830E+3	-229,000000E-3	708,000000E+0	11,900000E+0
484	65,479000E+3	176,213830E+3	-229,000000E-3	708,000000E+0	11,900000E+0
485	28,000000E+0	176,254180E+3	229,000000E-3	713,000000E+0	11,900000E+0
486	28,000000E+0	176,254180E+3	229,000000E-3	713,000000E+0	11,900000E+0
487	28,000000E+0	176,254180E+3	229,000000E-3	713,000000E+0	11,900000E+0
488	28,000000E+0	176,254180E+3	229,000000E-3	713,000000E+0	11,900000E+0
489	70,000000E+0	176,256870E+3	916,000000E-3	727,000000E+0	11,900000E+0
490	70,000000E+0	176,256870E+3	916,000000E-3	727,000000E+0	11,900000E+0
491	70,000000E+0	176,256870E+3	916,000000E-3	727,000000E+0	11,900000E+0
492	70,000000E+0	176,256870E+3	916,000000E-3	727,000000E+0	11,900000E+0
493	84,000000E+0	176,264940E+3	1,374000E+0	748,000000E+0	11,900000E+0
494	84,000000E+0	176,264940E+3	1,374000E+0	748,000000E+0	11,900000E+0
495	84,000000E+0	176,264940E+3	1,374000E+0	748,000000E+0	11,900000E+0
496	84,000000E+0	176,264940E+3	1,374000E+0	748,000000E+0	11,900000E+0
497	84,000000E+0	176,270320E+3	1,603000E+0	771,000000E+0	11,900000E+0
498	84,000000E+0	176,270320E+3	1,603000E+0	771,000000E+0	11,900000E+0
499	84,000000E+0	176,270320E+3	1,603000E+0	771,000000E+0	11,900000E+0
500	84,000000E+0	176,270320E+3	1,603000E+0	771,000000E+0	11,900000E+0
501	42,000000E+0	176,264940E+3	1,374000E+0	792,000000E+0	11,900000E+0
502	42,000000E+0	176,264940E+3	1,374000E+0	792,000000E+0	11,900000E+0
503	42,000000E+0	176,264940E+3	1,374000E+0	792,000000E+0	11,900000E+0
504	42,000000E+0	176,264940E+3	1,374000E+0	792,000000E+0	11,900000E+0
505	21,000000E+0	176,248800E+3	1,374000E+0	805,000000E+0	11,900000E+0
506	21,000000E+0	176,248800E+3	1,374000E+0	805,000000E+0	11,900000E+0
507	21,000000E+0	176,248800E+3	1,374000E+0	805,000000E+0	11,900000E+0
508	21,000000E+0	176,248800E+3	1,374000E+0	805,000000E+0	11,900000E+0
509	7,000000E+0	176,262250E+3	687,000000E-3	813,000000E+0	11,900000E+0
510	7,000000E+0	176,262250E+3	687,000000E-3	813,000000E+0	11,900000E+0
511	7,000000E+0	176,262250E+3	687,000000E-3	813,000000E+0	11,900000E+0
512	7,000000E+0	176,262250E+3	687,000000E-3	813,000000E+0	11,900000E+0
513	0,000000E+0	176,273010E+3	229,000000E-3	817,000000E+0	11,900000E+0
514	0,000000E+0	176,273010E+3	229,000000E-3	817,000000E+0	11,900000E+0
515	0,000000E+0	176,273010E+3	229,000000E-3	817,000000E+0	11,900000E+0
516	0,000000E+0	176,273010E+3	229,000000E-3	817,000000E+0	11,900000E+0
517	0,000000E+0	176,273010E+3	0,000000E+0	820,000000E+0	11,900000E+0
518	0,000000E+0	176,273010E+3	0,000000E+0	820,000000E+0	11,900000E+0
519	0,000000E+0	176,273010E+3	0,000000E+0	820,000000E+0	11,900000E+0
520	0,000000E+0	176,273010E+3	0,000000E+0	820,000000E+0	11,900000E+0
521	0,000000E+0	176,270320E+3	0,000000E+0	823,000000E+0	11,900000E+0
522	0,000000E+0	176,270320E+3	0,000000E+0	823,000000E+0	11,900000E+0
523	0,000000E+0	176,270320E+3	0,000000E+0	823,000000E+0	11,900000E+0
524	0,000000E+0	176,270320E+3	0,000000E+0	823,000000E+0	11,900000E+0
525	0,000000E+0	176,267630E+3	0,000000E+0	826,000000E+0	11,900000E+0
526	0,000000E+0	176,267630E+3	0,000000E+0	826,000000E+0	11,900000E+0
527	0,000000E+0	176,267630E+3	0,000000E+0	826,000000E+0	11,900000E+0
528	0,000000E+0	176,267630E+3	0,000000E+0	826,000000E+0	11,900000E+0
529	7,000000E+0	176,270320E+3	0,000000E+0	830,000000E+0	11,900000E+0
530	7,000000E+0	176,270320E+3	0,000000E+0	830,000000E+0	11,900000E+0
531	7,000000E+0	176,270320E+3	0,000000E+0	830,000000E+0	11,900000E+0
532	7,000000E+0	176,270320E+3	0,000000E+0	830,000000E+0	11,900000E+0
533	28,000000E+0	176,278390E+3	229,000000E-3	835,000000E+0	11,900000E+0
534	28,000000E+0	176,278390E+3	229,000000E-3	835,000000E+0	11,900000E+0
535	28,000000E+0	176,278390E+3	229,000000E-3	835,000000E+0	11,900000E+0
536	28,000000E+0	176,278390E+3	229,000000E-3	835,000000E+0	11,900000E+0
537	56,000000E+0	176,281080E+3	458,000000E-3	845,000000E+0	11,900000E+0
538	56,000000E+0	176,281080E+3	458,000000E-3	845,000000E+0	11,900000E+0
539	56,000000E+0	176,281080E+3	458,000000E-3	845,000000E+0	11,900000E+0
540	56,000000E+0	176,281080E+3	458,000000E-3	845,000000E+0	11,900000E+0
541	140,000000E+0	176,289150E+3	1,145000E+0	862,000000E+0	11,900000E+0
542	140,000000E+0	176,289150E+3	1,145000E+0	862,000000E+0	11,900000E+0
543	140,000000E+0	176,289150E+3	1,145000E+0	862,000000E+0	11,900000E+0
544	140,000000E+0	176,289150E+3	1,145000E+0	862,000000E+0	11,900000E+0
545	196,000000E+0	176,275700E+3	2,519000E+0	897,000000E+0	11,900000E+0
546	196,000000E+0	176,275700E+3	2,519000E+0	897,000000E+0	11,900000E+0
547	196,000000E+0	176,275700E+3	2,519000E+0	897,000000E+0	11,900000E+0
548	196,000000E+0	176,275700E+3	2,519000E+0	897,000000E+0	11,900000E+0
549	14,000000E+0	176,246110E+3	2,519000E+0	931,000000E+0	11,900000E+0
550	14,000000E+0	176,246110E+3	2,519000E+0	931,000000E+0	11,900000E+0
551	14,000000E+0	176,246110E+3	2,519000E+0	931,000000E+0	11,900000E+0
552	14,000000E+0	176,246110E+3	2,519000E+0	931,000000E+0	11,900000E+0
553	65,388000E+3	176,221900E+3	0,000000E+0	927,000000E+0	11,900000E+0
554	65,388000E+3	176,221900E+3	0,000000E+0	927,000000E+0	11,900000E+0
555	65,388000E+3	176,221900E+3	0,000000E+0	927,000000E+0	11,900000E+0
556	65,388000E+3	176,221900E+3	0,000000E+0	927,000000E+0	11,900000E+0
557	65,296000E+3	176,267630E+3	-2,061000E+0	895,000000E+0	11,900000E+0
558	65,296000E+3	176,267630E+3	-2,061000E+0	895,000000E+0	11,900000E+0
559	65,296000E+3	176,267630E+3	-2,061000E+0	895,000000E+0	11,900000E+0
560	65,296000E+3	176,267630E+3	-2,061000E+0	895,000000E+0	11,900000E+0
561	65,268000E+3	176,267630E+3	-3,664000E+0	847,000000E+0	11,900000E+0
562	65,268000E+3	176,267630E+3	-3,664000E+0	847,000000E+0	11,900000E+0
563	65,268000E+3	176,267630E+3	-3,664000E+0	847,000000E+0	11,900000E+0
564	65,268000E+3	176,267630E+3	-3,664000E+0	847,000000E+0	11,900000E+0
565	65,282000E+3	176,248800E+3	-3,893000E+0	799,000000E+0	11,900000E+0
566	65,282000E+3	176,248800E+3	-3,893000E+0	799,000000E+0	11,900000E+0
567	65,282000E+3	176,248800E+3	-3,893000E+0	799,000000E+0	11,900000E+0
568	65,282000E+3	176,248800E+3	-3,893000E+0	799,000000E+0	11,900000E+0
569	65,318000E+3	176,203070E+3	-3,206000E+0	757,000000E+0	11,900000E+0
570	65,318000E+3	176,203070E+3	-3,206000E+0	757,000000E+0	11,900000E+0
571	65,318000E+3	176,203070E+3	-3,206000E+0	757,000000E+0	11,900000E+0
572	65,318000E+3	176,203070E+3	-3,206000E+0	757,000000E+0	11,900000E+0
573	65,381000E+3	176,216520E+3	-2,290000E+0	726,000000E+0	11,900000E+0
574	65,381000E+3	176,216520E+3	-2,290000E+0	726,000000E+0	11,900000E+0
575	65,381000E+3	176,216520E+3	-2,290000E+0	726,000000E+0	11,900000E+0
576	65,381000E+3	176,216520E+3	-2,290000E+0	726,000000E+0	11,900000E+0
577	65,444000E+3	176,189620E+3	-916,000000E-3	711,000000E+0	11,900000E+0
578	65,444000E+3	176,189620E+3	-916,000000E-3	711,000000E+0	11,900000E+0
579	65,444000E+3	176,189620E+3	-916,000000E-3	711,000000E+0	11,900000E+0
580	65,444000E+3	176,189620E+3	-916,000000E-3	711,000000E+0	11,900000E+0
581	65,514000E+3	176,254180E+3	0,000000E+0	709,000000E+0	11,900000E+0
582	65,514000E+3	176,254180E+3	0,000000E+0	709,000000E+0	11,900000E+0
583	65,514000E+3	176,254180E+3	0,000000E+0	709,000000E+0	11,900000E+0
584	65,514000E+3	176,254180E+3	0,000000E+0	709,000000E+0	11,900000E+0
585	63,000000E+0	176,256870E+3	458,000000E-3	718,000000E+0	11,900000E+0
586	63,000000E+0	176,256870E+3	458,000000E-3	718,000000E+0	11,900000E+0
587	63,000000E+0	176,256870E+3	458,000000E-3	718,000000E+0	11,900000E+0
588	63,000000E+0	176,256870E+3	458,000000E-3	718,000000E+0	11,900000E+0
589	70,000000E+0	176,262250E+3	1,145000E+0	737,000000E+0	11,900000E+0
590	70,000000E+0	176,262250E+3	1,145000E+0	737,000000E+0	11,900000E+0
591	70,000000E+0	176,262250E+3	1,145000E+0	737,000000E+0	11,900000E+0
592	70,000000E+0	176,262250E+3	1,145000E+0	737,000000E+0	11,900000E+0
593	91,000000E+0	176,270320E+3	1,603000E+0	759,000000E+0	11,900000E+0
594	91,000000E+0	176,270320E+3	1,603000E+0	759,000000E+0	11,900000E+0
595	91,000000E+0	176,270320E+3	1,603000E+0	759,000000E+0	11,900000E+0
596	91,000000E+0	176,270320E+3	1,603000E+0	759,000000E+0	11,900000E+0
597	63,000000E+0	176,264940E+3	1,603000E+0	782,000000E+0	11,900000E+0
598	63,000000E+0	176,264940E+3	1,603000E+0	782,000000E+0	11,900000E+0
599	63,000000E+0	176,264940E+3	1,603000E+0	782,000000E+0	11,900000E+0
600	63,000000E+0	176,264940E+3	1,603000E+0	782,000000E+0	11,900000E+0
601	42,000000E+0	176,262250E+3	1,374000E+0	799,000000E+0	11,900000E+0
602	42,000000E+0	176,262250E+3	1,374000E+0	799,000000E+0	11,900000E+0
603	42,000000E+0	176,262250E+3	1,374000E+0	799,000000E+0	11,900000E+0
604	42,000000E+0	176,262250E+3	1,374000E+0	799,000000E+0	11,900000E+0
605	14,000000E+0	176,259560E+3	916,000000E-3	809,000000E+0	11,900000E+0
606	14,000000E+0	176,259560E+3	916,000000E-3	809,000000E+0	11,900000E+0
607	14,000000E+0	176,259560E+3	916,000000E-3	809,000000E+0	11,900000E+0
608	14,000000E+0	176,259560E+3	916,000000E-3	809,000000E+0	11,900000E+0
609	0,000000E+0	176,256870E+3	687,000000E-3	816,000000E+0	11,900000E+0
610	0,000000E+0	176,256870E+3	687,000000E-3	816,000000E+0	11,900000E+0
611	0,000000E+0	176,256870E+3	687,000000E-3	816,000000E+0	11,900000E+0
612	0,000000E+0	176,256870E+3	687,000000E-3	816,000000E+0	11,900000E+0
613	0,000000E+0	176,270320E+3	229,000000E-3	819,000000E+0	11,900000E+0
614	0,000000E+0	176,270320E+3	229,000000E-3	819,000000E+0	11,900000E+0
615	0,000000E+0	176,270320E+3	229,000000E-3	819,000000E+0	11,900000E+0
616	0,000000E+0	176,270320E+3	229,000000E-3	819,000000E+0	11,900000E+0
617	0,000000E+0	176,275700E+3	0,000000E+0	822,000000E+0	11,900000E+0
618	0,000000E+0	176,275700E+3	0,000000E+0	822,000000E+0	11,900000E+0
619	0,000000E+0	176,275700E+3	0,000000E+0	822,000000E+0	11,900000E+0
620	0,000000E+0	176,275700E+3	0,000000E+0	822,000000E+0	11,900000E+0
621	0,000000E+0	176,270320E+3	0,000000E+0	824,000000E+0	11,900000E+0
622	0,000000E+0	176,270320E+3	0,000000E+0	824,000000E+0	11,900000E+0
623	0,000000E+0	176,270320E+3	0,000000E+0	824,000000E+0	11,900000E+0
624	0,000000E+0	176,270320E+3	0,000000E+0	824,000000E+0	11,900000E+0
625	7,000000E+0	176,270320E+3	0,000000E+0	828,000000E+0	11,900000E+0
626	7,000000E+0	176,270320E+3	0,000000E+0	828,000000E+0	11,900000E+0
627	7,000000E+0	176,270320E+3	0,000000E+0	828,000000E+0	11,900000E+0
628	7,000000E+0	176,270320E+3	0,000000E+0	828,000000E+0	11,900000E+0
629	14,000000E+0	176,275700E+3	229,000000E-3	832,000000E+0	11,900000E+0
630	14,000000E+0	176,275700E+3	229,000000E-3	832,000000E+0	11,900000E+0
631	14,000000E+0	176,275700E+3	229,000000E-3	832,000000E+0	11,900000E+0
632	14,000000E+0	176,275700E+3	229,000000E-3	832,000000E+0	11,900000E+0
633	42,000000E+0	176,278390E+3	229,000000E-3	839,000000E+0	11,900000E+0
634	42,000000E+0	176,278390E+3	229,000000E-3	839,000000E+0	11,900000E+0
635	42,000000E+0	176,278390E+3	229,000000E-3	839,000000E+0	11,900000E+0
636	42,000000E+0	176,278390E+3	229,000000E-3	839,000000E+0	11,900000E+0
637	91,000000E+0	176,286460E+3	687,000000E-3	853,000000E+0	11,900000E+0
638	91,000000E+0	176,286460E+3	687,000000E-3	853,000000E+0	11,900000E+0
639	91,000000E+0	176,286460E+3	687,000000E-3	853,000000E+0	11,900000E+0
640	91,000000E+0	176,286460E+3	687,000000E-3	853,000000E+0	11,900000E+0
641	189,000000E+0	176,289150E+3	1,832000E+0	879,000000E+0	11,900000E+0
642	189,000000E+0	176,289150E+3	1,832000E+0	879,000000E+0	11,900000E+0
643	189,000000E+0	176,289150E+3	1,832000E+0	879,000000E+0	11,900000E+0
644	189,000000E+0	176,289150E+3	1,832000E+0	879,000000E+0	11,900000E+0
645	112,000000E+0	176,262250E+3	2,748000E+0	918,000000E+0	11,900000E+0
646	112,000000E+0	176,262250E+3	2,748000E+0	918,000000E+0	11,900000E+0
647	112,000000E+0	176,262250E+3	2,748000E+0	918,000000E+0	11,900000E+0
648	112,000000E+0	176,262250E+3	2,748000E+0	918,000000E+0	11,900000E+0
649	65,451000E+3	176,208450E+3	1,603000E+0	934,000000E+0	11,900000E+0
650	65,451000E+3	176,208450E+3	1,603000E+0	934,000000E+0	11,900000E+0
651	65,451000E+3	176,208450E+3	1,603000E+0	934,000000E+0	11,900000E+0
652	65,451000E+3	176,208450E+3	1,603000E+0	934,000000E+0	11,900000E+0
653	65,339000E+3	176,259560E+3	-1,603000E+0	913,000000E+0	11,900000E+0
654	65,339000E+3	176,259560E+3	-1,603000E+0	913,000000E+0	11,900000E+0
655	65,339000E+3	176,259560E+3	-1,603000E+0	913,000000E+0	11,900000E+0
656	65,339000E+3	176,259560E+3	-1,603000E+0	913,000000E+0	11,900000E+0
657	65,282000E+3	176,275700E+3	-2,977000E+0	872,000000E+0	11,900000E+0
658	65,282000E+3	176,275700E+3	-2,977000E+0	872,000000E+0	11,900000E+0
659	65,282000E+3	176,275700E+3	-2,977000E+0	872,000000E+0	11,900000E+0
660	65,282000E+3	176,275700E+3	-2,977000E+0	872,000000E+0	11,900000E+0
661	65,268000E+3	176,259560E+3	-3,893000E+0	823,000000E+0	11,900000E+0
662	65,268000E+3	176,259560E+3	-3,893000E+0	823,000000E+0	11,900000E+0
663	65,268000E+3	176,259560E+3	-3,893000E+0	823,000000E+0	11,900000E+0
664	65,268000E+3	176,259560E+3	-3,893000E+0	823,000000E+0	11,900000E+0
665	65,296000E+3	176,229970E+3	-3,435000E+0	777,000000E+0	11,900000E+0
666	65,296000E+3	176,229970E+3	-3,435000E+0	777,000000E+0	11,900000E+0
667	65,296000E+3	176,229970E+3	-3,435000E+0	777,000000E+0	11,900000E+0
668	65,296000E+3	176,229970E+3	-3,435000E+0	777,000000E+0	11,900000E+0
669	65,346000E+3	176,208450E+3	-2,748000E+0	740,000000E+0	11,900000E+0
670	65,346000E+3	176,208450E+3	-2,748000E+0	740,000000E+0	11,900000E+0
671	65,346000E+3	176,208450E+3	-2,748000E+0	740,000000E+0	11,900000E+0
672	65,346000E+3	176,208450E+3	-2,748000E+0	740,000000E+0	11,900000E+0
673	65,416000E+3	176,197690E+3	-1,832000E+0	716,000000E+0	11,900000E+0
674	65,416000E+3	176,197690E+3	-1,832000E+0	716,000000E+0	11,900000E+0
675	65,416000E+3	176,197690E+3	-1,832000E+0	716,000000E+0	11,900000E+0
676	65,416000E+3	176,197690E+3	-1,832000E+0	716,000000E+0	11,900000E+0
677	65,479000E+3	176,216520E+3	-458,000000E-3	709,000000E+0	11,900000E+0
678	65,479000E+3	176,216520E+3	-458,000000E-3	709,000000E+0	11,900000E+0
679	65,479000E+3	176,216520E+3	-458,000000E-3	709,000000E+0	11,900000E+0
680	65,479000E+3	176,216520E+3	-458,000000E-3	709,000000E+0	11,900000E+0
681	28,000000E+0	176,256870E+3	229,000000E-3	712,000000E+0	11,900000E+0
682	28,000000E+0	176,256870E+3	229,000000E-3	712,000000E+0	11,900000E+0
683	28,000000E+0	176,256870E+3	229,000000E-3	712,000000E+0	11,900000E+0
684	28,000000E+0	176,256870E+3	229,000000E-3	712,000000E+0	11,900000E+0
685	63,000000E+0	176,259560E+3	916,000000E-3	727,000000E+0	11,900000E+0
686	63,000000E+0	176,259560E+3	916,000000E-3	727,000000E+0	11,900000E+0
687	63,000000E+0	176,259560E+3	916,000000E-3	727,000000E+0	11,900000E+0
688	63,000000E+0	176,259560E+3	916,000000E-3	727,000000E+0	11,900000E+0
689	84,000000E+0	176,267630E+3	1,374000E+0	748,000000E+0	11,900000E+0
690	84,000000E+0	176,267630E+3	1,374000E+0	748,000000E+0	11,900000E+0
691	84,000000E+0	176,267630E+3	1,374000E+0	748,000000E+0	11,900000E+0
692	84,000000E+0	176,267630E+3	1,374000E+0	748,000000E+0	11,900000E+0
693	84,000000E+0	176,270320E+3	1,603000E+0	771,000000E+0	11,900000E+0
694	84,000000E+0	176,270320E+3	1,603000E+0	771,000000E+0	11,900000E+0
695	84,000000E+0	176,270320E+3	1,603000E+0	771,000000E+0	11,900000E+0
696	84,000000E+0	176,270320E+3	1,603000E+0	771,000000E+0	11,900000E+0
697	49,000000E+0	176,264940E+3	1,374000E+0	792,000000E+0	11,900000E+0
698	49,000000E+0	176,264940E+3	1,374000E+0	792,000000E+0	11,900000E+0
699	49,000000E+0	176,264940E+3	1,374000E+0	792,000000E+0	11,900000E+0
700	49,000000E+0	176,264940E+3	1,374000E+0	792,000000E+0	11,900000E+0
701	28,000000E+0	176,254180E+3	1,145000E+0	805,000000E+0	11,900000E+0
702	28,000000E+0	176,254180E+3	1,145000E+0	805,000000E+0	11,900000E+0
703	28,000000E+0	176,254180E+3	1,145000E+0	805,000000E+0	11,900000E+0
704	28,000000E+0	176,254180E+3	1,145000E+0	805,000000E+0	11,900000E+0
705	7,000000E+0	176,264940E+3	687,000000E-3	813,000000E+0	11,900000E+0
706	7,000000E+0	176,264940E+3	687,000000E-3	813,000000E+0	11,900000E+0
707	7,000000E+0	176,264940E+3	687,000000E-3	813,000000E+0	11,900000E+0
708	7,000000E+0	176,264940E+3	687,000000E-3	813,000000E+0	11,900000E+0
709	0,000000E+0	176,273010E+3	229,000000E-3	817,000000E+0	11,900000E+0
710	0,000000E+0	176,273010E+3	229,000000E-3	817,000000E+0	11,900000E+0
711	0,000000E+0	176,273010E+3	229,000000E-3	817,000000E+0	11,900000E+0
712	0,000000E+0	176,273010E+3	229,000000E-3	817,000000E+0	11,900000E+0
713	0,000000E+0	176,273010E+3	0,000000E+0	820,000000E+0	11,900000E+0
714	0,000000E+0	176,273010E+3	0,000000E+0	820,000000E+0	11,900000E+0
715	0,000000E+0	176,273010E+3	0,000000E+0	820,000000E+0	11,900000E+0
716	0,000000E+0	176,273010E+3	0,000000E+0	820,000000E+0	11,900000E+0
717	0,000000E+0	176,273010E+3	0,000000E+0	823,000000E+0	11,900000E+0
718	0,000000E+0	176,273010E+3	0,000000E+0	823,000000E+0	11,900000E+0
719	0,000000E+0	176,273010E+3	0,000000E+0	823,000000E+0	11,900000E+0
720	0,000000E+0	176,273010E+3	0,000000E+0	823,000000E+0	11,900000E+0
721	0,000000E+0	176,273010E+3	0,000000E+0	826,000000E+0	11,900000E+0
722	0,000000E+0	176,273010E+3	0,000000E+0	826,000000E+0	11,900000E+0
723	0,000000E+0	176,273010E+3	0,000000E+0	826,000000E+0	11,900000E+0
724	0,000000E+0	176,273010E+3	0,000000E+0	826,000000E+0	11,900000E+0
725	7,000000E+0	176,270320E+3	0,000000E+0	830,000000E+0	11,900000E+0
726	7,000000E+0	176,270320E+3	0,000000E+0	830,000000E+0	11,900000E+0
727	7,000000E+0	176,270320E+3	0,000000E+0	830,000000E+0	11,900000E+0
728	7,000000E+0	176,270320E+3	0,000000E+0	830,000000E+0	11,900000E+0
729	28,000000E+0	176,278390E+3	0,000000E+0	835,000000E+0	11,900000E+0
730	28,000000E+0	176,278390E+3	0,000000E+0	835,000000E+0	11,900000E+0
731	28,000000E+0	176,278390E+3	0,000000E+0	835,000000E+0	11,900000E+0
732	28,000000E+0	176,278390E+3	0,000000E+0	835,000000E+0	11,900000E+0
733	63,000000E+0	176,281080E+3	458,000000E-3	846,000000E+0	11,900000E+0
734	63,000000E+0	176,281080E+3	458,000000E-3	846,000000E+0	11,900000E+0
735	63,000000E+0	176,281080E+3	458,000000E-3	846,000000E+0	11,900000E+0
736	63,000000E+0	176,281080E+3	458,000000E-3	846,000000E+0	11,900000E+0
737	140,000000E+0	176,289150E+3	916,000000E-3	862,000000E+0	11,900000E+0
738	140,000000E+0	176,289150E+3	916,000000E-3	862,000000E+0	11,900000E+0
739	140,000000E+0	176,289150E+3	916,000000E-3	862,000000E+0	11,900000E+0
740	140,000000E+0	176,289150E+3	916,000000E-3	862,000000E+0	11,900000E+0
741	196,000000E+0	176,278390E+3	2,748000E+0	897,000000E+0	11,900000E+0
742	196,000000E+0	176,278390E+3	2,748000E+0	897,000000E+0	11,900000E+0
743	196,000000E+0	176,278390E+3	2,748000E+0	897,000000E+0	11,900000E+0
744	196,000000E+0	176,278390E+3	2,748000E+0	897,000000E+0	11,900000E+0
745	14,000000E+0	176,246110E+3	2,519000E+0	931,000000E+0	11,900000E+0
746	14,000000E+0	176,246110E+3	2,519000E+0	931,000000E+0	11,900000E+0
747	14,000000E+0	176,246110E+3	2,519000E+0	931,000000E+0	11,900000E+0
748	14,000000E+0	176,246110E+3	2,519000E+0	931,000000E+0	11,900000E+0
749	65,388000E+3	176,224590E+3	0,000000E+0	927,000000E+0	11,900000E+0
750	65,388000E+3	176,224590E+3	0,000000E+0	927,000000E+0	11,900000E+0
751	65,388000E+3	176,224590E+3	0,000000E+0	927,000000E+0	11,900000E+0
752	65,388000E+3	176,224590E+3	0,000000E+0	927,000000E+0	11,900000E+0
753	65,303000E+3	176,270320E+3	-2,061000E+0	894,000000E+0	11,900000E+0
754	65,303000E+3	176,270320E+3	-2,061000E+0	894,000000E+0	11,900000E+0
755	65,303000E+3	176,270320E+3	-2,061000E+0	894,000000E+0	11,900000E+0
756	65,303000E+3	176,270320E+3	-2,061000E+0	894,000000E+0	11,900000E+0
757	65,275000E+3	176,270320E+3	-3,664000E+0	847,000000E+0	11,900000E+0
758	65,275000E+3	176,270320E+3	-3,664000E+0	847,000000E+0	11,900000E+0
759	65,275000E+3	176,270320E+3	-3,664000E+0	847,000000E+0	11,900000E+0
760	65,275000E+3	176,270320E+3	-3,664000E+0	847,000000E+0	11,900000E+0
761	65,275000E+3	176,248800E+3	-3,664000E+0	800,000000E+0	11,900000E+0
762	65,275000E+3	176,248800E+3	-3,664000E+0	800,000000E+0	11,900000E+0
763	65,275000E+3	176,248800E+3	-3,664000E+0	800,000000E+0	11,900000E+0
764	65,275000E+3	176,248800E+3	-3,664000E+0	800,000000E+0	11,900000E+0
765	65,318000E+3	176,208450E+3	-3,206000E+0	757,000000E+0	11,900000E+0
766	65,318000E+3	176,208450E+3	-3,206000E+0	757,000000E+0	11,900000E+0
767	65,318000E+3	176,208450E+3	-3,206000E+0	757,000000E+0	11,900000E+0
768	65,318000E+3	176,208450E+3	-3,206000E+0	757,000000E+0	11,900000E+0
769	65,381000E+3	176,216520E+3	-2,290000E+0	726,000000E+0	11,900000E+0
770	65,381000E+3	176,216520E+3	-2,290000E+0	726,000000E+0	11,900000E+0
771	65,381000E+3	176,216520E+3	-2,290000E+0	726,000000E+0	11,900000E+0
772	65,381000E+3	176,216520E+3	-2,290000E+0	726,000000E+0	11,900000E+0
773	65,444000E+3	176,192310E+3	-1,145000E+0	711,000000E+0	11,900000E+0
774	65,444000E+3	176,192310E+3	-1,145000E+0	711,000000E+0	11,900000E+0
775	65,444000E+3	176,192310E+3	-1,145000E+0	711,000000E+0	11,900000E+0
776	65,444000E+3	176,192310E+3	-1,145000E+0	711,000000E+0	11,900000E+0
777	65,521000E+3	176,254180E+3	0,000000E+0	709,000000E+0	11,900000E+0
778	65,521000E+3	176,254180E+3	0,000000E+0	709,000000E+0	11,900000E+0
779	65,521000E+3	176,254180E+3	0,000000E+0	709,000000E+0	11,900000E+0
780	65,521000E+3	176,254180E+3	0,000000E+0	709,000000E+0	11,900000E+0
781	63,000000E+0	176,254180E+3	458,000000E-3	717,000000E+0	11,900000E+0
782	63,000000E+0	176,254180E+3	458,000000E-3	717,000000E+0	11,900000E+0
783	63,000000E+0	176,254180E+3	458,000000E-3	717,000000E+0	11,900000E+0
784	63,000000E+0	176,254180E+3	458,000000E-3	717,000000E+0	11,900000E+0
785	77,000000E+0	176,262250E+3	1,145000E+0	737,000000E+0	11,900000E+0
786	77,000000E+0	176,262250E+3	1,145000E+0	737,000000E+0	11,900000E+0
787	77,000000E+0	176,262250E+3	1,145000E+0	737,000000E+0	11,900000E+0
788	77,000000E+0	176,262250E+3	1,145000E+0	737,000000E+0	11,900000E+0
789	91,000000E+0	176,270320E+3	1,603000E+0	759,000000E+0	11,900000E+0
790	91,000000E+0	176,270320E+3	1,603000E+0	759,000000E+0	11,900000E+0
791	91,000000E+0	176,270320E+3	1,603000E+0	759,000000E+0	11,900000E+0
792	91,000000E+0	176,270320E+3	1,603000E+0	759,000000E+0	11,900000E+0
793	63,000000E+0	176,264940E+3	1,603000E+0	782,000000E+0	11,900000E+0
794	63,000000E+0	176,264940E+3	1,603000E+0	782,000000E+0	11,900000E+0
795	63,000000E+0	176,264940E+3	1,603000E+0	782,000000E+0	11,900000E+0
796	63,000000E+0	176,264940E+3	1,603000E+0	782,000000E+0	11,900000E+0
797	35,000000E+0	176,262250E+3	1,374000E+0	800,000000E+0	11,900000E+0
798	35,000000E+0	176,262250E+3	1,374000E+0	800,000000E+0	11,900000E+0
799	35,000000E+0	176,262250E+3	1,374000E+0	800,000000E+0	11,900000E+0
800	35,000000E+0	176,262250E+3	1,374000E+0	800,000000E+0	11,900000E+0
801	14,000000E+0	176,256870E+3	916,000000E-3	810,000000E+0	11,900000E+0
802	14,000000E+0	176,256870E+3	916,000000E-3	810,000000E+0	11,900000E+0
803	14,000000E+0	176,256870E+3	916,000000E-3	810,000000E+0	11,900000E+0
804	14,000000E+0	176,256870E+3	916,000000E-3	810,000000E+0	11,900000E+0
805	0,000000E+0	176,262250E+3	458,000000E-3	816,000000E+0	11,900000E+0
806	0,000000E+0	176,262250E+3	458,000000E-3	816,000000E+0	11,900000E+0
807	0,000000E+0	176,262250E+3	458,000000E-3	816,000000E+0	11,900000E+0
808	0,000000E+0	176,262250E+3	458,000000E-3	816,000000E+0	11,900000E+0
809	0,000000E+0	176,273010E+3	229,000000E-3	819,000000E+0	11,900000E+0
810	0,000000E+0	176,273010E+3	229,000000E-3	819,000000E+0	11,900000E+0
811	0,000000E+0	176,273010E+3	229,000000E-3	819,000000E+0	11,900000E+0
812	0,000000E+0	176,273010E+3	229,000000E-3	819,000000E+0	11,900000E+0
813	65,528000E+3	176,275700E+3	0,000000E+0	822,000000E+0	11,900000E+0
814	65,528000E+3	176,275700E+3	0,000000E+0	822,000000E+0	11,900000E+0
815	65,528000E+3	176,275700E+3	0,000000E+0	822,000000E+0	11,900000E+0
816	65,528000E+3	176,275700E+3	0,000000E+0	822,000000E+0	11,900000E+0
817	0,000000E+0	176,267630E+3	0,000000E+0	824,000000E+0	11,900000E+0
818	0,000000E+0	176,267630E+3	0,000000E+0	824,000000E+0	11,900000E+0
819	0,000000E+0	176,267630E+3	0,000000E+0	824,000000E+0	11,900000E+0
820	0,000000E+0	176,267630E+3	0,000000E+0	824,000000E+0	11,900000E+0
821	0,000000E+0	176,264940E+3	0,000000E+0	828,000000E+0	11,900000E+0
822	0,000000E+0	176,264940E+3	0,000000E+0	828,000000E+0	11,900000E+0
823	0,000000E+0	176,264940E+3	0,000000E+0	828,000000E+0	11,900000E+0
824	0,000000E+0	176,264940E+3	0,000000E+0	828,000000E+0	11,900000E+0
825	3,584000E+3	172,160000E+3	117,019000E+0	212,992000E+3	3,046400E+3
826	3,584000E+3	172,160000E+3	117,019000E+0	212,992000E+3	3,046400E+3
827	3,584000E+3	172,160000E+3	117,019000E+0	212,992000E+3	3,046400E+3
828	3,584000E+3	172,160000E+3	117,019000E+0	212,992000E+3	3,046400E+3
829	42,000000E+0	176,278390E+3	229,000000E-3	839,000000E+0	11,900000E+0
830	42,000000E+0	176,278390E+3	229,000000E-3	839,000000E+0	11,900000E+0
831	42,000000E+0	176,278390E+3	229,000000E-3	839,000000E+0	11,900000E+0
832	42,000000E+0	176,278390E+3	229,000000E-3	839,000000E+0	11,900000E+0
833	105,000000E+0	176,289150E+3	458,000000E-3	851,000000E+0	11,900000E+0
834	105,000000E+0	176,289150E+3	458,000000E-3	851,000000E+0	11,900000E+0
835	105,000000E+0	176,289150E+3	458,000000E-3	851,000000E+0	11,900000E+0
836	105,000000E+0	176,289150E+3	458,000000E-3	851,000000E+0	11,900000E+0
837	196,000000E+0	176,286460E+3	1,832000E+0	878,000000E+0	11,900000E+0
838	196,000000E+0	176,286460E+3	1,832000E+0	878,000000E+0	11,900000E+0
839	196,000000E+0	176,286460E+3	1,832000E+0	878,000000E+0	11,900000E+0
840	196,000000E+0	176,286460E+3	1,832000E+0	878,000000E+0	11,900000E+0
841	112,000000E+0	176,259560E+3	2,748000E+0	919,000000E+0	11,900000E+0
842	112,000000E+0	176,259560E+3	2,748000E+0	919,000000E+0	11,900000E+0
843	112,000000E+0	176,259560E+3	2,748000E+0	919,000000E+0	11,900000E+0
844	112,000000E+0	176,259560E+3	2,748000E+0	919,000000E+0	11,900000E+0
845	65,451000E+3	176,211140E+3	1,603000E+0	934,000000E+0	11,900000E+0
846	65,451000E+3	176,211140E+3	1,603000E+0	934,000000E+0	11,900000E+0
847	65,451000E+3	176,211140E+3	1,603000E+0	934,000000E+0	11,900000E+0
848	65,451000E+3	176,211140E+3	1,603000E+0	934,000000E+0	11,900000E+0
849	65,339000E+3	176,256870E+3	-1,374000E+0	913,000000E+0	11,900000E+0
850	65,339000E+3	176,256870E+3	-1,374000E+0	913,000000E+0	11,900000E+0
851	65,339000E+3	176,256870E+3	-1,374000E+0	913,000000E+0	11,900000E+0
852	65,339000E+3	176,256870E+3	-1,374000E+0	913,000000E+0	11,900000E+0
853	65,275000E+3	176,275700E+3	-2,748000E+0	873,000000E+0	11,900000E+0
854	65,275000E+3	176,275700E+3	-2,748000E+0	873,000000E+0	11,900000E+0
855	65,275000E+3	176,275700E+3	-2,748000E+0	873,000000E+0	11,900000E+0
856	65,275000E+3	176,275700E+3	-2,748000E+0	873,000000E+0	11,900000E+0
857	65,268000E+3	176,259560E+3	-3,893000E+0	823,000000E+0	11,900000E+0
858	65,268000E+3	176,259560E+3	-3,893000E+0	823,000000E+0	11,900000E+0
859	65,268000E+3	176,259560E+3	-3,893000E+0	823,000000E+0	11,900000E+0
860	65,268000E+3	176,259560E+3	-3,893000E+0	823,000000E+0	11,900000E+0
861	65,296000E+3	176,229970E+3	-3,435000E+0	777,000000E+0	11,900000E+0
862	65,296000E+3	176,229970E+3	-3,435000E+0	777,000000E+0	11,900000E+0
863	65,296000E+3	176,229970E+3	-3,435000E+0	777,000000E+0	11,900000E+0
864	65,296000E+3	176,229970E+3	-3,435000E+0	777,000000E+0	11,900000E+0
865	65,346000E+3	176,213830E+3	-2,748000E+0	740,000000E+0	11,900000E+0
866	65,346000E+3	176,213830E+3	-2,748000E+0	740,000000E+0	11,900000E+0
867	65,346000E+3	176,213830E+3	-2,748000E+0	740,000000E+0	11,900000E+0
868	65,346000E+3	176,213830E+3	-2,748000E+0	740,000000E+0	11,900000E+0
869	65,416000E+3	176,192310E+3	-1,832000E+0	716,000000E+0	11,900000E+0
870	65,416000E+3	176,192310E+3	-1,832000E+0	716,000000E+0	11,900000E+0
871	65,416000E+3	176,192310E+3	-1,832000E+0	716,000000E+0	11,900000E+0
872	65,416000E+3	176,192310E+3	-1,832000E+0	716,000000E+0	11,900000E+0
873	65,479000E+3	176,216520E+3	-458,000000E-3	709,000000E+0	11,900000E+0
874	65,479000E+3	176,216520E+3	-458,000000E-3	709,000000E+0	11,900000E+0
875	65,479000E+3	176,216520E+3	-458,000000E-3	709,000000E+0	11,900000E+0
876	65,479000E+3	176,216520E+3	-458,000000E-3	709,000000E+0	11,900000E+0
877	28,000000E+0	176,254180E+3	229,000000E-3	713,000000E+0	11,900000E+0
878	28,000000E+0	176,254180E+3	229,000000E-3	713,000000E+0	11,900000E+0
879	28,000000E+0	176,254180E+3	229,000000E-3	713,000000E+0	11,900000E+0
880	28,000000E+0	176,254180E+3	229,000000E-3	713,000000E+0	11,900000E+0
881	63,000000E+0	176,259560E+3	916,000000E-3	727,000000E+0	11,900000E+0
882	63,000000E+0	176,259560E+3	916,000000E-3	727,000000E+0	11,900000E+0
883	63,000000E+0	176,259560E+3	916,000000E-3	727,000000E+0	11,900000E+0
884	63,000000E+0	176,259560E+3	916,000000E-3	727,000000E+0	11,900000E+0
885	84,000000E+0	176,267630E+3	1,374000E+0	748,000000E+0	11,900000E+0
886	84,000000E+0	176,267630E+3	1,374000E+0	748,000000E+0	11,900000E+0
887	84,000000E+0	176,267630E+3	1,374000E+0	748,000000E+0	11,900000E+0
888	84,000000E+0	176,267630E+3	1,374000E+0	748,000000E+0	11,900000E+0
889	84,000000E+0	176,270320E+3	1,603000E+0	771,000000E+0	11,900000E+0
890	84,000000E+0	176,270320E+3	1,603000E+0	771,000000E+0	11,900000E+0
891	84,000000E+0	176,270320E+3	1,603000E+0	771,000000E+0	11,900000E+0
892	84,000000E+0	176,270320E+3	1,603000E+0	771,000000E+0	11,900000E+0
893	49,000000E+0	176,267630E+3	1,374000E+0	791,000000E+0	11,900000E+0
894	49,000000E+0	176,267630E+3	1,374000E+0	791,000000E+0	11,900000E+0
895	49,000000E+0	176,267630E+3	1,374000E+0	791,000000E+0	11,900000E+0
896	49,000000E+0	176,267630E+3	1,374000E+0	791,000000E+0	11,900000E+0
897	21,000000E+0	176,254180E+3	1,145000E+0	805,000000E+0	11,900000E+0
898	21,000000E+0	176,254180E+3	1,145000E+0	805,000000E+0	11,900000E+0
899	21,000000E+0	176,254180E+3	1,145000E+0	805,000000E+0	11,900000E+0
900	21,000000E+0	176,254180E+3	1,145000E+0	805,000000E+0	11,900000E+0
901	7,000000E+0	176,262250E+3	687,000000E-3	813,000000E+0	11,900000E+0
902	7,000000E+0	176,262250E+3	687,000000E-3	813,000000E+0	11,900000E+0
903	7,000000E+0	176,262250E+3	687,000000E-3	813,000000E+0	11,900000E+0
904	7,000000E+0	176,262250E+3	687,000000E-3	813,000000E+0	11,900000E+0
905	0,000000E+0	176,270320E+3	229,000000E-3	817,000000E+0	11,900000E+0
906	0,000000E+0	176,270320E+3	229,000000E-3	817,000000E+0	11,900000E+0
907	0,000000E+0	176,270320E+3	229,000000E-3	817,000000E+0	11,900000E+0
908	0,000000E+0	176,270320E+3	229,000000E-3	817,000000E+0	11,900000E+0
909	0,000000E+0	176,273010E+3	0,000000E+0	820,000000E+0	11,900000E+0
910	0,000000E+0	176,273010E+3	0,000000E+0	820,000000E+0	11,900000E+0
911	0,000000E+0	176,273010E+3	0,000000E+0	820,000000E+0	11,900000E+0
912	0,000000E+0	176,273010E+3	0,000000E+0	820,000000E+0	11,900000E+0
913	0,000000E+0	176,273010E+3	0,000000E+0	823,000000E+0	11,900000E+0
914	0,000000E+0	176,273010E+3	0,000000E+0	823,000000E+0	11,900000E+0
915	0,000000E+0	176,273010E+3	0,000000E+0	823,000000E+0	11,900000E+0
916	0,000000E+0	176,273010E+3	0,000000E+0	823,000000E+0	11,900000E+0
917	0,000000E+0	176,270320E+3	0,000000E+0	826,000000E+0	11,900000E+0
918	0,000000E+0	176,270320E+3	0,000000E+0	826,000000E+0	11,900000E+0
919	0,000000E+0	176,270320E+3	0,000000E+0	826,000000E+0	11,900000E+0
920	0,000000E+0	176,270320E+3	0,000000E+0	826,000000E+0	11,900000E+0
921	7,000000E+0	176,270320E+3	0,000000E+0	830,000000E+0	11,900000E+0
922	7,000000E+0	176,270320E+3	0,000000E+0	830,000000E+0	11,900000E+0
923	7,000000E+0	176,270320E+3	0,000000E+0	830,000000E+0	11,900000E+0
924	7,000000E+0	176,270320E+3	0,000000E+0	830,000000E+0	11,900000E+0
925	28,000000E+0	176,278390E+3	0,000000E+0	835,000000E+0	11,900000E+0
926	28,000000E+0	176,278390E+3	0,000000E+0	835,000000E+0	11,900000E+0
927	28,000000E+0	176,278390E+3	0,000000E+0	835,000000E+0	11,900000E+0
928	28,000000E+0	176,278390E+3	0,000000E+0	835,000000E+0	11,900000E+0
929	63,000000E+0	176,278390E+3	458,000000E-3	845,000000E+0	11,900000E+0
930	63,000000E+0	176,278390E+3	458,000000E-3	845,000000E+0	11,900000E+0
931	63,000000E+0	176,278390E+3	458,000000E-3	845,000000E+0	11,900000E+0
932	63,000000E+0	176,278390E+3	458,000000E-3	845,000000E+0	11,900000E+0
933	140,000000E+0	176,289150E+3	916,000000E-3	862,000000E+0	11,900000E+0
934	140,000000E+0	176,289150E+3	916,000000E-3	862,000000E+0	11,900000E+0
935	140,000000E+0	176,289150E+3	916,000000E-3	862,000000E+0	11,900000E+0
936	140,000000E+0	176,289150E+3	916,000000E-3	862,000000E+0	11,900000E+0
937	196,000000E+0	176,275700E+3	2,519000E+0	897,000000E+0	11,900000E+0
938	196,000000E+0	176,275700E+3	2,519000E+0	897,000000E+0	11,900000E+0
939	196,000000E+0	176,275700E+3	2,519000E+0	897,000000E+0	11,900000E+0
940	196,000000E+0	176,275700E+3	2,519000E+0	897,000000E+0	11,900000E+0
941	14,000000E+0	176,246110E+3	2,519000E+0	931,000000E+0	11,900000E+0
942	14,000000E+0	176,246110E+3	2,519000E+0	931,000000E+0	11,900000E+0
943	14,000000E+0	176,246110E+3	2,519000E+0	931,000000E+0	11,900000E+0
944	14,000000E+0	176,246110E+3	2,519000E+0	931,000000E+0	11,900000E+0
945	65,388000E+3	176,219210E+3	0,000000E+0	927,000000E+0	11,900000E+0
946	65,388000E+3	176,219210E+3	0,000000E+0	927,000000E+0	11,900000E+0
947	65,388000E+3	176,219210E+3	0,000000E+0	927,000000E+0	11,900000E+0
948	65,388000E+3	176,219210E+3	0,000000E+0	927,000000E+0	11,900000E+0
949	65,303000E+3	176,267630E+3	-2,061000E+0	894,000000E+0	11,900000E+0
950	65,303000E+3	176,267630E+3	-2,061000E+0	894,000000E+0	11,900000E+0
951	65,303000E+3	176,267630E+3	-2,061000E+0	894,000000E+0	11,900000E+0
952	65,303000E+3	176,267630E+3	-2,061000E+0	894,000000E+0	11,900000E+0
953	65,275000E+3	176,267630E+3	-3,664000E+0	847,000000E+0	11,900000E+0
954	65,275000E+3	176,267630E+3	-3,664000E+0	847,000000E+0	11,900000E+0
955	65,275000E+3	176,267630E+3	-3,664000E+0	847,000000E+0	11,900000E+0
956	65,275000E+3	176,267630E+3	-3,664000E+0	847,000000E+0	11,900000E+0
957	65,282000E+3	176,248800E+3	-3,893000E+0	799,000000E+0	11,900000E+0
958	65,282000E+3	176,248800E+3	-3,893000E+0	799,000000E+0	11,900000E+0
959	65,282000E+3	176,248800E+3	-3,893000E+0	799,000000E+0	11,900000E+0
960	65,282000E+3	176,248800E+3	-3,893000E+0	799,000000E+0	11,900000E+0
961	65,318000E+3	176,205760E+3	-3,206000E+0	757,000000E+0	11,900000E+0
962	65,318000E+3	176,205760E+3	-3,206000E+0	757,000000E+0	11,900000E+0
963	65,318000E+3	176,205760E+3	-3,206000E+0	757,000000E+0	11,900000E+0
964	65,318000E+3	176,205760E+3	-3,206000E+0	757,000000E+0	11,900000E+0
965	65,381000E+3	176,213830E+3	-2,290000E+0	726,000000E+0	12,000000E+0
966	65,381000E+3	176,213830E+3	-2,290000E+0	726,000000E+0	12,000000E+0
967	65,381000E+3	176,213830E+3	-2,290000E+0	726,000000E+0	12,000000E+0
968	65,381000E+3	176,213830E+3	-2,290000E+0	726,000000E+0	12,000000E+0
969	65,444000E+3	176,192310E+3	-1,145000E+0	711,000000E+0	11,900000E+0
970	65,444000E+3	176,192310E+3	-1,145000E+0	711,000000E+0	11,900000E+0
971	65,444000E+3	176,192310E+3	-1,145000E+0	711,000000E+0	11,900000E+0
972	65,444000E+3	176,192310E+3	-1,145000E+0	711,000000E+0	11,900000E+0
973	65,521000E+3	176,251490E+3	0,000000E+0	709,000000E+0	11,900000E+0
974	65,521000E+3	176,251490E+3	0,000000E+0	709,000000E+0	11,900000E+0
975	65,521000E+3	176,251490E+3	0,000000E+0	709,000000E+0	11,900000E+0
976	65,521000E+3	176,251490E+3	0,000000E+0	709,000000E+0	11,900000E+0
977	63,000000E+0	176,256870E+3	458,000000E-3	717,000000E+0	11,900000E+0
978	63,000000E+0	176,256870E+3	458,000000E-3	717,000000E+0	11,900000E+0
979	63,000000E+0	176,256870E+3	458,000000E-3	717,000000E+0	11,900000E+0
980	63,000000E+0	176,256870E+3	458,000000E-3	717,000000E+0	11,900000E+0
981	70,000000E+0	176,262250E+3	1,145000E+0	737,000000E+0	11,900000E+0
982	70,000000E+0	176,262250E+3	1,145000E+0	737,000000E+0	11,900000E+0
983	70,000000E+0	176,262250E+3	1,145000E+0	737,000000E+0	11,900000E+0
984	70,000000E+0	176,262250E+3	1,145000E+0	737,000000E+0	11,900000E+0
985	91,000000E+0	176,267630E+3	1,603000E+0	759,000000E+0	11,900000E+0
986	91,000000E+0	176,267630E+3	1,603000E+0	759,000000E+0	11,900000E+0
987	91,000000E+0	176,267630E+3	1,603000E+0	759,000000E+0	11,900000E+0
988	91,000000E+0	176,267630E+3	1,603000E+0	759,000000E+0	11,900000E+0
989	63,000000E+0	176,267630E+3	1,603000E+0	782,000000E+0	11,900000E+0
990	63,000000E+0	176,267630E+3	1,603000E+0	782,000000E+0	11,900000E+0
991	63,000000E+0	176,267630E+3	1,603000E+0	782,000000E+0	11,900000E+0
992	63,000000E+0	176,267630E+3	1,603000E+0	782,000000E+0	11,900000E+0
993	42,000000E+0	176,262250E+3	1,374000E+0	799,000000E+0	11,900000E+0
994	42,000000E+0	176,262250E+3	1,374000E+0	799,000000E+0	11,900000E+0
995	42,000000E+0	176,262250E+3	1,374000E+0	799,000000E+0	11,900000E+0
996	42,000000E+0	176,262250E+3	1,374000E+0	799,000000E+0	11,900000E+0
997	7,000000E+0	176,254180E+3	916,000000E-3	809,000000E+0	11,900000E+0
998	7,000000E+0	176,254180E+3	916,000000E-3	809,000000E+0	11,900000E+0
999	7,000000E+0	176,254180E+3	916,000000E-3	809,000000E+0	11,900000E+0
1000	7,000000E+0	176,254180E+3	916,000000E-3	809,000000E+0	11,900000E+0
1001	0,000000E+0	176,256870E+3	687,000000E-3	816,000000E+0	11,900000E+0
1002	0,000000E+0	176,256870E+3	687,000000E-3	816,000000E+0	11,900000E+0
1003	0,000000E+0	176,256870E+3	687,000000E-3	816,000000E+0	11,900000E+0
1004	0,000000E+0	176,256870E+3	687,000000E-3	816,000000E+0	11,900000E+0
1005	0,000000E+0	176,273010E+3	229,000000E-3	819,000000E+0	11,900000E+0
1006	0,000000E+0	176,273010E+3	229,000000E-3	819,000000E+0	11,900000E+0
1007	0,000000E+0	176,273010E+3	229,000000E-3	819,000000E+0	11,900000E+0
1008	0,000000E+0	176,273010E+3	229,000000E-3	819,000000E+0	11,900000E+0
1009	65,528000E+3	176,275700E+3	0,000000E+0	822,000000E+0	11,900000E+0
1010	65,528000E+3	176,275700E+3	0,000000E+0	822,000000E+0	11,900000E+0
1011	65,528000E+3	176,275700E+3	0,000000E+0	822,000000E+0	11,900000E+0
1012	65,528000E+3	176,275700E+3	0,000000E+0	822,000000E+0	11,900000E+0
1013	0,000000E+0	176,270320E+3	0,000000E+0	824,000000E+0	11,900000E+0
1014	0,000000E+0	176,270320E+3	0,000000E+0	824,000000E+0	11,900000E+0
1015	0,000000E+0	176,270320E+3	0,000000E+0	824,000000E+0	11,900000E+0
1016	0,000000E+0	176,270320E+3	0,000000E+0	824,000000E+0	11,900000E+0
1017	7,000000E+0	176,267630E+3	0,000000E+0	827,000000E+0	11,900000E+0
1018	7,000000E+0	176,267630E+3	0,000000E+0	827,000000E+0	11,900000E+0
1019	7,000000E+0	176,267630E+3	0,000000E+0	827,000000E+0	11,900000E+0
1020	7,000000E+0	176,267630E+3	0,000000E+0	827,000000E+0	11,900000E+0
1021	14,000000E+0	176,278390E+3	229,000000E-3	832,000000E+0	11,900000E+0
1022	14,000000E+0	176,278390E+3	229,000000E-3	832,000000E+0	11,900000E+0
1023	14,000000E+0	176,278390E+3	229,000000E-3	832,000000E+0	11,900000E+0
1024	14,000000E+0	176,278390E+3	229,000000E-3	832,000000E+0	11,900000E+0
1025	42,000000E+0	176,278390E+3	229,000000E-3	839,000000E+0	11,900000E+0
1026	42,000000E+0	176,278390E+3	229,000000E-3	839,000000E+0	11,900000E+0
1027	42,000000E+0	176,278390E+3	229,000000E-3	839,000000E+0	11,900000E+0
1028	42,000000E+0	176,278390E+3	229,000000E-3	839,000000E+0	11,900000E+0
1029	98,000000E+0	176,286460E+3	687,000000E-3	853,000000E+0	11,900000E+0
1030	98,000000E+0	176,286460E+3	687,000000E-3	853,000000E+0	11,900000E+0
1031	98,000000E+0	176,286460E+3	687,000000E-3	853,000000E+0	11,900000E+0
1032	98,000000E+0	176,286460E+3	687,000000E-3	853,000000E+0	11,900000E+0
1033	196,000000E+0	176,289150E+3	1,603000E+0	878,000000E+0	11,900000E+0
1034	196,000000E+0	176,289150E+3	1,603000E+0	878,000000E+0	11,900000E+0
1035	196,000000E+0	176,289150E+3	1,603000E+0	878,000000E+0	11,900000E+0
1036	196,000000E+0	176,289150E+3	1,603000E+0	878,000000E+0	11,900000E+0
1037	112,000000E+0	176,264940E+3	2,748000E+0	918,000000E+0	11,900000E+0
1038	112,000000E+0	176,264940E+3	2,748000E+0	918,000000E+0	11,900000E+0
1039	112,000000E+0	176,264940E+3	2,748000E+0	918,000000E+0	11,900000E+0
1040	112,000000E+0	176,264940E+3	2,748000E+0	918,000000E+0	11,900000E+0
1041	65,451000E+3	176,205760E+3	1,603000E+0	934,000000E+0	11,900000E+0
1042	65,451000E+3	176,205760E+3	1,603000E+0	934,000000E+0	11,900000E+0
1043	65,451000E+3	176,205760E+3	1,603000E+0	934,000000E+0	11,900000E+0
1044	65,451000E+3	176,205760E+3	1,603000E+0	934,000000E+0	11,900000E+0
1045	65,339000E+3	176,256870E+3	-1,374000E+0	913,000000E+0	11,900000E+0
1046	65,339000E+3	176,256870E+3	-1,374000E+0	913,000000E+0	11,900000E+0
1047	65,339000E+3	176,256870E+3	-1,374000E+0	913,000000E+0	11,900000E+0
1048	65,339000E+3	176,256870E+3	-1,374000E+0	913,000000E+0	11,900000E+0
1049	65,282000E+3	176,275700E+3	-2,977000E+0	871,000000E+0	11,900000E+0
1050	65,282000E+3	176,275700E+3	-2,977000E+0	871,000000E+0	11,900000E+0
1051	65,282000E+3	176,275700E+3	-2,977000E+0	871,000000E+0	11,900000E+0
1052	65,282000E+3	176,275700E+3	-2,977000E+0	871,000000E+0	11,900000E+0
1053	65,268000E+3	176,262250E+3	-3,664000E+0	823,000000E+0	11,900000E+0
1054	65,268000E+3	176,262250E+3	-3,664000E+0	823,000000E+0	11,900000E+0
1055	65,268000E+3	176,262250E+3	-3,664000E+0	823,000000E+0	11,900000E+0
1056	65,268000E+3	176,262250E+3	-3,664000E+0	823,000000E+0	11,900000E+0
1057	65,303000E+3	176,232660E+3	-3,435000E+0	776,000000E+0	11,900000E+0
1058	65,303000E+3	176,232660E+3	-3,435000E+0	776,000000E+0	11,900000E+0
1059	65,303000E+3	176,232660E+3	-3,435000E+0	776,000000E+0	11,900000E+0
1060	65,303000E+3	176,232660E+3	-3,435000E+0	776,000000E+0	11,900000E+0
1061	65,346000E+3	176,213830E+3	-2,748000E+0	740,000000E+0	11,900000E+0
1062	65,346000E+3	176,213830E+3	-2,748000E+0	740,000000E+0	11,900000E+0
1063	65,346000E+3	176,213830E+3	-2,748000E+0	740,000000E+0	11,900000E+0
1064	65,346000E+3	176,213830E+3	-2,748000E+0	740,000000E+0	11,900000E+0
1065	65,409000E+3	176,197690E+3	-1,832000E+0	716,000000E+0	11,900000E+0
1066	65,409000E+3	176,197690E+3	-1,832000E+0	716,000000E+0	11,900000E+0
1067	65,409000E+3	176,197690E+3	-1,832000E+0	716,000000E+0	11,900000E+0
1068	65,409000E+3	176,197690E+3	-1,832000E+0	716,000000E+0	11,900000E+0
1069	65,479000E+3	176,216520E+3	-458,000000E-3	709,000000E+0	11,900000E+0
1070	65,479000E+3	176,216520E+3	-458,000000E-3	709,000000E+0	11,900000E+0
1071	65,479000E+3	176,216520E+3	-458,000000E-3	709,000000E+0	11,900000E+0
1072	65,479000E+3	176,216520E+3	-458,000000E-3	709,000000E+0	11,900000E+0
1073	21,000000E+0	176,256870E+3	229,000000E-3	712,000000E+0	11,900000E+0
1074	21,000000E+0	176,256870E+3	229,000000E-3	712,000000E+0	11,900000E+0
1075	21,000000E+0	176,256870E+3	229,000000E-3	712,000000E+0	11,900000E+0
1076	21,000000E+0	176,256870E+3	229,000000E-3	712,000000E+0	11,900000E+0
1077	70,000000E+0	176,256870E+3	916,000000E-3	727,000000E+0	11,900000E+0
1078	70,000000E+0	176,256870E+3	916,000000E-3	727,000000E+0	11,900000E+0
1079	70,000000E+0	176,256870E+3	916,000000E-3	727,000000E+0	11,900000E+0
1080	70,000000E+0	176,256870E+3	916,000000E-3	727,000000E+0	11,900000E+0
1081	91,000000E+0	176,264940E+3	1,374000E+0	748,000000E+0	11,900000E+0
1082	91,000000E+0	176,264940E+3	1,374000E+0	748,000000E+0	11,900000E+0
1083	91,000000E+0	176,264940E+3	1,374000E+0	748,000000E+0	11,900000E+0
1084	91,000000E+0	176,264940E+3	1,374000E+0	748,000000E+0	11,900000E+0
1085	84,000000E+0	176,270320E+3	1,603000E+0	771,000000E+0	11,900000E+0
1086	84,000000E+0	176,270320E+3	1,603000E+0	771,000000E+0	11,900000E+0
1087	84,000000E+0	176,270320E+3	1,603000E+0	771,000000E+0	11,900000E+0
1088	84,000000E+0	176,270320E+3	1,603000E+0	771,000000E+0	11,900000E+0
1089	49,000000E+0	176,264940E+3	1,374000E+0	792,000000E+0	11,900000E+0
1090	49,000000E+0	176,264940E+3	1,374000E+0	792,000000E+0	11,900000E+0
1091	49,000000E+0	176,264940E+3	1,374000E+0	792,000000E+0	11,900000E+0
1092	49,000000E+0	176,264940E+3	1,374000E+0	792,000000E+0	11,900000E+0
1093	21,000000E+0	176,251490E+3	1,145000E+0	805,000000E+0	11,900000E+0
1094	21,000000E+0	176,251490E+3	1,145000E+0	805,000000E+0	11,900000E+0
1095	21,000000E+0	176,251490E+3	1,145000E+0	805,000000E+0	11,900000E+0
1096	21,000000E+0	176,251490E+3	1,145000E+0	805,000000E+0	11,900000E+0
1097	7,000000E+0	176,262250E+3	687,000000E-3	813,000000E+0	11,900000E+0
1098	7,000000E+0	176,262250E+3	687,000000E-3	813,000000E+0	11,900000E+0
1099	7,000000E+0	176,262250E+3	687,000000E-3	813,000000E+0	11,900000E+0
1100	7,000000E+0	176,262250E+3	687,000000E-3	813,000000E+0	11,900000E+0
1101	0,000000E+0	176,270320E+3	229,000000E-3	817,000000E+0	11,900000E+0
1102	0,000000E+0	176,270320E+3	229,000000E-3	817,000000E+0	11,900000E+0
1103	0,000000E+0	176,270320E+3	229,000000E-3	817,000000E+0	11,900000E+0
1104	0,000000E+0	176,270320E+3	229,000000E-3	817,000000E+0	11,900000E+0
1105	0,000000E+0	176,273010E+3	229,000000E-3	820,000000E+0	11,900000E+0
1106	0,000000E+0	176,273010E+3	229,000000E-3	820,000000E+0	11,900000E+0
1107	0,000000E+0	176,273010E+3	229,000000E-3	820,000000E+0	11,900000E+0
1108	0,000000E+0	176,273010E+3	229,000000E-3	820,000000E+0	11,900000E+0
1109	0,000000E+0	176,273010E+3	0,000000E+0	823,000000E+0	11,900000E+0
1110	0,000000E+0	176,273010E+3	0,000000E+0	823,000000E+0	11,900000E+0
1111	0,000000E+0	176,273010E+3	0,000000E+0	823,000000E+0	11,900000E+0
1112	0,000000E+0	176,273010E+3	0,000000E+0	823,000000E+0	11,900000E+0
1113	0,000000E+0	176,270320E+3	0,000000E+0	826,000000E+0	11,900000E+0
1114	0,000000E+0	176,270320E+3	0,000000E+0	826,000000E+0	11,900000E+0
1115	0,000000E+0	176,270320E+3	0,000000E+0	826,000000E+0	11,900000E+0
1116	0,000000E+0	176,270320E+3	0,000000E+0	826,000000E+0	11,900000E+0
1117	14,000000E+0	176,270320E+3	0,000000E+0	830,000000E+0	11,900000E+0
1118	14,000000E+0	176,270320E+3	0,000000E+0	830,000000E+0	11,900000E+0
1119	14,000000E+0	176,270320E+3	0,000000E+0	830,000000E+0	11,900000E+0
1120	14,000000E+0	176,270320E+3	0,000000E+0	830,000000E+0	11,900000E+0
1121	28,000000E+0	176,278390E+3	229,000000E-3	835,000000E+0	11,900000E+0
1122	28,000000E+0	176,278390E+3	229,000000E-3	835,000000E+0	11,900000E+0
1123	28,000000E+0	176,278390E+3	229,000000E-3	835,000000E+0	11,900000E+0
1124	28,000000E+0	176,278390E+3	229,000000E-3	835,000000E+0	11,900000E+0
1125	63,000000E+0	176,281080E+3	458,000000E-3	845,000000E+0	11,900000E+0
1126	63,000000E+0	176,281080E+3	458,000000E-3	845,000000E+0	11,900000E+0
1127	63,000000E+0	176,281080E+3	458,000000E-3	845,000000E+0	11,900000E+0
1128	63,000000E+0	176,281080E+3	458,000000E-3	845,000000E+0	11,900000E+0
1129	140,000000E+0	0,000000E+0	916,000000E-3	862,000000E+0	11,900000E+0
1130	140,000000E+0	0,000000E+0	916,000000E-3	862,000000E+0	11,900000E+0
1131	140,000000E+0	0,000000E+0	916,000000E-3	862,000000E+0	11,900000E+0
1132	140,000000E+0	0,000000E+0	916,000000E-3	862,000000E+0	11,900000E+0
1133	196,000000E+0	176,278390E+3	2,519000E+0	897,000000E+0	11,900000E+0
1134	196,000000E+0	176,278390E+3	2,519000E+0	897,000000E+0	11,900000E+0
1135	196,000000E+0	176,278390E+3	2,519000E+0	897,000000E+0	11,900000E+0
1136	196,000000E+0	176,278390E+3	2,519000E+0	897,000000E+0	11,900000E+0
1137	14,000000E+0	176,246110E+3	2,290000E+0	931,000000E+0	11,900000E+0
1138	14,000000E+0	176,246110E+3	2,290000E+0	931,000000E+0	11,900000E+0
1139	14,000000E+0	176,246110E+3	2,290000E+0	931,000000E+0	11,900000E+0
1140	14,000000E+0	176,246110E+3	2,290000E+0	931,000000E+0	11,900000E+0
1141	65,388000E+3	176,224590E+3	0,000000E+0	927,000000E+0	11,900000E+0
1142	65,388000E+3	176,224590E+3	0,000000E+0	927,000000E+0	11,900000E+0
1143	65,388000E+3	176,224590E+3	0,000000E+0	927,000000E+0	11,900000E+0
1144	65,388000E+3	176,224590E+3	0,000000E+0	927,000000E+0	11,900000E+0
1145	65,303000E+3	176,267630E+3	-2,061000E+0	894,000000E+0	11,900000E+0
1146	65,303000E+3	176,267630E+3	-2,061000E+0	894,000000E+0	11,900000E+0
1147	65,303000E+3	176,267630E+3	-2,061000E+0	894,000000E+0	11,900000E+0
1148	65,303000E+3	176,267630E+3	-2,061000E+0	894,000000E+0	11,900000E+0
1149	65,268000E+3	176,273010E+3	-3,664000E+0	847,000000E+0	11,900000E+0
1150	65,268000E+3	176,273010E+3	-3,664000E+0	847,000000E+0	11,900000E+0
1151	65,268000E+3	176,273010E+3	-3,664000E+0	847,000000E+0	11,900000E+0
1152	65,268000E+3	176,273010E+3	-3,664000E+0	847,000000E+0	11,900000E+0
1153	65,282000E+3	176,248800E+3	-3,664000E+0	799,000000E+0	11,900000E+0
1154	65,282000E+3	176,248800E+3	-3,664000E+0	799,000000E+0	11,900000E+0
1155	65,282000E+3	176,248800E+3	-3,664000E+0	799,000000E+0	11,900000E+0
1156	65,282000E+3	176,248800E+3	-3,664000E+0	799,000000E+0	11,900000E+0
1157	65,318000E+3	176,203070E+3	-3,206000E+0	756,000000E+0	11,900000E+0
1158	65,318000E+3	176,203070E+3	-3,206000E+0	756,000000E+0	11,900000E+0
1159	65,318000E+3	176,203070E+3	-3,206000E+0	756,000000E+0	11,900000E+0
1160	65,318000E+3	176,203070E+3	-3,206000E+0	756,000000E+0	11,900000E+0
1161	65,381000E+3	176,213830E+3	-2,290000E+0	726,000000E+0	11,900000E+0
1162	65,381000E+3	176,213830E+3	-2,290000E+0	726,000000E+0	11,900000E+0
1163	65,381000E+3	176,213830E+3	-2,290000E+0	726,000000E+0	11,900000E+0
1164	65,381000E+3	176,213830E+3	-2,290000E+0	726,000000E+0	11,900000E+0
1165	65,444000E+3	176,189620E+3	-1,145000E+0	711,000000E+0	11,900000E+0
1166	65,444000E+3	176,189620E+3	-1,145000E+0	711,000000E+0	11,900000E+0
1167	65,444000E+3	176,189620E+3	-1,145000E+0	711,000000E+0	11,900000E+0
1168	65,444000E+3	176,189620E+3	-1,145000E+0	711,000000E+0	11,900000E+0
1169	65,521000E+3	176,251490E+3	0,000000E+0	709,000000E+0	11,900000E+0
1170	65,521000E+3	176,251490E+3	0,000000E+0	709,000000E+0	11,900000E+0
1171	65,521000E+3	176,251490E+3	0,000000E+0	709,000000E+0	11,900000E+0
1172	65,521000E+3	176,251490E+3	0,000000E+0	709,000000E+0	11,900000E+0
1173	56,000000E+0	176,254180E+3	687,000000E-3	717,000000E+0	11,900000E+0
1174	56,000000E+0	176,254180E+3	687,000000E-3	717,000000E+0	11,900000E+0
1175	56,000000E+0	176,254180E+3	687,000000E-3	717,000000E+0	11,900000E+0
1176	56,000000E+0	176,254180E+3	687,000000E-3	717,000000E+0	11,900000E+0
1177	70,000000E+0	176,264940E+3	1,145000E+0	737,000000E+0	11,900000E+0
1178	70,000000E+0	176,264940E+3	1,145000E+0	737,000000E+0	11,900000E+0
1179	70,000000E+0	176,264940E+3	1,145000E+0	737,000000E+0	11,900000E+0
1180	70,000000E+0	176,264940E+3	1,145000E+0	737,000000E+0	11,900000E+0
1181	91,000000E+0	176,270320E+3	1,374000E+0	759,000000E+0	11,900000E+0
1182	91,000000E+0	176,270320E+3	1,374000E+0	759,000000E+0	11,900000E+0
1183	91,000000E+0	176,270320E+3	1,374000E+0	759,000000E+0	11,900000E+0
1184	91,000000E+0	176,270320E+3	1,374000E+0	759,000000E+0	11,900000E+0
1185	63,000000E+0	176,264940E+3	1,603000E+0	782,000000E+0	11,900000E+0
1186	63,000000E+0	176,264940E+3	1,603000E+0	782,000000E+0	11,900000E+0
1187	63,000000E+0	176,264940E+3	1,603000E+0	782,000000E+0	11,900000E+0
1188	63,000000E+0	176,264940E+3	1,603000E+0	782,000000E+0	11,900000E+0
1189	42,000000E+0	176,259560E+3	1,374000E+0	799,000000E+0	11,900000E+0
1190	42,000000E+0	176,259560E+3	1,374000E+0	799,000000E+0	11,900000E+0
1191	42,000000E+0	176,259560E+3	1,374000E+0	799,000000E+0	11,900000E+0
1192	42,000000E+0	176,259560E+3	1,374000E+0	799,000000E+0	11,900000E+0
1193	14,000000E+0	176,254180E+3	916,000000E-3	810,000000E+0	11,900000E+0
1194	14,000000E+0	176,254180E+3	916,000000E-3	810,000000E+0	11,900000E+0
1195	14,000000E+0	176,254180E+3	916,000000E-3	810,000000E+0	11,900000E+0
1196	14,000000E+0	176,254180E+3	916,000000E-3	810,000000E+0	11,900000E+0
1197	0,000000E+0	176,262250E+3	458,000000E-3	816,000000E+0	11,900000E+0
1198	0,000000E+0	176,262250E+3	458,000000E-3	816,000000E+0	11,900000E+0
1199	0,000000E+0	176,262250E+3	458,000000E-3	816,000000E+0	11,900000E+0
1200	0,000000E+0	176,262250E+3	458,000000E-3	816,000000E+0	11,900000E+0
1201	0,000000E+0	176,270320E+3	229,000000E-3	819,000000E+0	11,900000E+0
1202	0,000000E+0	176,270320E+3	229,000000E-3	819,000000E+0	11,900000E+0
1203	0,000000E+0	176,270320E+3	229,000000E-3	819,000000E+0	11,900000E+0
1204	0,000000E+0	176,270320E+3	229,000000E-3	819,000000E+0	11,900000E+0
1205	65,528000E+3	176,275700E+3	0,000000E+0	822,000000E+0	11,900000E+0
1206	65,528000E+3	176,275700E+3	0,000000E+0	822,000000E+0	11,900000E+0
1207	65,528000E+3	176,275700E+3	0,000000E+0	822,000000E+0	11,900000E+0
1208	65,528000E+3	176,275700E+3	0,000000E+0	822,000000E+0	11,900000E+0
1209	0,000000E+0	176,270320E+3	0,000000E+0	824,000000E+0	11,900000E+0
1210	0,000000E+0	176,270320E+3	0,000000E+0	824,000000E+0	11,900000E+0
1211	0,000000E+0	176,270320E+3	0,000000E+0	824,000000E+0	11,900000E+0
1212	0,000000E+0	176,270320E+3	0,000000E+0	824,000000E+0	11,900000E+0
1213	7,000000E+0	176,270320E+3	0,000000E+0	827,000000E+0	11,900000E+0
1214	7,000000E+0	176,270320E+3	0,000000E+0	827,000000E+0	11,900000E+0
1215	7,000000E+0	176,270320E+3	0,000000E+0	827,000000E+0	11,900000E+0
1216	7,000000E+0	176,270320E+3	0,000000E+0	827,000000E+0	11,900000E+0
1217	14,000000E+0	176,275700E+3	229,000000E-3	832,000000E+0	11,900000E+0
1218	14,000000E+0	176,275700E+3	229,000000E-3	832,000000E+0	11,900000E+0
1219	14,000000E+0	176,275700E+3	229,000000E-3	832,000000E+0	11,900000E+0
1220	14,000000E+0	176,275700E+3	229,000000E-3	832,000000E+0	11,900000E+0
1221	42,000000E+0	176,278390E+3	229,000000E-3	839,000000E+0	11,900000E+0
1222	42,000000E+0	176,278390E+3	229,000000E-3	839,000000E+0	11,900000E+0
1223	42,000000E+0	176,278390E+3	229,000000E-3	839,000000E+0	11,900000E+0
1224	42,000000E+0	176,278390E+3	229,000000E-3	839,000000E+0	11,900000E+0
1225	98,000000E+0	176,286460E+3	687,000000E-3	853,000000E+0	11,900000E+0
1226	98,000000E+0	176,286460E+3	687,000000E-3	853,000000E+0	11,900000E+0
1227	98,000000E+0	176,286460E+3	687,000000E-3	853,000000E+0	11,900000E+0
1228	98,000000E+0	176,286460E+3	687,000000E-3	853,000000E+0	11,900000E+0
1229	196,000000E+0	176,289150E+3	1,832000E+0	878,000000E+0	11,900000E+0
1230	196,000000E+0	176,289150E+3	1,832000E+0	878,000000E+0	11,900000E+0
1231	196,000000E+0	176,289150E+3	1,832000E+0	878,000000E+0	11,900000E+0
1232	196,000000E+0	176,289150E+3	1,832000E+0	878,000000E+0	11,900000E+0
1233	112,000000E+0	176,264940E+3	2,748000E+0	918,000000E+0	11,900000E+0
1234	112,000000E+0	176,264940E+3	2,748000E+0	918,000000E+0	11,900000E+0
1235	112,000000E+0	176,264940E+3	2,748000E+0	918,000000E+0	11,900000E+0
1236	112,000000E+0	176,264940E+3	2,748000E+0	918,000000E+0	11,900000E+0
1237	65,451000E+3	176,208450E+3	1,603000E+0	934,000000E+0	11,900000E+0
1238	65,451000E+3	176,208450E+3	1,603000E+0	934,000000E+0	11,900000E+0
1239	65,451000E+3	176,208450E+3	1,603000E+0	934,000000E+0	11,900000E+0
1240	65,451000E+3	176,208450E+3	1,603000E+0	934,000000E+0	11,900000E+0
1241	65,339000E+3	176,256870E+3	-1,603000E+0	913,000000E+0	11,900000E+0
1242	65,339000E+3	176,256870E+3	-1,603000E+0	913,000000E+0	11,900000E+0
1243	65,339000E+3	176,256870E+3	-1,603000E+0	913,000000E+0	11,900000E+0
1244	65,339000E+3	176,256870E+3	-1,603000E+0	913,000000E+0	11,900000E+0
1245	65,282000E+3	176,273010E+3	-2,977000E+0	872,000000E+0	11,900000E+0
1246	65,282000E+3	176,273010E+3	-2,977000E+0	872,000000E+0	11,900000E+0
1247	65,282000E+3	176,273010E+3	-2,977000E+0	872,000000E+0	11,900000E+0
1248	65,282000E+3	176,273010E+3	-2,977000E+0	872,000000E+0	11,900000E+0
1249	65,268000E+3	176,259560E+3	-3,893000E+0	822,000000E+0	11,900000E+0
1250	65,268000E+3	176,259560E+3	-3,893000E+0	822,000000E+0	11,900000E+0
1251	65,268000E+3	176,259560E+3	-3,893000E+0	822,000000E+0	11,900000E+0
1252	65,268000E+3	176,259560E+3	-3,893000E+0	822,000000E+0	11,900000E+0
1253	65,303000E+3	176,232660E+3	-3,435000E+0	776,000000E+0	11,900000E+0
1254	65,303000E+3	176,232660E+3	-3,435000E+0	776,000000E+0	11,900000E+0
1255	65,303000E+3	176,232660E+3	-3,435000E+0	776,000000E+0	11,900000E+0
1256	65,303000E+3	176,232660E+3	-3,435000E+0	776,000000E+0	11,900000E+0
1257	65,346000E+3	176,213830E+3	-2,748000E+0	739,000000E+0	11,900000E+0
1258	65,346000E+3	176,213830E+3	-2,748000E+0	739,000000E+0	11,900000E+0
1259	65,346000E+3	176,213830E+3	-2,748000E+0	739,000000E+0	11,900000E+0
1260	65,346000E+3	176,213830E+3	-2,748000E+0	739,000000E+0	11,900000E+0
1261	65,416000E+3	176,195000E+3	-1,832000E+0	716,000000E+0	11,900000E+0
1262	65,416000E+3	176,195000E+3	-1,832000E+0	716,000000E+0	11,900000E+0
1263	65,416000E+3	176,195000E+3	-1,832000E+0	716,000000E+0	11,900000E+0
1264	65,416000E+3	176,195000E+3	-1,832000E+0	716,000000E+0	11,900000E+0
1265	65,479000E+3	176,213830E+3	-458,000000E-3	709,000000E+0	11,900000E+0
1266	65,479000E+3	176,213830E+3	-458,000000E-3	709,000000E+0	11,900000E+0
1267	65,479000E+3	176,213830E+3	-458,000000E-3	709,000000E+0	11,900000E+0
1268	65,479000E+3	176,213830E+3	-458,000000E-3	709,000000E+0	11,900000E+0
1269	21,000000E+0	176,254180E+3	229,000000E-3	712,000000E+0	11,900000E+0
1270	21,000000E+0	176,254180E+3	229,000000E-3	712,000000E+0	11,900000E+0
1271	21,000000E+0	176,254180E+3	229,000000E-3	712,000000E+0	11,900000E+0
1272	21,000000E+0	176,254180E+3	229,000000E-3	712,000000E+0	11,900000E+0
1273	70,000000E+0	176,256870E+3	916,000000E-3	726,000000E+0	11,900000E+0
1274	70,000000E+0	176,256870E+3	916,000000E-3	726,000000E+0	11,900000E+0
1275	70,000000E+0	176,256870E+3	916,000000E-3	726,000000E+0	11,900000E+0
1276	70,000000E+0	176,256870E+3	916,000000E-3	726,000000E+0	11,900000E+0
1277	91,000000E+0	176,267630E+3	1,374000E+0	748,000000E+0	11,900000E+0
1278	91,000000E+0	176,267630E+3	1,374000E+0	748,000000E+0	11,900000E+0
1279	91,000000E+0	176,267630E+3	1,374000E+0	748,000000E+0	11,900000E+0
1280	91,000000E+0	176,267630E+3	1,374000E+0	748,000000E+0	11,900000E+0
1281	77,000000E+0	176,270320E+3	1,603000E+0	771,000000E+0	11,900000E+0
1282	77,000000E+0	176,270320E+3	1,603000E+0	771,000000E+0	11,900000E+0
1283	77,000000E+0	176,270320E+3	1,603000E+0	771,000000E+0	11,900000E+0
1284	77,000000E+0	176,270320E+3	1,603000E+0	771,000000E+0	11,900000E+0
1285	49,000000E+0	176,267630E+3	1,374000E+0	791,000000E+0	11,900000E+0
1286	49,000000E+0	176,267630E+3	1,374000E+0	791,000000E+0	11,900000E+0
1287	49,000000E+0	176,267630E+3	1,374000E+0	791,000000E+0	11,900000E+0
1288	49,000000E+0	176,267630E+3	1,374000E+0	791,000000E+0	11,900000E+0
1289	14,000000E+0	176,251490E+3	1,145000E+0	804,000000E+0	11,900000E+0
1290	14,000000E+0	176,251490E+3	1,145000E+0	804,000000E+0	11,900000E+0
1291	14,000000E+0	176,251490E+3	1,145000E+0	804,000000E+0	11,900000E+0
1292	14,000000E+0	176,251490E+3	1,145000E+0	804,000000E+0	11,900000E+0
1293	7,000000E+0	176,259560E+3	687,000000E-3	812,000000E+0	11,900000E+0
1294	7,000000E+0	176,259560E+3	687,000000E-3	812,000000E+0	11,900000E+0
1295	7,000000E+0	176,259560E+3	687,000000E-3	812,000000E+0	11,900000E+0
1296	7,000000E+0	176,259560E+3	687,000000E-3	812,000000E+0	11,900000E+0
1297	0,000000E+0	176,270320E+3	229,000000E-3	816,000000E+0	11,900000E+0
1298	0,000000E+0	176,270320E+3	229,000000E-3	816,000000E+0	11,900000E+0
1299	0,000000E+0	176,270320E+3	229,000000E-3	816,000000E+0	11,900000E+0
1300	0,000000E+0	176,270320E+3	229,000000E-3	816,000000E+0	11,900000E+0
1301	65,528000E+3	176,273010E+3	0,000000E+0	819,000000E+0	11,900000E+0
1302	65,528000E+3	176,273010E+3	0,000000E+0	819,000000E+0	11,900000E+0
1303	65,528000E+3	176,273010E+3	0,000000E+0	819,000000E+0	11,900000E+0
1304	65,528000E+3	176,273010E+3	0,000000E+0	819,000000E+0	11,900000E+0
1305	65,521000E+3	176,281080E+3	0,000000E+0	821,000000E+0	11,900000E+0
1306	65,521000E+3	176,281080E+3	0,000000E+0	821,000000E+0	11,900000E+0
1307	65,521000E+3	176,281080E+3	0,000000E+0	821,000000E+0	11,900000E+0
1308	65,521000E+3	176,281080E+3	0,000000E+0	821,000000E+0	11,900000E+0
1309	65,528000E+3	176,275700E+3	0,000000E+0	821,000000E+0	11,900000E+0
1310	65,528000E+3	176,275700E+3	0,000000E+0	821,000000E+0	11,900000E+0
1311	65,528000E+3	176,275700E+3	0,000000E+0	821,000000E+0	11,900000E+0
1312	65,528000E+3	176,275700E+3	0,000000E+0	821,000000E+0	11,900000E+0
1313	65,521000E+3	176,278390E+3	0,000000E+0	822,000000E+0	11,900000E+0
1314	65,521000E+3	176,278390E+3	0,000000E+0	822,000000E+0	11,900000E+0
1315	65,521000E+3	176,278390E+3	0,000000E+0	822,000000E+0	11,900000E+0
1316	65,521000E+3	176,278390E+3	0,000000E+0	822,000000E+0	11,900000E+0
1317	65,521000E+3	176,275700E+3	0,000000E+0	822,000000E+0	11,900000E+0
1318	65,521000E+3	176,275700E+3	0,000000E+0	822,000000E+0	11,900000E+0
1319	65,521000E+3	176,275700E+3	0,000000E+0	822,000000E+0	11,900000E+0
1320	65,521000E+3	176,275700E+3	0,000000E+0	822,000000E+0	11,900000E+0
1321	65,528000E+3	176,281080E+3	0,000000E+0	822,000000E+0	11,900000E+0
1322	65,528000E+3	176,281080E+3	0,000000E+0	822,000000E+0	11,900000E+0
1323	65,528000E+3	176,281080E+3	0,000000E+0	822,000000E+0	11,900000E+0
1324	65,528000E+3	176,281080E+3	0,000000E+0	822,000000E+0	11,900000E+0
1325	65,521000E+3	176,278390E+3	0,000000E+0	823,000000E+0	11,900000E+0
