vendredi 22 décembre 2023	16:33:07	Sampling Period : 40  ms		
Unities: time [sample], PWM [raw], Current [mA], velocity [rev/min], Position [pulse], Present Input Voltage [V]

t	DXL_PWM		DXL_Current		DXL_Velocity		DXL_Position		DXL_Input_Voltage
0	7,000000E+0	0,000000E+0	0,000000E+0	1,023000E+3	11,900000E+0
1	7,000000E+0	0,000000E+0	0,000000E+0	1,023000E+3	11,900000E+0
2	7,000000E+0	0,000000E+0	0,000000E+0	1,023000E+3	11,900000E+0
3	7,000000E+0	0,000000E+0	0,000000E+0	1,023000E+3	11,900000E+0
4	7,000000E+0	0,000000E+0	0,000000E+0	1,023000E+3	11,900000E+0
5	7,000000E+0	0,000000E+0	0,000000E+0	1,023000E+3	11,900000E+0
6	7,000000E+0	0,000000E+0	0,000000E+0	1,023000E+3	11,900000E+0
7	14,000000E+0	0,000000E+0	0,000000E+0	1,022000E+3	11,900000E+0
8	14,000000E+0	0,000000E+0	0,000000E+0	1,022000E+3	11,900000E+0
9	14,000000E+0	0,000000E+0	0,000000E+0	1,022000E+3	11,900000E+0
10	14,000000E+0	0,000000E+0	0,000000E+0	1,022000E+3	11,900000E+0
11	0,000000E+0	0,000000E+0	229,000000E-3	1,024000E+3	11,900000E+0
12	0,000000E+0	0,000000E+0	229,000000E-3	1,024000E+3	11,900000E+0
13	0,000000E+0	0,000000E+0	229,000000E-3	1,024000E+3	11,900000E+0
14	0,000000E+0	0,000000E+0	229,000000E-3	1,024000E+3	11,900000E+0
15	7,000000E+0	0,000000E+0	0,000000E+0	1,023000E+3	11,900000E+0
16	7,000000E+0	0,000000E+0	0,000000E+0	1,023000E+3	11,900000E+0
17	7,000000E+0	0,000000E+0	0,000000E+0	1,023000E+3	11,900000E+0
18	7,000000E+0	0,000000E+0	0,000000E+0	1,023000E+3	11,900000E+0
19	14,000000E+0	0,000000E+0	0,000000E+0	1,022000E+3	11,900000E+0
20	14,000000E+0	0,000000E+0	0,000000E+0	1,022000E+3	11,900000E+0
21	14,000000E+0	0,000000E+0	0,000000E+0	1,022000E+3	11,900000E+0
22	14,000000E+0	0,000000E+0	0,000000E+0	1,022000E+3	11,900000E+0
23	7,000000E+0	0,000000E+0	0,000000E+0	1,022000E+3	11,900000E+0
24	7,000000E+0	0,000000E+0	0,000000E+0	1,022000E+3	11,900000E+0
25	7,000000E+0	0,000000E+0	0,000000E+0	1,022000E+3	11,900000E+0
26	7,000000E+0	0,000000E+0	0,000000E+0	1,022000E+3	11,900000E+0
27	7,000000E+0	0,000000E+0	0,000000E+0	1,022000E+3	11,900000E+0
28	7,000000E+0	0,000000E+0	0,000000E+0	1,022000E+3	11,900000E+0
29	7,000000E+0	0,000000E+0	0,000000E+0	1,022000E+3	11,900000E+0
30	7,000000E+0	0,000000E+0	0,000000E+0	1,022000E+3	11,900000E+0
31	14,000000E+0	0,000000E+0	0,000000E+0	1,022000E+3	11,900000E+0
32	14,000000E+0	0,000000E+0	0,000000E+0	1,022000E+3	11,900000E+0
33	14,000000E+0	0,000000E+0	0,000000E+0	1,022000E+3	11,900000E+0
34	14,000000E+0	0,000000E+0	0,000000E+0	1,022000E+3	11,900000E+0
35	7,000000E+0	0,000000E+0	0,000000E+0	1,022000E+3	11,900000E+0
36	7,000000E+0	0,000000E+0	0,000000E+0	1,022000E+3	11,900000E+0
37	7,000000E+0	0,000000E+0	0,000000E+0	1,022000E+3	11,900000E+0
38	7,000000E+0	0,000000E+0	0,000000E+0	1,022000E+3	11,900000E+0
39	14,000000E+0	0,000000E+0	0,000000E+0	1,023000E+3	11,900000E+0
40	14,000000E+0	0,000000E+0	0,000000E+0	1,023000E+3	11,900000E+0
41	14,000000E+0	0,000000E+0	0,000000E+0	1,023000E+3	11,900000E+0
42	14,000000E+0	0,000000E+0	0,000000E+0	1,023000E+3	11,900000E+0
43	7,000000E+0	0,000000E+0	0,000000E+0	1,022000E+3	11,900000E+0
44	7,000000E+0	0,000000E+0	0,000000E+0	1,022000E+3	11,900000E+0
45	7,000000E+0	0,000000E+0	0,000000E+0	1,022000E+3	11,900000E+0
46	7,000000E+0	0,000000E+0	0,000000E+0	1,022000E+3	11,900000E+0
47	7,000000E+0	0,000000E+0	0,000000E+0	1,023000E+3	11,900000E+0
48	7,000000E+0	0,000000E+0	0,000000E+0	1,023000E+3	11,900000E+0
49	7,000000E+0	0,000000E+0	0,000000E+0	1,023000E+3	11,900000E+0
50	7,000000E+0	0,000000E+0	0,000000E+0	1,023000E+3	11,900000E+0
51	14,000000E+0	0,000000E+0	0,000000E+0	1,023000E+3	11,900000E+0
52	14,000000E+0	0,000000E+0	0,000000E+0	1,023000E+3	11,900000E+0
53	14,000000E+0	0,000000E+0	0,000000E+0	1,023000E+3	11,900000E+0
54	14,000000E+0	0,000000E+0	0,000000E+0	1,023000E+3	11,900000E+0
55	7,000000E+0	0,000000E+0	0,000000E+0	1,022000E+3	11,900000E+0
56	7,000000E+0	0,000000E+0	0,000000E+0	1,022000E+3	11,900000E+0
57	7,000000E+0	0,000000E+0	0,000000E+0	1,022000E+3	11,900000E+0
58	7,000000E+0	0,000000E+0	0,000000E+0	1,022000E+3	11,900000E+0
59	7,000000E+0	0,000000E+0	0,000000E+0	1,023000E+3	11,900000E+0
60	7,000000E+0	0,000000E+0	0,000000E+0	1,023000E+3	11,900000E+0
61	7,000000E+0	0,000000E+0	0,000000E+0	1,023000E+3	11,900000E+0
62	7,000000E+0	0,000000E+0	0,000000E+0	1,023000E+3	11,900000E+0
63	14,000000E+0	0,000000E+0	0,000000E+0	1,022000E+3	11,900000E+0
64	14,000000E+0	0,000000E+0	0,000000E+0	1,022000E+3	11,900000E+0
65	14,000000E+0	0,000000E+0	0,000000E+0	1,022000E+3	11,900000E+0
66	14,000000E+0	0,000000E+0	0,000000E+0	1,022000E+3	11,900000E+0
67	14,000000E+0	0,000000E+0	0,000000E+0	1,023000E+3	11,900000E+0
68	14,000000E+0	0,000000E+0	0,000000E+0	1,023000E+3	11,900000E+0
69	14,000000E+0	0,000000E+0	0,000000E+0	1,023000E+3	11,900000E+0
70	14,000000E+0	0,000000E+0	0,000000E+0	1,023000E+3	11,900000E+0
71	7,000000E+0	0,000000E+0	0,000000E+0	1,023000E+3	11,900000E+0
72	7,000000E+0	0,000000E+0	0,000000E+0	1,023000E+3	11,900000E+0
73	7,000000E+0	0,000000E+0	0,000000E+0	1,023000E+3	11,900000E+0
74	7,000000E+0	0,000000E+0	0,000000E+0	1,023000E+3	11,900000E+0
75	14,000000E+0	0,000000E+0	0,000000E+0	1,022000E+3	11,900000E+0
76	14,000000E+0	0,000000E+0	0,000000E+0	1,022000E+3	11,900000E+0
77	14,000000E+0	0,000000E+0	0,000000E+0	1,022000E+3	11,900000E+0
78	14,000000E+0	0,000000E+0	0,000000E+0	1,022000E+3	11,900000E+0
79	14,000000E+0	0,000000E+0	0,000000E+0	1,023000E+3	11,900000E+0
80	14,000000E+0	0,000000E+0	0,000000E+0	1,023000E+3	11,900000E+0
81	14,000000E+0	0,000000E+0	0,000000E+0	1,023000E+3	11,900000E+0
82	14,000000E+0	0,000000E+0	0,000000E+0	1,023000E+3	11,900000E+0
83	14,000000E+0	0,000000E+0	0,000000E+0	1,023000E+3	11,900000E+0
84	14,000000E+0	0,000000E+0	0,000000E+0	1,023000E+3	11,900000E+0
85	14,000000E+0	0,000000E+0	0,000000E+0	1,023000E+3	11,900000E+0
86	14,000000E+0	0,000000E+0	0,000000E+0	1,023000E+3	11,900000E+0
87	7,000000E+0	0,000000E+0	0,000000E+0	1,022000E+3	11,900000E+0
88	7,000000E+0	0,000000E+0	0,000000E+0	1,022000E+3	11,900000E+0
89	7,000000E+0	0,000000E+0	0,000000E+0	1,022000E+3	11,900000E+0
90	7,000000E+0	0,000000E+0	0,000000E+0	1,022000E+3	11,900000E+0
91	14,000000E+0	0,000000E+0	0,000000E+0	1,023000E+3	11,900000E+0
92	14,000000E+0	0,000000E+0	0,000000E+0	1,023000E+3	11,900000E+0
93	14,000000E+0	0,000000E+0	0,000000E+0	1,023000E+3	11,900000E+0
94	14,000000E+0	0,000000E+0	0,000000E+0	1,023000E+3	11,900000E+0
95	7,000000E+0	0,000000E+0	0,000000E+0	1,023000E+3	11,900000E+0
96	7,000000E+0	0,000000E+0	0,000000E+0	1,023000E+3	11,900000E+0
97	7,000000E+0	0,000000E+0	0,000000E+0	1,023000E+3	11,900000E+0
98	7,000000E+0	0,000000E+0	0,000000E+0	1,023000E+3	11,900000E+0
99	7,000000E+0	0,000000E+0	0,000000E+0	1,023000E+3	11,900000E+0
100	7,000000E+0	0,000000E+0	0,000000E+0	1,023000E+3	11,900000E+0
101	7,000000E+0	0,000000E+0	0,000000E+0	1,023000E+3	11,900000E+0
102	7,000000E+0	0,000000E+0	0,000000E+0	1,023000E+3	11,900000E+0
103	0,000000E+0	0,000000E+0	0,000000E+0	1,024000E+3	11,900000E+0
104	0,000000E+0	0,000000E+0	0,000000E+0	1,024000E+3	11,900000E+0
105	0,000000E+0	0,000000E+0	0,000000E+0	1,024000E+3	11,900000E+0
106	0,000000E+0	0,000000E+0	0,000000E+0	1,024000E+3	11,900000E+0
107	21,000000E+0	16,140000E+0	-916,000000E-3	261,629000E+3	3,046400E+3
108	21,000000E+0	16,140000E+0	-916,000000E-3	261,629000E+3	3,046400E+3
109	21,000000E+0	16,140000E+0	-916,000000E-3	261,629000E+3	3,046400E+3
110	21,000000E+0	16,140000E+0	-916,000000E-3	261,629000E+3	3,046400E+3
111	14,000000E+0	2,690000E+0	0,000000E+0	1,023000E+3	11,900000E+0
112	14,000000E+0	2,690000E+0	0,000000E+0	1,023000E+3	11,900000E+0
113	14,000000E+0	2,690000E+0	0,000000E+0	1,023000E+3	11,900000E+0
114	14,000000E+0	2,690000E+0	0,000000E+0	1,023000E+3	11,900000E+0
115	14,000000E+0	5,380000E+0	0,000000E+0	1,022000E+3	11,900000E+0
116	14,000000E+0	5,380000E+0	0,000000E+0	1,022000E+3	11,900000E+0
117	14,000000E+0	5,380000E+0	0,000000E+0	1,022000E+3	11,900000E+0
118	14,000000E+0	5,380000E+0	0,000000E+0	1,022000E+3	11,900000E+0
119	65,521000E+3	0,000000E+0	229,000000E-3	1,025000E+3	11,900000E+0
120	65,521000E+3	0,000000E+0	229,000000E-3	1,025000E+3	11,900000E+0
121	65,521000E+3	0,000000E+0	229,000000E-3	1,025000E+3	11,900000E+0
122	65,521000E+3	0,000000E+0	229,000000E-3	1,025000E+3	11,900000E+0
123	14,000000E+0	0,000000E+0	458,000000E-3	1,022000E+3	11,900000E+0
124	14,000000E+0	0,000000E+0	458,000000E-3	1,022000E+3	11,900000E+0
125	14,000000E+0	0,000000E+0	458,000000E-3	1,022000E+3	11,900000E+0
126	14,000000E+0	0,000000E+0	458,000000E-3	1,022000E+3	11,900000E+0
127	7,000000E+0	0,000000E+0	458,000000E-3	1,022000E+3	11,900000E+0
128	7,000000E+0	0,000000E+0	458,000000E-3	1,022000E+3	11,900000E+0
129	7,000000E+0	0,000000E+0	458,000000E-3	1,022000E+3	11,900000E+0
130	7,000000E+0	0,000000E+0	458,000000E-3	1,022000E+3	11,900000E+0
131	7,000000E+0	0,000000E+0	458,000000E-3	1,023000E+3	11,900000E+0
132	7,000000E+0	0,000000E+0	458,000000E-3	1,023000E+3	11,900000E+0
133	7,000000E+0	0,000000E+0	458,000000E-3	1,023000E+3	11,900000E+0
134	7,000000E+0	0,000000E+0	458,000000E-3	1,023000E+3	11,900000E+0
135	7,000000E+0	0,000000E+0	0,000000E+0	1,022000E+3	11,900000E+0
136	7,000000E+0	0,000000E+0	0,000000E+0	1,022000E+3	11,900000E+0
137	7,000000E+0	0,000000E+0	0,000000E+0	1,022000E+3	11,900000E+0
138	7,000000E+0	0,000000E+0	0,000000E+0	1,022000E+3	11,900000E+0
139	7,000000E+0	0,000000E+0	0,000000E+0	1,022000E+3	11,900000E+0
140	7,000000E+0	0,000000E+0	0,000000E+0	1,022000E+3	11,900000E+0
141	7,000000E+0	0,000000E+0	0,000000E+0	1,022000E+3	11,900000E+0
142	7,000000E+0	0,000000E+0	0,000000E+0	1,022000E+3	11,900000E+0
143	14,000000E+0	0,000000E+0	0,000000E+0	1,023000E+3	11,900000E+0
144	14,000000E+0	0,000000E+0	0,000000E+0	1,023000E+3	11,900000E+0
145	14,000000E+0	0,000000E+0	0,000000E+0	1,023000E+3	11,900000E+0
146	14,000000E+0	0,000000E+0	0,000000E+0	1,023000E+3	11,900000E+0
147	7,000000E+0	0,000000E+0	0,000000E+0	1,023000E+3	11,900000E+0
148	7,000000E+0	0,000000E+0	0,000000E+0	1,023000E+3	11,900000E+0
149	7,000000E+0	0,000000E+0	0,000000E+0	1,023000E+3	11,900000E+0
150	7,000000E+0	0,000000E+0	0,000000E+0	1,023000E+3	11,900000E+0
151	7,000000E+0	0,000000E+0	0,000000E+0	1,023000E+3	11,900000E+0
152	7,000000E+0	0,000000E+0	0,000000E+0	1,023000E+3	11,900000E+0
153	7,000000E+0	0,000000E+0	0,000000E+0	1,023000E+3	11,900000E+0
154	7,000000E+0	0,000000E+0	0,000000E+0	1,023000E+3	11,900000E+0
155	7,000000E+0	0,000000E+0	0,000000E+0	1,023000E+3	11,900000E+0
156	7,000000E+0	0,000000E+0	0,000000E+0	1,023000E+3	11,900000E+0
157	7,000000E+0	0,000000E+0	0,000000E+0	1,023000E+3	11,900000E+0
158	7,000000E+0	0,000000E+0	0,000000E+0	1,023000E+3	11,900000E+0
159	14,000000E+0	5,380000E+0	-229,000000E-3	1,022000E+3	11,900000E+0
160	14,000000E+0	5,380000E+0	-229,000000E-3	1,022000E+3	11,900000E+0
161	14,000000E+0	5,380000E+0	-229,000000E-3	1,022000E+3	11,900000E+0
162	14,000000E+0	5,380000E+0	-229,000000E-3	1,022000E+3	11,900000E+0
163	14,000000E+0	5,380000E+0	-229,000000E-3	1,022000E+3	11,900000E+0
164	14,000000E+0	5,380000E+0	-229,000000E-3	1,022000E+3	11,900000E+0
165	14,000000E+0	5,380000E+0	-229,000000E-3	1,022000E+3	11,900000E+0
166	14,000000E+0	5,380000E+0	-229,000000E-3	1,022000E+3	11,900000E+0
167	14,000000E+0	0,000000E+0	0,000000E+0	1,023000E+3	11,900000E+0
168	14,000000E+0	0,000000E+0	0,000000E+0	1,023000E+3	11,900000E+0
169	14,000000E+0	0,000000E+0	0,000000E+0	1,023000E+3	11,900000E+0
170	14,000000E+0	0,000000E+0	0,000000E+0	1,023000E+3	11,900000E+0
171	7,000000E+0	0,000000E+0	0,000000E+0	1,022000E+3	11,900000E+0
172	7,000000E+0	0,000000E+0	0,000000E+0	1,022000E+3	11,900000E+0
173	7,000000E+0	0,000000E+0	0,000000E+0	1,022000E+3	11,900000E+0
174	7,000000E+0	0,000000E+0	0,000000E+0	1,022000E+3	11,900000E+0
175	7,000000E+0	0,000000E+0	0,000000E+0	1,023000E+3	11,900000E+0
176	7,000000E+0	0,000000E+0	0,000000E+0	1,023000E+3	11,900000E+0
177	7,000000E+0	0,000000E+0	0,000000E+0	1,023000E+3	11,900000E+0
178	7,000000E+0	0,000000E+0	0,000000E+0	1,023000E+3	11,900000E+0
179	14,000000E+0	0,000000E+0	0,000000E+0	1,022000E+3	11,900000E+0
180	14,000000E+0	0,000000E+0	0,000000E+0	1,022000E+3	11,900000E+0
181	14,000000E+0	0,000000E+0	0,000000E+0	1,022000E+3	11,900000E+0
182	14,000000E+0	0,000000E+0	0,000000E+0	1,022000E+3	11,900000E+0
183	7,000000E+0	0,000000E+0	0,000000E+0	1,022000E+3	11,900000E+0
184	7,000000E+0	0,000000E+0	0,000000E+0	1,022000E+3	11,900000E+0
185	7,000000E+0	0,000000E+0	0,000000E+0	1,022000E+3	11,900000E+0
186	7,000000E+0	0,000000E+0	0,000000E+0	1,022000E+3	11,900000E+0
187	14,000000E+0	0,000000E+0	0,000000E+0	1,022000E+3	11,900000E+0
188	14,000000E+0	0,000000E+0	0,000000E+0	1,022000E+3	11,900000E+0
189	14,000000E+0	0,000000E+0	0,000000E+0	1,022000E+3	11,900000E+0
190	14,000000E+0	0,000000E+0	0,000000E+0	1,022000E+3	11,900000E+0
191	7,000000E+0	0,000000E+0	0,000000E+0	1,023000E+3	11,900000E+0
192	7,000000E+0	0,000000E+0	0,000000E+0	1,023000E+3	11,900000E+0
193	7,000000E+0	0,000000E+0	0,000000E+0	1,023000E+3	11,900000E+0
194	7,000000E+0	0,000000E+0	0,000000E+0	1,023000E+3	11,900000E+0
195	7,000000E+0	0,000000E+0	0,000000E+0	1,023000E+3	11,900000E+0
196	7,000000E+0	0,000000E+0	0,000000E+0	1,023000E+3	11,900000E+0
197	7,000000E+0	0,000000E+0	0,000000E+0	1,023000E+3	11,900000E+0
198	7,000000E+0	0,000000E+0	0,000000E+0	1,023000E+3	11,900000E+0
199	0,000000E+0	0,000000E+0	0,000000E+0	1,024000E+3	11,900000E+0
200	0,000000E+0	0,000000E+0	0,000000E+0	1,024000E+3	11,900000E+0
201	0,000000E+0	0,000000E+0	0,000000E+0	1,024000E+3	11,900000E+0
202	0,000000E+0	0,000000E+0	0,000000E+0	1,024000E+3	11,900000E+0
203	14,000000E+0	5,380000E+0	-458,000000E-3	1,022000E+3	11,900000E+0
204	14,000000E+0	5,380000E+0	-458,000000E-3	1,022000E+3	11,900000E+0
205	14,000000E+0	5,380000E+0	-458,000000E-3	1,022000E+3	11,900000E+0
206	14,000000E+0	5,380000E+0	-458,000000E-3	1,022000E+3	11,900000E+0
207	14,000000E+0	10,760000E+0	-229,000000E-3	1,022000E+3	11,900000E+0
208	14,000000E+0	10,760000E+0	-229,000000E-3	1,022000E+3	11,900000E+0
209	14,000000E+0	10,760000E+0	-229,000000E-3	1,022000E+3	11,900000E+0
210	14,000000E+0	10,760000E+0	-229,000000E-3	1,022000E+3	11,900000E+0
211	14,000000E+0	13,450000E+0	0,000000E+0	1,022000E+3	11,900000E+0
212	14,000000E+0	13,450000E+0	0,000000E+0	1,022000E+3	11,900000E+0
213	14,000000E+0	13,450000E+0	0,000000E+0	1,022000E+3	11,900000E+0
214	14,000000E+0	13,450000E+0	0,000000E+0	1,022000E+3	11,900000E+0
215	0,000000E+0	0,000000E+0	229,000000E-3	1,024000E+3	11,900000E+0
216	0,000000E+0	0,000000E+0	229,000000E-3	1,024000E+3	11,900000E+0
217	0,000000E+0	0,000000E+0	229,000000E-3	1,024000E+3	11,900000E+0
218	0,000000E+0	0,000000E+0	229,000000E-3	1,024000E+3	11,900000E+0
219	0,000000E+0	0,000000E+0	687,000000E-3	1,024000E+3	11,900000E+0
220	0,000000E+0	0,000000E+0	687,000000E-3	1,024000E+3	11,900000E+0
221	0,000000E+0	0,000000E+0	687,000000E-3	1,024000E+3	11,900000E+0
222	0,000000E+0	0,000000E+0	687,000000E-3	1,024000E+3	11,900000E+0
223	14,000000E+0	0,000000E+0	229,000000E-3	1,022000E+3	11,900000E+0
224	14,000000E+0	0,000000E+0	229,000000E-3	1,022000E+3	11,900000E+0
225	14,000000E+0	0,000000E+0	229,000000E-3	1,022000E+3	11,900000E+0
226	14,000000E+0	0,000000E+0	229,000000E-3	1,022000E+3	11,900000E+0
227	7,000000E+0	0,000000E+0	458,000000E-3	1,023000E+3	11,900000E+0
228	7,000000E+0	0,000000E+0	458,000000E-3	1,023000E+3	11,900000E+0
229	7,000000E+0	0,000000E+0	458,000000E-3	1,023000E+3	11,900000E+0
230	7,000000E+0	0,000000E+0	458,000000E-3	1,023000E+3	11,900000E+0
231	14,000000E+0	2,690000E+0	229,000000E-3	1,022000E+3	11,900000E+0
232	14,000000E+0	2,690000E+0	229,000000E-3	1,022000E+3	11,900000E+0
233	14,000000E+0	2,690000E+0	229,000000E-3	1,022000E+3	11,900000E+0
234	14,000000E+0	2,690000E+0	229,000000E-3	1,022000E+3	11,900000E+0
235	14,000000E+0	0,000000E+0	0,000000E+0	1,023000E+3	11,900000E+0
236	14,000000E+0	0,000000E+0	0,000000E+0	1,023000E+3	11,900000E+0
237	14,000000E+0	0,000000E+0	0,000000E+0	1,023000E+3	11,900000E+0
238	14,000000E+0	0,000000E+0	0,000000E+0	1,023000E+3	11,900000E+0
239	14,000000E+0	0,000000E+0	0,000000E+0	1,023000E+3	11,900000E+0
240	14,000000E+0	0,000000E+0	0,000000E+0	1,023000E+3	11,900000E+0
241	14,000000E+0	0,000000E+0	0,000000E+0	1,023000E+3	11,900000E+0
242	14,000000E+0	0,000000E+0	0,000000E+0	1,023000E+3	11,900000E+0
243	7,000000E+0	0,000000E+0	0,000000E+0	1,023000E+3	11,900000E+0
244	7,000000E+0	0,000000E+0	0,000000E+0	1,023000E+3	11,900000E+0
245	7,000000E+0	0,000000E+0	0,000000E+0	1,023000E+3	11,900000E+0
246	7,000000E+0	0,000000E+0	0,000000E+0	1,023000E+3	11,900000E+0
247	7,000000E+0	0,000000E+0	0,000000E+0	1,023000E+3	11,900000E+0
248	7,000000E+0	0,000000E+0	0,000000E+0	1,023000E+3	11,900000E+0
249	7,000000E+0	0,000000E+0	0,000000E+0	1,023000E+3	11,900000E+0
250	7,000000E+0	0,000000E+0	0,000000E+0	1,023000E+3	11,900000E+0
251	7,000000E+0	0,000000E+0	0,000000E+0	1,023000E+3	11,900000E+0
252	7,000000E+0	0,000000E+0	0,000000E+0	1,023000E+3	11,900000E+0
253	7,000000E+0	0,000000E+0	0,000000E+0	1,023000E+3	11,900000E+0
254	7,000000E+0	0,000000E+0	0,000000E+0	1,023000E+3	11,900000E+0
255	14,000000E+0	0,000000E+0	-229,000000E-3	1,023000E+3	11,900000E+0
256	14,000000E+0	0,000000E+0	-229,000000E-3	1,023000E+3	11,900000E+0
257	14,000000E+0	0,000000E+0	-229,000000E-3	1,023000E+3	11,900000E+0
258	14,000000E+0	0,000000E+0	-229,000000E-3	1,023000E+3	11,900000E+0
259	14,000000E+0	8,070000E+0	-229,000000E-3	1,022000E+3	11,900000E+0
260	14,000000E+0	8,070000E+0	-229,000000E-3	1,022000E+3	11,900000E+0
261	14,000000E+0	8,070000E+0	-229,000000E-3	1,022000E+3	11,900000E+0
262	14,000000E+0	8,070000E+0	-229,000000E-3	1,022000E+3	11,900000E+0
263	7,000000E+0	0,000000E+0	0,000000E+0	1,022000E+3	11,900000E+0
264	7,000000E+0	0,000000E+0	0,000000E+0	1,022000E+3	11,900000E+0
265	7,000000E+0	0,000000E+0	0,000000E+0	1,022000E+3	11,900000E+0
266	7,000000E+0	0,000000E+0	0,000000E+0	1,022000E+3	11,900000E+0
267	7,000000E+0	0,000000E+0	0,000000E+0	1,023000E+3	11,900000E+0
268	7,000000E+0	0,000000E+0	0,000000E+0	1,023000E+3	11,900000E+0
269	7,000000E+0	0,000000E+0	0,000000E+0	1,023000E+3	11,900000E+0
270	7,000000E+0	0,000000E+0	0,000000E+0	1,023000E+3	11,900000E+0
271	7,000000E+0	0,000000E+0	0,000000E+0	1,022000E+3	11,900000E+0
272	7,000000E+0	0,000000E+0	0,000000E+0	1,022000E+3	11,900000E+0
273	7,000000E+0	0,000000E+0	0,000000E+0	1,022000E+3	11,900000E+0
274	7,000000E+0	0,000000E+0	0,000000E+0	1,022000E+3	11,900000E+0
275	7,000000E+0	0,000000E+0	0,000000E+0	1,023000E+3	11,900000E+0
276	7,000000E+0	0,000000E+0	0,000000E+0	1,023000E+3	11,900000E+0
277	7,000000E+0	0,000000E+0	0,000000E+0	1,023000E+3	11,900000E+0
278	7,000000E+0	0,000000E+0	0,000000E+0	1,023000E+3	11,900000E+0
279	7,000000E+0	0,000000E+0	0,000000E+0	1,023000E+3	11,900000E+0
280	7,000000E+0	0,000000E+0	0,000000E+0	1,023000E+3	11,900000E+0
281	7,000000E+0	0,000000E+0	0,000000E+0	1,023000E+3	11,900000E+0
282	7,000000E+0	0,000000E+0	0,000000E+0	1,023000E+3	11,900000E+0
283	14,000000E+0	0,000000E+0	0,000000E+0	1,023000E+3	11,900000E+0
284	14,000000E+0	0,000000E+0	0,000000E+0	1,023000E+3	11,900000E+0
285	14,000000E+0	0,000000E+0	0,000000E+0	1,023000E+3	11,900000E+0
286	14,000000E+0	0,000000E+0	0,000000E+0	1,023000E+3	11,900000E+0
287	7,000000E+0	0,000000E+0	0,000000E+0	1,022000E+3	11,900000E+0
288	7,000000E+0	0,000000E+0	0,000000E+0	1,022000E+3	11,900000E+0
289	7,000000E+0	0,000000E+0	0,000000E+0	1,022000E+3	11,900000E+0
290	7,000000E+0	0,000000E+0	0,000000E+0	1,022000E+3	11,900000E+0
291	7,000000E+0	0,000000E+0	0,000000E+0	1,023000E+3	11,900000E+0
292	7,000000E+0	0,000000E+0	0,000000E+0	1,023000E+3	11,900000E+0
293	7,000000E+0	0,000000E+0	0,000000E+0	1,023000E+3	11,900000E+0
294	7,000000E+0	0,000000E+0	0,000000E+0	1,023000E+3	11,900000E+0
295	7,000000E+0	0,000000E+0	0,000000E+0	1,024000E+3	11,900000E+0
296	7,000000E+0	0,000000E+0	0,000000E+0	1,024000E+3	11,900000E+0
297	7,000000E+0	0,000000E+0	0,000000E+0	1,024000E+3	11,900000E+0
298	7,000000E+0	0,000000E+0	0,000000E+0	1,024000E+3	11,900000E+0
299	7,000000E+0	0,000000E+0	0,000000E+0	1,023000E+3	11,900000E+0
300	7,000000E+0	0,000000E+0	0,000000E+0	1,023000E+3	11,900000E+0
301	7,000000E+0	0,000000E+0	0,000000E+0	1,023000E+3	11,900000E+0
302	7,000000E+0	0,000000E+0	0,000000E+0	1,023000E+3	11,900000E+0
303	21,000000E+0	18,830000E+0	-916,000000E-3	261,629000E+3	3,046400E+3
304	21,000000E+0	18,830000E+0	-916,000000E-3	261,629000E+3	3,046400E+3
305	21,000000E+0	18,830000E+0	-916,000000E-3	261,629000E+3	3,046400E+3
306	21,000000E+0	18,830000E+0	-916,000000E-3	261,629000E+3	3,046400E+3
307	7,000000E+0	0,000000E+0	0,000000E+0	1,022000E+3	11,900000E+0
308	7,000000E+0	0,000000E+0	0,000000E+0	1,022000E+3	11,900000E+0
309	7,000000E+0	0,000000E+0	0,000000E+0	1,022000E+3	11,900000E+0
310	7,000000E+0	0,000000E+0	0,000000E+0	1,022000E+3	11,900000E+0
311	14,000000E+0	8,070000E+0	0,000000E+0	1,022000E+3	11,900000E+0
312	14,000000E+0	8,070000E+0	0,000000E+0	1,022000E+3	11,900000E+0
313	14,000000E+0	8,070000E+0	0,000000E+0	1,022000E+3	11,900000E+0
314	14,000000E+0	8,070000E+0	0,000000E+0	1,022000E+3	11,900000E+0
315	65,521000E+3	0,000000E+0	229,000000E-3	1,026000E+3	11,900000E+0
316	65,521000E+3	0,000000E+0	229,000000E-3	1,026000E+3	11,900000E+0
317	65,521000E+3	0,000000E+0	229,000000E-3	1,026000E+3	11,900000E+0
318	65,521000E+3	0,000000E+0	229,000000E-3	1,026000E+3	11,900000E+0
319	7,000000E+0	0,000000E+0	687,000000E-3	1,022000E+3	11,900000E+0
320	7,000000E+0	0,000000E+0	687,000000E-3	1,022000E+3	11,900000E+0
321	7,000000E+0	0,000000E+0	687,000000E-3	1,022000E+3	11,900000E+0
322	7,000000E+0	0,000000E+0	687,000000E-3	1,022000E+3	11,900000E+0
323	14,000000E+0	0,000000E+0	229,000000E-3	1,022000E+3	11,900000E+0
324	14,000000E+0	0,000000E+0	229,000000E-3	1,022000E+3	11,900000E+0
325	14,000000E+0	0,000000E+0	229,000000E-3	1,022000E+3	11,900000E+0
326	14,000000E+0	0,000000E+0	229,000000E-3	1,022000E+3	11,900000E+0
327	7,000000E+0	0,000000E+0	229,000000E-3	1,023000E+3	11,900000E+0
328	7,000000E+0	0,000000E+0	229,000000E-3	1,023000E+3	11,900000E+0
329	7,000000E+0	0,000000E+0	229,000000E-3	1,023000E+3	11,900000E+0
330	7,000000E+0	0,000000E+0	229,000000E-3	1,023000E+3	11,900000E+0
331	7,000000E+0	0,000000E+0	0,000000E+0	1,023000E+3	11,900000E+0
332	7,000000E+0	0,000000E+0	0,000000E+0	1,023000E+3	11,900000E+0
333	7,000000E+0	0,000000E+0	0,000000E+0	1,023000E+3	11,900000E+0
334	7,000000E+0	0,000000E+0	0,000000E+0	1,023000E+3	11,900000E+0
335	14,000000E+0	0,000000E+0	0,000000E+0	1,023000E+3	11,900000E+0
336	14,000000E+0	0,000000E+0	0,000000E+0	1,023000E+3	11,900000E+0
337	14,000000E+0	0,000000E+0	0,000000E+0	1,023000E+3	11,900000E+0
338	14,000000E+0	0,000000E+0	0,000000E+0	1,023000E+3	11,900000E+0
339	7,000000E+0	0,000000E+0	0,000000E+0	1,023000E+3	11,900000E+0
340	7,000000E+0	0,000000E+0	0,000000E+0	1,023000E+3	11,900000E+0
341	7,000000E+0	0,000000E+0	0,000000E+0	1,023000E+3	11,900000E+0
342	7,000000E+0	0,000000E+0	0,000000E+0	1,023000E+3	11,900000E+0
343	7,000000E+0	0,000000E+0	0,000000E+0	1,023000E+3	11,900000E+0
344	7,000000E+0	0,000000E+0	0,000000E+0	1,023000E+3	11,900000E+0
345	7,000000E+0	0,000000E+0	0,000000E+0	1,023000E+3	11,900000E+0
346	7,000000E+0	0,000000E+0	0,000000E+0	1,023000E+3	11,900000E+0
347	7,000000E+0	0,000000E+0	0,000000E+0	1,023000E+3	11,900000E+0
348	7,000000E+0	0,000000E+0	0,000000E+0	1,023000E+3	11,900000E+0
349	7,000000E+0	0,000000E+0	0,000000E+0	1,023000E+3	11,900000E+0
350	7,000000E+0	0,000000E+0	0,000000E+0	1,023000E+3	11,900000E+0
351	7,000000E+0	0,000000E+0	0,000000E+0	1,023000E+3	11,900000E+0
352	7,000000E+0	0,000000E+0	0,000000E+0	1,023000E+3	11,900000E+0
353	7,000000E+0	0,000000E+0	0,000000E+0	1,023000E+3	11,900000E+0
354	7,000000E+0	0,000000E+0	0,000000E+0	1,023000E+3	11,900000E+0
355	14,000000E+0	5,380000E+0	-229,000000E-3	1,022000E+3	11,900000E+0
356	14,000000E+0	5,380000E+0	-229,000000E-3	1,022000E+3	11,900000E+0
357	14,000000E+0	5,380000E+0	-229,000000E-3	1,022000E+3	11,900000E+0
358	14,000000E+0	5,380000E+0	-229,000000E-3	1,022000E+3	11,900000E+0
359	14,000000E+0	2,690000E+0	-229,000000E-3	1,023000E+3	11,900000E+0
360	14,000000E+0	2,690000E+0	-229,000000E-3	1,023000E+3	11,900000E+0
361	14,000000E+0	2,690000E+0	-229,000000E-3	1,023000E+3	11,900000E+0
362	14,000000E+0	2,690000E+0	-229,000000E-3	1,023000E+3	11,900000E+0
363	14,000000E+0	0,000000E+0	0,000000E+0	1,023000E+3	11,900000E+0
364	14,000000E+0	0,000000E+0	0,000000E+0	1,023000E+3	11,900000E+0
365	14,000000E+0	0,000000E+0	0,000000E+0	1,023000E+3	11,900000E+0
366	14,000000E+0	0,000000E+0	0,000000E+0	1,023000E+3	11,900000E+0
367	7,000000E+0	0,000000E+0	0,000000E+0	1,023000E+3	11,900000E+0
368	7,000000E+0	0,000000E+0	0,000000E+0	1,023000E+3	11,900000E+0
369	7,000000E+0	0,000000E+0	0,000000E+0	1,023000E+3	11,900000E+0
370	7,000000E+0	0,000000E+0	0,000000E+0	1,023000E+3	11,900000E+0
371	14,000000E+0	0,000000E+0	0,000000E+0	1,022000E+3	11,900000E+0
372	14,000000E+0	0,000000E+0	0,000000E+0	1,022000E+3	11,900000E+0
373	14,000000E+0	0,000000E+0	0,000000E+0	1,022000E+3	11,900000E+0
374	14,000000E+0	0,000000E+0	0,000000E+0	1,022000E+3	11,900000E+0
375	14,000000E+0	0,000000E+0	0,000000E+0	1,023000E+3	11,900000E+0
376	14,000000E+0	0,000000E+0	0,000000E+0	1,023000E+3	11,900000E+0
377	14,000000E+0	0,000000E+0	0,000000E+0	1,023000E+3	11,900000E+0
378	14,000000E+0	0,000000E+0	0,000000E+0	1,023000E+3	11,900000E+0
379	7,000000E+0	0,000000E+0	0,000000E+0	1,022000E+3	11,900000E+0
380	7,000000E+0	0,000000E+0	0,000000E+0	1,022000E+3	11,900000E+0
381	7,000000E+0	0,000000E+0	0,000000E+0	1,022000E+3	11,900000E+0
382	7,000000E+0	0,000000E+0	0,000000E+0	1,022000E+3	11,900000E+0
383	14,000000E+0	0,000000E+0	0,000000E+0	1,022000E+3	11,900000E+0
384	14,000000E+0	0,000000E+0	0,000000E+0	1,022000E+3	11,900000E+0
385	14,000000E+0	0,000000E+0	0,000000E+0	1,022000E+3	11,900000E+0
386	14,000000E+0	0,000000E+0	0,000000E+0	1,022000E+3	11,900000E+0
387	7,000000E+0	0,000000E+0	0,000000E+0	1,023000E+3	11,900000E+0
388	7,000000E+0	0,000000E+0	0,000000E+0	1,023000E+3	11,900000E+0
389	7,000000E+0	0,000000E+0	0,000000E+0	1,023000E+3	11,900000E+0
390	7,000000E+0	0,000000E+0	0,000000E+0	1,023000E+3	11,900000E+0
391	7,000000E+0	0,000000E+0	0,000000E+0	1,023000E+3	11,900000E+0
392	7,000000E+0	0,000000E+0	0,000000E+0	1,023000E+3	11,900000E+0
393	7,000000E+0	0,000000E+0	0,000000E+0	1,023000E+3	11,900000E+0
394	7,000000E+0	0,000000E+0	0,000000E+0	1,023000E+3	11,900000E+0
395	7,000000E+0	0,000000E+0	0,000000E+0	1,024000E+3	11,900000E+0
396	7,000000E+0	0,000000E+0	0,000000E+0	1,024000E+3	11,900000E+0
397	7,000000E+0	0,000000E+0	0,000000E+0	1,024000E+3	11,900000E+0
398	7,000000E+0	0,000000E+0	0,000000E+0	1,024000E+3	11,900000E+0
399	14,000000E+0	2,690000E+0	-687,000000E-3	1,022000E+3	11,900000E+0
400	14,000000E+0	2,690000E+0	-687,000000E-3	1,022000E+3	11,900000E+0
401	14,000000E+0	2,690000E+0	-687,000000E-3	1,022000E+3	11,900000E+0
402	14,000000E+0	2,690000E+0	-687,000000E-3	1,022000E+3	11,900000E+0
403	14,000000E+0	8,070000E+0	-229,000000E-3	1,022000E+3	11,900000E+0
404	14,000000E+0	8,070000E+0	-229,000000E-3	1,022000E+3	11,900000E+0
405	14,000000E+0	8,070000E+0	-229,000000E-3	1,022000E+3	11,900000E+0
406	14,000000E+0	8,070000E+0	-229,000000E-3	1,022000E+3	11,900000E+0
407	14,000000E+0	13,450000E+0	0,000000E+0	1,021000E+3	11,900000E+0
408	14,000000E+0	13,450000E+0	0,000000E+0	1,021000E+3	11,900000E+0
409	14,000000E+0	13,450000E+0	0,000000E+0	1,021000E+3	11,900000E+0
410	14,000000E+0	13,450000E+0	0,000000E+0	1,021000E+3	11,900000E+0
411	65,528000E+3	0,000000E+0	229,000000E-3	1,024000E+3	11,900000E+0
412	65,528000E+3	0,000000E+0	229,000000E-3	1,024000E+3	11,900000E+0
413	65,528000E+3	0,000000E+0	229,000000E-3	1,024000E+3	11,900000E+0
414	65,528000E+3	0,000000E+0	229,000000E-3	1,024000E+3	11,900000E+0
415	0,000000E+0	0,000000E+0	458,000000E-3	1,024000E+3	11,900000E+0
416	0,000000E+0	0,000000E+0	458,000000E-3	1,024000E+3	11,900000E+0
417	0,000000E+0	0,000000E+0	458,000000E-3	1,024000E+3	11,900000E+0
418	0,000000E+0	0,000000E+0	458,000000E-3	1,024000E+3	11,900000E+0
419	14,000000E+0	0,000000E+0	458,000000E-3	1,022000E+3	11,900000E+0
420	14,000000E+0	0,000000E+0	458,000000E-3	1,022000E+3	11,900000E+0
421	14,000000E+0	0,000000E+0	458,000000E-3	1,022000E+3	11,900000E+0
422	14,000000E+0	0,000000E+0	458,000000E-3	1,022000E+3	11,900000E+0
423	7,000000E+0	0,000000E+0	458,000000E-3	1,023000E+3	11,900000E+0
424	7,000000E+0	0,000000E+0	458,000000E-3	1,023000E+3	11,900000E+0
425	7,000000E+0	0,000000E+0	458,000000E-3	1,023000E+3	11,900000E+0
426	7,000000E+0	0,000000E+0	458,000000E-3	1,023000E+3	11,900000E+0
427	14,000000E+0	0,000000E+0	229,000000E-3	1,022000E+3	11,900000E+0
428	14,000000E+0	0,000000E+0	229,000000E-3	1,022000E+3	11,900000E+0
429	14,000000E+0	0,000000E+0	229,000000E-3	1,022000E+3	11,900000E+0
430	14,000000E+0	0,000000E+0	229,000000E-3	1,022000E+3	11,900000E+0
431	14,000000E+0	0,000000E+0	0,000000E+0	1,023000E+3	11,900000E+0
432	14,000000E+0	0,000000E+0	0,000000E+0	1,023000E+3	11,900000E+0
433	14,000000E+0	0,000000E+0	0,000000E+0	1,023000E+3	11,900000E+0
434	14,000000E+0	0,000000E+0	0,000000E+0	1,023000E+3	11,900000E+0
435	7,000000E+0	0,000000E+0	0,000000E+0	1,023000E+3	11,900000E+0
436	7,000000E+0	0,000000E+0	0,000000E+0	1,023000E+3	11,900000E+0
437	7,000000E+0	0,000000E+0	0,000000E+0	1,023000E+3	11,900000E+0
438	7,000000E+0	0,000000E+0	0,000000E+0	1,023000E+3	11,900000E+0
439	7,000000E+0	0,000000E+0	0,000000E+0	1,023000E+3	11,900000E+0
440	7,000000E+0	0,000000E+0	0,000000E+0	1,023000E+3	11,900000E+0
441	7,000000E+0	0,000000E+0	0,000000E+0	1,023000E+3	11,900000E+0
442	7,000000E+0	0,000000E+0	0,000000E+0	1,023000E+3	11,900000E+0
443	7,000000E+0	0,000000E+0	0,000000E+0	1,023000E+3	11,900000E+0
444	7,000000E+0	0,000000E+0	0,000000E+0	1,023000E+3	11,900000E+0
445	7,000000E+0	0,000000E+0	0,000000E+0	1,023000E+3	11,900000E+0
446	7,000000E+0	0,000000E+0	0,000000E+0	1,023000E+3	11,900000E+0
447	7,000000E+0	0,000000E+0	0,000000E+0	1,023000E+3	11,900000E+0
448	7,000000E+0	0,000000E+0	0,000000E+0	1,023000E+3	11,900000E+0
449	7,000000E+0	0,000000E+0	0,000000E+0	1,023000E+3	11,900000E+0
450	7,000000E+0	0,000000E+0	0,000000E+0	1,023000E+3	11,900000E+0
451	14,000000E+0	5,380000E+0	-229,000000E-3	1,022000E+3	11,900000E+0
452	14,000000E+0	5,380000E+0	-229,000000E-3	1,022000E+3	11,900000E+0
453	14,000000E+0	5,380000E+0	-229,000000E-3	1,022000E+3	11,900000E+0
454	14,000000E+0	5,380000E+0	-229,000000E-3	1,022000E+3	11,900000E+0
455	14,000000E+0	8,070000E+0	-229,000000E-3	1,022000E+3	11,900000E+0
456	14,000000E+0	8,070000E+0	-229,000000E-3	1,022000E+3	11,900000E+0
457	14,000000E+0	8,070000E+0	-229,000000E-3	1,022000E+3	11,900000E+0
458	14,000000E+0	8,070000E+0	-229,000000E-3	1,022000E+3	11,900000E+0
459	14,000000E+0	2,690000E+0	0,000000E+0	1,022000E+3	11,900000E+0
460	14,000000E+0	2,690000E+0	0,000000E+0	1,022000E+3	11,900000E+0
461	14,000000E+0	2,690000E+0	0,000000E+0	1,022000E+3	11,900000E+0
462	14,000000E+0	2,690000E+0	0,000000E+0	1,022000E+3	11,900000E+0
463	7,000000E+0	0,000000E+0	0,000000E+0	1,023000E+3	11,900000E+0
464	7,000000E+0	0,000000E+0	0,000000E+0	1,023000E+3	11,900000E+0
465	7,000000E+0	0,000000E+0	0,000000E+0	1,023000E+3	11,900000E+0
466	7,000000E+0	0,000000E+0	0,000000E+0	1,023000E+3	11,900000E+0
467	14,000000E+0	0,000000E+0	0,000000E+0	1,023000E+3	11,900000E+0
468	14,000000E+0	0,000000E+0	0,000000E+0	1,023000E+3	11,900000E+0
469	14,000000E+0	0,000000E+0	0,000000E+0	1,023000E+3	11,900000E+0
470	14,000000E+0	0,000000E+0	0,000000E+0	1,023000E+3	11,900000E+0
471	7,000000E+0	0,000000E+0	0,000000E+0	1,023000E+3	11,900000E+0
472	7,000000E+0	0,000000E+0	0,000000E+0	1,023000E+3	11,900000E+0
473	7,000000E+0	0,000000E+0	0,000000E+0	1,023000E+3	11,900000E+0
474	7,000000E+0	0,000000E+0	0,000000E+0	1,023000E+3	11,900000E+0
475	7,000000E+0	0,000000E+0	0,000000E+0	1,022000E+3	11,900000E+0
476	7,000000E+0	0,000000E+0	0,000000E+0	1,022000E+3	11,900000E+0
477	7,000000E+0	0,000000E+0	0,000000E+0	1,022000E+3	11,900000E+0
478	7,000000E+0	0,000000E+0	0,000000E+0	1,022000E+3	11,900000E+0
479	14,000000E+0	0,000000E+0	0,000000E+0	1,023000E+3	11,900000E+0
480	14,000000E+0	0,000000E+0	0,000000E+0	1,023000E+3	11,900000E+0
481	14,000000E+0	0,000000E+0	0,000000E+0	1,023000E+3	11,900000E+0
482	14,000000E+0	0,000000E+0	0,000000E+0	1,023000E+3	11,900000E+0
483	14,000000E+0	0,000000E+0	0,000000E+0	1,023000E+3	11,900000E+0
484	14,000000E+0	0,000000E+0	0,000000E+0	1,023000E+3	11,900000E+0
485	14,000000E+0	0,000000E+0	0,000000E+0	1,023000E+3	11,900000E+0
486	14,000000E+0	0,000000E+0	0,000000E+0	1,023000E+3	11,900000E+0
487	7,000000E+0	0,000000E+0	0,000000E+0	1,023000E+3	11,900000E+0
488	7,000000E+0	0,000000E+0	0,000000E+0	1,023000E+3	11,900000E+0
489	7,000000E+0	0,000000E+0	0,000000E+0	1,023000E+3	11,900000E+0
490	7,000000E+0	0,000000E+0	0,000000E+0	1,023000E+3	11,900000E+0
491	7,000000E+0	0,000000E+0	0,000000E+0	1,024000E+3	11,900000E+0
492	7,000000E+0	0,000000E+0	0,000000E+0	1,024000E+3	11,900000E+0
493	7,000000E+0	0,000000E+0	0,000000E+0	1,024000E+3	11,900000E+0
494	7,000000E+0	0,000000E+0	0,000000E+0	1,024000E+3	11,900000E+0
495	7,000000E+0	0,000000E+0	0,000000E+0	1,024000E+3	11,900000E+0
496	7,000000E+0	0,000000E+0	0,000000E+0	1,024000E+3	11,900000E+0
497	7,000000E+0	0,000000E+0	0,000000E+0	1,024000E+3	11,900000E+0
498	7,000000E+0	0,000000E+0	0,000000E+0	1,024000E+3	11,900000E+0
499	21,000000E+0	16,140000E+0	-916,000000E-3	261,629000E+3	3,046400E+3
500	21,000000E+0	16,140000E+0	-916,000000E-3	261,629000E+3	3,046400E+3
501	21,000000E+0	16,140000E+0	-916,000000E-3	261,629000E+3	3,046400E+3
502	21,000000E+0	16,140000E+0	-916,000000E-3	261,629000E+3	3,046400E+3
503	14,000000E+0	2,690000E+0	0,000000E+0	1,022000E+3	11,900000E+0
504	14,000000E+0	2,690000E+0	0,000000E+0	1,022000E+3	11,900000E+0
505	14,000000E+0	2,690000E+0	0,000000E+0	1,022000E+3	11,900000E+0
506	14,000000E+0	2,690000E+0	0,000000E+0	1,022000E+3	11,900000E+0
507	7,000000E+0	5,380000E+0	0,000000E+0	1,022000E+3	11,900000E+0
508	7,000000E+0	5,380000E+0	0,000000E+0	1,022000E+3	11,900000E+0
509	7,000000E+0	5,380000E+0	0,000000E+0	1,022000E+3	11,900000E+0
510	7,000000E+0	5,380000E+0	0,000000E+0	1,022000E+3	11,900000E+0
511	65,528000E+3	0,000000E+0	229,000000E-3	1,025000E+3	11,900000E+0
512	65,528000E+3	0,000000E+0	229,000000E-3	1,025000E+3	11,900000E+0
513	65,528000E+3	0,000000E+0	229,000000E-3	1,025000E+3	11,900000E+0
514	65,528000E+3	0,000000E+0	229,000000E-3	1,025000E+3	11,900000E+0
515	7,000000E+0	0,000000E+0	687,000000E-3	1,023000E+3	11,900000E+0
516	7,000000E+0	0,000000E+0	687,000000E-3	1,023000E+3	11,900000E+0
517	7,000000E+0	0,000000E+0	687,000000E-3	1,023000E+3	11,900000E+0
518	7,000000E+0	0,000000E+0	687,000000E-3	1,023000E+3	11,900000E+0
519	14,000000E+0	0,000000E+0	229,000000E-3	1,022000E+3	11,900000E+0
520	14,000000E+0	0,000000E+0	229,000000E-3	1,022000E+3	11,900000E+0
521	14,000000E+0	0,000000E+0	229,000000E-3	1,022000E+3	11,900000E+0
522	14,000000E+0	0,000000E+0	229,000000E-3	1,022000E+3	11,900000E+0
523	7,000000E+0	0,000000E+0	458,000000E-3	1,023000E+3	11,900000E+0
524	7,000000E+0	0,000000E+0	458,000000E-3	1,023000E+3	11,900000E+0
525	7,000000E+0	0,000000E+0	458,000000E-3	1,023000E+3	11,900000E+0
526	7,000000E+0	0,000000E+0	458,000000E-3	1,023000E+3	11,900000E+0
527	14,000000E+0	2,690000E+0	0,000000E+0	1,022000E+3	11,900000E+0
528	14,000000E+0	2,690000E+0	0,000000E+0	1,022000E+3	11,900000E+0
529	14,000000E+0	2,690000E+0	0,000000E+0	1,022000E+3	11,900000E+0
530	14,000000E+0	2,690000E+0	0,000000E+0	1,022000E+3	11,900000E+0
531	14,000000E+0	2,690000E+0	0,000000E+0	1,022000E+3	11,900000E+0
532	14,000000E+0	2,690000E+0	0,000000E+0	1,022000E+3	11,900000E+0
533	14,000000E+0	2,690000E+0	0,000000E+0	1,022000E+3	11,900000E+0
534	14,000000E+0	2,690000E+0	0,000000E+0	1,022000E+3	11,900000E+0
535	7,000000E+0	0,000000E+0	0,000000E+0	1,023000E+3	11,900000E+0
536	7,000000E+0	0,000000E+0	0,000000E+0	1,023000E+3	11,900000E+0
537	7,000000E+0	0,000000E+0	0,000000E+0	1,023000E+3	11,900000E+0
538	7,000000E+0	0,000000E+0	0,000000E+0	1,023000E+3	11,900000E+0
539	7,000000E+0	0,000000E+0	0,000000E+0	1,023000E+3	11,900000E+0
540	7,000000E+0	0,000000E+0	0,000000E+0	1,023000E+3	11,900000E+0
541	7,000000E+0	0,000000E+0	0,000000E+0	1,023000E+3	11,900000E+0
542	7,000000E+0	0,000000E+0	0,000000E+0	1,023000E+3	11,900000E+0
543	7,000000E+0	0,000000E+0	0,000000E+0	1,023000E+3	11,900000E+0
544	7,000000E+0	0,000000E+0	0,000000E+0	1,023000E+3	11,900000E+0
545	7,000000E+0	0,000000E+0	0,000000E+0	1,023000E+3	11,900000E+0
546	7,000000E+0	0,000000E+0	0,000000E+0	1,023000E+3	11,900000E+0
547	7,000000E+0	0,000000E+0	0,000000E+0	1,023000E+3	11,900000E+0
548	7,000000E+0	0,000000E+0	0,000000E+0	1,023000E+3	11,900000E+0
549	7,000000E+0	0,000000E+0	0,000000E+0	1,023000E+3	11,900000E+0
550	7,000000E+0	0,000000E+0	0,000000E+0	1,023000E+3	11,900000E+0
551	14,000000E+0	5,380000E+0	-229,000000E-3	1,022000E+3	11,900000E+0
552	14,000000E+0	5,380000E+0	-229,000000E-3	1,022000E+3	11,900000E+0
553	14,000000E+0	5,380000E+0	-229,000000E-3	1,022000E+3	11,900000E+0
554	14,000000E+0	5,380000E+0	-229,000000E-3	1,022000E+3	11,900000E+0
555	14,000000E+0	5,380000E+0	-229,000000E-3	1,022000E+3	11,900000E+0
556	14,000000E+0	5,380000E+0	-229,000000E-3	1,022000E+3	11,900000E+0
557	14,000000E+0	5,380000E+0	-229,000000E-3	1,022000E+3	11,900000E+0
558	14,000000E+0	5,380000E+0	-229,000000E-3	1,022000E+3	11,900000E+0
559	7,000000E+0	0,000000E+0	0,000000E+0	1,023000E+3	11,900000E+0
560	7,000000E+0	0,000000E+0	0,000000E+0	1,023000E+3	11,900000E+0
561	7,000000E+0	0,000000E+0	0,000000E+0	1,023000E+3	11,900000E+0
562	7,000000E+0	0,000000E+0	0,000000E+0	1,023000E+3	11,900000E+0
563	14,000000E+0	0,000000E+0	0,000000E+0	1,023000E+3	11,900000E+0
564	14,000000E+0	0,000000E+0	0,000000E+0	1,023000E+3	11,900000E+0
565	14,000000E+0	0,000000E+0	0,000000E+0	1,023000E+3	11,900000E+0
566	14,000000E+0	0,000000E+0	0,000000E+0	1,023000E+3	11,900000E+0
567	7,000000E+0	0,000000E+0	0,000000E+0	1,022000E+3	11,900000E+0
568	7,000000E+0	0,000000E+0	0,000000E+0	1,022000E+3	11,900000E+0
569	7,000000E+0	0,000000E+0	0,000000E+0	1,022000E+3	11,900000E+0
570	7,000000E+0	0,000000E+0	0,000000E+0	1,022000E+3	11,900000E+0
571	7,000000E+0	0,000000E+0	0,000000E+0	1,023000E+3	11,900000E+0
572	7,000000E+0	0,000000E+0	0,000000E+0	1,023000E+3	11,900000E+0
573	7,000000E+0	0,000000E+0	0,000000E+0	1,023000E+3	11,900000E+0
574	7,000000E+0	0,000000E+0	0,000000E+0	1,023000E+3	11,900000E+0
575	7,000000E+0	0,000000E+0	0,000000E+0	1,022000E+3	11,900000E+0
576	7,000000E+0	0,000000E+0	0,000000E+0	1,022000E+3	11,900000E+0
577	7,000000E+0	0,000000E+0	0,000000E+0	1,022000E+3	11,900000E+0
578	7,000000E+0	0,000000E+0	0,000000E+0	1,022000E+3	11,900000E+0
579	14,000000E+0	0,000000E+0	0,000000E+0	1,023000E+3	11,900000E+0
580	14,000000E+0	0,000000E+0	0,000000E+0	1,023000E+3	11,900000E+0
581	14,000000E+0	0,000000E+0	0,000000E+0	1,023000E+3	11,900000E+0
582	14,000000E+0	0,000000E+0	0,000000E+0	1,023000E+3	11,900000E+0
583	7,000000E+0	0,000000E+0	0,000000E+0	1,022000E+3	11,900000E+0
584	7,000000E+0	0,000000E+0	0,000000E+0	1,022000E+3	11,900000E+0
585	7,000000E+0	0,000000E+0	0,000000E+0	1,022000E+3	11,900000E+0
586	7,000000E+0	0,000000E+0	0,000000E+0	1,022000E+3	11,900000E+0
587	7,000000E+0	0,000000E+0	0,000000E+0	1,023000E+3	11,900000E+0
588	7,000000E+0	0,000000E+0	0,000000E+0	1,023000E+3	11,900000E+0
589	7,000000E+0	0,000000E+0	0,000000E+0	1,023000E+3	11,900000E+0
590	7,000000E+0	0,000000E+0	0,000000E+0	1,023000E+3	11,900000E+0
591	7,000000E+0	0,000000E+0	0,000000E+0	1,023000E+3	11,900000E+0
592	7,000000E+0	0,000000E+0	0,000000E+0	1,023000E+3	11,900000E+0
593	7,000000E+0	0,000000E+0	0,000000E+0	1,023000E+3	11,900000E+0
594	7,000000E+0	0,000000E+0	0,000000E+0	1,023000E+3	11,900000E+0
595	14,000000E+0	5,380000E+0	-687,000000E-3	1,022000E+3	11,900000E+0
596	14,000000E+0	5,380000E+0	-687,000000E-3	1,022000E+3	11,900000E+0
597	14,000000E+0	5,380000E+0	-687,000000E-3	1,022000E+3	11,900000E+0
598	14,000000E+0	5,380000E+0	-687,000000E-3	1,022000E+3	11,900000E+0
599	14,000000E+0	10,760000E+0	-229,000000E-3	1,022000E+3	11,900000E+0
600	14,000000E+0	10,760000E+0	-229,000000E-3	1,022000E+3	11,900000E+0
601	14,000000E+0	10,760000E+0	-229,000000E-3	1,022000E+3	11,900000E+0
602	14,000000E+0	10,760000E+0	-229,000000E-3	1,022000E+3	11,900000E+0
603	14,000000E+0	13,450000E+0	0,000000E+0	1,022000E+3	11,900000E+0
604	14,000000E+0	13,450000E+0	0,000000E+0	1,022000E+3	11,900000E+0
605	14,000000E+0	13,450000E+0	0,000000E+0	1,022000E+3	11,900000E+0
606	14,000000E+0	13,450000E+0	0,000000E+0	1,022000E+3	11,900000E+0
607	0,000000E+0	0,000000E+0	229,000000E-3	1,024000E+3	11,900000E+0
608	0,000000E+0	0,000000E+0	229,000000E-3	1,024000E+3	11,900000E+0
609	0,000000E+0	0,000000E+0	229,000000E-3	1,024000E+3	11,900000E+0
610	0,000000E+0	0,000000E+0	229,000000E-3	1,024000E+3	11,900000E+0
611	0,000000E+0	0,000000E+0	687,000000E-3	1,024000E+3	11,900000E+0
612	0,000000E+0	0,000000E+0	687,000000E-3	1,024000E+3	11,900000E+0
613	0,000000E+0	0,000000E+0	687,000000E-3	1,024000E+3	11,900000E+0
614	0,000000E+0	0,000000E+0	687,000000E-3	1,024000E+3	11,900000E+0
615	14,000000E+0	0,000000E+0	458,000000E-3	1,022000E+3	11,900000E+0
616	14,000000E+0	0,000000E+0	458,000000E-3	1,022000E+3	11,900000E+0
617	14,000000E+0	0,000000E+0	458,000000E-3	1,022000E+3	11,900000E+0
618	14,000000E+0	0,000000E+0	458,000000E-3	1,022000E+3	11,900000E+0
619	7,000000E+0	0,000000E+0	458,000000E-3	1,023000E+3	11,900000E+0
620	7,000000E+0	0,000000E+0	458,000000E-3	1,023000E+3	11,900000E+0
621	7,000000E+0	0,000000E+0	458,000000E-3	1,023000E+3	11,900000E+0
622	7,000000E+0	0,000000E+0	458,000000E-3	1,023000E+3	11,900000E+0
623	14,000000E+0	2,690000E+0	229,000000E-3	1,022000E+3	11,900000E+0
624	14,000000E+0	2,690000E+0	229,000000E-3	1,022000E+3	11,900000E+0
625	14,000000E+0	2,690000E+0	229,000000E-3	1,022000E+3	11,900000E+0
626	14,000000E+0	2,690000E+0	229,000000E-3	1,022000E+3	11,900000E+0
627	14,000000E+0	0,000000E+0	0,000000E+0	1,023000E+3	11,900000E+0
628	14,000000E+0	0,000000E+0	0,000000E+0	1,023000E+3	11,900000E+0
629	14,000000E+0	0,000000E+0	0,000000E+0	1,023000E+3	11,900000E+0
630	14,000000E+0	0,000000E+0	0,000000E+0	1,023000E+3	11,900000E+0
631	7,000000E+0	0,000000E+0	0,000000E+0	1,023000E+3	11,900000E+0
632	7,000000E+0	0,000000E+0	0,000000E+0	1,023000E+3	11,900000E+0
633	7,000000E+0	0,000000E+0	0,000000E+0	1,023000E+3	11,900000E+0
634	7,000000E+0	0,000000E+0	0,000000E+0	1,023000E+3	11,900000E+0
635	7,000000E+0	0,000000E+0	0,000000E+0	1,023000E+3	11,900000E+0
636	7,000000E+0	0,000000E+0	0,000000E+0	1,023000E+3	11,900000E+0
637	7,000000E+0	0,000000E+0	0,000000E+0	1,023000E+3	11,900000E+0
638	7,000000E+0	0,000000E+0	0,000000E+0	1,023000E+3	11,900000E+0
639	7,000000E+0	0,000000E+0	0,000000E+0	1,024000E+3	11,900000E+0
640	7,000000E+0	0,000000E+0	0,000000E+0	1,024000E+3	11,900000E+0
641	7,000000E+0	0,000000E+0	0,000000E+0	1,024000E+3	11,900000E+0
642	7,000000E+0	0,000000E+0	0,000000E+0	1,024000E+3	11,900000E+0
643	7,000000E+0	0,000000E+0	0,000000E+0	1,023000E+3	11,900000E+0
644	7,000000E+0	0,000000E+0	0,000000E+0	1,023000E+3	11,900000E+0
645	7,000000E+0	0,000000E+0	0,000000E+0	1,023000E+3	11,900000E+0
646	7,000000E+0	0,000000E+0	0,000000E+0	1,023000E+3	11,900000E+0
647	7,000000E+0	0,000000E+0	0,000000E+0	1,022000E+3	11,900000E+0
648	7,000000E+0	0,000000E+0	0,000000E+0	1,022000E+3	11,900000E+0
649	7,000000E+0	0,000000E+0	0,000000E+0	1,022000E+3	11,900000E+0
650	7,000000E+0	0,000000E+0	0,000000E+0	1,022000E+3	11,900000E+0
651	14,000000E+0	8,070000E+0	-229,000000E-3	1,022000E+3	11,900000E+0
652	14,000000E+0	8,070000E+0	-229,000000E-3	1,022000E+3	11,900000E+0
653	14,000000E+0	8,070000E+0	-229,000000E-3	1,022000E+3	11,900000E+0
654	14,000000E+0	8,070000E+0	-229,000000E-3	1,022000E+3	11,900000E+0
655	14,000000E+0	2,690000E+0	0,000000E+0	1,023000E+3	11,900000E+0
656	14,000000E+0	2,690000E+0	0,000000E+0	1,023000E+3	11,900000E+0
657	14,000000E+0	2,690000E+0	0,000000E+0	1,023000E+3	11,900000E+0
658	14,000000E+0	2,690000E+0	0,000000E+0	1,023000E+3	11,900000E+0
659	7,000000E+0	0,000000E+0	0,000000E+0	1,023000E+3	11,900000E+0
660	7,000000E+0	0,000000E+0	0,000000E+0	1,023000E+3	11,900000E+0
661	7,000000E+0	0,000000E+0	0,000000E+0	1,023000E+3	11,900000E+0
662	7,000000E+0	0,000000E+0	0,000000E+0	1,023000E+3	11,900000E+0
663	7,000000E+0	0,000000E+0	0,000000E+0	1,022000E+3	11,900000E+0
664	7,000000E+0	0,000000E+0	0,000000E+0	1,022000E+3	11,900000E+0
665	7,000000E+0	0,000000E+0	0,000000E+0	1,022000E+3	11,900000E+0
666	7,000000E+0	0,000000E+0	0,000000E+0	1,022000E+3	11,900000E+0
667	14,000000E+0	0,000000E+0	0,000000E+0	1,023000E+3	11,900000E+0
668	14,000000E+0	0,000000E+0	0,000000E+0	1,023000E+3	11,900000E+0
669	14,000000E+0	0,000000E+0	0,000000E+0	1,023000E+3	11,900000E+0
670	14,000000E+0	0,000000E+0	0,000000E+0	1,023000E+3	11,900000E+0
671	7,000000E+0	0,000000E+0	0,000000E+0	1,023000E+3	11,900000E+0
672	7,000000E+0	0,000000E+0	0,000000E+0	1,023000E+3	11,900000E+0
673	7,000000E+0	0,000000E+0	0,000000E+0	1,023000E+3	11,900000E+0
674	7,000000E+0	0,000000E+0	0,000000E+0	1,023000E+3	11,900000E+0
675	7,000000E+0	0,000000E+0	0,000000E+0	1,023000E+3	11,900000E+0
676	7,000000E+0	0,000000E+0	0,000000E+0	1,023000E+3	11,900000E+0
677	7,000000E+0	0,000000E+0	0,000000E+0	1,023000E+3	11,900000E+0
678	7,000000E+0	0,000000E+0	0,000000E+0	1,023000E+3	11,900000E+0
679	7,000000E+0	0,000000E+0	0,000000E+0	1,023000E+3	11,900000E+0
680	7,000000E+0	0,000000E+0	0,000000E+0	1,023000E+3	11,900000E+0
681	7,000000E+0	0,000000E+0	0,000000E+0	1,023000E+3	11,900000E+0
682	7,000000E+0	0,000000E+0	0,000000E+0	1,023000E+3	11,900000E+0
683	7,000000E+0	0,000000E+0	0,000000E+0	1,022000E+3	11,900000E+0
684	7,000000E+0	0,000000E+0	0,000000E+0	1,022000E+3	11,900000E+0
685	7,000000E+0	0,000000E+0	0,000000E+0	1,022000E+3	11,900000E+0
686	7,000000E+0	0,000000E+0	0,000000E+0	1,022000E+3	11,900000E+0
687	7,000000E+0	0,000000E+0	0,000000E+0	1,023000E+3	11,900000E+0
688	7,000000E+0	0,000000E+0	0,000000E+0	1,023000E+3	11,900000E+0
689	7,000000E+0	0,000000E+0	0,000000E+0	1,023000E+3	11,900000E+0
690	7,000000E+0	0,000000E+0	0,000000E+0	1,023000E+3	11,900000E+0
691	7,000000E+0	0,000000E+0	0,000000E+0	1,023000E+3	11,900000E+0
692	7,000000E+0	0,000000E+0	0,000000E+0	1,023000E+3	11,900000E+0
693	7,000000E+0	0,000000E+0	0,000000E+0	1,023000E+3	11,900000E+0
694	7,000000E+0	0,000000E+0	0,000000E+0	1,023000E+3	11,900000E+0
695	21,000000E+0	16,140000E+0	-916,000000E-3	261,629000E+3	3,046400E+3
696	21,000000E+0	16,140000E+0	-916,000000E-3	261,629000E+3	3,046400E+3
697	21,000000E+0	16,140000E+0	-916,000000E-3	261,629000E+3	3,046400E+3
698	21,000000E+0	16,140000E+0	-916,000000E-3	261,629000E+3	3,046400E+3
699	14,000000E+0	2,690000E+0	0,000000E+0	1,022000E+3	11,900000E+0
700	14,000000E+0	2,690000E+0	0,000000E+0	1,022000E+3	11,900000E+0
701	14,000000E+0	2,690000E+0	0,000000E+0	1,022000E+3	11,900000E+0
702	14,000000E+0	2,690000E+0	0,000000E+0	1,022000E+3	11,900000E+0
703	14,000000E+0	5,380000E+0	0,000000E+0	1,022000E+3	11,900000E+0
704	14,000000E+0	5,380000E+0	0,000000E+0	1,022000E+3	11,900000E+0
705	14,000000E+0	5,380000E+0	0,000000E+0	1,022000E+3	11,900000E+0
706	14,000000E+0	5,380000E+0	0,000000E+0	1,022000E+3	11,900000E+0
707	65,528000E+3	0,000000E+0	229,000000E-3	1,025000E+3	11,900000E+0
708	65,528000E+3	0,000000E+0	229,000000E-3	1,025000E+3	11,900000E+0
709	65,528000E+3	0,000000E+0	229,000000E-3	1,025000E+3	11,900000E+0
710	65,528000E+3	0,000000E+0	229,000000E-3	1,025000E+3	11,900000E+0
711	0,000000E+0	0,000000E+0	687,000000E-3	1,023000E+3	11,900000E+0
712	0,000000E+0	0,000000E+0	687,000000E-3	1,023000E+3	11,900000E+0
713	0,000000E+0	0,000000E+0	687,000000E-3	1,023000E+3	11,900000E+0
714	0,000000E+0	0,000000E+0	687,000000E-3	1,023000E+3	11,900000E+0
715	14,000000E+0	0,000000E+0	458,000000E-3	1,022000E+3	11,900000E+0
716	14,000000E+0	0,000000E+0	458,000000E-3	1,022000E+3	11,900000E+0
717	14,000000E+0	0,000000E+0	458,000000E-3	1,022000E+3	11,900000E+0
718	14,000000E+0	0,000000E+0	458,000000E-3	1,022000E+3	11,900000E+0
719	7,000000E+0	0,000000E+0	458,000000E-3	1,023000E+3	11,900000E+0
720	7,000000E+0	0,000000E+0	458,000000E-3	1,023000E+3	11,900000E+0
721	7,000000E+0	0,000000E+0	458,000000E-3	1,023000E+3	11,900000E+0
722	7,000000E+0	0,000000E+0	458,000000E-3	1,023000E+3	11,900000E+0
723	7,000000E+0	0,000000E+0	0,000000E+0	1,023000E+3	11,900000E+0
724	7,000000E+0	0,000000E+0	0,000000E+0	1,023000E+3	11,900000E+0
725	7,000000E+0	0,000000E+0	0,000000E+0	1,023000E+3	11,900000E+0
726	7,000000E+0	0,000000E+0	0,000000E+0	1,023000E+3	11,900000E+0
727	14,000000E+0	0,000000E+0	0,000000E+0	1,023000E+3	11,900000E+0
728	14,000000E+0	0,000000E+0	0,000000E+0	1,023000E+3	11,900000E+0
729	14,000000E+0	0,000000E+0	0,000000E+0	1,023000E+3	11,900000E+0
730	14,000000E+0	0,000000E+0	0,000000E+0	1,023000E+3	11,900000E+0
731	7,000000E+0	0,000000E+0	0,000000E+0	1,023000E+3	11,900000E+0
732	7,000000E+0	0,000000E+0	0,000000E+0	1,023000E+3	11,900000E+0
733	7,000000E+0	0,000000E+0	0,000000E+0	1,023000E+3	11,900000E+0
734	7,000000E+0	0,000000E+0	0,000000E+0	1,023000E+3	11,900000E+0
735	7,000000E+0	0,000000E+0	0,000000E+0	1,023000E+3	11,900000E+0
736	7,000000E+0	0,000000E+0	0,000000E+0	1,023000E+3	11,900000E+0
737	7,000000E+0	0,000000E+0	0,000000E+0	1,023000E+3	11,900000E+0
738	7,000000E+0	0,000000E+0	0,000000E+0	1,023000E+3	11,900000E+0
739	7,000000E+0	0,000000E+0	0,000000E+0	1,023000E+3	11,900000E+0
740	7,000000E+0	0,000000E+0	0,000000E+0	1,023000E+3	11,900000E+0
741	7,000000E+0	0,000000E+0	0,000000E+0	1,023000E+3	11,900000E+0
742	7,000000E+0	0,000000E+0	0,000000E+0	1,023000E+3	11,900000E+0
743	7,000000E+0	0,000000E+0	0,000000E+0	1,023000E+3	11,900000E+0
744	7,000000E+0	0,000000E+0	0,000000E+0	1,023000E+3	11,900000E+0
745	7,000000E+0	0,000000E+0	0,000000E+0	1,023000E+3	11,900000E+0
746	7,000000E+0	0,000000E+0	0,000000E+0	1,023000E+3	11,900000E+0
747	14,000000E+0	5,380000E+0	-229,000000E-3	1,022000E+3	11,900000E+0
748	14,000000E+0	5,380000E+0	-229,000000E-3	1,022000E+3	11,900000E+0
749	14,000000E+0	5,380000E+0	-229,000000E-3	1,022000E+3	11,900000E+0
750	14,000000E+0	5,380000E+0	-229,000000E-3	1,022000E+3	11,900000E+0
751	14,000000E+0	2,690000E+0	-229,000000E-3	1,022000E+3	11,900000E+0
752	14,000000E+0	2,690000E+0	-229,000000E-3	1,022000E+3	11,900000E+0
753	14,000000E+0	2,690000E+0	-229,000000E-3	1,022000E+3	11,900000E+0
754	14,000000E+0	2,690000E+0	-229,000000E-3	1,022000E+3	11,900000E+0
755	7,000000E+0	0,000000E+0	0,000000E+0	1,022000E+3	11,900000E+0
756	7,000000E+0	0,000000E+0	0,000000E+0	1,022000E+3	11,900000E+0
757	7,000000E+0	0,000000E+0	0,000000E+0	1,022000E+3	11,900000E+0
758	7,000000E+0	0,000000E+0	0,000000E+0	1,022000E+3	11,900000E+0
759	7,000000E+0	0,000000E+0	0,000000E+0	1,023000E+3	11,900000E+0
760	7,000000E+0	0,000000E+0	0,000000E+0	1,023000E+3	11,900000E+0
761	7,000000E+0	0,000000E+0	0,000000E+0	1,023000E+3	11,900000E+0
762	7,000000E+0	0,000000E+0	0,000000E+0	1,023000E+3	11,900000E+0
763	7,000000E+0	0,000000E+0	0,000000E+0	1,023000E+3	11,900000E+0
764	7,000000E+0	0,000000E+0	0,000000E+0	1,023000E+3	11,900000E+0
765	7,000000E+0	0,000000E+0	0,000000E+0	1,023000E+3	11,900000E+0
766	7,000000E+0	0,000000E+0	0,000000E+0	1,023000E+3	11,900000E+0
767	7,000000E+0	0,000000E+0	0,000000E+0	1,022000E+3	11,900000E+0
768	7,000000E+0	0,000000E+0	0,000000E+0	1,022000E+3	11,900000E+0
769	7,000000E+0	0,000000E+0	0,000000E+0	1,022000E+3	11,900000E+0
770	7,000000E+0	0,000000E+0	0,000000E+0	1,022000E+3	11,900000E+0
771	7,000000E+0	0,000000E+0	0,000000E+0	1,023000E+3	11,900000E+0
772	7,000000E+0	0,000000E+0	0,000000E+0	1,023000E+3	11,900000E+0
773	7,000000E+0	0,000000E+0	0,000000E+0	1,023000E+3	11,900000E+0
774	7,000000E+0	0,000000E+0	0,000000E+0	1,023000E+3	11,900000E+0
775	7,000000E+0	0,000000E+0	0,000000E+0	1,023000E+3	11,900000E+0
776	7,000000E+0	0,000000E+0	0,000000E+0	1,023000E+3	11,900000E+0
777	7,000000E+0	0,000000E+0	0,000000E+0	1,023000E+3	11,900000E+0
778	7,000000E+0	0,000000E+0	0,000000E+0	1,023000E+3	11,900000E+0
779	7,000000E+0	0,000000E+0	0,000000E+0	1,023000E+3	11,900000E+0
780	7,000000E+0	0,000000E+0	0,000000E+0	1,023000E+3	11,900000E+0
781	7,000000E+0	0,000000E+0	0,000000E+0	1,023000E+3	11,900000E+0
782	7,000000E+0	0,000000E+0	0,000000E+0	1,023000E+3	11,900000E+0
783	7,000000E+0	0,000000E+0	0,000000E+0	1,023000E+3	11,900000E+0
784	7,000000E+0	0,000000E+0	0,000000E+0	1,023000E+3	11,900000E+0
785	7,000000E+0	0,000000E+0	0,000000E+0	1,023000E+3	11,900000E+0
786	7,000000E+0	0,000000E+0	0,000000E+0	1,023000E+3	11,900000E+0
787	7,000000E+0	0,000000E+0	0,000000E+0	1,024000E+3	11,900000E+0
788	7,000000E+0	0,000000E+0	0,000000E+0	1,024000E+3	11,900000E+0
789	7,000000E+0	0,000000E+0	0,000000E+0	1,024000E+3	11,900000E+0
790	7,000000E+0	0,000000E+0	0,000000E+0	1,024000E+3	11,900000E+0
791	14,000000E+0	2,690000E+0	-687,000000E-3	1,022000E+3	11,900000E+0
792	14,000000E+0	2,690000E+0	-687,000000E-3	1,022000E+3	11,900000E+0
793	14,000000E+0	2,690000E+0	-687,000000E-3	1,022000E+3	11,900000E+0
794	14,000000E+0	2,690000E+0	-687,000000E-3	1,022000E+3	11,900000E+0
795	14,000000E+0	8,070000E+0	-229,000000E-3	1,022000E+3	11,900000E+0
796	14,000000E+0	8,070000E+0	-229,000000E-3	1,022000E+3	11,900000E+0
797	14,000000E+0	8,070000E+0	-229,000000E-3	1,022000E+3	11,900000E+0
798	14,000000E+0	8,070000E+0	-229,000000E-3	1,022000E+3	11,900000E+0
799	14,000000E+0	13,450000E+0	0,000000E+0	1,022000E+3	11,900000E+0
800	14,000000E+0	13,450000E+0	0,000000E+0	1,022000E+3	11,900000E+0
801	14,000000E+0	13,450000E+0	0,000000E+0	1,022000E+3	11,900000E+0
802	14,000000E+0	13,450000E+0	0,000000E+0	1,022000E+3	11,900000E+0
803	0,000000E+0	0,000000E+0	229,000000E-3	1,024000E+3	11,900000E+0
804	0,000000E+0	0,000000E+0	229,000000E-3	1,024000E+3	11,900000E+0
805	0,000000E+0	0,000000E+0	229,000000E-3	1,024000E+3	11,900000E+0
806	0,000000E+0	0,000000E+0	229,000000E-3	1,024000E+3	11,900000E+0
807	0,000000E+0	0,000000E+0	458,000000E-3	1,024000E+3	11,900000E+0
808	0,000000E+0	0,000000E+0	458,000000E-3	1,024000E+3	11,900000E+0
809	0,000000E+0	0,000000E+0	458,000000E-3	1,024000E+3	11,900000E+0
810	0,000000E+0	0,000000E+0	458,000000E-3	1,024000E+3	11,900000E+0
811	14,000000E+0	0,000000E+0	458,000000E-3	1,022000E+3	11,900000E+0
812	14,000000E+0	0,000000E+0	458,000000E-3	1,022000E+3	11,900000E+0
813	14,000000E+0	0,000000E+0	458,000000E-3	1,022000E+3	11,900000E+0
814	14,000000E+0	0,000000E+0	458,000000E-3	1,022000E+3	11,900000E+0
815	0,000000E+0	0,000000E+0	458,000000E-3	1,023000E+3	11,900000E+0
816	0,000000E+0	0,000000E+0	458,000000E-3	1,023000E+3	11,900000E+0
817	0,000000E+0	0,000000E+0	458,000000E-3	1,023000E+3	11,900000E+0
818	0,000000E+0	0,000000E+0	458,000000E-3	1,023000E+3	11,900000E+0
819	14,000000E+0	5,380000E+0	229,000000E-3	1,022000E+3	11,900000E+0
820	14,000000E+0	5,380000E+0	229,000000E-3	1,022000E+3	11,900000E+0
821	14,000000E+0	5,380000E+0	229,000000E-3	1,022000E+3	11,900000E+0
822	14,000000E+0	5,380000E+0	229,000000E-3	1,022000E+3	11,900000E+0
823	7,000000E+0	0,000000E+0	0,000000E+0	1,022000E+3	11,900000E+0
824	7,000000E+0	0,000000E+0	0,000000E+0	1,022000E+3	11,900000E+0
825	7,000000E+0	0,000000E+0	0,000000E+0	1,022000E+3	11,900000E+0
826	7,000000E+0	0,000000E+0	0,000000E+0	1,022000E+3	11,900000E+0
827	7,000000E+0	0,000000E+0	0,000000E+0	1,023000E+3	11,900000E+0
828	7,000000E+0	0,000000E+0	0,000000E+0	1,023000E+3	11,900000E+0
829	7,000000E+0	0,000000E+0	0,000000E+0	1,023000E+3	11,900000E+0
830	7,000000E+0	0,000000E+0	0,000000E+0	1,023000E+3	11,900000E+0
831	14,000000E+0	0,000000E+0	0,000000E+0	1,023000E+3	11,900000E+0
832	14,000000E+0	0,000000E+0	0,000000E+0	1,023000E+3	11,900000E+0
833	14,000000E+0	0,000000E+0	0,000000E+0	1,023000E+3	11,900000E+0
834	14,000000E+0	0,000000E+0	0,000000E+0	1,023000E+3	11,900000E+0
835	7,000000E+0	0,000000E+0	0,000000E+0	1,023000E+3	11,900000E+0
836	7,000000E+0	0,000000E+0	0,000000E+0	1,023000E+3	11,900000E+0
837	7,000000E+0	0,000000E+0	0,000000E+0	1,023000E+3	11,900000E+0
838	7,000000E+0	0,000000E+0	0,000000E+0	1,023000E+3	11,900000E+0
839	7,000000E+0	0,000000E+0	0,000000E+0	1,023000E+3	11,900000E+0
840	7,000000E+0	0,000000E+0	0,000000E+0	1,023000E+3	11,900000E+0
841	7,000000E+0	0,000000E+0	0,000000E+0	1,023000E+3	11,900000E+0
842	7,000000E+0	0,000000E+0	0,000000E+0	1,023000E+3	11,900000E+0
843	14,000000E+0	5,380000E+0	-229,000000E-3	1,022000E+3	11,900000E+0
844	14,000000E+0	5,380000E+0	-229,000000E-3	1,022000E+3	11,900000E+0
845	14,000000E+0	5,380000E+0	-229,000000E-3	1,022000E+3	11,900000E+0
846	14,000000E+0	5,380000E+0	-229,000000E-3	1,022000E+3	11,900000E+0
847	14,000000E+0	8,070000E+0	-229,000000E-3	1,022000E+3	11,900000E+0
848	14,000000E+0	8,070000E+0	-229,000000E-3	1,022000E+3	11,900000E+0
849	14,000000E+0	8,070000E+0	-229,000000E-3	1,022000E+3	11,900000E+0
850	14,000000E+0	8,070000E+0	-229,000000E-3	1,022000E+3	11,900000E+0
851	7,000000E+0	2,690000E+0	0,000000E+0	1,022000E+3	11,900000E+0
852	7,000000E+0	2,690000E+0	0,000000E+0	1,022000E+3	11,900000E+0
853	7,000000E+0	2,690000E+0	0,000000E+0	1,022000E+3	11,900000E+0
854	7,000000E+0	2,690000E+0	0,000000E+0	1,022000E+3	11,900000E+0
855	7,000000E+0	0,000000E+0	0,000000E+0	1,022000E+3	11,900000E+0
856	7,000000E+0	0,000000E+0	0,000000E+0	1,022000E+3	11,900000E+0
857	7,000000E+0	0,000000E+0	0,000000E+0	1,022000E+3	11,900000E+0
858	7,000000E+0	0,000000E+0	0,000000E+0	1,022000E+3	11,900000E+0
859	7,000000E+0	0,000000E+0	0,000000E+0	1,022000E+3	11,900000E+0
860	7,000000E+0	0,000000E+0	0,000000E+0	1,022000E+3	11,900000E+0
861	7,000000E+0	0,000000E+0	0,000000E+0	1,022000E+3	11,900000E+0
862	7,000000E+0	0,000000E+0	0,000000E+0	1,022000E+3	11,900000E+0
863	7,000000E+0	0,000000E+0	0,000000E+0	1,023000E+3	11,900000E+0
864	7,000000E+0	0,000000E+0	0,000000E+0	1,023000E+3	11,900000E+0
865	7,000000E+0	0,000000E+0	0,000000E+0	1,023000E+3	11,900000E+0
866	7,000000E+0	0,000000E+0	0,000000E+0	1,023000E+3	11,900000E+0
867	7,000000E+0	0,000000E+0	0,000000E+0	1,023000E+3	11,900000E+0
868	7,000000E+0	0,000000E+0	0,000000E+0	1,023000E+3	11,900000E+0
869	7,000000E+0	0,000000E+0	0,000000E+0	1,023000E+3	11,900000E+0
870	7,000000E+0	0,000000E+0	0,000000E+0	1,023000E+3	11,900000E+0
871	7,000000E+0	0,000000E+0	0,000000E+0	1,022000E+3	11,900000E+0
872	7,000000E+0	0,000000E+0	0,000000E+0	1,022000E+3	11,900000E+0
873	7,000000E+0	0,000000E+0	0,000000E+0	1,022000E+3	11,900000E+0
874	7,000000E+0	0,000000E+0	0,000000E+0	1,022000E+3	11,900000E+0
875	14,000000E+0	0,000000E+0	0,000000E+0	1,023000E+3	11,900000E+0
876	14,000000E+0	0,000000E+0	0,000000E+0	1,023000E+3	11,900000E+0
877	14,000000E+0	0,000000E+0	0,000000E+0	1,023000E+3	11,900000E+0
878	14,000000E+0	0,000000E+0	0,000000E+0	1,023000E+3	11,900000E+0
879	14,000000E+0	0,000000E+0	0,000000E+0	1,022000E+3	11,900000E+0
880	14,000000E+0	0,000000E+0	0,000000E+0	1,022000E+3	11,900000E+0
881	14,000000E+0	0,000000E+0	0,000000E+0	1,022000E+3	11,900000E+0
882	14,000000E+0	0,000000E+0	0,000000E+0	1,022000E+3	11,900000E+0
883	7,000000E+0	0,000000E+0	0,000000E+0	1,023000E+3	11,900000E+0
884	7,000000E+0	0,000000E+0	0,000000E+0	1,023000E+3	11,900000E+0
885	7,000000E+0	0,000000E+0	0,000000E+0	1,023000E+3	11,900000E+0
886	7,000000E+0	0,000000E+0	0,000000E+0	1,023000E+3	11,900000E+0
887	7,000000E+0	0,000000E+0	0,000000E+0	1,023000E+3	11,900000E+0
888	7,000000E+0	0,000000E+0	0,000000E+0	1,023000E+3	11,900000E+0
889	7,000000E+0	0,000000E+0	0,000000E+0	1,023000E+3	11,900000E+0
890	7,000000E+0	0,000000E+0	0,000000E+0	1,023000E+3	11,900000E+0
891	21,000000E+0	13,450000E+0	-916,000000E-3	261,629000E+3	3,046400E+3
892	21,000000E+0	13,450000E+0	-916,000000E-3	261,629000E+3	3,046400E+3
893	21,000000E+0	13,450000E+0	-916,000000E-3	261,629000E+3	3,046400E+3
894	21,000000E+0	13,450000E+0	-916,000000E-3	261,629000E+3	3,046400E+3
895	14,000000E+0	0,000000E+0	0,000000E+0	1,022000E+3	11,900000E+0
896	14,000000E+0	0,000000E+0	0,000000E+0	1,022000E+3	11,900000E+0
897	14,000000E+0	0,000000E+0	0,000000E+0	1,022000E+3	11,900000E+0
898	14,000000E+0	0,000000E+0	0,000000E+0	1,022000E+3	11,900000E+0
899	14,000000E+0	5,380000E+0	0,000000E+0	1,022000E+3	11,900000E+0
900	14,000000E+0	5,380000E+0	0,000000E+0	1,022000E+3	11,900000E+0
901	14,000000E+0	5,380000E+0	0,000000E+0	1,022000E+3	11,900000E+0
902	14,000000E+0	5,380000E+0	0,000000E+0	1,022000E+3	11,900000E+0
903	65,528000E+3	0,000000E+0	229,000000E-3	1,024000E+3	11,900000E+0
904	65,528000E+3	0,000000E+0	229,000000E-3	1,024000E+3	11,900000E+0
905	65,528000E+3	0,000000E+0	229,000000E-3	1,024000E+3	11,900000E+0
906	65,528000E+3	0,000000E+0	229,000000E-3	1,024000E+3	11,900000E+0
907	0,000000E+0	0,000000E+0	687,000000E-3	1,023000E+3	11,900000E+0
908	0,000000E+0	0,000000E+0	687,000000E-3	1,023000E+3	11,900000E+0
909	0,000000E+0	0,000000E+0	687,000000E-3	1,023000E+3	11,900000E+0
910	0,000000E+0	0,000000E+0	687,000000E-3	1,023000E+3	11,900000E+0
911	14,000000E+0	0,000000E+0	458,000000E-3	1,022000E+3	11,900000E+0
912	14,000000E+0	0,000000E+0	458,000000E-3	1,022000E+3	11,900000E+0
913	14,000000E+0	0,000000E+0	458,000000E-3	1,022000E+3	11,900000E+0
914	14,000000E+0	0,000000E+0	458,000000E-3	1,022000E+3	11,900000E+0
915	7,000000E+0	0,000000E+0	458,000000E-3	1,023000E+3	11,900000E+0
916	7,000000E+0	0,000000E+0	458,000000E-3	1,023000E+3	11,900000E+0
917	7,000000E+0	0,000000E+0	458,000000E-3	1,023000E+3	11,900000E+0
918	7,000000E+0	0,000000E+0	458,000000E-3	1,023000E+3	11,900000E+0
919	14,000000E+0	0,000000E+0	0,000000E+0	1,023000E+3	11,900000E+0
920	14,000000E+0	0,000000E+0	0,000000E+0	1,023000E+3	11,900000E+0
921	14,000000E+0	0,000000E+0	0,000000E+0	1,023000E+3	11,900000E+0
922	14,000000E+0	0,000000E+0	0,000000E+0	1,023000E+3	11,900000E+0
923	14,000000E+0	0,000000E+0	0,000000E+0	1,022000E+3	11,900000E+0
924	14,000000E+0	0,000000E+0	0,000000E+0	1,022000E+3	11,900000E+0
925	14,000000E+0	0,000000E+0	0,000000E+0	1,022000E+3	11,900000E+0
926	14,000000E+0	0,000000E+0	0,000000E+0	1,022000E+3	11,900000E+0
927	7,000000E+0	0,000000E+0	0,000000E+0	1,023000E+3	11,900000E+0
928	7,000000E+0	0,000000E+0	0,000000E+0	1,023000E+3	11,900000E+0
929	7,000000E+0	0,000000E+0	0,000000E+0	1,023000E+3	11,900000E+0
930	7,000000E+0	0,000000E+0	0,000000E+0	1,023000E+3	11,900000E+0
931	7,000000E+0	0,000000E+0	0,000000E+0	1,023000E+3	11,900000E+0
932	7,000000E+0	0,000000E+0	0,000000E+0	1,023000E+3	11,900000E+0
933	7,000000E+0	0,000000E+0	0,000000E+0	1,023000E+3	11,900000E+0
934	7,000000E+0	0,000000E+0	0,000000E+0	1,023000E+3	11,900000E+0
935	7,000000E+0	0,000000E+0	0,000000E+0	1,023000E+3	11,900000E+0
936	7,000000E+0	0,000000E+0	0,000000E+0	1,023000E+3	11,900000E+0
937	7,000000E+0	0,000000E+0	0,000000E+0	1,023000E+3	11,900000E+0
938	7,000000E+0	0,000000E+0	0,000000E+0	1,023000E+3	11,900000E+0
939	7,000000E+0	0,000000E+0	0,000000E+0	1,023000E+3	11,900000E+0
940	7,000000E+0	0,000000E+0	0,000000E+0	1,023000E+3	11,900000E+0
941	7,000000E+0	0,000000E+0	0,000000E+0	1,023000E+3	11,900000E+0
942	7,000000E+0	0,000000E+0	0,000000E+0	1,023000E+3	11,900000E+0
943	14,000000E+0	5,380000E+0	-229,000000E-3	1,022000E+3	11,900000E+0
944	14,000000E+0	5,380000E+0	-229,000000E-3	1,022000E+3	11,900000E+0
945	14,000000E+0	5,380000E+0	-229,000000E-3	1,022000E+3	11,900000E+0
946	14,000000E+0	5,380000E+0	-229,000000E-3	1,022000E+3	11,900000E+0
947	14,000000E+0	2,690000E+0	-229,000000E-3	1,022000E+3	11,900000E+0
948	14,000000E+0	2,690000E+0	-229,000000E-3	1,022000E+3	11,900000E+0
949	14,000000E+0	2,690000E+0	-229,000000E-3	1,022000E+3	11,900000E+0
950	14,000000E+0	2,690000E+0	-229,000000E-3	1,022000E+3	11,900000E+0
951	7,000000E+0	0,000000E+0	0,000000E+0	1,022000E+3	11,900000E+0
952	7,000000E+0	0,000000E+0	0,000000E+0	1,022000E+3	11,900000E+0
953	7,000000E+0	0,000000E+0	0,000000E+0	1,022000E+3	11,900000E+0
954	7,000000E+0	0,000000E+0	0,000000E+0	1,022000E+3	11,900000E+0
955	7,000000E+0	0,000000E+0	0,000000E+0	1,023000E+3	11,900000E+0
956	7,000000E+0	0,000000E+0	0,000000E+0	1,023000E+3	11,900000E+0
957	7,000000E+0	0,000000E+0	0,000000E+0	1,023000E+3	11,900000E+0
958	7,000000E+0	0,000000E+0	0,000000E+0	1,023000E+3	11,900000E+0
959	7,000000E+0	0,000000E+0	0,000000E+0	1,023000E+3	11,900000E+0
960	7,000000E+0	0,000000E+0	0,000000E+0	1,023000E+3	11,900000E+0
961	7,000000E+0	0,000000E+0	0,000000E+0	1,023000E+3	11,900000E+0
962	7,000000E+0	0,000000E+0	0,000000E+0	1,023000E+3	11,900000E+0
963	7,000000E+0	0,000000E+0	0,000000E+0	1,022000E+3	11,900000E+0
964	7,000000E+0	0,000000E+0	0,000000E+0	1,022000E+3	11,900000E+0
965	7,000000E+0	0,000000E+0	0,000000E+0	1,022000E+3	11,900000E+0
966	7,000000E+0	0,000000E+0	0,000000E+0	1,022000E+3	11,900000E+0
967	14,000000E+0	0,000000E+0	0,000000E+0	1,023000E+3	11,900000E+0
968	14,000000E+0	0,000000E+0	0,000000E+0	1,023000E+3	11,900000E+0
969	14,000000E+0	0,000000E+0	0,000000E+0	1,023000E+3	11,900000E+0
970	14,000000E+0	0,000000E+0	0,000000E+0	1,023000E+3	11,900000E+0
971	7,000000E+0	0,000000E+0	0,000000E+0	1,023000E+3	11,900000E+0
972	7,000000E+0	0,000000E+0	0,000000E+0	1,023000E+3	11,900000E+0
973	7,000000E+0	0,000000E+0	0,000000E+0	1,023000E+3	11,900000E+0
974	7,000000E+0	0,000000E+0	0,000000E+0	1,023000E+3	11,900000E+0
975	7,000000E+0	0,000000E+0	0,000000E+0	1,023000E+3	11,900000E+0
976	7,000000E+0	0,000000E+0	0,000000E+0	1,023000E+3	11,900000E+0
977	7,000000E+0	0,000000E+0	0,000000E+0	1,023000E+3	11,900000E+0
978	7,000000E+0	0,000000E+0	0,000000E+0	1,023000E+3	11,900000E+0
979	7,000000E+0	0,000000E+0	0,000000E+0	1,023000E+3	11,900000E+0
980	7,000000E+0	0,000000E+0	0,000000E+0	1,023000E+3	11,900000E+0
981	7,000000E+0	0,000000E+0	0,000000E+0	1,023000E+3	11,900000E+0
982	7,000000E+0	0,000000E+0	0,000000E+0	1,023000E+3	11,900000E+0
983	7,000000E+0	0,000000E+0	0,000000E+0	1,024000E+3	11,900000E+0
984	7,000000E+0	0,000000E+0	0,000000E+0	1,024000E+3	11,900000E+0
985	7,000000E+0	0,000000E+0	0,000000E+0	1,024000E+3	11,900000E+0
986	7,000000E+0	0,000000E+0	0,000000E+0	1,024000E+3	11,900000E+0
987	14,000000E+0	5,380000E+0	-687,000000E-3	1,022000E+3	11,900000E+0
988	14,000000E+0	5,380000E+0	-687,000000E-3	1,022000E+3	11,900000E+0
989	14,000000E+0	5,380000E+0	-687,000000E-3	1,022000E+3	11,900000E+0
990	14,000000E+0	5,380000E+0	-687,000000E-3	1,022000E+3	11,900000E+0
991	14,000000E+0	10,760000E+0	-229,000000E-3	1,022000E+3	11,900000E+0
992	14,000000E+0	10,760000E+0	-229,000000E-3	1,022000E+3	11,900000E+0
993	14,000000E+0	10,760000E+0	-229,000000E-3	1,022000E+3	11,900000E+0
994	14,000000E+0	10,760000E+0	-229,000000E-3	1,022000E+3	11,900000E+0
995	14,000000E+0	13,450000E+0	0,000000E+0	1,022000E+3	11,900000E+0
996	14,000000E+0	13,450000E+0	0,000000E+0	1,022000E+3	11,900000E+0
997	14,000000E+0	13,450000E+0	0,000000E+0	1,022000E+3	11,900000E+0
998	14,000000E+0	13,450000E+0	0,000000E+0	1,022000E+3	11,900000E+0
999	0,000000E+0	0,000000E+0	229,000000E-3	1,024000E+3	11,900000E+0
1000	0,000000E+0	0,000000E+0	229,000000E-3	1,024000E+3	11,900000E+0
1001	0,000000E+0	0,000000E+0	229,000000E-3	1,024000E+3	11,900000E+0
1002	0,000000E+0	0,000000E+0	229,000000E-3	1,024000E+3	11,900000E+0
1003	0,000000E+0	0,000000E+0	687,000000E-3	1,024000E+3	11,900000E+0
1004	0,000000E+0	0,000000E+0	687,000000E-3	1,024000E+3	11,900000E+0
1005	0,000000E+0	0,000000E+0	687,000000E-3	1,024000E+3	11,900000E+0
1006	0,000000E+0	0,000000E+0	687,000000E-3	1,024000E+3	11,900000E+0
1007	14,000000E+0	0,000000E+0	458,000000E-3	1,022000E+3	11,900000E+0
1008	14,000000E+0	0,000000E+0	458,000000E-3	1,022000E+3	11,900000E+0
1009	14,000000E+0	0,000000E+0	458,000000E-3	1,022000E+3	11,900000E+0
1010	14,000000E+0	0,000000E+0	458,000000E-3	1,022000E+3	11,900000E+0
1011	7,000000E+0	0,000000E+0	458,000000E-3	1,023000E+3	11,900000E+0
1012	7,000000E+0	0,000000E+0	458,000000E-3	1,023000E+3	11,900000E+0
1013	7,000000E+0	0,000000E+0	458,000000E-3	1,023000E+3	11,900000E+0
1014	7,000000E+0	0,000000E+0	458,000000E-3	1,023000E+3	11,900000E+0
1015	14,000000E+0	2,690000E+0	229,000000E-3	1,022000E+3	11,900000E+0
1016	14,000000E+0	2,690000E+0	229,000000E-3	1,022000E+3	11,900000E+0
1017	14,000000E+0	2,690000E+0	229,000000E-3	1,022000E+3	11,900000E+0
1018	14,000000E+0	2,690000E+0	229,000000E-3	1,022000E+3	11,900000E+0
1019	7,000000E+0	0,000000E+0	0,000000E+0	1,023000E+3	11,900000E+0
1020	7,000000E+0	0,000000E+0	0,000000E+0	1,023000E+3	11,900000E+0
1021	7,000000E+0	0,000000E+0	0,000000E+0	1,023000E+3	11,900000E+0
1022	7,000000E+0	0,000000E+0	0,000000E+0	1,023000E+3	11,900000E+0
1023	7,000000E+0	0,000000E+0	0,000000E+0	1,023000E+3	11,900000E+0
1024	7,000000E+0	0,000000E+0	0,000000E+0	1,023000E+3	11,900000E+0
1025	7,000000E+0	0,000000E+0	0,000000E+0	1,023000E+3	11,900000E+0
1026	7,000000E+0	0,000000E+0	0,000000E+0	1,023000E+3	11,900000E+0
1027	7,000000E+0	0,000000E+0	0,000000E+0	1,023000E+3	11,900000E+0
1028	7,000000E+0	0,000000E+0	0,000000E+0	1,023000E+3	11,900000E+0
1029	7,000000E+0	0,000000E+0	0,000000E+0	1,023000E+3	11,900000E+0
1030	7,000000E+0	0,000000E+0	0,000000E+0	1,023000E+3	11,900000E+0
1031	7,000000E+0	0,000000E+0	0,000000E+0	1,023000E+3	11,900000E+0
1032	7,000000E+0	0,000000E+0	0,000000E+0	1,023000E+3	11,900000E+0
1033	7,000000E+0	0,000000E+0	0,000000E+0	1,023000E+3	11,900000E+0
1034	7,000000E+0	0,000000E+0	0,000000E+0	1,023000E+3	11,900000E+0
1035	7,000000E+0	0,000000E+0	0,000000E+0	1,023000E+3	11,900000E+0
1036	7,000000E+0	0,000000E+0	0,000000E+0	1,023000E+3	11,900000E+0
1037	7,000000E+0	0,000000E+0	0,000000E+0	1,023000E+3	11,900000E+0
1038	7,000000E+0	0,000000E+0	0,000000E+0	1,023000E+3	11,900000E+0
1039	14,000000E+0	5,380000E+0	0,000000E+0	1,023000E+3	11,900000E+0
1040	14,000000E+0	5,380000E+0	0,000000E+0	1,023000E+3	11,900000E+0
1041	14,000000E+0	5,380000E+0	0,000000E+0	1,023000E+3	11,900000E+0
1042	14,000000E+0	5,380000E+0	0,000000E+0	1,023000E+3	11,900000E+0
1043	14,000000E+0	5,380000E+0	-229,000000E-3	1,022000E+3	11,900000E+0
1044	14,000000E+0	5,380000E+0	-229,000000E-3	1,022000E+3	11,900000E+0
1045	14,000000E+0	5,380000E+0	-229,000000E-3	1,022000E+3	11,900000E+0
1046	14,000000E+0	5,380000E+0	-229,000000E-3	1,022000E+3	11,900000E+0
1047	14,000000E+0	0,000000E+0	0,000000E+0	1,022000E+3	11,900000E+0
1048	14,000000E+0	0,000000E+0	0,000000E+0	1,022000E+3	11,900000E+0
1049	14,000000E+0	0,000000E+0	0,000000E+0	1,022000E+3	11,900000E+0
1050	14,000000E+0	0,000000E+0	0,000000E+0	1,022000E+3	11,900000E+0
1051	7,000000E+0	0,000000E+0	0,000000E+0	1,022000E+3	11,900000E+0
1052	7,000000E+0	0,000000E+0	0,000000E+0	1,022000E+3	11,900000E+0
1053	7,000000E+0	0,000000E+0	0,000000E+0	1,022000E+3	11,900000E+0
1054	7,000000E+0	0,000000E+0	0,000000E+0	1,022000E+3	11,900000E+0
1055	7,000000E+0	0,000000E+0	0,000000E+0	1,023000E+3	11,900000E+0
1056	7,000000E+0	0,000000E+0	0,000000E+0	1,023000E+3	11,900000E+0
1057	7,000000E+0	0,000000E+0	0,000000E+0	1,023000E+3	11,900000E+0
1058	7,000000E+0	0,000000E+0	0,000000E+0	1,023000E+3	11,900000E+0
1059	7,000000E+0	0,000000E+0	0,000000E+0	1,023000E+3	11,900000E+0
1060	7,000000E+0	0,000000E+0	0,000000E+0	1,023000E+3	11,900000E+0
1061	7,000000E+0	0,000000E+0	0,000000E+0	1,023000E+3	11,900000E+0
1062	7,000000E+0	0,000000E+0	0,000000E+0	1,023000E+3	11,900000E+0
1063	7,000000E+0	0,000000E+0	0,000000E+0	1,023000E+3	11,900000E+0
1064	7,000000E+0	0,000000E+0	0,000000E+0	1,023000E+3	11,900000E+0
1065	7,000000E+0	0,000000E+0	0,000000E+0	1,023000E+3	11,900000E+0
1066	7,000000E+0	0,000000E+0	0,000000E+0	1,023000E+3	11,900000E+0
1067	14,000000E+0	0,000000E+0	0,000000E+0	1,023000E+3	11,900000E+0
1068	14,000000E+0	0,000000E+0	0,000000E+0	1,023000E+3	11,900000E+0
1069	14,000000E+0	0,000000E+0	0,000000E+0	1,023000E+3	11,900000E+0
1070	14,000000E+0	0,000000E+0	0,000000E+0	1,023000E+3	11,900000E+0
1071	7,000000E+0	0,000000E+0	0,000000E+0	1,023000E+3	11,900000E+0
1072	7,000000E+0	0,000000E+0	0,000000E+0	1,023000E+3	11,900000E+0
1073	7,000000E+0	0,000000E+0	0,000000E+0	1,023000E+3	11,900000E+0
1074	7,000000E+0	0,000000E+0	0,000000E+0	1,023000E+3	11,900000E+0
1075	14,000000E+0	0,000000E+0	0,000000E+0	1,022000E+3	11,900000E+0
1076	14,000000E+0	0,000000E+0	0,000000E+0	1,022000E+3	11,900000E+0
1077	14,000000E+0	0,000000E+0	0,000000E+0	1,022000E+3	11,900000E+0
1078	14,000000E+0	0,000000E+0	0,000000E+0	1,022000E+3	11,900000E+0
1079	7,000000E+0	0,000000E+0	0,000000E+0	1,023000E+3	11,900000E+0
1080	7,000000E+0	0,000000E+0	0,000000E+0	1,023000E+3	11,900000E+0
1081	7,000000E+0	0,000000E+0	0,000000E+0	1,023000E+3	11,900000E+0
1082	7,000000E+0	0,000000E+0	0,000000E+0	1,023000E+3	11,900000E+0
1083	0,000000E+0	0,000000E+0	0,000000E+0	1,024000E+3	11,900000E+0
1084	0,000000E+0	0,000000E+0	0,000000E+0	1,024000E+3	11,900000E+0
1085	0,000000E+0	0,000000E+0	0,000000E+0	1,024000E+3	11,900000E+0
1086	0,000000E+0	0,000000E+0	0,000000E+0	1,024000E+3	11,900000E+0
1087	21,000000E+0	16,140000E+0	-916,000000E-3	261,629000E+3	3,046400E+3
1088	21,000000E+0	16,140000E+0	-916,000000E-3	261,629000E+3	3,046400E+3
1089	21,000000E+0	16,140000E+0	-916,000000E-3	261,629000E+3	3,046400E+3
1090	21,000000E+0	16,140000E+0	-916,000000E-3	261,629000E+3	3,046400E+3
1091	14,000000E+0	2,690000E+0	0,000000E+0	1,022000E+3	11,900000E+0
1092	14,000000E+0	2,690000E+0	0,000000E+0	1,022000E+3	11,900000E+0
1093	14,000000E+0	2,690000E+0	0,000000E+0	1,022000E+3	11,900000E+0
1094	14,000000E+0	2,690000E+0	0,000000E+0	1,022000E+3	11,900000E+0
1095	14,000000E+0	8,070000E+0	0,000000E+0	1,022000E+3	11,900000E+0
1096	14,000000E+0	8,070000E+0	0,000000E+0	1,022000E+3	11,900000E+0
1097	14,000000E+0	8,070000E+0	0,000000E+0	1,022000E+3	11,900000E+0
1098	14,000000E+0	8,070000E+0	0,000000E+0	1,022000E+3	11,900000E+0
1099	65,528000E+3	0,000000E+0	229,000000E-3	1,025000E+3	11,900000E+0
1100	65,528000E+3	0,000000E+0	229,000000E-3	1,025000E+3	11,900000E+0
1101	65,528000E+3	0,000000E+0	229,000000E-3	1,025000E+3	11,900000E+0
1102	65,528000E+3	0,000000E+0	229,000000E-3	1,025000E+3	11,900000E+0
1103	7,000000E+0	0,000000E+0	687,000000E-3	1,024000E+3	11,900000E+0
1104	7,000000E+0	0,000000E+0	687,000000E-3	1,024000E+3	11,900000E+0
1105	7,000000E+0	0,000000E+0	687,000000E-3	1,024000E+3	11,900000E+0
1106	7,000000E+0	0,000000E+0	687,000000E-3	1,024000E+3	11,900000E+0
1107	14,000000E+0	0,000000E+0	229,000000E-3	1,022000E+3	11,900000E+0
1108	14,000000E+0	0,000000E+0	229,000000E-3	1,022000E+3	11,900000E+0
1109	14,000000E+0	0,000000E+0	229,000000E-3	1,022000E+3	11,900000E+0
1110	14,000000E+0	0,000000E+0	229,000000E-3	1,022000E+3	11,900000E+0
1111	0,000000E+0	0,000000E+0	458,000000E-3	1,023000E+3	11,900000E+0
1112	0,000000E+0	0,000000E+0	458,000000E-3	1,023000E+3	11,900000E+0
1113	0,000000E+0	0,000000E+0	458,000000E-3	1,023000E+3	11,900000E+0
1114	0,000000E+0	0,000000E+0	458,000000E-3	1,023000E+3	11,900000E+0
1115	14,000000E+0	2,690000E+0	0,000000E+0	1,022000E+3	11,900000E+0
1116	14,000000E+0	2,690000E+0	0,000000E+0	1,022000E+3	11,900000E+0
1117	14,000000E+0	2,690000E+0	0,000000E+0	1,022000E+3	11,900000E+0
1118	14,000000E+0	2,690000E+0	0,000000E+0	1,022000E+3	11,900000E+0
1119	7,000000E+0	0,000000E+0	0,000000E+0	1,022000E+3	11,900000E+0
1120	7,000000E+0	0,000000E+0	0,000000E+0	1,022000E+3	11,900000E+0
1121	7,000000E+0	0,000000E+0	0,000000E+0	1,022000E+3	11,900000E+0
1122	7,000000E+0	0,000000E+0	0,000000E+0	1,022000E+3	11,900000E+0
1123	14,000000E+0	0,000000E+0	0,000000E+0	1,023000E+3	11,900000E+0
1124	14,000000E+0	0,000000E+0	0,000000E+0	1,023000E+3	11,900000E+0
1125	14,000000E+0	0,000000E+0	0,000000E+0	1,023000E+3	11,900000E+0
1126	14,000000E+0	0,000000E+0	0,000000E+0	1,023000E+3	11,900000E+0
1127	7,000000E+0	0,000000E+0	0,000000E+0	1,023000E+3	11,900000E+0
1128	7,000000E+0	0,000000E+0	0,000000E+0	1,023000E+3	11,900000E+0
1129	7,000000E+0	0,000000E+0	0,000000E+0	1,023000E+3	11,900000E+0
1130	7,000000E+0	0,000000E+0	0,000000E+0	1,023000E+3	11,900000E+0
1131	7,000000E+0	0,000000E+0	0,000000E+0	1,023000E+3	11,900000E+0
1132	7,000000E+0	0,000000E+0	0,000000E+0	1,023000E+3	11,900000E+0
1133	7,000000E+0	0,000000E+0	0,000000E+0	1,023000E+3	11,900000E+0
1134	7,000000E+0	0,000000E+0	0,000000E+0	1,023000E+3	11,900000E+0
1135	7,000000E+0	0,000000E+0	0,000000E+0	1,023000E+3	11,900000E+0
1136	7,000000E+0	0,000000E+0	0,000000E+0	1,023000E+3	11,900000E+0
1137	7,000000E+0	0,000000E+0	0,000000E+0	1,023000E+3	11,900000E+0
1138	7,000000E+0	0,000000E+0	0,000000E+0	1,023000E+3	11,900000E+0
1139	14,000000E+0	5,380000E+0	-229,000000E-3	1,022000E+3	11,900000E+0
1140	14,000000E+0	5,380000E+0	-229,000000E-3	1,022000E+3	11,900000E+0
1141	14,000000E+0	5,380000E+0	-229,000000E-3	1,022000E+3	11,900000E+0
1142	14,000000E+0	5,380000E+0	-229,000000E-3	1,022000E+3	11,900000E+0
1143	14,000000E+0	2,690000E+0	-229,000000E-3	1,023000E+3	11,900000E+0
1144	14,000000E+0	2,690000E+0	-229,000000E-3	1,023000E+3	11,900000E+0
1145	14,000000E+0	2,690000E+0	-229,000000E-3	1,023000E+3	11,900000E+0
1146	14,000000E+0	2,690000E+0	-229,000000E-3	1,023000E+3	11,900000E+0
1147	7,000000E+0	0,000000E+0	0,000000E+0	1,023000E+3	11,900000E+0
1148	7,000000E+0	0,000000E+0	0,000000E+0	1,023000E+3	11,900000E+0
1149	7,000000E+0	0,000000E+0	0,000000E+0	1,023000E+3	11,900000E+0
1150	7,000000E+0	0,000000E+0	0,000000E+0	1,023000E+3	11,900000E+0
1151	14,000000E+0	2,690000E+0	0,000000E+0	1,022000E+3	11,900000E+0
1152	14,000000E+0	2,690000E+0	0,000000E+0	1,022000E+3	11,900000E+0
1153	14,000000E+0	2,690000E+0	0,000000E+0	1,022000E+3	11,900000E+0
1154	14,000000E+0	2,690000E+0	0,000000E+0	1,022000E+3	11,900000E+0
1155	14,000000E+0	0,000000E+0	0,000000E+0	1,023000E+3	11,900000E+0
1156	14,000000E+0	0,000000E+0	0,000000E+0	1,023000E+3	11,900000E+0
1157	14,000000E+0	0,000000E+0	0,000000E+0	1,023000E+3	11,900000E+0
1158	14,000000E+0	0,000000E+0	0,000000E+0	1,023000E+3	11,900000E+0
1159	14,000000E+0	0,000000E+0	0,000000E+0	1,023000E+3	11,900000E+0
1160	14,000000E+0	0,000000E+0	0,000000E+0	1,023000E+3	11,900000E+0
1161	14,000000E+0	0,000000E+0	0,000000E+0	1,023000E+3	11,900000E+0
1162	14,000000E+0	0,000000E+0	0,000000E+0	1,023000E+3	11,900000E+0
1163	7,000000E+0	0,000000E+0	0,000000E+0	1,023000E+3	11,900000E+0
1164	7,000000E+0	0,000000E+0	0,000000E+0	1,023000E+3	11,900000E+0
1165	7,000000E+0	0,000000E+0	0,000000E+0	1,023000E+3	11,900000E+0
1166	7,000000E+0	0,000000E+0	0,000000E+0	1,023000E+3	11,900000E+0
1167	14,000000E+0	0,000000E+0	0,000000E+0	1,023000E+3	11,900000E+0
1168	14,000000E+0	0,000000E+0	0,000000E+0	1,023000E+3	11,900000E+0
1169	14,000000E+0	0,000000E+0	0,000000E+0	1,023000E+3	11,900000E+0
1170	14,000000E+0	0,000000E+0	0,000000E+0	1,023000E+3	11,900000E+0
1171	7,000000E+0	0,000000E+0	0,000000E+0	1,023000E+3	11,900000E+0
1172	7,000000E+0	0,000000E+0	0,000000E+0	1,023000E+3	11,900000E+0
1173	7,000000E+0	0,000000E+0	0,000000E+0	1,023000E+3	11,900000E+0
1174	7,000000E+0	0,000000E+0	0,000000E+0	1,023000E+3	11,900000E+0
1175	7,000000E+0	0,000000E+0	0,000000E+0	1,023000E+3	11,900000E+0
1176	7,000000E+0	0,000000E+0	0,000000E+0	1,023000E+3	11,900000E+0
1177	7,000000E+0	0,000000E+0	0,000000E+0	1,023000E+3	11,900000E+0
1178	7,000000E+0	0,000000E+0	0,000000E+0	1,023000E+3	11,900000E+0
1179	7,000000E+0	0,000000E+0	0,000000E+0	1,023000E+3	11,900000E+0
1180	7,000000E+0	0,000000E+0	0,000000E+0	1,023000E+3	11,900000E+0
1181	7,000000E+0	0,000000E+0	0,000000E+0	1,023000E+3	11,900000E+0
1182	7,000000E+0	0,000000E+0	0,000000E+0	1,023000E+3	11,900000E+0
1183	14,000000E+0	2,690000E+0	-687,000000E-3	1,022000E+3	11,900000E+0
1184	14,000000E+0	2,690000E+0	-687,000000E-3	1,022000E+3	11,900000E+0
1185	14,000000E+0	2,690000E+0	-687,000000E-3	1,022000E+3	11,900000E+0
1186	14,000000E+0	2,690000E+0	-687,000000E-3	1,022000E+3	11,900000E+0
1187	14,000000E+0	10,760000E+0	-229,000000E-3	1,022000E+3	11,900000E+0
1188	14,000000E+0	10,760000E+0	-229,000000E-3	1,022000E+3	11,900000E+0
1189	14,000000E+0	10,760000E+0	-229,000000E-3	1,022000E+3	11,900000E+0
1190	14,000000E+0	10,760000E+0	-229,000000E-3	1,022000E+3	11,900000E+0
1191	14,000000E+0	16,140000E+0	0,000000E+0	1,022000E+3	11,900000E+0
1192	14,000000E+0	16,140000E+0	0,000000E+0	1,022000E+3	11,900000E+0
1193	14,000000E+0	16,140000E+0	0,000000E+0	1,022000E+3	11,900000E+0
1194	14,000000E+0	16,140000E+0	0,000000E+0	1,022000E+3	11,900000E+0
1195	0,000000E+0	0,000000E+0	229,000000E-3	1,024000E+3	11,900000E+0
1196	0,000000E+0	0,000000E+0	229,000000E-3	1,024000E+3	11,900000E+0
1197	0,000000E+0	0,000000E+0	229,000000E-3	1,024000E+3	11,900000E+0
1198	0,000000E+0	0,000000E+0	229,000000E-3	1,024000E+3	11,900000E+0
1199	0,000000E+0	0,000000E+0	458,000000E-3	1,024000E+3	11,900000E+0
1200	0,000000E+0	0,000000E+0	458,000000E-3	1,024000E+3	11,900000E+0
1201	0,000000E+0	0,000000E+0	458,000000E-3	1,024000E+3	11,900000E+0
1202	0,000000E+0	0,000000E+0	458,000000E-3	1,024000E+3	11,900000E+0
1203	14,000000E+0	0,000000E+0	229,000000E-3	1,022000E+3	11,900000E+0
1204	14,000000E+0	0,000000E+0	229,000000E-3	1,022000E+3	11,900000E+0
1205	14,000000E+0	0,000000E+0	229,000000E-3	1,022000E+3	11,900000E+0
1206	14,000000E+0	0,000000E+0	229,000000E-3	1,022000E+3	11,900000E+0
1207	7,000000E+0	0,000000E+0	458,000000E-3	1,023000E+3	11,900000E+0
1208	7,000000E+0	0,000000E+0	458,000000E-3	1,023000E+3	11,900000E+0
1209	7,000000E+0	0,000000E+0	458,000000E-3	1,023000E+3	11,900000E+0
1210	7,000000E+0	0,000000E+0	458,000000E-3	1,023000E+3	11,900000E+0
1211	14,000000E+0	0,000000E+0	229,000000E-3	1,022000E+3	11,900000E+0
1212	14,000000E+0	0,000000E+0	229,000000E-3	1,022000E+3	11,900000E+0
1213	14,000000E+0	0,000000E+0	229,000000E-3	1,022000E+3	11,900000E+0
1214	14,000000E+0	0,000000E+0	229,000000E-3	1,022000E+3	11,900000E+0
1215	14,000000E+0	0,000000E+0	0,000000E+0	1,022000E+3	11,900000E+0
1216	14,000000E+0	0,000000E+0	0,000000E+0	1,022000E+3	11,900000E+0
1217	14,000000E+0	0,000000E+0	0,000000E+0	1,022000E+3	11,900000E+0
1218	14,000000E+0	0,000000E+0	0,000000E+0	1,022000E+3	11,900000E+0
1219	7,000000E+0	0,000000E+0	0,000000E+0	1,023000E+3	11,900000E+0
1220	7,000000E+0	0,000000E+0	0,000000E+0	1,023000E+3	11,900000E+0
1221	7,000000E+0	0,000000E+0	0,000000E+0	1,023000E+3	11,900000E+0
1222	7,000000E+0	0,000000E+0	0,000000E+0	1,023000E+3	11,900000E+0
1223	7,000000E+0	0,000000E+0	0,000000E+0	1,023000E+3	11,900000E+0
1224	7,000000E+0	0,000000E+0	0,000000E+0	1,023000E+3	11,900000E+0
1225	7,000000E+0	0,000000E+0	0,000000E+0	1,023000E+3	11,900000E+0
1226	7,000000E+0	0,000000E+0	0,000000E+0	1,023000E+3	11,900000E+0
1227	7,000000E+0	0,000000E+0	0,000000E+0	1,023000E+3	11,900000E+0
1228	7,000000E+0	0,000000E+0	0,000000E+0	1,023000E+3	11,900000E+0
1229	7,000000E+0	0,000000E+0	0,000000E+0	1,023000E+3	11,900000E+0
1230	7,000000E+0	0,000000E+0	0,000000E+0	1,023000E+3	11,900000E+0
1231	7,000000E+0	0,000000E+0	0,000000E+0	1,023000E+3	11,900000E+0
1232	7,000000E+0	0,000000E+0	0,000000E+0	1,023000E+3	11,900000E+0
1233	7,000000E+0	0,000000E+0	0,000000E+0	1,023000E+3	11,900000E+0
1234	7,000000E+0	0,000000E+0	0,000000E+0	1,023000E+3	11,900000E+0
1235	7,000000E+0	0,000000E+0	0,000000E+0	1,022000E+3	11,900000E+0
1236	7,000000E+0	0,000000E+0	0,000000E+0	1,022000E+3	11,900000E+0
1237	7,000000E+0	0,000000E+0	0,000000E+0	1,022000E+3	11,900000E+0
1238	7,000000E+0	0,000000E+0	0,000000E+0	1,022000E+3	11,900000E+0
1239	14,000000E+0	8,070000E+0	-229,000000E-3	1,022000E+3	11,900000E+0
1240	14,000000E+0	8,070000E+0	-229,000000E-3	1,022000E+3	11,900000E+0
1241	14,000000E+0	8,070000E+0	-229,000000E-3	1,022000E+3	11,900000E+0
1242	14,000000E+0	8,070000E+0	-229,000000E-3	1,022000E+3	11,900000E+0
1243	7,000000E+0	0,000000E+0	0,000000E+0	1,023000E+3	11,900000E+0
1244	7,000000E+0	0,000000E+0	0,000000E+0	1,023000E+3	11,900000E+0
1245	7,000000E+0	0,000000E+0	0,000000E+0	1,023000E+3	11,900000E+0
1246	7,000000E+0	0,000000E+0	0,000000E+0	1,023000E+3	11,900000E+0
1247	7,000000E+0	0,000000E+0	0,000000E+0	1,023000E+3	11,900000E+0
1248	7,000000E+0	0,000000E+0	0,000000E+0	1,023000E+3	11,900000E+0
1249	7,000000E+0	0,000000E+0	0,000000E+0	1,023000E+3	11,900000E+0
1250	7,000000E+0	0,000000E+0	0,000000E+0	1,023000E+3	11,900000E+0
1251	7,000000E+0	0,000000E+0	0,000000E+0	1,022000E+3	11,900000E+0
1252	7,000000E+0	0,000000E+0	0,000000E+0	1,022000E+3	11,900000E+0
1253	7,000000E+0	0,000000E+0	0,000000E+0	1,022000E+3	11,900000E+0
1254	7,000000E+0	0,000000E+0	0,000000E+0	1,022000E+3	11,900000E+0
1255	7,000000E+0	0,000000E+0	0,000000E+0	1,023000E+3	11,900000E+0
1256	7,000000E+0	0,000000E+0	0,000000E+0	1,023000E+3	11,900000E+0
1257	7,000000E+0	0,000000E+0	0,000000E+0	1,023000E+3	11,900000E+0
1258	7,000000E+0	0,000000E+0	0,000000E+0	1,023000E+3	11,900000E+0
1259	7,000000E+0	0,000000E+0	0,000000E+0	1,023000E+3	11,900000E+0
1260	7,000000E+0	0,000000E+0	0,000000E+0	1,023000E+3	11,900000E+0
1261	7,000000E+0	0,000000E+0	0,000000E+0	1,023000E+3	11,900000E+0
1262	7,000000E+0	0,000000E+0	0,000000E+0	1,023000E+3	11,900000E+0
1263	7,000000E+0	0,000000E+0	0,000000E+0	1,023000E+3	11,900000E+0
1264	7,000000E+0	0,000000E+0	0,000000E+0	1,023000E+3	11,900000E+0
1265	7,000000E+0	0,000000E+0	0,000000E+0	1,023000E+3	11,900000E+0
1266	7,000000E+0	0,000000E+0	0,000000E+0	1,023000E+3	11,900000E+0
1267	14,000000E+0	0,000000E+0	0,000000E+0	1,023000E+3	11,900000E+0
1268	14,000000E+0	0,000000E+0	0,000000E+0	1,023000E+3	11,900000E+0
1269	14,000000E+0	0,000000E+0	0,000000E+0	1,023000E+3	11,900000E+0
1270	14,000000E+0	0,000000E+0	0,000000E+0	1,023000E+3	11,900000E+0
1271	7,000000E+0	0,000000E+0	0,000000E+0	1,023000E+3	11,900000E+0
1272	7,000000E+0	0,000000E+0	0,000000E+0	1,023000E+3	11,900000E+0
1273	7,000000E+0	0,000000E+0	0,000000E+0	1,023000E+3	11,900000E+0
1274	7,000000E+0	0,000000E+0	0,000000E+0	1,023000E+3	11,900000E+0
1275	7,000000E+0	0,000000E+0	0,000000E+0	1,023000E+3	11,900000E+0
1276	7,000000E+0	0,000000E+0	0,000000E+0	1,023000E+3	11,900000E+0
1277	7,000000E+0	0,000000E+0	0,000000E+0	1,023000E+3	11,900000E+0
1278	7,000000E+0	0,000000E+0	0,000000E+0	1,023000E+3	11,900000E+0
1279	0,000000E+0	0,000000E+0	0,000000E+0	1,024000E+3	11,900000E+0
1280	0,000000E+0	0,000000E+0	0,000000E+0	1,024000E+3	11,900000E+0
1281	0,000000E+0	0,000000E+0	0,000000E+0	1,024000E+3	11,900000E+0
1282	0,000000E+0	0,000000E+0	0,000000E+0	1,024000E+3	11,900000E+0
1283	21,000000E+0	16,140000E+0	-916,000000E-3	261,629000E+3	3,046400E+3
1284	21,000000E+0	16,140000E+0	-916,000000E-3	261,629000E+3	3,046400E+3
1285	21,000000E+0	16,140000E+0	-916,000000E-3	261,629000E+3	3,046400E+3
1286	21,000000E+0	16,140000E+0	-916,000000E-3	261,629000E+3	3,046400E+3
1287	14,000000E+0	2,690000E+0	0,000000E+0	1,022000E+3	11,900000E+0
1288	14,000000E+0	2,690000E+0	0,000000E+0	1,022000E+3	11,900000E+0
1289	14,000000E+0	2,690000E+0	0,000000E+0	1,022000E+3	11,900000E+0
1290	14,000000E+0	2,690000E+0	0,000000E+0	1,022000E+3	11,900000E+0
1291	14,000000E+0	5,380000E+0	0,000000E+0	1,022000E+3	11,900000E+0
1292	14,000000E+0	5,380000E+0	0,000000E+0	1,022000E+3	11,900000E+0
1293	14,000000E+0	5,380000E+0	0,000000E+0	1,022000E+3	11,900000E+0
1294	14,000000E+0	5,380000E+0	0,000000E+0	1,022000E+3	11,900000E+0
1295	7,000000E+0	0,000000E+0	0,000000E+0	1,023000E+3	11,900000E+0
1296	7,000000E+0	0,000000E+0	0,000000E+0	1,023000E+3	11,900000E+0
1297	7,000000E+0	0,000000E+0	0,000000E+0	1,023000E+3	11,900000E+0
1298	7,000000E+0	0,000000E+0	0,000000E+0	1,023000E+3	11,900000E+0
1299	0,000000E+0	0,000000E+0	458,000000E-3	1,023000E+3	11,900000E+0
1300	0,000000E+0	0,000000E+0	458,000000E-3	1,023000E+3	11,900000E+0
1301	0,000000E+0	0,000000E+0	458,000000E-3	1,023000E+3	11,900000E+0
1302	0,000000E+0	0,000000E+0	458,000000E-3	1,023000E+3	11,900000E+0
1303	14,000000E+0	5,380000E+0	0,000000E+0	1,022000E+3	11,900000E+0
1304	14,000000E+0	5,380000E+0	0,000000E+0	1,022000E+3	11,900000E+0
1305	14,000000E+0	5,380000E+0	0,000000E+0	1,022000E+3	11,900000E+0
1306	14,000000E+0	5,380000E+0	0,000000E+0	1,022000E+3	11,900000E+0
1307	14,000000E+0	2,690000E+0	0,000000E+0	1,022000E+3	11,900000E+0
1308	14,000000E+0	2,690000E+0	0,000000E+0	1,022000E+3	11,900000E+0
1309	14,000000E+0	2,690000E+0	0,000000E+0	1,022000E+3	11,900000E+0
1310	14,000000E+0	2,690000E+0	0,000000E+0	1,022000E+3	11,900000E+0
1311	7,000000E+0	0,000000E+0	0,000000E+0	1,022000E+3	11,900000E+0
1312	7,000000E+0	0,000000E+0	0,000000E+0	1,022000E+3	11,900000E+0
1313	7,000000E+0	0,000000E+0	0,000000E+0	1,022000E+3	11,900000E+0
1314	7,000000E+0	0,000000E+0	0,000000E+0	1,022000E+3	11,900000E+0
1315	7,000000E+0	0,000000E+0	0,000000E+0	1,023000E+3	11,900000E+0
1316	7,000000E+0	0,000000E+0	0,000000E+0	1,023000E+3	11,900000E+0
1317	7,000000E+0	0,000000E+0	0,000000E+0	1,023000E+3	11,900000E+0
1318	7,000000E+0	0,000000E+0	0,000000E+0	1,023000E+3	11,900000E+0
1319	7,000000E+0	0,000000E+0	0,000000E+0	1,023000E+3	11,900000E+0
1320	7,000000E+0	0,000000E+0	0,000000E+0	1,023000E+3	11,900000E+0
1321	7,000000E+0	0,000000E+0	0,000000E+0	1,023000E+3	11,900000E+0
1322	7,000000E+0	0,000000E+0	0,000000E+0	1,023000E+3	11,900000E+0
1323	7,000000E+0	0,000000E+0	0,000000E+0	1,023000E+3	11,900000E+0
1324	7,000000E+0	0,000000E+0	0,000000E+0	1,023000E+3	11,900000E+0
