vendredi 22 décembre 2023	17:10:01	Sampling Period : 40  ms		
Unities: time [sample], PWM [raw], Current [mA], velocity [rev/min], Position [pulse], Present Input Voltage [V]

t	DXL_PWM		DXL_Current		DXL_Velocity		DXL_Position		DXL_Input_Voltage
0	65,528000E+3	176,286460E+3	0,000000E+0	1,026000E+3	12,000000E+0
1	65,528000E+3	176,286460E+3	0,000000E+0	1,026000E+3	12,000000E+0
2	65,528000E+3	176,286460E+3	0,000000E+0	1,026000E+3	12,000000E+0
3	0,000000E+0	0,000000E+0	0,000000E+0	1,024000E+3	12,000000E+0
4	0,000000E+0	0,000000E+0	0,000000E+0	1,024000E+3	12,000000E+0
5	0,000000E+0	0,000000E+0	0,000000E+0	1,024000E+3	12,000000E+0
6	0,000000E+0	0,000000E+0	0,000000E+0	1,024000E+3	12,000000E+0
7	28,000000E+0	18,830000E+0	-458,000000E-3	1,020000E+3	12,000000E+0
8	28,000000E+0	18,830000E+0	-458,000000E-3	1,020000E+3	12,000000E+0
9	28,000000E+0	18,830000E+0	-458,000000E-3	1,020000E+3	12,000000E+0
10	28,000000E+0	18,830000E+0	-458,000000E-3	1,020000E+3	12,000000E+0
11	7,000000E+0	0,000000E+0	0,000000E+0	1,023000E+3	11,900000E+0
12	7,000000E+0	0,000000E+0	0,000000E+0	1,023000E+3	11,900000E+0
13	7,000000E+0	0,000000E+0	0,000000E+0	1,023000E+3	11,900000E+0
14	7,000000E+0	0,000000E+0	0,000000E+0	1,023000E+3	11,900000E+0
15	65,514000E+3	0,000000E+0	229,000000E-3	1,026000E+3	11,900000E+0
16	65,514000E+3	0,000000E+0	229,000000E-3	1,026000E+3	11,900000E+0
17	65,514000E+3	0,000000E+0	229,000000E-3	1,026000E+3	11,900000E+0
18	65,514000E+3	0,000000E+0	229,000000E-3	1,026000E+3	11,900000E+0
19	21,000000E+0	5,380000E+0	-229,000000E-3	261,629000E+3	3,072000E+3
20	21,000000E+0	5,380000E+0	-229,000000E-3	261,629000E+3	3,072000E+3
21	21,000000E+0	5,380000E+0	-229,000000E-3	261,629000E+3	3,072000E+3
22	21,000000E+0	5,380000E+0	-229,000000E-3	261,629000E+3	3,072000E+3
23	0,000000E+0	0,000000E+0	0,000000E+0	1,023000E+3	11,900000E+0
24	0,000000E+0	0,000000E+0	0,000000E+0	1,023000E+3	11,900000E+0
25	0,000000E+0	0,000000E+0	0,000000E+0	1,023000E+3	11,900000E+0
26	0,000000E+0	0,000000E+0	0,000000E+0	1,023000E+3	11,900000E+0
27	0,000000E+0	0,000000E+0	0,000000E+0	1,024000E+3	12,000000E+0
28	0,000000E+0	0,000000E+0	0,000000E+0	1,024000E+3	12,000000E+0
29	0,000000E+0	0,000000E+0	0,000000E+0	1,024000E+3	12,000000E+0
30	0,000000E+0	0,000000E+0	0,000000E+0	1,024000E+3	12,000000E+0
31	65,528000E+3	2,690000E+0	0,000000E+0	1,025000E+3	12,000000E+0
32	65,528000E+3	2,690000E+0	0,000000E+0	1,025000E+3	12,000000E+0
33	65,528000E+3	2,690000E+0	0,000000E+0	1,025000E+3	12,000000E+0
34	65,528000E+3	2,690000E+0	0,000000E+0	1,025000E+3	12,000000E+0
35	7,000000E+0	0,000000E+0	-229,000000E-3	1,022000E+3	12,000000E+0
36	7,000000E+0	0,000000E+0	-229,000000E-3	1,022000E+3	12,000000E+0
37	7,000000E+0	0,000000E+0	-229,000000E-3	1,022000E+3	12,000000E+0
38	7,000000E+0	0,000000E+0	-229,000000E-3	1,022000E+3	12,000000E+0
39	65,528000E+3	0,000000E+0	0,000000E+0	1,025000E+3	12,000000E+0
40	65,528000E+3	0,000000E+0	0,000000E+0	1,025000E+3	12,000000E+0
41	65,528000E+3	0,000000E+0	0,000000E+0	1,025000E+3	12,000000E+0
42	65,528000E+3	0,000000E+0	0,000000E+0	1,025000E+3	12,000000E+0
43	7,000000E+0	0,000000E+0	-229,000000E-3	1,023000E+3	12,000000E+0
44	7,000000E+0	0,000000E+0	-229,000000E-3	1,023000E+3	12,000000E+0
45	7,000000E+0	0,000000E+0	-229,000000E-3	1,023000E+3	12,000000E+0
46	7,000000E+0	0,000000E+0	-229,000000E-3	1,023000E+3	12,000000E+0
47	65,514000E+3	176,286460E+3	229,000000E-3	1,027000E+3	12,000000E+0
48	65,514000E+3	176,286460E+3	229,000000E-3	1,027000E+3	12,000000E+0
49	65,514000E+3	176,286460E+3	229,000000E-3	1,027000E+3	12,000000E+0
50	65,514000E+3	176,286460E+3	229,000000E-3	1,027000E+3	12,000000E+0
51	65,528000E+3	0,000000E+0	0,000000E+0	1,025000E+3	12,000000E+0
52	65,528000E+3	0,000000E+0	0,000000E+0	1,025000E+3	12,000000E+0
53	65,528000E+3	0,000000E+0	0,000000E+0	1,025000E+3	12,000000E+0
54	65,528000E+3	0,000000E+0	0,000000E+0	1,025000E+3	12,000000E+0
55	65,528000E+3	176,289150E+3	0,000000E+0	1,025000E+3	12,000000E+0
56	65,528000E+3	176,289150E+3	0,000000E+0	1,025000E+3	12,000000E+0
57	65,528000E+3	176,289150E+3	0,000000E+0	1,025000E+3	12,000000E+0
58	65,528000E+3	176,289150E+3	0,000000E+0	1,025000E+3	12,000000E+0
59	14,000000E+0	0,000000E+0	-229,000000E-3	1,022000E+3	11,900000E+0
60	14,000000E+0	0,000000E+0	-229,000000E-3	1,022000E+3	11,900000E+0
61	14,000000E+0	0,000000E+0	-229,000000E-3	1,022000E+3	11,900000E+0
62	14,000000E+0	0,000000E+0	-229,000000E-3	1,022000E+3	11,900000E+0
63	35,000000E+0	26,900000E+0	-916,000000E-3	1,019000E+3	11,900000E+0
64	35,000000E+0	26,900000E+0	-916,000000E-3	1,019000E+3	11,900000E+0
65	35,000000E+0	26,900000E+0	-916,000000E-3	1,019000E+3	11,900000E+0
66	35,000000E+0	26,900000E+0	-916,000000E-3	1,019000E+3	11,900000E+0
67	21,000000E+0	16,140000E+0	-458,000000E-3	1,020000E+3	11,900000E+0
68	21,000000E+0	16,140000E+0	-458,000000E-3	1,020000E+3	11,900000E+0
69	21,000000E+0	16,140000E+0	-458,000000E-3	1,020000E+3	11,900000E+0
70	21,000000E+0	16,140000E+0	-458,000000E-3	1,020000E+3	11,900000E+0
71	7,000000E+0	2,690000E+0	0,000000E+0	1,023000E+3	12,000000E+0
72	7,000000E+0	2,690000E+0	0,000000E+0	1,023000E+3	12,000000E+0
73	7,000000E+0	2,690000E+0	0,000000E+0	1,023000E+3	12,000000E+0
74	7,000000E+0	2,690000E+0	0,000000E+0	1,023000E+3	12,000000E+0
75	65,507000E+3	176,262250E+3	458,000000E-3	1,028000E+3	12,000000E+0
76	65,507000E+3	176,262250E+3	458,000000E-3	1,028000E+3	12,000000E+0
77	65,507000E+3	176,262250E+3	458,000000E-3	1,028000E+3	12,000000E+0
78	65,507000E+3	176,262250E+3	458,000000E-3	1,028000E+3	12,000000E+0
79	65,500000E+3	176,256870E+3	1,145000E+0	1,029000E+3	12,000000E+0
80	65,500000E+3	176,256870E+3	1,145000E+0	1,029000E+3	12,000000E+0
81	65,500000E+3	176,256870E+3	1,145000E+0	1,029000E+3	12,000000E+0
82	65,500000E+3	176,256870E+3	1,145000E+0	1,029000E+3	12,000000E+0
83	65,507000E+3	176,243420E+3	916,000000E-3	1,028000E+3	12,000000E+0
84	65,507000E+3	176,243420E+3	916,000000E-3	1,028000E+3	12,000000E+0
85	65,507000E+3	176,243420E+3	916,000000E-3	1,028000E+3	12,000000E+0
86	65,507000E+3	176,243420E+3	916,000000E-3	1,028000E+3	12,000000E+0
87	65,507000E+3	176,254180E+3	458,000000E-3	1,027000E+3	12,000000E+0
88	65,507000E+3	176,254180E+3	458,000000E-3	1,027000E+3	12,000000E+0
89	65,507000E+3	176,254180E+3	458,000000E-3	1,027000E+3	12,000000E+0
90	65,507000E+3	176,254180E+3	458,000000E-3	1,027000E+3	12,000000E+0
91	7,000000E+0	176,286460E+3	-687,000000E-3	1,023000E+3	12,000000E+0
92	7,000000E+0	176,286460E+3	-687,000000E-3	1,023000E+3	12,000000E+0
93	7,000000E+0	176,286460E+3	-687,000000E-3	1,023000E+3	12,000000E+0
94	7,000000E+0	176,286460E+3	-687,000000E-3	1,023000E+3	12,000000E+0
95	28,000000E+0	29,590000E+0	-1,374000E+0	1,020000E+3	12,000000E+0
96	28,000000E+0	29,590000E+0	-1,374000E+0	1,020000E+3	12,000000E+0
97	28,000000E+0	29,590000E+0	-1,374000E+0	1,020000E+3	12,000000E+0
98	28,000000E+0	29,590000E+0	-1,374000E+0	1,020000E+3	12,000000E+0
99	0,000000E+0	0,000000E+0	0,000000E+0	1,023000E+3	12,000000E+0
100	0,000000E+0	0,000000E+0	0,000000E+0	1,023000E+3	12,000000E+0
101	0,000000E+0	0,000000E+0	0,000000E+0	1,023000E+3	12,000000E+0
102	0,000000E+0	0,000000E+0	0,000000E+0	1,023000E+3	12,000000E+0
103	65,514000E+3	176,270320E+3	458,000000E-3	1,027000E+3	12,000000E+0
104	65,514000E+3	176,270320E+3	458,000000E-3	1,027000E+3	12,000000E+0
105	65,514000E+3	176,270320E+3	458,000000E-3	1,027000E+3	12,000000E+0
106	65,514000E+3	176,270320E+3	458,000000E-3	1,027000E+3	12,000000E+0
107	65,514000E+3	176,273010E+3	458,000000E-3	1,026000E+3	12,000000E+0
108	65,514000E+3	176,273010E+3	458,000000E-3	1,026000E+3	12,000000E+0
109	65,514000E+3	176,273010E+3	458,000000E-3	1,026000E+3	12,000000E+0
110	65,514000E+3	176,273010E+3	458,000000E-3	1,026000E+3	12,000000E+0
111	65,521000E+3	176,281080E+3	0,000000E+0	1,025000E+3	12,000000E+0
112	65,521000E+3	176,281080E+3	0,000000E+0	1,025000E+3	12,000000E+0
113	65,521000E+3	176,281080E+3	0,000000E+0	1,025000E+3	12,000000E+0
114	65,521000E+3	176,281080E+3	0,000000E+0	1,025000E+3	12,000000E+0
115	65,528000E+3	176,283770E+3	0,000000E+0	1,025000E+3	12,000000E+0
116	65,528000E+3	176,283770E+3	0,000000E+0	1,025000E+3	12,000000E+0
117	65,528000E+3	176,283770E+3	0,000000E+0	1,025000E+3	12,000000E+0
118	65,528000E+3	176,283770E+3	0,000000E+0	1,025000E+3	12,000000E+0
119	65,521000E+3	176,283770E+3	0,000000E+0	1,026000E+3	12,000000E+0
120	65,521000E+3	176,283770E+3	0,000000E+0	1,026000E+3	12,000000E+0
121	65,521000E+3	176,283770E+3	0,000000E+0	1,026000E+3	12,000000E+0
122	65,521000E+3	176,283770E+3	0,000000E+0	1,026000E+3	12,000000E+0
123	65,528000E+3	176,286460E+3	0,000000E+0	1,025000E+3	12,000000E+0
124	65,528000E+3	176,286460E+3	0,000000E+0	1,025000E+3	12,000000E+0
125	65,528000E+3	176,286460E+3	0,000000E+0	1,025000E+3	12,000000E+0
126	65,528000E+3	176,286460E+3	0,000000E+0	1,025000E+3	12,000000E+0
127	65,521000E+3	176,283770E+3	0,000000E+0	1,026000E+3	12,000000E+0
128	65,521000E+3	176,283770E+3	0,000000E+0	1,026000E+3	12,000000E+0
129	65,521000E+3	176,283770E+3	0,000000E+0	1,026000E+3	12,000000E+0
130	65,521000E+3	176,283770E+3	0,000000E+0	1,026000E+3	12,000000E+0
131	65,521000E+3	176,281080E+3	0,000000E+0	1,026000E+3	12,000000E+0
132	65,521000E+3	176,281080E+3	0,000000E+0	1,026000E+3	12,000000E+0
133	65,521000E+3	176,281080E+3	0,000000E+0	1,026000E+3	12,000000E+0
134	65,521000E+3	176,281080E+3	0,000000E+0	1,026000E+3	12,000000E+0
135	65,514000E+3	176,262250E+3	687,000000E-3	1,027000E+3	12,000000E+0
136	65,514000E+3	176,262250E+3	687,000000E-3	1,027000E+3	12,000000E+0
137	65,514000E+3	176,262250E+3	687,000000E-3	1,027000E+3	12,000000E+0
138	65,514000E+3	176,262250E+3	687,000000E-3	1,027000E+3	12,000000E+0
139	65,528000E+3	176,289150E+3	0,000000E+0	1,024000E+3	12,000000E+0
140	65,528000E+3	176,289150E+3	0,000000E+0	1,024000E+3	12,000000E+0
141	65,528000E+3	176,289150E+3	0,000000E+0	1,024000E+3	12,000000E+0
142	65,528000E+3	176,289150E+3	0,000000E+0	1,024000E+3	12,000000E+0
143	28,000000E+0	34,970000E+0	-1,374000E+0	1,020000E+3	12,000000E+0
144	28,000000E+0	34,970000E+0	-1,374000E+0	1,020000E+3	12,000000E+0
145	28,000000E+0	34,970000E+0	-1,374000E+0	1,020000E+3	12,000000E+0
146	28,000000E+0	34,970000E+0	-1,374000E+0	1,020000E+3	12,000000E+0
147	28,000000E+0	43,040000E+0	-916,000000E-3	1,019000E+3	11,900000E+0
148	28,000000E+0	43,040000E+0	-916,000000E-3	1,019000E+3	11,900000E+0
149	28,000000E+0	43,040000E+0	-916,000000E-3	1,019000E+3	11,900000E+0
150	28,000000E+0	43,040000E+0	-916,000000E-3	1,019000E+3	11,900000E+0
151	28,000000E+0	21,520000E+0	-458,000000E-3	261,629000E+3	3,046400E+3
152	28,000000E+0	21,520000E+0	-458,000000E-3	261,629000E+3	3,046400E+3
153	28,000000E+0	21,520000E+0	-458,000000E-3	261,629000E+3	3,046400E+3
154	28,000000E+0	21,520000E+0	-458,000000E-3	261,629000E+3	3,046400E+3
155	65,521000E+3	176,289150E+3	0,000000E+0	1,026000E+3	12,000000E+0
156	65,521000E+3	176,289150E+3	0,000000E+0	1,026000E+3	12,000000E+0
157	65,521000E+3	176,289150E+3	0,000000E+0	1,026000E+3	12,000000E+0
158	65,521000E+3	176,289150E+3	0,000000E+0	1,026000E+3	12,000000E+0
159	65,507000E+3	176,262250E+3	916,000000E-3	1,028000E+3	12,000000E+0
160	65,507000E+3	176,262250E+3	916,000000E-3	1,028000E+3	12,000000E+0
161	65,507000E+3	176,262250E+3	916,000000E-3	1,028000E+3	12,000000E+0
162	65,507000E+3	176,262250E+3	916,000000E-3	1,028000E+3	12,000000E+0
163	65,507000E+3	176,238040E+3	1,374000E+0	1,028000E+3	12,000000E+0
164	65,507000E+3	176,238040E+3	1,374000E+0	1,028000E+3	12,000000E+0
165	65,507000E+3	176,238040E+3	1,374000E+0	1,028000E+3	12,000000E+0
166	65,507000E+3	176,238040E+3	1,374000E+0	1,028000E+3	12,000000E+0
167	65,507000E+3	176,229970E+3	916,000000E-3	1,028000E+3	12,000000E+0
168	65,507000E+3	176,229970E+3	916,000000E-3	1,028000E+3	12,000000E+0
169	65,507000E+3	176,229970E+3	916,000000E-3	1,028000E+3	12,000000E+0
170	65,507000E+3	176,229970E+3	916,000000E-3	1,028000E+3	12,000000E+0
171	65,514000E+3	176,273010E+3	229,000000E-3	1,027000E+3	12,000000E+0
172	65,514000E+3	176,273010E+3	229,000000E-3	1,027000E+3	12,000000E+0
173	65,514000E+3	176,273010E+3	229,000000E-3	1,027000E+3	12,000000E+0
174	65,514000E+3	176,273010E+3	229,000000E-3	1,027000E+3	12,000000E+0
175	28,000000E+0	34,970000E+0	-1,603000E+0	1,020000E+3	11,900000E+0
176	28,000000E+0	34,970000E+0	-1,603000E+0	1,020000E+3	11,900000E+0
177	28,000000E+0	34,970000E+0	-1,603000E+0	1,020000E+3	11,900000E+0
178	28,000000E+0	34,970000E+0	-1,603000E+0	1,020000E+3	11,900000E+0
179	21,000000E+0	10,760000E+0	-687,000000E-3	1,020000E+3	12,000000E+0
180	21,000000E+0	10,760000E+0	-687,000000E-3	1,020000E+3	12,000000E+0
181	21,000000E+0	10,760000E+0	-687,000000E-3	1,020000E+3	12,000000E+0
182	21,000000E+0	10,760000E+0	-687,000000E-3	1,020000E+3	12,000000E+0
183	65,514000E+3	176,286460E+3	229,000000E-3	1,027000E+3	12,000000E+0
184	65,514000E+3	176,286460E+3	229,000000E-3	1,027000E+3	12,000000E+0
185	65,514000E+3	176,286460E+3	229,000000E-3	1,027000E+3	12,000000E+0
186	65,514000E+3	176,286460E+3	229,000000E-3	1,027000E+3	12,000000E+0
187	65,507000E+3	176,262250E+3	916,000000E-3	1,028000E+3	12,000000E+0
188	65,507000E+3	176,262250E+3	916,000000E-3	1,028000E+3	12,000000E+0
189	65,507000E+3	176,262250E+3	916,000000E-3	1,028000E+3	12,000000E+0
190	65,507000E+3	176,262250E+3	916,000000E-3	1,028000E+3	12,000000E+0
191	65,521000E+3	176,281080E+3	0,000000E+0	1,026000E+3	12,000000E+0
192	65,521000E+3	176,281080E+3	0,000000E+0	1,026000E+3	12,000000E+0
193	65,521000E+3	176,281080E+3	0,000000E+0	1,026000E+3	12,000000E+0
194	65,521000E+3	176,281080E+3	0,000000E+0	1,026000E+3	12,000000E+0
195	65,528000E+3	176,286460E+3	0,000000E+0	1,026000E+3	12,000000E+0
196	65,528000E+3	176,286460E+3	0,000000E+0	1,026000E+3	12,000000E+0
197	65,528000E+3	176,286460E+3	0,000000E+0	1,026000E+3	12,000000E+0
198	65,528000E+3	176,286460E+3	0,000000E+0	1,026000E+3	12,000000E+0
199	65,521000E+3	176,283770E+3	0,000000E+0	1,026000E+3	12,000000E+0
200	65,521000E+3	176,283770E+3	0,000000E+0	1,026000E+3	12,000000E+0
201	65,521000E+3	176,283770E+3	0,000000E+0	1,026000E+3	12,000000E+0
202	65,521000E+3	176,283770E+3	0,000000E+0	1,026000E+3	12,000000E+0
203	65,528000E+3	176,286460E+3	0,000000E+0	1,025000E+3	12,000000E+0
204	65,528000E+3	176,286460E+3	0,000000E+0	1,025000E+3	12,000000E+0
205	65,528000E+3	176,286460E+3	0,000000E+0	1,025000E+3	12,000000E+0
206	65,528000E+3	176,286460E+3	0,000000E+0	1,025000E+3	12,000000E+0
207	65,528000E+3	176,283770E+3	0,000000E+0	1,025000E+3	12,000000E+0
208	65,528000E+3	176,283770E+3	0,000000E+0	1,025000E+3	12,000000E+0
209	65,528000E+3	176,283770E+3	0,000000E+0	1,025000E+3	12,000000E+0
210	65,528000E+3	176,283770E+3	0,000000E+0	1,025000E+3	12,000000E+0
211	65,521000E+3	176,281080E+3	0,000000E+0	1,026000E+3	12,000000E+0
212	65,521000E+3	176,281080E+3	0,000000E+0	1,026000E+3	12,000000E+0
213	65,521000E+3	176,281080E+3	0,000000E+0	1,026000E+3	12,000000E+0
214	65,521000E+3	176,281080E+3	0,000000E+0	1,026000E+3	12,000000E+0
215	65,514000E+3	176,267630E+3	687,000000E-3	1,027000E+3	12,000000E+0
216	65,514000E+3	176,267630E+3	687,000000E-3	1,027000E+3	12,000000E+0
217	65,514000E+3	176,267630E+3	687,000000E-3	1,027000E+3	12,000000E+0
218	65,514000E+3	176,267630E+3	687,000000E-3	1,027000E+3	12,000000E+0
219	0,000000E+0	176,289150E+3	0,000000E+0	1,024000E+3	11,900000E+0
220	0,000000E+0	176,289150E+3	0,000000E+0	1,024000E+3	11,900000E+0
221	0,000000E+0	176,289150E+3	0,000000E+0	1,024000E+3	11,900000E+0
222	0,000000E+0	176,289150E+3	0,000000E+0	1,024000E+3	11,900000E+0
223	35,000000E+0	40,350000E+0	-1,374000E+0	1,020000E+3	11,900000E+0
224	35,000000E+0	40,350000E+0	-1,374000E+0	1,020000E+3	11,900000E+0
225	35,000000E+0	40,350000E+0	-1,374000E+0	1,020000E+3	11,900000E+0
226	35,000000E+0	40,350000E+0	-1,374000E+0	1,020000E+3	11,900000E+0
227	28,000000E+0	45,730000E+0	-916,000000E-3	1,020000E+3	11,900000E+0
228	28,000000E+0	45,730000E+0	-916,000000E-3	1,020000E+3	11,900000E+0
229	28,000000E+0	45,730000E+0	-916,000000E-3	1,020000E+3	11,900000E+0
230	28,000000E+0	45,730000E+0	-916,000000E-3	1,020000E+3	11,900000E+0
231	21,000000E+0	21,520000E+0	-458,000000E-3	261,629000E+3	3,046400E+3
232	21,000000E+0	21,520000E+0	-458,000000E-3	261,629000E+3	3,046400E+3
233	21,000000E+0	21,520000E+0	-458,000000E-3	261,629000E+3	3,046400E+3
234	21,000000E+0	21,520000E+0	-458,000000E-3	261,629000E+3	3,046400E+3
235	65,514000E+3	176,283770E+3	0,000000E+0	1,026000E+3	12,000000E+0
236	65,514000E+3	176,283770E+3	0,000000E+0	1,026000E+3	12,000000E+0
237	65,514000E+3	176,283770E+3	0,000000E+0	1,026000E+3	12,000000E+0
238	65,514000E+3	176,283770E+3	0,000000E+0	1,026000E+3	12,000000E+0
239	65,507000E+3	176,259560E+3	916,000000E-3	1,028000E+3	12,000000E+0
240	65,507000E+3	176,259560E+3	916,000000E-3	1,028000E+3	12,000000E+0
241	65,507000E+3	176,259560E+3	916,000000E-3	1,028000E+3	12,000000E+0
242	65,507000E+3	176,259560E+3	916,000000E-3	1,028000E+3	12,000000E+0
243	65,500000E+3	176,235350E+3	1,374000E+0	1,029000E+3	11,900000E+0
244	65,500000E+3	176,235350E+3	1,374000E+0	1,029000E+3	11,900000E+0
245	65,500000E+3	176,235350E+3	1,374000E+0	1,029000E+3	11,900000E+0
246	65,500000E+3	176,235350E+3	1,374000E+0	1,029000E+3	11,900000E+0
247	65,507000E+3	176,232660E+3	916,000000E-3	1,028000E+3	12,000000E+0
248	65,507000E+3	176,232660E+3	916,000000E-3	1,028000E+3	12,000000E+0
249	65,507000E+3	176,232660E+3	916,000000E-3	1,028000E+3	12,000000E+0
250	65,507000E+3	176,232660E+3	916,000000E-3	1,028000E+3	12,000000E+0
251	65,514000E+3	176,270320E+3	229,000000E-3	1,027000E+3	12,000000E+0
252	65,514000E+3	176,270320E+3	229,000000E-3	1,027000E+3	12,000000E+0
253	65,514000E+3	176,270320E+3	229,000000E-3	1,027000E+3	12,000000E+0
254	65,514000E+3	176,270320E+3	229,000000E-3	1,027000E+3	12,000000E+0
255	28,000000E+0	37,660000E+0	-1,603000E+0	1,020000E+3	11,900000E+0
256	28,000000E+0	37,660000E+0	-1,603000E+0	1,020000E+3	11,900000E+0
257	28,000000E+0	37,660000E+0	-1,603000E+0	1,020000E+3	11,900000E+0
258	28,000000E+0	37,660000E+0	-1,603000E+0	1,020000E+3	11,900000E+0
259	21,000000E+0	13,450000E+0	-687,000000E-3	1,020000E+3	12,000000E+0
260	21,000000E+0	13,450000E+0	-687,000000E-3	1,020000E+3	12,000000E+0
261	21,000000E+0	13,450000E+0	-687,000000E-3	1,020000E+3	12,000000E+0
262	21,000000E+0	13,450000E+0	-687,000000E-3	1,020000E+3	12,000000E+0
263	65,514000E+3	176,286460E+3	0,000000E+0	1,027000E+3	12,000000E+0
264	65,514000E+3	176,286460E+3	0,000000E+0	1,027000E+3	12,000000E+0
265	65,514000E+3	176,286460E+3	0,000000E+0	1,027000E+3	12,000000E+0
266	65,514000E+3	176,286460E+3	0,000000E+0	1,027000E+3	12,000000E+0
267	65,507000E+3	176,262250E+3	916,000000E-3	1,028000E+3	12,000000E+0
268	65,507000E+3	176,262250E+3	916,000000E-3	1,028000E+3	12,000000E+0
269	65,507000E+3	176,262250E+3	916,000000E-3	1,028000E+3	12,000000E+0
270	65,507000E+3	176,262250E+3	916,000000E-3	1,028000E+3	12,000000E+0
271	65,521000E+3	176,281080E+3	0,000000E+0	1,026000E+3	12,000000E+0
272	65,521000E+3	176,281080E+3	0,000000E+0	1,026000E+3	12,000000E+0
273	65,521000E+3	176,281080E+3	0,000000E+0	1,026000E+3	12,000000E+0
274	65,521000E+3	176,281080E+3	0,000000E+0	1,026000E+3	12,000000E+0
275	65,521000E+3	176,286460E+3	0,000000E+0	1,025000E+3	12,000000E+0
276	65,521000E+3	176,286460E+3	0,000000E+0	1,025000E+3	12,000000E+0
277	65,521000E+3	176,286460E+3	0,000000E+0	1,025000E+3	12,000000E+0
278	65,521000E+3	176,286460E+3	0,000000E+0	1,025000E+3	12,000000E+0
279	65,528000E+3	176,283770E+3	0,000000E+0	1,026000E+3	12,000000E+0
280	65,528000E+3	176,283770E+3	0,000000E+0	1,026000E+3	12,000000E+0
281	65,528000E+3	176,283770E+3	0,000000E+0	1,026000E+3	12,000000E+0
282	65,528000E+3	176,283770E+3	0,000000E+0	1,026000E+3	12,000000E+0
283	65,528000E+3	176,286460E+3	0,000000E+0	1,025000E+3	12,000000E+0
284	65,528000E+3	176,286460E+3	0,000000E+0	1,025000E+3	12,000000E+0
285	65,528000E+3	176,286460E+3	0,000000E+0	1,025000E+3	12,000000E+0
286	65,528000E+3	176,286460E+3	0,000000E+0	1,025000E+3	12,000000E+0
287	65,528000E+3	176,283770E+3	0,000000E+0	1,025000E+3	12,000000E+0
288	65,528000E+3	176,283770E+3	0,000000E+0	1,025000E+3	12,000000E+0
289	65,528000E+3	176,283770E+3	0,000000E+0	1,025000E+3	12,000000E+0
290	65,528000E+3	176,283770E+3	0,000000E+0	1,025000E+3	12,000000E+0
291	65,528000E+3	176,281080E+3	0,000000E+0	1,026000E+3	12,000000E+0
292	65,528000E+3	176,281080E+3	0,000000E+0	1,026000E+3	12,000000E+0
293	65,528000E+3	176,281080E+3	0,000000E+0	1,026000E+3	12,000000E+0
294	65,528000E+3	176,281080E+3	0,000000E+0	1,026000E+3	12,000000E+0
295	65,514000E+3	176,270320E+3	687,000000E-3	1,027000E+3	12,000000E+0
296	65,514000E+3	176,270320E+3	687,000000E-3	1,027000E+3	12,000000E+0
297	65,514000E+3	176,270320E+3	687,000000E-3	1,027000E+3	12,000000E+0
298	65,514000E+3	176,270320E+3	687,000000E-3	1,027000E+3	12,000000E+0
299	0,000000E+0	176,283770E+3	0,000000E+0	1,024000E+3	12,000000E+0
300	0,000000E+0	176,283770E+3	0,000000E+0	1,024000E+3	12,000000E+0
301	0,000000E+0	176,283770E+3	0,000000E+0	1,024000E+3	12,000000E+0
302	0,000000E+0	176,283770E+3	0,000000E+0	1,024000E+3	12,000000E+0
303	35,000000E+0	40,350000E+0	-1,374000E+0	1,020000E+3	11,900000E+0
304	35,000000E+0	40,350000E+0	-1,374000E+0	1,020000E+3	11,900000E+0
305	35,000000E+0	40,350000E+0	-1,374000E+0	1,020000E+3	11,900000E+0
306	35,000000E+0	40,350000E+0	-1,374000E+0	1,020000E+3	11,900000E+0
307	28,000000E+0	43,040000E+0	-916,000000E-3	1,020000E+3	11,900000E+0
308	28,000000E+0	43,040000E+0	-916,000000E-3	1,020000E+3	11,900000E+0
309	28,000000E+0	43,040000E+0	-916,000000E-3	1,020000E+3	11,900000E+0
310	28,000000E+0	43,040000E+0	-916,000000E-3	1,020000E+3	11,900000E+0
311	28,000000E+0	21,520000E+0	-458,000000E-3	1,020000E+3	11,900000E+0
312	28,000000E+0	21,520000E+0	-458,000000E-3	1,020000E+3	11,900000E+0
313	28,000000E+0	21,520000E+0	-458,000000E-3	1,020000E+3	11,900000E+0
314	28,000000E+0	21,520000E+0	-458,000000E-3	1,020000E+3	11,900000E+0
315	65,521000E+3	0,000000E+0	0,000000E+0	1,026000E+3	12,000000E+0
316	65,521000E+3	0,000000E+0	0,000000E+0	1,026000E+3	12,000000E+0
317	65,521000E+3	0,000000E+0	0,000000E+0	1,026000E+3	12,000000E+0
318	65,521000E+3	0,000000E+0	0,000000E+0	1,026000E+3	12,000000E+0
319	65,507000E+3	176,259560E+3	916,000000E-3	1,028000E+3	11,900000E+0
320	65,507000E+3	176,259560E+3	916,000000E-3	1,028000E+3	11,900000E+0
321	65,507000E+3	176,259560E+3	916,000000E-3	1,028000E+3	11,900000E+0
322	65,507000E+3	176,259560E+3	916,000000E-3	1,028000E+3	11,900000E+0
323	65,500000E+3	176,227280E+3	1,374000E+0	1,029000E+3	12,000000E+0
324	65,500000E+3	176,227280E+3	1,374000E+0	1,029000E+3	12,000000E+0
325	65,500000E+3	176,227280E+3	1,374000E+0	1,029000E+3	12,000000E+0
326	65,500000E+3	176,227280E+3	1,374000E+0	1,029000E+3	12,000000E+0
327	65,507000E+3	176,229970E+3	916,000000E-3	1,028000E+3	11,900000E+0
328	65,507000E+3	176,229970E+3	916,000000E-3	1,028000E+3	11,900000E+0
329	65,507000E+3	176,229970E+3	916,000000E-3	1,028000E+3	11,900000E+0
330	65,507000E+3	176,229970E+3	916,000000E-3	1,028000E+3	11,900000E+0
331	65,514000E+3	176,270320E+3	229,000000E-3	1,027000E+3	12,000000E+0
332	65,514000E+3	176,270320E+3	229,000000E-3	1,027000E+3	12,000000E+0
333	65,514000E+3	176,270320E+3	229,000000E-3	1,027000E+3	12,000000E+0
334	65,514000E+3	176,270320E+3	229,000000E-3	1,027000E+3	12,000000E+0
335	28,000000E+0	40,350000E+0	-1,603000E+0	1,020000E+3	11,900000E+0
336	28,000000E+0	40,350000E+0	-1,603000E+0	1,020000E+3	11,900000E+0
337	28,000000E+0	40,350000E+0	-1,603000E+0	1,020000E+3	11,900000E+0
338	28,000000E+0	40,350000E+0	-1,603000E+0	1,020000E+3	11,900000E+0
339	21,000000E+0	13,450000E+0	-687,000000E-3	1,020000E+3	12,000000E+0
340	21,000000E+0	13,450000E+0	-687,000000E-3	1,020000E+3	12,000000E+0
341	21,000000E+0	13,450000E+0	-687,000000E-3	1,020000E+3	12,000000E+0
342	21,000000E+0	13,450000E+0	-687,000000E-3	1,020000E+3	12,000000E+0
343	65,514000E+3	176,283770E+3	0,000000E+0	1,027000E+3	12,000000E+0
344	65,514000E+3	176,283770E+3	0,000000E+0	1,027000E+3	12,000000E+0
345	65,514000E+3	176,283770E+3	0,000000E+0	1,027000E+3	12,000000E+0
346	65,514000E+3	176,283770E+3	0,000000E+0	1,027000E+3	12,000000E+0
347	65,507000E+3	176,262250E+3	1,145000E+0	1,028000E+3	12,000000E+0
348	65,507000E+3	176,262250E+3	1,145000E+0	1,028000E+3	12,000000E+0
349	65,507000E+3	176,262250E+3	1,145000E+0	1,028000E+3	12,000000E+0
350	65,507000E+3	176,262250E+3	1,145000E+0	1,028000E+3	12,000000E+0
351	65,521000E+3	176,281080E+3	0,000000E+0	1,026000E+3	12,000000E+0
352	65,521000E+3	176,281080E+3	0,000000E+0	1,026000E+3	12,000000E+0
353	65,521000E+3	176,281080E+3	0,000000E+0	1,026000E+3	12,000000E+0
354	65,521000E+3	176,281080E+3	0,000000E+0	1,026000E+3	12,000000E+0
355	65,528000E+3	176,286460E+3	0,000000E+0	1,025000E+3	12,000000E+0
356	65,528000E+3	176,286460E+3	0,000000E+0	1,025000E+3	12,000000E+0
357	65,528000E+3	176,286460E+3	0,000000E+0	1,025000E+3	12,000000E+0
358	65,528000E+3	176,286460E+3	0,000000E+0	1,025000E+3	12,000000E+0
359	65,521000E+3	176,283770E+3	0,000000E+0	1,025000E+3	12,000000E+0
360	65,521000E+3	176,283770E+3	0,000000E+0	1,025000E+3	12,000000E+0
361	65,521000E+3	176,283770E+3	0,000000E+0	1,025000E+3	12,000000E+0
362	65,521000E+3	176,283770E+3	0,000000E+0	1,025000E+3	12,000000E+0
363	65,521000E+3	176,286460E+3	0,000000E+0	1,025000E+3	12,000000E+0
364	65,521000E+3	176,286460E+3	0,000000E+0	1,025000E+3	12,000000E+0
365	65,521000E+3	176,286460E+3	0,000000E+0	1,025000E+3	12,000000E+0
366	65,521000E+3	176,286460E+3	0,000000E+0	1,025000E+3	12,000000E+0
367	65,528000E+3	176,286460E+3	0,000000E+0	1,025000E+3	12,000000E+0
368	65,528000E+3	176,286460E+3	0,000000E+0	1,025000E+3	12,000000E+0
369	65,528000E+3	176,286460E+3	0,000000E+0	1,025000E+3	12,000000E+0
370	65,528000E+3	176,286460E+3	0,000000E+0	1,025000E+3	12,000000E+0
371	65,521000E+3	176,281080E+3	0,000000E+0	1,026000E+3	12,000000E+0
372	65,521000E+3	176,281080E+3	0,000000E+0	1,026000E+3	12,000000E+0
373	65,521000E+3	176,281080E+3	0,000000E+0	1,026000E+3	12,000000E+0
374	65,521000E+3	176,281080E+3	0,000000E+0	1,026000E+3	12,000000E+0
375	65,514000E+3	176,267630E+3	687,000000E-3	1,027000E+3	12,000000E+0
376	65,514000E+3	176,267630E+3	687,000000E-3	1,027000E+3	12,000000E+0
377	65,514000E+3	176,267630E+3	687,000000E-3	1,027000E+3	12,000000E+0
378	65,514000E+3	176,267630E+3	687,000000E-3	1,027000E+3	12,000000E+0
379	0,000000E+0	176,289150E+3	0,000000E+0	1,024000E+3	11,900000E+0
380	0,000000E+0	176,289150E+3	0,000000E+0	1,024000E+3	11,900000E+0
381	0,000000E+0	176,289150E+3	0,000000E+0	1,024000E+3	11,900000E+0
382	0,000000E+0	176,289150E+3	0,000000E+0	1,024000E+3	11,900000E+0
383	28,000000E+0	34,970000E+0	-1,374000E+0	1,020000E+3	11,900000E+0
384	28,000000E+0	34,970000E+0	-1,374000E+0	1,020000E+3	11,900000E+0
385	28,000000E+0	34,970000E+0	-1,374000E+0	1,020000E+3	11,900000E+0
386	28,000000E+0	34,970000E+0	-1,374000E+0	1,020000E+3	11,900000E+0
387	28,000000E+0	48,420000E+0	-916,000000E-3	1,020000E+3	11,900000E+0
388	28,000000E+0	48,420000E+0	-916,000000E-3	1,020000E+3	11,900000E+0
389	28,000000E+0	48,420000E+0	-916,000000E-3	1,020000E+3	11,900000E+0
390	28,000000E+0	48,420000E+0	-916,000000E-3	1,020000E+3	11,900000E+0
391	28,000000E+0	21,520000E+0	-458,000000E-3	1,020000E+3	11,900000E+0
392	28,000000E+0	21,520000E+0	-458,000000E-3	1,020000E+3	11,900000E+0
393	28,000000E+0	21,520000E+0	-458,000000E-3	1,020000E+3	11,900000E+0
394	28,000000E+0	21,520000E+0	-458,000000E-3	1,020000E+3	11,900000E+0
395	65,521000E+3	0,000000E+0	0,000000E+0	1,026000E+3	12,000000E+0
396	65,521000E+3	0,000000E+0	0,000000E+0	1,026000E+3	12,000000E+0
397	65,521000E+3	0,000000E+0	0,000000E+0	1,026000E+3	12,000000E+0
398	65,521000E+3	0,000000E+0	0,000000E+0	1,026000E+3	12,000000E+0
399	65,507000E+3	176,259560E+3	916,000000E-3	1,028000E+3	12,000000E+0
400	65,507000E+3	176,259560E+3	916,000000E-3	1,028000E+3	12,000000E+0
401	65,507000E+3	176,259560E+3	916,000000E-3	1,028000E+3	12,000000E+0
402	65,507000E+3	176,259560E+3	916,000000E-3	1,028000E+3	12,000000E+0
403	65,500000E+3	176,229970E+3	1,374000E+0	1,029000E+3	12,000000E+0
404	65,500000E+3	176,229970E+3	1,374000E+0	1,029000E+3	12,000000E+0
405	65,500000E+3	176,229970E+3	1,374000E+0	1,029000E+3	12,000000E+0
406	65,500000E+3	176,229970E+3	1,374000E+0	1,029000E+3	12,000000E+0
407	65,507000E+3	176,227280E+3	916,000000E-3	1,028000E+3	11,900000E+0
408	65,507000E+3	176,227280E+3	916,000000E-3	1,028000E+3	11,900000E+0
409	65,507000E+3	176,227280E+3	916,000000E-3	1,028000E+3	11,900000E+0
410	65,507000E+3	176,227280E+3	916,000000E-3	1,028000E+3	11,900000E+0
411	65,514000E+3	176,273010E+3	229,000000E-3	1,027000E+3	12,000000E+0
412	65,514000E+3	176,273010E+3	229,000000E-3	1,027000E+3	12,000000E+0
413	65,514000E+3	176,273010E+3	229,000000E-3	1,027000E+3	12,000000E+0
414	65,514000E+3	176,273010E+3	229,000000E-3	1,027000E+3	12,000000E+0
415	28,000000E+0	40,350000E+0	-1,603000E+0	1,020000E+3	11,900000E+0
416	28,000000E+0	40,350000E+0	-1,603000E+0	1,020000E+3	11,900000E+0
417	28,000000E+0	40,350000E+0	-1,603000E+0	1,020000E+3	11,900000E+0
418	28,000000E+0	40,350000E+0	-1,603000E+0	1,020000E+3	11,900000E+0
419	28,000000E+0	13,450000E+0	-687,000000E-3	1,020000E+3	12,000000E+0
420	28,000000E+0	13,450000E+0	-687,000000E-3	1,020000E+3	12,000000E+0
421	28,000000E+0	13,450000E+0	-687,000000E-3	1,020000E+3	12,000000E+0
422	28,000000E+0	13,450000E+0	-687,000000E-3	1,020000E+3	12,000000E+0
423	65,514000E+3	176,283770E+3	229,000000E-3	1,027000E+3	12,000000E+0
424	65,514000E+3	176,283770E+3	229,000000E-3	1,027000E+3	12,000000E+0
425	65,514000E+3	176,283770E+3	229,000000E-3	1,027000E+3	12,000000E+0
426	65,514000E+3	176,283770E+3	229,000000E-3	1,027000E+3	12,000000E+0
427	65,507000E+3	176,262250E+3	1,145000E+0	1,028000E+3	12,000000E+0
428	65,507000E+3	176,262250E+3	1,145000E+0	1,028000E+3	12,000000E+0
429	65,507000E+3	176,262250E+3	1,145000E+0	1,028000E+3	12,000000E+0
430	65,507000E+3	176,262250E+3	1,145000E+0	1,028000E+3	12,000000E+0
431	65,521000E+3	176,281080E+3	0,000000E+0	1,026000E+3	12,000000E+0
432	65,521000E+3	176,281080E+3	0,000000E+0	1,026000E+3	12,000000E+0
433	65,521000E+3	176,281080E+3	0,000000E+0	1,026000E+3	12,000000E+0
434	65,521000E+3	176,281080E+3	0,000000E+0	1,026000E+3	12,000000E+0
435	65,521000E+3	176,286460E+3	0,000000E+0	1,025000E+3	12,000000E+0
436	65,521000E+3	176,286460E+3	0,000000E+0	1,025000E+3	12,000000E+0
437	65,521000E+3	176,286460E+3	0,000000E+0	1,025000E+3	12,000000E+0
438	65,521000E+3	176,286460E+3	0,000000E+0	1,025000E+3	12,000000E+0
439	65,521000E+3	176,286460E+3	0,000000E+0	1,025000E+3	12,000000E+0
440	65,521000E+3	176,286460E+3	0,000000E+0	1,025000E+3	12,000000E+0
441	65,521000E+3	176,286460E+3	0,000000E+0	1,025000E+3	12,000000E+0
442	65,521000E+3	176,286460E+3	0,000000E+0	1,025000E+3	12,000000E+0
443	65,528000E+3	176,286460E+3	0,000000E+0	1,025000E+3	12,000000E+0
444	65,528000E+3	176,286460E+3	0,000000E+0	1,025000E+3	12,000000E+0
445	65,528000E+3	176,286460E+3	0,000000E+0	1,025000E+3	12,000000E+0
446	65,528000E+3	176,286460E+3	0,000000E+0	1,025000E+3	12,000000E+0
447	65,521000E+3	176,286460E+3	0,000000E+0	1,026000E+3	12,000000E+0
448	65,521000E+3	176,286460E+3	0,000000E+0	1,026000E+3	12,000000E+0
449	65,521000E+3	176,286460E+3	0,000000E+0	1,026000E+3	12,000000E+0
450	65,521000E+3	176,286460E+3	0,000000E+0	1,026000E+3	12,000000E+0
451	65,521000E+3	176,281080E+3	0,000000E+0	1,026000E+3	12,000000E+0
452	65,521000E+3	176,281080E+3	0,000000E+0	1,026000E+3	12,000000E+0
453	65,521000E+3	176,281080E+3	0,000000E+0	1,026000E+3	12,000000E+0
454	65,521000E+3	176,281080E+3	0,000000E+0	1,026000E+3	12,000000E+0
455	65,514000E+3	176,264940E+3	687,000000E-3	1,027000E+3	12,000000E+0
456	65,514000E+3	176,264940E+3	687,000000E-3	1,027000E+3	12,000000E+0
457	65,514000E+3	176,264940E+3	687,000000E-3	1,027000E+3	12,000000E+0
458	65,514000E+3	176,264940E+3	687,000000E-3	1,027000E+3	12,000000E+0
459	65,528000E+3	176,286460E+3	0,000000E+0	1,024000E+3	12,000000E+0
460	65,528000E+3	176,286460E+3	0,000000E+0	1,024000E+3	12,000000E+0
461	65,528000E+3	176,286460E+3	0,000000E+0	1,024000E+3	12,000000E+0
462	65,528000E+3	176,286460E+3	0,000000E+0	1,024000E+3	12,000000E+0
463	35,000000E+0	37,660000E+0	-1,374000E+0	1,019000E+3	11,900000E+0
464	35,000000E+0	37,660000E+0	-1,374000E+0	1,019000E+3	11,900000E+0
465	35,000000E+0	37,660000E+0	-1,374000E+0	1,019000E+3	11,900000E+0
466	35,000000E+0	37,660000E+0	-1,374000E+0	1,019000E+3	11,900000E+0
467	28,000000E+0	48,420000E+0	-916,000000E-3	1,020000E+3	11,900000E+0
468	28,000000E+0	48,420000E+0	-916,000000E-3	1,020000E+3	11,900000E+0
469	28,000000E+0	48,420000E+0	-916,000000E-3	1,020000E+3	11,900000E+0
470	28,000000E+0	48,420000E+0	-916,000000E-3	1,020000E+3	11,900000E+0
471	21,000000E+0	24,210000E+0	-458,000000E-3	1,020000E+3	11,900000E+0
472	21,000000E+0	24,210000E+0	-458,000000E-3	1,020000E+3	11,900000E+0
473	21,000000E+0	24,210000E+0	-458,000000E-3	1,020000E+3	11,900000E+0
474	21,000000E+0	24,210000E+0	-458,000000E-3	1,020000E+3	11,900000E+0
475	65,521000E+3	0,000000E+0	0,000000E+0	1,026000E+3	12,000000E+0
476	65,521000E+3	0,000000E+0	0,000000E+0	1,026000E+3	12,000000E+0
477	65,521000E+3	0,000000E+0	0,000000E+0	1,026000E+3	12,000000E+0
478	65,521000E+3	0,000000E+0	0,000000E+0	1,026000E+3	12,000000E+0
479	65,507000E+3	176,259560E+3	916,000000E-3	1,028000E+3	11,900000E+0
480	65,507000E+3	176,259560E+3	916,000000E-3	1,028000E+3	11,900000E+0
481	65,507000E+3	176,259560E+3	916,000000E-3	1,028000E+3	11,900000E+0
482	65,507000E+3	176,259560E+3	916,000000E-3	1,028000E+3	11,900000E+0
483	65,500000E+3	176,229970E+3	1,374000E+0	1,028000E+3	12,000000E+0
484	65,500000E+3	176,229970E+3	1,374000E+0	1,028000E+3	12,000000E+0
485	65,500000E+3	176,229970E+3	1,374000E+0	1,028000E+3	12,000000E+0
486	65,500000E+3	176,229970E+3	1,374000E+0	1,028000E+3	12,000000E+0
487	65,507000E+3	176,229970E+3	916,000000E-3	1,028000E+3	11,900000E+0
488	65,507000E+3	176,229970E+3	916,000000E-3	1,028000E+3	11,900000E+0
489	65,507000E+3	176,229970E+3	916,000000E-3	1,028000E+3	11,900000E+0
490	65,507000E+3	176,229970E+3	916,000000E-3	1,028000E+3	11,900000E+0
491	65,514000E+3	176,270320E+3	229,000000E-3	1,027000E+3	12,000000E+0
492	65,514000E+3	176,270320E+3	229,000000E-3	1,027000E+3	12,000000E+0
493	65,514000E+3	176,270320E+3	229,000000E-3	1,027000E+3	12,000000E+0
494	65,514000E+3	176,270320E+3	229,000000E-3	1,027000E+3	12,000000E+0
495	28,000000E+0	40,350000E+0	-1,603000E+0	1,019000E+3	11,900000E+0
496	28,000000E+0	40,350000E+0	-1,603000E+0	1,019000E+3	11,900000E+0
497	28,000000E+0	40,350000E+0	-1,603000E+0	1,019000E+3	11,900000E+0
498	28,000000E+0	40,350000E+0	-1,603000E+0	1,019000E+3	11,900000E+0
499	28,000000E+0	10,760000E+0	-687,000000E-3	1,020000E+3	12,000000E+0
500	28,000000E+0	10,760000E+0	-687,000000E-3	1,020000E+3	12,000000E+0
501	28,000000E+0	10,760000E+0	-687,000000E-3	1,020000E+3	12,000000E+0
502	28,000000E+0	10,760000E+0	-687,000000E-3	1,020000E+3	12,000000E+0
503	65,514000E+3	176,281080E+3	229,000000E-3	1,027000E+3	12,000000E+0
504	65,514000E+3	176,281080E+3	229,000000E-3	1,027000E+3	12,000000E+0
505	65,514000E+3	176,281080E+3	229,000000E-3	1,027000E+3	12,000000E+0
506	65,514000E+3	176,281080E+3	229,000000E-3	1,027000E+3	12,000000E+0
507	65,507000E+3	176,262250E+3	1,145000E+0	1,028000E+3	12,000000E+0
508	65,507000E+3	176,262250E+3	1,145000E+0	1,028000E+3	12,000000E+0
509	65,507000E+3	176,262250E+3	1,145000E+0	1,028000E+3	12,000000E+0
510	65,507000E+3	176,262250E+3	1,145000E+0	1,028000E+3	12,000000E+0
511	65,521000E+3	176,281080E+3	0,000000E+0	1,026000E+3	12,000000E+0
512	65,521000E+3	176,281080E+3	0,000000E+0	1,026000E+3	12,000000E+0
513	65,521000E+3	176,281080E+3	0,000000E+0	1,026000E+3	12,000000E+0
514	65,521000E+3	176,281080E+3	0,000000E+0	1,026000E+3	12,000000E+0
515	65,528000E+3	176,286460E+3	0,000000E+0	1,026000E+3	12,000000E+0
516	65,528000E+3	176,286460E+3	0,000000E+0	1,026000E+3	12,000000E+0
517	65,528000E+3	176,286460E+3	0,000000E+0	1,026000E+3	12,000000E+0
518	65,528000E+3	176,286460E+3	0,000000E+0	1,026000E+3	12,000000E+0
519	65,528000E+3	176,283770E+3	0,000000E+0	1,025000E+3	12,000000E+0
520	65,528000E+3	176,283770E+3	0,000000E+0	1,025000E+3	12,000000E+0
521	65,528000E+3	176,283770E+3	0,000000E+0	1,025000E+3	12,000000E+0
522	65,528000E+3	176,283770E+3	0,000000E+0	1,025000E+3	12,000000E+0
523	65,528000E+3	176,286460E+3	0,000000E+0	1,026000E+3	12,000000E+0
524	65,528000E+3	176,286460E+3	0,000000E+0	1,026000E+3	12,000000E+0
525	65,528000E+3	176,286460E+3	0,000000E+0	1,026000E+3	12,000000E+0
526	65,528000E+3	176,286460E+3	0,000000E+0	1,026000E+3	12,000000E+0
527	65,521000E+3	176,283770E+3	0,000000E+0	1,026000E+3	12,000000E+0
528	65,521000E+3	176,283770E+3	0,000000E+0	1,026000E+3	12,000000E+0
529	65,521000E+3	176,283770E+3	0,000000E+0	1,026000E+3	12,000000E+0
530	65,521000E+3	176,283770E+3	0,000000E+0	1,026000E+3	12,000000E+0
531	65,521000E+3	176,281080E+3	0,000000E+0	1,026000E+3	12,000000E+0
532	65,521000E+3	176,281080E+3	0,000000E+0	1,026000E+3	12,000000E+0
533	65,521000E+3	176,281080E+3	0,000000E+0	1,026000E+3	12,000000E+0
534	65,521000E+3	176,281080E+3	0,000000E+0	1,026000E+3	12,000000E+0
535	65,514000E+3	176,264940E+3	687,000000E-3	1,027000E+3	12,000000E+0
536	65,514000E+3	176,264940E+3	687,000000E-3	1,027000E+3	12,000000E+0
537	65,514000E+3	176,264940E+3	687,000000E-3	1,027000E+3	12,000000E+0
538	65,514000E+3	176,264940E+3	687,000000E-3	1,027000E+3	12,000000E+0
539	0,000000E+0	176,286460E+3	229,000000E-3	1,024000E+3	12,000000E+0
540	0,000000E+0	176,286460E+3	229,000000E-3	1,024000E+3	12,000000E+0
541	0,000000E+0	176,286460E+3	229,000000E-3	1,024000E+3	12,000000E+0
542	0,000000E+0	176,286460E+3	229,000000E-3	1,024000E+3	12,000000E+0
543	28,000000E+0	40,350000E+0	-1,374000E+0	1,020000E+3	12,000000E+0
544	28,000000E+0	40,350000E+0	-1,374000E+0	1,020000E+3	12,000000E+0
545	28,000000E+0	40,350000E+0	-1,374000E+0	1,020000E+3	12,000000E+0
546	28,000000E+0	40,350000E+0	-1,374000E+0	1,020000E+3	12,000000E+0
547	28,000000E+0	43,040000E+0	-916,000000E-3	1,019000E+3	11,900000E+0
548	28,000000E+0	43,040000E+0	-916,000000E-3	1,019000E+3	11,900000E+0
549	28,000000E+0	43,040000E+0	-916,000000E-3	1,019000E+3	11,900000E+0
550	28,000000E+0	43,040000E+0	-916,000000E-3	1,019000E+3	11,900000E+0
551	28,000000E+0	21,520000E+0	-458,000000E-3	1,020000E+3	11,900000E+0
552	28,000000E+0	21,520000E+0	-458,000000E-3	1,020000E+3	11,900000E+0
553	28,000000E+0	21,520000E+0	-458,000000E-3	1,020000E+3	11,900000E+0
554	28,000000E+0	21,520000E+0	-458,000000E-3	1,020000E+3	11,900000E+0
555	65,521000E+3	0,000000E+0	0,000000E+0	1,026000E+3	12,000000E+0
556	65,521000E+3	0,000000E+0	0,000000E+0	1,026000E+3	12,000000E+0
557	65,521000E+3	0,000000E+0	0,000000E+0	1,026000E+3	12,000000E+0
558	65,521000E+3	0,000000E+0	0,000000E+0	1,026000E+3	12,000000E+0
559	65,507000E+3	176,256870E+3	916,000000E-3	1,028000E+3	11,900000E+0
560	65,507000E+3	176,256870E+3	916,000000E-3	1,028000E+3	11,900000E+0
561	65,507000E+3	176,256870E+3	916,000000E-3	1,028000E+3	11,900000E+0
562	65,507000E+3	176,256870E+3	916,000000E-3	1,028000E+3	11,900000E+0
563	65,500000E+3	176,232660E+3	1,374000E+0	1,028000E+3	12,000000E+0
564	65,500000E+3	176,232660E+3	1,374000E+0	1,028000E+3	12,000000E+0
565	65,500000E+3	176,232660E+3	1,374000E+0	1,028000E+3	12,000000E+0
566	65,500000E+3	176,232660E+3	1,374000E+0	1,028000E+3	12,000000E+0
567	65,507000E+3	176,232660E+3	916,000000E-3	1,028000E+3	11,900000E+0
568	65,507000E+3	176,232660E+3	916,000000E-3	1,028000E+3	11,900000E+0
569	65,507000E+3	176,232660E+3	916,000000E-3	1,028000E+3	11,900000E+0
570	65,507000E+3	176,232660E+3	916,000000E-3	1,028000E+3	11,900000E+0
571	65,514000E+3	176,273010E+3	229,000000E-3	1,027000E+3	12,000000E+0
572	65,514000E+3	176,273010E+3	229,000000E-3	1,027000E+3	12,000000E+0
573	65,514000E+3	176,273010E+3	229,000000E-3	1,027000E+3	12,000000E+0
574	65,514000E+3	176,273010E+3	229,000000E-3	1,027000E+3	12,000000E+0
575	28,000000E+0	34,970000E+0	-1,603000E+0	1,020000E+3	11,900000E+0
576	28,000000E+0	34,970000E+0	-1,603000E+0	1,020000E+3	11,900000E+0
577	28,000000E+0	34,970000E+0	-1,603000E+0	1,020000E+3	11,900000E+0
578	28,000000E+0	34,970000E+0	-1,603000E+0	1,020000E+3	11,900000E+0
579	28,000000E+0	10,760000E+0	-687,000000E-3	1,020000E+3	12,000000E+0
580	28,000000E+0	10,760000E+0	-687,000000E-3	1,020000E+3	12,000000E+0
581	28,000000E+0	10,760000E+0	-687,000000E-3	1,020000E+3	12,000000E+0
582	28,000000E+0	10,760000E+0	-687,000000E-3	1,020000E+3	12,000000E+0
583	65,514000E+3	176,283770E+3	0,000000E+0	1,027000E+3	12,000000E+0
584	65,514000E+3	176,283770E+3	0,000000E+0	1,027000E+3	12,000000E+0
585	65,514000E+3	176,283770E+3	0,000000E+0	1,027000E+3	12,000000E+0
586	65,514000E+3	176,283770E+3	0,000000E+0	1,027000E+3	12,000000E+0
587	65,507000E+3	176,259560E+3	1,145000E+0	1,028000E+3	12,000000E+0
588	65,507000E+3	176,259560E+3	1,145000E+0	1,028000E+3	12,000000E+0
589	65,507000E+3	176,259560E+3	1,145000E+0	1,028000E+3	12,000000E+0
590	65,507000E+3	176,259560E+3	1,145000E+0	1,028000E+3	12,000000E+0
591	65,521000E+3	176,281080E+3	0,000000E+0	1,026000E+3	12,000000E+0
592	65,521000E+3	176,281080E+3	0,000000E+0	1,026000E+3	12,000000E+0
593	65,521000E+3	176,281080E+3	0,000000E+0	1,026000E+3	12,000000E+0
594	65,521000E+3	176,281080E+3	0,000000E+0	1,026000E+3	12,000000E+0
595	65,528000E+3	176,286460E+3	0,000000E+0	1,026000E+3	12,000000E+0
596	65,528000E+3	176,286460E+3	0,000000E+0	1,026000E+3	12,000000E+0
597	65,528000E+3	176,286460E+3	0,000000E+0	1,026000E+3	12,000000E+0
598	65,528000E+3	176,286460E+3	0,000000E+0	1,026000E+3	12,000000E+0
599	65,521000E+3	176,283770E+3	0,000000E+0	1,025000E+3	12,000000E+0
600	65,521000E+3	176,283770E+3	0,000000E+0	1,025000E+3	12,000000E+0
601	65,521000E+3	176,283770E+3	0,000000E+0	1,025000E+3	12,000000E+0
602	65,521000E+3	176,283770E+3	0,000000E+0	1,025000E+3	12,000000E+0
603	65,521000E+3	176,286460E+3	0,000000E+0	1,025000E+3	12,000000E+0
604	65,521000E+3	176,286460E+3	0,000000E+0	1,025000E+3	12,000000E+0
605	65,521000E+3	176,286460E+3	0,000000E+0	1,025000E+3	12,000000E+0
606	65,521000E+3	176,286460E+3	0,000000E+0	1,025000E+3	12,000000E+0
607	65,521000E+3	176,283770E+3	0,000000E+0	1,026000E+3	12,000000E+0
608	65,521000E+3	176,283770E+3	0,000000E+0	1,026000E+3	12,000000E+0
609	65,521000E+3	176,283770E+3	0,000000E+0	1,026000E+3	12,000000E+0
610	65,521000E+3	176,283770E+3	0,000000E+0	1,026000E+3	12,000000E+0
611	65,528000E+3	176,281080E+3	0,000000E+0	1,026000E+3	12,000000E+0
612	65,528000E+3	176,281080E+3	0,000000E+0	1,026000E+3	12,000000E+0
613	65,528000E+3	176,281080E+3	0,000000E+0	1,026000E+3	12,000000E+0
614	65,528000E+3	176,281080E+3	0,000000E+0	1,026000E+3	12,000000E+0
615	65,514000E+3	176,267630E+3	687,000000E-3	1,027000E+3	12,000000E+0
616	65,514000E+3	176,267630E+3	687,000000E-3	1,027000E+3	12,000000E+0
617	65,514000E+3	176,267630E+3	687,000000E-3	1,027000E+3	12,000000E+0
618	65,514000E+3	176,267630E+3	687,000000E-3	1,027000E+3	12,000000E+0
619	0,000000E+0	176,286460E+3	0,000000E+0	1,024000E+3	12,000000E+0
620	0,000000E+0	176,286460E+3	0,000000E+0	1,024000E+3	12,000000E+0
621	0,000000E+0	176,286460E+3	0,000000E+0	1,024000E+3	12,000000E+0
622	0,000000E+0	176,286460E+3	0,000000E+0	1,024000E+3	12,000000E+0
623	35,000000E+0	40,350000E+0	-1,374000E+0	1,020000E+3	11,900000E+0
624	35,000000E+0	40,350000E+0	-1,374000E+0	1,020000E+3	11,900000E+0
625	35,000000E+0	40,350000E+0	-1,374000E+0	1,020000E+3	11,900000E+0
626	35,000000E+0	40,350000E+0	-1,374000E+0	1,020000E+3	11,900000E+0
627	28,000000E+0	48,420000E+0	-916,000000E-3	1,020000E+3	11,900000E+0
628	28,000000E+0	48,420000E+0	-916,000000E-3	1,020000E+3	11,900000E+0
629	28,000000E+0	48,420000E+0	-916,000000E-3	1,020000E+3	11,900000E+0
630	28,000000E+0	48,420000E+0	-916,000000E-3	1,020000E+3	11,900000E+0
631	28,000000E+0	21,520000E+0	-458,000000E-3	1,020000E+3	11,900000E+0
632	28,000000E+0	21,520000E+0	-458,000000E-3	1,020000E+3	11,900000E+0
633	28,000000E+0	21,520000E+0	-458,000000E-3	1,020000E+3	11,900000E+0
634	28,000000E+0	21,520000E+0	-458,000000E-3	1,020000E+3	11,900000E+0
635	65,514000E+3	176,286460E+3	0,000000E+0	1,026000E+3	12,000000E+0
636	65,514000E+3	176,286460E+3	0,000000E+0	1,026000E+3	12,000000E+0
637	65,514000E+3	176,286460E+3	0,000000E+0	1,026000E+3	12,000000E+0
638	65,514000E+3	176,286460E+3	0,000000E+0	1,026000E+3	12,000000E+0
639	65,507000E+3	176,262250E+3	916,000000E-3	1,028000E+3	11,900000E+0
640	65,507000E+3	176,262250E+3	916,000000E-3	1,028000E+3	11,900000E+0
641	65,507000E+3	176,262250E+3	916,000000E-3	1,028000E+3	11,900000E+0
642	65,507000E+3	176,262250E+3	916,000000E-3	1,028000E+3	11,900000E+0
643	65,507000E+3	176,235350E+3	1,374000E+0	1,029000E+3	11,900000E+0
644	65,507000E+3	176,235350E+3	1,374000E+0	1,029000E+3	11,900000E+0
645	65,507000E+3	176,235350E+3	1,374000E+0	1,029000E+3	11,900000E+0
646	65,507000E+3	176,235350E+3	1,374000E+0	1,029000E+3	11,900000E+0
647	65,507000E+3	176,229970E+3	916,000000E-3	1,028000E+3	12,000000E+0
648	65,507000E+3	176,229970E+3	916,000000E-3	1,028000E+3	12,000000E+0
649	65,507000E+3	176,229970E+3	916,000000E-3	1,028000E+3	12,000000E+0
650	65,507000E+3	176,229970E+3	916,000000E-3	1,028000E+3	12,000000E+0
651	65,514000E+3	176,273010E+3	229,000000E-3	1,027000E+3	12,000000E+0
652	65,514000E+3	176,273010E+3	229,000000E-3	1,027000E+3	12,000000E+0
653	65,514000E+3	176,273010E+3	229,000000E-3	1,027000E+3	12,000000E+0
654	65,514000E+3	176,273010E+3	229,000000E-3	1,027000E+3	12,000000E+0
655	28,000000E+0	40,350000E+0	-1,603000E+0	1,020000E+3	11,900000E+0
656	28,000000E+0	40,350000E+0	-1,603000E+0	1,020000E+3	11,900000E+0
657	28,000000E+0	40,350000E+0	-1,603000E+0	1,020000E+3	11,900000E+0
658	28,000000E+0	40,350000E+0	-1,603000E+0	1,020000E+3	11,900000E+0
659	28,000000E+0	10,760000E+0	-687,000000E-3	1,020000E+3	12,000000E+0
660	28,000000E+0	10,760000E+0	-687,000000E-3	1,020000E+3	12,000000E+0
661	28,000000E+0	10,760000E+0	-687,000000E-3	1,020000E+3	12,000000E+0
662	28,000000E+0	10,760000E+0	-687,000000E-3	1,020000E+3	12,000000E+0
663	65,514000E+3	176,283770E+3	229,000000E-3	1,027000E+3	12,000000E+0
664	65,514000E+3	176,283770E+3	229,000000E-3	1,027000E+3	12,000000E+0
665	65,514000E+3	176,283770E+3	229,000000E-3	1,027000E+3	12,000000E+0
666	65,514000E+3	176,283770E+3	229,000000E-3	1,027000E+3	12,000000E+0
667	65,507000E+3	176,259560E+3	1,145000E+0	1,028000E+3	12,000000E+0
668	65,507000E+3	176,259560E+3	1,145000E+0	1,028000E+3	12,000000E+0
669	65,507000E+3	176,259560E+3	1,145000E+0	1,028000E+3	12,000000E+0
670	65,507000E+3	176,259560E+3	1,145000E+0	1,028000E+3	12,000000E+0
671	65,521000E+3	176,281080E+3	0,000000E+0	1,026000E+3	12,000000E+0
672	65,521000E+3	176,281080E+3	0,000000E+0	1,026000E+3	12,000000E+0
673	65,521000E+3	176,281080E+3	0,000000E+0	1,026000E+3	12,000000E+0
674	65,521000E+3	176,281080E+3	0,000000E+0	1,026000E+3	12,000000E+0
675	65,521000E+3	176,286460E+3	0,000000E+0	1,026000E+3	12,000000E+0
676	65,521000E+3	176,286460E+3	0,000000E+0	1,026000E+3	12,000000E+0
677	65,521000E+3	176,286460E+3	0,000000E+0	1,026000E+3	12,000000E+0
678	65,521000E+3	176,286460E+3	0,000000E+0	1,026000E+3	12,000000E+0
679	65,521000E+3	176,283770E+3	0,000000E+0	1,025000E+3	12,000000E+0
680	65,521000E+3	176,283770E+3	0,000000E+0	1,025000E+3	12,000000E+0
681	65,521000E+3	176,283770E+3	0,000000E+0	1,025000E+3	12,000000E+0
682	65,521000E+3	176,283770E+3	0,000000E+0	1,025000E+3	12,000000E+0
683	65,521000E+3	176,286460E+3	0,000000E+0	1,025000E+3	12,000000E+0
684	65,521000E+3	176,286460E+3	0,000000E+0	1,025000E+3	12,000000E+0
685	65,521000E+3	176,286460E+3	0,000000E+0	1,025000E+3	12,000000E+0
686	65,521000E+3	176,286460E+3	0,000000E+0	1,025000E+3	12,000000E+0
687	65,528000E+3	176,283770E+3	0,000000E+0	1,026000E+3	12,000000E+0
688	65,528000E+3	176,283770E+3	0,000000E+0	1,026000E+3	12,000000E+0
689	65,528000E+3	176,283770E+3	0,000000E+0	1,026000E+3	12,000000E+0
690	65,528000E+3	176,283770E+3	0,000000E+0	1,026000E+3	12,000000E+0
691	65,521000E+3	176,281080E+3	0,000000E+0	1,026000E+3	12,000000E+0
692	65,521000E+3	176,281080E+3	0,000000E+0	1,026000E+3	12,000000E+0
693	65,521000E+3	176,281080E+3	0,000000E+0	1,026000E+3	12,000000E+0
694	65,521000E+3	176,281080E+3	0,000000E+0	1,026000E+3	12,000000E+0
695	65,514000E+3	176,270320E+3	687,000000E-3	1,027000E+3	12,000000E+0
696	65,514000E+3	176,270320E+3	687,000000E-3	1,027000E+3	12,000000E+0
697	65,514000E+3	176,270320E+3	687,000000E-3	1,027000E+3	12,000000E+0
698	65,514000E+3	176,270320E+3	687,000000E-3	1,027000E+3	12,000000E+0
699	0,000000E+0	176,286460E+3	0,000000E+0	1,024000E+3	12,000000E+0
700	0,000000E+0	176,286460E+3	0,000000E+0	1,024000E+3	12,000000E+0
701	0,000000E+0	176,286460E+3	0,000000E+0	1,024000E+3	12,000000E+0
702	0,000000E+0	176,286460E+3	0,000000E+0	1,024000E+3	12,000000E+0
703	28,000000E+0	34,970000E+0	-1,374000E+0	1,020000E+3	12,000000E+0
704	28,000000E+0	34,970000E+0	-1,374000E+0	1,020000E+3	12,000000E+0
705	28,000000E+0	34,970000E+0	-1,374000E+0	1,020000E+3	12,000000E+0
706	28,000000E+0	34,970000E+0	-1,374000E+0	1,020000E+3	12,000000E+0
707	28,000000E+0	45,730000E+0	-916,000000E-3	1,020000E+3	11,900000E+0
708	28,000000E+0	45,730000E+0	-916,000000E-3	1,020000E+3	11,900000E+0
709	28,000000E+0	45,730000E+0	-916,000000E-3	1,020000E+3	11,900000E+0
710	28,000000E+0	45,730000E+0	-916,000000E-3	1,020000E+3	11,900000E+0
711	28,000000E+0	21,520000E+0	-458,000000E-3	261,629000E+3	3,046400E+3
712	28,000000E+0	21,520000E+0	-458,000000E-3	261,629000E+3	3,046400E+3
713	28,000000E+0	21,520000E+0	-458,000000E-3	261,629000E+3	3,046400E+3
714	28,000000E+0	21,520000E+0	-458,000000E-3	261,629000E+3	3,046400E+3
715	65,514000E+3	176,289150E+3	0,000000E+0	1,027000E+3	12,000000E+0
716	65,514000E+3	176,289150E+3	0,000000E+0	1,027000E+3	12,000000E+0
717	65,514000E+3	176,289150E+3	0,000000E+0	1,027000E+3	12,000000E+0
718	65,514000E+3	176,289150E+3	0,000000E+0	1,027000E+3	12,000000E+0
719	65,507000E+3	176,262250E+3	916,000000E-3	1,028000E+3	12,000000E+0
720	65,507000E+3	176,262250E+3	916,000000E-3	1,028000E+3	12,000000E+0
721	65,507000E+3	176,262250E+3	916,000000E-3	1,028000E+3	12,000000E+0
722	65,507000E+3	176,262250E+3	916,000000E-3	1,028000E+3	12,000000E+0
723	65,507000E+3	176,229970E+3	1,374000E+0	1,029000E+3	12,000000E+0
724	65,507000E+3	176,229970E+3	1,374000E+0	1,029000E+3	12,000000E+0
725	65,507000E+3	176,229970E+3	1,374000E+0	1,029000E+3	12,000000E+0
726	65,507000E+3	176,229970E+3	1,374000E+0	1,029000E+3	12,000000E+0
727	65,507000E+3	176,232660E+3	916,000000E-3	1,028000E+3	12,000000E+0
728	65,507000E+3	176,232660E+3	916,000000E-3	1,028000E+3	12,000000E+0
729	65,507000E+3	176,232660E+3	916,000000E-3	1,028000E+3	12,000000E+0
730	65,507000E+3	176,232660E+3	916,000000E-3	1,028000E+3	12,000000E+0
731	65,514000E+3	176,273010E+3	229,000000E-3	1,027000E+3	12,000000E+0
732	65,514000E+3	176,273010E+3	229,000000E-3	1,027000E+3	12,000000E+0
733	65,514000E+3	176,273010E+3	229,000000E-3	1,027000E+3	12,000000E+0
734	65,514000E+3	176,273010E+3	229,000000E-3	1,027000E+3	12,000000E+0
735	28,000000E+0	34,970000E+0	-1,603000E+0	1,020000E+3	11,900000E+0
736	28,000000E+0	34,970000E+0	-1,603000E+0	1,020000E+3	11,900000E+0
737	28,000000E+0	34,970000E+0	-1,603000E+0	1,020000E+3	11,900000E+0
738	28,000000E+0	34,970000E+0	-1,603000E+0	1,020000E+3	11,900000E+0
739	28,000000E+0	16,140000E+0	-687,000000E-3	261,629000E+3	3,072000E+3
740	28,000000E+0	16,140000E+0	-687,000000E-3	261,629000E+3	3,072000E+3
741	28,000000E+0	16,140000E+0	-687,000000E-3	261,629000E+3	3,072000E+3
742	28,000000E+0	16,140000E+0	-687,000000E-3	261,629000E+3	3,072000E+3
743	65,514000E+3	176,286460E+3	0,000000E+0	1,027000E+3	12,000000E+0
744	65,514000E+3	176,286460E+3	0,000000E+0	1,027000E+3	12,000000E+0
745	65,514000E+3	176,286460E+3	0,000000E+0	1,027000E+3	12,000000E+0
746	65,514000E+3	176,286460E+3	0,000000E+0	1,027000E+3	12,000000E+0
747	65,507000E+3	176,262250E+3	1,145000E+0	1,028000E+3	12,000000E+0
748	65,507000E+3	176,262250E+3	1,145000E+0	1,028000E+3	12,000000E+0
749	65,507000E+3	176,262250E+3	1,145000E+0	1,028000E+3	12,000000E+0
750	65,507000E+3	176,262250E+3	1,145000E+0	1,028000E+3	12,000000E+0
751	65,521000E+3	176,281080E+3	0,000000E+0	1,026000E+3	12,000000E+0
752	65,521000E+3	176,281080E+3	0,000000E+0	1,026000E+3	12,000000E+0
753	65,521000E+3	176,281080E+3	0,000000E+0	1,026000E+3	12,000000E+0
754	65,521000E+3	176,281080E+3	0,000000E+0	1,026000E+3	12,000000E+0
755	65,528000E+3	176,286460E+3	0,000000E+0	1,025000E+3	12,000000E+0
756	65,528000E+3	176,286460E+3	0,000000E+0	1,025000E+3	12,000000E+0
757	65,528000E+3	176,286460E+3	0,000000E+0	1,025000E+3	12,000000E+0
758	65,528000E+3	176,286460E+3	0,000000E+0	1,025000E+3	12,000000E+0
759	65,528000E+3	176,281080E+3	0,000000E+0	1,025000E+3	12,000000E+0
760	65,528000E+3	176,281080E+3	0,000000E+0	1,025000E+3	12,000000E+0
761	65,528000E+3	176,281080E+3	0,000000E+0	1,025000E+3	12,000000E+0
762	65,528000E+3	176,281080E+3	0,000000E+0	1,025000E+3	12,000000E+0
763	65,521000E+3	176,286460E+3	0,000000E+0	1,025000E+3	12,000000E+0
764	65,521000E+3	176,286460E+3	0,000000E+0	1,025000E+3	12,000000E+0
765	65,521000E+3	176,286460E+3	0,000000E+0	1,025000E+3	12,000000E+0
766	65,521000E+3	176,286460E+3	0,000000E+0	1,025000E+3	12,000000E+0
767	65,528000E+3	176,283770E+3	0,000000E+0	1,025000E+3	12,000000E+0
768	65,528000E+3	176,283770E+3	0,000000E+0	1,025000E+3	12,000000E+0
769	65,528000E+3	176,283770E+3	0,000000E+0	1,025000E+3	12,000000E+0
770	65,528000E+3	176,283770E+3	0,000000E+0	1,025000E+3	12,000000E+0
771	65,521000E+3	176,281080E+3	0,000000E+0	1,026000E+3	12,000000E+0
772	65,521000E+3	176,281080E+3	0,000000E+0	1,026000E+3	12,000000E+0
773	65,521000E+3	176,281080E+3	0,000000E+0	1,026000E+3	12,000000E+0
774	65,521000E+3	176,281080E+3	0,000000E+0	1,026000E+3	12,000000E+0
775	65,514000E+3	176,270320E+3	687,000000E-3	1,027000E+3	12,000000E+0
776	65,514000E+3	176,270320E+3	687,000000E-3	1,027000E+3	12,000000E+0
777	65,514000E+3	176,270320E+3	687,000000E-3	1,027000E+3	12,000000E+0
778	65,514000E+3	176,270320E+3	687,000000E-3	1,027000E+3	12,000000E+0
779	0,000000E+0	176,289150E+3	0,000000E+0	1,024000E+3	12,000000E+0
780	0,000000E+0	176,289150E+3	0,000000E+0	1,024000E+3	12,000000E+0
781	0,000000E+0	176,289150E+3	0,000000E+0	1,024000E+3	12,000000E+0
782	0,000000E+0	176,289150E+3	0,000000E+0	1,024000E+3	12,000000E+0
783	28,000000E+0	34,970000E+0	-1,374000E+0	1,020000E+3	11,900000E+0
784	28,000000E+0	34,970000E+0	-1,374000E+0	1,020000E+3	11,900000E+0
785	28,000000E+0	34,970000E+0	-1,374000E+0	1,020000E+3	11,900000E+0
786	28,000000E+0	34,970000E+0	-1,374000E+0	1,020000E+3	11,900000E+0
787	28,000000E+0	43,040000E+0	-916,000000E-3	1,020000E+3	11,900000E+0
788	28,000000E+0	43,040000E+0	-916,000000E-3	1,020000E+3	11,900000E+0
789	28,000000E+0	43,040000E+0	-916,000000E-3	1,020000E+3	11,900000E+0
790	28,000000E+0	43,040000E+0	-916,000000E-3	1,020000E+3	11,900000E+0
791	21,000000E+0	18,830000E+0	-458,000000E-3	261,629000E+3	3,046400E+3
792	21,000000E+0	18,830000E+0	-458,000000E-3	261,629000E+3	3,046400E+3
793	21,000000E+0	18,830000E+0	-458,000000E-3	261,629000E+3	3,046400E+3
794	21,000000E+0	18,830000E+0	-458,000000E-3	261,629000E+3	3,046400E+3
795	65,521000E+3	0,000000E+0	0,000000E+0	1,026000E+3	12,000000E+0
796	65,521000E+3	0,000000E+0	0,000000E+0	1,026000E+3	12,000000E+0
797	65,521000E+3	0,000000E+0	0,000000E+0	1,026000E+3	12,000000E+0
798	65,521000E+3	0,000000E+0	0,000000E+0	1,026000E+3	12,000000E+0
799	65,507000E+3	176,259560E+3	916,000000E-3	1,028000E+3	11,900000E+0
800	65,507000E+3	176,259560E+3	916,000000E-3	1,028000E+3	11,900000E+0
801	65,507000E+3	176,259560E+3	916,000000E-3	1,028000E+3	11,900000E+0
802	65,507000E+3	176,259560E+3	916,000000E-3	1,028000E+3	11,900000E+0
803	65,500000E+3	176,232660E+3	1,374000E+0	1,028000E+3	11,900000E+0
804	65,500000E+3	176,232660E+3	1,374000E+0	1,028000E+3	11,900000E+0
805	65,500000E+3	176,232660E+3	1,374000E+0	1,028000E+3	11,900000E+0
806	65,500000E+3	176,232660E+3	1,374000E+0	1,028000E+3	11,900000E+0
807	65,507000E+3	176,229970E+3	916,000000E-3	1,028000E+3	11,900000E+0
808	65,507000E+3	176,229970E+3	916,000000E-3	1,028000E+3	11,900000E+0
809	65,507000E+3	176,229970E+3	916,000000E-3	1,028000E+3	11,900000E+0
810	65,507000E+3	176,229970E+3	916,000000E-3	1,028000E+3	11,900000E+0
811	65,514000E+3	176,273010E+3	229,000000E-3	1,027000E+3	12,000000E+0
812	65,514000E+3	176,273010E+3	229,000000E-3	1,027000E+3	12,000000E+0
813	65,514000E+3	176,273010E+3	229,000000E-3	1,027000E+3	12,000000E+0
814	65,514000E+3	176,273010E+3	229,000000E-3	1,027000E+3	12,000000E+0
815	28,000000E+0	34,970000E+0	-1,603000E+0	1,020000E+3	12,000000E+0
816	28,000000E+0	34,970000E+0	-1,603000E+0	1,020000E+3	12,000000E+0
817	28,000000E+0	34,970000E+0	-1,603000E+0	1,020000E+3	12,000000E+0
818	28,000000E+0	34,970000E+0	-1,603000E+0	1,020000E+3	12,000000E+0
819	28,000000E+0	10,760000E+0	-687,000000E-3	1,020000E+3	12,000000E+0
820	28,000000E+0	10,760000E+0	-687,000000E-3	1,020000E+3	12,000000E+0
821	28,000000E+0	10,760000E+0	-687,000000E-3	1,020000E+3	12,000000E+0
822	28,000000E+0	10,760000E+0	-687,000000E-3	1,020000E+3	12,000000E+0
823	65,514000E+3	176,283770E+3	229,000000E-3	1,027000E+3	12,000000E+0
824	65,514000E+3	176,283770E+3	229,000000E-3	1,027000E+3	12,000000E+0
825	65,514000E+3	176,283770E+3	229,000000E-3	1,027000E+3	12,000000E+0
826	65,514000E+3	176,283770E+3	229,000000E-3	1,027000E+3	12,000000E+0
827	65,507000E+3	176,262250E+3	1,145000E+0	1,028000E+3	12,000000E+0
828	65,507000E+3	176,262250E+3	1,145000E+0	1,028000E+3	12,000000E+0
829	65,507000E+3	176,262250E+3	1,145000E+0	1,028000E+3	12,000000E+0
830	65,507000E+3	176,262250E+3	1,145000E+0	1,028000E+3	12,000000E+0
831	65,521000E+3	176,281080E+3	0,000000E+0	1,026000E+3	12,000000E+0
832	65,521000E+3	176,281080E+3	0,000000E+0	1,026000E+3	12,000000E+0
833	65,521000E+3	176,281080E+3	0,000000E+0	1,026000E+3	12,000000E+0
834	65,521000E+3	176,281080E+3	0,000000E+0	1,026000E+3	12,000000E+0
835	65,528000E+3	176,286460E+3	0,000000E+0	1,025000E+3	12,000000E+0
836	65,528000E+3	176,286460E+3	0,000000E+0	1,025000E+3	12,000000E+0
837	65,528000E+3	176,286460E+3	0,000000E+0	1,025000E+3	12,000000E+0
838	65,528000E+3	176,286460E+3	0,000000E+0	1,025000E+3	12,000000E+0
839	65,521000E+3	176,283770E+3	0,000000E+0	1,026000E+3	12,000000E+0
840	65,521000E+3	176,283770E+3	0,000000E+0	1,026000E+3	12,000000E+0
841	65,521000E+3	176,283770E+3	0,000000E+0	1,026000E+3	12,000000E+0
842	65,521000E+3	176,283770E+3	0,000000E+0	1,026000E+3	12,000000E+0
843	65,528000E+3	176,286460E+3	0,000000E+0	1,026000E+3	12,000000E+0
844	65,528000E+3	176,286460E+3	0,000000E+0	1,026000E+3	12,000000E+0
845	65,528000E+3	176,286460E+3	0,000000E+0	1,026000E+3	12,000000E+0
846	65,528000E+3	176,286460E+3	0,000000E+0	1,026000E+3	12,000000E+0
847	65,528000E+3	176,283770E+3	0,000000E+0	1,025000E+3	12,000000E+0
848	65,528000E+3	176,283770E+3	0,000000E+0	1,025000E+3	12,000000E+0
849	65,528000E+3	176,283770E+3	0,000000E+0	1,025000E+3	12,000000E+0
850	65,528000E+3	176,283770E+3	0,000000E+0	1,025000E+3	12,000000E+0
851	65,521000E+3	176,278390E+3	0,000000E+0	1,026000E+3	12,000000E+0
852	65,521000E+3	176,278390E+3	0,000000E+0	1,026000E+3	12,000000E+0
853	65,521000E+3	176,278390E+3	0,000000E+0	1,026000E+3	12,000000E+0
854	65,521000E+3	176,278390E+3	0,000000E+0	1,026000E+3	12,000000E+0
855	65,514000E+3	176,264940E+3	687,000000E-3	1,027000E+3	12,000000E+0
856	65,514000E+3	176,264940E+3	687,000000E-3	1,027000E+3	12,000000E+0
857	65,514000E+3	176,264940E+3	687,000000E-3	1,027000E+3	12,000000E+0
858	65,514000E+3	176,264940E+3	687,000000E-3	1,027000E+3	12,000000E+0
859	0,000000E+0	176,289150E+3	0,000000E+0	1,024000E+3	12,000000E+0
860	0,000000E+0	176,289150E+3	0,000000E+0	1,024000E+3	12,000000E+0
861	0,000000E+0	176,289150E+3	0,000000E+0	1,024000E+3	12,000000E+0
862	0,000000E+0	176,289150E+3	0,000000E+0	1,024000E+3	12,000000E+0
863	28,000000E+0	40,350000E+0	-1,374000E+0	1,020000E+3	12,000000E+0
864	28,000000E+0	40,350000E+0	-1,374000E+0	1,020000E+3	12,000000E+0
865	28,000000E+0	40,350000E+0	-1,374000E+0	1,020000E+3	12,000000E+0
866	28,000000E+0	40,350000E+0	-1,374000E+0	1,020000E+3	12,000000E+0
867	28,000000E+0	45,730000E+0	-916,000000E-3	1,020000E+3	11,900000E+0
868	28,000000E+0	45,730000E+0	-916,000000E-3	1,020000E+3	11,900000E+0
869	28,000000E+0	45,730000E+0	-916,000000E-3	1,020000E+3	11,900000E+0
870	28,000000E+0	45,730000E+0	-916,000000E-3	1,020000E+3	11,900000E+0
871	21,000000E+0	16,140000E+0	-458,000000E-3	1,020000E+3	11,900000E+0
872	21,000000E+0	16,140000E+0	-458,000000E-3	1,020000E+3	11,900000E+0
873	21,000000E+0	16,140000E+0	-458,000000E-3	1,020000E+3	11,900000E+0
874	21,000000E+0	16,140000E+0	-458,000000E-3	1,020000E+3	11,900000E+0
875	65,521000E+3	0,000000E+0	0,000000E+0	1,026000E+3	12,000000E+0
876	65,521000E+3	0,000000E+0	0,000000E+0	1,026000E+3	12,000000E+0
877	65,521000E+3	0,000000E+0	0,000000E+0	1,026000E+3	12,000000E+0
878	65,521000E+3	0,000000E+0	0,000000E+0	1,026000E+3	12,000000E+0
879	65,507000E+3	176,259560E+3	916,000000E-3	1,028000E+3	11,900000E+0
880	65,507000E+3	176,259560E+3	916,000000E-3	1,028000E+3	11,900000E+0
881	65,507000E+3	176,259560E+3	916,000000E-3	1,028000E+3	11,900000E+0
882	65,507000E+3	176,259560E+3	916,000000E-3	1,028000E+3	11,900000E+0
883	65,507000E+3	176,232660E+3	1,374000E+0	1,029000E+3	12,000000E+0
884	65,507000E+3	176,232660E+3	1,374000E+0	1,029000E+3	12,000000E+0
885	65,507000E+3	176,232660E+3	1,374000E+0	1,029000E+3	12,000000E+0
886	65,507000E+3	176,232660E+3	1,374000E+0	1,029000E+3	12,000000E+0
887	65,507000E+3	176,229970E+3	916,000000E-3	1,028000E+3	12,000000E+0
888	65,507000E+3	176,229970E+3	916,000000E-3	1,028000E+3	12,000000E+0
889	65,507000E+3	176,229970E+3	916,000000E-3	1,028000E+3	12,000000E+0
890	65,507000E+3	176,229970E+3	916,000000E-3	1,028000E+3	12,000000E+0
891	65,514000E+3	176,273010E+3	229,000000E-3	1,027000E+3	12,000000E+0
892	65,514000E+3	176,273010E+3	229,000000E-3	1,027000E+3	12,000000E+0
893	65,514000E+3	176,273010E+3	229,000000E-3	1,027000E+3	12,000000E+0
894	65,514000E+3	176,273010E+3	229,000000E-3	1,027000E+3	12,000000E+0
895	28,000000E+0	32,280000E+0	-1,603000E+0	1,020000E+3	11,900000E+0
896	28,000000E+0	32,280000E+0	-1,603000E+0	1,020000E+3	11,900000E+0
897	28,000000E+0	32,280000E+0	-1,603000E+0	1,020000E+3	11,900000E+0
898	28,000000E+0	32,280000E+0	-1,603000E+0	1,020000E+3	11,900000E+0
899	28,000000E+0	13,450000E+0	-687,000000E-3	1,020000E+3	12,000000E+0
900	28,000000E+0	13,450000E+0	-687,000000E-3	1,020000E+3	12,000000E+0
901	28,000000E+0	13,450000E+0	-687,000000E-3	1,020000E+3	12,000000E+0
902	28,000000E+0	13,450000E+0	-687,000000E-3	1,020000E+3	12,000000E+0
903	65,514000E+3	176,281080E+3	229,000000E-3	1,027000E+3	12,000000E+0
904	65,514000E+3	176,281080E+3	229,000000E-3	1,027000E+3	12,000000E+0
905	65,514000E+3	176,281080E+3	229,000000E-3	1,027000E+3	12,000000E+0
906	65,514000E+3	176,281080E+3	229,000000E-3	1,027000E+3	12,000000E+0
907	65,507000E+3	176,256870E+3	1,145000E+0	1,028000E+3	12,000000E+0
908	65,507000E+3	176,256870E+3	1,145000E+0	1,028000E+3	12,000000E+0
909	65,507000E+3	176,256870E+3	1,145000E+0	1,028000E+3	12,000000E+0
910	65,507000E+3	176,256870E+3	1,145000E+0	1,028000E+3	12,000000E+0
911	65,521000E+3	176,281080E+3	0,000000E+0	1,026000E+3	12,000000E+0
912	65,521000E+3	176,281080E+3	0,000000E+0	1,026000E+3	12,000000E+0
913	65,521000E+3	176,281080E+3	0,000000E+0	1,026000E+3	12,000000E+0
914	65,521000E+3	176,281080E+3	0,000000E+0	1,026000E+3	12,000000E+0
915	65,528000E+3	176,286460E+3	0,000000E+0	1,026000E+3	12,000000E+0
916	65,528000E+3	176,286460E+3	0,000000E+0	1,026000E+3	12,000000E+0
917	65,528000E+3	176,286460E+3	0,000000E+0	1,026000E+3	12,000000E+0
918	65,528000E+3	176,286460E+3	0,000000E+0	1,026000E+3	12,000000E+0
919	65,521000E+3	176,283770E+3	0,000000E+0	1,026000E+3	12,000000E+0
920	65,521000E+3	176,283770E+3	0,000000E+0	1,026000E+3	12,000000E+0
921	65,521000E+3	176,283770E+3	0,000000E+0	1,026000E+3	12,000000E+0
922	65,521000E+3	176,283770E+3	0,000000E+0	1,026000E+3	12,000000E+0
923	65,521000E+3	176,286460E+3	0,000000E+0	1,026000E+3	12,000000E+0
924	65,521000E+3	176,286460E+3	0,000000E+0	1,026000E+3	12,000000E+0
925	65,521000E+3	176,286460E+3	0,000000E+0	1,026000E+3	12,000000E+0
926	65,521000E+3	176,286460E+3	0,000000E+0	1,026000E+3	12,000000E+0
927	65,528000E+3	176,283770E+3	0,000000E+0	1,025000E+3	12,000000E+0
928	65,528000E+3	176,283770E+3	0,000000E+0	1,025000E+3	12,000000E+0
929	65,528000E+3	176,283770E+3	0,000000E+0	1,025000E+3	12,000000E+0
930	65,528000E+3	176,283770E+3	0,000000E+0	1,025000E+3	12,000000E+0
931	65,528000E+3	176,281080E+3	0,000000E+0	1,026000E+3	12,000000E+0
932	65,528000E+3	176,281080E+3	0,000000E+0	1,026000E+3	12,000000E+0
933	65,528000E+3	176,281080E+3	0,000000E+0	1,026000E+3	12,000000E+0
934	65,528000E+3	176,281080E+3	0,000000E+0	1,026000E+3	12,000000E+0
935	65,514000E+3	176,267630E+3	687,000000E-3	1,027000E+3	12,000000E+0
936	65,514000E+3	176,267630E+3	687,000000E-3	1,027000E+3	12,000000E+0
937	65,514000E+3	176,267630E+3	687,000000E-3	1,027000E+3	12,000000E+0
938	65,514000E+3	176,267630E+3	687,000000E-3	1,027000E+3	12,000000E+0
939	65,528000E+3	176,289150E+3	0,000000E+0	1,025000E+3	11,900000E+0
940	65,528000E+3	176,289150E+3	0,000000E+0	1,025000E+3	11,900000E+0
941	65,528000E+3	176,289150E+3	0,000000E+0	1,025000E+3	11,900000E+0
942	65,528000E+3	176,289150E+3	0,000000E+0	1,025000E+3	11,900000E+0
943	28,000000E+0	34,970000E+0	-1,374000E+0	1,019000E+3	12,000000E+0
944	28,000000E+0	34,970000E+0	-1,374000E+0	1,019000E+3	12,000000E+0
945	28,000000E+0	34,970000E+0	-1,374000E+0	1,019000E+3	12,000000E+0
946	28,000000E+0	34,970000E+0	-1,374000E+0	1,019000E+3	12,000000E+0
947	28,000000E+0	43,040000E+0	-916,000000E-3	1,020000E+3	12,000000E+0
948	28,000000E+0	43,040000E+0	-916,000000E-3	1,020000E+3	12,000000E+0
949	28,000000E+0	43,040000E+0	-916,000000E-3	1,020000E+3	12,000000E+0
950	28,000000E+0	43,040000E+0	-916,000000E-3	1,020000E+3	12,000000E+0
951	28,000000E+0	21,520000E+0	-458,000000E-3	261,629000E+3	3,046400E+3
952	28,000000E+0	21,520000E+0	-458,000000E-3	261,629000E+3	3,046400E+3
953	28,000000E+0	21,520000E+0	-458,000000E-3	261,629000E+3	3,046400E+3
954	28,000000E+0	21,520000E+0	-458,000000E-3	261,629000E+3	3,046400E+3
955	65,521000E+3	176,286460E+3	0,000000E+0	1,026000E+3	12,000000E+0
956	65,521000E+3	176,286460E+3	0,000000E+0	1,026000E+3	12,000000E+0
957	65,521000E+3	176,286460E+3	0,000000E+0	1,026000E+3	12,000000E+0
958	65,521000E+3	176,286460E+3	0,000000E+0	1,026000E+3	12,000000E+0
959	65,507000E+3	176,259560E+3	916,000000E-3	1,028000E+3	11,900000E+0
960	65,507000E+3	176,259560E+3	916,000000E-3	1,028000E+3	11,900000E+0
961	65,507000E+3	176,259560E+3	916,000000E-3	1,028000E+3	11,900000E+0
962	65,507000E+3	176,259560E+3	916,000000E-3	1,028000E+3	11,900000E+0
963	65,507000E+3	176,238040E+3	1,374000E+0	1,029000E+3	12,000000E+0
964	65,507000E+3	176,238040E+3	1,374000E+0	1,029000E+3	12,000000E+0
965	65,507000E+3	176,238040E+3	1,374000E+0	1,029000E+3	12,000000E+0
966	65,507000E+3	176,238040E+3	1,374000E+0	1,029000E+3	12,000000E+0
967	65,507000E+3	176,229970E+3	916,000000E-3	1,028000E+3	12,000000E+0
968	65,507000E+3	176,229970E+3	916,000000E-3	1,028000E+3	12,000000E+0
969	65,507000E+3	176,229970E+3	916,000000E-3	1,028000E+3	12,000000E+0
970	65,507000E+3	176,229970E+3	916,000000E-3	1,028000E+3	12,000000E+0
971	65,514000E+3	176,273010E+3	229,000000E-3	1,027000E+3	12,000000E+0
972	65,514000E+3	176,273010E+3	229,000000E-3	1,027000E+3	12,000000E+0
973	65,514000E+3	176,273010E+3	229,000000E-3	1,027000E+3	12,000000E+0
974	65,514000E+3	176,273010E+3	229,000000E-3	1,027000E+3	12,000000E+0
975	28,000000E+0	34,970000E+0	-1,603000E+0	1,020000E+3	11,900000E+0
976	28,000000E+0	34,970000E+0	-1,603000E+0	1,020000E+3	11,900000E+0
977	28,000000E+0	34,970000E+0	-1,603000E+0	1,020000E+3	11,900000E+0
978	28,000000E+0	34,970000E+0	-1,603000E+0	1,020000E+3	11,900000E+0
979	28,000000E+0	13,450000E+0	-687,000000E-3	1,020000E+3	12,000000E+0
980	28,000000E+0	13,450000E+0	-687,000000E-3	1,020000E+3	12,000000E+0
981	28,000000E+0	13,450000E+0	-687,000000E-3	1,020000E+3	12,000000E+0
982	28,000000E+0	13,450000E+0	-687,000000E-3	1,020000E+3	12,000000E+0
983	65,514000E+3	176,283770E+3	229,000000E-3	1,027000E+3	12,000000E+0
984	65,514000E+3	176,283770E+3	229,000000E-3	1,027000E+3	12,000000E+0
985	65,514000E+3	176,283770E+3	229,000000E-3	1,027000E+3	12,000000E+0
986	65,514000E+3	176,283770E+3	229,000000E-3	1,027000E+3	12,000000E+0
987	65,507000E+3	176,262250E+3	1,145000E+0	1,028000E+3	12,000000E+0
988	65,507000E+3	176,262250E+3	1,145000E+0	1,028000E+3	12,000000E+0
989	65,507000E+3	176,262250E+3	1,145000E+0	1,028000E+3	12,000000E+0
990	65,507000E+3	176,262250E+3	1,145000E+0	1,028000E+3	12,000000E+0
991	65,521000E+3	176,281080E+3	0,000000E+0	1,026000E+3	12,000000E+0
992	65,521000E+3	176,281080E+3	0,000000E+0	1,026000E+3	12,000000E+0
993	65,521000E+3	176,281080E+3	0,000000E+0	1,026000E+3	12,000000E+0
994	65,521000E+3	176,281080E+3	0,000000E+0	1,026000E+3	12,000000E+0
995	65,521000E+3	176,283770E+3	0,000000E+0	1,026000E+3	12,000000E+0
996	65,521000E+3	176,283770E+3	0,000000E+0	1,026000E+3	12,000000E+0
997	65,521000E+3	176,283770E+3	0,000000E+0	1,026000E+3	12,000000E+0
998	65,521000E+3	176,283770E+3	0,000000E+0	1,026000E+3	12,000000E+0
999	65,521000E+3	176,283770E+3	0,000000E+0	1,026000E+3	12,000000E+0
1000	65,521000E+3	176,283770E+3	0,000000E+0	1,026000E+3	12,000000E+0
1001	65,521000E+3	176,283770E+3	0,000000E+0	1,026000E+3	12,000000E+0
1002	65,521000E+3	176,283770E+3	0,000000E+0	1,026000E+3	12,000000E+0
1003	65,521000E+3	176,283770E+3	0,000000E+0	1,026000E+3	12,000000E+0
1004	65,521000E+3	176,283770E+3	0,000000E+0	1,026000E+3	12,000000E+0
1005	65,521000E+3	176,283770E+3	0,000000E+0	1,026000E+3	12,000000E+0
1006	65,521000E+3	176,283770E+3	0,000000E+0	1,026000E+3	12,000000E+0
1007	65,521000E+3	176,283770E+3	0,000000E+0	1,026000E+3	12,000000E+0
1008	65,521000E+3	176,283770E+3	0,000000E+0	1,026000E+3	12,000000E+0
1009	65,521000E+3	176,283770E+3	0,000000E+0	1,026000E+3	12,000000E+0
1010	65,521000E+3	176,283770E+3	0,000000E+0	1,026000E+3	12,000000E+0
1011	65,521000E+3	176,281080E+3	0,000000E+0	1,026000E+3	12,000000E+0
1012	65,521000E+3	176,281080E+3	0,000000E+0	1,026000E+3	12,000000E+0
1013	65,521000E+3	176,281080E+3	0,000000E+0	1,026000E+3	12,000000E+0
1014	65,521000E+3	176,281080E+3	0,000000E+0	1,026000E+3	12,000000E+0
1015	65,514000E+3	176,267630E+3	687,000000E-3	1,027000E+3	12,000000E+0
1016	65,514000E+3	176,267630E+3	687,000000E-3	1,027000E+3	12,000000E+0
1017	65,514000E+3	176,267630E+3	687,000000E-3	1,027000E+3	12,000000E+0
1018	65,514000E+3	176,267630E+3	687,000000E-3	1,027000E+3	12,000000E+0
1019	0,000000E+0	176,289150E+3	0,000000E+0	1,025000E+3	12,000000E+0
1020	0,000000E+0	176,289150E+3	0,000000E+0	1,025000E+3	12,000000E+0
1021	0,000000E+0	176,289150E+3	0,000000E+0	1,025000E+3	12,000000E+0
1022	0,000000E+0	176,289150E+3	0,000000E+0	1,025000E+3	12,000000E+0
1023	28,000000E+0	40,350000E+0	-1,374000E+0	1,020000E+3	11,900000E+0
1024	28,000000E+0	40,350000E+0	-1,374000E+0	1,020000E+3	11,900000E+0
1025	28,000000E+0	40,350000E+0	-1,374000E+0	1,020000E+3	11,900000E+0
1026	28,000000E+0	40,350000E+0	-1,374000E+0	1,020000E+3	11,900000E+0
1027	28,000000E+0	40,350000E+0	-916,000000E-3	1,019000E+3	11,900000E+0
1028	28,000000E+0	40,350000E+0	-916,000000E-3	1,019000E+3	11,900000E+0
1029	28,000000E+0	40,350000E+0	-916,000000E-3	1,019000E+3	11,900000E+0
1030	28,000000E+0	40,350000E+0	-916,000000E-3	1,019000E+3	11,900000E+0
1031	28,000000E+0	21,520000E+0	-458,000000E-3	261,629000E+3	3,046400E+3
1032	28,000000E+0	21,520000E+0	-458,000000E-3	261,629000E+3	3,046400E+3
1033	28,000000E+0	21,520000E+0	-458,000000E-3	261,629000E+3	3,046400E+3
1034	28,000000E+0	21,520000E+0	-458,000000E-3	261,629000E+3	3,046400E+3
1035	65,514000E+3	176,286460E+3	0,000000E+0	1,026000E+3	12,000000E+0
1036	65,514000E+3	176,286460E+3	0,000000E+0	1,026000E+3	12,000000E+0
1037	65,514000E+3	176,286460E+3	0,000000E+0	1,026000E+3	12,000000E+0
1038	65,514000E+3	176,286460E+3	0,000000E+0	1,026000E+3	12,000000E+0
1039	65,507000E+3	176,259560E+3	916,000000E-3	1,028000E+3	12,000000E+0
1040	65,507000E+3	176,259560E+3	916,000000E-3	1,028000E+3	12,000000E+0
1041	65,507000E+3	176,259560E+3	916,000000E-3	1,028000E+3	12,000000E+0
1042	65,507000E+3	176,259560E+3	916,000000E-3	1,028000E+3	12,000000E+0
1043	65,507000E+3	176,238040E+3	1,374000E+0	1,029000E+3	12,000000E+0
1044	65,507000E+3	176,238040E+3	1,374000E+0	1,029000E+3	12,000000E+0
1045	65,507000E+3	176,238040E+3	1,374000E+0	1,029000E+3	12,000000E+0
1046	65,507000E+3	176,238040E+3	1,374000E+0	1,029000E+3	12,000000E+0
1047	65,507000E+3	176,229970E+3	916,000000E-3	1,028000E+3	12,000000E+0
1048	65,507000E+3	176,229970E+3	916,000000E-3	1,028000E+3	12,000000E+0
1049	65,507000E+3	176,229970E+3	916,000000E-3	1,028000E+3	12,000000E+0
1050	65,507000E+3	176,229970E+3	916,000000E-3	1,028000E+3	12,000000E+0
1051	65,514000E+3	176,273010E+3	229,000000E-3	1,027000E+3	12,000000E+0
1052	65,514000E+3	176,273010E+3	229,000000E-3	1,027000E+3	12,000000E+0
1053	65,514000E+3	176,273010E+3	229,000000E-3	1,027000E+3	12,000000E+0
1054	65,514000E+3	176,273010E+3	229,000000E-3	1,027000E+3	12,000000E+0
1055	28,000000E+0	32,280000E+0	-1,603000E+0	1,020000E+3	11,900000E+0
1056	28,000000E+0	32,280000E+0	-1,603000E+0	1,020000E+3	11,900000E+0
1057	28,000000E+0	32,280000E+0	-1,603000E+0	1,020000E+3	11,900000E+0
1058	28,000000E+0	32,280000E+0	-1,603000E+0	1,020000E+3	11,900000E+0
1059	21,000000E+0	13,450000E+0	-687,000000E-3	1,020000E+3	12,000000E+0
1060	21,000000E+0	13,450000E+0	-687,000000E-3	1,020000E+3	12,000000E+0
1061	21,000000E+0	13,450000E+0	-687,000000E-3	1,020000E+3	12,000000E+0
1062	21,000000E+0	13,450000E+0	-687,000000E-3	1,020000E+3	12,000000E+0
1063	65,514000E+3	176,281080E+3	229,000000E-3	1,027000E+3	12,000000E+0
1064	65,514000E+3	176,281080E+3	229,000000E-3	1,027000E+3	12,000000E+0
1065	65,514000E+3	176,281080E+3	229,000000E-3	1,027000E+3	12,000000E+0
1066	65,514000E+3	176,281080E+3	229,000000E-3	1,027000E+3	12,000000E+0
1067	65,507000E+3	176,256870E+3	1,145000E+0	1,028000E+3	12,000000E+0
1068	65,507000E+3	176,256870E+3	1,145000E+0	1,028000E+3	12,000000E+0
1069	65,507000E+3	176,256870E+3	1,145000E+0	1,028000E+3	12,000000E+0
1070	65,507000E+3	176,256870E+3	1,145000E+0	1,028000E+3	12,000000E+0
1071	65,521000E+3	176,281080E+3	0,000000E+0	1,026000E+3	12,000000E+0
1072	65,521000E+3	176,281080E+3	0,000000E+0	1,026000E+3	12,000000E+0
1073	65,521000E+3	176,281080E+3	0,000000E+0	1,026000E+3	12,000000E+0
1074	65,521000E+3	176,281080E+3	0,000000E+0	1,026000E+3	12,000000E+0
1075	65,528000E+3	176,286460E+3	0,000000E+0	1,026000E+3	12,000000E+0
1076	65,528000E+3	176,286460E+3	0,000000E+0	1,026000E+3	12,000000E+0
1077	65,528000E+3	176,286460E+3	0,000000E+0	1,026000E+3	12,000000E+0
1078	65,528000E+3	176,286460E+3	0,000000E+0	1,026000E+3	12,000000E+0
1079	65,528000E+3	176,283770E+3	0,000000E+0	1,026000E+3	12,000000E+0
1080	65,528000E+3	176,283770E+3	0,000000E+0	1,026000E+3	12,000000E+0
1081	65,528000E+3	176,283770E+3	0,000000E+0	1,026000E+3	12,000000E+0
1082	65,528000E+3	176,283770E+3	0,000000E+0	1,026000E+3	12,000000E+0
1083	65,521000E+3	176,286460E+3	0,000000E+0	1,025000E+3	12,000000E+0
1084	65,521000E+3	176,286460E+3	0,000000E+0	1,025000E+3	12,000000E+0
1085	65,521000E+3	176,286460E+3	0,000000E+0	1,025000E+3	12,000000E+0
1086	65,521000E+3	176,286460E+3	0,000000E+0	1,025000E+3	12,000000E+0
1087	65,521000E+3	176,283770E+3	0,000000E+0	1,025000E+3	12,000000E+0
1088	65,521000E+3	176,283770E+3	0,000000E+0	1,025000E+3	12,000000E+0
1089	65,521000E+3	176,283770E+3	0,000000E+0	1,025000E+3	12,000000E+0
1090	65,521000E+3	176,283770E+3	0,000000E+0	1,025000E+3	12,000000E+0
