vendredi 22 décembre 2023	17:03:41	Sampling Period : 40  ms		
Unities: time [sample], PWM [raw], Current [mA], velocity [rev/min], Position [pulse], Present Input Voltage [V]

t	DXL_PWM		DXL_Current		DXL_Velocity		DXL_Position		DXL_Input_Voltage
0	65,528000E+3	176,286460E+3	0,000000E+0	1,026000E+3	12,000000E+0
1	65,528000E+3	176,286460E+3	0,000000E+0	1,026000E+3	12,000000E+0
2	65,528000E+3	176,286460E+3	0,000000E+0	1,026000E+3	12,000000E+0
3	0,000000E+0	0,000000E+0	0,000000E+0	1,025000E+3	12,000000E+0
4	0,000000E+0	0,000000E+0	0,000000E+0	1,025000E+3	12,000000E+0
5	0,000000E+0	0,000000E+0	0,000000E+0	1,025000E+3	12,000000E+0
6	0,000000E+0	0,000000E+0	0,000000E+0	1,025000E+3	12,000000E+0
7	28,000000E+0	13,450000E+0	-458,000000E-3	1,020000E+3	12,000000E+0
8	28,000000E+0	13,450000E+0	-458,000000E-3	1,020000E+3	12,000000E+0
9	28,000000E+0	13,450000E+0	-458,000000E-3	1,020000E+3	12,000000E+0
10	28,000000E+0	13,450000E+0	-458,000000E-3	1,020000E+3	12,000000E+0
11	65,528000E+3	0,000000E+0	0,000000E+0	1,024000E+3	12,000000E+0
12	65,528000E+3	0,000000E+0	0,000000E+0	1,024000E+3	12,000000E+0
13	65,528000E+3	0,000000E+0	0,000000E+0	1,024000E+3	12,000000E+0
14	65,528000E+3	0,000000E+0	0,000000E+0	1,024000E+3	12,000000E+0
15	65,514000E+3	176,286460E+3	0,000000E+0	1,027000E+3	11,900000E+0
16	65,514000E+3	176,286460E+3	0,000000E+0	1,027000E+3	11,900000E+0
17	65,514000E+3	176,286460E+3	0,000000E+0	1,027000E+3	11,900000E+0
18	65,514000E+3	176,286460E+3	0,000000E+0	1,027000E+3	11,900000E+0
19	14,000000E+0	2,690000E+0	-229,000000E-3	1,022000E+3	12,000000E+0
20	14,000000E+0	2,690000E+0	-229,000000E-3	1,022000E+3	12,000000E+0
21	14,000000E+0	2,690000E+0	-229,000000E-3	1,022000E+3	12,000000E+0
22	14,000000E+0	2,690000E+0	-229,000000E-3	1,022000E+3	12,000000E+0
23	0,000000E+0	0,000000E+0	0,000000E+0	1,024000E+3	12,000000E+0
24	0,000000E+0	0,000000E+0	0,000000E+0	1,024000E+3	12,000000E+0
25	0,000000E+0	0,000000E+0	0,000000E+0	1,024000E+3	12,000000E+0
26	0,000000E+0	0,000000E+0	0,000000E+0	1,024000E+3	12,000000E+0
27	65,521000E+3	0,000000E+0	0,000000E+0	1,026000E+3	12,000000E+0
28	65,521000E+3	0,000000E+0	0,000000E+0	1,026000E+3	12,000000E+0
29	65,521000E+3	0,000000E+0	0,000000E+0	1,026000E+3	12,000000E+0
30	65,521000E+3	0,000000E+0	0,000000E+0	1,026000E+3	12,000000E+0
31	0,000000E+0	0,000000E+0	0,000000E+0	1,024000E+3	12,000000E+0
32	0,000000E+0	0,000000E+0	0,000000E+0	1,024000E+3	12,000000E+0
33	0,000000E+0	0,000000E+0	0,000000E+0	1,024000E+3	12,000000E+0
34	0,000000E+0	0,000000E+0	0,000000E+0	1,024000E+3	12,000000E+0
35	65,528000E+3	0,000000E+0	0,000000E+0	1,024000E+3	12,000000E+0
36	65,528000E+3	0,000000E+0	0,000000E+0	1,024000E+3	12,000000E+0
37	65,528000E+3	0,000000E+0	0,000000E+0	1,024000E+3	12,000000E+0
38	65,528000E+3	0,000000E+0	0,000000E+0	1,024000E+3	12,000000E+0
39	65,528000E+3	0,000000E+0	0,000000E+0	1,025000E+3	12,000000E+0
40	65,528000E+3	0,000000E+0	0,000000E+0	1,025000E+3	12,000000E+0
41	65,528000E+3	0,000000E+0	0,000000E+0	1,025000E+3	12,000000E+0
42	65,528000E+3	0,000000E+0	0,000000E+0	1,025000E+3	12,000000E+0
43	0,000000E+0	0,000000E+0	0,000000E+0	1,025000E+3	12,000000E+0
44	0,000000E+0	0,000000E+0	0,000000E+0	1,025000E+3	12,000000E+0
45	0,000000E+0	0,000000E+0	0,000000E+0	1,025000E+3	12,000000E+0
46	0,000000E+0	0,000000E+0	0,000000E+0	1,025000E+3	12,000000E+0
47	65,528000E+3	0,000000E+0	0,000000E+0	1,025000E+3	12,000000E+0
48	65,528000E+3	0,000000E+0	0,000000E+0	1,025000E+3	12,000000E+0
49	65,528000E+3	0,000000E+0	0,000000E+0	1,025000E+3	12,000000E+0
50	65,528000E+3	0,000000E+0	0,000000E+0	1,025000E+3	12,000000E+0
51	65,528000E+3	0,000000E+0	0,000000E+0	1,025000E+3	12,000000E+0
52	65,528000E+3	0,000000E+0	0,000000E+0	1,025000E+3	12,000000E+0
53	65,528000E+3	0,000000E+0	0,000000E+0	1,025000E+3	12,000000E+0
54	65,528000E+3	0,000000E+0	0,000000E+0	1,025000E+3	12,000000E+0
55	65,528000E+3	176,289150E+3	0,000000E+0	1,025000E+3	12,000000E+0
56	65,528000E+3	176,289150E+3	0,000000E+0	1,025000E+3	12,000000E+0
57	65,528000E+3	176,289150E+3	0,000000E+0	1,025000E+3	12,000000E+0
58	65,528000E+3	176,289150E+3	0,000000E+0	1,025000E+3	12,000000E+0
59	65,528000E+3	0,000000E+0	0,000000E+0	1,025000E+3	12,000000E+0
60	65,528000E+3	0,000000E+0	0,000000E+0	1,025000E+3	12,000000E+0
61	65,528000E+3	0,000000E+0	0,000000E+0	1,025000E+3	12,000000E+0
62	65,528000E+3	0,000000E+0	0,000000E+0	1,025000E+3	12,000000E+0
63	21,000000E+0	2,690000E+0	-458,000000E-3	261,629000E+3	3,072000E+3
64	21,000000E+0	2,690000E+0	-458,000000E-3	261,629000E+3	3,072000E+3
65	21,000000E+0	2,690000E+0	-458,000000E-3	261,629000E+3	3,072000E+3
66	21,000000E+0	2,690000E+0	-458,000000E-3	261,629000E+3	3,072000E+3
67	21,000000E+0	10,760000E+0	-458,000000E-3	261,629000E+3	3,072000E+3
68	21,000000E+0	10,760000E+0	-458,000000E-3	261,629000E+3	3,072000E+3
69	21,000000E+0	10,760000E+0	-458,000000E-3	261,629000E+3	3,072000E+3
70	21,000000E+0	10,760000E+0	-458,000000E-3	261,629000E+3	3,072000E+3
71	7,000000E+0	2,690000E+0	0,000000E+0	1,023000E+3	12,000000E+0
72	7,000000E+0	2,690000E+0	0,000000E+0	1,023000E+3	12,000000E+0
73	7,000000E+0	2,690000E+0	0,000000E+0	1,023000E+3	12,000000E+0
74	7,000000E+0	2,690000E+0	0,000000E+0	1,023000E+3	12,000000E+0
75	65,521000E+3	0,000000E+0	0,000000E+0	1,026000E+3	12,000000E+0
76	65,521000E+3	0,000000E+0	0,000000E+0	1,026000E+3	12,000000E+0
77	65,521000E+3	0,000000E+0	0,000000E+0	1,026000E+3	12,000000E+0
78	65,521000E+3	0,000000E+0	0,000000E+0	1,026000E+3	12,000000E+0
79	65,521000E+3	176,283770E+3	0,000000E+0	1,027000E+3	12,000000E+0
80	65,521000E+3	176,283770E+3	0,000000E+0	1,027000E+3	12,000000E+0
81	65,521000E+3	176,283770E+3	0,000000E+0	1,027000E+3	12,000000E+0
82	65,521000E+3	176,283770E+3	0,000000E+0	1,027000E+3	12,000000E+0
83	65,521000E+3	176,283770E+3	0,000000E+0	1,026000E+3	12,000000E+0
84	65,521000E+3	176,283770E+3	0,000000E+0	1,026000E+3	12,000000E+0
85	65,521000E+3	176,283770E+3	0,000000E+0	1,026000E+3	12,000000E+0
86	65,521000E+3	176,283770E+3	0,000000E+0	1,026000E+3	12,000000E+0
87	65,521000E+3	176,270320E+3	458,000000E-3	1,026000E+3	12,000000E+0
88	65,521000E+3	176,270320E+3	458,000000E-3	1,026000E+3	12,000000E+0
89	65,521000E+3	176,270320E+3	458,000000E-3	1,026000E+3	12,000000E+0
90	65,521000E+3	176,270320E+3	458,000000E-3	1,026000E+3	12,000000E+0
91	65,514000E+3	176,259560E+3	916,000000E-3	1,028000E+3	12,000000E+0
92	65,514000E+3	176,259560E+3	916,000000E-3	1,028000E+3	12,000000E+0
93	65,514000E+3	176,259560E+3	916,000000E-3	1,028000E+3	12,000000E+0
94	65,514000E+3	176,259560E+3	916,000000E-3	1,028000E+3	12,000000E+0
95	65,514000E+3	176,273010E+3	0,000000E+0	1,027000E+3	12,000000E+0
96	65,514000E+3	176,273010E+3	0,000000E+0	1,027000E+3	12,000000E+0
97	65,514000E+3	176,273010E+3	0,000000E+0	1,027000E+3	12,000000E+0
98	65,514000E+3	176,273010E+3	0,000000E+0	1,027000E+3	12,000000E+0
99	0,000000E+0	176,286460E+3	-687,000000E-3	1,024000E+3	12,000000E+0
100	0,000000E+0	176,286460E+3	-687,000000E-3	1,024000E+3	12,000000E+0
101	0,000000E+0	176,286460E+3	-687,000000E-3	1,024000E+3	12,000000E+0
102	0,000000E+0	176,286460E+3	-687,000000E-3	1,024000E+3	12,000000E+0
103	65,528000E+3	0,000000E+0	-229,000000E-3	1,026000E+3	12,000000E+0
104	65,528000E+3	0,000000E+0	-229,000000E-3	1,026000E+3	12,000000E+0
105	65,528000E+3	0,000000E+0	-229,000000E-3	1,026000E+3	12,000000E+0
106	65,528000E+3	0,000000E+0	-229,000000E-3	1,026000E+3	12,000000E+0
107	65,528000E+3	0,000000E+0	-229,000000E-3	1,025000E+3	12,000000E+0
108	65,528000E+3	0,000000E+0	-229,000000E-3	1,025000E+3	12,000000E+0
109	65,528000E+3	0,000000E+0	-229,000000E-3	1,025000E+3	12,000000E+0
110	65,528000E+3	0,000000E+0	-229,000000E-3	1,025000E+3	12,000000E+0
111	65,528000E+3	176,289150E+3	0,000000E+0	1,025000E+3	12,000000E+0
112	65,528000E+3	176,289150E+3	0,000000E+0	1,025000E+3	12,000000E+0
113	65,528000E+3	176,289150E+3	0,000000E+0	1,025000E+3	12,000000E+0
114	65,528000E+3	176,289150E+3	0,000000E+0	1,025000E+3	12,000000E+0
115	65,528000E+3	176,289150E+3	0,000000E+0	1,025000E+3	12,000000E+0
116	65,528000E+3	176,289150E+3	0,000000E+0	1,025000E+3	12,000000E+0
117	65,528000E+3	176,289150E+3	0,000000E+0	1,025000E+3	12,000000E+0
118	65,528000E+3	176,289150E+3	0,000000E+0	1,025000E+3	12,000000E+0
119	65,528000E+3	176,283770E+3	0,000000E+0	1,026000E+3	12,000000E+0
120	65,528000E+3	176,283770E+3	0,000000E+0	1,026000E+3	12,000000E+0
121	65,528000E+3	176,283770E+3	0,000000E+0	1,026000E+3	12,000000E+0
122	65,528000E+3	176,283770E+3	0,000000E+0	1,026000E+3	12,000000E+0
123	65,521000E+3	176,283770E+3	0,000000E+0	1,025000E+3	12,000000E+0
124	65,521000E+3	176,283770E+3	0,000000E+0	1,025000E+3	12,000000E+0
125	65,521000E+3	176,283770E+3	0,000000E+0	1,025000E+3	12,000000E+0
126	65,521000E+3	176,283770E+3	0,000000E+0	1,025000E+3	12,000000E+0
127	65,528000E+3	176,286460E+3	0,000000E+0	1,025000E+3	12,000000E+0
128	65,528000E+3	176,286460E+3	0,000000E+0	1,025000E+3	12,000000E+0
129	65,528000E+3	176,286460E+3	0,000000E+0	1,025000E+3	12,000000E+0
130	65,528000E+3	176,286460E+3	0,000000E+0	1,025000E+3	12,000000E+0
131	65,528000E+3	176,286460E+3	0,000000E+0	1,025000E+3	12,000000E+0
132	65,528000E+3	176,286460E+3	0,000000E+0	1,025000E+3	12,000000E+0
133	65,528000E+3	176,286460E+3	0,000000E+0	1,025000E+3	12,000000E+0
134	65,528000E+3	176,286460E+3	0,000000E+0	1,025000E+3	12,000000E+0
135	65,528000E+3	176,286460E+3	0,000000E+0	1,026000E+3	12,000000E+0
136	65,528000E+3	176,286460E+3	0,000000E+0	1,026000E+3	12,000000E+0
137	65,528000E+3	176,286460E+3	0,000000E+0	1,026000E+3	12,000000E+0
138	65,528000E+3	176,286460E+3	0,000000E+0	1,026000E+3	12,000000E+0
139	65,528000E+3	176,286460E+3	0,000000E+0	1,025000E+3	12,000000E+0
140	65,528000E+3	176,286460E+3	0,000000E+0	1,025000E+3	12,000000E+0
141	65,528000E+3	176,286460E+3	0,000000E+0	1,025000E+3	12,000000E+0
142	65,528000E+3	176,286460E+3	0,000000E+0	1,025000E+3	12,000000E+0
143	65,528000E+3	176,286460E+3	0,000000E+0	1,025000E+3	12,000000E+0
144	65,528000E+3	176,286460E+3	0,000000E+0	1,025000E+3	12,000000E+0
145	65,528000E+3	176,286460E+3	0,000000E+0	1,025000E+3	12,000000E+0
146	65,528000E+3	176,286460E+3	0,000000E+0	1,025000E+3	12,000000E+0
147	65,528000E+3	176,286460E+3	0,000000E+0	1,025000E+3	12,000000E+0
148	65,528000E+3	176,286460E+3	0,000000E+0	1,025000E+3	12,000000E+0
149	65,528000E+3	176,286460E+3	0,000000E+0	1,025000E+3	12,000000E+0
150	65,528000E+3	176,286460E+3	0,000000E+0	1,025000E+3	12,000000E+0
151	65,521000E+3	176,283770E+3	0,000000E+0	1,026000E+3	12,000000E+0
152	65,521000E+3	176,283770E+3	0,000000E+0	1,026000E+3	12,000000E+0
153	65,521000E+3	176,283770E+3	0,000000E+0	1,026000E+3	12,000000E+0
154	65,521000E+3	176,283770E+3	0,000000E+0	1,026000E+3	12,000000E+0
155	65,528000E+3	176,281080E+3	0,000000E+0	1,026000E+3	12,000000E+0
156	65,528000E+3	176,281080E+3	0,000000E+0	1,026000E+3	12,000000E+0
157	65,528000E+3	176,281080E+3	0,000000E+0	1,026000E+3	12,000000E+0
158	65,528000E+3	176,281080E+3	0,000000E+0	1,026000E+3	12,000000E+0
159	65,528000E+3	0,000000E+0	0,000000E+0	1,025000E+3	12,000000E+0
160	65,528000E+3	0,000000E+0	0,000000E+0	1,025000E+3	12,000000E+0
161	65,528000E+3	0,000000E+0	0,000000E+0	1,025000E+3	12,000000E+0
162	65,528000E+3	0,000000E+0	0,000000E+0	1,025000E+3	12,000000E+0
163	28,000000E+0	8,070000E+0	-916,000000E-3	1,020000E+3	12,000000E+0
164	28,000000E+0	8,070000E+0	-916,000000E-3	1,020000E+3	12,000000E+0
165	28,000000E+0	8,070000E+0	-916,000000E-3	1,020000E+3	12,000000E+0
166	28,000000E+0	8,070000E+0	-916,000000E-3	1,020000E+3	12,000000E+0
167	21,000000E+0	13,450000E+0	-458,000000E-3	261,629000E+3	3,046400E+3
168	21,000000E+0	13,450000E+0	-458,000000E-3	261,629000E+3	3,046400E+3
169	21,000000E+0	13,450000E+0	-458,000000E-3	261,629000E+3	3,046400E+3
170	21,000000E+0	13,450000E+0	-458,000000E-3	261,629000E+3	3,046400E+3
171	0,000000E+0	2,690000E+0	0,000000E+0	1,023000E+3	12,000000E+0
172	0,000000E+0	2,690000E+0	0,000000E+0	1,023000E+3	12,000000E+0
173	0,000000E+0	2,690000E+0	0,000000E+0	1,023000E+3	12,000000E+0
174	0,000000E+0	2,690000E+0	0,000000E+0	1,023000E+3	12,000000E+0
175	65,521000E+3	0,000000E+0	229,000000E-3	1,026000E+3	12,000000E+0
176	65,521000E+3	0,000000E+0	229,000000E-3	1,026000E+3	12,000000E+0
177	65,521000E+3	0,000000E+0	229,000000E-3	1,026000E+3	12,000000E+0
178	65,521000E+3	0,000000E+0	229,000000E-3	1,026000E+3	12,000000E+0
179	65,514000E+3	176,273010E+3	229,000000E-3	1,027000E+3	12,000000E+0
180	65,514000E+3	176,273010E+3	229,000000E-3	1,027000E+3	12,000000E+0
181	65,514000E+3	176,273010E+3	229,000000E-3	1,027000E+3	12,000000E+0
182	65,514000E+3	176,273010E+3	229,000000E-3	1,027000E+3	12,000000E+0
183	65,521000E+3	176,281080E+3	229,000000E-3	1,026000E+3	12,000000E+0
184	65,521000E+3	176,281080E+3	229,000000E-3	1,026000E+3	12,000000E+0
185	65,521000E+3	176,281080E+3	229,000000E-3	1,026000E+3	12,000000E+0
186	65,521000E+3	176,281080E+3	229,000000E-3	1,026000E+3	12,000000E+0
187	65,507000E+3	176,262250E+3	1,145000E+0	1,028000E+3	12,000000E+0
188	65,507000E+3	176,262250E+3	1,145000E+0	1,028000E+3	12,000000E+0
189	65,507000E+3	176,262250E+3	1,145000E+0	1,028000E+3	12,000000E+0
190	65,507000E+3	176,262250E+3	1,145000E+0	1,028000E+3	12,000000E+0
191	65,507000E+3	176,267630E+3	229,000000E-3	1,027000E+3	12,000000E+0
192	65,507000E+3	176,267630E+3	229,000000E-3	1,027000E+3	12,000000E+0
193	65,507000E+3	176,267630E+3	229,000000E-3	1,027000E+3	12,000000E+0
194	65,507000E+3	176,267630E+3	229,000000E-3	1,027000E+3	12,000000E+0
195	65,521000E+3	176,283770E+3	-458,000000E-3	1,026000E+3	12,000000E+0
196	65,521000E+3	176,283770E+3	-458,000000E-3	1,026000E+3	12,000000E+0
197	65,521000E+3	176,283770E+3	-458,000000E-3	1,026000E+3	12,000000E+0
198	65,521000E+3	176,283770E+3	-458,000000E-3	1,026000E+3	12,000000E+0
199	65,528000E+3	0,000000E+0	-229,000000E-3	1,026000E+3	12,000000E+0
200	65,528000E+3	0,000000E+0	-229,000000E-3	1,026000E+3	12,000000E+0
201	65,528000E+3	0,000000E+0	-229,000000E-3	1,026000E+3	12,000000E+0
202	65,528000E+3	0,000000E+0	-229,000000E-3	1,026000E+3	12,000000E+0
203	65,528000E+3	0,000000E+0	0,000000E+0	1,025000E+3	12,000000E+0
204	65,528000E+3	0,000000E+0	0,000000E+0	1,025000E+3	12,000000E+0
205	65,528000E+3	0,000000E+0	0,000000E+0	1,025000E+3	12,000000E+0
206	65,528000E+3	0,000000E+0	0,000000E+0	1,025000E+3	12,000000E+0
207	65,528000E+3	0,000000E+0	0,000000E+0	1,025000E+3	12,000000E+0
208	65,528000E+3	0,000000E+0	0,000000E+0	1,025000E+3	12,000000E+0
209	65,528000E+3	0,000000E+0	0,000000E+0	1,025000E+3	12,000000E+0
210	65,528000E+3	0,000000E+0	0,000000E+0	1,025000E+3	12,000000E+0
211	65,528000E+3	176,289150E+3	0,000000E+0	1,025000E+3	12,000000E+0
212	65,528000E+3	176,289150E+3	0,000000E+0	1,025000E+3	12,000000E+0
213	65,528000E+3	176,289150E+3	0,000000E+0	1,025000E+3	12,000000E+0
214	65,528000E+3	176,289150E+3	0,000000E+0	1,025000E+3	12,000000E+0
215	65,528000E+3	176,286460E+3	0,000000E+0	1,026000E+3	12,000000E+0
216	65,528000E+3	176,286460E+3	0,000000E+0	1,026000E+3	12,000000E+0
217	65,528000E+3	176,286460E+3	0,000000E+0	1,026000E+3	12,000000E+0
218	65,528000E+3	176,286460E+3	0,000000E+0	1,026000E+3	12,000000E+0
219	65,521000E+3	176,283770E+3	0,000000E+0	1,026000E+3	12,000000E+0
220	65,521000E+3	176,283770E+3	0,000000E+0	1,026000E+3	12,000000E+0
221	65,521000E+3	176,283770E+3	0,000000E+0	1,026000E+3	12,000000E+0
222	65,521000E+3	176,283770E+3	0,000000E+0	1,026000E+3	12,000000E+0
223	65,521000E+3	176,286460E+3	0,000000E+0	1,025000E+3	12,000000E+0
224	65,521000E+3	176,286460E+3	0,000000E+0	1,025000E+3	12,000000E+0
225	65,521000E+3	176,286460E+3	0,000000E+0	1,025000E+3	12,000000E+0
226	65,521000E+3	176,286460E+3	0,000000E+0	1,025000E+3	12,000000E+0
227	65,521000E+3	176,286460E+3	0,000000E+0	1,026000E+3	12,000000E+0
228	65,521000E+3	176,286460E+3	0,000000E+0	1,026000E+3	12,000000E+0
229	65,521000E+3	176,286460E+3	0,000000E+0	1,026000E+3	12,000000E+0
230	65,521000E+3	176,286460E+3	0,000000E+0	1,026000E+3	12,000000E+0
231	65,521000E+3	176,286460E+3	0,000000E+0	1,026000E+3	12,000000E+0
232	65,521000E+3	176,286460E+3	0,000000E+0	1,026000E+3	12,000000E+0
233	65,521000E+3	176,286460E+3	0,000000E+0	1,026000E+3	12,000000E+0
234	65,521000E+3	176,286460E+3	0,000000E+0	1,026000E+3	12,000000E+0
235	65,528000E+3	176,286460E+3	0,000000E+0	1,025000E+3	12,000000E+0
236	65,528000E+3	176,286460E+3	0,000000E+0	1,025000E+3	12,000000E+0
237	65,528000E+3	176,286460E+3	0,000000E+0	1,025000E+3	12,000000E+0
238	65,528000E+3	176,286460E+3	0,000000E+0	1,025000E+3	12,000000E+0
239	65,521000E+3	176,283770E+3	0,000000E+0	1,025000E+3	12,000000E+0
240	65,521000E+3	176,283770E+3	0,000000E+0	1,025000E+3	12,000000E+0
241	65,521000E+3	176,283770E+3	0,000000E+0	1,025000E+3	12,000000E+0
242	65,521000E+3	176,283770E+3	0,000000E+0	1,025000E+3	12,000000E+0
243	65,521000E+3	176,283770E+3	0,000000E+0	1,025000E+3	12,000000E+0
244	65,521000E+3	176,283770E+3	0,000000E+0	1,025000E+3	12,000000E+0
245	65,521000E+3	176,283770E+3	0,000000E+0	1,025000E+3	12,000000E+0
246	65,521000E+3	176,283770E+3	0,000000E+0	1,025000E+3	12,000000E+0
247	65,528000E+3	176,286460E+3	0,000000E+0	1,025000E+3	12,000000E+0
248	65,528000E+3	176,286460E+3	0,000000E+0	1,025000E+3	12,000000E+0
249	65,528000E+3	176,286460E+3	0,000000E+0	1,025000E+3	12,000000E+0
250	65,528000E+3	176,286460E+3	0,000000E+0	1,025000E+3	12,000000E+0
251	65,521000E+3	176,283770E+3	0,000000E+0	1,025000E+3	12,000000E+0
252	65,521000E+3	176,283770E+3	0,000000E+0	1,025000E+3	12,000000E+0
253	65,521000E+3	176,283770E+3	0,000000E+0	1,025000E+3	12,000000E+0
254	65,521000E+3	176,283770E+3	0,000000E+0	1,025000E+3	12,000000E+0
255	65,521000E+3	176,286460E+3	229,000000E-3	1,026000E+3	12,000000E+0
256	65,521000E+3	176,286460E+3	229,000000E-3	1,026000E+3	12,000000E+0
257	65,521000E+3	176,286460E+3	229,000000E-3	1,026000E+3	12,000000E+0
258	65,521000E+3	176,286460E+3	229,000000E-3	1,026000E+3	12,000000E+0
259	7,000000E+0	0,000000E+0	0,000000E+0	1,023000E+3	12,000000E+0
260	7,000000E+0	0,000000E+0	0,000000E+0	1,023000E+3	12,000000E+0
261	7,000000E+0	0,000000E+0	0,000000E+0	1,023000E+3	12,000000E+0
262	7,000000E+0	0,000000E+0	0,000000E+0	1,023000E+3	12,000000E+0
263	28,000000E+0	16,140000E+0	-687,000000E-3	1,020000E+3	12,000000E+0
264	28,000000E+0	16,140000E+0	-687,000000E-3	1,020000E+3	12,000000E+0
265	28,000000E+0	16,140000E+0	-687,000000E-3	1,020000E+3	12,000000E+0
266	28,000000E+0	16,140000E+0	-687,000000E-3	1,020000E+3	12,000000E+0
267	14,000000E+0	5,380000E+0	-229,000000E-3	261,629000E+3	3,072000E+3
268	14,000000E+0	5,380000E+0	-229,000000E-3	261,629000E+3	3,072000E+3
269	14,000000E+0	5,380000E+0	-229,000000E-3	261,629000E+3	3,072000E+3
270	14,000000E+0	5,380000E+0	-229,000000E-3	261,629000E+3	3,072000E+3
271	65,528000E+3	5,380000E+0	0,000000E+0	1,025000E+3	12,000000E+0
272	65,528000E+3	5,380000E+0	0,000000E+0	1,025000E+3	12,000000E+0
273	65,528000E+3	5,380000E+0	0,000000E+0	1,025000E+3	12,000000E+0
274	65,528000E+3	5,380000E+0	0,000000E+0	1,025000E+3	12,000000E+0
275	65,514000E+3	176,275700E+3	458,000000E-3	1,028000E+3	12,000000E+0
276	65,514000E+3	176,275700E+3	458,000000E-3	1,028000E+3	12,000000E+0
277	65,514000E+3	176,275700E+3	458,000000E-3	1,028000E+3	12,000000E+0
278	65,514000E+3	176,275700E+3	458,000000E-3	1,028000E+3	12,000000E+0
279	65,521000E+3	176,281080E+3	0,000000E+0	1,026000E+3	12,000000E+0
280	65,521000E+3	176,281080E+3	0,000000E+0	1,026000E+3	12,000000E+0
281	65,521000E+3	176,281080E+3	0,000000E+0	1,026000E+3	12,000000E+0
282	65,521000E+3	176,281080E+3	0,000000E+0	1,026000E+3	12,000000E+0
283	65,514000E+3	176,270320E+3	458,000000E-3	1,026000E+3	12,000000E+0
284	65,514000E+3	176,270320E+3	458,000000E-3	1,026000E+3	12,000000E+0
285	65,514000E+3	176,270320E+3	458,000000E-3	1,026000E+3	12,000000E+0
286	65,514000E+3	176,270320E+3	458,000000E-3	1,026000E+3	12,000000E+0
287	65,507000E+3	176,259560E+3	916,000000E-3	1,028000E+3	11,900000E+0
288	65,507000E+3	176,259560E+3	916,000000E-3	1,028000E+3	11,900000E+0
289	65,507000E+3	176,259560E+3	916,000000E-3	1,028000E+3	11,900000E+0
290	65,507000E+3	176,259560E+3	916,000000E-3	1,028000E+3	11,900000E+0
291	65,514000E+3	176,275700E+3	0,000000E+0	1,027000E+3	12,000000E+0
292	65,514000E+3	176,275700E+3	0,000000E+0	1,027000E+3	12,000000E+0
293	65,514000E+3	176,275700E+3	0,000000E+0	1,027000E+3	12,000000E+0
294	65,514000E+3	176,275700E+3	0,000000E+0	1,027000E+3	12,000000E+0
295	65,528000E+3	176,289150E+3	-117,935000E+0	262,655000E+3	3,072000E+3
296	65,528000E+3	176,289150E+3	-117,935000E+0	262,655000E+3	3,072000E+3
297	65,528000E+3	176,289150E+3	-117,935000E+0	262,655000E+3	3,072000E+3
298	65,528000E+3	176,289150E+3	-117,935000E+0	262,655000E+3	3,072000E+3
299	65,528000E+3	0,000000E+0	-229,000000E-3	1,024000E+3	12,000000E+0
300	65,528000E+3	0,000000E+0	-229,000000E-3	1,024000E+3	12,000000E+0
301	65,528000E+3	0,000000E+0	-229,000000E-3	1,024000E+3	12,000000E+0
302	65,528000E+3	0,000000E+0	-229,000000E-3	1,024000E+3	12,000000E+0
303	65,528000E+3	0,000000E+0	-229,000000E-3	1,025000E+3	12,000000E+0
304	65,528000E+3	0,000000E+0	-229,000000E-3	1,025000E+3	12,000000E+0
305	65,528000E+3	0,000000E+0	-229,000000E-3	1,025000E+3	12,000000E+0
306	65,528000E+3	0,000000E+0	-229,000000E-3	1,025000E+3	12,000000E+0
307	65,528000E+3	0,000000E+0	0,000000E+0	1,025000E+3	12,000000E+0
308	65,528000E+3	0,000000E+0	0,000000E+0	1,025000E+3	12,000000E+0
309	65,528000E+3	0,000000E+0	0,000000E+0	1,025000E+3	12,000000E+0
310	65,528000E+3	0,000000E+0	0,000000E+0	1,025000E+3	12,000000E+0
311	65,528000E+3	176,289150E+3	0,000000E+0	1,025000E+3	12,000000E+0
312	65,528000E+3	176,289150E+3	0,000000E+0	1,025000E+3	12,000000E+0
313	65,528000E+3	176,289150E+3	0,000000E+0	1,025000E+3	12,000000E+0
314	65,528000E+3	176,289150E+3	0,000000E+0	1,025000E+3	12,000000E+0
315	65,528000E+3	176,289150E+3	0,000000E+0	1,025000E+3	12,000000E+0
316	65,528000E+3	176,289150E+3	0,000000E+0	1,025000E+3	12,000000E+0
317	65,528000E+3	176,289150E+3	0,000000E+0	1,025000E+3	12,000000E+0
318	65,528000E+3	176,289150E+3	0,000000E+0	1,025000E+3	12,000000E+0
319	65,521000E+3	176,289150E+3	0,000000E+0	1,025000E+3	12,000000E+0
320	65,521000E+3	176,289150E+3	0,000000E+0	1,025000E+3	12,000000E+0
321	65,521000E+3	176,289150E+3	0,000000E+0	1,025000E+3	12,000000E+0
322	65,521000E+3	176,289150E+3	0,000000E+0	1,025000E+3	12,000000E+0
323	65,528000E+3	176,289150E+3	0,000000E+0	1,025000E+3	12,000000E+0
324	65,528000E+3	176,289150E+3	0,000000E+0	1,025000E+3	12,000000E+0
325	65,528000E+3	176,289150E+3	0,000000E+0	1,025000E+3	12,000000E+0
326	65,528000E+3	176,289150E+3	0,000000E+0	1,025000E+3	12,000000E+0
327	65,521000E+3	176,289150E+3	0,000000E+0	1,025000E+3	12,000000E+0
328	65,521000E+3	176,289150E+3	0,000000E+0	1,025000E+3	12,000000E+0
329	65,521000E+3	176,289150E+3	0,000000E+0	1,025000E+3	12,000000E+0
330	65,521000E+3	176,289150E+3	0,000000E+0	1,025000E+3	12,000000E+0
331	65,528000E+3	176,286460E+3	0,000000E+0	1,025000E+3	12,000000E+0
332	65,528000E+3	176,286460E+3	0,000000E+0	1,025000E+3	12,000000E+0
333	65,528000E+3	176,286460E+3	0,000000E+0	1,025000E+3	12,000000E+0
334	65,528000E+3	176,286460E+3	0,000000E+0	1,025000E+3	12,000000E+0
335	65,528000E+3	176,289150E+3	0,000000E+0	1,025000E+3	12,000000E+0
336	65,528000E+3	176,289150E+3	0,000000E+0	1,025000E+3	12,000000E+0
337	65,528000E+3	176,289150E+3	0,000000E+0	1,025000E+3	12,000000E+0
338	65,528000E+3	176,289150E+3	0,000000E+0	1,025000E+3	12,000000E+0
339	65,528000E+3	176,289150E+3	0,000000E+0	1,026000E+3	12,000000E+0
340	65,528000E+3	176,289150E+3	0,000000E+0	1,026000E+3	12,000000E+0
341	65,528000E+3	176,289150E+3	0,000000E+0	1,026000E+3	12,000000E+0
342	65,528000E+3	176,289150E+3	0,000000E+0	1,026000E+3	12,000000E+0
343	65,528000E+3	176,289150E+3	0,000000E+0	1,025000E+3	12,000000E+0
344	65,528000E+3	176,289150E+3	0,000000E+0	1,025000E+3	12,000000E+0
345	65,528000E+3	176,289150E+3	0,000000E+0	1,025000E+3	12,000000E+0
346	65,528000E+3	176,289150E+3	0,000000E+0	1,025000E+3	12,000000E+0
347	65,521000E+3	176,286460E+3	0,000000E+0	1,025000E+3	12,000000E+0
348	65,521000E+3	176,286460E+3	0,000000E+0	1,025000E+3	12,000000E+0
349	65,521000E+3	176,286460E+3	0,000000E+0	1,025000E+3	12,000000E+0
350	65,521000E+3	176,286460E+3	0,000000E+0	1,025000E+3	12,000000E+0
351	65,528000E+3	176,283770E+3	0,000000E+0	1,025000E+3	12,000000E+0
352	65,528000E+3	176,283770E+3	0,000000E+0	1,025000E+3	12,000000E+0
353	65,528000E+3	176,283770E+3	0,000000E+0	1,025000E+3	12,000000E+0
354	65,528000E+3	176,283770E+3	0,000000E+0	1,025000E+3	12,000000E+0
355	65,528000E+3	0,000000E+0	0,000000E+0	1,025000E+3	12,000000E+0
356	65,528000E+3	0,000000E+0	0,000000E+0	1,025000E+3	12,000000E+0
357	65,528000E+3	0,000000E+0	0,000000E+0	1,025000E+3	12,000000E+0
358	65,528000E+3	0,000000E+0	0,000000E+0	1,025000E+3	12,000000E+0
359	28,000000E+0	8,070000E+0	-458,000000E-3	1,020000E+3	11,900000E+0
360	28,000000E+0	8,070000E+0	-458,000000E-3	1,020000E+3	11,900000E+0
361	28,000000E+0	8,070000E+0	-458,000000E-3	1,020000E+3	11,900000E+0
362	28,000000E+0	8,070000E+0	-458,000000E-3	1,020000E+3	11,900000E+0
363	21,000000E+0	10,760000E+0	-458,000000E-3	261,629000E+3	3,072000E+3
364	21,000000E+0	10,760000E+0	-458,000000E-3	261,629000E+3	3,072000E+3
365	21,000000E+0	10,760000E+0	-458,000000E-3	261,629000E+3	3,072000E+3
366	21,000000E+0	10,760000E+0	-458,000000E-3	261,629000E+3	3,072000E+3
367	0,000000E+0	0,000000E+0	0,000000E+0	1,023000E+3	12,000000E+0
368	0,000000E+0	0,000000E+0	0,000000E+0	1,023000E+3	12,000000E+0
369	0,000000E+0	0,000000E+0	0,000000E+0	1,023000E+3	12,000000E+0
370	0,000000E+0	0,000000E+0	0,000000E+0	1,023000E+3	12,000000E+0
371	65,514000E+3	0,000000E+0	229,000000E-3	1,027000E+3	12,000000E+0
372	65,514000E+3	0,000000E+0	229,000000E-3	1,027000E+3	12,000000E+0
373	65,514000E+3	0,000000E+0	229,000000E-3	1,027000E+3	12,000000E+0
374	65,514000E+3	0,000000E+0	229,000000E-3	1,027000E+3	12,000000E+0
375	65,514000E+3	176,273010E+3	229,000000E-3	1,026000E+3	12,000000E+0
376	65,514000E+3	176,273010E+3	229,000000E-3	1,026000E+3	12,000000E+0
377	65,514000E+3	176,273010E+3	229,000000E-3	1,026000E+3	12,000000E+0
378	65,514000E+3	176,273010E+3	229,000000E-3	1,026000E+3	12,000000E+0
379	65,521000E+3	176,281080E+3	0,000000E+0	1,026000E+3	12,000000E+0
380	65,521000E+3	176,281080E+3	0,000000E+0	1,026000E+3	12,000000E+0
381	65,521000E+3	176,281080E+3	0,000000E+0	1,026000E+3	12,000000E+0
382	65,521000E+3	176,281080E+3	0,000000E+0	1,026000E+3	12,000000E+0
383	65,507000E+3	176,259560E+3	1,145000E+0	1,028000E+3	12,000000E+0
384	65,507000E+3	176,259560E+3	1,145000E+0	1,028000E+3	12,000000E+0
385	65,507000E+3	176,259560E+3	1,145000E+0	1,028000E+3	12,000000E+0
386	65,507000E+3	176,259560E+3	1,145000E+0	1,028000E+3	12,000000E+0
387	65,507000E+3	176,267630E+3	229,000000E-3	1,028000E+3	12,000000E+0
388	65,507000E+3	176,267630E+3	229,000000E-3	1,028000E+3	12,000000E+0
389	65,507000E+3	176,267630E+3	229,000000E-3	1,028000E+3	12,000000E+0
390	65,507000E+3	176,267630E+3	229,000000E-3	1,028000E+3	12,000000E+0
391	65,521000E+3	176,281080E+3	-458,000000E-3	1,026000E+3	12,000000E+0
392	65,521000E+3	176,281080E+3	-458,000000E-3	1,026000E+3	12,000000E+0
393	65,521000E+3	176,281080E+3	-458,000000E-3	1,026000E+3	12,000000E+0
394	65,521000E+3	176,281080E+3	-458,000000E-3	1,026000E+3	12,000000E+0
395	65,521000E+3	0,000000E+0	-229,000000E-3	1,025000E+3	12,000000E+0
396	65,521000E+3	0,000000E+0	-229,000000E-3	1,025000E+3	12,000000E+0
397	65,521000E+3	0,000000E+0	-229,000000E-3	1,025000E+3	12,000000E+0
398	65,521000E+3	0,000000E+0	-229,000000E-3	1,025000E+3	12,000000E+0
399	65,528000E+3	0,000000E+0	0,000000E+0	1,025000E+3	12,000000E+0
400	65,528000E+3	0,000000E+0	0,000000E+0	1,025000E+3	12,000000E+0
401	65,528000E+3	0,000000E+0	0,000000E+0	1,025000E+3	12,000000E+0
402	65,528000E+3	0,000000E+0	0,000000E+0	1,025000E+3	12,000000E+0
403	65,528000E+3	0,000000E+0	0,000000E+0	1,025000E+3	12,000000E+0
404	65,528000E+3	0,000000E+0	0,000000E+0	1,025000E+3	12,000000E+0
405	65,528000E+3	0,000000E+0	0,000000E+0	1,025000E+3	12,000000E+0
406	65,528000E+3	0,000000E+0	0,000000E+0	1,025000E+3	12,000000E+0
407	65,528000E+3	176,289150E+3	0,000000E+0	1,025000E+3	12,000000E+0
408	65,528000E+3	176,289150E+3	0,000000E+0	1,025000E+3	12,000000E+0
409	65,528000E+3	176,289150E+3	0,000000E+0	1,025000E+3	12,000000E+0
410	65,528000E+3	176,289150E+3	0,000000E+0	1,025000E+3	12,000000E+0
411	65,528000E+3	176,286460E+3	0,000000E+0	1,026000E+3	12,000000E+0
412	65,528000E+3	176,286460E+3	0,000000E+0	1,026000E+3	12,000000E+0
413	65,528000E+3	176,286460E+3	0,000000E+0	1,026000E+3	12,000000E+0
414	65,528000E+3	176,286460E+3	0,000000E+0	1,026000E+3	12,000000E+0
415	65,528000E+3	176,286460E+3	0,000000E+0	1,025000E+3	12,000000E+0
416	65,528000E+3	176,286460E+3	0,000000E+0	1,025000E+3	12,000000E+0
417	65,528000E+3	176,286460E+3	0,000000E+0	1,025000E+3	12,000000E+0
418	65,528000E+3	176,286460E+3	0,000000E+0	1,025000E+3	12,000000E+0
419	65,528000E+3	176,286460E+3	0,000000E+0	1,025000E+3	12,000000E+0
420	65,528000E+3	176,286460E+3	0,000000E+0	1,025000E+3	12,000000E+0
421	65,528000E+3	176,286460E+3	0,000000E+0	1,025000E+3	12,000000E+0
422	65,528000E+3	176,286460E+3	0,000000E+0	1,025000E+3	12,000000E+0
423	65,528000E+3	176,286460E+3	0,000000E+0	1,025000E+3	12,000000E+0
424	65,528000E+3	176,286460E+3	0,000000E+0	1,025000E+3	12,000000E+0
425	65,528000E+3	176,286460E+3	0,000000E+0	1,025000E+3	12,000000E+0
426	65,528000E+3	176,286460E+3	0,000000E+0	1,025000E+3	12,000000E+0
427	65,521000E+3	176,286460E+3	0,000000E+0	1,026000E+3	12,000000E+0
428	65,521000E+3	176,286460E+3	0,000000E+0	1,026000E+3	12,000000E+0
429	65,521000E+3	176,286460E+3	0,000000E+0	1,026000E+3	12,000000E+0
430	65,521000E+3	176,286460E+3	0,000000E+0	1,026000E+3	12,000000E+0
431	65,528000E+3	176,286460E+3	0,000000E+0	1,026000E+3	12,000000E+0
432	65,528000E+3	176,286460E+3	0,000000E+0	1,026000E+3	12,000000E+0
433	65,528000E+3	176,286460E+3	0,000000E+0	1,026000E+3	12,000000E+0
434	65,528000E+3	176,286460E+3	0,000000E+0	1,026000E+3	12,000000E+0
435	65,528000E+3	176,286460E+3	0,000000E+0	1,025000E+3	12,000000E+0
436	65,528000E+3	176,286460E+3	0,000000E+0	1,025000E+3	12,000000E+0
437	65,528000E+3	176,286460E+3	0,000000E+0	1,025000E+3	12,000000E+0
438	65,528000E+3	176,286460E+3	0,000000E+0	1,025000E+3	12,000000E+0
439	65,528000E+3	176,286460E+3	0,000000E+0	1,026000E+3	12,000000E+0
440	65,528000E+3	176,286460E+3	0,000000E+0	1,026000E+3	12,000000E+0
441	65,528000E+3	176,286460E+3	0,000000E+0	1,026000E+3	12,000000E+0
442	65,528000E+3	176,286460E+3	0,000000E+0	1,026000E+3	12,000000E+0
443	65,521000E+3	176,286460E+3	0,000000E+0	1,026000E+3	12,000000E+0
444	65,521000E+3	176,286460E+3	0,000000E+0	1,026000E+3	12,000000E+0
445	65,521000E+3	176,286460E+3	0,000000E+0	1,026000E+3	12,000000E+0
446	65,521000E+3	176,286460E+3	0,000000E+0	1,026000E+3	12,000000E+0
447	65,528000E+3	176,283770E+3	0,000000E+0	1,026000E+3	12,000000E+0
448	65,528000E+3	176,283770E+3	0,000000E+0	1,026000E+3	12,000000E+0
449	65,528000E+3	176,283770E+3	0,000000E+0	1,026000E+3	12,000000E+0
450	65,528000E+3	176,283770E+3	0,000000E+0	1,026000E+3	12,000000E+0
451	65,521000E+3	176,286460E+3	0,000000E+0	1,025000E+3	12,000000E+0
452	65,521000E+3	176,286460E+3	0,000000E+0	1,025000E+3	12,000000E+0
453	65,521000E+3	176,286460E+3	0,000000E+0	1,025000E+3	12,000000E+0
454	65,521000E+3	176,286460E+3	0,000000E+0	1,025000E+3	12,000000E+0
455	7,000000E+0	0,000000E+0	0,000000E+0	1,023000E+3	12,000000E+0
456	7,000000E+0	0,000000E+0	0,000000E+0	1,023000E+3	12,000000E+0
457	7,000000E+0	0,000000E+0	0,000000E+0	1,023000E+3	12,000000E+0
458	7,000000E+0	0,000000E+0	0,000000E+0	1,023000E+3	12,000000E+0
459	28,000000E+0	18,830000E+0	-687,000000E-3	1,020000E+3	11,900000E+0
460	28,000000E+0	18,830000E+0	-687,000000E-3	1,020000E+3	11,900000E+0
461	28,000000E+0	18,830000E+0	-687,000000E-3	1,020000E+3	11,900000E+0
462	28,000000E+0	18,830000E+0	-687,000000E-3	1,020000E+3	11,900000E+0
463	21,000000E+0	2,690000E+0	-229,000000E-3	261,629000E+3	3,046400E+3
464	21,000000E+0	2,690000E+0	-229,000000E-3	261,629000E+3	3,046400E+3
465	21,000000E+0	2,690000E+0	-229,000000E-3	261,629000E+3	3,046400E+3
466	21,000000E+0	2,690000E+0	-229,000000E-3	261,629000E+3	3,046400E+3
467	65,528000E+3	2,690000E+0	0,000000E+0	1,025000E+3	12,000000E+0
468	65,528000E+3	2,690000E+0	0,000000E+0	1,025000E+3	12,000000E+0
469	65,528000E+3	2,690000E+0	0,000000E+0	1,025000E+3	12,000000E+0
470	65,528000E+3	2,690000E+0	0,000000E+0	1,025000E+3	12,000000E+0
471	65,507000E+3	176,270320E+3	458,000000E-3	1,028000E+3	12,000000E+0
472	65,507000E+3	176,270320E+3	458,000000E-3	1,028000E+3	12,000000E+0
473	65,507000E+3	176,270320E+3	458,000000E-3	1,028000E+3	12,000000E+0
474	65,507000E+3	176,270320E+3	458,000000E-3	1,028000E+3	12,000000E+0
475	65,521000E+3	176,275700E+3	0,000000E+0	1,026000E+3	12,000000E+0
476	65,521000E+3	176,275700E+3	0,000000E+0	1,026000E+3	12,000000E+0
477	65,521000E+3	176,275700E+3	0,000000E+0	1,026000E+3	12,000000E+0
478	65,521000E+3	176,275700E+3	0,000000E+0	1,026000E+3	12,000000E+0
479	65,514000E+3	176,273010E+3	687,000000E-3	1,027000E+3	12,000000E+0
480	65,514000E+3	176,273010E+3	687,000000E-3	1,027000E+3	12,000000E+0
481	65,514000E+3	176,273010E+3	687,000000E-3	1,027000E+3	12,000000E+0
482	65,514000E+3	176,273010E+3	687,000000E-3	1,027000E+3	12,000000E+0
483	65,507000E+3	176,259560E+3	916,000000E-3	1,028000E+3	12,000000E+0
484	65,507000E+3	176,259560E+3	916,000000E-3	1,028000E+3	12,000000E+0
485	65,507000E+3	176,259560E+3	916,000000E-3	1,028000E+3	12,000000E+0
486	65,507000E+3	176,259560E+3	916,000000E-3	1,028000E+3	12,000000E+0
487	65,514000E+3	176,273010E+3	0,000000E+0	1,027000E+3	12,000000E+0
488	65,514000E+3	176,273010E+3	0,000000E+0	1,027000E+3	12,000000E+0
489	65,514000E+3	176,273010E+3	0,000000E+0	1,027000E+3	12,000000E+0
490	65,514000E+3	176,273010E+3	0,000000E+0	1,027000E+3	12,000000E+0
491	65,521000E+3	176,289150E+3	-458,000000E-3	1,026000E+3	12,000000E+0
492	65,521000E+3	176,289150E+3	-458,000000E-3	1,026000E+3	12,000000E+0
493	65,521000E+3	176,289150E+3	-458,000000E-3	1,026000E+3	12,000000E+0
494	65,521000E+3	176,289150E+3	-458,000000E-3	1,026000E+3	12,000000E+0
495	0,000000E+0	0,000000E+0	-458,000000E-3	1,024000E+3	12,000000E+0
496	0,000000E+0	0,000000E+0	-458,000000E-3	1,024000E+3	12,000000E+0
497	0,000000E+0	0,000000E+0	-458,000000E-3	1,024000E+3	12,000000E+0
498	0,000000E+0	0,000000E+0	-458,000000E-3	1,024000E+3	12,000000E+0
499	65,528000E+3	0,000000E+0	0,000000E+0	1,025000E+3	12,000000E+0
500	65,528000E+3	0,000000E+0	0,000000E+0	1,025000E+3	12,000000E+0
501	65,528000E+3	0,000000E+0	0,000000E+0	1,025000E+3	12,000000E+0
502	65,528000E+3	0,000000E+0	0,000000E+0	1,025000E+3	12,000000E+0
503	65,528000E+3	0,000000E+0	0,000000E+0	1,025000E+3	12,000000E+0
504	65,528000E+3	0,000000E+0	0,000000E+0	1,025000E+3	12,000000E+0
505	65,528000E+3	0,000000E+0	0,000000E+0	1,025000E+3	12,000000E+0
506	65,528000E+3	0,000000E+0	0,000000E+0	1,025000E+3	12,000000E+0
507	65,521000E+3	176,289150E+3	0,000000E+0	1,025000E+3	12,000000E+0
508	65,521000E+3	176,289150E+3	0,000000E+0	1,025000E+3	12,000000E+0
509	65,521000E+3	176,289150E+3	0,000000E+0	1,025000E+3	12,000000E+0
510	65,521000E+3	176,289150E+3	0,000000E+0	1,025000E+3	12,000000E+0
511	65,528000E+3	176,289150E+3	0,000000E+0	1,025000E+3	12,000000E+0
512	65,528000E+3	176,289150E+3	0,000000E+0	1,025000E+3	12,000000E+0
513	65,528000E+3	176,289150E+3	0,000000E+0	1,025000E+3	12,000000E+0
514	65,528000E+3	176,289150E+3	0,000000E+0	1,025000E+3	12,000000E+0
515	65,528000E+3	176,289150E+3	0,000000E+0	1,025000E+3	12,000000E+0
516	65,528000E+3	176,289150E+3	0,000000E+0	1,025000E+3	12,000000E+0
517	65,528000E+3	176,289150E+3	0,000000E+0	1,025000E+3	12,000000E+0
518	65,528000E+3	176,289150E+3	0,000000E+0	1,025000E+3	12,000000E+0
519	65,528000E+3	176,289150E+3	0,000000E+0	1,025000E+3	12,000000E+0
520	65,528000E+3	176,289150E+3	0,000000E+0	1,025000E+3	12,000000E+0
521	65,528000E+3	176,289150E+3	0,000000E+0	1,025000E+3	12,000000E+0
522	65,528000E+3	176,289150E+3	0,000000E+0	1,025000E+3	12,000000E+0
523	65,528000E+3	176,289150E+3	0,000000E+0	1,025000E+3	12,000000E+0
524	65,528000E+3	176,289150E+3	0,000000E+0	1,025000E+3	12,000000E+0
525	65,528000E+3	176,289150E+3	0,000000E+0	1,025000E+3	12,000000E+0
526	65,528000E+3	176,289150E+3	0,000000E+0	1,025000E+3	12,000000E+0
527	65,528000E+3	176,289150E+3	0,000000E+0	1,025000E+3	12,000000E+0
528	65,528000E+3	176,289150E+3	0,000000E+0	1,025000E+3	12,000000E+0
529	65,528000E+3	176,289150E+3	0,000000E+0	1,025000E+3	12,000000E+0
530	65,528000E+3	176,289150E+3	0,000000E+0	1,025000E+3	12,000000E+0
531	65,528000E+3	0,000000E+0	0,000000E+0	1,025000E+3	12,000000E+0
532	65,528000E+3	0,000000E+0	0,000000E+0	1,025000E+3	12,000000E+0
533	65,528000E+3	0,000000E+0	0,000000E+0	1,025000E+3	12,000000E+0
534	65,528000E+3	0,000000E+0	0,000000E+0	1,025000E+3	12,000000E+0
535	65,528000E+3	176,289150E+3	0,000000E+0	1,025000E+3	12,000000E+0
536	65,528000E+3	176,289150E+3	0,000000E+0	1,025000E+3	12,000000E+0
537	65,528000E+3	176,289150E+3	0,000000E+0	1,025000E+3	12,000000E+0
538	65,528000E+3	176,289150E+3	0,000000E+0	1,025000E+3	12,000000E+0
539	65,528000E+3	176,289150E+3	0,000000E+0	1,025000E+3	12,000000E+0
540	65,528000E+3	176,289150E+3	0,000000E+0	1,025000E+3	12,000000E+0
541	65,528000E+3	176,289150E+3	0,000000E+0	1,025000E+3	12,000000E+0
542	65,528000E+3	176,289150E+3	0,000000E+0	1,025000E+3	12,000000E+0
543	65,528000E+3	176,286460E+3	0,000000E+0	1,025000E+3	12,000000E+0
544	65,528000E+3	176,286460E+3	0,000000E+0	1,025000E+3	12,000000E+0
545	65,528000E+3	176,286460E+3	0,000000E+0	1,025000E+3	12,000000E+0
546	65,528000E+3	176,286460E+3	0,000000E+0	1,025000E+3	12,000000E+0
547	65,528000E+3	176,283770E+3	0,000000E+0	1,026000E+3	12,000000E+0
548	65,528000E+3	176,283770E+3	0,000000E+0	1,026000E+3	12,000000E+0
549	65,528000E+3	176,283770E+3	0,000000E+0	1,026000E+3	12,000000E+0
550	65,528000E+3	176,283770E+3	0,000000E+0	1,026000E+3	12,000000E+0
551	65,528000E+3	0,000000E+0	0,000000E+0	1,025000E+3	12,000000E+0
552	65,528000E+3	0,000000E+0	0,000000E+0	1,025000E+3	12,000000E+0
553	65,528000E+3	0,000000E+0	0,000000E+0	1,025000E+3	12,000000E+0
554	65,528000E+3	0,000000E+0	0,000000E+0	1,025000E+3	12,000000E+0
555	28,000000E+0	10,760000E+0	-687,000000E-3	1,020000E+3	11,900000E+0
556	28,000000E+0	10,760000E+0	-687,000000E-3	1,020000E+3	11,900000E+0
557	28,000000E+0	10,760000E+0	-687,000000E-3	1,020000E+3	11,900000E+0
558	28,000000E+0	10,760000E+0	-687,000000E-3	1,020000E+3	11,900000E+0
559	21,000000E+0	13,450000E+0	-458,000000E-3	261,629000E+3	3,072000E+3
560	21,000000E+0	13,450000E+0	-458,000000E-3	261,629000E+3	3,072000E+3
561	21,000000E+0	13,450000E+0	-458,000000E-3	261,629000E+3	3,072000E+3
562	21,000000E+0	13,450000E+0	-458,000000E-3	261,629000E+3	3,072000E+3
563	0,000000E+0	0,000000E+0	0,000000E+0	1,024000E+3	12,000000E+0
564	0,000000E+0	0,000000E+0	0,000000E+0	1,024000E+3	12,000000E+0
565	0,000000E+0	0,000000E+0	0,000000E+0	1,024000E+3	12,000000E+0
566	0,000000E+0	0,000000E+0	0,000000E+0	1,024000E+3	12,000000E+0
567	65,514000E+3	0,000000E+0	229,000000E-3	1,027000E+3	12,000000E+0
568	65,514000E+3	0,000000E+0	229,000000E-3	1,027000E+3	12,000000E+0
569	65,514000E+3	0,000000E+0	229,000000E-3	1,027000E+3	12,000000E+0
570	65,514000E+3	0,000000E+0	229,000000E-3	1,027000E+3	12,000000E+0
571	65,521000E+3	176,275700E+3	229,000000E-3	1,027000E+3	12,000000E+0
572	65,521000E+3	176,275700E+3	229,000000E-3	1,027000E+3	12,000000E+0
573	65,521000E+3	176,275700E+3	229,000000E-3	1,027000E+3	12,000000E+0
574	65,521000E+3	176,275700E+3	229,000000E-3	1,027000E+3	12,000000E+0
575	65,521000E+3	176,281080E+3	0,000000E+0	1,026000E+3	12,000000E+0
576	65,521000E+3	176,281080E+3	0,000000E+0	1,026000E+3	12,000000E+0
577	65,521000E+3	176,281080E+3	0,000000E+0	1,026000E+3	12,000000E+0
578	65,521000E+3	176,281080E+3	0,000000E+0	1,026000E+3	12,000000E+0
579	65,507000E+3	176,259560E+3	1,145000E+0	1,028000E+3	12,000000E+0
580	65,507000E+3	176,259560E+3	1,145000E+0	1,028000E+3	12,000000E+0
581	65,507000E+3	176,259560E+3	1,145000E+0	1,028000E+3	12,000000E+0
582	65,507000E+3	176,259560E+3	1,145000E+0	1,028000E+3	12,000000E+0
583	65,507000E+3	176,267630E+3	229,000000E-3	1,028000E+3	12,000000E+0
584	65,507000E+3	176,267630E+3	229,000000E-3	1,028000E+3	12,000000E+0
585	65,507000E+3	176,267630E+3	229,000000E-3	1,028000E+3	12,000000E+0
586	65,507000E+3	176,267630E+3	229,000000E-3	1,028000E+3	12,000000E+0
587	65,521000E+3	176,281080E+3	-458,000000E-3	1,026000E+3	12,000000E+0
588	65,521000E+3	176,281080E+3	-458,000000E-3	1,026000E+3	12,000000E+0
589	65,521000E+3	176,281080E+3	-458,000000E-3	1,026000E+3	12,000000E+0
590	65,521000E+3	176,281080E+3	-458,000000E-3	1,026000E+3	12,000000E+0
591	65,521000E+3	0,000000E+0	-229,000000E-3	1,026000E+3	12,000000E+0
592	65,521000E+3	0,000000E+0	-229,000000E-3	1,026000E+3	12,000000E+0
593	65,521000E+3	0,000000E+0	-229,000000E-3	1,026000E+3	12,000000E+0
594	65,521000E+3	0,000000E+0	-229,000000E-3	1,026000E+3	12,000000E+0
595	65,528000E+3	0,000000E+0	0,000000E+0	1,025000E+3	12,000000E+0
596	65,528000E+3	0,000000E+0	0,000000E+0	1,025000E+3	12,000000E+0
597	65,528000E+3	0,000000E+0	0,000000E+0	1,025000E+3	12,000000E+0
598	65,528000E+3	0,000000E+0	0,000000E+0	1,025000E+3	12,000000E+0
599	65,528000E+3	0,000000E+0	0,000000E+0	1,025000E+3	12,000000E+0
600	65,528000E+3	0,000000E+0	0,000000E+0	1,025000E+3	12,000000E+0
601	65,528000E+3	0,000000E+0	0,000000E+0	1,025000E+3	12,000000E+0
602	65,528000E+3	0,000000E+0	0,000000E+0	1,025000E+3	12,000000E+0
603	65,528000E+3	176,289150E+3	0,000000E+0	1,025000E+3	12,000000E+0
604	65,528000E+3	176,289150E+3	0,000000E+0	1,025000E+3	12,000000E+0
605	65,528000E+3	176,289150E+3	0,000000E+0	1,025000E+3	12,000000E+0
606	65,528000E+3	176,289150E+3	0,000000E+0	1,025000E+3	12,000000E+0
607	65,528000E+3	176,286460E+3	0,000000E+0	1,026000E+3	12,000000E+0
608	65,528000E+3	176,286460E+3	0,000000E+0	1,026000E+3	12,000000E+0
609	65,528000E+3	176,286460E+3	0,000000E+0	1,026000E+3	12,000000E+0
610	65,528000E+3	176,286460E+3	0,000000E+0	1,026000E+3	12,000000E+0
611	65,521000E+3	176,286460E+3	0,000000E+0	1,026000E+3	12,000000E+0
612	65,521000E+3	176,286460E+3	0,000000E+0	1,026000E+3	12,000000E+0
613	65,521000E+3	176,286460E+3	0,000000E+0	1,026000E+3	12,000000E+0
614	65,521000E+3	176,286460E+3	0,000000E+0	1,026000E+3	12,000000E+0
615	65,521000E+3	176,286460E+3	0,000000E+0	1,026000E+3	12,000000E+0
616	65,521000E+3	176,286460E+3	0,000000E+0	1,026000E+3	12,000000E+0
617	65,521000E+3	176,286460E+3	0,000000E+0	1,026000E+3	12,000000E+0
618	65,521000E+3	176,286460E+3	0,000000E+0	1,026000E+3	12,000000E+0
619	65,528000E+3	176,286460E+3	0,000000E+0	1,026000E+3	12,000000E+0
620	65,528000E+3	176,286460E+3	0,000000E+0	1,026000E+3	12,000000E+0
621	65,528000E+3	176,286460E+3	0,000000E+0	1,026000E+3	12,000000E+0
622	65,528000E+3	176,286460E+3	0,000000E+0	1,026000E+3	12,000000E+0
623	65,528000E+3	176,286460E+3	0,000000E+0	1,026000E+3	12,000000E+0
624	65,528000E+3	176,286460E+3	0,000000E+0	1,026000E+3	12,000000E+0
625	65,528000E+3	176,286460E+3	0,000000E+0	1,026000E+3	12,000000E+0
626	65,528000E+3	176,286460E+3	0,000000E+0	1,026000E+3	12,000000E+0
627	65,521000E+3	176,283770E+3	0,000000E+0	1,025000E+3	12,000000E+0
628	65,521000E+3	176,283770E+3	0,000000E+0	1,025000E+3	12,000000E+0
629	65,521000E+3	176,283770E+3	0,000000E+0	1,025000E+3	12,000000E+0
630	65,521000E+3	176,283770E+3	0,000000E+0	1,025000E+3	12,000000E+0
631	65,521000E+3	176,286460E+3	0,000000E+0	1,026000E+3	12,000000E+0
632	65,521000E+3	176,286460E+3	0,000000E+0	1,026000E+3	12,000000E+0
633	65,521000E+3	176,286460E+3	0,000000E+0	1,026000E+3	12,000000E+0
634	65,521000E+3	176,286460E+3	0,000000E+0	1,026000E+3	12,000000E+0
635	65,528000E+3	176,289150E+3	0,000000E+0	1,025000E+3	12,000000E+0
636	65,528000E+3	176,289150E+3	0,000000E+0	1,025000E+3	12,000000E+0
637	65,528000E+3	176,289150E+3	0,000000E+0	1,025000E+3	12,000000E+0
638	65,528000E+3	176,289150E+3	0,000000E+0	1,025000E+3	12,000000E+0
639	65,528000E+3	176,286460E+3	0,000000E+0	1,025000E+3	12,000000E+0
640	65,528000E+3	176,286460E+3	0,000000E+0	1,025000E+3	12,000000E+0
641	65,528000E+3	176,286460E+3	0,000000E+0	1,025000E+3	12,000000E+0
642	65,528000E+3	176,286460E+3	0,000000E+0	1,025000E+3	12,000000E+0
643	65,521000E+3	176,283770E+3	0,000000E+0	1,026000E+3	12,000000E+0
644	65,521000E+3	176,283770E+3	0,000000E+0	1,026000E+3	12,000000E+0
645	65,521000E+3	176,283770E+3	0,000000E+0	1,026000E+3	12,000000E+0
646	65,521000E+3	176,283770E+3	0,000000E+0	1,026000E+3	12,000000E+0
647	65,521000E+3	176,286460E+3	0,000000E+0	1,025000E+3	12,000000E+0
648	65,521000E+3	176,286460E+3	0,000000E+0	1,025000E+3	12,000000E+0
649	65,521000E+3	176,286460E+3	0,000000E+0	1,025000E+3	12,000000E+0
650	65,521000E+3	176,286460E+3	0,000000E+0	1,025000E+3	12,000000E+0
651	7,000000E+0	0,000000E+0	0,000000E+0	1,023000E+3	12,000000E+0
652	7,000000E+0	0,000000E+0	0,000000E+0	1,023000E+3	12,000000E+0
653	7,000000E+0	0,000000E+0	0,000000E+0	1,023000E+3	12,000000E+0
654	7,000000E+0	0,000000E+0	0,000000E+0	1,023000E+3	12,000000E+0
655	28,000000E+0	21,520000E+0	-687,000000E-3	1,020000E+3	11,900000E+0
656	28,000000E+0	21,520000E+0	-687,000000E-3	1,020000E+3	11,900000E+0
657	28,000000E+0	21,520000E+0	-687,000000E-3	1,020000E+3	11,900000E+0
658	28,000000E+0	21,520000E+0	-687,000000E-3	1,020000E+3	11,900000E+0
659	14,000000E+0	5,380000E+0	-229,000000E-3	261,629000E+3	3,046400E+3
660	14,000000E+0	5,380000E+0	-229,000000E-3	261,629000E+3	3,046400E+3
661	14,000000E+0	5,380000E+0	-229,000000E-3	261,629000E+3	3,046400E+3
662	14,000000E+0	5,380000E+0	-229,000000E-3	261,629000E+3	3,046400E+3
663	65,528000E+3	0,000000E+0	0,000000E+0	1,025000E+3	12,000000E+0
664	65,528000E+3	0,000000E+0	0,000000E+0	1,025000E+3	12,000000E+0
665	65,528000E+3	0,000000E+0	0,000000E+0	1,025000E+3	12,000000E+0
666	65,528000E+3	0,000000E+0	0,000000E+0	1,025000E+3	12,000000E+0
667	65,507000E+3	176,270320E+3	458,000000E-3	1,028000E+3	12,000000E+0
668	65,507000E+3	176,270320E+3	458,000000E-3	1,028000E+3	12,000000E+0
669	65,507000E+3	176,270320E+3	458,000000E-3	1,028000E+3	12,000000E+0
670	65,507000E+3	176,270320E+3	458,000000E-3	1,028000E+3	12,000000E+0
671	65,521000E+3	176,278390E+3	0,000000E+0	1,026000E+3	12,000000E+0
672	65,521000E+3	176,278390E+3	0,000000E+0	1,026000E+3	12,000000E+0
673	65,521000E+3	176,278390E+3	0,000000E+0	1,026000E+3	12,000000E+0
674	65,521000E+3	176,278390E+3	0,000000E+0	1,026000E+3	12,000000E+0
675	65,514000E+3	176,270320E+3	687,000000E-3	1,026000E+3	12,000000E+0
676	65,514000E+3	176,270320E+3	687,000000E-3	1,026000E+3	12,000000E+0
677	65,514000E+3	176,270320E+3	687,000000E-3	1,026000E+3	12,000000E+0
678	65,514000E+3	176,270320E+3	687,000000E-3	1,026000E+3	12,000000E+0
679	65,507000E+3	176,259560E+3	687,000000E-3	1,028000E+3	12,000000E+0
680	65,507000E+3	176,259560E+3	687,000000E-3	1,028000E+3	12,000000E+0
681	65,507000E+3	176,259560E+3	687,000000E-3	1,028000E+3	12,000000E+0
682	65,507000E+3	176,259560E+3	687,000000E-3	1,028000E+3	12,000000E+0
683	65,514000E+3	176,273010E+3	0,000000E+0	1,028000E+3	12,000000E+0
684	65,514000E+3	176,273010E+3	0,000000E+0	1,028000E+3	12,000000E+0
685	65,514000E+3	176,273010E+3	0,000000E+0	1,028000E+3	12,000000E+0
686	65,514000E+3	176,273010E+3	0,000000E+0	1,028000E+3	12,000000E+0
687	65,521000E+3	176,286460E+3	-458,000000E-3	1,026000E+3	12,000000E+0
688	65,521000E+3	176,286460E+3	-458,000000E-3	1,026000E+3	12,000000E+0
689	65,521000E+3	176,286460E+3	-458,000000E-3	1,026000E+3	12,000000E+0
690	65,521000E+3	176,286460E+3	-458,000000E-3	1,026000E+3	12,000000E+0
691	0,000000E+0	0,000000E+0	-458,000000E-3	1,024000E+3	12,000000E+0
692	0,000000E+0	0,000000E+0	-458,000000E-3	1,024000E+3	12,000000E+0
693	0,000000E+0	0,000000E+0	-458,000000E-3	1,024000E+3	12,000000E+0
694	0,000000E+0	0,000000E+0	-458,000000E-3	1,024000E+3	12,000000E+0
695	65,528000E+3	0,000000E+0	0,000000E+0	1,025000E+3	12,000000E+0
696	65,528000E+3	0,000000E+0	0,000000E+0	1,025000E+3	12,000000E+0
697	65,528000E+3	0,000000E+0	0,000000E+0	1,025000E+3	12,000000E+0
698	65,528000E+3	0,000000E+0	0,000000E+0	1,025000E+3	12,000000E+0
699	65,528000E+3	0,000000E+0	0,000000E+0	1,025000E+3	12,000000E+0
700	65,528000E+3	0,000000E+0	0,000000E+0	1,025000E+3	12,000000E+0
701	65,528000E+3	0,000000E+0	0,000000E+0	1,025000E+3	12,000000E+0
702	65,528000E+3	0,000000E+0	0,000000E+0	1,025000E+3	12,000000E+0
703	65,528000E+3	176,289150E+3	0,000000E+0	1,026000E+3	12,000000E+0
704	65,528000E+3	176,289150E+3	0,000000E+0	1,026000E+3	12,000000E+0
705	65,528000E+3	176,289150E+3	0,000000E+0	1,026000E+3	12,000000E+0
706	65,528000E+3	176,289150E+3	0,000000E+0	1,026000E+3	12,000000E+0
707	65,528000E+3	176,289150E+3	0,000000E+0	1,025000E+3	12,000000E+0
708	65,528000E+3	176,289150E+3	0,000000E+0	1,025000E+3	12,000000E+0
709	65,528000E+3	176,289150E+3	0,000000E+0	1,025000E+3	12,000000E+0
710	65,528000E+3	176,289150E+3	0,000000E+0	1,025000E+3	12,000000E+0
711	65,521000E+3	176,286460E+3	0,000000E+0	1,025000E+3	12,000000E+0
712	65,521000E+3	176,286460E+3	0,000000E+0	1,025000E+3	12,000000E+0
713	65,521000E+3	176,286460E+3	0,000000E+0	1,025000E+3	12,000000E+0
714	65,521000E+3	176,286460E+3	0,000000E+0	1,025000E+3	12,000000E+0
715	65,528000E+3	176,286460E+3	0,000000E+0	1,025000E+3	12,000000E+0
716	65,528000E+3	176,286460E+3	0,000000E+0	1,025000E+3	12,000000E+0
717	65,528000E+3	176,286460E+3	0,000000E+0	1,025000E+3	12,000000E+0
718	65,528000E+3	176,286460E+3	0,000000E+0	1,025000E+3	12,000000E+0
719	65,528000E+3	176,289150E+3	0,000000E+0	1,025000E+3	12,000000E+0
720	65,528000E+3	176,289150E+3	0,000000E+0	1,025000E+3	12,000000E+0
721	65,528000E+3	176,289150E+3	0,000000E+0	1,025000E+3	12,000000E+0
722	65,528000E+3	176,289150E+3	0,000000E+0	1,025000E+3	12,000000E+0
723	65,528000E+3	176,289150E+3	0,000000E+0	1,025000E+3	12,000000E+0
724	65,528000E+3	176,289150E+3	0,000000E+0	1,025000E+3	12,000000E+0
725	65,528000E+3	176,289150E+3	0,000000E+0	1,025000E+3	12,000000E+0
726	65,528000E+3	176,289150E+3	0,000000E+0	1,025000E+3	12,000000E+0
727	65,528000E+3	176,286460E+3	0,000000E+0	1,026000E+3	12,000000E+0
728	65,528000E+3	176,286460E+3	0,000000E+0	1,026000E+3	12,000000E+0
729	65,528000E+3	176,286460E+3	0,000000E+0	1,026000E+3	12,000000E+0
730	65,528000E+3	176,286460E+3	0,000000E+0	1,026000E+3	12,000000E+0
731	65,528000E+3	176,289150E+3	0,000000E+0	1,026000E+3	12,000000E+0
732	65,528000E+3	176,289150E+3	0,000000E+0	1,026000E+3	12,000000E+0
733	65,528000E+3	176,289150E+3	0,000000E+0	1,026000E+3	12,000000E+0
734	65,528000E+3	176,289150E+3	0,000000E+0	1,026000E+3	12,000000E+0
735	65,528000E+3	176,286460E+3	0,000000E+0	1,025000E+3	12,000000E+0
736	65,528000E+3	176,286460E+3	0,000000E+0	1,025000E+3	12,000000E+0
737	65,528000E+3	176,286460E+3	0,000000E+0	1,025000E+3	12,000000E+0
738	65,528000E+3	176,286460E+3	0,000000E+0	1,025000E+3	12,000000E+0
739	65,521000E+3	176,283770E+3	0,000000E+0	1,026000E+3	12,000000E+0
740	65,521000E+3	176,283770E+3	0,000000E+0	1,026000E+3	12,000000E+0
741	65,521000E+3	176,283770E+3	0,000000E+0	1,026000E+3	12,000000E+0
742	65,521000E+3	176,283770E+3	0,000000E+0	1,026000E+3	12,000000E+0
743	65,521000E+3	176,283770E+3	0,000000E+0	1,026000E+3	12,000000E+0
744	65,521000E+3	176,283770E+3	0,000000E+0	1,026000E+3	12,000000E+0
745	65,521000E+3	176,283770E+3	0,000000E+0	1,026000E+3	12,000000E+0
746	65,521000E+3	176,283770E+3	0,000000E+0	1,026000E+3	12,000000E+0
747	65,528000E+3	176,289150E+3	0,000000E+0	1,025000E+3	12,000000E+0
748	65,528000E+3	176,289150E+3	0,000000E+0	1,025000E+3	12,000000E+0
749	65,528000E+3	176,289150E+3	0,000000E+0	1,025000E+3	12,000000E+0
750	65,528000E+3	176,289150E+3	0,000000E+0	1,025000E+3	12,000000E+0
751	28,000000E+0	10,760000E+0	-458,000000E-3	1,020000E+3	11,900000E+0
752	28,000000E+0	10,760000E+0	-458,000000E-3	1,020000E+3	11,900000E+0
753	28,000000E+0	10,760000E+0	-458,000000E-3	1,020000E+3	11,900000E+0
754	28,000000E+0	10,760000E+0	-458,000000E-3	1,020000E+3	11,900000E+0
755	21,000000E+0	8,070000E+0	-458,000000E-3	261,629000E+3	3,046400E+3
756	21,000000E+0	8,070000E+0	-458,000000E-3	261,629000E+3	3,046400E+3
757	21,000000E+0	8,070000E+0	-458,000000E-3	261,629000E+3	3,046400E+3
758	21,000000E+0	8,070000E+0	-458,000000E-3	261,629000E+3	3,046400E+3
759	0,000000E+0	2,690000E+0	0,000000E+0	1,024000E+3	12,000000E+0
760	0,000000E+0	2,690000E+0	0,000000E+0	1,024000E+3	12,000000E+0
761	0,000000E+0	2,690000E+0	0,000000E+0	1,024000E+3	12,000000E+0
762	0,000000E+0	2,690000E+0	0,000000E+0	1,024000E+3	12,000000E+0
763	65,514000E+3	0,000000E+0	229,000000E-3	1,027000E+3	12,000000E+0
764	65,514000E+3	0,000000E+0	229,000000E-3	1,027000E+3	12,000000E+0
765	65,514000E+3	0,000000E+0	229,000000E-3	1,027000E+3	12,000000E+0
766	65,514000E+3	0,000000E+0	229,000000E-3	1,027000E+3	12,000000E+0
767	65,514000E+3	176,273010E+3	229,000000E-3	1,027000E+3	12,000000E+0
768	65,514000E+3	176,273010E+3	229,000000E-3	1,027000E+3	12,000000E+0
769	65,514000E+3	176,273010E+3	229,000000E-3	1,027000E+3	12,000000E+0
770	65,514000E+3	176,273010E+3	229,000000E-3	1,027000E+3	12,000000E+0
771	65,521000E+3	176,278390E+3	229,000000E-3	1,027000E+3	12,000000E+0
772	65,521000E+3	176,278390E+3	229,000000E-3	1,027000E+3	12,000000E+0
773	65,521000E+3	176,278390E+3	229,000000E-3	1,027000E+3	12,000000E+0
774	65,521000E+3	176,278390E+3	229,000000E-3	1,027000E+3	12,000000E+0
775	65,507000E+3	176,259560E+3	1,145000E+0	1,028000E+3	12,000000E+0
776	65,507000E+3	176,259560E+3	1,145000E+0	1,028000E+3	12,000000E+0
777	65,507000E+3	176,259560E+3	1,145000E+0	1,028000E+3	12,000000E+0
778	65,507000E+3	176,259560E+3	1,145000E+0	1,028000E+3	12,000000E+0
779	65,507000E+3	176,264940E+3	229,000000E-3	1,028000E+3	12,000000E+0
780	65,507000E+3	176,264940E+3	229,000000E-3	1,028000E+3	12,000000E+0
781	65,507000E+3	176,264940E+3	229,000000E-3	1,028000E+3	12,000000E+0
782	65,507000E+3	176,264940E+3	229,000000E-3	1,028000E+3	12,000000E+0
783	65,521000E+3	176,283770E+3	-458,000000E-3	1,026000E+3	12,000000E+0
784	65,521000E+3	176,283770E+3	-458,000000E-3	1,026000E+3	12,000000E+0
785	65,521000E+3	176,283770E+3	-458,000000E-3	1,026000E+3	12,000000E+0
786	65,521000E+3	176,283770E+3	-458,000000E-3	1,026000E+3	12,000000E+0
787	65,521000E+3	176,289150E+3	-229,000000E-3	1,026000E+3	12,000000E+0
788	65,521000E+3	176,289150E+3	-229,000000E-3	1,026000E+3	12,000000E+0
789	65,521000E+3	176,289150E+3	-229,000000E-3	1,026000E+3	12,000000E+0
790	65,521000E+3	176,289150E+3	-229,000000E-3	1,026000E+3	12,000000E+0
791	65,528000E+3	0,000000E+0	0,000000E+0	1,025000E+3	12,000000E+0
792	65,528000E+3	0,000000E+0	0,000000E+0	1,025000E+3	12,000000E+0
793	65,528000E+3	0,000000E+0	0,000000E+0	1,025000E+3	12,000000E+0
794	65,528000E+3	0,000000E+0	0,000000E+0	1,025000E+3	12,000000E+0
795	65,528000E+3	0,000000E+0	0,000000E+0	1,025000E+3	12,000000E+0
796	65,528000E+3	0,000000E+0	0,000000E+0	1,025000E+3	12,000000E+0
797	65,528000E+3	0,000000E+0	0,000000E+0	1,025000E+3	12,000000E+0
798	65,528000E+3	0,000000E+0	0,000000E+0	1,025000E+3	12,000000E+0
799	65,521000E+3	176,289150E+3	0,000000E+0	1,025000E+3	12,000000E+0
800	65,521000E+3	176,289150E+3	0,000000E+0	1,025000E+3	12,000000E+0
801	65,521000E+3	176,289150E+3	0,000000E+0	1,025000E+3	12,000000E+0
802	65,521000E+3	176,289150E+3	0,000000E+0	1,025000E+3	12,000000E+0
803	65,528000E+3	176,289150E+3	0,000000E+0	1,025000E+3	12,000000E+0
804	65,528000E+3	176,289150E+3	0,000000E+0	1,025000E+3	12,000000E+0
805	65,528000E+3	176,289150E+3	0,000000E+0	1,025000E+3	12,000000E+0
806	65,528000E+3	176,289150E+3	0,000000E+0	1,025000E+3	12,000000E+0
807	65,528000E+3	176,289150E+3	0,000000E+0	1,025000E+3	12,000000E+0
808	65,528000E+3	176,289150E+3	0,000000E+0	1,025000E+3	12,000000E+0
809	65,528000E+3	176,289150E+3	0,000000E+0	1,025000E+3	12,000000E+0
810	65,528000E+3	176,289150E+3	0,000000E+0	1,025000E+3	12,000000E+0
811	65,521000E+3	176,289150E+3	0,000000E+0	1,025000E+3	12,000000E+0
812	65,521000E+3	176,289150E+3	0,000000E+0	1,025000E+3	12,000000E+0
813	65,521000E+3	176,289150E+3	0,000000E+0	1,025000E+3	12,000000E+0
814	65,521000E+3	176,289150E+3	0,000000E+0	1,025000E+3	12,000000E+0
815	65,528000E+3	176,289150E+3	0,000000E+0	1,025000E+3	12,000000E+0
816	65,528000E+3	176,289150E+3	0,000000E+0	1,025000E+3	12,000000E+0
817	65,528000E+3	176,289150E+3	0,000000E+0	1,025000E+3	12,000000E+0
818	65,528000E+3	176,289150E+3	0,000000E+0	1,025000E+3	12,000000E+0
819	65,528000E+3	176,286460E+3	0,000000E+0	1,026000E+3	12,000000E+0
820	65,528000E+3	176,286460E+3	0,000000E+0	1,026000E+3	12,000000E+0
821	65,528000E+3	176,286460E+3	0,000000E+0	1,026000E+3	12,000000E+0
822	65,528000E+3	176,286460E+3	0,000000E+0	1,026000E+3	12,000000E+0
823	65,528000E+3	176,286460E+3	0,000000E+0	1,025000E+3	12,000000E+0
824	65,528000E+3	176,286460E+3	0,000000E+0	1,025000E+3	12,000000E+0
825	65,528000E+3	176,286460E+3	0,000000E+0	1,025000E+3	12,000000E+0
826	65,528000E+3	176,286460E+3	0,000000E+0	1,025000E+3	12,000000E+0
827	65,528000E+3	176,286460E+3	0,000000E+0	1,025000E+3	12,000000E+0
828	65,528000E+3	176,286460E+3	0,000000E+0	1,025000E+3	12,000000E+0
829	65,528000E+3	176,286460E+3	0,000000E+0	1,025000E+3	12,000000E+0
830	65,528000E+3	176,286460E+3	0,000000E+0	1,025000E+3	12,000000E+0
831	65,528000E+3	176,286460E+3	0,000000E+0	1,025000E+3	12,000000E+0
832	65,528000E+3	176,286460E+3	0,000000E+0	1,025000E+3	12,000000E+0
833	65,528000E+3	176,286460E+3	0,000000E+0	1,025000E+3	12,000000E+0
834	65,528000E+3	176,286460E+3	0,000000E+0	1,025000E+3	12,000000E+0
835	65,528000E+3	176,289150E+3	0,000000E+0	1,025000E+3	12,000000E+0
836	65,528000E+3	176,289150E+3	0,000000E+0	1,025000E+3	12,000000E+0
837	65,528000E+3	176,289150E+3	0,000000E+0	1,025000E+3	12,000000E+0
838	65,528000E+3	176,289150E+3	0,000000E+0	1,025000E+3	12,000000E+0
839	65,528000E+3	176,283770E+3	0,000000E+0	1,026000E+3	12,000000E+0
840	65,528000E+3	176,283770E+3	0,000000E+0	1,026000E+3	12,000000E+0
841	65,528000E+3	176,283770E+3	0,000000E+0	1,026000E+3	12,000000E+0
842	65,528000E+3	176,283770E+3	0,000000E+0	1,026000E+3	12,000000E+0
843	65,521000E+3	176,286460E+3	229,000000E-3	1,026000E+3	12,000000E+0
844	65,521000E+3	176,286460E+3	229,000000E-3	1,026000E+3	12,000000E+0
845	65,521000E+3	176,286460E+3	229,000000E-3	1,026000E+3	12,000000E+0
846	65,521000E+3	176,286460E+3	229,000000E-3	1,026000E+3	12,000000E+0
847	7,000000E+0	0,000000E+0	0,000000E+0	1,023000E+3	12,000000E+0
848	7,000000E+0	0,000000E+0	0,000000E+0	1,023000E+3	12,000000E+0
849	7,000000E+0	0,000000E+0	0,000000E+0	1,023000E+3	12,000000E+0
850	7,000000E+0	0,000000E+0	0,000000E+0	1,023000E+3	12,000000E+0
851	35,000000E+0	18,830000E+0	-687,000000E-3	1,020000E+3	11,900000E+0
852	35,000000E+0	18,830000E+0	-687,000000E-3	1,020000E+3	11,900000E+0
853	35,000000E+0	18,830000E+0	-687,000000E-3	1,020000E+3	11,900000E+0
854	35,000000E+0	18,830000E+0	-687,000000E-3	1,020000E+3	11,900000E+0
855	21,000000E+0	2,690000E+0	-229,000000E-3	261,629000E+3	3,046400E+3
856	21,000000E+0	2,690000E+0	-229,000000E-3	261,629000E+3	3,046400E+3
857	21,000000E+0	2,690000E+0	-229,000000E-3	261,629000E+3	3,046400E+3
858	21,000000E+0	2,690000E+0	-229,000000E-3	261,629000E+3	3,046400E+3
859	65,528000E+3	2,690000E+0	0,000000E+0	1,025000E+3	12,000000E+0
860	65,528000E+3	2,690000E+0	0,000000E+0	1,025000E+3	12,000000E+0
861	65,528000E+3	2,690000E+0	0,000000E+0	1,025000E+3	12,000000E+0
862	65,528000E+3	2,690000E+0	0,000000E+0	1,025000E+3	12,000000E+0
863	65,514000E+3	176,270320E+3	458,000000E-3	1,027000E+3	12,000000E+0
864	65,514000E+3	176,270320E+3	458,000000E-3	1,027000E+3	12,000000E+0
865	65,514000E+3	176,270320E+3	458,000000E-3	1,027000E+3	12,000000E+0
866	65,514000E+3	176,270320E+3	458,000000E-3	1,027000E+3	12,000000E+0
867	65,521000E+3	176,281080E+3	0,000000E+0	1,026000E+3	12,000000E+0
868	65,521000E+3	176,281080E+3	0,000000E+0	1,026000E+3	12,000000E+0
869	65,521000E+3	176,281080E+3	0,000000E+0	1,026000E+3	12,000000E+0
870	65,521000E+3	176,281080E+3	0,000000E+0	1,026000E+3	12,000000E+0
871	65,521000E+3	176,270320E+3	687,000000E-3	1,027000E+3	12,000000E+0
872	65,521000E+3	176,270320E+3	687,000000E-3	1,027000E+3	12,000000E+0
873	65,521000E+3	176,270320E+3	687,000000E-3	1,027000E+3	12,000000E+0
874	65,521000E+3	176,270320E+3	687,000000E-3	1,027000E+3	12,000000E+0
875	65,507000E+3	176,262250E+3	916,000000E-3	1,028000E+3	12,000000E+0
876	65,507000E+3	176,262250E+3	916,000000E-3	1,028000E+3	12,000000E+0
877	65,507000E+3	176,262250E+3	916,000000E-3	1,028000E+3	12,000000E+0
878	65,507000E+3	176,262250E+3	916,000000E-3	1,028000E+3	12,000000E+0
879	65,514000E+3	176,275700E+3	0,000000E+0	1,027000E+3	12,000000E+0
880	65,514000E+3	176,275700E+3	0,000000E+0	1,027000E+3	12,000000E+0
881	65,514000E+3	176,275700E+3	0,000000E+0	1,027000E+3	12,000000E+0
882	65,514000E+3	176,275700E+3	0,000000E+0	1,027000E+3	12,000000E+0
883	65,521000E+3	176,289150E+3	-117,935000E+0	262,911000E+3	3,072000E+3
884	65,521000E+3	176,289150E+3	-117,935000E+0	262,911000E+3	3,072000E+3
885	65,521000E+3	176,289150E+3	-117,935000E+0	262,911000E+3	3,072000E+3
886	65,521000E+3	176,289150E+3	-117,935000E+0	262,911000E+3	3,072000E+3
887	0,000000E+0	0,000000E+0	-458,000000E-3	1,024000E+3	12,000000E+0
888	0,000000E+0	0,000000E+0	-458,000000E-3	1,024000E+3	12,000000E+0
889	0,000000E+0	0,000000E+0	-458,000000E-3	1,024000E+3	12,000000E+0
890	0,000000E+0	0,000000E+0	-458,000000E-3	1,024000E+3	12,000000E+0
891	65,528000E+3	0,000000E+0	0,000000E+0	1,024000E+3	12,000000E+0
892	65,528000E+3	0,000000E+0	0,000000E+0	1,024000E+3	12,000000E+0
893	65,528000E+3	0,000000E+0	0,000000E+0	1,024000E+3	12,000000E+0
894	65,528000E+3	0,000000E+0	0,000000E+0	1,024000E+3	12,000000E+0
895	65,528000E+3	0,000000E+0	0,000000E+0	1,025000E+3	12,000000E+0
896	65,528000E+3	0,000000E+0	0,000000E+0	1,025000E+3	12,000000E+0
897	65,528000E+3	0,000000E+0	0,000000E+0	1,025000E+3	12,000000E+0
898	65,528000E+3	0,000000E+0	0,000000E+0	1,025000E+3	12,000000E+0
899	65,528000E+3	176,289150E+3	0,000000E+0	1,025000E+3	12,000000E+0
900	65,528000E+3	176,289150E+3	0,000000E+0	1,025000E+3	12,000000E+0
901	65,528000E+3	176,289150E+3	0,000000E+0	1,025000E+3	12,000000E+0
902	65,528000E+3	176,289150E+3	0,000000E+0	1,025000E+3	12,000000E+0
903	65,528000E+3	176,286460E+3	0,000000E+0	1,025000E+3	12,000000E+0
904	65,528000E+3	176,286460E+3	0,000000E+0	1,025000E+3	12,000000E+0
905	65,528000E+3	176,286460E+3	0,000000E+0	1,025000E+3	12,000000E+0
906	65,528000E+3	176,286460E+3	0,000000E+0	1,025000E+3	12,000000E+0
907	65,528000E+3	176,289150E+3	0,000000E+0	1,026000E+3	12,000000E+0
908	65,528000E+3	176,289150E+3	0,000000E+0	1,026000E+3	12,000000E+0
909	65,528000E+3	176,289150E+3	0,000000E+0	1,026000E+3	12,000000E+0
910	65,528000E+3	176,289150E+3	0,000000E+0	1,026000E+3	12,000000E+0
911	65,528000E+3	176,289150E+3	0,000000E+0	1,025000E+3	12,000000E+0
912	65,528000E+3	176,289150E+3	0,000000E+0	1,025000E+3	12,000000E+0
913	65,528000E+3	176,289150E+3	0,000000E+0	1,025000E+3	12,000000E+0
914	65,528000E+3	176,289150E+3	0,000000E+0	1,025000E+3	12,000000E+0
915	65,528000E+3	176,289150E+3	0,000000E+0	1,026000E+3	12,000000E+0
916	65,528000E+3	176,289150E+3	0,000000E+0	1,026000E+3	12,000000E+0
917	65,528000E+3	176,289150E+3	0,000000E+0	1,026000E+3	12,000000E+0
918	65,528000E+3	176,289150E+3	0,000000E+0	1,026000E+3	12,000000E+0
919	65,528000E+3	176,286460E+3	0,000000E+0	1,025000E+3	12,000000E+0
920	65,528000E+3	176,286460E+3	0,000000E+0	1,025000E+3	12,000000E+0
921	65,528000E+3	176,286460E+3	0,000000E+0	1,025000E+3	12,000000E+0
922	65,528000E+3	176,286460E+3	0,000000E+0	1,025000E+3	12,000000E+0
923	65,528000E+3	176,286460E+3	0,000000E+0	1,026000E+3	12,000000E+0
924	65,528000E+3	176,286460E+3	0,000000E+0	1,026000E+3	12,000000E+0
925	65,528000E+3	176,286460E+3	0,000000E+0	1,026000E+3	12,000000E+0
926	65,528000E+3	176,286460E+3	0,000000E+0	1,026000E+3	12,000000E+0
927	65,528000E+3	176,289150E+3	0,000000E+0	1,025000E+3	12,000000E+0
928	65,528000E+3	176,289150E+3	0,000000E+0	1,025000E+3	12,000000E+0
929	65,528000E+3	176,289150E+3	0,000000E+0	1,025000E+3	12,000000E+0
930	65,528000E+3	176,289150E+3	0,000000E+0	1,025000E+3	12,000000E+0
931	65,528000E+3	176,286460E+3	0,000000E+0	1,025000E+3	12,000000E+0
932	65,528000E+3	176,286460E+3	0,000000E+0	1,025000E+3	12,000000E+0
933	65,528000E+3	176,286460E+3	0,000000E+0	1,025000E+3	12,000000E+0
934	65,528000E+3	176,286460E+3	0,000000E+0	1,025000E+3	12,000000E+0
935	65,521000E+3	176,283770E+3	0,000000E+0	1,026000E+3	12,000000E+0
936	65,521000E+3	176,283770E+3	0,000000E+0	1,026000E+3	12,000000E+0
937	65,521000E+3	176,283770E+3	0,000000E+0	1,026000E+3	12,000000E+0
938	65,521000E+3	176,283770E+3	0,000000E+0	1,026000E+3	12,000000E+0
939	65,528000E+3	176,281080E+3	0,000000E+0	1,026000E+3	12,000000E+0
940	65,528000E+3	176,281080E+3	0,000000E+0	1,026000E+3	12,000000E+0
941	65,528000E+3	176,281080E+3	0,000000E+0	1,026000E+3	12,000000E+0
942	65,528000E+3	176,281080E+3	0,000000E+0	1,026000E+3	12,000000E+0
943	65,528000E+3	0,000000E+0	0,000000E+0	1,025000E+3	12,000000E+0
944	65,528000E+3	0,000000E+0	0,000000E+0	1,025000E+3	12,000000E+0
945	65,528000E+3	0,000000E+0	0,000000E+0	1,025000E+3	12,000000E+0
946	65,528000E+3	0,000000E+0	0,000000E+0	1,025000E+3	12,000000E+0
947	28,000000E+0	10,760000E+0	-687,000000E-3	1,020000E+3	11,900000E+0
948	28,000000E+0	10,760000E+0	-687,000000E-3	1,020000E+3	11,900000E+0
949	28,000000E+0	10,760000E+0	-687,000000E-3	1,020000E+3	11,900000E+0
950	28,000000E+0	10,760000E+0	-687,000000E-3	1,020000E+3	11,900000E+0
951	21,000000E+0	8,070000E+0	-458,000000E-3	261,629000E+3	3,046400E+3
952	21,000000E+0	8,070000E+0	-458,000000E-3	261,629000E+3	3,046400E+3
953	21,000000E+0	8,070000E+0	-458,000000E-3	261,629000E+3	3,046400E+3
954	21,000000E+0	8,070000E+0	-458,000000E-3	261,629000E+3	3,046400E+3
955	0,000000E+0	0,000000E+0	0,000000E+0	1,024000E+3	12,000000E+0
956	0,000000E+0	0,000000E+0	0,000000E+0	1,024000E+3	12,000000E+0
957	0,000000E+0	0,000000E+0	0,000000E+0	1,024000E+3	12,000000E+0
958	0,000000E+0	0,000000E+0	0,000000E+0	1,024000E+3	12,000000E+0
959	65,514000E+3	0,000000E+0	229,000000E-3	1,027000E+3	12,000000E+0
960	65,514000E+3	0,000000E+0	229,000000E-3	1,027000E+3	12,000000E+0
961	65,514000E+3	0,000000E+0	229,000000E-3	1,027000E+3	12,000000E+0
962	65,514000E+3	0,000000E+0	229,000000E-3	1,027000E+3	12,000000E+0
963	65,514000E+3	176,273010E+3	229,000000E-3	1,027000E+3	12,000000E+0
964	65,514000E+3	176,273010E+3	229,000000E-3	1,027000E+3	12,000000E+0
965	65,514000E+3	176,273010E+3	229,000000E-3	1,027000E+3	12,000000E+0
966	65,514000E+3	176,273010E+3	229,000000E-3	1,027000E+3	12,000000E+0
967	65,521000E+3	176,278390E+3	0,000000E+0	1,026000E+3	12,000000E+0
968	65,521000E+3	176,278390E+3	0,000000E+0	1,026000E+3	12,000000E+0
969	65,521000E+3	176,278390E+3	0,000000E+0	1,026000E+3	12,000000E+0
970	65,521000E+3	176,278390E+3	0,000000E+0	1,026000E+3	12,000000E+0
971	65,507000E+3	176,259560E+3	1,145000E+0	1,028000E+3	12,000000E+0
972	65,507000E+3	176,259560E+3	1,145000E+0	1,028000E+3	12,000000E+0
973	65,507000E+3	176,259560E+3	1,145000E+0	1,028000E+3	12,000000E+0
974	65,507000E+3	176,259560E+3	1,145000E+0	1,028000E+3	12,000000E+0
975	65,507000E+3	176,267630E+3	229,000000E-3	1,028000E+3	12,000000E+0
976	65,507000E+3	176,267630E+3	229,000000E-3	1,028000E+3	12,000000E+0
977	65,507000E+3	176,267630E+3	229,000000E-3	1,028000E+3	12,000000E+0
978	65,507000E+3	176,267630E+3	229,000000E-3	1,028000E+3	12,000000E+0
979	65,521000E+3	176,283770E+3	-458,000000E-3	1,026000E+3	12,000000E+0
980	65,521000E+3	176,283770E+3	-458,000000E-3	1,026000E+3	12,000000E+0
981	65,521000E+3	176,283770E+3	-458,000000E-3	1,026000E+3	12,000000E+0
982	65,521000E+3	176,283770E+3	-458,000000E-3	1,026000E+3	12,000000E+0
983	65,521000E+3	176,289150E+3	-229,000000E-3	1,026000E+3	12,000000E+0
984	65,521000E+3	176,289150E+3	-229,000000E-3	1,026000E+3	12,000000E+0
985	65,521000E+3	176,289150E+3	-229,000000E-3	1,026000E+3	12,000000E+0
986	65,521000E+3	176,289150E+3	-229,000000E-3	1,026000E+3	12,000000E+0
987	65,528000E+3	0,000000E+0	0,000000E+0	1,025000E+3	12,000000E+0
988	65,528000E+3	0,000000E+0	0,000000E+0	1,025000E+3	12,000000E+0
989	65,528000E+3	0,000000E+0	0,000000E+0	1,025000E+3	12,000000E+0
990	65,528000E+3	0,000000E+0	0,000000E+0	1,025000E+3	12,000000E+0
991	65,528000E+3	176,289150E+3	0,000000E+0	1,025000E+3	12,000000E+0
992	65,528000E+3	176,289150E+3	0,000000E+0	1,025000E+3	12,000000E+0
993	65,528000E+3	176,289150E+3	0,000000E+0	1,025000E+3	12,000000E+0
994	65,528000E+3	176,289150E+3	0,000000E+0	1,025000E+3	12,000000E+0
995	65,528000E+3	176,289150E+3	0,000000E+0	1,026000E+3	12,000000E+0
996	65,528000E+3	176,289150E+3	0,000000E+0	1,026000E+3	12,000000E+0
997	65,528000E+3	176,289150E+3	0,000000E+0	1,026000E+3	12,000000E+0
998	65,528000E+3	176,289150E+3	0,000000E+0	1,026000E+3	12,000000E+0
999	65,528000E+3	176,286460E+3	0,000000E+0	1,025000E+3	12,000000E+0
1000	65,528000E+3	176,286460E+3	0,000000E+0	1,025000E+3	12,000000E+0
1001	65,528000E+3	176,286460E+3	0,000000E+0	1,025000E+3	12,000000E+0
1002	65,528000E+3	176,286460E+3	0,000000E+0	1,025000E+3	12,000000E+0
1003	65,521000E+3	176,283770E+3	0,000000E+0	1,025000E+3	12,000000E+0
1004	65,521000E+3	176,283770E+3	0,000000E+0	1,025000E+3	12,000000E+0
1005	65,521000E+3	176,283770E+3	0,000000E+0	1,025000E+3	12,000000E+0
1006	65,521000E+3	176,283770E+3	0,000000E+0	1,025000E+3	12,000000E+0
1007	65,528000E+3	176,283770E+3	0,000000E+0	1,026000E+3	12,000000E+0
1008	65,528000E+3	176,283770E+3	0,000000E+0	1,026000E+3	12,000000E+0
1009	65,528000E+3	176,283770E+3	0,000000E+0	1,026000E+3	12,000000E+0
1010	65,528000E+3	176,283770E+3	0,000000E+0	1,026000E+3	12,000000E+0
1011	65,528000E+3	176,286460E+3	0,000000E+0	1,025000E+3	12,000000E+0
1012	65,528000E+3	176,286460E+3	0,000000E+0	1,025000E+3	12,000000E+0
1013	65,528000E+3	176,286460E+3	0,000000E+0	1,025000E+3	12,000000E+0
1014	65,528000E+3	176,286460E+3	0,000000E+0	1,025000E+3	12,000000E+0
1015	65,528000E+3	176,286460E+3	0,000000E+0	1,025000E+3	12,000000E+0
1016	65,528000E+3	176,286460E+3	0,000000E+0	1,025000E+3	12,000000E+0
1017	65,528000E+3	176,286460E+3	0,000000E+0	1,025000E+3	12,000000E+0
1018	65,528000E+3	176,286460E+3	0,000000E+0	1,025000E+3	12,000000E+0
1019	65,528000E+3	176,283770E+3	0,000000E+0	1,026000E+3	12,000000E+0
1020	65,528000E+3	176,283770E+3	0,000000E+0	1,026000E+3	12,000000E+0
1021	65,528000E+3	176,283770E+3	0,000000E+0	1,026000E+3	12,000000E+0
1022	65,528000E+3	176,283770E+3	0,000000E+0	1,026000E+3	12,000000E+0
1023	65,521000E+3	176,286460E+3	0,000000E+0	1,026000E+3	12,000000E+0
1024	65,521000E+3	176,286460E+3	0,000000E+0	1,026000E+3	12,000000E+0
1025	65,521000E+3	176,286460E+3	0,000000E+0	1,026000E+3	12,000000E+0
1026	65,521000E+3	176,286460E+3	0,000000E+0	1,026000E+3	12,000000E+0
1027	65,521000E+3	176,286460E+3	0,000000E+0	1,026000E+3	12,000000E+0
1028	65,521000E+3	176,286460E+3	0,000000E+0	1,026000E+3	12,000000E+0
1029	65,521000E+3	176,286460E+3	0,000000E+0	1,026000E+3	12,000000E+0
1030	65,521000E+3	176,286460E+3	0,000000E+0	1,026000E+3	12,000000E+0
1031	65,521000E+3	176,283770E+3	0,000000E+0	1,026000E+3	12,000000E+0
1032	65,521000E+3	176,283770E+3	0,000000E+0	1,026000E+3	12,000000E+0
1033	65,521000E+3	176,283770E+3	0,000000E+0	1,026000E+3	12,000000E+0
1034	65,521000E+3	176,283770E+3	0,000000E+0	1,026000E+3	12,000000E+0
1035	65,528000E+3	176,281080E+3	0,000000E+0	1,025000E+3	12,000000E+0
1036	65,528000E+3	176,281080E+3	0,000000E+0	1,025000E+3	12,000000E+0
1037	65,528000E+3	176,281080E+3	0,000000E+0	1,025000E+3	12,000000E+0
1038	65,528000E+3	176,281080E+3	0,000000E+0	1,025000E+3	12,000000E+0
1039	65,521000E+3	176,283770E+3	229,000000E-3	1,026000E+3	12,000000E+0
1040	65,521000E+3	176,283770E+3	229,000000E-3	1,026000E+3	12,000000E+0
1041	65,521000E+3	176,283770E+3	229,000000E-3	1,026000E+3	12,000000E+0
1042	65,521000E+3	176,283770E+3	229,000000E-3	1,026000E+3	12,000000E+0
1043	7,000000E+0	0,000000E+0	0,000000E+0	1,023000E+3	11,900000E+0
1044	7,000000E+0	0,000000E+0	0,000000E+0	1,023000E+3	11,900000E+0
1045	7,000000E+0	0,000000E+0	0,000000E+0	1,023000E+3	11,900000E+0
1046	7,000000E+0	0,000000E+0	0,000000E+0	1,023000E+3	11,900000E+0
1047	28,000000E+0	16,140000E+0	-687,000000E-3	1,020000E+3	11,900000E+0
1048	28,000000E+0	16,140000E+0	-687,000000E-3	1,020000E+3	11,900000E+0
1049	28,000000E+0	16,140000E+0	-687,000000E-3	1,020000E+3	11,900000E+0
1050	28,000000E+0	16,140000E+0	-687,000000E-3	1,020000E+3	11,900000E+0
1051	21,000000E+0	8,070000E+0	-229,000000E-3	261,629000E+3	3,072000E+3
1052	21,000000E+0	8,070000E+0	-229,000000E-3	261,629000E+3	3,072000E+3
1053	21,000000E+0	8,070000E+0	-229,000000E-3	261,629000E+3	3,072000E+3
1054	21,000000E+0	8,070000E+0	-229,000000E-3	261,629000E+3	3,072000E+3
1055	65,528000E+3	2,690000E+0	0,000000E+0	1,025000E+3	12,000000E+0
1056	65,528000E+3	2,690000E+0	0,000000E+0	1,025000E+3	12,000000E+0
1057	65,528000E+3	2,690000E+0	0,000000E+0	1,025000E+3	12,000000E+0
1058	65,528000E+3	2,690000E+0	0,000000E+0	1,025000E+3	12,000000E+0
1059	65,507000E+3	176,273010E+3	458,000000E-3	1,027000E+3	12,000000E+0
1060	65,507000E+3	176,273010E+3	458,000000E-3	1,027000E+3	12,000000E+0
1061	65,507000E+3	176,273010E+3	458,000000E-3	1,027000E+3	12,000000E+0
1062	65,507000E+3	176,273010E+3	458,000000E-3	1,027000E+3	12,000000E+0
1063	65,521000E+3	176,281080E+3	0,000000E+0	1,026000E+3	12,000000E+0
1064	65,521000E+3	176,281080E+3	0,000000E+0	1,026000E+3	12,000000E+0
1065	65,521000E+3	176,281080E+3	0,000000E+0	1,026000E+3	12,000000E+0
1066	65,521000E+3	176,281080E+3	0,000000E+0	1,026000E+3	12,000000E+0
1067	65,514000E+3	176,264940E+3	687,000000E-3	1,026000E+3	12,000000E+0
1068	65,514000E+3	176,264940E+3	687,000000E-3	1,026000E+3	12,000000E+0
1069	65,514000E+3	176,264940E+3	687,000000E-3	1,026000E+3	12,000000E+0
1070	65,514000E+3	176,264940E+3	687,000000E-3	1,026000E+3	12,000000E+0
1071	65,507000E+3	176,259560E+3	916,000000E-3	1,028000E+3	12,000000E+0
1072	65,507000E+3	176,259560E+3	916,000000E-3	1,028000E+3	12,000000E+0
1073	65,507000E+3	176,259560E+3	916,000000E-3	1,028000E+3	12,000000E+0
1074	65,507000E+3	176,259560E+3	916,000000E-3	1,028000E+3	12,000000E+0
1075	65,514000E+3	176,275700E+3	0,000000E+0	1,027000E+3	12,000000E+0
1076	65,514000E+3	176,275700E+3	0,000000E+0	1,027000E+3	12,000000E+0
1077	65,514000E+3	176,275700E+3	0,000000E+0	1,027000E+3	12,000000E+0
1078	65,514000E+3	176,275700E+3	0,000000E+0	1,027000E+3	12,000000E+0
1079	65,521000E+3	176,286460E+3	-458,000000E-3	1,026000E+3	12,000000E+0
1080	65,521000E+3	176,286460E+3	-458,000000E-3	1,026000E+3	12,000000E+0
1081	65,521000E+3	176,286460E+3	-458,000000E-3	1,026000E+3	12,000000E+0
1082	65,521000E+3	176,286460E+3	-458,000000E-3	1,026000E+3	12,000000E+0
1083	65,528000E+3	0,000000E+0	-458,000000E-3	1,024000E+3	12,000000E+0
1084	65,528000E+3	0,000000E+0	-458,000000E-3	1,024000E+3	12,000000E+0
1085	65,528000E+3	0,000000E+0	-458,000000E-3	1,024000E+3	12,000000E+0
1086	65,528000E+3	0,000000E+0	-458,000000E-3	1,024000E+3	12,000000E+0
1087	65,528000E+3	0,000000E+0	0,000000E+0	1,025000E+3	12,000000E+0
1088	65,528000E+3	0,000000E+0	0,000000E+0	1,025000E+3	12,000000E+0
1089	65,528000E+3	0,000000E+0	0,000000E+0	1,025000E+3	12,000000E+0
1090	65,528000E+3	0,000000E+0	0,000000E+0	1,025000E+3	12,000000E+0
1091	65,528000E+3	0,000000E+0	0,000000E+0	1,025000E+3	12,000000E+0
1092	65,528000E+3	0,000000E+0	0,000000E+0	1,025000E+3	12,000000E+0
1093	65,528000E+3	0,000000E+0	0,000000E+0	1,025000E+3	12,000000E+0
1094	65,528000E+3	0,000000E+0	0,000000E+0	1,025000E+3	12,000000E+0
1095	65,528000E+3	176,289150E+3	0,000000E+0	1,025000E+3	12,000000E+0
1096	65,528000E+3	176,289150E+3	0,000000E+0	1,025000E+3	12,000000E+0
1097	65,528000E+3	176,289150E+3	0,000000E+0	1,025000E+3	12,000000E+0
1098	65,528000E+3	176,289150E+3	0,000000E+0	1,025000E+3	12,000000E+0
1099	65,528000E+3	176,286460E+3	0,000000E+0	1,025000E+3	12,000000E+0
1100	65,528000E+3	176,286460E+3	0,000000E+0	1,025000E+3	12,000000E+0
1101	65,528000E+3	176,286460E+3	0,000000E+0	1,025000E+3	12,000000E+0
1102	65,528000E+3	176,286460E+3	0,000000E+0	1,025000E+3	12,000000E+0
1103	65,528000E+3	176,286460E+3	0,000000E+0	1,025000E+3	12,000000E+0
1104	65,528000E+3	176,286460E+3	0,000000E+0	1,025000E+3	12,000000E+0
1105	65,528000E+3	176,286460E+3	0,000000E+0	1,025000E+3	12,000000E+0
1106	65,528000E+3	176,286460E+3	0,000000E+0	1,025000E+3	12,000000E+0
1107	65,528000E+3	176,286460E+3	0,000000E+0	1,025000E+3	12,000000E+0
1108	65,528000E+3	176,286460E+3	0,000000E+0	1,025000E+3	12,000000E+0
1109	65,528000E+3	176,286460E+3	0,000000E+0	1,025000E+3	12,000000E+0
1110	65,528000E+3	176,286460E+3	0,000000E+0	1,025000E+3	12,000000E+0
1111	65,528000E+3	176,286460E+3	0,000000E+0	1,025000E+3	12,000000E+0
1112	65,528000E+3	176,286460E+3	0,000000E+0	1,025000E+3	12,000000E+0
1113	65,528000E+3	176,286460E+3	0,000000E+0	1,025000E+3	12,000000E+0
1114	65,528000E+3	176,286460E+3	0,000000E+0	1,025000E+3	12,000000E+0
1115	65,528000E+3	176,286460E+3	0,000000E+0	1,026000E+3	12,000000E+0
1116	65,528000E+3	176,286460E+3	0,000000E+0	1,026000E+3	12,000000E+0
1117	65,528000E+3	176,286460E+3	0,000000E+0	1,026000E+3	12,000000E+0
1118	65,528000E+3	176,286460E+3	0,000000E+0	1,026000E+3	12,000000E+0
1119	65,528000E+3	176,286460E+3	0,000000E+0	1,025000E+3	12,000000E+0
1120	65,528000E+3	176,286460E+3	0,000000E+0	1,025000E+3	12,000000E+0
1121	65,528000E+3	176,286460E+3	0,000000E+0	1,025000E+3	12,000000E+0
1122	65,528000E+3	176,286460E+3	0,000000E+0	1,025000E+3	12,000000E+0
1123	65,528000E+3	176,286460E+3	0,000000E+0	1,025000E+3	12,000000E+0
1124	65,528000E+3	176,286460E+3	0,000000E+0	1,025000E+3	12,000000E+0
1125	65,528000E+3	176,286460E+3	0,000000E+0	1,025000E+3	12,000000E+0
1126	65,528000E+3	176,286460E+3	0,000000E+0	1,025000E+3	12,000000E+0
1127	65,528000E+3	176,286460E+3	0,000000E+0	1,025000E+3	12,000000E+0
1128	65,528000E+3	176,286460E+3	0,000000E+0	1,025000E+3	12,000000E+0
1129	65,528000E+3	176,286460E+3	0,000000E+0	1,025000E+3	12,000000E+0
1130	65,528000E+3	176,286460E+3	0,000000E+0	1,025000E+3	12,000000E+0
1131	65,521000E+3	176,283770E+3	0,000000E+0	1,026000E+3	12,000000E+0
1132	65,521000E+3	176,283770E+3	0,000000E+0	1,026000E+3	12,000000E+0
1133	65,521000E+3	176,283770E+3	0,000000E+0	1,026000E+3	12,000000E+0
1134	65,521000E+3	176,283770E+3	0,000000E+0	1,026000E+3	12,000000E+0
1135	65,528000E+3	176,281080E+3	0,000000E+0	1,026000E+3	12,100000E+0
1136	65,528000E+3	176,281080E+3	0,000000E+0	1,026000E+3	12,100000E+0
1137	65,528000E+3	176,281080E+3	0,000000E+0	1,026000E+3	12,100000E+0
1138	65,528000E+3	176,281080E+3	0,000000E+0	1,026000E+3	12,100000E+0
1139	65,528000E+3	176,286460E+3	0,000000E+0	1,025000E+3	12,000000E+0
1140	65,528000E+3	176,286460E+3	0,000000E+0	1,025000E+3	12,000000E+0
1141	65,528000E+3	176,286460E+3	0,000000E+0	1,025000E+3	12,000000E+0
1142	65,528000E+3	176,286460E+3	0,000000E+0	1,025000E+3	12,000000E+0
1143	28,000000E+0	10,760000E+0	-687,000000E-3	1,020000E+3	11,900000E+0
1144	28,000000E+0	10,760000E+0	-687,000000E-3	1,020000E+3	11,900000E+0
1145	28,000000E+0	10,760000E+0	-687,000000E-3	1,020000E+3	11,900000E+0
1146	28,000000E+0	10,760000E+0	-687,000000E-3	1,020000E+3	11,900000E+0
1147	21,000000E+0	8,070000E+0	-458,000000E-3	261,629000E+3	3,072000E+3
1148	21,000000E+0	8,070000E+0	-458,000000E-3	261,629000E+3	3,072000E+3
1149	21,000000E+0	8,070000E+0	-458,000000E-3	261,629000E+3	3,072000E+3
1150	21,000000E+0	8,070000E+0	-458,000000E-3	261,629000E+3	3,072000E+3
1151	0,000000E+0	0,000000E+0	0,000000E+0	1,023000E+3	12,000000E+0
1152	0,000000E+0	0,000000E+0	0,000000E+0	1,023000E+3	12,000000E+0
1153	0,000000E+0	0,000000E+0	0,000000E+0	1,023000E+3	12,000000E+0
1154	0,000000E+0	0,000000E+0	0,000000E+0	1,023000E+3	12,000000E+0
1155	65,514000E+3	0,000000E+0	229,000000E-3	1,027000E+3	12,000000E+0
1156	65,514000E+3	0,000000E+0	229,000000E-3	1,027000E+3	12,000000E+0
1157	65,514000E+3	0,000000E+0	229,000000E-3	1,027000E+3	12,000000E+0
1158	65,514000E+3	0,000000E+0	229,000000E-3	1,027000E+3	12,000000E+0
1159	65,514000E+3	176,273010E+3	229,000000E-3	1,027000E+3	12,000000E+0
1160	65,514000E+3	176,273010E+3	229,000000E-3	1,027000E+3	12,000000E+0
1161	65,514000E+3	176,273010E+3	229,000000E-3	1,027000E+3	12,000000E+0
1162	65,514000E+3	176,273010E+3	229,000000E-3	1,027000E+3	12,000000E+0
1163	65,521000E+3	176,278390E+3	0,000000E+0	1,026000E+3	12,000000E+0
1164	65,521000E+3	176,278390E+3	0,000000E+0	1,026000E+3	12,000000E+0
1165	65,521000E+3	176,278390E+3	0,000000E+0	1,026000E+3	12,000000E+0
1166	65,521000E+3	176,278390E+3	0,000000E+0	1,026000E+3	12,000000E+0
1167	65,507000E+3	176,256870E+3	1,145000E+0	1,028000E+3	12,000000E+0
1168	65,507000E+3	176,256870E+3	1,145000E+0	1,028000E+3	12,000000E+0
1169	65,507000E+3	176,256870E+3	1,145000E+0	1,028000E+3	12,000000E+0
1170	65,507000E+3	176,256870E+3	1,145000E+0	1,028000E+3	12,000000E+0
1171	65,507000E+3	176,264940E+3	229,000000E-3	1,028000E+3	12,000000E+0
1172	65,507000E+3	176,264940E+3	229,000000E-3	1,028000E+3	12,000000E+0
1173	65,507000E+3	176,264940E+3	229,000000E-3	1,028000E+3	12,000000E+0
1174	65,507000E+3	176,264940E+3	229,000000E-3	1,028000E+3	12,000000E+0
1175	65,514000E+3	176,283770E+3	-458,000000E-3	1,026000E+3	12,000000E+0
1176	65,514000E+3	176,283770E+3	-458,000000E-3	1,026000E+3	12,000000E+0
1177	65,514000E+3	176,283770E+3	-458,000000E-3	1,026000E+3	12,000000E+0
1178	65,514000E+3	176,283770E+3	-458,000000E-3	1,026000E+3	12,000000E+0
1179	65,521000E+3	0,000000E+0	-229,000000E-3	1,026000E+3	12,000000E+0
1180	65,521000E+3	0,000000E+0	-229,000000E-3	1,026000E+3	12,000000E+0
1181	65,521000E+3	0,000000E+0	-229,000000E-3	1,026000E+3	12,000000E+0
1182	65,521000E+3	0,000000E+0	-229,000000E-3	1,026000E+3	12,000000E+0
1183	65,528000E+3	0,000000E+0	0,000000E+0	1,025000E+3	12,000000E+0
1184	65,528000E+3	0,000000E+0	0,000000E+0	1,025000E+3	12,000000E+0
1185	65,528000E+3	0,000000E+0	0,000000E+0	1,025000E+3	12,000000E+0
1186	65,528000E+3	0,000000E+0	0,000000E+0	1,025000E+3	12,000000E+0
1187	65,528000E+3	176,289150E+3	0,000000E+0	1,025000E+3	12,000000E+0
1188	65,528000E+3	176,289150E+3	0,000000E+0	1,025000E+3	12,000000E+0
1189	65,528000E+3	176,289150E+3	0,000000E+0	1,025000E+3	12,000000E+0
1190	65,528000E+3	176,289150E+3	0,000000E+0	1,025000E+3	12,000000E+0
1191	65,528000E+3	0,000000E+0	0,000000E+0	1,025000E+3	12,000000E+0
1192	65,528000E+3	0,000000E+0	0,000000E+0	1,025000E+3	12,000000E+0
1193	65,528000E+3	0,000000E+0	0,000000E+0	1,025000E+3	12,000000E+0
1194	65,528000E+3	0,000000E+0	0,000000E+0	1,025000E+3	12,000000E+0
1195	65,521000E+3	176,286460E+3	0,000000E+0	1,026000E+3	12,000000E+0
1196	65,521000E+3	176,286460E+3	0,000000E+0	1,026000E+3	12,000000E+0
1197	65,521000E+3	176,286460E+3	0,000000E+0	1,026000E+3	12,000000E+0
1198	65,521000E+3	176,286460E+3	0,000000E+0	1,026000E+3	12,000000E+0
1199	65,521000E+3	176,283770E+3	0,000000E+0	1,025000E+3	12,000000E+0
1200	65,521000E+3	176,283770E+3	0,000000E+0	1,025000E+3	12,000000E+0
1201	65,521000E+3	176,283770E+3	0,000000E+0	1,025000E+3	12,000000E+0
1202	65,521000E+3	176,283770E+3	0,000000E+0	1,025000E+3	12,000000E+0
1203	65,521000E+3	176,286460E+3	0,000000E+0	1,025000E+3	12,000000E+0
1204	65,521000E+3	176,286460E+3	0,000000E+0	1,025000E+3	12,000000E+0
1205	65,521000E+3	176,286460E+3	0,000000E+0	1,025000E+3	12,000000E+0
1206	65,521000E+3	176,286460E+3	0,000000E+0	1,025000E+3	12,000000E+0
1207	65,528000E+3	176,286460E+3	0,000000E+0	1,026000E+3	12,000000E+0
1208	65,528000E+3	176,286460E+3	0,000000E+0	1,026000E+3	12,000000E+0
1209	65,528000E+3	176,286460E+3	0,000000E+0	1,026000E+3	12,000000E+0
1210	65,528000E+3	176,286460E+3	0,000000E+0	1,026000E+3	12,000000E+0
1211	65,528000E+3	176,286460E+3	0,000000E+0	1,025000E+3	12,000000E+0
1212	65,528000E+3	176,286460E+3	0,000000E+0	1,025000E+3	12,000000E+0
1213	65,528000E+3	176,286460E+3	0,000000E+0	1,025000E+3	12,000000E+0
1214	65,528000E+3	176,286460E+3	0,000000E+0	1,025000E+3	12,000000E+0
1215	65,528000E+3	176,286460E+3	0,000000E+0	1,026000E+3	12,000000E+0
1216	65,528000E+3	176,286460E+3	0,000000E+0	1,026000E+3	12,000000E+0
1217	65,528000E+3	176,286460E+3	0,000000E+0	1,026000E+3	12,000000E+0
1218	65,528000E+3	176,286460E+3	0,000000E+0	1,026000E+3	12,000000E+0
1219	65,521000E+3	176,286460E+3	0,000000E+0	1,026000E+3	12,000000E+0
1220	65,521000E+3	176,286460E+3	0,000000E+0	1,026000E+3	12,000000E+0
1221	65,521000E+3	176,286460E+3	0,000000E+0	1,026000E+3	12,000000E+0
1222	65,521000E+3	176,286460E+3	0,000000E+0	1,026000E+3	12,000000E+0
1223	65,528000E+3	176,286460E+3	0,000000E+0	1,026000E+3	12,000000E+0
1224	65,528000E+3	176,286460E+3	0,000000E+0	1,026000E+3	12,000000E+0
1225	65,528000E+3	176,286460E+3	0,000000E+0	1,026000E+3	12,000000E+0
1226	65,528000E+3	176,286460E+3	0,000000E+0	1,026000E+3	12,000000E+0
1227	65,528000E+3	176,283770E+3	0,000000E+0	1,026000E+3	12,000000E+0
1228	65,528000E+3	176,283770E+3	0,000000E+0	1,026000E+3	12,000000E+0
1229	65,528000E+3	176,283770E+3	0,000000E+0	1,026000E+3	12,000000E+0
1230	65,528000E+3	176,283770E+3	0,000000E+0	1,026000E+3	12,000000E+0
1231	65,528000E+3	176,283770E+3	0,000000E+0	1,026000E+3	12,000000E+0
1232	65,528000E+3	176,283770E+3	0,000000E+0	1,026000E+3	12,000000E+0
1233	65,528000E+3	176,283770E+3	0,000000E+0	1,026000E+3	12,000000E+0
1234	65,528000E+3	176,283770E+3	0,000000E+0	1,026000E+3	12,000000E+0
1235	65,528000E+3	176,283770E+3	229,000000E-3	1,026000E+3	12,000000E+0
1236	65,528000E+3	176,283770E+3	229,000000E-3	1,026000E+3	12,000000E+0
1237	65,528000E+3	176,283770E+3	229,000000E-3	1,026000E+3	12,000000E+0
1238	65,528000E+3	176,283770E+3	229,000000E-3	1,026000E+3	12,000000E+0
1239	7,000000E+0	0,000000E+0	0,000000E+0	1,023000E+3	12,000000E+0
1240	7,000000E+0	0,000000E+0	0,000000E+0	1,023000E+3	12,000000E+0
1241	7,000000E+0	0,000000E+0	0,000000E+0	1,023000E+3	12,000000E+0
1242	7,000000E+0	0,000000E+0	0,000000E+0	1,023000E+3	12,000000E+0
1243	28,000000E+0	16,140000E+0	-687,000000E-3	1,020000E+3	11,900000E+0
1244	28,000000E+0	16,140000E+0	-687,000000E-3	1,020000E+3	11,900000E+0
1245	28,000000E+0	16,140000E+0	-687,000000E-3	1,020000E+3	11,900000E+0
1246	28,000000E+0	16,140000E+0	-687,000000E-3	1,020000E+3	11,900000E+0
1247	14,000000E+0	5,380000E+0	-229,000000E-3	1,022000E+3	11,900000E+0
1248	14,000000E+0	5,380000E+0	-229,000000E-3	1,022000E+3	11,900000E+0
1249	14,000000E+0	5,380000E+0	-229,000000E-3	1,022000E+3	11,900000E+0
1250	14,000000E+0	5,380000E+0	-229,000000E-3	1,022000E+3	11,900000E+0
1251	65,528000E+3	0,000000E+0	0,000000E+0	1,025000E+3	12,000000E+0
1252	65,528000E+3	0,000000E+0	0,000000E+0	1,025000E+3	12,000000E+0
1253	65,528000E+3	0,000000E+0	0,000000E+0	1,025000E+3	12,000000E+0
1254	65,528000E+3	0,000000E+0	0,000000E+0	1,025000E+3	12,000000E+0
1255	65,507000E+3	176,273010E+3	458,000000E-3	1,027000E+3	12,000000E+0
1256	65,507000E+3	176,273010E+3	458,000000E-3	1,027000E+3	12,000000E+0
1257	65,507000E+3	176,273010E+3	458,000000E-3	1,027000E+3	12,000000E+0
1258	65,507000E+3	176,273010E+3	458,000000E-3	1,027000E+3	12,000000E+0
1259	65,521000E+3	176,281080E+3	0,000000E+0	1,026000E+3	12,000000E+0
1260	65,521000E+3	176,281080E+3	0,000000E+0	1,026000E+3	12,000000E+0
1261	65,521000E+3	176,281080E+3	0,000000E+0	1,026000E+3	12,000000E+0
1262	65,521000E+3	176,281080E+3	0,000000E+0	1,026000E+3	12,000000E+0
1263	65,514000E+3	176,267630E+3	687,000000E-3	1,027000E+3	12,000000E+0
1264	65,514000E+3	176,267630E+3	687,000000E-3	1,027000E+3	12,000000E+0
1265	65,514000E+3	176,267630E+3	687,000000E-3	1,027000E+3	12,000000E+0
1266	65,514000E+3	176,267630E+3	687,000000E-3	1,027000E+3	12,000000E+0
1267	65,507000E+3	176,259560E+3	916,000000E-3	1,028000E+3	12,000000E+0
1268	65,507000E+3	176,259560E+3	916,000000E-3	1,028000E+3	12,000000E+0
1269	65,507000E+3	176,259560E+3	916,000000E-3	1,028000E+3	12,000000E+0
1270	65,507000E+3	176,259560E+3	916,000000E-3	1,028000E+3	12,000000E+0
1271	65,514000E+3	176,275700E+3	0,000000E+0	1,027000E+3	12,000000E+0
1272	65,514000E+3	176,275700E+3	0,000000E+0	1,027000E+3	12,000000E+0
1273	65,514000E+3	176,275700E+3	0,000000E+0	1,027000E+3	12,000000E+0
1274	65,514000E+3	176,275700E+3	0,000000E+0	1,027000E+3	12,000000E+0
1275	65,528000E+3	176,289150E+3	-117,935000E+0	262,911000E+3	3,072000E+3
1276	65,528000E+3	176,289150E+3	-117,935000E+0	262,911000E+3	3,072000E+3
1277	65,528000E+3	176,289150E+3	-117,935000E+0	262,911000E+3	3,072000E+3
1278	65,528000E+3	176,289150E+3	-117,935000E+0	262,911000E+3	3,072000E+3
1279	0,000000E+0	0,000000E+0	-458,000000E-3	1,024000E+3	12,000000E+0
1280	0,000000E+0	0,000000E+0	-458,000000E-3	1,024000E+3	12,000000E+0
1281	0,000000E+0	0,000000E+0	-458,000000E-3	1,024000E+3	12,000000E+0
1282	0,000000E+0	0,000000E+0	-458,000000E-3	1,024000E+3	12,000000E+0
1283	65,528000E+3	0,000000E+0	0,000000E+0	1,025000E+3	12,000000E+0
1284	65,528000E+3	0,000000E+0	0,000000E+0	1,025000E+3	12,000000E+0
1285	65,528000E+3	0,000000E+0	0,000000E+0	1,025000E+3	12,000000E+0
1286	65,528000E+3	0,000000E+0	0,000000E+0	1,025000E+3	12,000000E+0
1287	65,528000E+3	0,000000E+0	0,000000E+0	1,025000E+3	12,000000E+0
1288	65,528000E+3	0,000000E+0	0,000000E+0	1,025000E+3	12,000000E+0
1289	65,528000E+3	0,000000E+0	0,000000E+0	1,025000E+3	12,000000E+0
1290	65,528000E+3	0,000000E+0	0,000000E+0	1,025000E+3	12,000000E+0
1291	65,528000E+3	176,289150E+3	0,000000E+0	1,025000E+3	12,000000E+0
1292	65,528000E+3	176,289150E+3	0,000000E+0	1,025000E+3	12,000000E+0
1293	65,528000E+3	176,289150E+3	0,000000E+0	1,025000E+3	12,000000E+0
1294	65,528000E+3	176,289150E+3	0,000000E+0	1,025000E+3	12,000000E+0
1295	65,528000E+3	176,286460E+3	0,000000E+0	1,025000E+3	12,000000E+0
1296	65,528000E+3	176,286460E+3	0,000000E+0	1,025000E+3	12,000000E+0
1297	65,528000E+3	176,286460E+3	0,000000E+0	1,025000E+3	12,000000E+0
1298	65,528000E+3	176,286460E+3	0,000000E+0	1,025000E+3	12,000000E+0
1299	65,528000E+3	176,286460E+3	0,000000E+0	1,026000E+3	12,000000E+0
1300	65,528000E+3	176,286460E+3	0,000000E+0	1,026000E+3	12,000000E+0
1301	65,528000E+3	176,286460E+3	0,000000E+0	1,026000E+3	12,000000E+0
1302	65,528000E+3	176,286460E+3	0,000000E+0	1,026000E+3	12,000000E+0
1303	65,528000E+3	176,286460E+3	0,000000E+0	1,025000E+3	12,000000E+0
1304	65,528000E+3	176,286460E+3	0,000000E+0	1,025000E+3	12,000000E+0
1305	65,528000E+3	176,286460E+3	0,000000E+0	1,025000E+3	12,000000E+0
1306	65,528000E+3	176,286460E+3	0,000000E+0	1,025000E+3	12,000000E+0
1307	65,528000E+3	176,286460E+3	0,000000E+0	1,026000E+3	12,000000E+0
1308	65,528000E+3	176,286460E+3	0,000000E+0	1,026000E+3	12,000000E+0
1309	65,528000E+3	176,286460E+3	0,000000E+0	1,026000E+3	12,000000E+0
1310	65,528000E+3	176,286460E+3	0,000000E+0	1,026000E+3	12,000000E+0
1311	65,528000E+3	176,286460E+3	0,000000E+0	1,025000E+3	12,000000E+0
1312	65,528000E+3	176,286460E+3	0,000000E+0	1,025000E+3	12,000000E+0
1313	65,528000E+3	176,286460E+3	0,000000E+0	1,025000E+3	12,000000E+0
1314	65,528000E+3	176,286460E+3	0,000000E+0	1,025000E+3	12,000000E+0
1315	65,521000E+3	176,286460E+3	0,000000E+0	1,025000E+3	12,000000E+0
1316	65,521000E+3	176,286460E+3	0,000000E+0	1,025000E+3	12,000000E+0
1317	65,521000E+3	176,286460E+3	0,000000E+0	1,025000E+3	12,000000E+0
1318	65,521000E+3	176,286460E+3	0,000000E+0	1,025000E+3	12,000000E+0
1319	65,521000E+3	176,286460E+3	0,000000E+0	1,025000E+3	12,000000E+0
1320	65,521000E+3	176,286460E+3	0,000000E+0	1,025000E+3	12,000000E+0
1321	65,521000E+3	176,286460E+3	0,000000E+0	1,025000E+3	12,000000E+0
1322	65,521000E+3	176,286460E+3	0,000000E+0	1,025000E+3	12,000000E+0
1323	65,528000E+3	176,289150E+3	0,000000E+0	1,025000E+3	12,000000E+0
1324	65,528000E+3	176,289150E+3	0,000000E+0	1,025000E+3	12,000000E+0
1325	65,528000E+3	176,289150E+3	0,000000E+0	1,025000E+3	12,000000E+0
