vendredi 19 janvier 2024	17:20:25	Sampling Period : 20  ms		
Unities: time [sample], PWM [raw], Current [mA], velocity [rev/min], Position [pulse], Present Input Voltage [V]

t	DXL_PWM		DXL_Current		DXL_Velocity		DXL_Position		DXL_Input_Voltage
0	0,000000E+0	0,000000E+0	0,000000E+0	411,902000E+3	12,000000E+0
1	867,000000E+0	425,020000E+0	458,000000E-3	411,913000E+3	11,900000E+0
2	885,000000E+0	29,590000E+0	27,251000E+0	412,071000E+3	12,000000E+0
3	885,000000E+0	26,900000E+0	30,228000E+0	412,238000E+3	12,000000E+0
4	885,000000E+0	26,900000E+0	30,228000E+0	412,405000E+3	12,000000E+0
5	885,000000E+0	26,900000E+0	29,999000E+0	412,570000E+3	12,000000E+0
6	885,000000E+0	26,900000E+0	29,770000E+0	412,738000E+3	12,000000E+0
7	885,000000E+0	24,210000E+0	29,999000E+0	412,905000E+3	12,000000E+0
8	885,000000E+0	24,210000E+0	29,999000E+0	413,069000E+3	12,000000E+0
9	885,000000E+0	24,210000E+0	30,228000E+0	413,237000E+3	12,000000E+0
10	885,000000E+0	24,210000E+0	30,228000E+0	413,403000E+3	12,000000E+0
11	885,000000E+0	24,210000E+0	30,457000E+0	413,571000E+3	12,000000E+0
12	885,000000E+0	24,210000E+0	30,686000E+0	413,734000E+3	12,000000E+0
13	885,000000E+0	24,210000E+0	30,457000E+0	413,903000E+3	12,000000E+0
14	885,000000E+0	24,210000E+0	30,457000E+0	414,069000E+3	12,000000E+0
15	885,000000E+0	24,210000E+0	30,228000E+0	414,233000E+3	12,000000E+0
16	885,000000E+0	24,210000E+0	29,999000E+0	414,397000E+3	12,000000E+0
17	885,000000E+0	24,210000E+0	29,999000E+0	414,564000E+3	12,000000E+0
18	885,000000E+0	24,210000E+0	29,999000E+0	414,730000E+3	12,000000E+0
19	885,000000E+0	24,210000E+0	29,999000E+0	414,898000E+3	12,000000E+0
20	885,000000E+0	24,210000E+0	30,228000E+0	415,065000E+3	12,000000E+0
21	885,000000E+0	24,210000E+0	30,228000E+0	415,230000E+3	12,000000E+0
22	885,000000E+0	24,210000E+0	30,457000E+0	415,397000E+3	12,000000E+0
23	885,000000E+0	24,210000E+0	30,686000E+0	415,565000E+3	12,000000E+0
24	885,000000E+0	24,210000E+0	30,915000E+0	415,731000E+3	12,000000E+0
25	885,000000E+0	24,210000E+0	31,144000E+0	415,899000E+3	12,000000E+0
26	885,000000E+0	21,520000E+0	30,915000E+0	416,065000E+3	12,000000E+0
27	885,000000E+0	21,520000E+0	30,686000E+0	416,229000E+3	12,000000E+0
28	885,000000E+0	21,520000E+0	30,457000E+0	416,399000E+3	12,000000E+0
29	885,000000E+0	21,520000E+0	29,999000E+0	416,566000E+3	12,000000E+0
30	885,000000E+0	21,520000E+0	29,999000E+0	416,730000E+3	12,000000E+0
31	885,000000E+0	21,520000E+0	29,999000E+0	416,896000E+3	12,000000E+0
32	885,000000E+0	21,520000E+0	29,999000E+0	417,065000E+3	12,000000E+0
33	885,000000E+0	21,520000E+0	30,228000E+0	417,231000E+3	12,000000E+0
34	885,000000E+0	21,520000E+0	30,228000E+0	417,398000E+3	12,000000E+0
35	885,000000E+0	21,520000E+0	30,457000E+0	417,564000E+3	12,000000E+0
36	885,000000E+0	21,520000E+0	30,686000E+0	417,732000E+3	12,000000E+0
37	885,000000E+0	21,520000E+0	30,686000E+0	417,896000E+3	12,000000E+0
38	885,000000E+0	21,520000E+0	30,457000E+0	418,063000E+3	12,000000E+0
39	885,000000E+0	21,520000E+0	30,457000E+0	418,227000E+3	12,000000E+0
40	885,000000E+0	21,520000E+0	30,228000E+0	418,394000E+3	12,000000E+0
41	885,000000E+0	21,520000E+0	29,999000E+0	418,560000E+3	12,000000E+0
42	885,000000E+0	21,520000E+0	29,999000E+0	418,726000E+3	12,000000E+0
43	885,000000E+0	21,520000E+0	29,999000E+0	418,892000E+3	12,000000E+0
44	885,000000E+0	21,520000E+0	30,228000E+0	419,062000E+3	12,000000E+0
45	885,000000E+0	21,520000E+0	30,228000E+0	419,227000E+3	12,000000E+0
46	885,000000E+0	21,520000E+0	30,457000E+0	419,394000E+3	12,000000E+0
47	885,000000E+0	21,520000E+0	30,686000E+0	419,559000E+3	12,000000E+0
48	885,000000E+0	21,520000E+0	30,915000E+0	419,727000E+3	12,000000E+0
49	885,000000E+0	21,520000E+0	30,915000E+0	419,894000E+3	12,000000E+0
50	885,000000E+0	21,520000E+0	30,915000E+0	420,061000E+3	12,000000E+0
51	885,000000E+0	21,520000E+0	30,915000E+0	420,227000E+3	12,000000E+0
52	885,000000E+0	21,520000E+0	30,457000E+0	420,394000E+3	12,000000E+0
53	885,000000E+0	21,520000E+0	30,228000E+0	420,560000E+3	12,000000E+0
54	885,000000E+0	21,520000E+0	29,999000E+0	420,724000E+3	12,000000E+0
55	885,000000E+0	21,520000E+0	29,999000E+0	420,894000E+3	12,000000E+0
56	885,000000E+0	21,520000E+0	30,228000E+0	421,062000E+3	12,000000E+0
57	885,000000E+0	21,520000E+0	29,999000E+0	421,229000E+3	12,000000E+0
58	885,000000E+0	21,520000E+0	30,228000E+0	421,395000E+3	12,000000E+0
59	885,000000E+0	21,520000E+0	30,457000E+0	421,562000E+3	12,000000E+0
60	885,000000E+0	21,520000E+0	30,457000E+0	421,728000E+3	12,000000E+0
61	885,000000E+0	21,520000E+0	30,457000E+0	421,896000E+3	12,000000E+0
62	885,000000E+0	21,520000E+0	30,686000E+0	422,060000E+3	12,000000E+0
63	885,000000E+0	21,520000E+0	30,686000E+0	422,226000E+3	12,000000E+0
64	885,000000E+0	21,520000E+0	30,457000E+0	422,392000E+3	12,000000E+0
65	885,000000E+0	21,520000E+0	30,228000E+0	422,558000E+3	12,000000E+0
66	885,000000E+0	21,520000E+0	29,999000E+0	422,725000E+3	12,000000E+0
67	885,000000E+0	21,520000E+0	29,770000E+0	422,890000E+3	12,000000E+0
68	885,000000E+0	21,520000E+0	29,999000E+0	423,056000E+3	12,000000E+0
69	885,000000E+0	21,520000E+0	30,228000E+0	423,224000E+3	12,000000E+0
70	885,000000E+0	21,520000E+0	30,228000E+0	423,391000E+3	12,000000E+0
71	885,000000E+0	21,520000E+0	30,686000E+0	423,558000E+3	12,000000E+0
72	885,000000E+0	21,520000E+0	30,915000E+0	423,725000E+3	12,000000E+0
73	885,000000E+0	21,520000E+0	30,915000E+0	423,894000E+3	12,000000E+0
74	885,000000E+0	21,520000E+0	30,915000E+0	424,060000E+3	12,000000E+0
75	885,000000E+0	21,520000E+0	30,915000E+0	424,227000E+3	12,000000E+0
76	885,000000E+0	21,520000E+0	30,686000E+0	424,394000E+3	12,000000E+0
77	885,000000E+0	21,520000E+0	30,457000E+0	424,560000E+3	12,000000E+0
78	885,000000E+0	21,520000E+0	30,228000E+0	424,725000E+3	12,000000E+0
79	885,000000E+0	21,520000E+0	29,999000E+0	424,892000E+3	12,000000E+0
80	885,000000E+0	21,520000E+0	29,999000E+0	425,059000E+3	12,000000E+0
81	885,000000E+0	21,520000E+0	30,228000E+0	425,227000E+3	12,000000E+0
82	885,000000E+0	21,520000E+0	30,228000E+0	425,395000E+3	12,000000E+0
83	885,000000E+0	21,520000E+0	30,228000E+0	425,561000E+3	12,000000E+0
84	885,000000E+0	21,520000E+0	30,457000E+0	425,729000E+3	12,000000E+0
85	885,000000E+0	21,520000E+0	30,457000E+0	425,893000E+3	12,000000E+0
86	885,000000E+0	21,520000E+0	30,686000E+0	426,058000E+3	12,000000E+0
87	885,000000E+0	21,520000E+0	30,457000E+0	426,226000E+3	12,000000E+0
88	885,000000E+0	21,520000E+0	30,457000E+0	426,392000E+3	12,000000E+0
89	885,000000E+0	21,520000E+0	30,228000E+0	426,557000E+3	12,000000E+0
90	885,000000E+0	21,520000E+0	29,999000E+0	426,724000E+3	12,000000E+0
91	885,000000E+0	21,520000E+0	29,999000E+0	426,889000E+3	12,000000E+0
92	885,000000E+0	21,520000E+0	29,999000E+0	427,058000E+3	12,000000E+0
93	885,000000E+0	21,520000E+0	29,999000E+0	427,221000E+3	12,000000E+0
94	885,000000E+0	21,520000E+0	30,228000E+0	427,424000E+3	12,000000E+0
95	885,000000E+0	21,520000E+0	30,457000E+0	427,597000E+3	12,000000E+0
96	885,000000E+0	21,520000E+0	30,686000E+0	427,765000E+3	12,000000E+0
97	885,000000E+0	21,520000E+0	30,915000E+0	427,934000E+3	12,000000E+0
98	885,000000E+0	21,520000E+0	30,915000E+0	428,101000E+3	12,000000E+0
99	885,000000E+0	21,520000E+0	30,915000E+0	428,265000E+3	12,000000E+0
100	885,000000E+0	21,520000E+0	30,915000E+0	428,433000E+3	12,000000E+0
101	885,000000E+0	21,520000E+0	30,686000E+0	428,600000E+3	12,000000E+0
102	885,000000E+0	21,520000E+0	30,228000E+0	428,769000E+3	12,000000E+0
103	885,000000E+0	21,520000E+0	29,999000E+0	428,931000E+3	12,000000E+0
104	885,000000E+0	21,520000E+0	29,770000E+0	429,100000E+3	12,000000E+0
105	885,000000E+0	21,520000E+0	30,228000E+0	429,268000E+3	12,000000E+0
106	885,000000E+0	21,520000E+0	29,999000E+0	429,434000E+3	12,000000E+0
107	885,000000E+0	21,520000E+0	30,228000E+0	429,600000E+3	12,000000E+0
108	885,000000E+0	21,520000E+0	30,457000E+0	429,767000E+3	12,000000E+0
109	885,000000E+0	21,520000E+0	30,457000E+0	429,935000E+3	12,000000E+0
110	885,000000E+0	21,520000E+0	30,686000E+0	430,102000E+3	12,000000E+0
111	885,000000E+0	21,520000E+0	30,457000E+0	430,267000E+3	12,000000E+0
112	885,000000E+0	21,520000E+0	30,457000E+0	430,433000E+3	12,000000E+0
113	885,000000E+0	21,520000E+0	30,457000E+0	430,598000E+3	12,000000E+0
114	885,000000E+0	21,520000E+0	30,228000E+0	430,766000E+3	12,000000E+0
115	885,000000E+0	21,520000E+0	29,999000E+0	430,931000E+3	12,000000E+0
116	885,000000E+0	21,520000E+0	29,999000E+0	431,098000E+3	12,000000E+0
117	885,000000E+0	21,520000E+0	30,228000E+0	431,263000E+3	12,000000E+0
118	885,000000E+0	21,520000E+0	29,999000E+0	431,430000E+3	12,000000E+0
119	885,000000E+0	21,520000E+0	30,228000E+0	431,600000E+3	12,000000E+0
120	29,952000E+3	5,517190E+3	7,855616E+3	110,531840E+6	3,072000E+3
121	885,000000E+0	18,830000E+0	30,915000E+0	431,931000E+3	12,000000E+0
122	885,000000E+0	18,830000E+0	30,915000E+0	432,098000E+3	12,000000E+0
123	885,000000E+0	18,830000E+0	31,144000E+0	432,266000E+3	12,000000E+0
124	885,000000E+0	18,830000E+0	30,915000E+0	432,432000E+3	12,000000E+0
125	885,000000E+0	18,830000E+0	30,686000E+0	432,600000E+3	12,000000E+0
126	29,952000E+3	4,828550E+3	7,796992E+3	110,788608E+6	3,072000E+3
127	885,000000E+0	18,830000E+0	30,228000E+0	432,933000E+3	12,000000E+0
128	885,000000E+0	18,830000E+0	29,999000E+0	433,099000E+3	12,000000E+0
129	885,000000E+0	18,830000E+0	29,999000E+0	433,266000E+3	12,000000E+0
130	885,000000E+0	18,830000E+0	30,228000E+0	433,434000E+3	12,000000E+0
131	885,000000E+0	18,830000E+0	30,228000E+0	433,599000E+3	12,000000E+0
132	885,000000E+0	18,830000E+0	30,457000E+0	433,768000E+3	12,000000E+0
133	885,000000E+0	18,830000E+0	30,457000E+0	433,935000E+3	12,000000E+0
134	885,000000E+0	18,830000E+0	30,457000E+0	434,103000E+3	12,000000E+0
135	29,952000E+3	4,828550E+3	7,855616E+3	111,172352E+6	3,072000E+3
136	885,000000E+0	18,830000E+0	30,686000E+0	434,434000E+3	12,000000E+0
137	885,000000E+0	18,830000E+0	30,457000E+0	434,599000E+3	12,000000E+0
138	885,000000E+0	18,830000E+0	30,228000E+0	434,764000E+3	12,000000E+0
139	885,000000E+0	21,520000E+0	30,228000E+0	434,932000E+3	12,000000E+0
140	885,000000E+0	21,520000E+0	29,999000E+0	435,098000E+3	12,000000E+0
141	885,000000E+0	21,520000E+0	29,999000E+0	435,265000E+3	12,000000E+0
142	885,000000E+0	21,520000E+0	30,228000E+0	435,431000E+3	12,000000E+0
143	885,000000E+0	21,520000E+0	30,228000E+0	435,598000E+3	12,000000E+0
144	885,000000E+0	21,520000E+0	30,228000E+0	435,765000E+3	12,000000E+0
145	885,000000E+0	21,520000E+0	30,686000E+0	435,932000E+3	12,000000E+0
146	885,000000E+0	21,520000E+0	30,915000E+0	436,101000E+3	12,000000E+0
147	29,952000E+3	5,517190E+3	7,914240E+3	111,684096E+6	3,072000E+3
148	885,000000E+0	21,520000E+0	31,144000E+0	436,437000E+3	12,000000E+0
149	29,952000E+3	5,517190E+3	7,855616E+3	111,769088E+6	3,072000E+3
150	885,000000E+0	21,520000E+0	30,457000E+0	436,766000E+3	12,000000E+0
151	885,000000E+0	21,520000E+0	30,457000E+0	436,934000E+3	12,000000E+0
152	885,000000E+0	21,520000E+0	30,228000E+0	437,099000E+3	12,000000E+0
153	885,000000E+0	21,520000E+0	30,228000E+0	437,267000E+3	12,000000E+0
154	885,000000E+0	21,520000E+0	30,228000E+0	437,436000E+3	12,000000E+0
155	885,000000E+0	21,520000E+0	29,999000E+0	437,602000E+3	12,000000E+0
156	885,000000E+0	21,520000E+0	30,228000E+0	437,768000E+3	12,000000E+0
157	885,000000E+0	21,520000E+0	30,228000E+0	437,935000E+3	12,000000E+0
158	885,000000E+0	21,520000E+0	30,457000E+0	438,103000E+3	12,000000E+0
159	885,000000E+0	21,520000E+0	30,457000E+0	438,269000E+3	12,000000E+0
160	885,000000E+0	21,520000E+0	30,686000E+0	438,435000E+3	12,000000E+0
161	885,000000E+0	21,520000E+0	30,686000E+0	438,602000E+3	12,000000E+0
162	885,000000E+0	21,520000E+0	30,457000E+0	438,767000E+3	12,000000E+0
163	885,000000E+0	21,520000E+0	30,228000E+0	438,933000E+3	12,000000E+0
164	885,000000E+0	21,520000E+0	29,999000E+0	439,098000E+3	12,000000E+0
165	885,000000E+0	21,520000E+0	29,999000E+0	439,266000E+3	12,000000E+0
166	29,952000E+3	5,517190E+3	7,738368E+3	112,494848E+6	3,072000E+3
167	885,000000E+0	21,520000E+0	30,228000E+0	439,600000E+3	12,000000E+0
168	85,000000E+0	2,380650E+3	1,996032E+6	-1,244266E+9	600,000000E-3
169	885,000000E+0	21,520000E+0	30,457000E+0	439,934000E+3	12,000000E+0
170	885,000000E+0	21,520000E+0	30,686000E+0	440,099000E+3	12,000000E+0
171	885,000000E+0	21,520000E+0	31,144000E+0	440,268000E+3	12,000000E+0
172	885,000000E+0	21,520000E+0	31,144000E+0	440,435000E+3	12,000000E+0
173	885,000000E+0	21,520000E+0	30,915000E+0	440,603000E+3	12,000000E+0
174	885,000000E+0	21,520000E+0	30,915000E+0	440,767000E+3	12,000000E+0
175	885,000000E+0	21,520000E+0	30,457000E+0	440,935000E+3	12,000000E+0
176	885,000000E+0	21,520000E+0	30,228000E+0	441,101000E+3	12,000000E+0
177	885,000000E+0	21,520000E+0	30,228000E+0	441,268000E+3	12,000000E+0
178	885,000000E+0	21,520000E+0	30,228000E+0	441,437000E+3	12,000000E+0
179	29,952000E+3	5,517190E+3	7,738368E+3	113,050112E+6	3,072000E+3
180	885,000000E+0	21,520000E+0	29,999000E+0	441,771000E+3	12,000000E+0
181	885,000000E+0	21,520000E+0	30,228000E+0	441,937000E+3	12,000000E+0
182	885,000000E+0	21,520000E+0	30,457000E+0	442,104000E+3	12,000000E+0
183	885,000000E+0	21,520000E+0	30,457000E+0	442,271000E+3	12,000000E+0
184	885,000000E+0	21,520000E+0	30,686000E+0	442,435000E+3	12,000000E+0
185	885,000000E+0	21,520000E+0	30,686000E+0	442,601000E+3	12,000000E+0
186	885,000000E+0	21,520000E+0	30,686000E+0	442,768000E+3	12,000000E+0
187	885,000000E+0	21,520000E+0	30,457000E+0	442,935000E+3	12,000000E+0
188	29,952000E+3	5,517190E+3	7,738368E+3	113,433856E+6	3,072000E+3
189	29,952000E+3	5,517190E+3	7,679744E+3	113,476096E+6	3,072000E+3
190	29,952000E+3	5,517190E+3	7,679744E+3	113,519104E+6	3,072000E+3
191	29,952000E+3	5,517190E+3	7,738368E+3	113,561600E+6	3,072000E+3
192	885,000000E+0	21,520000E+0	30,228000E+0	443,768000E+3	12,000000E+0
193	885,000000E+0	21,520000E+0	30,457000E+0	443,934000E+3	12,000000E+0
194	885,000000E+0	21,520000E+0	30,686000E+0	444,102000E+3	12,000000E+0
195	885,000000E+0	21,520000E+0	30,686000E+0	444,268000E+3	12,000000E+0
196	885,000000E+0	21,520000E+0	30,915000E+0	444,436000E+3	12,000000E+0
197	885,000000E+0	18,830000E+0	30,915000E+0	444,602000E+3	12,000000E+0
198	885,000000E+0	18,830000E+0	30,686000E+0	444,768000E+3	12,000000E+0
199	885,000000E+0	18,830000E+0	30,686000E+0	444,933000E+3	12,000000E+0
200	885,000000E+0	18,830000E+0	30,457000E+0	445,101000E+3	12,000000E+0
201	885,000000E+0	18,830000E+0	30,228000E+0	445,268000E+3	12,000000E+0
202	885,000000E+0	18,830000E+0	29,999000E+0	445,436000E+3	12,000000E+0
203	885,000000E+0	18,830000E+0	29,999000E+0	445,604000E+3	12,000000E+0
204	885,000000E+0	18,830000E+0	29,999000E+0	445,772000E+3	12,000000E+0
205	85,000000E+0	2,380650E+3	1,966016E+6	-839,843840E+6	600,000000E-3
206	85,000000E+0	2,380650E+3	1,996032E+6	-828,964864E+6	600,000000E-3
207	885,000000E+0	18,830000E+0	30,457000E+0	446,270000E+3	12,000000E+0
208	29,952000E+3	4,828550E+3	7,796992E+3	114,287872E+6	3,072000E+3
209	885,000000E+0	18,830000E+0	30,686000E+0	446,601000E+3	12,000000E+0
210	885,000000E+0	18,830000E+0	30,686000E+0	446,768000E+3	12,000000E+0
211	885,000000E+0	18,830000E+0	30,457000E+0	446,933000E+3	12,000000E+0
212	885,000000E+0	18,830000E+0	30,228000E+0	447,102000E+3	12,000000E+0
213	85,000000E+0	2,380650E+3	1,966016E+6	-752,680960E+6	600,000000E-3
214	85,000000E+0	2,380650E+3	1,966016E+6	-741,801984E+6	600,000000E-3
215	85,000000E+0	2,380650E+3	1,966016E+6	-730,923008E+6	600,000000E-3
216	885,000000E+0	18,830000E+0	30,228000E+0	447,766000E+3	12,000000E+0
217	85,000000E+0	2,380650E+3	1,981024E+6	-709,099520E+6	600,000000E-3
218	885,000000E+0	18,830000E+0	30,457000E+0	448,100000E+3	12,000000E+0
219	885,000000E+0	18,830000E+0	30,686000E+0	448,268000E+3	12,000000E+0
220	29,952000E+3	4,828550E+3	7,914240E+3	114,799360E+6	3,072000E+3
221	29,952000E+3	5,517190E+3	7,914240E+3	114,841856E+6	3,072000E+3
222	85,000000E+0	2,380650E+3	2,041055E+6	-654,245888E+6	600,000000E-3
223	21,760000E+3	80,570880E+3	-464,879408E+6	-1,509949E+9	175,300000E+0
224	885,000000E+0	21,520000E+0	30,686000E+0	449,102000E+3	12,000000E+0
225	885,000000E+0	21,520000E+0	30,457000E+0	449,271000E+3	12,000000E+0
226	85,000000E+0	2,380650E+3	1,966016E+6	-610,533376E+6	600,000000E-3
227	85,000000E+0	2,380650E+3	1,966016E+6	-599,523328E+6	600,000000E-3
228	29,952000E+3	4,828550E+3	7,738368E+3	115,141376E+6	3,072000E+3
229	85,000000E+0	2,380650E+3	1,966016E+6	-577,699840E+6	600,000000E-3
230	29,952000E+3	4,828550E+3	7,738368E+3	115,226624E+6	3,072000E+3
231	885,000000E+0	18,830000E+0	30,457000E+0	450,271000E+3	12,000000E+0
232	885,000000E+0	18,830000E+0	30,686000E+0	450,437000E+3	12,000000E+0
233	885,000000E+0	18,830000E+0	30,686000E+0	450,603000E+3	12,000000E+0
234	885,000000E+0	18,830000E+0	30,457000E+0	450,770000E+3	12,000000E+0
235	885,000000E+0	18,830000E+0	30,686000E+0	450,936000E+3	12,000000E+0
236	885,000000E+0	18,830000E+0	30,228000E+0	451,100000E+3	12,000000E+0
237	885,000000E+0	18,830000E+0	30,228000E+0	451,267000E+3	12,000000E+0
238	885,000000E+0	18,830000E+0	29,999000E+0	451,433000E+3	12,000000E+0
239	885,000000E+0	18,830000E+0	29,999000E+0	451,599000E+3	12,000000E+0
240	885,000000E+0	18,830000E+0	29,999000E+0	451,766000E+3	12,000000E+0
241	885,000000E+0	18,830000E+0	30,228000E+0	451,932000E+3	12,000000E+0
242	885,000000E+0	18,830000E+0	30,457000E+0	452,101000E+3	12,000000E+0
243	885,000000E+0	18,830000E+0	30,686000E+0	452,267000E+3	12,000000E+0
244	885,000000E+0	18,830000E+0	30,915000E+0	452,435000E+3	12,000000E+0
245	885,000000E+0	18,830000E+0	30,915000E+0	452,601000E+3	12,000000E+0
246	885,000000E+0	18,830000E+0	30,915000E+0	452,768000E+3	12,000000E+0
247	885,000000E+0	18,830000E+0	30,915000E+0	452,937000E+3	12,000000E+0
248	21,760000E+3	80,570880E+3	-464,879467E+6	-301,989888E+6	176,900000E+0
249	21,760000E+3	80,570880E+3	-472,563432E+6	-1,744830E+9	177,000000E+0
250	30,000000E+0	228,650000E+0	105,256873E+3	132,000000E+0	6,022000E+3
251	885,000000E+0	18,830000E+0	29,999000E+0	453,603000E+3	12,000000E+0
252	29,952000E+3	4,828550E+3	7,679744E+3	116,165120E+6	3,072000E+3
253	29,952000E+3	4,828550E+3	7,679744E+3	116,208128E+6	3,072000E+3
254	29,952000E+3	4,828550E+3	7,738368E+3	116,250624E+6	3,072000E+3
255	29,952000E+3	4,828550E+3	7,796992E+3	116,293632E+6	3,072000E+3
256	21,760000E+3	80,570880E+3	-472,563432E+6	637,534208E+6	177,500000E+0
257	21,760000E+3	80,570880E+3	-468,721450E+6	-838,860800E+6	177,500000E+0
258	885,000000E+0	18,830000E+0	30,686000E+0	454,770000E+3	12,000000E+0
259	29,952000E+3	4,828550E+3	7,796992E+3	116,463872E+6	3,072000E+3
260	29,952000E+3	4,828550E+3	7,796992E+3	116,506368E+6	3,072000E+3
261	30,000000E+0	228,650000E+0	105,256873E+3	132,000000E+0	6,205500E+3
262	21,760000E+3	80,570880E+3	-480,247338E+6	184,549376E+6	177,900000E+0
263	85,000000E+0	2,380650E+3	1,966016E+6	-206,372864E+6	600,000000E-3
264	21,760000E+3	80,570880E+3	-480,247338E+6	1,476395E+9	178,000000E+0
265	29,952000E+3	5,517190E+3	7,738368E+3	116,719360E+6	3,072000E+3
266	885,000000E+0	21,520000E+0	30,228000E+0	456,102000E+3	12,000000E+0
267	885,000000E+0	21,520000E+0	30,457000E+0	456,270000E+3	12,000000E+0
268	885,000000E+0	21,520000E+0	30,915000E+0	456,476000E+3	12,000000E+0
269	885,000000E+0	21,520000E+0	30,915000E+0	456,687000E+3	12,000000E+0
270	885,000000E+0	21,520000E+0	30,915000E+0	456,854000E+3	12,000000E+0
271	885,000000E+0	21,520000E+0	30,686000E+0	457,061000E+3	12,000000E+0
272	885,000000E+0	21,520000E+0	30,686000E+0	457,228000E+3	12,000000E+0
273	885,000000E+0	21,520000E+0	30,457000E+0	457,396000E+3	12,000000E+0
274	885,000000E+0	21,520000E+0	30,228000E+0	457,563000E+3	12,000000E+0
275	885,000000E+0	21,520000E+0	29,999000E+0	457,731000E+3	12,000000E+0
276	885,000000E+0	18,830000E+0	29,999000E+0	457,897000E+3	12,000000E+0
277	885,000000E+0	18,830000E+0	29,999000E+0	458,064000E+3	12,000000E+0
278	885,000000E+0	18,830000E+0	30,228000E+0	458,230000E+3	12,000000E+0
279	885,000000E+0	18,830000E+0	30,457000E+0	458,397000E+3	12,000000E+0
280	885,000000E+0	18,830000E+0	30,457000E+0	458,563000E+3	12,000000E+0
281	885,000000E+0	18,830000E+0	30,686000E+0	458,732000E+3	12,000000E+0
282	885,000000E+0	18,830000E+0	30,686000E+0	458,895000E+3	12,000000E+0
283	885,000000E+0	18,830000E+0	30,457000E+0	459,063000E+3	12,000000E+0
284	885,000000E+0	18,830000E+0	30,457000E+0	459,228000E+3	12,000000E+0
285	885,000000E+0	18,830000E+0	30,228000E+0	459,395000E+3	12,000000E+0
286	885,000000E+0	21,520000E+0	29,999000E+0	459,562000E+3	12,000000E+0
287	885,000000E+0	21,520000E+0	29,999000E+0	459,727000E+3	12,000000E+0
288	885,000000E+0	21,520000E+0	29,999000E+0	459,894000E+3	12,000000E+0
289	885,000000E+0	21,520000E+0	30,228000E+0	460,060000E+3	12,000000E+0
290	885,000000E+0	21,520000E+0	30,228000E+0	460,227000E+3	12,000000E+0
291	885,000000E+0	21,520000E+0	30,457000E+0	460,393000E+3	12,000000E+0
292	885,000000E+0	21,520000E+0	30,915000E+0	460,560000E+3	12,000000E+0
293	885,000000E+0	21,520000E+0	30,915000E+0	460,728000E+3	12,000000E+0
294	885,000000E+0	21,520000E+0	30,915000E+0	460,895000E+3	12,000000E+0
295	885,000000E+0	21,520000E+0	30,915000E+0	461,063000E+3	12,000000E+0
296	885,000000E+0	21,520000E+0	30,686000E+0	461,228000E+3	12,000000E+0
297	885,000000E+0	21,520000E+0	30,457000E+0	461,395000E+3	12,000000E+0
298	885,000000E+0	21,520000E+0	30,457000E+0	461,563000E+3	12,000000E+0
299	885,000000E+0	18,830000E+0	30,228000E+0	461,729000E+3	12,000000E+0
300	885,000000E+0	18,830000E+0	29,999000E+0	461,898000E+3	12,000000E+0
301	885,000000E+0	18,830000E+0	29,999000E+0	462,065000E+3	12,000000E+0
302	885,000000E+0	18,830000E+0	29,999000E+0	462,230000E+3	12,000000E+0
303	885,000000E+0	18,830000E+0	30,228000E+0	462,397000E+3	12,000000E+0
304	885,000000E+0	18,830000E+0	30,457000E+0	462,564000E+3	12,000000E+0
305	885,000000E+0	18,830000E+0	30,686000E+0	462,731000E+3	12,000000E+0
306	885,000000E+0	18,830000E+0	30,686000E+0	462,896000E+3	12,000000E+0
307	885,000000E+0	21,520000E+0	30,686000E+0	463,065000E+3	12,000000E+0
308	885,000000E+0	21,520000E+0	30,686000E+0	463,230000E+3	12,000000E+0
309	885,000000E+0	21,520000E+0	30,228000E+0	463,397000E+3	12,000000E+0
310	885,000000E+0	21,520000E+0	30,228000E+0	463,563000E+3	12,000000E+0
311	885,000000E+0	18,830000E+0	29,999000E+0	463,727000E+3	12,000000E+0
312	885,000000E+0	18,830000E+0	29,999000E+0	463,894000E+3	12,000000E+0
313	885,000000E+0	18,830000E+0	30,228000E+0	464,061000E+3	12,000000E+0
314	885,000000E+0	18,830000E+0	30,228000E+0	464,229000E+3	12,000000E+0
315	885,000000E+0	18,830000E+0	30,457000E+0	464,397000E+3	12,000000E+0
316	885,000000E+0	18,830000E+0	30,457000E+0	464,562000E+3	12,000000E+0
317	885,000000E+0	18,830000E+0	30,915000E+0	464,729000E+3	12,000000E+0
318	885,000000E+0	18,830000E+0	30,915000E+0	464,897000E+3	12,000000E+0
319	885,000000E+0	18,830000E+0	30,915000E+0	465,062000E+3	12,000000E+0
320	885,000000E+0	18,830000E+0	30,915000E+0	465,231000E+3	12,000000E+0
321	885,000000E+0	18,830000E+0	30,686000E+0	465,395000E+3	12,000000E+0
322	885,000000E+0	18,830000E+0	30,457000E+0	465,564000E+3	12,000000E+0
323	885,000000E+0	18,830000E+0	30,228000E+0	465,730000E+3	12,000000E+0
324	885,000000E+0	18,830000E+0	29,999000E+0	465,898000E+3	12,000000E+0
325	885,000000E+0	18,830000E+0	29,999000E+0	466,065000E+3	12,000000E+0
326	885,000000E+0	18,830000E+0	29,999000E+0	466,231000E+3	12,000000E+0
327	885,000000E+0	18,830000E+0	30,228000E+0	466,396000E+3	12,000000E+0
328	885,000000E+0	18,830000E+0	30,457000E+0	466,566000E+3	12,000000E+0
329	885,000000E+0	18,830000E+0	30,457000E+0	466,730000E+3	12,000000E+0
330	885,000000E+0	18,830000E+0	30,686000E+0	466,898000E+3	12,000000E+0
331	885,000000E+0	18,830000E+0	30,686000E+0	467,064000E+3	12,000000E+0
332	885,000000E+0	18,830000E+0	30,686000E+0	467,232000E+3	12,000000E+0
333	885,000000E+0	18,830000E+0	30,457000E+0	467,396000E+3	12,000000E+0
334	885,000000E+0	18,830000E+0	30,228000E+0	467,563000E+3	12,000000E+0
335	885,000000E+0	18,830000E+0	29,999000E+0	467,729000E+3	12,000000E+0
336	885,000000E+0	18,830000E+0	29,999000E+0	467,894000E+3	12,000000E+0
337	885,000000E+0	18,830000E+0	29,999000E+0	468,062000E+3	12,000000E+0
338	885,000000E+0	18,830000E+0	30,228000E+0	468,228000E+3	12,000000E+0
339	885,000000E+0	18,830000E+0	30,228000E+0	468,396000E+3	12,000000E+0
340	885,000000E+0	18,830000E+0	30,457000E+0	468,563000E+3	12,000000E+0
341	885,000000E+0	18,830000E+0	30,686000E+0	468,728000E+3	12,000000E+0
342	885,000000E+0	18,830000E+0	30,686000E+0	468,896000E+3	12,000000E+0
343	885,000000E+0	18,830000E+0	31,144000E+0	469,063000E+3	12,000000E+0
344	885,000000E+0	18,830000E+0	30,915000E+0	469,230000E+3	12,000000E+0
345	885,000000E+0	18,830000E+0	30,915000E+0	469,396000E+3	12,000000E+0
346	885,000000E+0	18,830000E+0	30,686000E+0	469,564000E+3	12,000000E+0
347	885,000000E+0	18,830000E+0	30,228000E+0	469,732000E+3	12,000000E+0
348	885,000000E+0	18,830000E+0	29,999000E+0	469,895000E+3	12,000000E+0
349	885,000000E+0	18,830000E+0	29,999000E+0	470,064000E+3	12,000000E+0
350	885,000000E+0	18,830000E+0	29,999000E+0	470,232000E+3	12,000000E+0
351	885,000000E+0	21,520000E+0	30,228000E+0	470,397000E+3	12,000000E+0
352	885,000000E+0	21,520000E+0	30,228000E+0	470,566000E+3	12,000000E+0
353	885,000000E+0	21,520000E+0	30,457000E+0	470,735000E+3	12,000000E+0
354	885,000000E+0	21,520000E+0	30,686000E+0	470,900000E+3	12,000000E+0
355	885,000000E+0	21,520000E+0	30,457000E+0	471,068000E+3	12,000000E+0
356	885,000000E+0	21,520000E+0	30,686000E+0	471,232000E+3	12,000000E+0
357	885,000000E+0	21,520000E+0	30,457000E+0	471,398000E+3	12,000000E+0
358	885,000000E+0	21,520000E+0	30,228000E+0	471,563000E+3	12,000000E+0
359	885,000000E+0	21,520000E+0	30,228000E+0	471,729000E+3	12,000000E+0
360	885,000000E+0	18,830000E+0	29,999000E+0	471,895000E+3	12,000000E+0
361	885,000000E+0	18,830000E+0	29,999000E+0	472,061000E+3	12,000000E+0
362	885,000000E+0	18,830000E+0	30,228000E+0	472,228000E+3	12,000000E+0
363	885,000000E+0	18,830000E+0	30,228000E+0	472,396000E+3	12,000000E+0
364	885,000000E+0	18,830000E+0	30,457000E+0	472,563000E+3	12,000000E+0
365	885,000000E+0	18,830000E+0	30,686000E+0	472,730000E+3	12,000000E+0
366	885,000000E+0	18,830000E+0	30,915000E+0	472,896000E+3	12,000000E+0
367	885,000000E+0	18,830000E+0	30,915000E+0	473,064000E+3	12,000000E+0
368	885,000000E+0	18,830000E+0	30,915000E+0	473,230000E+3	12,000000E+0
369	885,000000E+0	18,830000E+0	30,915000E+0	473,399000E+3	12,000000E+0
370	885,000000E+0	18,830000E+0	30,686000E+0	473,565000E+3	12,000000E+0
371	885,000000E+0	18,830000E+0	30,457000E+0	473,731000E+3	12,000000E+0
372	885,000000E+0	18,830000E+0	30,228000E+0	473,896000E+3	12,000000E+0
373	885,000000E+0	18,830000E+0	29,999000E+0	474,065000E+3	12,000000E+0
374	885,000000E+0	18,830000E+0	29,999000E+0	474,231000E+3	12,000000E+0
375	885,000000E+0	18,830000E+0	30,228000E+0	474,398000E+3	12,000000E+0
376	885,000000E+0	18,830000E+0	30,228000E+0	474,566000E+3	12,000000E+0
377	885,000000E+0	18,830000E+0	30,457000E+0	474,734000E+3	12,000000E+0
378	885,000000E+0	18,830000E+0	30,457000E+0	474,901000E+3	12,000000E+0
379	885,000000E+0	18,830000E+0	30,686000E+0	475,067000E+3	12,000000E+0
380	885,000000E+0	18,830000E+0	30,686000E+0	475,232000E+3	12,000000E+0
381	885,000000E+0	18,830000E+0	30,457000E+0	475,398000E+3	12,000000E+0
382	885,000000E+0	18,830000E+0	30,457000E+0	475,563000E+3	12,000000E+0
383	885,000000E+0	18,830000E+0	30,228000E+0	475,730000E+3	12,000000E+0
384	885,000000E+0	18,830000E+0	30,228000E+0	475,896000E+3	12,000000E+0
385	885,000000E+0	18,830000E+0	29,999000E+0	476,063000E+3	12,000000E+0
386	885,000000E+0	18,830000E+0	29,999000E+0	476,229000E+3	12,000000E+0
387	885,000000E+0	18,830000E+0	29,999000E+0	476,397000E+3	12,000000E+0
388	885,000000E+0	18,830000E+0	30,228000E+0	476,564000E+3	12,000000E+0
389	885,000000E+0	18,830000E+0	30,457000E+0	476,729000E+3	12,000000E+0
390	885,000000E+0	18,830000E+0	30,686000E+0	476,897000E+3	12,000000E+0
391	885,000000E+0	18,830000E+0	30,915000E+0	477,065000E+3	12,000000E+0
392	885,000000E+0	18,830000E+0	30,915000E+0	477,233000E+3	12,000000E+0
393	885,000000E+0	18,830000E+0	30,915000E+0	477,400000E+3	12,000000E+0
394	885,000000E+0	18,830000E+0	30,915000E+0	477,565000E+3	12,000000E+0
395	885,000000E+0	18,830000E+0	30,686000E+0	477,733000E+3	12,000000E+0
396	885,000000E+0	18,830000E+0	30,228000E+0	477,899000E+3	12,000000E+0
397	885,000000E+0	18,830000E+0	30,228000E+0	478,066000E+3	12,000000E+0
398	885,000000E+0	18,830000E+0	29,999000E+0	478,233000E+3	12,000000E+0
399	885,000000E+0	18,830000E+0	30,228000E+0	478,401000E+3	12,000000E+0
400	885,000000E+0	18,830000E+0	29,999000E+0	478,567000E+3	12,000000E+0
401	885,000000E+0	18,830000E+0	30,228000E+0	478,735000E+3	12,000000E+0
402	885,000000E+0	18,830000E+0	30,457000E+0	478,901000E+3	12,000000E+0
403	885,000000E+0	21,520000E+0	30,457000E+0	479,068000E+3	12,000000E+0
404	885,000000E+0	21,520000E+0	30,686000E+0	479,236000E+3	12,000000E+0
405	885,000000E+0	21,520000E+0	30,686000E+0	479,400000E+3	12,000000E+0
406	885,000000E+0	21,520000E+0	30,457000E+0	479,567000E+3	12,000000E+0
407	885,000000E+0	21,520000E+0	30,457000E+0	479,732000E+3	12,000000E+0
408	885,000000E+0	18,830000E+0	30,228000E+0	479,898000E+3	12,000000E+0
409	885,000000E+0	21,520000E+0	29,999000E+0	480,064000E+3	12,000000E+0
410	885,000000E+0	21,520000E+0	29,999000E+0	480,231000E+3	12,000000E+0
411	885,000000E+0	21,520000E+0	29,999000E+0	480,397000E+3	12,000000E+0
412	885,000000E+0	21,520000E+0	30,228000E+0	480,564000E+3	12,000000E+0
413	885,000000E+0	18,830000E+0	30,228000E+0	480,732000E+3	12,000000E+0
414	885,000000E+0	21,520000E+0	30,686000E+0	480,899000E+3	12,000000E+0
415	885,000000E+0	18,830000E+0	30,915000E+0	481,066000E+3	12,000000E+0
416	885,000000E+0	18,830000E+0	30,915000E+0	481,235000E+3	12,000000E+0
417	885,000000E+0	18,830000E+0	31,144000E+0	481,400000E+3	12,000000E+0
418	885,000000E+0	18,830000E+0	30,915000E+0	481,568000E+3	12,000000E+0
419	885,000000E+0	18,830000E+0	30,686000E+0	481,732000E+3	12,000000E+0
420	885,000000E+0	21,520000E+0	30,686000E+0	481,900000E+3	12,000000E+0
421	885,000000E+0	21,520000E+0	30,228000E+0	482,066000E+3	12,000000E+0
422	885,000000E+0	21,520000E+0	30,228000E+0	482,233000E+3	12,000000E+0
423	885,000000E+0	18,830000E+0	30,228000E+0	482,401000E+3	12,000000E+0
424	885,000000E+0	18,830000E+0	29,999000E+0	482,567000E+3	12,000000E+0
425	885,000000E+0	18,830000E+0	30,228000E+0	482,736000E+3	12,000000E+0
426	885,000000E+0	18,830000E+0	30,228000E+0	482,903000E+3	12,000000E+0
427	885,000000E+0	18,830000E+0	30,457000E+0	483,070000E+3	12,000000E+0
428	885,000000E+0	18,830000E+0	30,457000E+0	483,237000E+3	12,000000E+0
429	885,000000E+0	18,830000E+0	30,686000E+0	483,402000E+3	12,000000E+0
430	885,000000E+0	18,830000E+0	30,686000E+0	483,568000E+3	12,000000E+0
431	885,000000E+0	18,830000E+0	30,457000E+0	483,734000E+3	12,000000E+0
432	885,000000E+0	21,520000E+0	30,228000E+0	483,899000E+3	12,000000E+0
433	885,000000E+0	21,520000E+0	30,228000E+0	484,066000E+3	12,000000E+0
434	885,000000E+0	21,520000E+0	29,999000E+0	484,231000E+3	12,000000E+0
435	885,000000E+0	21,520000E+0	29,999000E+0	484,399000E+3	12,000000E+0
436	885,000000E+0	18,830000E+0	30,228000E+0	484,565000E+3	12,000000E+0
437	885,000000E+0	18,830000E+0	30,228000E+0	484,734000E+3	12,000000E+0
438	885,000000E+0	18,830000E+0	30,457000E+0	484,898000E+3	12,000000E+0
439	885,000000E+0	18,830000E+0	30,686000E+0	485,067000E+3	12,000000E+0
440	885,000000E+0	18,830000E+0	30,915000E+0	485,234000E+3	12,000000E+0
441	885,000000E+0	21,520000E+0	30,915000E+0	485,402000E+3	12,000000E+0
442	885,000000E+0	21,520000E+0	30,915000E+0	485,588000E+3	12,000000E+0
443	885,000000E+0	18,830000E+0	30,915000E+0	485,776000E+3	12,000000E+0
444	885,000000E+0	18,830000E+0	30,457000E+0	485,985000E+3	12,000000E+0
445	885,000000E+0	18,830000E+0	30,228000E+0	486,193000E+3	12,000000E+0
446	885,000000E+0	18,830000E+0	29,999000E+0	486,360000E+3	12,000000E+0
447	885,000000E+0	18,830000E+0	29,999000E+0	486,526000E+3	12,000000E+0
448	885,000000E+0	18,830000E+0	29,999000E+0	486,696000E+3	12,000000E+0
449	885,000000E+0	18,830000E+0	30,228000E+0	486,862000E+3	12,000000E+0
450	885,000000E+0	18,830000E+0	30,228000E+0	487,030000E+3	12,000000E+0
451	885,000000E+0	18,830000E+0	30,457000E+0	487,197000E+3	12,000000E+0
452	885,000000E+0	18,830000E+0	30,686000E+0	487,362000E+3	12,000000E+0
453	885,000000E+0	18,830000E+0	30,457000E+0	487,525000E+3	12,000000E+0
454	885,000000E+0	18,830000E+0	30,686000E+0	487,695000E+3	12,000000E+0
455	885,000000E+0	18,830000E+0	30,457000E+0	487,859000E+3	12,000000E+0
456	885,000000E+0	18,830000E+0	30,228000E+0	488,028000E+3	12,000000E+0
457	885,000000E+0	21,520000E+0	30,228000E+0	488,192000E+3	12,000000E+0
458	885,000000E+0	21,520000E+0	29,999000E+0	488,359000E+3	12,000000E+0
459	885,000000E+0	21,520000E+0	29,999000E+0	488,525000E+3	12,000000E+0
460	885,000000E+0	21,520000E+0	30,228000E+0	488,695000E+3	12,000000E+0
461	885,000000E+0	21,520000E+0	30,228000E+0	488,860000E+3	12,000000E+0
462	885,000000E+0	21,520000E+0	30,457000E+0	489,025000E+3	12,000000E+0
463	885,000000E+0	21,520000E+0	30,686000E+0	489,193000E+3	12,000000E+0
464	885,000000E+0	21,520000E+0	30,915000E+0	489,360000E+3	12,000000E+0
465	885,000000E+0	21,520000E+0	31,144000E+0	489,527000E+3	12,000000E+0
466	885,000000E+0	21,520000E+0	30,915000E+0	489,696000E+3	12,000000E+0
467	885,000000E+0	21,520000E+0	30,915000E+0	489,861000E+3	12,000000E+0
468	885,000000E+0	18,830000E+0	30,457000E+0	490,028000E+3	12,000000E+0
469	885,000000E+0	18,830000E+0	30,228000E+0	490,196000E+3	12,000000E+0
470	885,000000E+0	18,830000E+0	30,228000E+0	490,362000E+3	12,000000E+0
471	885,000000E+0	18,830000E+0	29,999000E+0	490,529000E+3	12,000000E+0
472	885,000000E+0	18,830000E+0	30,228000E+0	490,695000E+3	12,000000E+0
473	885,000000E+0	18,830000E+0	29,999000E+0	490,863000E+3	12,000000E+0
474	885,000000E+0	18,830000E+0	30,228000E+0	491,030000E+3	12,000000E+0
475	885,000000E+0	18,830000E+0	30,457000E+0	491,196000E+3	12,000000E+0
476	885,000000E+0	18,830000E+0	30,457000E+0	491,364000E+3	12,000000E+0
477	885,000000E+0	21,520000E+0	30,686000E+0	491,532000E+3	12,000000E+0
478	885,000000E+0	21,520000E+0	30,686000E+0	491,697000E+3	12,000000E+0
479	885,000000E+0	21,520000E+0	30,457000E+0	491,863000E+3	12,000000E+0
480	885,000000E+0	21,520000E+0	30,457000E+0	492,029000E+3	12,000000E+0
481	885,000000E+0	21,520000E+0	30,228000E+0	492,194000E+3	12,000000E+0
482	885,000000E+0	21,520000E+0	29,999000E+0	492,359000E+3	12,000000E+0
483	885,000000E+0	21,520000E+0	29,999000E+0	492,526000E+3	12,000000E+0
484	885,000000E+0	21,520000E+0	30,228000E+0	492,692000E+3	12,000000E+0
485	885,000000E+0	18,830000E+0	30,228000E+0	492,860000E+3	12,000000E+0
486	885,000000E+0	18,830000E+0	30,228000E+0	493,027000E+3	12,000000E+0
487	885,000000E+0	18,830000E+0	30,686000E+0	493,193000E+3	12,000000E+0
488	885,000000E+0	18,830000E+0	30,686000E+0	493,360000E+3	12,000000E+0
489	885,000000E+0	18,830000E+0	30,915000E+0	493,527000E+3	12,000000E+0
490	885,000000E+0	18,830000E+0	31,144000E+0	493,694000E+3	12,000000E+0
491	885,000000E+0	18,830000E+0	30,915000E+0	493,862000E+3	12,000000E+0
492	885,000000E+0	18,830000E+0	30,686000E+0	494,029000E+3	12,000000E+0
493	885,000000E+0	18,830000E+0	30,457000E+0	494,197000E+3	12,000000E+0
494	885,000000E+0	18,830000E+0	30,228000E+0	494,364000E+3	12,000000E+0
495	885,000000E+0	18,830000E+0	29,999000E+0	494,529000E+3	12,000000E+0
496	885,000000E+0	18,830000E+0	30,228000E+0	494,698000E+3	12,000000E+0
497	885,000000E+0	18,830000E+0	30,228000E+0	494,865000E+3	12,000000E+0
498	885,000000E+0	18,830000E+0	30,228000E+0	495,032000E+3	12,000000E+0
499	885,000000E+0	18,830000E+0	30,228000E+0	495,198000E+3	12,000000E+0
500	885,000000E+0	18,830000E+0	30,457000E+0	495,366000E+3	12,000000E+0
501	885,000000E+0	18,830000E+0	30,686000E+0	495,532000E+3	12,000000E+0
502	885,000000E+0	18,830000E+0	30,457000E+0	495,696000E+3	12,000000E+0
503	885,000000E+0	18,830000E+0	30,686000E+0	495,863000E+3	12,000000E+0
504	885,000000E+0	21,520000E+0	30,457000E+0	496,029000E+3	12,000000E+0
505	885,000000E+0	21,520000E+0	30,228000E+0	496,195000E+3	12,000000E+0
506	885,000000E+0	21,520000E+0	30,228000E+0	496,361000E+3	12,000000E+0
507	885,000000E+0	21,520000E+0	29,999000E+0	496,526000E+3	12,000000E+0
508	885,000000E+0	21,520000E+0	29,999000E+0	496,693000E+3	12,000000E+0
509	885,000000E+0	21,520000E+0	30,228000E+0	496,859000E+3	12,000000E+0
510	885,000000E+0	21,520000E+0	30,228000E+0	497,027000E+3	12,000000E+0
511	885,000000E+0	21,520000E+0	30,457000E+0	497,195000E+3	12,000000E+0
512	885,000000E+0	18,830000E+0	30,686000E+0	497,362000E+3	12,000000E+0
513	885,000000E+0	18,830000E+0	30,915000E+0	497,530000E+3	12,000000E+0
514	885,000000E+0	18,830000E+0	30,915000E+0	497,696000E+3	12,000000E+0
515	885,000000E+0	18,830000E+0	30,915000E+0	497,863000E+3	12,000000E+0
516	885,000000E+0	18,830000E+0	30,915000E+0	498,030000E+3	12,000000E+0
517	885,000000E+0	18,830000E+0	30,457000E+0	498,195000E+3	12,000000E+0
518	885,000000E+0	18,830000E+0	30,457000E+0	498,364000E+3	12,000000E+0
519	885,000000E+0	18,830000E+0	30,228000E+0	498,530000E+3	12,000000E+0
520	885,000000E+0	18,830000E+0	29,999000E+0	498,697000E+3	12,000000E+0
521	885,000000E+0	18,830000E+0	30,228000E+0	498,867000E+3	12,000000E+0
522	885,000000E+0	18,830000E+0	30,228000E+0	499,033000E+3	12,000000E+0
523	885,000000E+0	18,830000E+0	30,228000E+0	499,199000E+3	12,000000E+0
524	885,000000E+0	18,830000E+0	30,228000E+0	499,365000E+3	12,000000E+0
525	885,000000E+0	18,830000E+0	30,457000E+0	499,532000E+3	12,000000E+0
526	885,000000E+0	18,830000E+0	30,686000E+0	499,702000E+3	12,000000E+0
527	885,000000E+0	18,830000E+0	30,457000E+0	499,864000E+3	12,000000E+0
528	885,000000E+0	18,830000E+0	30,686000E+0	500,032000E+3	12,000000E+0
529	885,000000E+0	18,830000E+0	30,457000E+0	500,198000E+3	12,000000E+0
530	885,000000E+0	18,830000E+0	30,228000E+0	500,363000E+3	12,000000E+0
531	885,000000E+0	18,830000E+0	30,228000E+0	500,531000E+3	12,000000E+0
532	885,000000E+0	18,830000E+0	29,999000E+0	500,695000E+3	12,000000E+0
533	885,000000E+0	18,830000E+0	29,999000E+0	500,863000E+3	12,000000E+0
534	885,000000E+0	18,830000E+0	30,228000E+0	501,029000E+3	12,000000E+0
535	885,000000E+0	18,830000E+0	30,228000E+0	501,197000E+3	12,000000E+0
536	885,000000E+0	18,830000E+0	30,686000E+0	501,363000E+3	12,000000E+0
537	885,000000E+0	18,830000E+0	30,686000E+0	501,529000E+3	12,000000E+0
538	885,000000E+0	18,830000E+0	30,915000E+0	501,698000E+3	12,000000E+0
539	885,000000E+0	18,830000E+0	30,915000E+0	501,865000E+3	12,000000E+0
540	885,000000E+0	18,830000E+0	30,915000E+0	502,031000E+3	12,000000E+0
541	885,000000E+0	18,830000E+0	30,915000E+0	502,199000E+3	12,000000E+0
542	885,000000E+0	18,830000E+0	30,457000E+0	502,365000E+3	12,000000E+0
543	885,000000E+0	18,830000E+0	30,457000E+0	502,533000E+3	12,000000E+0
544	885,000000E+0	18,830000E+0	30,228000E+0	502,699000E+3	12,000000E+0
545	885,000000E+0	18,830000E+0	29,999000E+0	502,867000E+3	12,000000E+0
546	885,000000E+0	18,830000E+0	30,228000E+0	503,033000E+3	12,000000E+0
547	885,000000E+0	18,830000E+0	30,228000E+0	503,201000E+3	12,000000E+0
548	885,000000E+0	18,830000E+0	30,228000E+0	503,368000E+3	12,000000E+0
549	885,000000E+0	18,830000E+0	30,457000E+0	503,536000E+3	12,000000E+0
550	885,000000E+0	18,830000E+0	30,686000E+0	503,701000E+3	12,000000E+0
551	885,000000E+0	18,830000E+0	30,686000E+0	503,866000E+3	12,000000E+0
552	885,000000E+0	18,830000E+0	30,686000E+0	504,034000E+3	12,000000E+0
553	885,000000E+0	18,830000E+0	30,457000E+0	504,198000E+3	12,000000E+0
554	885,000000E+0	18,830000E+0	30,457000E+0	504,366000E+3	12,000000E+0
555	885,000000E+0	18,830000E+0	30,228000E+0	504,532000E+3	12,000000E+0
556	885,000000E+0	18,830000E+0	29,999000E+0	504,699000E+3	12,000000E+0
557	885,000000E+0	18,830000E+0	29,999000E+0	504,866000E+3	12,000000E+0
558	885,000000E+0	18,830000E+0	29,999000E+0	505,032000E+3	12,000000E+0
559	885,000000E+0	21,520000E+0	30,228000E+0	505,198000E+3	12,000000E+0
560	885,000000E+0	21,520000E+0	30,457000E+0	505,366000E+3	12,000000E+0
561	885,000000E+0	21,520000E+0	30,686000E+0	505,534000E+3	12,000000E+0
562	885,000000E+0	21,520000E+0	30,915000E+0	505,700000E+3	12,000000E+0
563	885,000000E+0	18,830000E+0	30,915000E+0	505,868000E+3	12,000000E+0
564	885,000000E+0	18,830000E+0	31,144000E+0	506,035000E+3	12,000000E+0
565	885,000000E+0	18,830000E+0	30,915000E+0	506,201000E+3	12,000000E+0
566	885,000000E+0	18,830000E+0	30,686000E+0	506,367000E+3	12,000000E+0
567	885,000000E+0	18,830000E+0	30,686000E+0	506,536000E+3	12,000000E+0
568	885,000000E+0	18,830000E+0	30,228000E+0	506,704000E+3	12,000000E+0
569	885,000000E+0	18,830000E+0	29,999000E+0	506,871000E+3	12,000000E+0
570	885,000000E+0	18,830000E+0	29,999000E+0	507,037000E+3	12,000000E+0
571	885,000000E+0	18,830000E+0	29,999000E+0	507,203000E+3	12,000000E+0
572	885,000000E+0	18,830000E+0	30,228000E+0	507,372000E+3	12,000000E+0
573	885,000000E+0	18,830000E+0	30,457000E+0	507,537000E+3	12,000000E+0
574	885,000000E+0	18,830000E+0	30,457000E+0	507,705000E+3	12,000000E+0
575	885,000000E+0	18,830000E+0	30,686000E+0	507,874000E+3	12,000000E+0
576	885,000000E+0	18,830000E+0	30,686000E+0	508,036000E+3	12,000000E+0
577	885,000000E+0	18,830000E+0	30,686000E+0	508,205000E+3	12,000000E+0
578	885,000000E+0	18,830000E+0	30,457000E+0	508,368000E+3	12,000000E+0
579	885,000000E+0	18,830000E+0	30,228000E+0	508,536000E+3	12,000000E+0
580	885,000000E+0	18,830000E+0	30,228000E+0	508,701000E+3	12,000000E+0
581	885,000000E+0	18,830000E+0	29,999000E+0	508,868000E+3	12,000000E+0
582	885,000000E+0	18,830000E+0	30,228000E+0	509,035000E+3	12,000000E+0
583	885,000000E+0	18,830000E+0	30,228000E+0	509,202000E+3	12,000000E+0
584	885,000000E+0	18,830000E+0	30,228000E+0	509,368000E+3	12,000000E+0
585	885,000000E+0	18,830000E+0	30,457000E+0	509,536000E+3	12,000000E+0
586	885,000000E+0	18,830000E+0	30,915000E+0	509,702000E+3	12,000000E+0
587	885,000000E+0	18,830000E+0	30,915000E+0	509,870000E+3	12,000000E+0
588	885,000000E+0	18,830000E+0	30,915000E+0	510,037000E+3	12,000000E+0
589	885,000000E+0	18,830000E+0	30,915000E+0	510,206000E+3	12,000000E+0
590	885,000000E+0	18,830000E+0	30,915000E+0	510,370000E+3	12,000000E+0
591	885,000000E+0	18,830000E+0	30,457000E+0	510,536000E+3	12,000000E+0
592	885,000000E+0	18,830000E+0	30,457000E+0	510,707000E+3	12,000000E+0
593	885,000000E+0	18,830000E+0	30,228000E+0	510,872000E+3	12,000000E+0
594	885,000000E+0	18,830000E+0	29,770000E+0	511,038000E+3	12,000000E+0
595	885,000000E+0	18,830000E+0	29,999000E+0	511,206000E+3	12,000000E+0
596	885,000000E+0	18,830000E+0	29,999000E+0	511,372000E+3	12,000000E+0
597	885,000000E+0	18,830000E+0	30,228000E+0	511,540000E+3	12,000000E+0
598	885,000000E+0	18,830000E+0	30,457000E+0	511,707000E+3	12,000000E+0
599	885,000000E+0	18,830000E+0	30,686000E+0	511,873000E+3	12,000000E+0
600	885,000000E+0	18,830000E+0	30,686000E+0	512,041000E+3	12,000000E+0
601	885,000000E+0	18,830000E+0	30,686000E+0	512,209000E+3	12,000000E+0
602	885,000000E+0	18,830000E+0	30,686000E+0	512,374000E+3	12,000000E+0
603	885,000000E+0	18,830000E+0	30,228000E+0	512,539000E+3	12,000000E+0
604	885,000000E+0	18,830000E+0	30,228000E+0	512,705000E+3	12,000000E+0
605	885,000000E+0	18,830000E+0	30,228000E+0	512,871000E+3	12,000000E+0
606	885,000000E+0	18,830000E+0	29,999000E+0	513,038000E+3	12,000000E+0
607	885,000000E+0	18,830000E+0	30,228000E+0	513,205000E+3	12,000000E+0
608	885,000000E+0	18,830000E+0	30,228000E+0	513,372000E+3	12,000000E+0
609	885,000000E+0	18,830000E+0	30,457000E+0	513,540000E+3	12,000000E+0
610	885,000000E+0	18,830000E+0	30,457000E+0	513,705000E+3	12,000000E+0
611	885,000000E+0	18,830000E+0	30,686000E+0	513,872000E+3	12,000000E+0
612	885,000000E+0	18,830000E+0	31,144000E+0	514,040000E+3	12,000000E+0
613	885,000000E+0	18,830000E+0	31,144000E+0	514,207000E+3	12,000000E+0
614	885,000000E+0	18,830000E+0	30,915000E+0	514,376000E+3	12,000000E+0
615	885,000000E+0	18,830000E+0	30,686000E+0	514,540000E+3	12,000000E+0
616	885,000000E+0	18,830000E+0	30,457000E+0	514,710000E+3	12,000000E+0
617	885,000000E+0	18,830000E+0	30,228000E+0	514,876000E+3	12,000000E+0
618	885,000000E+0	18,830000E+0	29,999000E+0	515,044000E+3	12,000000E+0
619	885,000000E+0	18,830000E+0	29,999000E+0	515,209000E+3	12,000000E+0
620	885,000000E+0	18,830000E+0	29,999000E+0	515,379000E+3	12,000000E+0
621	885,000000E+0	18,830000E+0	30,228000E+0	515,545000E+3	12,000000E+0
622	885,000000E+0	18,830000E+0	30,228000E+0	515,713000E+3	12,000000E+0
623	885,000000E+0	18,830000E+0	30,457000E+0	515,879000E+3	12,000000E+0
624	885,000000E+0	18,830000E+0	30,686000E+0	516,047000E+3	12,000000E+0
625	885,000000E+0	18,830000E+0	30,686000E+0	516,212000E+3	12,000000E+0
626	885,000000E+0	18,830000E+0	30,686000E+0	516,378000E+3	12,000000E+0
627	885,000000E+0	18,830000E+0	30,457000E+0	516,544000E+3	12,000000E+0
628	885,000000E+0	18,830000E+0	30,228000E+0	516,710000E+3	12,000000E+0
629	885,000000E+0	18,830000E+0	30,228000E+0	516,875000E+3	12,000000E+0
630	885,000000E+0	18,830000E+0	29,999000E+0	517,043000E+3	12,000000E+0
631	885,000000E+0	18,830000E+0	30,228000E+0	517,210000E+3	12,000000E+0
632	885,000000E+0	18,830000E+0	30,228000E+0	517,379000E+3	12,000000E+0
633	885,000000E+0	18,830000E+0	30,228000E+0	517,545000E+3	12,000000E+0
634	885,000000E+0	18,830000E+0	30,457000E+0	517,711000E+3	12,000000E+0
635	885,000000E+0	18,830000E+0	30,686000E+0	517,876000E+3	12,000000E+0
636	885,000000E+0	18,830000E+0	30,915000E+0	518,046000E+3	12,000000E+0
637	885,000000E+0	18,830000E+0	31,144000E+0	518,214000E+3	12,000000E+0
638	885,000000E+0	18,830000E+0	31,144000E+0	518,379000E+3	12,000000E+0
639	885,000000E+0	18,830000E+0	30,915000E+0	518,545000E+3	12,000000E+0
640	885,000000E+0	18,830000E+0	30,686000E+0	518,713000E+3	12,000000E+0
641	885,000000E+0	18,830000E+0	30,228000E+0	518,881000E+3	12,000000E+0
642	885,000000E+0	18,830000E+0	29,999000E+0	519,047000E+3	12,000000E+0
643	885,000000E+0	18,830000E+0	29,999000E+0	519,215000E+3	12,000000E+0
644	885,000000E+0	18,830000E+0	30,228000E+0	519,383000E+3	12,000000E+0
645	885,000000E+0	18,830000E+0	29,999000E+0	519,547000E+3	12,000000E+0
646	885,000000E+0	18,830000E+0	30,228000E+0	519,716000E+3	12,000000E+0
647	885,000000E+0	18,830000E+0	30,457000E+0	519,885000E+3	12,000000E+0
648	885,000000E+0	18,830000E+0	30,686000E+0	520,049000E+3	12,000000E+0
649	885,000000E+0	18,830000E+0	30,686000E+0	520,217000E+3	12,000000E+0
650	885,000000E+0	18,830000E+0	30,686000E+0	520,383000E+3	12,000000E+0
651	885,000000E+0	18,830000E+0	30,686000E+0	520,550000E+3	12,000000E+0
652	885,000000E+0	18,830000E+0	30,228000E+0	520,715000E+3	12,000000E+0
653	885,000000E+0	18,830000E+0	30,228000E+0	520,881000E+3	12,000000E+0
654	885,000000E+0	18,830000E+0	29,999000E+0	521,047000E+3	12,000000E+0
655	885,000000E+0	18,830000E+0	29,999000E+0	521,214000E+3	12,000000E+0
656	885,000000E+0	18,830000E+0	30,228000E+0	521,381000E+3	12,000000E+0
657	885,000000E+0	18,830000E+0	30,228000E+0	521,548000E+3	12,000000E+0
658	885,000000E+0	18,830000E+0	30,457000E+0	521,714000E+3	12,000000E+0
659	885,000000E+0	18,830000E+0	30,686000E+0	521,882000E+3	12,000000E+0
660	885,000000E+0	18,830000E+0	30,915000E+0	522,050000E+3	12,000000E+0
661	885,000000E+0	18,830000E+0	30,915000E+0	522,216000E+3	12,000000E+0
662	885,000000E+0	18,830000E+0	31,144000E+0	522,385000E+3	12,000000E+0
663	885,000000E+0	18,830000E+0	30,915000E+0	522,551000E+3	12,000000E+0
664	885,000000E+0	18,830000E+0	30,915000E+0	522,718000E+3	12,000000E+0
665	885,000000E+0	18,830000E+0	30,457000E+0	522,886000E+3	12,000000E+0
666	885,000000E+0	18,830000E+0	30,228000E+0	523,053000E+3	12,000000E+0
667	885,000000E+0	18,830000E+0	29,999000E+0	523,219000E+3	12,000000E+0
668	885,000000E+0	18,830000E+0	29,999000E+0	523,384000E+3	12,000000E+0
669	885,000000E+0	18,830000E+0	30,228000E+0	523,553000E+3	12,000000E+0
670	885,000000E+0	18,830000E+0	30,228000E+0	523,720000E+3	12,000000E+0
671	885,000000E+0	18,830000E+0	30,457000E+0	523,888000E+3	12,000000E+0
672	885,000000E+0	18,830000E+0	30,457000E+0	524,056000E+3	12,000000E+0
673	885,000000E+0	18,830000E+0	30,686000E+0	524,221000E+3	12,000000E+0
674	885,000000E+0	18,830000E+0	30,686000E+0	524,386000E+3	12,000000E+0
675	885,000000E+0	18,830000E+0	30,686000E+0	524,553000E+3	12,000000E+0
676	885,000000E+0	18,830000E+0	30,457000E+0	524,719000E+3	12,000000E+0
677	885,000000E+0	18,830000E+0	30,228000E+0	524,886000E+3	12,000000E+0
678	885,000000E+0	18,830000E+0	30,228000E+0	525,052000E+3	12,000000E+0
679	885,000000E+0	18,830000E+0	30,228000E+0	525,219000E+3	12,000000E+0
680	885,000000E+0	18,830000E+0	29,999000E+0	525,386000E+3	12,000000E+0
681	885,000000E+0	18,830000E+0	29,999000E+0	525,552000E+3	12,000000E+0
682	885,000000E+0	18,830000E+0	30,228000E+0	525,719000E+3	12,000000E+0
683	885,000000E+0	18,830000E+0	30,457000E+0	525,886000E+3	12,000000E+0
684	885,000000E+0	18,830000E+0	30,686000E+0	526,053000E+3	12,000000E+0
685	885,000000E+0	18,830000E+0	30,915000E+0	526,220000E+3	12,000000E+0
686	885,000000E+0	18,830000E+0	30,915000E+0	526,388000E+3	12,000000E+0
687	885,000000E+0	18,830000E+0	30,915000E+0	526,557000E+3	12,000000E+0
688	885,000000E+0	18,830000E+0	30,915000E+0	526,722000E+3	12,000000E+0
689	885,000000E+0	18,830000E+0	30,686000E+0	526,891000E+3	12,000000E+0
690	885,000000E+0	18,830000E+0	30,228000E+0	527,057000E+3	12,000000E+0
691	885,000000E+0	18,830000E+0	30,228000E+0	527,222000E+3	12,000000E+0
692	885,000000E+0	18,830000E+0	29,999000E+0	527,391000E+3	12,000000E+0
693	885,000000E+0	18,830000E+0	30,228000E+0	527,558000E+3	12,000000E+0
694	885,000000E+0	18,830000E+0	30,228000E+0	527,726000E+3	12,000000E+0
695	885,000000E+0	18,830000E+0	30,457000E+0	527,892000E+3	12,000000E+0
696	885,000000E+0	18,830000E+0	30,457000E+0	528,060000E+3	12,000000E+0
697	885,000000E+0	18,830000E+0	30,457000E+0	528,226000E+3	12,000000E+0
698	885,000000E+0	18,830000E+0	30,686000E+0	528,393000E+3	12,000000E+0
699	885,000000E+0	18,830000E+0	30,686000E+0	528,558000E+3	12,000000E+0
700	885,000000E+0	18,830000E+0	30,457000E+0	528,725000E+3	12,000000E+0
701	885,000000E+0	18,830000E+0	30,457000E+0	528,891000E+3	12,000000E+0
702	885,000000E+0	18,830000E+0	30,228000E+0	529,058000E+3	12,000000E+0
703	885,000000E+0	18,830000E+0	29,999000E+0	529,224000E+3	12,000000E+0
704	885,000000E+0	18,830000E+0	29,999000E+0	529,391000E+3	12,000000E+0
705	885,000000E+0	18,830000E+0	29,999000E+0	529,557000E+3	12,000000E+0
706	885,000000E+0	18,830000E+0	30,228000E+0	529,723000E+3	12,000000E+0
707	885,000000E+0	18,830000E+0	30,228000E+0	529,891000E+3	12,000000E+0
708	885,000000E+0	18,830000E+0	30,686000E+0	530,058000E+3	12,000000E+0
709	885,000000E+0	18,830000E+0	30,915000E+0	530,225000E+3	12,000000E+0
710	885,000000E+0	18,830000E+0	31,144000E+0	530,393000E+3	12,000000E+0
711	885,000000E+0	18,830000E+0	31,144000E+0	530,560000E+3	12,000000E+0
712	885,000000E+0	18,830000E+0	30,915000E+0	530,727000E+3	12,000000E+0
713	885,000000E+0	18,830000E+0	30,686000E+0	530,894000E+3	12,000000E+0
714	885,000000E+0	18,830000E+0	30,457000E+0	531,062000E+3	12,000000E+0
715	885,000000E+0	18,830000E+0	30,228000E+0	531,229000E+3	12,000000E+0
716	885,000000E+0	18,830000E+0	29,999000E+0	531,394000E+3	12,000000E+0
717	885,000000E+0	18,830000E+0	30,228000E+0	531,564000E+3	12,000000E+0
718	885,000000E+0	18,830000E+0	30,228000E+0	531,729000E+3	12,000000E+0
719	885,000000E+0	18,830000E+0	30,228000E+0	531,897000E+3	12,000000E+0
720	885,000000E+0	18,830000E+0	30,457000E+0	532,065000E+3	12,000000E+0
721	885,000000E+0	18,830000E+0	30,457000E+0	532,232000E+3	12,000000E+0
722	885,000000E+0	18,830000E+0	30,686000E+0	532,398000E+3	12,000000E+0
723	885,000000E+0	18,830000E+0	30,686000E+0	532,566000E+3	12,000000E+0
724	885,000000E+0	18,830000E+0	30,686000E+0	532,730000E+3	12,000000E+0
725	885,000000E+0	18,830000E+0	30,457000E+0	532,897000E+3	12,000000E+0
726	885,000000E+0	18,830000E+0	30,228000E+0	533,063000E+3	12,000000E+0
727	885,000000E+0	18,830000E+0	30,228000E+0	533,230000E+3	12,000000E+0
728	885,000000E+0	18,830000E+0	29,999000E+0	533,396000E+3	12,000000E+0
729	885,000000E+0	18,830000E+0	29,999000E+0	533,562000E+3	12,000000E+0
730	885,000000E+0	18,830000E+0	30,228000E+0	533,731000E+3	12,000000E+0
731	885,000000E+0	18,830000E+0	30,228000E+0	533,896000E+3	12,000000E+0
732	885,000000E+0	18,830000E+0	30,457000E+0	534,062000E+3	12,000000E+0
733	885,000000E+0	18,830000E+0	30,915000E+0	534,231000E+3	12,000000E+0
734	885,000000E+0	18,830000E+0	30,915000E+0	534,397000E+3	12,000000E+0
735	885,000000E+0	18,830000E+0	31,144000E+0	534,566000E+3	12,000000E+0
736	885,000000E+0	18,830000E+0	31,144000E+0	534,735000E+3	12,000000E+0
737	885,000000E+0	18,830000E+0	30,915000E+0	534,898000E+3	12,000000E+0
738	885,000000E+0	18,830000E+0	30,686000E+0	535,065000E+3	12,000000E+0
739	885,000000E+0	18,830000E+0	30,457000E+0	535,233000E+3	12,000000E+0
740	885,000000E+0	18,830000E+0	30,228000E+0	535,400000E+3	12,000000E+0
741	885,000000E+0	18,830000E+0	30,228000E+0	535,569000E+3	12,000000E+0
742	885,000000E+0	18,830000E+0	30,228000E+0	535,737000E+3	12,000000E+0
743	885,000000E+0	18,830000E+0	30,228000E+0	535,903000E+3	12,000000E+0
744	885,000000E+0	18,830000E+0	30,228000E+0	536,071000E+3	12,000000E+0
745	885,000000E+0	18,830000E+0	30,457000E+0	536,238000E+3	12,000000E+0
746	885,000000E+0	18,830000E+0	30,457000E+0	536,405000E+3	12,000000E+0
747	885,000000E+0	18,830000E+0	30,457000E+0	536,571000E+3	12,000000E+0
748	885,000000E+0	18,830000E+0	30,686000E+0	536,737000E+3	12,000000E+0
749	885,000000E+0	18,830000E+0	30,686000E+0	536,904000E+3	12,000000E+0
750	885,000000E+0	18,830000E+0	30,457000E+0	537,070000E+3	12,000000E+0
751	885,000000E+0	18,830000E+0	30,228000E+0	537,236000E+3	12,000000E+0
752	885,000000E+0	18,830000E+0	29,999000E+0	537,402000E+3	12,000000E+0
753	885,000000E+0	18,830000E+0	29,999000E+0	537,568000E+3	12,000000E+0
754	885,000000E+0	18,830000E+0	30,228000E+0	537,735000E+3	12,000000E+0
755	885,000000E+0	18,830000E+0	30,228000E+0	537,901000E+3	12,000000E+0
756	885,000000E+0	18,830000E+0	30,457000E+0	538,068000E+3	12,000000E+0
757	885,000000E+0	18,830000E+0	30,457000E+0	538,237000E+3	12,000000E+0
758	885,000000E+0	18,830000E+0	30,915000E+0	538,402000E+3	12,000000E+0
759	885,000000E+0	18,830000E+0	31,144000E+0	538,572000E+3	12,000000E+0
760	885,000000E+0	18,830000E+0	31,144000E+0	538,738000E+3	12,000000E+0
761	885,000000E+0	18,830000E+0	30,915000E+0	538,905000E+3	12,000000E+0
762	885,000000E+0	18,830000E+0	30,686000E+0	539,070000E+3	12,000000E+0
763	885,000000E+0	18,830000E+0	30,457000E+0	539,239000E+3	12,000000E+0
764	885,000000E+0	18,830000E+0	30,228000E+0	539,406000E+3	12,000000E+0
765	885,000000E+0	18,830000E+0	30,228000E+0	539,573000E+3	12,000000E+0
766	885,000000E+0	18,830000E+0	30,228000E+0	539,741000E+3	12,000000E+0
767	885,000000E+0	18,830000E+0	30,228000E+0	539,908000E+3	12,000000E+0
768	885,000000E+0	18,830000E+0	30,228000E+0	540,075000E+3	12,000000E+0
769	885,000000E+0	18,830000E+0	30,228000E+0	540,242000E+3	12,000000E+0
770	885,000000E+0	18,830000E+0	30,457000E+0	540,408000E+3	12,000000E+0
771	885,000000E+0	18,830000E+0	30,686000E+0	540,576000E+3	12,000000E+0
772	885,000000E+0	18,830000E+0	30,686000E+0	540,741000E+3	12,000000E+0
773	885,000000E+0	18,830000E+0	30,686000E+0	540,908000E+3	12,000000E+0
774	885,000000E+0	18,830000E+0	30,686000E+0	541,075000E+3	12,000000E+0
775	885,000000E+0	18,830000E+0	30,457000E+0	541,241000E+3	12,000000E+0
776	885,000000E+0	18,830000E+0	30,228000E+0	541,406000E+3	12,000000E+0
777	885,000000E+0	18,830000E+0	29,999000E+0	541,572000E+3	12,000000E+0
778	885,000000E+0	18,830000E+0	29,999000E+0	541,741000E+3	12,000000E+0
779	885,000000E+0	18,830000E+0	30,228000E+0	541,907000E+3	12,000000E+0
780	885,000000E+0	18,830000E+0	30,228000E+0	542,075000E+3	12,000000E+0
781	885,000000E+0	18,830000E+0	30,457000E+0	542,241000E+3	12,000000E+0
782	885,000000E+0	18,830000E+0	30,686000E+0	542,410000E+3	12,000000E+0
783	885,000000E+0	18,830000E+0	30,915000E+0	542,576000E+3	12,000000E+0
784	885,000000E+0	18,830000E+0	31,144000E+0	542,743000E+3	12,000000E+0
785	885,000000E+0	18,830000E+0	30,915000E+0	542,910000E+3	12,000000E+0
786	885,000000E+0	18,830000E+0	30,915000E+0	543,086000E+3	12,000000E+0
787	885,000000E+0	18,830000E+0	30,686000E+0	543,244000E+3	12,000000E+0
788	885,000000E+0	18,830000E+0	30,457000E+0	543,411000E+3	12,000000E+0
789	885,000000E+0	18,830000E+0	30,228000E+0	543,579000E+3	12,000000E+0
790	885,000000E+0	18,830000E+0	29,999000E+0	543,746000E+3	12,000000E+0
791	885,000000E+0	18,830000E+0	30,228000E+0	543,913000E+3	12,000000E+0
792	885,000000E+0	18,830000E+0	29,999000E+0	544,080000E+3	12,000000E+0
793	885,000000E+0	18,830000E+0	29,999000E+0	544,247000E+3	12,000000E+0
794	885,000000E+0	18,830000E+0	30,457000E+0	544,415000E+3	12,000000E+0
795	885,000000E+0	18,830000E+0	30,457000E+0	544,582000E+3	12,000000E+0
796	885,000000E+0	18,830000E+0	30,686000E+0	544,750000E+3	12,000000E+0
797	885,000000E+0	18,830000E+0	30,686000E+0	544,913000E+3	12,000000E+0
798	885,000000E+0	18,830000E+0	30,686000E+0	545,082000E+3	12,000000E+0
799	885,000000E+0	18,830000E+0	30,686000E+0	545,246000E+3	12,000000E+0
800	885,000000E+0	18,830000E+0	30,457000E+0	545,416000E+3	12,000000E+0
801	885,000000E+0	18,830000E+0	30,228000E+0	545,580000E+3	12,000000E+0
802	885,000000E+0	18,830000E+0	29,999000E+0	545,746000E+3	12,000000E+0
803	885,000000E+0	18,830000E+0	29,999000E+0	545,913000E+3	12,000000E+0
804	885,000000E+0	18,830000E+0	30,228000E+0	546,080000E+3	12,000000E+0
805	885,000000E+0	18,830000E+0	30,457000E+0	546,246000E+3	12,000000E+0
806	885,000000E+0	18,830000E+0	30,457000E+0	546,414000E+3	12,000000E+0
807	885,000000E+0	18,830000E+0	30,915000E+0	546,582000E+3	12,000000E+0
808	885,000000E+0	18,830000E+0	30,915000E+0	546,751000E+3	12,000000E+0
809	885,000000E+0	18,830000E+0	30,915000E+0	546,916000E+3	12,000000E+0
810	885,000000E+0	18,830000E+0	30,915000E+0	547,084000E+3	12,000000E+0
811	885,000000E+0	18,830000E+0	30,686000E+0	547,250000E+3	12,000000E+0
812	885,000000E+0	18,830000E+0	30,686000E+0	547,419000E+3	12,000000E+0
813	885,000000E+0	18,830000E+0	30,457000E+0	547,587000E+3	12,000000E+0
814	885,000000E+0	18,830000E+0	30,228000E+0	547,751000E+3	12,000000E+0
815	885,000000E+0	18,830000E+0	29,999000E+0	547,919000E+3	12,000000E+0
816	885,000000E+0	18,830000E+0	30,228000E+0	548,087000E+3	12,000000E+0
817	885,000000E+0	18,830000E+0	30,228000E+0	548,253000E+3	12,000000E+0
818	885,000000E+0	18,830000E+0	30,228000E+0	548,422000E+3	12,000000E+0
819	885,000000E+0	18,830000E+0	30,457000E+0	548,588000E+3	12,000000E+0
820	885,000000E+0	18,830000E+0	30,686000E+0	548,755000E+3	12,000000E+0
821	885,000000E+0	18,830000E+0	30,686000E+0	548,921000E+3	12,000000E+0
822	885,000000E+0	18,830000E+0	30,686000E+0	549,088000E+3	12,000000E+0
823	885,000000E+0	18,830000E+0	30,686000E+0	549,255000E+3	12,000000E+0
824	885,000000E+0	18,830000E+0	30,228000E+0	549,421000E+3	12,000000E+0
825	885,000000E+0	18,830000E+0	30,228000E+0	549,587000E+3	12,000000E+0
826	885,000000E+0	18,830000E+0	30,228000E+0	549,752000E+3	12,000000E+0
827	885,000000E+0	18,830000E+0	29,999000E+0	549,921000E+3	12,000000E+0
828	885,000000E+0	18,830000E+0	30,228000E+0	550,087000E+3	12,000000E+0
829	885,000000E+0	18,830000E+0	30,228000E+0	550,256000E+3	12,000000E+0
830	885,000000E+0	18,830000E+0	30,457000E+0	550,423000E+3	12,000000E+0
831	885,000000E+0	18,830000E+0	30,686000E+0	550,589000E+3	12,000000E+0
832	885,000000E+0	18,830000E+0	30,915000E+0	550,757000E+3	12,000000E+0
833	885,000000E+0	18,830000E+0	30,915000E+0	550,925000E+3	12,000000E+0
834	885,000000E+0	18,830000E+0	30,915000E+0	551,092000E+3	12,000000E+0
835	885,000000E+0	18,830000E+0	30,915000E+0	551,258000E+3	12,000000E+0
836	885,000000E+0	18,830000E+0	30,915000E+0	551,424000E+3	12,000000E+0
837	885,000000E+0	18,830000E+0	30,686000E+0	551,593000E+3	12,000000E+0
838	885,000000E+0	18,830000E+0	30,228000E+0	551,760000E+3	12,000000E+0
839	885,000000E+0	18,830000E+0	29,999000E+0	551,927000E+3	12,000000E+0
840	885,000000E+0	18,830000E+0	30,228000E+0	552,094000E+3	12,000000E+0
841	885,000000E+0	18,830000E+0	29,999000E+0	552,263000E+3	12,000000E+0
842	885,000000E+0	18,830000E+0	30,228000E+0	552,429000E+3	12,000000E+0
843	885,000000E+0	18,830000E+0	30,457000E+0	552,595000E+3	12,000000E+0
844	885,000000E+0	18,830000E+0	30,457000E+0	552,762000E+3	12,000000E+0
845	885,000000E+0	18,830000E+0	30,686000E+0	552,931000E+3	12,000000E+0
846	885,000000E+0	18,830000E+0	30,686000E+0	553,095000E+3	12,000000E+0
847	885,000000E+0	18,830000E+0	30,686000E+0	553,262000E+3	12,000000E+0
848	885,000000E+0	18,830000E+0	30,457000E+0	553,428000E+3	12,000000E+0
849	885,000000E+0	18,830000E+0	30,228000E+0	553,596000E+3	12,000000E+0
850	885,000000E+0	18,830000E+0	30,228000E+0	553,761000E+3	12,000000E+0
851	885,000000E+0	18,830000E+0	29,999000E+0	553,929000E+3	12,000000E+0
852	885,000000E+0	18,830000E+0	29,999000E+0	554,096000E+3	12,000000E+0
853	885,000000E+0	18,830000E+0	30,228000E+0	554,262000E+3	12,000000E+0
854	885,000000E+0	18,830000E+0	30,228000E+0	554,429000E+3	12,000000E+0
855	885,000000E+0	18,830000E+0	30,686000E+0	554,595000E+3	12,000000E+0
856	885,000000E+0	18,830000E+0	30,915000E+0	554,764000E+3	12,000000E+0
857	885,000000E+0	18,830000E+0	30,915000E+0	554,932000E+3	12,000000E+0
858	885,000000E+0	18,830000E+0	31,144000E+0	555,099000E+3	12,000000E+0
859	885,000000E+0	18,830000E+0	30,915000E+0	555,268000E+3	12,000000E+0
860	885,000000E+0	18,830000E+0	30,686000E+0	555,432000E+3	12,000000E+0
861	885,000000E+0	18,830000E+0	30,686000E+0	555,600000E+3	12,000000E+0
862	885,000000E+0	18,830000E+0	30,457000E+0	555,769000E+3	12,000000E+0
863	885,000000E+0	18,830000E+0	30,228000E+0	555,934000E+3	12,000000E+0
864	885,000000E+0	18,830000E+0	29,999000E+0	556,103000E+3	12,000000E+0
865	885,000000E+0	18,830000E+0	29,999000E+0	556,271000E+3	12,000000E+0
866	885,000000E+0	18,830000E+0	30,228000E+0	556,436000E+3	12,000000E+0
867	885,000000E+0	18,830000E+0	30,228000E+0	556,603000E+3	12,000000E+0
868	885,000000E+0	18,830000E+0	30,457000E+0	556,770000E+3	12,000000E+0
869	885,000000E+0	18,830000E+0	30,686000E+0	556,937000E+3	12,000000E+0
870	885,000000E+0	18,830000E+0	30,686000E+0	557,105000E+3	12,000000E+0
871	885,000000E+0	18,830000E+0	30,686000E+0	557,271000E+3	12,000000E+0
872	885,000000E+0	18,830000E+0	30,457000E+0	557,438000E+3	12,000000E+0
873	885,000000E+0	18,830000E+0	30,228000E+0	557,604000E+3	12,000000E+0
874	885,000000E+0	18,830000E+0	30,228000E+0	557,769000E+3	12,000000E+0
875	885,000000E+0	18,830000E+0	29,999000E+0	557,936000E+3	12,000000E+0
876	885,000000E+0	18,830000E+0	29,999000E+0	558,104000E+3	12,000000E+0
877	885,000000E+0	18,830000E+0	30,228000E+0	558,270000E+3	12,000000E+0
878	885,000000E+0	18,830000E+0	30,228000E+0	558,437000E+3	12,000000E+0
879	885,000000E+0	18,830000E+0	30,457000E+0	558,604000E+3	12,000000E+0
880	885,000000E+0	18,830000E+0	30,686000E+0	558,774000E+3	12,000000E+0
881	885,000000E+0	18,830000E+0	30,915000E+0	558,941000E+3	12,000000E+0
882	885,000000E+0	18,830000E+0	30,915000E+0	559,107000E+3	12,000000E+0
883	885,000000E+0	18,830000E+0	31,144000E+0	559,276000E+3	12,000000E+0
884	885,000000E+0	18,830000E+0	31,144000E+0	559,440000E+3	12,000000E+0
885	885,000000E+0	18,830000E+0	30,686000E+0	559,607000E+3	12,000000E+0
886	885,000000E+0	18,830000E+0	30,457000E+0	559,776000E+3	12,000000E+0
887	885,000000E+0	18,830000E+0	30,228000E+0	559,943000E+3	12,000000E+0
888	885,000000E+0	18,830000E+0	29,999000E+0	560,110000E+3	12,000000E+0
889	885,000000E+0	18,830000E+0	29,999000E+0	560,277000E+3	12,000000E+0
890	885,000000E+0	18,830000E+0	29,999000E+0	560,445000E+3	12,000000E+0
891	885,000000E+0	18,830000E+0	30,228000E+0	560,612000E+3	12,000000E+0
892	885,000000E+0	18,830000E+0	30,457000E+0	560,780000E+3	12,000000E+0
893	885,000000E+0	18,830000E+0	30,686000E+0	560,945000E+3	12,000000E+0
894	885,000000E+0	18,830000E+0	30,686000E+0	561,113000E+3	12,000000E+0
895	885,000000E+0	18,830000E+0	30,686000E+0	561,279000E+3	12,000000E+0
896	885,000000E+0	18,830000E+0	30,686000E+0	561,447000E+3	12,000000E+0
897	885,000000E+0	18,830000E+0	30,686000E+0	561,612000E+3	12,000000E+0
898	885,000000E+0	18,830000E+0	30,228000E+0	561,779000E+3	12,000000E+0
899	885,000000E+0	18,830000E+0	30,228000E+0	561,944000E+3	12,000000E+0
900	885,000000E+0	18,830000E+0	29,999000E+0	562,113000E+3	12,000000E+0
901	885,000000E+0	18,830000E+0	29,999000E+0	562,280000E+3	12,000000E+0
902	885,000000E+0	18,830000E+0	30,228000E+0	562,447000E+3	12,000000E+0
903	885,000000E+0	18,830000E+0	30,228000E+0	562,614000E+3	12,000000E+0
904	885,000000E+0	18,830000E+0	30,457000E+0	562,780000E+3	12,000000E+0
905	885,000000E+0	18,830000E+0	30,686000E+0	562,948000E+3	12,000000E+0
906	885,000000E+0	18,830000E+0	30,915000E+0	563,116000E+3	12,000000E+0
907	885,000000E+0	18,830000E+0	31,144000E+0	563,282000E+3	12,000000E+0
908	885,000000E+0	18,830000E+0	30,915000E+0	563,450000E+3	12,000000E+0
909	885,000000E+0	18,830000E+0	30,915000E+0	563,617000E+3	12,000000E+0
910	885,000000E+0	18,830000E+0	30,686000E+0	563,785000E+3	12,000000E+0
911	885,000000E+0	18,830000E+0	30,228000E+0	563,951000E+3	12,000000E+0
912	885,000000E+0	18,830000E+0	30,228000E+0	564,117000E+3	12,000000E+0
913	885,000000E+0	18,830000E+0	29,999000E+0	564,287000E+3	12,000000E+0
914	885,000000E+0	18,830000E+0	29,999000E+0	564,455000E+3	12,000000E+0
915	885,000000E+0	18,830000E+0	30,228000E+0	564,621000E+3	12,000000E+0
916	885,000000E+0	18,830000E+0	30,228000E+0	564,788000E+3	12,000000E+0
917	885,000000E+0	18,830000E+0	30,686000E+0	564,957000E+3	12,000000E+0
918	885,000000E+0	18,830000E+0	30,457000E+0	565,123000E+3	12,000000E+0
919	885,000000E+0	18,830000E+0	30,686000E+0	565,289000E+3	12,000000E+0
920	885,000000E+0	18,830000E+0	30,686000E+0	565,455000E+3	12,000000E+0
921	885,000000E+0	18,830000E+0	30,457000E+0	565,621000E+3	12,000000E+0
922	885,000000E+0	18,830000E+0	30,457000E+0	565,789000E+3	12,000000E+0
923	885,000000E+0	18,830000E+0	30,228000E+0	565,956000E+3	12,000000E+0
924	885,000000E+0	18,830000E+0	29,999000E+0	566,119000E+3	12,000000E+0
925	885,000000E+0	18,830000E+0	29,999000E+0	566,287000E+3	12,000000E+0
926	885,000000E+0	18,830000E+0	30,228000E+0	566,454000E+3	12,000000E+0
927	885,000000E+0	18,830000E+0	30,228000E+0	566,621000E+3	12,000000E+0
928	885,000000E+0	18,830000E+0	30,457000E+0	566,790000E+3	12,000000E+0
929	885,000000E+0	18,830000E+0	30,686000E+0	566,957000E+3	12,000000E+0
930	885,000000E+0	18,830000E+0	30,915000E+0	567,124000E+3	12,000000E+0
931	885,000000E+0	18,830000E+0	30,915000E+0	567,292000E+3	12,000000E+0
932	885,000000E+0	18,830000E+0	31,144000E+0	567,458000E+3	12,000000E+0
933	885,000000E+0	18,830000E+0	31,144000E+0	567,626000E+3	12,000000E+0
934	885,000000E+0	18,830000E+0	30,686000E+0	567,793000E+3	12,000000E+0
935	885,000000E+0	18,830000E+0	30,686000E+0	567,961000E+3	12,000000E+0
936	885,000000E+0	18,830000E+0	30,228000E+0	568,127000E+3	12,000000E+0
937	885,000000E+0	18,830000E+0	29,999000E+0	568,295000E+3	12,000000E+0
938	885,000000E+0	18,830000E+0	30,228000E+0	568,463000E+3	12,000000E+0
939	885,000000E+0	18,830000E+0	29,999000E+0	568,630000E+3	12,000000E+0
940	885,000000E+0	18,830000E+0	30,228000E+0	568,796000E+3	12,000000E+0
941	885,000000E+0	18,830000E+0	30,457000E+0	568,966000E+3	12,000000E+0
942	885,000000E+0	18,830000E+0	30,686000E+0	569,132000E+3	12,000000E+0
943	885,000000E+0	18,830000E+0	30,686000E+0	569,300000E+3	12,000000E+0
944	885,000000E+0	18,830000E+0	30,686000E+0	569,465000E+3	12,000000E+0
945	885,000000E+0	18,830000E+0	30,686000E+0	569,633000E+3	12,000000E+0
946	885,000000E+0	18,830000E+0	30,457000E+0	569,799000E+3	12,000000E+0
947	885,000000E+0	18,830000E+0	30,228000E+0	569,966000E+3	12,000000E+0
948	885,000000E+0	18,830000E+0	30,228000E+0	570,132000E+3	12,000000E+0
949	885,000000E+0	18,830000E+0	29,999000E+0	570,298000E+3	12,000000E+0
950	885,000000E+0	18,830000E+0	29,999000E+0	570,465000E+3	12,000000E+0
951	885,000000E+0	18,830000E+0	30,228000E+0	570,632000E+3	12,000000E+0
952	885,000000E+0	18,830000E+0	30,228000E+0	570,799000E+3	12,000000E+0
953	885,000000E+0	18,830000E+0	30,686000E+0	570,966000E+3	12,000000E+0
954	885,000000E+0	18,830000E+0	30,915000E+0	571,134000E+3	12,000000E+0
955	885,000000E+0	18,830000E+0	30,915000E+0	571,301000E+3	12,000000E+0
956	885,000000E+0	18,830000E+0	30,915000E+0	571,469000E+3	12,000000E+0
957	885,000000E+0	18,830000E+0	31,144000E+0	571,635000E+3	12,000000E+0
958	885,000000E+0	18,830000E+0	30,915000E+0	571,801000E+3	12,000000E+0
959	885,000000E+0	18,830000E+0	30,686000E+0	571,969000E+3	12,000000E+0
960	885,000000E+0	18,830000E+0	30,457000E+0	572,138000E+3	12,000000E+0
961	885,000000E+0	18,830000E+0	30,228000E+0	572,305000E+3	12,000000E+0
962	885,000000E+0	18,830000E+0	29,999000E+0	572,474000E+3	12,000000E+0
963	885,000000E+0	18,830000E+0	30,228000E+0	572,642000E+3	12,000000E+0
964	885,000000E+0	18,830000E+0	30,228000E+0	572,808000E+3	12,000000E+0
965	885,000000E+0	18,830000E+0	30,228000E+0	572,976000E+3	12,000000E+0
966	885,000000E+0	18,830000E+0	30,457000E+0	573,142000E+3	12,000000E+0
967	885,000000E+0	18,830000E+0	30,686000E+0	573,309000E+3	12,000000E+0
968	885,000000E+0	18,830000E+0	30,686000E+0	573,476000E+3	12,000000E+0
969	885,000000E+0	18,830000E+0	30,686000E+0	573,643000E+3	12,000000E+0
970	885,000000E+0	18,830000E+0	30,686000E+0	573,808000E+3	12,000000E+0
971	885,000000E+0	18,830000E+0	30,457000E+0	573,975000E+3	12,000000E+0
972	885,000000E+0	18,830000E+0	30,228000E+0	574,140000E+3	12,000000E+0
973	885,000000E+0	18,830000E+0	30,228000E+0	574,306000E+3	12,000000E+0
974	885,000000E+0	18,830000E+0	29,999000E+0	574,475000E+3	12,000000E+0
975	885,000000E+0	18,830000E+0	29,999000E+0	574,641000E+3	12,000000E+0
976	885,000000E+0	18,830000E+0	30,228000E+0	574,809000E+3	12,000000E+0
977	885,000000E+0	18,830000E+0	30,457000E+0	574,977000E+3	12,000000E+0
978	885,000000E+0	18,830000E+0	30,686000E+0	575,144000E+3	12,000000E+0
979	885,000000E+0	18,830000E+0	30,915000E+0	575,312000E+3	12,000000E+0
980	885,000000E+0	18,830000E+0	30,915000E+0	575,479000E+3	12,000000E+0
981	885,000000E+0	18,830000E+0	31,144000E+0	575,645000E+3	12,000000E+0
982	885,000000E+0	18,830000E+0	30,915000E+0	575,813000E+3	12,000000E+0
983	885,000000E+0	18,830000E+0	30,915000E+0	575,979000E+3	12,000000E+0
984	885,000000E+0	18,830000E+0	30,686000E+0	576,149000E+3	12,000000E+0
985	885,000000E+0	18,830000E+0	30,228000E+0	576,315000E+3	12,000000E+0
986	885,000000E+0	18,830000E+0	29,999000E+0	576,480000E+3	12,000000E+0
987	885,000000E+0	18,830000E+0	29,999000E+0	576,651000E+3	12,000000E+0
988	885,000000E+0	18,830000E+0	29,999000E+0	576,817000E+3	12,000000E+0
989	885,000000E+0	18,830000E+0	30,228000E+0	576,984000E+3	12,000000E+0
990	885,000000E+0	18,830000E+0	30,457000E+0	577,152000E+3	12,000000E+0
991	885,000000E+0	18,830000E+0	30,686000E+0	577,320000E+3	12,000000E+0
992	885,000000E+0	18,830000E+0	30,915000E+0	577,487000E+3	12,000000E+0
993	885,000000E+0	18,830000E+0	30,686000E+0	577,650000E+3	12,000000E+0
994	885,000000E+0	18,830000E+0	30,686000E+0	577,818000E+3	12,000000E+0
995	885,000000E+0	18,830000E+0	30,457000E+0	577,984000E+3	12,000000E+0
996	885,000000E+0	18,830000E+0	30,228000E+0	578,152000E+3	12,000000E+0
997	885,000000E+0	18,830000E+0	30,228000E+0	578,318000E+3	12,000000E+0
998	885,000000E+0	18,830000E+0	29,999000E+0	578,484000E+3	12,000000E+0
999	885,000000E+0	18,830000E+0	30,228000E+0	578,651000E+3	12,000000E+0
1000	885,000000E+0	18,830000E+0	30,228000E+0	578,819000E+3	12,000000E+0
1001	885,000000E+0	18,830000E+0	30,228000E+0	578,986000E+3	12,000000E+0
1002	885,000000E+0	18,830000E+0	30,686000E+0	579,153000E+3	12,000000E+0
1003	885,000000E+0	18,830000E+0	30,686000E+0	579,319000E+3	12,000000E+0
1004	885,000000E+0	18,830000E+0	30,915000E+0	579,488000E+3	12,000000E+0
1005	885,000000E+0	18,830000E+0	31,144000E+0	579,657000E+3	12,000000E+0
1006	885,000000E+0	18,830000E+0	30,915000E+0	579,823000E+3	12,000000E+0
1007	885,000000E+0	18,830000E+0	30,915000E+0	579,990000E+3	12,000000E+0
1008	885,000000E+0	18,830000E+0	30,686000E+0	580,156000E+3	12,000000E+0
1009	885,000000E+0	18,830000E+0	30,457000E+0	580,326000E+3	12,000000E+0
1010	885,000000E+0	18,830000E+0	29,999000E+0	580,491000E+3	12,000000E+0
1011	885,000000E+0	18,830000E+0	29,999000E+0	580,659000E+3	12,000000E+0
1012	885,000000E+0	18,830000E+0	30,228000E+0	580,827000E+3	12,000000E+0
1013	885,000000E+0	18,830000E+0	30,228000E+0	580,992000E+3	12,000000E+0
1014	885,000000E+0	18,830000E+0	30,457000E+0	581,161000E+3	12,000000E+0
1015	885,000000E+0	18,830000E+0	30,457000E+0	581,327000E+3	12,000000E+0
1016	885,000000E+0	18,830000E+0	30,686000E+0	581,496000E+3	12,000000E+0
1017	885,000000E+0	18,830000E+0	30,686000E+0	581,663000E+3	12,000000E+0
1018	885,000000E+0	18,830000E+0	30,686000E+0	581,830000E+3	12,000000E+0
1019	885,000000E+0	18,830000E+0	30,686000E+0	581,995000E+3	12,000000E+0
1020	885,000000E+0	18,830000E+0	30,457000E+0	582,160000E+3	12,000000E+0
1021	885,000000E+0	18,830000E+0	30,228000E+0	582,327000E+3	12,000000E+0
1022	885,000000E+0	18,830000E+0	30,228000E+0	582,495000E+3	12,000000E+0
1023	885,000000E+0	18,830000E+0	29,999000E+0	582,661000E+3	12,000000E+0
1024	885,000000E+0	18,830000E+0	30,228000E+0	582,827000E+3	12,000000E+0
1025	885,000000E+0	18,830000E+0	30,228000E+0	582,996000E+3	12,000000E+0
1026	885,000000E+0	18,830000E+0	30,228000E+0	583,162000E+3	12,000000E+0
1027	885,000000E+0	18,830000E+0	30,686000E+0	583,330000E+3	12,000000E+0
1028	885,000000E+0	18,830000E+0	30,915000E+0	583,496000E+3	12,000000E+0
1029	885,000000E+0	18,830000E+0	30,915000E+0	583,665000E+3	12,000000E+0
1030	885,000000E+0	18,830000E+0	31,144000E+0	583,833000E+3	12,000000E+0
1031	885,000000E+0	18,830000E+0	30,915000E+0	584,000000E+3	12,000000E+0
1032	885,000000E+0	18,830000E+0	30,686000E+0	584,166000E+3	12,000000E+0
1033	885,000000E+0	18,830000E+0	30,457000E+0	584,334000E+3	12,000000E+0
1034	885,000000E+0	18,830000E+0	30,228000E+0	584,501000E+3	12,000000E+0
1035	885,000000E+0	18,830000E+0	29,999000E+0	584,670000E+3	12,000000E+0
1036	885,000000E+0	18,830000E+0	29,999000E+0	584,836000E+3	12,000000E+0
1037	885,000000E+0	18,830000E+0	30,228000E+0	585,003000E+3	12,000000E+0
1038	885,000000E+0	18,830000E+0	30,228000E+0	585,169000E+3	12,000000E+0
1039	885,000000E+0	18,830000E+0	30,457000E+0	585,337000E+3	12,000000E+0
1040	885,000000E+0	18,830000E+0	30,686000E+0	585,504000E+3	12,000000E+0
1041	885,000000E+0	18,830000E+0	30,686000E+0	585,673000E+3	12,000000E+0
1042	885,000000E+0	18,830000E+0	30,686000E+0	585,836000E+3	12,000000E+0
1043	885,000000E+0	18,830000E+0	30,686000E+0	586,006000E+3	12,000000E+0
1044	885,000000E+0	18,830000E+0	30,457000E+0	586,169000E+3	12,000000E+0
1045	885,000000E+0	18,830000E+0	30,228000E+0	586,338000E+3	12,000000E+0
1046	885,000000E+0	18,830000E+0	30,228000E+0	586,502000E+3	12,000000E+0
1047	885,000000E+0	18,830000E+0	29,999000E+0	586,670000E+3	12,000000E+0
1048	885,000000E+0	18,830000E+0	30,228000E+0	586,838000E+3	12,000000E+0
1049	885,000000E+0	18,830000E+0	30,228000E+0	587,006000E+3	12,000000E+0
1050	885,000000E+0	18,830000E+0	30,457000E+0	587,171000E+3	12,000000E+0
1051	885,000000E+0	18,830000E+0	30,457000E+0	587,339000E+3	12,000000E+0
1052	885,000000E+0	18,830000E+0	30,686000E+0	587,505000E+3	12,000000E+0
1053	885,000000E+0	18,830000E+0	31,144000E+0	587,674000E+3	12,000000E+0
1054	885,000000E+0	18,830000E+0	31,144000E+0	587,839000E+3	12,000000E+0
1055	885,000000E+0	18,830000E+0	31,144000E+0	588,009000E+3	12,000000E+0
1056	885,000000E+0	18,830000E+0	30,915000E+0	588,175000E+3	12,000000E+0
1057	885,000000E+0	18,830000E+0	30,457000E+0	588,343000E+3	12,000000E+0
1058	885,000000E+0	18,830000E+0	30,457000E+0	588,510000E+3	12,000000E+0
1059	885,000000E+0	18,830000E+0	30,228000E+0	588,677000E+3	12,000000E+0
1060	885,000000E+0	18,830000E+0	29,999000E+0	588,845000E+3	12,000000E+0
1061	885,000000E+0	18,830000E+0	30,228000E+0	589,011000E+3	12,000000E+0
1062	885,000000E+0	18,830000E+0	29,999000E+0	589,178000E+3	12,000000E+0
1063	885,000000E+0	18,830000E+0	30,457000E+0	589,347000E+3	12,000000E+0
1064	885,000000E+0	18,830000E+0	30,457000E+0	589,514000E+3	12,000000E+0
1065	885,000000E+0	18,830000E+0	30,686000E+0	589,681000E+3	12,000000E+0
1066	885,000000E+0	18,830000E+0	30,686000E+0	589,849000E+3	12,000000E+0
1067	885,000000E+0	18,830000E+0	30,686000E+0	590,015000E+3	12,000000E+0
1068	885,000000E+0	18,830000E+0	30,686000E+0	590,180000E+3	12,000000E+0
1069	885,000000E+0	18,830000E+0	30,457000E+0	590,346000E+3	12,000000E+0
1070	885,000000E+0	18,830000E+0	30,228000E+0	590,513000E+3	12,000000E+0
1071	885,000000E+0	18,830000E+0	29,999000E+0	590,680000E+3	12,000000E+0
1072	885,000000E+0	18,830000E+0	29,999000E+0	590,846000E+3	12,000000E+0
1073	885,000000E+0	18,830000E+0	30,228000E+0	591,014000E+3	12,000000E+0
1074	885,000000E+0	18,830000E+0	30,228000E+0	591,180000E+3	12,000000E+0
1075	885,000000E+0	18,830000E+0	30,457000E+0	591,348000E+3	12,000000E+0
1076	885,000000E+0	18,830000E+0	30,686000E+0	591,515000E+3	12,000000E+0
1077	885,000000E+0	18,830000E+0	30,915000E+0	591,682000E+3	12,000000E+0
1078	885,000000E+0	18,830000E+0	31,144000E+0	591,848000E+3	12,000000E+0
1079	885,000000E+0	18,830000E+0	31,144000E+0	592,016000E+3	12,000000E+0
1080	885,000000E+0	18,830000E+0	30,915000E+0	592,185000E+3	12,000000E+0
1081	885,000000E+0	18,830000E+0	30,915000E+0	592,352000E+3	12,000000E+0
1082	885,000000E+0	18,830000E+0	30,457000E+0	592,518000E+3	12,000000E+0
1083	885,000000E+0	18,830000E+0	30,228000E+0	592,687000E+3	12,000000E+0
1084	885,000000E+0	18,830000E+0	29,999000E+0	592,851000E+3	12,000000E+0
1085	885,000000E+0	18,830000E+0	29,999000E+0	593,018000E+3	12,000000E+0
1086	885,000000E+0	18,830000E+0	30,228000E+0	593,188000E+3	12,000000E+0
1087	885,000000E+0	18,830000E+0	30,228000E+0	593,354000E+3	12,000000E+0
1088	885,000000E+0	18,830000E+0	30,457000E+0	593,523000E+3	12,000000E+0
1089	885,000000E+0	18,830000E+0	30,457000E+0	593,690000E+3	12,000000E+0
1090	885,000000E+0	18,830000E+0	30,686000E+0	593,858000E+3	12,000000E+0
1091	885,000000E+0	18,830000E+0	30,686000E+0	594,022000E+3	12,000000E+0
1092	885,000000E+0	18,830000E+0	30,686000E+0	594,189000E+3	12,000000E+0
1093	885,000000E+0	18,830000E+0	30,457000E+0	594,356000E+3	12,000000E+0
1094	885,000000E+0	18,830000E+0	30,457000E+0	594,521000E+3	12,000000E+0
1095	885,000000E+0	18,830000E+0	30,228000E+0	594,689000E+3	12,000000E+0
1096	885,000000E+0	18,830000E+0	29,999000E+0	594,857000E+3	12,000000E+0
1097	885,000000E+0	18,830000E+0	29,999000E+0	595,021000E+3	12,000000E+0
1098	885,000000E+0	18,830000E+0	30,228000E+0	595,189000E+3	12,000000E+0
1099	885,000000E+0	18,830000E+0	30,228000E+0	595,357000E+3	12,000000E+0
1100	885,000000E+0	18,830000E+0	30,457000E+0	595,524000E+3	12,000000E+0
1101	885,000000E+0	18,830000E+0	30,915000E+0	595,693000E+3	12,000000E+0
1102	885,000000E+0	18,830000E+0	30,915000E+0	595,860000E+3	12,000000E+0
1103	885,000000E+0	18,830000E+0	30,915000E+0	596,026000E+3	12,000000E+0
1104	885,000000E+0	18,830000E+0	31,144000E+0	596,194000E+3	12,000000E+0
1105	885,000000E+0	18,830000E+0	30,915000E+0	596,359000E+3	12,000000E+0
1106	885,000000E+0	18,830000E+0	30,686000E+0	596,527000E+3	12,000000E+0
1107	885,000000E+0	18,830000E+0	30,457000E+0	596,693000E+3	12,000000E+0
1108	885,000000E+0	18,830000E+0	29,999000E+0	596,861000E+3	12,000000E+0
1109	885,000000E+0	18,830000E+0	29,999000E+0	597,030000E+3	12,000000E+0
1110	885,000000E+0	18,830000E+0	30,228000E+0	597,197000E+3	12,000000E+0
1111	885,000000E+0	18,830000E+0	30,228000E+0	597,364000E+3	12,000000E+0
1112	885,000000E+0	18,830000E+0	30,457000E+0	597,532000E+3	12,000000E+0
1113	885,000000E+0	18,830000E+0	30,457000E+0	597,700000E+3	12,000000E+0
1114	885,000000E+0	18,830000E+0	30,686000E+0	597,867000E+3	12,000000E+0
1115	885,000000E+0	18,830000E+0	30,686000E+0	598,032000E+3	12,000000E+0
1116	885,000000E+0	18,830000E+0	30,457000E+0	598,200000E+3	12,000000E+0
1117	885,000000E+0	18,830000E+0	30,686000E+0	598,367000E+3	12,000000E+0
1118	885,000000E+0	18,830000E+0	30,457000E+0	598,530000E+3	12,000000E+0
1119	885,000000E+0	18,830000E+0	30,228000E+0	598,698000E+3	12,000000E+0
1120	885,000000E+0	18,830000E+0	30,228000E+0	598,864000E+3	12,000000E+0
1121	885,000000E+0	18,830000E+0	29,999000E+0	599,030000E+3	12,000000E+0
1122	885,000000E+0	18,830000E+0	30,228000E+0	599,198000E+3	12,000000E+0
1123	885,000000E+0	18,830000E+0	30,228000E+0	599,363000E+3	12,000000E+0
1124	885,000000E+0	18,830000E+0	30,457000E+0	599,532000E+3	12,000000E+0
1125	885,000000E+0	18,830000E+0	30,686000E+0	599,701000E+3	12,000000E+0
1126	885,000000E+0	18,830000E+0	30,915000E+0	599,866000E+3	12,000000E+0
1127	885,000000E+0	18,830000E+0	31,144000E+0	600,033000E+3	12,000000E+0
1128	885,000000E+0	18,830000E+0	30,915000E+0	600,201000E+3	12,000000E+0
1129	885,000000E+0	18,830000E+0	30,915000E+0	600,369000E+3	12,000000E+0
1130	885,000000E+0	18,830000E+0	30,915000E+0	600,536000E+3	12,000000E+0
1131	885,000000E+0	18,830000E+0	30,457000E+0	600,707000E+3	12,000000E+0
1132	885,000000E+0	18,830000E+0	30,228000E+0	600,872000E+3	12,000000E+0
1133	885,000000E+0	18,830000E+0	29,999000E+0	601,036000E+3	12,000000E+0
1134	885,000000E+0	18,830000E+0	29,999000E+0	601,204000E+3	12,000000E+0
1135	885,000000E+0	18,830000E+0	30,228000E+0	601,373000E+3	12,000000E+0
1136	885,000000E+0	18,830000E+0	30,228000E+0	601,540000E+3	12,000000E+0
1137	885,000000E+0	18,830000E+0	30,457000E+0	601,707000E+3	12,000000E+0
1138	885,000000E+0	18,830000E+0	30,457000E+0	601,874000E+3	12,000000E+0
1139	885,000000E+0	18,830000E+0	30,686000E+0	602,041000E+3	12,000000E+0
1140	885,000000E+0	18,830000E+0	30,686000E+0	602,208000E+3	12,000000E+0
1141	885,000000E+0	18,830000E+0	30,457000E+0	602,375000E+3	12,000000E+0
1142	885,000000E+0	18,830000E+0	30,457000E+0	602,539000E+3	12,000000E+0
1143	885,000000E+0	18,830000E+0	30,457000E+0	602,706000E+3	12,000000E+0
1144	885,000000E+0	18,830000E+0	30,228000E+0	602,881000E+3	12,000000E+0
1145	21,760000E+3	80,570880E+3	-476,405414E+6	-1,610613E+9	235,500000E+0
1146	885,000000E+0	18,830000E+0	29,999000E+0	603,206000E+3	12,000000E+0
1147	885,000000E+0	18,830000E+0	30,228000E+0	603,373000E+3	12,000000E+0
1148	885,000000E+0	18,830000E+0	30,228000E+0	603,540000E+3	12,000000E+0
1149	885,000000E+0	18,830000E+0	30,457000E+0	603,706000E+3	12,000000E+0
1150	885,000000E+0	18,830000E+0	30,915000E+0	603,875000E+3	12,000000E+0
1151	885,000000E+0	18,830000E+0	30,915000E+0	604,042000E+3	12,000000E+0
1152	885,000000E+0	18,830000E+0	31,144000E+0	604,210000E+3	12,000000E+0
1153	885,000000E+0	18,830000E+0	31,144000E+0	604,377000E+3	12,000000E+0
1154	885,000000E+0	18,830000E+0	30,686000E+0	604,543000E+3	12,000000E+0
1155	885,000000E+0	18,830000E+0	30,686000E+0	604,712000E+3	12,000000E+0
1156	885,000000E+0	18,830000E+0	30,457000E+0	604,879000E+3	12,000000E+0
1157	885,000000E+0	18,830000E+0	29,999000E+0	605,044000E+3	12,000000E+0
1158	885,000000E+0	18,830000E+0	30,228000E+0	605,214000E+3	12,000000E+0
1159	885,000000E+0	18,830000E+0	30,228000E+0	605,382000E+3	12,000000E+0
1160	885,000000E+0	18,830000E+0	30,228000E+0	605,548000E+3	12,000000E+0
1161	885,000000E+0	18,830000E+0	30,228000E+0	605,716000E+3	12,000000E+0
1162	885,000000E+0	18,830000E+0	30,457000E+0	605,883000E+3	12,000000E+0
1163	885,000000E+0	18,830000E+0	30,686000E+0	606,051000E+3	12,000000E+0
1164	885,000000E+0	18,830000E+0	30,686000E+0	606,219000E+3	12,000000E+0
1165	885,000000E+0	18,830000E+0	30,686000E+0	606,383000E+3	12,000000E+0
1166	885,000000E+0	18,830000E+0	30,686000E+0	606,551000E+3	12,000000E+0
1167	885,000000E+0	18,830000E+0	30,457000E+0	606,716000E+3	12,000000E+0
1168	885,000000E+0	18,830000E+0	30,228000E+0	606,883000E+3	12,000000E+0
1169	885,000000E+0	18,830000E+0	30,228000E+0	607,049000E+3	12,000000E+0
1170	885,000000E+0	18,830000E+0	29,999000E+0	607,215000E+3	12,000000E+0
1171	885,000000E+0	18,830000E+0	30,228000E+0	607,383000E+3	12,000000E+0
1172	885,000000E+0	18,830000E+0	30,228000E+0	607,548000E+3	12,000000E+0
1173	885,000000E+0	18,830000E+0	30,228000E+0	607,716000E+3	12,000000E+0
1174	885,000000E+0	18,830000E+0	30,686000E+0	607,883000E+3	12,000000E+0
1175	885,000000E+0	18,830000E+0	30,915000E+0	608,052000E+3	12,000000E+0
1176	885,000000E+0	18,830000E+0	31,144000E+0	608,220000E+3	12,000000E+0
1177	885,000000E+0	18,830000E+0	31,144000E+0	608,385000E+3	12,000000E+0
1178	885,000000E+0	18,830000E+0	30,915000E+0	608,562000E+3	12,000000E+0
1179	85,000000E+0	2,380650E+3	2,011039E+6	1,238303E+9	900,000000E-3
1180	885,000000E+0	18,830000E+0	30,457000E+0	608,887000E+3	12,000000E+0
1181	885,000000E+0	18,830000E+0	30,457000E+0	609,055000E+3	12,000000E+0
1182	885,000000E+0	18,830000E+0	29,999000E+0	609,221000E+3	12,000000E+0
1183	885,000000E+0	18,830000E+0	30,228000E+0	609,390000E+3	12,000000E+0
1184	885,000000E+0	18,830000E+0	30,228000E+0	609,558000E+3	12,000000E+0
1185	885,000000E+0	18,830000E+0	30,228000E+0	609,726000E+3	12,000000E+0
1186	885,000000E+0	18,830000E+0	30,457000E+0	609,893000E+3	12,000000E+0
1187	885,000000E+0	18,830000E+0	30,457000E+0	610,061000E+3	12,000000E+0
1188	885,000000E+0	18,830000E+0	30,686000E+0	610,228000E+3	12,000000E+0
1189	885,000000E+0	18,830000E+0	30,686000E+0	610,393000E+3	12,000000E+0
1190	885,000000E+0	18,830000E+0	30,686000E+0	610,558000E+3	12,000000E+0
1191	885,000000E+0	18,830000E+0	30,686000E+0	610,725000E+3	12,000000E+0
1192	885,000000E+0	18,830000E+0	30,228000E+0	610,892000E+3	12,000000E+0
1193	885,000000E+0	18,830000E+0	30,228000E+0	611,058000E+3	12,000000E+0
1194	885,000000E+0	18,830000E+0	30,228000E+0	611,226000E+3	12,000000E+0
1195	885,000000E+0	18,830000E+0	29,999000E+0	611,392000E+3	12,000000E+0
1196	885,000000E+0	18,830000E+0	30,228000E+0	611,560000E+3	12,000000E+0
1197	885,000000E+0	18,830000E+0	30,228000E+0	611,727000E+3	12,000000E+0
1198	885,000000E+0	18,830000E+0	30,457000E+0	611,893000E+3	12,000000E+0
1199	885,000000E+0	18,830000E+0	30,686000E+0	612,061000E+3	12,000000E+0
1200	885,000000E+0	18,830000E+0	30,915000E+0	612,227000E+3	12,000000E+0
1201	885,000000E+0	18,830000E+0	31,144000E+0	612,395000E+3	12,000000E+0
1202	885,000000E+0	18,830000E+0	31,144000E+0	612,565000E+3	12,000000E+0
1203	885,000000E+0	18,830000E+0	30,915000E+0	612,729000E+3	12,000000E+0
1204	885,000000E+0	18,830000E+0	30,686000E+0	612,897000E+3	12,000000E+0
1205	885,000000E+0	18,830000E+0	30,228000E+0	613,065000E+3	12,000000E+0
1206	885,000000E+0	18,830000E+0	30,228000E+0	613,230000E+3	12,000000E+0
1207	885,000000E+0	18,830000E+0	30,228000E+0	613,399000E+3	12,000000E+0
1208	885,000000E+0	18,830000E+0	30,228000E+0	613,567000E+3	12,000000E+0
1209	885,000000E+0	18,830000E+0	30,228000E+0	613,734000E+3	12,000000E+0
1210	885,000000E+0	18,830000E+0	30,228000E+0	613,902000E+3	12,000000E+0
1211	885,000000E+0	18,830000E+0	30,457000E+0	614,070000E+3	12,000000E+0
1212	885,000000E+0	18,830000E+0	30,686000E+0	614,236000E+3	12,000000E+0
1213	885,000000E+0	18,830000E+0	30,686000E+0	614,405000E+3	12,000000E+0
1214	885,000000E+0	18,830000E+0	30,686000E+0	614,570000E+3	12,000000E+0
1215	885,000000E+0	18,830000E+0	30,686000E+0	614,735000E+3	12,000000E+0
1216	885,000000E+0	18,830000E+0	30,457000E+0	614,901000E+3	12,000000E+0
1217	885,000000E+0	18,830000E+0	30,228000E+0	615,068000E+3	12,000000E+0
1218	885,000000E+0	18,830000E+0	29,999000E+0	615,233000E+3	12,000000E+0
1219	885,000000E+0	18,830000E+0	29,999000E+0	615,401000E+3	12,000000E+0
1220	885,000000E+0	18,830000E+0	30,228000E+0	615,570000E+3	12,000000E+0
1221	885,000000E+0	18,830000E+0	30,228000E+0	615,735000E+3	12,000000E+0
1222	885,000000E+0	18,830000E+0	30,457000E+0	615,903000E+3	12,000000E+0
1223	885,000000E+0	18,830000E+0	30,686000E+0	616,071000E+3	12,000000E+0
1224	885,000000E+0	18,830000E+0	30,915000E+0	616,239000E+3	12,000000E+0
1225	885,000000E+0	18,830000E+0	30,915000E+0	616,417000E+3	12,000000E+0
1226	885,000000E+0	18,830000E+0	31,144000E+0	616,613000E+3	12,000000E+0
1227	21,760000E+3	80,570880E+3	-461,037485E+6	1,291846E+9	240,900000E+0
1228	21,760000E+3	80,570880E+3	-468,721450E+6	-184,549376E+6	240,900000E+0
1229	253,000000E+0	20,661890E+3	449,516931E+6	-2,063596E+9	0,000000E+0
1230	253,000000E+0	20,661890E+3	449,516931E+6	-2,080373E+9	0,000000E+0
1231	253,000000E+0	20,661890E+3	449,516931E+6	-2,097150E+9	0,000000E+0
1232	7,681000E+3	58,534400E+3	26,945759E+6	33,792000E+3	3,763200E+3
1233	7,681000E+3	58,534400E+3	26,945759E+6	33,792000E+3	1,740800E+3
1234	885,000000E+0	18,830000E+0	30,228000E+0	617,997000E+3	12,000000E+0
1235	885,000000E+0	18,830000E+0	30,457000E+0	618,205000E+3	12,000000E+0
1236	885,000000E+0	18,830000E+0	30,686000E+0	618,372000E+3	12,000000E+0
1237	885,000000E+0	18,830000E+0	30,686000E+0	618,538000E+3	12,000000E+0
1238	885,000000E+0	18,830000E+0	30,686000E+0	618,705000E+3	12,000000E+0
1239	885,000000E+0	18,830000E+0	30,686000E+0	618,871000E+3	12,000000E+0
1240	885,000000E+0	18,830000E+0	30,228000E+0	619,037000E+3	12,000000E+0
1241	885,000000E+0	18,830000E+0	30,457000E+0	619,204000E+3	12,000000E+0
1242	885,000000E+0	18,830000E+0	29,999000E+0	619,369000E+3	12,000000E+0
1243	885,000000E+0	18,830000E+0	29,999000E+0	619,536000E+3	12,000000E+0
1244	885,000000E+0	18,830000E+0	30,228000E+0	619,704000E+3	12,000000E+0
1245	885,000000E+0	18,830000E+0	30,228000E+0	619,871000E+3	12,000000E+0
1246	885,000000E+0	18,830000E+0	30,457000E+0	620,039000E+3	12,000000E+0
1247	885,000000E+0	18,830000E+0	30,686000E+0	620,207000E+3	12,000000E+0
1248	885,000000E+0	18,830000E+0	30,915000E+0	620,375000E+3	12,000000E+0
1249	885,000000E+0	18,830000E+0	30,915000E+0	620,540000E+3	12,000000E+0
1250	885,000000E+0	18,830000E+0	30,915000E+0	620,707000E+3	12,000000E+0
