samedi 20 janvier 2024	15:31:06	Sampling Period : 20  ms		
Unities: time [sample], PWM [raw], Current [mA], velocity [rev/min], Position [pulse], Present Input Voltage [V]

t	DXL_PWM		DXL_Current		DXL_Velocity		DXL_Position		DXL_Input_Voltage
0	1,000000E+0	0,000000E+0	0,000000E+0	1,572692E+6	12,000000E+0
1	885,000000E+0	290,520000E+0	458,000000E-3	1,572707E+6	11,900000E+0
2	885,000000E+0	21,520000E+0	27,709000E+0	1,572870E+6	12,000000E+0
3	885,000000E+0	21,520000E+0	30,686000E+0	1,573035E+6	12,000000E+0
4	885,000000E+0	21,520000E+0	30,686000E+0	1,573202E+6	12,000000E+0
5	885,000000E+0	21,520000E+0	30,457000E+0	1,573367E+6	12,000000E+0
6	885,000000E+0	21,520000E+0	30,228000E+0	1,573534E+6	12,000000E+0
7	885,000000E+0	18,830000E+0	29,999000E+0	1,573700E+6	12,000000E+0
8	885,000000E+0	18,830000E+0	29,770000E+0	1,573865E+6	12,000000E+0
9	885,000000E+0	18,830000E+0	29,999000E+0	1,574032E+6	12,000000E+0
10	885,000000E+0	18,830000E+0	30,228000E+0	1,574199E+6	12,000000E+0
11	885,000000E+0	18,830000E+0	30,228000E+0	1,574366E+6	12,000000E+0
12	885,000000E+0	18,830000E+0	30,686000E+0	1,574533E+6	12,000000E+0
13	885,000000E+0	18,830000E+0	30,686000E+0	1,574700E+6	12,000000E+0
14	885,000000E+0	18,830000E+0	30,915000E+0	1,574868E+6	12,000000E+0
15	885,000000E+0	18,830000E+0	30,915000E+0	1,575034E+6	12,000000E+0
16	885,000000E+0	18,830000E+0	30,915000E+0	1,575201E+6	12,000000E+0
17	885,000000E+0	18,830000E+0	30,686000E+0	1,575367E+6	12,000000E+0
18	885,000000E+0	18,830000E+0	30,457000E+0	1,575535E+6	12,000000E+0
19	885,000000E+0	18,830000E+0	30,457000E+0	1,575702E+6	12,000000E+0
20	885,000000E+0	18,830000E+0	29,999000E+0	1,575867E+6	12,000000E+0
21	885,000000E+0	18,830000E+0	29,999000E+0	1,576035E+6	12,000000E+0
22	885,000000E+0	18,830000E+0	30,228000E+0	1,576203E+6	12,000000E+0
23	885,000000E+0	18,830000E+0	30,228000E+0	1,576372E+6	12,000000E+0
24	885,000000E+0	18,830000E+0	30,228000E+0	1,576538E+6	12,000000E+0
25	885,000000E+0	18,830000E+0	30,457000E+0	1,576706E+6	12,000000E+0
26	885,000000E+0	18,830000E+0	30,686000E+0	1,576872E+6	12,000000E+0
27	885,000000E+0	16,140000E+0	30,686000E+0	1,577037E+6	12,000000E+0
28	885,000000E+0	16,140000E+0	30,457000E+0	1,577204E+6	12,000000E+0
29	885,000000E+0	16,140000E+0	30,686000E+0	1,577370E+6	12,000000E+0
30	885,000000E+0	16,140000E+0	30,457000E+0	1,577537E+6	12,000000E+0
31	885,000000E+0	16,140000E+0	30,228000E+0	1,577703E+6	12,000000E+0
32	885,000000E+0	16,140000E+0	30,228000E+0	1,577869E+6	12,000000E+0
33	885,000000E+0	16,140000E+0	29,999000E+0	1,578037E+6	12,000000E+0
34	885,000000E+0	16,140000E+0	29,999000E+0	1,578203E+6	12,000000E+0
35	885,000000E+0	16,140000E+0	30,228000E+0	1,578370E+6	12,000000E+0
36	885,000000E+0	16,140000E+0	30,457000E+0	1,578536E+6	12,000000E+0
37	885,000000E+0	16,140000E+0	30,686000E+0	1,578704E+6	12,000000E+0
38	885,000000E+0	16,140000E+0	30,915000E+0	1,578872E+6	12,000000E+0
39	885,000000E+0	16,140000E+0	30,915000E+0	1,579040E+6	12,000000E+0
40	885,000000E+0	16,140000E+0	30,915000E+0	1,579206E+6	12,000000E+0
41	885,000000E+0	16,140000E+0	30,915000E+0	1,579372E+6	12,000000E+0
42	885,000000E+0	16,140000E+0	30,686000E+0	1,579539E+6	12,000000E+0
43	885,000000E+0	16,140000E+0	30,457000E+0	1,579707E+6	12,000000E+0
44	885,000000E+0	16,140000E+0	30,228000E+0	1,579873E+6	12,000000E+0
45	885,000000E+0	16,140000E+0	30,228000E+0	1,580041E+6	12,000000E+0
46	885,000000E+0	16,140000E+0	30,228000E+0	1,580209E+6	12,000000E+0
47	885,000000E+0	16,140000E+0	30,228000E+0	1,580375E+6	12,000000E+0
48	885,000000E+0	16,140000E+0	30,228000E+0	1,580546E+6	12,000000E+0
49	885,000000E+0	16,140000E+0	30,228000E+0	1,580712E+6	12,000000E+0
50	885,000000E+0	16,140000E+0	30,686000E+0	1,580878E+6	12,000000E+0
51	885,000000E+0	16,140000E+0	30,686000E+0	1,581047E+6	12,000000E+0
52	885,000000E+0	16,140000E+0	30,686000E+0	1,581211E+6	12,000000E+0
53	885,000000E+0	16,140000E+0	30,686000E+0	1,581379E+6	12,000000E+0
54	885,000000E+0	16,140000E+0	30,457000E+0	1,581543E+6	12,000000E+0
55	885,000000E+0	16,140000E+0	30,228000E+0	1,581711E+6	12,000000E+0
56	885,000000E+0	16,140000E+0	30,228000E+0	1,581877E+6	12,000000E+0
57	885,000000E+0	16,140000E+0	29,999000E+0	1,582043E+6	12,000000E+0
58	885,000000E+0	16,140000E+0	30,228000E+0	1,582211E+6	12,000000E+0
59	885,000000E+0	16,140000E+0	30,228000E+0	1,582377E+6	12,000000E+0
60	885,000000E+0	16,140000E+0	30,228000E+0	1,582544E+6	12,000000E+0
61	885,000000E+0	16,140000E+0	30,686000E+0	1,582711E+6	12,000000E+0
62	885,000000E+0	16,140000E+0	30,915000E+0	1,582879E+6	12,000000E+0
63	885,000000E+0	16,140000E+0	31,144000E+0	1,583046E+6	12,000000E+0
64	885,000000E+0	16,140000E+0	31,144000E+0	1,583214E+6	12,000000E+0
65	885,000000E+0	16,140000E+0	30,915000E+0	1,583381E+6	12,000000E+0
66	885,000000E+0	16,140000E+0	30,686000E+0	1,583546E+6	12,000000E+0
67	885,000000E+0	16,140000E+0	30,686000E+0	1,583714E+6	12,000000E+0
68	885,000000E+0	16,140000E+0	30,457000E+0	1,583882E+6	12,000000E+0
69	885,000000E+0	16,140000E+0	29,999000E+0	1,584048E+6	12,000000E+0
70	885,000000E+0	16,140000E+0	30,228000E+0	1,584216E+6	12,000000E+0
71	885,000000E+0	16,140000E+0	30,228000E+0	1,584384E+6	12,000000E+0
72	885,000000E+0	16,140000E+0	29,999000E+0	1,584550E+6	12,000000E+0
73	885,000000E+0	16,140000E+0	30,457000E+0	1,584718E+6	12,000000E+0
74	885,000000E+0	16,140000E+0	30,457000E+0	1,584886E+6	12,000000E+0
75	885,000000E+0	16,140000E+0	30,457000E+0	1,585052E+6	12,000000E+0
76	885,000000E+0	16,140000E+0	30,686000E+0	1,585218E+6	12,000000E+0
77	885,000000E+0	16,140000E+0	30,686000E+0	1,585385E+6	12,000000E+0
78	885,000000E+0	16,140000E+0	30,686000E+0	1,585551E+6	12,000000E+0
79	885,000000E+0	16,140000E+0	30,228000E+0	1,585717E+6	12,000000E+0
80	885,000000E+0	16,140000E+0	30,228000E+0	1,585885E+6	12,000000E+0
81	885,000000E+0	16,140000E+0	30,228000E+0	1,586051E+6	12,000000E+0
82	885,000000E+0	16,140000E+0	29,999000E+0	1,586218E+6	12,000000E+0
83	885,000000E+0	16,140000E+0	30,228000E+0	1,586385E+6	12,000000E+0
84	885,000000E+0	16,140000E+0	30,228000E+0	1,586552E+6	12,000000E+0
85	885,000000E+0	16,140000E+0	30,457000E+0	1,586718E+6	12,000000E+0
86	885,000000E+0	16,140000E+0	30,915000E+0	1,586886E+6	12,000000E+0
87	885,000000E+0	16,140000E+0	30,915000E+0	1,587053E+6	12,000000E+0
88	885,000000E+0	16,140000E+0	31,144000E+0	1,587221E+6	12,000000E+0
89	885,000000E+0	16,140000E+0	31,144000E+0	1,587389E+6	12,000000E+0
90	885,000000E+0	16,140000E+0	30,915000E+0	1,587554E+6	12,000000E+0
91	885,000000E+0	16,140000E+0	30,686000E+0	1,587721E+6	12,000000E+0
92	885,000000E+0	16,140000E+0	30,457000E+0	1,587890E+6	12,000000E+0
93	885,000000E+0	16,140000E+0	30,457000E+0	1,588057E+6	12,000000E+0
94	885,000000E+0	16,140000E+0	30,228000E+0	1,588224E+6	12,000000E+0
95	885,000000E+0	16,140000E+0	29,999000E+0	1,588391E+6	12,000000E+0
96	885,000000E+0	16,140000E+0	30,228000E+0	1,588558E+6	12,000000E+0
97	885,000000E+0	16,140000E+0	30,228000E+0	1,588726E+6	12,000000E+0
98	885,000000E+0	16,140000E+0	30,457000E+0	1,588895E+6	12,000000E+0
99	885,000000E+0	16,140000E+0	30,686000E+0	1,589059E+6	12,000000E+0
100	885,000000E+0	16,140000E+0	30,686000E+0	1,589227E+6	12,000000E+0
101	885,000000E+0	16,140000E+0	30,686000E+0	1,589394E+6	12,000000E+0
102	885,000000E+0	16,140000E+0	30,686000E+0	1,589560E+6	12,000000E+0
103	885,000000E+0	16,140000E+0	30,457000E+0	1,589726E+6	12,000000E+0
104	885,000000E+0	16,140000E+0	30,228000E+0	1,589893E+6	12,000000E+0
105	885,000000E+0	16,140000E+0	29,999000E+0	1,590059E+6	12,000000E+0
106	885,000000E+0	16,140000E+0	30,228000E+0	1,590226E+6	12,000000E+0
107	885,000000E+0	16,140000E+0	30,228000E+0	1,590392E+6	12,000000E+0
108	885,000000E+0	16,140000E+0	30,228000E+0	1,590559E+6	12,000000E+0
109	885,000000E+0	16,140000E+0	30,457000E+0	1,590727E+6	12,000000E+0
110	885,000000E+0	16,140000E+0	30,457000E+0	1,590893E+6	12,000000E+0
111	885,000000E+0	16,140000E+0	30,915000E+0	1,591060E+6	12,000000E+0
112	885,000000E+0	16,140000E+0	31,144000E+0	1,591230E+6	12,000000E+0
113	885,000000E+0	16,140000E+0	30,915000E+0	1,591396E+6	12,000000E+0
114	885,000000E+0	16,140000E+0	30,915000E+0	1,591563E+6	12,000000E+0
115	885,000000E+0	16,140000E+0	30,915000E+0	1,591729E+6	12,000000E+0
116	885,000000E+0	16,140000E+0	30,686000E+0	1,591896E+6	12,000000E+0
117	885,000000E+0	16,140000E+0	30,228000E+0	1,592065E+6	12,000000E+0
118	885,000000E+0	16,140000E+0	30,228000E+0	1,592231E+6	12,000000E+0
119	885,000000E+0	16,140000E+0	30,228000E+0	1,592399E+6	12,000000E+0
120	885,000000E+0	16,140000E+0	29,999000E+0	1,592566E+6	12,000000E+0
121	885,000000E+0	16,140000E+0	30,228000E+0	1,592732E+6	12,000000E+0
122	885,000000E+0	16,140000E+0	30,228000E+0	1,592900E+6	12,000000E+0
123	885,000000E+0	16,140000E+0	30,457000E+0	1,593068E+6	12,000000E+0
124	885,000000E+0	16,140000E+0	30,686000E+0	1,593234E+6	12,000000E+0
125	885,000000E+0	16,140000E+0	30,686000E+0	1,593400E+6	12,000000E+0
126	885,000000E+0	16,140000E+0	30,686000E+0	1,593568E+6	12,000000E+0
127	885,000000E+0	16,140000E+0	30,686000E+0	1,593734E+6	12,000000E+0
128	885,000000E+0	16,140000E+0	30,457000E+0	1,593900E+6	12,000000E+0
129	885,000000E+0	16,140000E+0	30,228000E+0	1,594066E+6	12,000000E+0
130	885,000000E+0	16,140000E+0	29,999000E+0	1,594232E+6	12,000000E+0
131	885,000000E+0	16,140000E+0	29,999000E+0	1,594399E+6	12,000000E+0
132	885,000000E+0	16,140000E+0	30,228000E+0	1,594566E+6	12,000000E+0
133	885,000000E+0	16,140000E+0	30,228000E+0	1,594734E+6	12,000000E+0
134	885,000000E+0	16,140000E+0	30,457000E+0	1,594901E+6	12,000000E+0
135	885,000000E+0	16,140000E+0	30,686000E+0	1,595074E+6	12,000000E+0
136	885,000000E+0	16,140000E+0	30,686000E+0	1,595233E+6	12,000000E+0
137	885,000000E+0	16,140000E+0	30,915000E+0	1,595403E+6	12,000000E+0
138	885,000000E+0	16,140000E+0	31,144000E+0	1,595569E+6	12,000000E+0
139	885,000000E+0	16,140000E+0	30,915000E+0	1,595738E+6	12,000000E+0
140	885,000000E+0	16,140000E+0	30,915000E+0	1,595904E+6	12,000000E+0
141	885,000000E+0	16,140000E+0	30,457000E+0	1,596072E+6	12,000000E+0
142	885,000000E+0	16,140000E+0	30,228000E+0	1,596239E+6	12,000000E+0
143	885,000000E+0	16,140000E+0	29,999000E+0	1,596407E+6	12,000000E+0
144	885,000000E+0	16,140000E+0	30,228000E+0	1,596575E+6	12,000000E+0
145	885,000000E+0	16,140000E+0	29,999000E+0	1,596742E+6	12,000000E+0
146	885,000000E+0	16,140000E+0	29,999000E+0	1,596908E+6	12,000000E+0
147	885,000000E+0	16,140000E+0	30,457000E+0	1,597076E+6	12,000000E+0
148	885,000000E+0	16,140000E+0	30,686000E+0	1,597242E+6	12,000000E+0
149	885,000000E+0	16,140000E+0	30,686000E+0	1,597409E+6	12,000000E+0
150	885,000000E+0	16,140000E+0	30,686000E+0	1,597575E+6	12,000000E+0
151	885,000000E+0	16,140000E+0	30,686000E+0	1,597743E+6	12,000000E+0
152	885,000000E+0	16,140000E+0	30,686000E+0	1,597908E+6	12,000000E+0
153	885,000000E+0	16,140000E+0	30,228000E+0	1,598076E+6	12,000000E+0
154	885,000000E+0	16,140000E+0	29,999000E+0	1,598242E+6	12,000000E+0
155	885,000000E+0	16,140000E+0	29,999000E+0	1,598408E+6	12,000000E+0
156	885,000000E+0	16,140000E+0	29,999000E+0	1,598576E+6	12,000000E+0
157	885,000000E+0	16,140000E+0	30,228000E+0	1,598741E+6	12,000000E+0
158	885,000000E+0	16,140000E+0	30,457000E+0	1,598909E+6	12,000000E+0
159	885,000000E+0	16,140000E+0	30,457000E+0	1,599075E+6	12,000000E+0
160	885,000000E+0	16,140000E+0	30,915000E+0	1,599243E+6	12,000000E+0
161	885,000000E+0	16,140000E+0	30,915000E+0	1,599410E+6	12,000000E+0
162	885,000000E+0	16,140000E+0	30,915000E+0	1,599577E+6	12,000000E+0
163	885,000000E+0	16,140000E+0	31,144000E+0	1,599745E+6	12,000000E+0
164	885,000000E+0	16,140000E+0	30,915000E+0	1,599911E+6	12,000000E+0
165	885,000000E+0	16,140000E+0	30,686000E+0	1,600079E+6	12,000000E+0
166	885,000000E+0	16,140000E+0	30,457000E+0	1,600248E+6	12,000000E+0
167	885,000000E+0	16,140000E+0	29,999000E+0	1,600412E+6	12,000000E+0
168	885,000000E+0	16,140000E+0	29,999000E+0	1,600580E+6	12,000000E+0
169	885,000000E+0	16,140000E+0	30,228000E+0	1,600749E+6	12,000000E+0
170	885,000000E+0	16,140000E+0	30,228000E+0	1,600914E+6	12,000000E+0
171	885,000000E+0	16,140000E+0	30,228000E+0	1,601082E+6	12,000000E+0
172	885,000000E+0	16,140000E+0	30,457000E+0	1,601250E+6	12,000000E+0
173	885,000000E+0	16,140000E+0	30,686000E+0	1,601417E+6	12,000000E+0
174	885,000000E+0	16,140000E+0	30,686000E+0	1,601582E+6	12,000000E+0
175	885,000000E+0	16,140000E+0	30,686000E+0	1,601749E+6	12,000000E+0
176	885,000000E+0	16,140000E+0	30,686000E+0	1,601916E+6	12,000000E+0
177	885,000000E+0	16,140000E+0	30,457000E+0	1,602082E+6	12,000000E+0
178	885,000000E+0	16,140000E+0	30,228000E+0	1,602248E+6	12,000000E+0
179	885,000000E+0	16,140000E+0	30,228000E+0	1,602414E+6	12,000000E+0
180	885,000000E+0	16,140000E+0	29,999000E+0	1,602580E+6	12,000000E+0
181	885,000000E+0	16,140000E+0	29,999000E+0	1,602748E+6	12,000000E+0
182	885,000000E+0	16,140000E+0	30,228000E+0	1,602916E+6	12,000000E+0
183	885,000000E+0	16,140000E+0	30,457000E+0	1,603083E+6	12,000000E+0
184	885,000000E+0	16,140000E+0	30,686000E+0	1,603250E+6	12,000000E+0
185	885,000000E+0	16,140000E+0	30,915000E+0	1,603418E+6	12,000000E+0
186	885,000000E+0	16,140000E+0	30,915000E+0	1,603585E+6	12,000000E+0
187	885,000000E+0	16,140000E+0	30,915000E+0	1,603752E+6	12,000000E+0
188	885,000000E+0	16,140000E+0	30,915000E+0	1,603920E+6	12,000000E+0
189	885,000000E+0	16,140000E+0	30,915000E+0	1,604086E+6	12,000000E+0
190	885,000000E+0	16,140000E+0	30,686000E+0	1,604256E+6	12,000000E+0
191	885,000000E+0	16,140000E+0	30,228000E+0	1,604422E+6	12,000000E+0
192	885,000000E+0	16,140000E+0	29,999000E+0	1,604588E+6	12,000000E+0
193	885,000000E+0	16,140000E+0	30,228000E+0	1,604756E+6	12,000000E+0
194	885,000000E+0	16,140000E+0	29,999000E+0	1,604923E+6	12,000000E+0
195	885,000000E+0	16,140000E+0	30,228000E+0	1,605091E+6	12,000000E+0
196	885,000000E+0	16,140000E+0	30,457000E+0	1,605258E+6	12,000000E+0
197	885,000000E+0	16,140000E+0	30,457000E+0	1,605425E+6	12,000000E+0
198	885,000000E+0	16,140000E+0	30,686000E+0	1,605593E+6	12,000000E+0
199	885,000000E+0	16,140000E+0	30,686000E+0	1,605758E+6	12,000000E+0
200	885,000000E+0	16,140000E+0	30,457000E+0	1,605925E+6	12,000000E+0
201	885,000000E+0	16,140000E+0	30,457000E+0	1,606090E+6	12,000000E+0
202	885,000000E+0	16,140000E+0	30,228000E+0	1,606259E+6	12,000000E+0
203	885,000000E+0	16,140000E+0	30,228000E+0	1,606424E+6	12,000000E+0
204	885,000000E+0	16,140000E+0	29,999000E+0	1,606592E+6	12,000000E+0
205	885,000000E+0	16,140000E+0	29,999000E+0	1,606758E+6	12,000000E+0
206	885,000000E+0	16,140000E+0	30,228000E+0	1,606925E+6	12,000000E+0
207	885,000000E+0	16,140000E+0	30,228000E+0	1,607092E+6	12,000000E+0
208	885,000000E+0	16,140000E+0	30,686000E+0	1,607259E+6	12,000000E+0
209	885,000000E+0	16,140000E+0	30,915000E+0	1,607426E+6	12,000000E+0
210	885,000000E+0	16,140000E+0	30,915000E+0	1,607593E+6	12,000000E+0
211	885,000000E+0	16,140000E+0	31,144000E+0	1,607761E+6	12,000000E+0
212	885,000000E+0	16,140000E+0	30,915000E+0	1,607928E+6	12,000000E+0
213	885,000000E+0	16,140000E+0	30,915000E+0	1,608093E+6	12,000000E+0
214	885,000000E+0	16,140000E+0	30,915000E+0	1,608262E+6	12,000000E+0
215	885,000000E+0	16,140000E+0	30,457000E+0	1,608431E+6	12,000000E+0
216	885,000000E+0	16,140000E+0	29,999000E+0	1,608595E+6	12,000000E+0
217	885,000000E+0	16,140000E+0	29,999000E+0	1,608764E+6	12,000000E+0
218	885,000000E+0	16,140000E+0	29,999000E+0	1,608931E+6	12,000000E+0
219	885,000000E+0	16,140000E+0	30,228000E+0	1,609098E+6	12,000000E+0
220	885,000000E+0	16,140000E+0	30,228000E+0	1,609266E+6	12,000000E+0
221	885,000000E+0	16,140000E+0	30,457000E+0	1,609433E+6	12,000000E+0
222	885,000000E+0	16,140000E+0	30,686000E+0	1,609600E+6	12,000000E+0
223	885,000000E+0	16,140000E+0	30,686000E+0	1,609766E+6	12,000000E+0
224	885,000000E+0	16,140000E+0	30,915000E+0	1,609934E+6	12,000000E+0
225	885,000000E+0	16,140000E+0	30,457000E+0	1,610099E+6	12,000000E+0
226	885,000000E+0	16,140000E+0	30,228000E+0	1,610265E+6	12,000000E+0
227	885,000000E+0	16,140000E+0	30,228000E+0	1,610432E+6	12,000000E+0
228	885,000000E+0	16,140000E+0	29,999000E+0	1,610599E+6	12,000000E+0
229	885,000000E+0	16,140000E+0	29,999000E+0	1,610764E+6	12,000000E+0
230	885,000000E+0	16,140000E+0	30,228000E+0	1,610931E+6	12,000000E+0
231	885,000000E+0	16,140000E+0	30,228000E+0	1,611099E+6	12,000000E+0
232	885,000000E+0	16,140000E+0	30,457000E+0	1,611266E+6	12,000000E+0
233	885,000000E+0	16,140000E+0	30,686000E+0	1,611435E+6	12,000000E+0
234	885,000000E+0	16,140000E+0	30,915000E+0	1,611602E+6	12,000000E+0
235	885,000000E+0	16,140000E+0	30,915000E+0	1,611769E+6	12,000000E+0
236	885,000000E+0	16,140000E+0	31,144000E+0	1,611936E+6	12,000000E+0
237	885,000000E+0	16,140000E+0	31,144000E+0	1,612104E+6	12,000000E+0
238	885,000000E+0	16,140000E+0	30,686000E+0	1,612269E+6	12,000000E+0
239	885,000000E+0	16,140000E+0	30,457000E+0	1,612439E+6	12,000000E+0
240	885,000000E+0	16,140000E+0	30,457000E+0	1,612606E+6	12,000000E+0
241	885,000000E+0	16,140000E+0	29,999000E+0	1,612773E+6	12,000000E+0
242	885,000000E+0	16,140000E+0	29,999000E+0	1,612939E+6	12,000000E+0
243	885,000000E+0	16,140000E+0	29,999000E+0	1,613107E+6	12,000000E+0
244	885,000000E+0	16,140000E+0	30,228000E+0	1,613274E+6	12,000000E+0
245	885,000000E+0	16,140000E+0	30,457000E+0	1,613441E+6	12,000000E+0
246	885,000000E+0	16,140000E+0	30,686000E+0	1,613608E+6	12,000000E+0
247	885,000000E+0	16,140000E+0	30,686000E+0	1,613776E+6	12,000000E+0
248	885,000000E+0	16,140000E+0	30,686000E+0	1,613940E+6	12,000000E+0
249	885,000000E+0	16,140000E+0	30,686000E+0	1,614107E+6	12,000000E+0
250	885,000000E+0	16,140000E+0	30,686000E+0	1,614273E+6	12,000000E+0
251	885,000000E+0	16,140000E+0	30,228000E+0	1,614440E+6	12,000000E+0
252	885,000000E+0	16,140000E+0	30,228000E+0	1,614605E+6	12,000000E+0
253	885,000000E+0	16,140000E+0	29,999000E+0	1,614773E+6	12,000000E+0
254	885,000000E+0	16,140000E+0	29,999000E+0	1,614940E+6	12,000000E+0
255	885,000000E+0	16,140000E+0	30,228000E+0	1,615109E+6	12,000000E+0
256	885,000000E+0	16,140000E+0	30,228000E+0	1,615276E+6	12,000000E+0
257	885,000000E+0	16,140000E+0	30,457000E+0	1,615442E+6	12,000000E+0
258	885,000000E+0	16,140000E+0	30,686000E+0	1,615609E+6	12,000000E+0
259	885,000000E+0	16,140000E+0	30,915000E+0	1,615776E+6	12,000000E+0
260	885,000000E+0	16,140000E+0	31,144000E+0	1,615945E+6	12,000000E+0
261	885,000000E+0	16,140000E+0	30,915000E+0	1,616112E+6	12,000000E+0
262	885,000000E+0	16,140000E+0	30,915000E+0	1,616279E+6	12,000000E+0
263	885,000000E+0	16,140000E+0	30,686000E+0	1,616446E+6	12,000000E+0
264	885,000000E+0	16,140000E+0	30,228000E+0	1,616614E+6	12,000000E+0
265	885,000000E+0	16,140000E+0	30,228000E+0	1,616779E+6	12,000000E+0
266	885,000000E+0	16,140000E+0	29,999000E+0	1,616947E+6	12,000000E+0
267	885,000000E+0	16,140000E+0	29,999000E+0	1,617114E+6	12,000000E+0
268	885,000000E+0	16,140000E+0	30,228000E+0	1,617281E+6	12,000000E+0
269	885,000000E+0	16,140000E+0	30,228000E+0	1,617449E+6	12,000000E+0
270	885,000000E+0	16,140000E+0	30,457000E+0	1,617618E+6	12,000000E+0
271	885,000000E+0	16,140000E+0	30,686000E+0	1,617783E+6	12,000000E+0
272	885,000000E+0	16,140000E+0	30,686000E+0	1,617951E+6	12,000000E+0
273	885,000000E+0	16,140000E+0	30,686000E+0	1,618117E+6	12,000000E+0
274	885,000000E+0	16,140000E+0	30,457000E+0	1,618282E+6	12,000000E+0
275	885,000000E+0	16,140000E+0	30,457000E+0	1,618449E+6	12,000000E+0
276	885,000000E+0	16,140000E+0	30,228000E+0	1,618616E+6	12,000000E+0
277	885,000000E+0	16,140000E+0	29,999000E+0	1,618781E+6	12,000000E+0
278	885,000000E+0	16,140000E+0	29,999000E+0	1,618949E+6	12,000000E+0
279	885,000000E+0	16,140000E+0	30,228000E+0	1,619115E+6	12,000000E+0
280	885,000000E+0	16,140000E+0	30,228000E+0	1,619284E+6	12,000000E+0
281	885,000000E+0	16,140000E+0	30,457000E+0	1,619450E+6	12,000000E+0
282	885,000000E+0	16,140000E+0	30,686000E+0	1,619617E+6	12,000000E+0
283	885,000000E+0	16,140000E+0	30,915000E+0	1,619784E+6	12,000000E+0
284	885,000000E+0	16,140000E+0	30,915000E+0	1,619952E+6	12,000000E+0
285	885,000000E+0	16,140000E+0	31,144000E+0	1,620119E+6	12,000000E+0
286	885,000000E+0	16,140000E+0	31,144000E+0	1,620289E+6	12,000000E+0
287	885,000000E+0	16,140000E+0	30,686000E+0	1,620453E+6	12,000000E+0
288	885,000000E+0	16,140000E+0	30,686000E+0	1,620621E+6	12,000000E+0
289	885,000000E+0	16,140000E+0	30,228000E+0	1,620790E+6	12,000000E+0
290	885,000000E+0	16,140000E+0	29,999000E+0	1,620955E+6	12,000000E+0
291	885,000000E+0	16,140000E+0	30,228000E+0	1,621123E+6	12,000000E+0
292	885,000000E+0	16,140000E+0	29,999000E+0	1,621292E+6	12,000000E+0
293	885,000000E+0	16,140000E+0	30,228000E+0	1,621460E+6	12,000000E+0
294	885,000000E+0	16,140000E+0	30,457000E+0	1,621627E+6	12,000000E+0
295	885,000000E+0	16,140000E+0	30,457000E+0	1,621794E+6	12,000000E+0
296	885,000000E+0	16,140000E+0	30,686000E+0	1,621962E+6	12,000000E+0
297	885,000000E+0	16,140000E+0	30,686000E+0	1,622126E+6	12,000000E+0
298	885,000000E+0	16,140000E+0	30,686000E+0	1,622294E+6	12,000000E+0
299	885,000000E+0	16,140000E+0	30,686000E+0	1,622460E+6	12,000000E+0
300	885,000000E+0	16,140000E+0	30,228000E+0	1,622627E+6	12,000000E+0
301	885,000000E+0	16,140000E+0	30,228000E+0	1,622793E+6	12,000000E+0
302	885,000000E+0	16,140000E+0	29,999000E+0	1,622959E+6	12,000000E+0
303	885,000000E+0	16,140000E+0	29,999000E+0	1,623126E+6	12,000000E+0
304	885,000000E+0	16,140000E+0	30,228000E+0	1,623295E+6	12,000000E+0
305	885,000000E+0	16,140000E+0	30,228000E+0	1,623462E+6	12,000000E+0
306	885,000000E+0	16,140000E+0	30,457000E+0	1,623627E+6	12,000000E+0
307	885,000000E+0	16,140000E+0	30,915000E+0	1,623794E+6	12,000000E+0
308	885,000000E+0	16,140000E+0	30,915000E+0	1,623962E+6	12,000000E+0
309	885,000000E+0	16,140000E+0	30,915000E+0	1,624130E+6	12,000000E+0
310	885,000000E+0	16,140000E+0	31,144000E+0	1,624296E+6	12,000000E+0
311	885,000000E+0	16,140000E+0	30,915000E+0	1,624463E+6	12,000000E+0
312	885,000000E+0	16,140000E+0	30,686000E+0	1,624631E+6	12,000000E+0
313	885,000000E+0	16,140000E+0	30,457000E+0	1,624798E+6	12,000000E+0
314	885,000000E+0	16,140000E+0	30,228000E+0	1,624964E+6	12,000000E+0
315	885,000000E+0	16,140000E+0	29,999000E+0	1,625133E+6	12,000000E+0
316	885,000000E+0	16,140000E+0	30,228000E+0	1,625300E+6	12,000000E+0
317	885,000000E+0	16,140000E+0	30,228000E+0	1,625467E+6	12,000000E+0
318	885,000000E+0	16,140000E+0	30,228000E+0	1,625635E+6	12,000000E+0
319	885,000000E+0	16,140000E+0	30,457000E+0	1,625803E+6	12,000000E+0
320	885,000000E+0	16,140000E+0	30,686000E+0	1,625970E+6	12,000000E+0
321	885,000000E+0	16,140000E+0	30,686000E+0	1,626135E+6	12,000000E+0
322	885,000000E+0	16,140000E+0	30,686000E+0	1,626303E+6	12,000000E+0
323	885,000000E+0	16,140000E+0	30,686000E+0	1,626468E+6	12,000000E+0
324	885,000000E+0	16,140000E+0	30,457000E+0	1,626634E+6	12,000000E+0
325	885,000000E+0	16,140000E+0	30,228000E+0	1,626802E+6	12,000000E+0
326	885,000000E+0	16,140000E+0	30,228000E+0	1,626968E+6	12,000000E+0
327	885,000000E+0	16,140000E+0	29,999000E+0	1,627134E+6	12,000000E+0
328	885,000000E+0	16,140000E+0	29,999000E+0	1,627300E+6	12,000000E+0
329	885,000000E+0	16,140000E+0	30,228000E+0	1,627467E+6	12,000000E+0
330	885,000000E+0	16,140000E+0	30,457000E+0	1,627635E+6	12,000000E+0
331	885,000000E+0	16,140000E+0	30,686000E+0	1,627802E+6	12,000000E+0
332	885,000000E+0	16,140000E+0	30,915000E+0	1,627970E+6	12,000000E+0
333	885,000000E+0	16,140000E+0	30,915000E+0	1,628137E+6	12,000000E+0
334	885,000000E+0	16,140000E+0	31,144000E+0	1,628304E+6	12,000000E+0
335	885,000000E+0	16,140000E+0	30,915000E+0	1,628472E+6	12,000000E+0
336	885,000000E+0	16,140000E+0	30,915000E+0	1,628639E+6	12,000000E+0
337	885,000000E+0	16,140000E+0	30,457000E+0	1,628808E+6	12,000000E+0
338	885,000000E+0	16,140000E+0	30,228000E+0	1,628973E+6	12,000000E+0
339	885,000000E+0	16,140000E+0	29,999000E+0	1,629140E+6	12,000000E+0
340	885,000000E+0	16,140000E+0	30,228000E+0	1,629308E+6	12,000000E+0
341	885,000000E+0	16,140000E+0	30,228000E+0	1,629475E+6	12,000000E+0
342	885,000000E+0	16,140000E+0	30,457000E+0	1,629642E+6	12,000000E+0
343	885,000000E+0	16,140000E+0	30,457000E+0	1,629813E+6	12,000000E+0
344	885,000000E+0	16,140000E+0	30,457000E+0	1,629979E+6	12,000000E+0
345	885,000000E+0	16,140000E+0	30,686000E+0	1,630147E+6	12,000000E+0
346	885,000000E+0	16,140000E+0	30,686000E+0	1,630311E+6	12,000000E+0
347	885,000000E+0	16,140000E+0	30,686000E+0	1,630479E+6	12,000000E+0
348	885,000000E+0	16,140000E+0	30,457000E+0	1,630644E+6	12,000000E+0
349	885,000000E+0	16,140000E+0	30,228000E+0	1,630811E+6	12,000000E+0
350	885,000000E+0	16,140000E+0	30,228000E+0	1,630978E+6	12,000000E+0
351	885,000000E+0	16,140000E+0	29,999000E+0	1,631144E+6	12,000000E+0
352	885,000000E+0	16,140000E+0	30,228000E+0	1,631312E+6	12,000000E+0
353	885,000000E+0	16,140000E+0	30,228000E+0	1,631480E+6	12,000000E+0
354	885,000000E+0	16,140000E+0	30,228000E+0	1,631647E+6	12,000000E+0
355	885,000000E+0	16,140000E+0	30,686000E+0	1,631813E+6	12,000000E+0
356	885,000000E+0	16,140000E+0	30,686000E+0	1,631982E+6	12,000000E+0
357	885,000000E+0	16,140000E+0	30,915000E+0	1,632149E+6	12,000000E+0
358	885,000000E+0	16,140000E+0	31,144000E+0	1,632318E+6	12,000000E+0
359	885,000000E+0	16,140000E+0	30,915000E+0	1,632484E+6	12,000000E+0
360	885,000000E+0	16,140000E+0	30,915000E+0	1,632650E+6	12,000000E+0
361	885,000000E+0	16,140000E+0	30,686000E+0	1,632819E+6	12,000000E+0
362	885,000000E+0	16,140000E+0	30,457000E+0	1,632985E+6	12,000000E+0
363	885,000000E+0	16,140000E+0	29,999000E+0	1,633153E+6	12,000000E+0
364	885,000000E+0	16,140000E+0	29,999000E+0	1,633320E+6	12,000000E+0
365	885,000000E+0	16,140000E+0	30,228000E+0	1,633488E+6	12,000000E+0
366	885,000000E+0	16,140000E+0	30,228000E+0	1,633654E+6	12,000000E+0
367	885,000000E+0	16,140000E+0	30,228000E+0	1,633822E+6	12,000000E+0
368	885,000000E+0	16,140000E+0	30,686000E+0	1,633991E+6	12,000000E+0
369	885,000000E+0	16,140000E+0	30,686000E+0	1,634157E+6	12,000000E+0
370	885,000000E+0	16,140000E+0	30,686000E+0	1,634324E+6	12,000000E+0
371	885,000000E+0	16,140000E+0	30,686000E+0	1,634490E+6	12,000000E+0
372	885,000000E+0	16,140000E+0	30,686000E+0	1,634656E+6	12,000000E+0
373	885,000000E+0	16,140000E+0	30,457000E+0	1,634823E+6	12,000000E+0
374	885,000000E+0	16,140000E+0	30,228000E+0	1,634990E+6	12,000000E+0
375	885,000000E+0	16,140000E+0	30,228000E+0	1,635155E+6	12,000000E+0
376	885,000000E+0	16,140000E+0	29,999000E+0	1,635322E+6	12,000000E+0
377	885,000000E+0	16,140000E+0	30,228000E+0	1,635490E+6	12,000000E+0
378	885,000000E+0	16,140000E+0	30,228000E+0	1,635658E+6	12,000000E+0
379	885,000000E+0	16,140000E+0	30,228000E+0	1,635825E+6	12,000000E+0
380	885,000000E+0	16,140000E+0	30,686000E+0	1,635991E+6	12,000000E+0
381	885,000000E+0	16,140000E+0	30,915000E+0	1,636159E+6	12,000000E+0
382	885,000000E+0	16,140000E+0	31,144000E+0	1,636327E+6	12,000000E+0
383	885,000000E+0	16,140000E+0	31,144000E+0	1,636493E+6	12,000000E+0
384	885,000000E+0	16,140000E+0	30,915000E+0	1,636661E+6	12,000000E+0
385	885,000000E+0	16,140000E+0	30,686000E+0	1,636828E+6	12,000000E+0
386	885,000000E+0	16,140000E+0	30,457000E+0	1,636996E+6	12,000000E+0
387	885,000000E+0	16,140000E+0	30,228000E+0	1,637164E+6	12,000000E+0
388	885,000000E+0	16,140000E+0	29,999000E+0	1,637329E+6	12,000000E+0
389	885,000000E+0	16,140000E+0	29,999000E+0	1,637496E+6	12,000000E+0
390	885,000000E+0	16,140000E+0	30,228000E+0	1,637665E+6	12,000000E+0
391	885,000000E+0	16,140000E+0	30,228000E+0	1,637831E+6	12,000000E+0
392	885,000000E+0	13,450000E+0	30,457000E+0	1,637999E+6	12,000000E+0
393	885,000000E+0	16,140000E+0	30,686000E+0	1,638167E+6	12,000000E+0
394	885,000000E+0	16,140000E+0	30,686000E+0	1,638334E+6	12,000000E+0
395	885,000000E+0	16,140000E+0	30,686000E+0	1,638498E+6	12,000000E+0
396	885,000000E+0	16,140000E+0	30,686000E+0	1,638666E+6	12,000000E+0
397	885,000000E+0	16,140000E+0	30,457000E+0	1,638832E+6	12,000000E+0
398	885,000000E+0	16,140000E+0	30,228000E+0	1,639000E+6	12,000000E+0
399	885,000000E+0	16,140000E+0	30,228000E+0	1,639166E+6	12,000000E+0
400	885,000000E+0	16,140000E+0	29,999000E+0	1,639333E+6	12,000000E+0
401	885,000000E+0	16,140000E+0	30,228000E+0	1,639500E+6	12,000000E+0
402	885,000000E+0	16,140000E+0	30,228000E+0	1,639668E+6	12,000000E+0
403	885,000000E+0	16,140000E+0	30,457000E+0	1,639835E+6	12,000000E+0
404	885,000000E+0	16,140000E+0	30,457000E+0	1,640001E+6	12,000000E+0
405	885,000000E+0	16,140000E+0	30,686000E+0	1,640168E+6	12,000000E+0
406	885,000000E+0	16,140000E+0	31,144000E+0	1,640337E+6	12,000000E+0
407	885,000000E+0	16,140000E+0	31,144000E+0	1,640504E+6	12,000000E+0
408	885,000000E+0	16,140000E+0	31,144000E+0	1,640672E+6	12,000000E+0
409	885,000000E+0	16,140000E+0	30,915000E+0	1,640838E+6	12,000000E+0
410	885,000000E+0	16,140000E+0	30,457000E+0	1,641005E+6	12,000000E+0
411	885,000000E+0	16,140000E+0	30,457000E+0	1,641173E+6	12,000000E+0
412	885,000000E+0	16,140000E+0	30,228000E+0	1,641339E+6	12,000000E+0
413	885,000000E+0	16,140000E+0	29,999000E+0	1,641505E+6	12,000000E+0
414	885,000000E+0	16,140000E+0	30,228000E+0	1,641676E+6	12,000000E+0
415	885,000000E+0	16,140000E+0	30,228000E+0	1,641842E+6	12,000000E+0
416	885,000000E+0	16,140000E+0	30,228000E+0	1,642008E+6	12,000000E+0
417	885,000000E+0	16,140000E+0	30,457000E+0	1,642176E+6	12,000000E+0
418	885,000000E+0	16,140000E+0	30,457000E+0	1,642343E+6	12,000000E+0
419	885,000000E+0	16,140000E+0	30,686000E+0	1,642510E+6	12,000000E+0
420	885,000000E+0	16,140000E+0	30,686000E+0	1,642676E+6	12,000000E+0
421	885,000000E+0	16,140000E+0	30,686000E+0	1,642843E+6	12,000000E+0
422	885,000000E+0	16,140000E+0	30,457000E+0	1,643011E+6	12,000000E+0
423	885,000000E+0	16,140000E+0	30,228000E+0	1,643178E+6	12,000000E+0
424	885,000000E+0	16,140000E+0	30,228000E+0	1,643344E+6	12,000000E+0
425	885,000000E+0	16,140000E+0	29,999000E+0	1,643510E+6	12,000000E+0
426	885,000000E+0	16,140000E+0	30,228000E+0	1,643678E+6	12,000000E+0
427	885,000000E+0	16,140000E+0	30,228000E+0	1,643845E+6	12,000000E+0
428	885,000000E+0	16,140000E+0	30,457000E+0	1,644013E+6	12,000000E+0
429	885,000000E+0	16,140000E+0	30,686000E+0	1,644181E+6	12,000000E+0
430	885,000000E+0	16,140000E+0	30,915000E+0	1,644347E+6	12,000000E+0
431	885,000000E+0	16,140000E+0	30,915000E+0	1,644514E+6	12,000000E+0
432	885,000000E+0	16,140000E+0	31,144000E+0	1,644683E+6	12,000000E+0
433	885,000000E+0	16,140000E+0	31,144000E+0	1,644850E+6	12,000000E+0
434	885,000000E+0	16,140000E+0	30,915000E+0	1,645017E+6	12,000000E+0
435	885,000000E+0	16,140000E+0	30,457000E+0	1,645185E+6	12,000000E+0
436	885,000000E+0	16,140000E+0	30,228000E+0	1,645352E+6	12,000000E+0
437	885,000000E+0	16,140000E+0	29,999000E+0	1,645518E+6	12,000000E+0
438	885,000000E+0	16,140000E+0	30,228000E+0	1,645686E+6	12,000000E+0
439	885,000000E+0	16,140000E+0	30,228000E+0	1,645854E+6	12,000000E+0
440	885,000000E+0	16,140000E+0	30,228000E+0	1,646022E+6	12,000000E+0
441	885,000000E+0	16,140000E+0	30,457000E+0	1,646189E+6	12,000000E+0
442	885,000000E+0	16,140000E+0	30,457000E+0	1,646357E+6	12,000000E+0
443	885,000000E+0	16,140000E+0	30,686000E+0	1,646524E+6	12,000000E+0
444	885,000000E+0	16,140000E+0	30,686000E+0	1,646688E+6	12,000000E+0
445	885,000000E+0	16,140000E+0	30,686000E+0	1,646856E+6	12,000000E+0
446	885,000000E+0	16,140000E+0	30,457000E+0	1,647021E+6	12,000000E+0
447	885,000000E+0	16,140000E+0	30,457000E+0	1,647188E+6	12,000000E+0
448	885,000000E+0	16,140000E+0	30,228000E+0	1,647356E+6	12,000000E+0
449	885,000000E+0	16,140000E+0	29,999000E+0	1,647521E+6	12,000000E+0
450	885,000000E+0	16,140000E+0	29,999000E+0	1,647688E+6	12,000000E+0
451	885,000000E+0	16,140000E+0	30,228000E+0	1,647856E+6	12,000000E+0
452	885,000000E+0	16,140000E+0	30,457000E+0	1,648023E+6	12,000000E+0
453	885,000000E+0	16,140000E+0	30,457000E+0	1,648190E+6	12,000000E+0
454	885,000000E+0	16,140000E+0	30,915000E+0	1,648358E+6	12,000000E+0
455	885,000000E+0	16,140000E+0	30,915000E+0	1,648526E+6	12,000000E+0
456	885,000000E+0	16,140000E+0	30,915000E+0	1,648691E+6	12,000000E+0
457	885,000000E+0	16,140000E+0	31,144000E+0	1,648861E+6	12,000000E+0
458	885,000000E+0	16,140000E+0	30,915000E+0	1,649026E+6	12,000000E+0
459	885,000000E+0	16,140000E+0	30,686000E+0	1,649195E+6	12,000000E+0
460	885,000000E+0	16,140000E+0	30,457000E+0	1,649362E+6	12,000000E+0
461	885,000000E+0	16,140000E+0	30,228000E+0	1,649528E+6	12,000000E+0
462	885,000000E+0	16,140000E+0	29,999000E+0	1,649697E+6	12,000000E+0
463	885,000000E+0	16,140000E+0	30,228000E+0	1,649865E+6	12,000000E+0
464	885,000000E+0	16,140000E+0	30,228000E+0	1,650032E+6	12,000000E+0
465	885,000000E+0	16,140000E+0	30,457000E+0	1,650200E+6	12,000000E+0
466	885,000000E+0	16,140000E+0	30,457000E+0	1,650367E+6	12,000000E+0
467	885,000000E+0	16,140000E+0	30,686000E+0	1,650534E+6	12,000000E+0
468	885,000000E+0	16,140000E+0	30,686000E+0	1,650700E+6	12,000000E+0
469	885,000000E+0	16,140000E+0	30,457000E+0	1,650866E+6	12,000000E+0
470	885,000000E+0	16,140000E+0	30,686000E+0	1,651033E+6	12,000000E+0
471	885,000000E+0	16,140000E+0	30,457000E+0	1,651198E+6	12,000000E+0
472	885,000000E+0	16,140000E+0	30,228000E+0	1,651366E+6	12,000000E+0
473	885,000000E+0	16,140000E+0	30,228000E+0	1,651532E+6	12,000000E+0
474	885,000000E+0	16,140000E+0	29,999000E+0	1,651699E+6	12,000000E+0
475	885,000000E+0	16,140000E+0	30,228000E+0	1,651866E+6	12,000000E+0
476	885,000000E+0	16,140000E+0	30,228000E+0	1,652033E+6	12,000000E+0
477	885,000000E+0	16,140000E+0	30,457000E+0	1,652200E+6	12,000000E+0
478	885,000000E+0	16,140000E+0	30,686000E+0	1,652368E+6	12,000000E+0
479	885,000000E+0	16,140000E+0	30,915000E+0	1,652536E+6	12,000000E+0
480	885,000000E+0	16,140000E+0	31,144000E+0	1,652704E+6	12,000000E+0
481	885,000000E+0	16,140000E+0	31,144000E+0	1,652870E+6	12,000000E+0
482	885,000000E+0	16,140000E+0	30,915000E+0	1,653038E+6	12,000000E+0
483	885,000000E+0	16,140000E+0	30,915000E+0	1,653204E+6	12,000000E+0
484	885,000000E+0	16,140000E+0	30,457000E+0	1,653372E+6	12,000000E+0
485	885,000000E+0	16,140000E+0	30,228000E+0	1,653538E+6	12,000000E+0
486	885,000000E+0	16,140000E+0	30,228000E+0	1,653704E+6	12,000000E+0
487	885,000000E+0	16,140000E+0	29,999000E+0	1,653872E+6	12,000000E+0
488	885,000000E+0	16,140000E+0	30,228000E+0	1,654040E+6	12,000000E+0
489	885,000000E+0	16,140000E+0	30,228000E+0	1,654207E+6	12,000000E+0
490	885,000000E+0	16,140000E+0	30,457000E+0	1,654378E+6	12,000000E+0
491	885,000000E+0	16,140000E+0	30,457000E+0	1,654545E+6	12,000000E+0
492	885,000000E+0	16,140000E+0	30,686000E+0	1,654712E+6	12,000000E+0
493	885,000000E+0	16,140000E+0	30,686000E+0	1,654877E+6	12,000000E+0
494	885,000000E+0	16,140000E+0	30,686000E+0	1,655044E+6	12,000000E+0
495	885,000000E+0	16,140000E+0	30,457000E+0	1,655208E+6	12,000000E+0
496	885,000000E+0	16,140000E+0	30,457000E+0	1,655375E+6	12,000000E+0
497	885,000000E+0	16,140000E+0	30,228000E+0	1,655541E+6	12,000000E+0
498	885,000000E+0	16,140000E+0	29,999000E+0	1,655709E+6	12,000000E+0
499	885,000000E+0	16,140000E+0	30,228000E+0	1,655876E+6	12,000000E+0
500	885,000000E+0	16,140000E+0	30,228000E+0	1,656043E+6	12,000000E+0
501	885,000000E+0	16,140000E+0	30,228000E+0	1,656210E+6	12,000000E+0
502	885,000000E+0	16,140000E+0	30,457000E+0	1,656377E+6	12,000000E+0
503	885,000000E+0	16,140000E+0	30,915000E+0	1,656544E+6	12,000000E+0
504	885,000000E+0	16,140000E+0	30,915000E+0	1,656712E+6	12,000000E+0
505	885,000000E+0	16,140000E+0	31,144000E+0	1,656880E+6	12,000000E+0
506	885,000000E+0	16,140000E+0	31,144000E+0	1,657049E+6	12,000000E+0
507	885,000000E+0	16,140000E+0	30,686000E+0	1,657213E+6	12,000000E+0
508	885,000000E+0	16,140000E+0	30,686000E+0	1,657381E+6	12,000000E+0
509	885,000000E+0	16,140000E+0	30,457000E+0	1,657549E+6	12,000000E+0
510	885,000000E+0	16,140000E+0	30,228000E+0	1,657715E+6	12,000000E+0
511	885,000000E+0	16,140000E+0	30,228000E+0	1,657883E+6	12,000000E+0
512	885,000000E+0	16,140000E+0	30,228000E+0	1,658052E+6	12,000000E+0
513	885,000000E+0	16,140000E+0	30,228000E+0	1,658218E+6	12,000000E+0
514	885,000000E+0	16,140000E+0	30,228000E+0	1,658386E+6	12,000000E+0
515	885,000000E+0	16,140000E+0	30,457000E+0	1,658553E+6	12,000000E+0
516	885,000000E+0	16,140000E+0	30,457000E+0	1,658720E+6	12,000000E+0
517	885,000000E+0	16,140000E+0	30,686000E+0	1,658887E+6	12,000000E+0
518	885,000000E+0	16,140000E+0	30,686000E+0	1,659054E+6	12,000000E+0
519	885,000000E+0	16,140000E+0	30,686000E+0	1,659219E+6	12,000000E+0
520	885,000000E+0	16,140000E+0	30,228000E+0	1,659385E+6	12,000000E+0
521	885,000000E+0	16,140000E+0	30,228000E+0	1,659552E+6	12,000000E+0
522	885,000000E+0	16,140000E+0	30,228000E+0	1,659719E+6	12,000000E+0
523	885,000000E+0	16,140000E+0	29,999000E+0	1,659886E+6	12,000000E+0
524	885,000000E+0	16,140000E+0	30,228000E+0	1,660052E+6	12,000000E+0
525	885,000000E+0	16,140000E+0	30,228000E+0	1,660219E+6	12,000000E+0
526	885,000000E+0	16,140000E+0	30,228000E+0	1,660386E+6	12,000000E+0
527	885,000000E+0	16,140000E+0	30,686000E+0	1,660553E+6	12,000000E+0
528	885,000000E+0	16,140000E+0	30,915000E+0	1,660721E+6	12,000000E+0
529	885,000000E+0	16,140000E+0	31,144000E+0	1,660889E+6	12,000000E+0
530	885,000000E+0	16,140000E+0	31,144000E+0	1,661056E+6	12,000000E+0
531	885,000000E+0	16,140000E+0	30,915000E+0	1,661224E+6	12,000000E+0
532	885,000000E+0	16,140000E+0	30,686000E+0	1,661390E+6	12,000000E+0
533	885,000000E+0	16,140000E+0	30,457000E+0	1,661558E+6	12,000000E+0
534	885,000000E+0	16,140000E+0	30,457000E+0	1,661726E+6	12,000000E+0
535	885,000000E+0	16,140000E+0	30,228000E+0	1,661891E+6	12,000000E+0
536	885,000000E+0	16,140000E+0	30,228000E+0	1,662060E+6	12,000000E+0
537	885,000000E+0	16,140000E+0	30,228000E+0	1,662228E+6	12,000000E+0
538	885,000000E+0	16,140000E+0	30,228000E+0	1,662395E+6	12,000000E+0
539	885,000000E+0	16,140000E+0	30,457000E+0	1,662561E+6	12,000000E+0
540	885,000000E+0	16,140000E+0	30,686000E+0	1,662730E+6	12,000000E+0
541	885,000000E+0	13,450000E+0	30,686000E+0	1,662896E+6	12,000000E+0
542	885,000000E+0	16,140000E+0	30,686000E+0	1,663061E+6	12,000000E+0
543	885,000000E+0	16,140000E+0	30,686000E+0	1,663229E+6	12,000000E+0
544	885,000000E+0	16,140000E+0	30,686000E+0	1,663394E+6	12,000000E+0
545	885,000000E+0	16,140000E+0	30,228000E+0	1,663561E+6	12,000000E+0
546	885,000000E+0	16,140000E+0	30,228000E+0	1,663727E+6	12,000000E+0
547	885,000000E+0	16,140000E+0	30,228000E+0	1,663897E+6	12,000000E+0
548	885,000000E+0	16,140000E+0	29,999000E+0	1,664062E+6	12,000000E+0
549	885,000000E+0	16,140000E+0	30,228000E+0	1,664230E+6	12,000000E+0
550	885,000000E+0	16,140000E+0	30,228000E+0	1,664398E+6	12,000000E+0
551	885,000000E+0	16,140000E+0	30,457000E+0	1,664564E+6	12,000000E+0
552	885,000000E+0	16,140000E+0	30,686000E+0	1,664731E+6	12,000000E+0
553	885,000000E+0	16,140000E+0	30,915000E+0	1,664899E+6	12,000000E+0
554	885,000000E+0	16,140000E+0	31,144000E+0	1,665067E+6	12,000000E+0
555	885,000000E+0	16,140000E+0	31,144000E+0	1,665235E+6	12,000000E+0
556	885,000000E+0	16,140000E+0	30,915000E+0	1,665400E+6	12,000000E+0
557	885,000000E+0	16,140000E+0	30,686000E+0	1,665566E+6	12,000000E+0
558	885,000000E+0	16,140000E+0	30,457000E+0	1,665734E+6	12,000000E+0
559	885,000000E+0	16,140000E+0	30,228000E+0	1,665900E+6	12,000000E+0
560	885,000000E+0	16,140000E+0	30,228000E+0	1,666069E+6	12,000000E+0
561	885,000000E+0	13,450000E+0	30,228000E+0	1,666238E+6	12,000000E+0
562	885,000000E+0	13,450000E+0	30,228000E+0	1,666404E+6	12,000000E+0
563	885,000000E+0	13,450000E+0	30,228000E+0	1,666572E+6	12,000000E+0
564	885,000000E+0	13,450000E+0	30,457000E+0	1,666739E+6	12,000000E+0
565	885,000000E+0	13,450000E+0	30,686000E+0	1,666906E+6	12,000000E+0
566	885,000000E+0	16,140000E+0	30,686000E+0	1,667075E+6	12,000000E+0
567	885,000000E+0	16,140000E+0	30,686000E+0	1,667238E+6	12,000000E+0
568	885,000000E+0	16,140000E+0	30,686000E+0	1,667406E+6	12,000000E+0
569	885,000000E+0	16,140000E+0	30,457000E+0	1,667572E+6	12,000000E+0
570	885,000000E+0	16,140000E+0	30,457000E+0	1,667741E+6	12,000000E+0
571	885,000000E+0	16,140000E+0	29,999000E+0	1,667907E+6	12,000000E+0
572	885,000000E+0	16,140000E+0	29,999000E+0	1,668071E+6	12,000000E+0
573	885,000000E+0	16,140000E+0	30,228000E+0	1,668241E+6	12,000000E+0
574	885,000000E+0	16,140000E+0	30,228000E+0	1,668408E+6	12,000000E+0
575	885,000000E+0	16,140000E+0	30,457000E+0	1,668575E+6	12,000000E+0
576	885,000000E+0	16,140000E+0	30,686000E+0	1,668742E+6	12,000000E+0
577	885,000000E+0	16,140000E+0	30,686000E+0	1,668910E+6	12,000000E+0
578	885,000000E+0	16,140000E+0	31,144000E+0	1,669077E+6	12,000000E+0
579	885,000000E+0	16,140000E+0	31,144000E+0	1,669245E+6	12,000000E+0
580	885,000000E+0	16,140000E+0	30,915000E+0	1,669413E+6	12,000000E+0
581	885,000000E+0	16,140000E+0	30,915000E+0	1,669579E+6	12,000000E+0
582	885,000000E+0	16,140000E+0	30,457000E+0	1,669746E+6	12,000000E+0
583	885,000000E+0	16,140000E+0	30,457000E+0	1,669913E+6	12,000000E+0
584	885,000000E+0	16,140000E+0	29,999000E+0	1,670079E+6	12,000000E+0
585	885,000000E+0	16,140000E+0	30,228000E+0	1,670248E+6	12,000000E+0
586	885,000000E+0	16,140000E+0	30,228000E+0	1,670416E+6	12,000000E+0
587	885,000000E+0	16,140000E+0	30,228000E+0	1,670583E+6	12,000000E+0
588	885,000000E+0	16,140000E+0	30,457000E+0	1,670751E+6	12,000000E+0
589	885,000000E+0	16,140000E+0	30,457000E+0	1,670918E+6	12,000000E+0
590	885,000000E+0	16,140000E+0	30,686000E+0	1,671085E+6	12,000000E+0
591	885,000000E+0	16,140000E+0	30,686000E+0	1,671250E+6	12,000000E+0
592	885,000000E+0	16,140000E+0	30,686000E+0	1,671417E+6	12,000000E+0
593	885,000000E+0	16,140000E+0	30,686000E+0	1,671584E+6	12,000000E+0
594	885,000000E+0	16,140000E+0	30,457000E+0	1,671749E+6	12,000000E+0
595	885,000000E+0	16,140000E+0	30,228000E+0	1,671918E+6	12,000000E+0
596	885,000000E+0	16,140000E+0	29,999000E+0	1,672083E+6	12,000000E+0
597	885,000000E+0	16,140000E+0	29,999000E+0	1,672249E+6	12,000000E+0
598	885,000000E+0	16,140000E+0	30,228000E+0	1,672418E+6	12,000000E+0
599	885,000000E+0	16,140000E+0	30,228000E+0	1,672585E+6	12,000000E+0
600	885,000000E+0	16,140000E+0	30,457000E+0	1,672751E+6	12,000000E+0
601	885,000000E+0	16,140000E+0	30,915000E+0	1,672919E+6	12,000000E+0
602	885,000000E+0	16,140000E+0	30,915000E+0	1,673087E+6	12,000000E+0
603	885,000000E+0	16,140000E+0	30,915000E+0	1,673254E+6	12,000000E+0
604	885,000000E+0	16,140000E+0	31,144000E+0	1,673423E+6	12,000000E+0
605	885,000000E+0	16,140000E+0	30,915000E+0	1,673588E+6	12,000000E+0
606	885,000000E+0	16,140000E+0	30,686000E+0	1,673753E+6	12,000000E+0
607	885,000000E+0	16,140000E+0	30,457000E+0	1,673923E+6	12,000000E+0
608	885,000000E+0	16,140000E+0	30,228000E+0	1,674091E+6	12,000000E+0
609	885,000000E+0	16,140000E+0	30,228000E+0	1,674258E+6	12,000000E+0
610	885,000000E+0	16,140000E+0	30,228000E+0	1,674425E+6	12,000000E+0
611	885,000000E+0	16,140000E+0	30,228000E+0	1,674594E+6	12,000000E+0
612	885,000000E+0	16,140000E+0	30,228000E+0	1,674762E+6	12,000000E+0
613	885,000000E+0	16,140000E+0	30,457000E+0	1,674928E+6	12,000000E+0
614	885,000000E+0	16,140000E+0	30,686000E+0	1,675096E+6	12,000000E+0
615	885,000000E+0	16,140000E+0	30,686000E+0	1,675264E+6	12,000000E+0
616	885,000000E+0	16,140000E+0	30,686000E+0	1,675429E+6	12,000000E+0
617	885,000000E+0	16,140000E+0	30,686000E+0	1,675596E+6	12,000000E+0
618	885,000000E+0	16,140000E+0	30,457000E+0	1,675762E+6	12,000000E+0
619	885,000000E+0	16,140000E+0	30,228000E+0	1,675929E+6	12,000000E+0
620	885,000000E+0	16,140000E+0	30,228000E+0	1,676095E+6	12,000000E+0
621	885,000000E+0	16,140000E+0	29,999000E+0	1,676262E+6	12,000000E+0
622	885,000000E+0	16,140000E+0	29,999000E+0	1,676428E+6	12,000000E+0
623	885,000000E+0	16,140000E+0	30,228000E+0	1,676595E+6	12,000000E+0
624	885,000000E+0	16,140000E+0	30,457000E+0	1,676764E+6	12,000000E+0
625	885,000000E+0	16,140000E+0	30,686000E+0	1,676930E+6	12,000000E+0
626	885,000000E+0	16,140000E+0	30,915000E+0	1,677097E+6	12,000000E+0
627	885,000000E+0	13,450000E+0	31,144000E+0	1,677266E+6	12,000000E+0
628	885,000000E+0	13,450000E+0	31,144000E+0	1,677432E+6	12,000000E+0
629	885,000000E+0	16,140000E+0	30,915000E+0	1,677600E+6	12,000000E+0
630	885,000000E+0	16,140000E+0	30,915000E+0	1,677767E+6	12,000000E+0
631	885,000000E+0	16,140000E+0	30,457000E+0	1,677935E+6	12,000000E+0
632	885,000000E+0	16,140000E+0	30,228000E+0	1,678102E+6	12,000000E+0
633	885,000000E+0	16,140000E+0	30,228000E+0	1,678268E+6	12,000000E+0
634	885,000000E+0	16,140000E+0	30,228000E+0	1,678436E+6	12,000000E+0
635	885,000000E+0	16,140000E+0	30,228000E+0	1,678604E+6	12,000000E+0
636	885,000000E+0	16,140000E+0	30,228000E+0	1,678772E+6	12,000000E+0
637	885,000000E+0	16,140000E+0	30,457000E+0	1,678940E+6	12,000000E+0
638	885,000000E+0	16,140000E+0	30,457000E+0	1,679107E+6	12,000000E+0
639	885,000000E+0	16,140000E+0	30,686000E+0	1,679275E+6	12,000000E+0
640	885,000000E+0	16,140000E+0	30,686000E+0	1,679439E+6	12,000000E+0
641	885,000000E+0	16,140000E+0	30,686000E+0	1,679606E+6	12,000000E+0
642	885,000000E+0	16,140000E+0	30,457000E+0	1,679773E+6	12,000000E+0
643	885,000000E+0	16,140000E+0	30,457000E+0	1,679939E+6	12,000000E+0
644	885,000000E+0	16,140000E+0	30,228000E+0	1,680105E+6	12,000000E+0
645	885,000000E+0	16,140000E+0	30,228000E+0	1,680273E+6	12,000000E+0
646	885,000000E+0	16,140000E+0	30,228000E+0	1,680440E+6	12,000000E+0
647	885,000000E+0	16,140000E+0	30,228000E+0	1,680605E+6	12,000000E+0
648	885,000000E+0	16,140000E+0	30,228000E+0	1,680773E+6	12,000000E+0
649	885,000000E+0	16,140000E+0	30,457000E+0	1,680939E+6	12,000000E+0
650	885,000000E+0	16,140000E+0	30,915000E+0	1,681118E+6	12,000000E+0
651	885,000000E+0	16,140000E+0	30,915000E+0	1,681317E+6	12,000000E+0
652	885,000000E+0	16,140000E+0	31,144000E+0	1,681526E+6	12,000000E+0
653	885,000000E+0	16,140000E+0	30,915000E+0	1,681695E+6	12,000000E+0
654	885,000000E+0	16,140000E+0	30,686000E+0	1,681860E+6	12,000000E+0
655	885,000000E+0	16,140000E+0	30,686000E+0	1,682071E+6	12,000000E+0
656	885,000000E+0	16,140000E+0	30,457000E+0	1,682238E+6	12,000000E+0
657	885,000000E+0	16,140000E+0	29,999000E+0	1,682404E+6	12,000000E+0
658	885,000000E+0	16,140000E+0	29,999000E+0	1,682571E+6	12,000000E+0
659	885,000000E+0	16,140000E+0	30,228000E+0	1,682741E+6	12,000000E+0
660	885,000000E+0	16,140000E+0	30,228000E+0	1,682907E+6	12,000000E+0
661	885,000000E+0	16,140000E+0	30,457000E+0	1,683076E+6	12,000000E+0
662	885,000000E+0	16,140000E+0	30,686000E+0	1,683242E+6	12,000000E+0
663	885,000000E+0	16,140000E+0	30,686000E+0	1,683410E+6	12,000000E+0
664	885,000000E+0	16,140000E+0	30,915000E+0	1,683575E+6	12,000000E+0
665	885,000000E+0	16,140000E+0	30,686000E+0	1,683744E+6	12,000000E+0
666	885,000000E+0	16,140000E+0	30,457000E+0	1,683908E+6	12,000000E+0
667	885,000000E+0	16,140000E+0	30,228000E+0	1,684076E+6	12,000000E+0
668	885,000000E+0	16,140000E+0	30,228000E+0	1,684241E+6	12,000000E+0
669	885,000000E+0	16,140000E+0	30,228000E+0	1,684410E+6	12,000000E+0
670	885,000000E+0	16,140000E+0	30,228000E+0	1,684577E+6	12,000000E+0
671	885,000000E+0	16,140000E+0	30,228000E+0	1,684744E+6	12,000000E+0
672	885,000000E+0	16,140000E+0	30,228000E+0	1,684911E+6	12,000000E+0
673	885,000000E+0	16,140000E+0	30,457000E+0	1,685077E+6	12,000000E+0
674	885,000000E+0	16,140000E+0	30,915000E+0	1,685244E+6	12,000000E+0
675	885,000000E+0	16,140000E+0	30,915000E+0	1,685412E+6	12,000000E+0
676	885,000000E+0	16,140000E+0	31,144000E+0	1,685580E+6	12,000000E+0
677	885,000000E+0	16,140000E+0	31,144000E+0	1,685747E+6	12,000000E+0
678	885,000000E+0	16,140000E+0	30,915000E+0	1,685914E+6	12,000000E+0
679	885,000000E+0	16,140000E+0	30,686000E+0	1,686081E+6	12,000000E+0
680	885,000000E+0	16,140000E+0	30,457000E+0	1,686251E+6	12,000000E+0
681	885,000000E+0	16,140000E+0	30,228000E+0	1,686416E+6	12,000000E+0
682	885,000000E+0	16,140000E+0	29,999000E+0	1,686585E+6	12,000000E+0
683	885,000000E+0	16,140000E+0	29,999000E+0	1,686752E+6	12,000000E+0
684	885,000000E+0	16,140000E+0	30,228000E+0	1,686918E+6	12,000000E+0
685	885,000000E+0	16,140000E+0	30,228000E+0	1,687087E+6	12,000000E+0
686	885,000000E+0	16,140000E+0	30,457000E+0	1,687253E+6	12,000000E+0
687	885,000000E+0	16,140000E+0	30,686000E+0	1,687420E+6	12,000000E+0
688	885,000000E+0	16,140000E+0	30,686000E+0	1,687586E+6	12,000000E+0
689	885,000000E+0	16,140000E+0	30,686000E+0	1,687755E+6	12,000000E+0
690	885,000000E+0	16,140000E+0	30,686000E+0	1,687920E+6	12,000000E+0
691	885,000000E+0	16,140000E+0	30,228000E+0	1,688086E+6	12,000000E+0
692	885,000000E+0	16,140000E+0	30,228000E+0	1,688252E+6	12,000000E+0
693	885,000000E+0	16,140000E+0	29,999000E+0	1,688418E+6	12,000000E+0
694	885,000000E+0	16,140000E+0	29,999000E+0	1,688585E+6	12,000000E+0
695	885,000000E+0	16,140000E+0	30,228000E+0	1,688752E+6	12,000000E+0
696	885,000000E+0	16,140000E+0	30,228000E+0	1,688920E+6	12,000000E+0
697	885,000000E+0	16,140000E+0	30,457000E+0	1,689088E+6	12,000000E+0
698	885,000000E+0	16,140000E+0	30,457000E+0	1,689255E+6	12,000000E+0
699	885,000000E+0	16,140000E+0	30,915000E+0	1,689422E+6	12,000000E+0
700	885,000000E+0	16,140000E+0	31,144000E+0	1,689590E+6	12,000000E+0
701	885,000000E+0	16,140000E+0	31,144000E+0	1,689759E+6	12,000000E+0
702	885,000000E+0	16,140000E+0	30,915000E+0	1,689927E+6	12,000000E+0
703	885,000000E+0	16,140000E+0	30,686000E+0	1,690092E+6	12,000000E+0
704	885,000000E+0	16,140000E+0	30,457000E+0	1,690260E+6	12,000000E+0
705	885,000000E+0	16,140000E+0	30,228000E+0	1,690428E+6	12,000000E+0
706	885,000000E+0	16,140000E+0	29,999000E+0	1,690595E+6	12,000000E+0
707	885,000000E+0	16,140000E+0	30,228000E+0	1,690762E+6	12,000000E+0
708	885,000000E+0	16,140000E+0	30,228000E+0	1,690929E+6	12,000000E+0
709	885,000000E+0	16,140000E+0	30,228000E+0	1,691096E+6	12,000000E+0
710	885,000000E+0	16,140000E+0	30,457000E+0	1,691265E+6	12,000000E+0
711	885,000000E+0	16,140000E+0	30,457000E+0	1,691432E+6	12,000000E+0
712	885,000000E+0	16,140000E+0	30,915000E+0	1,691600E+6	12,000000E+0
713	885,000000E+0	16,140000E+0	30,686000E+0	1,691765E+6	12,000000E+0
714	885,000000E+0	16,140000E+0	30,686000E+0	1,691932E+6	12,000000E+0
715	885,000000E+0	16,140000E+0	30,686000E+0	1,692097E+6	12,000000E+0
716	885,000000E+0	16,140000E+0	30,228000E+0	1,692266E+6	12,000000E+0
717	885,000000E+0	16,140000E+0	30,228000E+0	1,692430E+6	12,000000E+0
718	885,000000E+0	16,140000E+0	29,999000E+0	1,692598E+6	12,000000E+0
719	885,000000E+0	16,140000E+0	30,228000E+0	1,692764E+6	12,000000E+0
720	885,000000E+0	16,140000E+0	30,228000E+0	1,692933E+6	12,000000E+0
721	885,000000E+0	16,140000E+0	30,228000E+0	1,693099E+6	12,000000E+0
722	885,000000E+0	16,140000E+0	30,686000E+0	1,693267E+6	12,000000E+0
723	885,000000E+0	16,140000E+0	30,686000E+0	1,693433E+6	12,000000E+0
724	885,000000E+0	16,140000E+0	30,915000E+0	1,693600E+6	12,000000E+0
725	885,000000E+0	16,140000E+0	31,144000E+0	1,693770E+6	12,000000E+0
726	885,000000E+0	16,140000E+0	31,144000E+0	1,693937E+6	12,000000E+0
727	885,000000E+0	16,140000E+0	30,915000E+0	1,694103E+6	12,000000E+0
728	885,000000E+0	16,140000E+0	30,686000E+0	1,694270E+6	12,000000E+0
729	885,000000E+0	16,140000E+0	30,228000E+0	1,694438E+6	12,000000E+0
730	885,000000E+0	16,140000E+0	29,999000E+0	1,694605E+6	12,000000E+0
731	885,000000E+0	16,140000E+0	29,999000E+0	1,694773E+6	12,000000E+0
732	885,000000E+0	16,140000E+0	30,228000E+0	1,694940E+6	12,000000E+0
733	885,000000E+0	16,140000E+0	30,228000E+0	1,695106E+6	12,000000E+0
734	885,000000E+0	16,140000E+0	30,228000E+0	1,695277E+6	12,000000E+0
735	885,000000E+0	16,140000E+0	30,686000E+0	1,695445E+6	12,000000E+0
736	885,000000E+0	16,140000E+0	30,686000E+0	1,695612E+6	12,000000E+0
737	885,000000E+0	16,140000E+0	30,686000E+0	1,695778E+6	12,000000E+0
738	885,000000E+0	16,140000E+0	30,915000E+0	1,695946E+6	12,000000E+0
739	885,000000E+0	16,140000E+0	30,686000E+0	1,696111E+6	12,000000E+0
740	885,000000E+0	16,140000E+0	30,457000E+0	1,696278E+6	12,000000E+0
741	885,000000E+0	16,140000E+0	30,457000E+0	1,696443E+6	12,000000E+0
742	885,000000E+0	16,140000E+0	29,999000E+0	1,696608E+6	12,000000E+0
743	885,000000E+0	16,140000E+0	29,999000E+0	1,696778E+6	12,000000E+0
744	885,000000E+0	16,140000E+0	30,228000E+0	1,696943E+6	12,000000E+0
745	885,000000E+0	16,140000E+0	30,228000E+0	1,697110E+6	12,000000E+0
746	885,000000E+0	16,140000E+0	30,457000E+0	1,697279E+6	12,000000E+0
747	885,000000E+0	16,140000E+0	30,686000E+0	1,697446E+6	12,000000E+0
748	885,000000E+0	13,450000E+0	30,915000E+0	1,697615E+6	12,000000E+0
749	885,000000E+0	13,450000E+0	30,915000E+0	1,697782E+6	12,000000E+0
750	885,000000E+0	13,450000E+0	31,144000E+0	1,697949E+6	12,000000E+0
751	885,000000E+0	13,450000E+0	31,144000E+0	1,698117E+6	12,000000E+0
752	885,000000E+0	13,450000E+0	30,915000E+0	1,698283E+6	12,000000E+0
753	885,000000E+0	16,140000E+0	30,457000E+0	1,698452E+6	12,000000E+0
754	885,000000E+0	16,140000E+0	30,228000E+0	1,698619E+6	12,000000E+0
755	885,000000E+0	16,140000E+0	29,999000E+0	1,698786E+6	12,000000E+0
756	885,000000E+0	16,140000E+0	30,228000E+0	1,698952E+6	12,000000E+0
757	885,000000E+0	16,140000E+0	30,228000E+0	1,699120E+6	12,000000E+0
758	885,000000E+0	16,140000E+0	30,228000E+0	1,699288E+6	12,000000E+0
759	885,000000E+0	16,140000E+0	30,457000E+0	1,699455E+6	12,000000E+0
760	885,000000E+0	16,140000E+0	30,686000E+0	1,699622E+6	12,000000E+0
761	885,000000E+0	16,140000E+0	30,686000E+0	1,699791E+6	12,000000E+0
762	885,000000E+0	16,140000E+0	30,686000E+0	1,699955E+6	12,000000E+0
763	885,000000E+0	16,140000E+0	30,686000E+0	1,700123E+6	12,000000E+0
764	885,000000E+0	16,140000E+0	30,686000E+0	1,700289E+6	12,000000E+0
765	885,000000E+0	16,140000E+0	30,228000E+0	1,700456E+6	12,000000E+0
766	885,000000E+0	16,140000E+0	30,228000E+0	1,700622E+6	12,000000E+0
767	885,000000E+0	16,140000E+0	30,228000E+0	1,700790E+6	12,000000E+0
768	885,000000E+0	16,140000E+0	29,999000E+0	1,700956E+6	12,000000E+0
769	885,000000E+0	16,140000E+0	30,228000E+0	1,701122E+6	12,000000E+0
770	885,000000E+0	16,140000E+0	30,457000E+0	1,701290E+6	12,000000E+0
771	885,000000E+0	16,140000E+0	30,686000E+0	1,701459E+6	12,000000E+0
772	885,000000E+0	16,140000E+0	30,915000E+0	1,701626E+6	12,000000E+0
773	885,000000E+0	16,140000E+0	31,144000E+0	1,701794E+6	12,000000E+0
774	885,000000E+0	16,140000E+0	31,144000E+0	1,701963E+6	12,000000E+0
775	885,000000E+0	16,140000E+0	30,915000E+0	1,702129E+6	12,000000E+0
776	885,000000E+0	16,140000E+0	30,915000E+0	1,702296E+6	12,000000E+0
777	885,000000E+0	16,140000E+0	30,686000E+0	1,702464E+6	12,000000E+0
778	885,000000E+0	16,140000E+0	30,228000E+0	1,702630E+6	12,000000E+0
779	885,000000E+0	16,140000E+0	30,228000E+0	1,702798E+6	12,000000E+0
780	885,000000E+0	16,140000E+0	29,999000E+0	1,702966E+6	12,000000E+0
781	885,000000E+0	16,140000E+0	30,228000E+0	1,703134E+6	12,000000E+0
782	885,000000E+0	16,140000E+0	30,228000E+0	1,703301E+6	12,000000E+0
783	885,000000E+0	16,140000E+0	30,228000E+0	1,703467E+6	12,000000E+0
784	885,000000E+0	16,140000E+0	30,457000E+0	1,703635E+6	12,000000E+0
785	885,000000E+0	16,140000E+0	30,686000E+0	1,703804E+6	12,000000E+0
786	885,000000E+0	16,140000E+0	30,686000E+0	1,703970E+6	12,000000E+0
787	885,000000E+0	16,140000E+0	30,686000E+0	1,704137E+6	12,000000E+0
788	885,000000E+0	16,140000E+0	30,457000E+0	1,704303E+6	12,000000E+0
789	885,000000E+0	16,140000E+0	30,457000E+0	1,704469E+6	12,000000E+0
790	885,000000E+0	16,140000E+0	30,228000E+0	1,704636E+6	12,000000E+0
791	885,000000E+0	16,140000E+0	30,228000E+0	1,704802E+6	12,000000E+0
792	885,000000E+0	16,140000E+0	30,228000E+0	1,704970E+6	12,000000E+0
793	885,000000E+0	13,450000E+0	30,228000E+0	1,705136E+6	12,000000E+0
794	885,000000E+0	16,140000E+0	30,228000E+0	1,705305E+6	12,000000E+0
795	885,000000E+0	16,140000E+0	30,457000E+0	1,705471E+6	12,000000E+0
796	885,000000E+0	16,140000E+0	30,686000E+0	1,705639E+6	12,000000E+0
797	885,000000E+0	16,140000E+0	30,915000E+0	1,705806E+6	12,000000E+0
798	885,000000E+0	16,140000E+0	31,144000E+0	1,705974E+6	12,000000E+0
799	885,000000E+0	16,140000E+0	31,144000E+0	1,706141E+6	12,000000E+0
800	885,000000E+0	16,140000E+0	30,915000E+0	1,706309E+6	12,000000E+0
801	885,000000E+0	16,140000E+0	30,686000E+0	1,706475E+6	12,000000E+0
802	885,000000E+0	16,140000E+0	30,686000E+0	1,706644E+6	12,000000E+0
803	885,000000E+0	16,140000E+0	30,228000E+0	1,706812E+6	12,000000E+0
804	885,000000E+0	16,140000E+0	29,999000E+0	1,706977E+6	12,000000E+0
805	885,000000E+0	16,140000E+0	30,228000E+0	1,707144E+6	12,000000E+0
806	885,000000E+0	16,140000E+0	29,999000E+0	1,707312E+6	12,000000E+0
807	885,000000E+0	16,140000E+0	30,228000E+0	1,707479E+6	12,000000E+0
808	885,000000E+0	16,140000E+0	30,457000E+0	1,707647E+6	12,000000E+0
809	885,000000E+0	16,140000E+0	30,686000E+0	1,707814E+6	12,000000E+0
810	885,000000E+0	16,140000E+0	30,686000E+0	1,707982E+6	12,000000E+0
811	885,000000E+0	16,140000E+0	30,686000E+0	1,708147E+6	12,000000E+0
812	885,000000E+0	16,140000E+0	30,686000E+0	1,708315E+6	12,000000E+0
813	885,000000E+0	16,140000E+0	30,457000E+0	1,708480E+6	12,000000E+0
814	885,000000E+0	16,140000E+0	30,228000E+0	1,708647E+6	12,000000E+0
815	885,000000E+0	16,140000E+0	30,228000E+0	1,708823E+6	12,000000E+0
816	30,000000E+0	228,650000E+0	90,249129E+3	131,000000E+0	504,600000E+0
817	885,000000E+0	16,140000E+0	30,228000E+0	1,709147E+6	12,000000E+0
818	885,000000E+0	16,140000E+0	30,228000E+0	1,709315E+6	12,000000E+0
819	885,000000E+0	16,140000E+0	30,228000E+0	1,709482E+6	12,000000E+0
820	885,000000E+0	16,140000E+0	30,457000E+0	1,709648E+6	12,000000E+0
821	885,000000E+0	16,140000E+0	30,686000E+0	1,709815E+6	12,000000E+0
822	885,000000E+0	16,140000E+0	30,915000E+0	1,709984E+6	12,000000E+0
823	885,000000E+0	16,140000E+0	31,144000E+0	1,710150E+6	12,000000E+0
824	885,000000E+0	16,140000E+0	31,144000E+0	1,710320E+6	12,000000E+0
825	885,000000E+0	16,140000E+0	30,915000E+0	1,710486E+6	12,000000E+0
826	885,000000E+0	16,140000E+0	30,686000E+0	1,710654E+6	12,000000E+0
827	885,000000E+0	16,140000E+0	30,457000E+0	1,710822E+6	12,000000E+0
828	885,000000E+0	16,140000E+0	30,228000E+0	1,710989E+6	12,000000E+0
829	885,000000E+0	16,140000E+0	29,999000E+0	1,711156E+6	12,000000E+0
830	885,000000E+0	16,140000E+0	30,228000E+0	1,711324E+6	12,000000E+0
831	885,000000E+0	16,140000E+0	30,228000E+0	1,711488E+6	12,000000E+0
832	885,000000E+0	16,140000E+0	30,228000E+0	1,711657E+6	12,000000E+0
833	885,000000E+0	16,140000E+0	30,457000E+0	1,711826E+6	12,000000E+0
834	885,000000E+0	16,140000E+0	30,686000E+0	1,711994E+6	12,000000E+0
835	885,000000E+0	16,140000E+0	30,686000E+0	1,712160E+6	12,000000E+0
836	885,000000E+0	16,140000E+0	30,686000E+0	1,712327E+6	12,000000E+0
837	885,000000E+0	16,140000E+0	30,686000E+0	1,712493E+6	12,000000E+0
838	885,000000E+0	16,140000E+0	30,457000E+0	1,712659E+6	12,000000E+0
839	885,000000E+0	16,140000E+0	30,228000E+0	1,712826E+6	12,000000E+0
840	885,000000E+0	16,140000E+0	30,228000E+0	1,712991E+6	12,000000E+0
841	885,000000E+0	16,140000E+0	30,228000E+0	1,713159E+6	12,000000E+0
842	885,000000E+0	16,140000E+0	30,228000E+0	1,713325E+6	12,000000E+0
843	885,000000E+0	16,140000E+0	30,457000E+0	1,713493E+6	12,000000E+0
844	885,000000E+0	16,140000E+0	30,457000E+0	1,713662E+6	12,000000E+0
845	885,000000E+0	13,450000E+0	30,686000E+0	1,713828E+6	12,000000E+0
846	885,000000E+0	13,450000E+0	30,915000E+0	1,713995E+6	12,000000E+0
847	885,000000E+0	13,450000E+0	31,144000E+0	1,714163E+6	12,000000E+0
848	885,000000E+0	16,140000E+0	31,144000E+0	1,714331E+6	12,000000E+0
849	885,000000E+0	13,450000E+0	30,915000E+0	1,714498E+6	12,000000E+0
850	885,000000E+0	13,450000E+0	30,915000E+0	1,714665E+6	12,000000E+0
851	885,000000E+0	16,140000E+0	30,457000E+0	1,714833E+6	12,000000E+0
852	885,000000E+0	16,140000E+0	30,228000E+0	1,715001E+6	12,000000E+0
853	885,000000E+0	16,140000E+0	30,228000E+0	1,715168E+6	12,000000E+0
854	885,000000E+0	16,140000E+0	29,999000E+0	1,715335E+6	12,000000E+0
855	885,000000E+0	16,140000E+0	30,228000E+0	1,715503E+6	12,000000E+0
856	885,000000E+0	16,140000E+0	30,228000E+0	1,715670E+6	12,000000E+0
857	885,000000E+0	16,140000E+0	30,457000E+0	1,715838E+6	12,000000E+0
858	885,000000E+0	16,140000E+0	30,686000E+0	1,716004E+6	12,000000E+0
859	885,000000E+0	16,140000E+0	30,915000E+0	1,716172E+6	12,000000E+0
860	885,000000E+0	16,140000E+0	30,686000E+0	1,716337E+6	12,000000E+0
861	885,000000E+0	16,140000E+0	30,686000E+0	1,716505E+6	12,000000E+0
862	885,000000E+0	16,140000E+0	30,686000E+0	1,716670E+6	12,000000E+0
863	885,000000E+0	16,140000E+0	30,228000E+0	1,716839E+6	12,000000E+0
864	885,000000E+0	16,140000E+0	30,228000E+0	1,717003E+6	12,000000E+0
865	885,000000E+0	16,140000E+0	29,999000E+0	1,717171E+6	12,000000E+0
866	885,000000E+0	16,140000E+0	30,228000E+0	1,717338E+6	12,000000E+0
867	885,000000E+0	16,140000E+0	30,228000E+0	1,717506E+6	12,000000E+0
868	885,000000E+0	16,140000E+0	30,228000E+0	1,717673E+6	12,000000E+0
869	885,000000E+0	16,140000E+0	30,686000E+0	1,717840E+6	12,000000E+0
870	885,000000E+0	16,140000E+0	30,686000E+0	1,718007E+6	12,000000E+0
871	885,000000E+0	16,140000E+0	30,915000E+0	1,718175E+6	12,000000E+0
872	885,000000E+0	13,450000E+0	31,144000E+0	1,718344E+6	12,000000E+0
873	885,000000E+0	13,450000E+0	31,144000E+0	1,718511E+6	12,000000E+0
874	885,000000E+0	16,140000E+0	30,915000E+0	1,718678E+6	12,000000E+0
875	885,000000E+0	16,140000E+0	30,686000E+0	1,718848E+6	12,000000E+0
876	885,000000E+0	16,140000E+0	30,228000E+0	1,719015E+6	12,000000E+0
877	885,000000E+0	16,140000E+0	29,999000E+0	1,719179E+6	12,000000E+0
878	885,000000E+0	16,140000E+0	29,999000E+0	1,719349E+6	12,000000E+0
879	885,000000E+0	16,140000E+0	30,228000E+0	1,719516E+6	12,000000E+0
880	885,000000E+0	16,140000E+0	30,228000E+0	1,719682E+6	12,000000E+0
881	885,000000E+0	16,140000E+0	30,228000E+0	1,719851E+6	12,000000E+0
882	885,000000E+0	16,140000E+0	30,686000E+0	1,720019E+6	12,000000E+0
883	885,000000E+0	16,140000E+0	30,686000E+0	1,720186E+6	12,000000E+0
884	885,000000E+0	16,140000E+0	30,686000E+0	1,720352E+6	12,000000E+0
885	885,000000E+0	16,140000E+0	30,686000E+0	1,720519E+6	12,000000E+0
886	885,000000E+0	16,140000E+0	30,686000E+0	1,720685E+6	12,000000E+0
887	885,000000E+0	16,140000E+0	30,457000E+0	1,720851E+6	12,000000E+0
888	885,000000E+0	16,140000E+0	30,228000E+0	1,721018E+6	12,000000E+0
889	885,000000E+0	16,140000E+0	30,228000E+0	1,721184E+6	12,000000E+0
890	885,000000E+0	16,140000E+0	29,999000E+0	1,721350E+6	12,000000E+0
891	885,000000E+0	16,140000E+0	30,228000E+0	1,721518E+6	12,000000E+0
892	885,000000E+0	16,140000E+0	30,228000E+0	1,721685E+6	12,000000E+0
893	885,000000E+0	16,140000E+0	30,457000E+0	1,721853E+6	12,000000E+0
894	885,000000E+0	16,140000E+0	30,686000E+0	1,722020E+6	12,000000E+0
895	885,000000E+0	16,140000E+0	30,915000E+0	1,722188E+6	12,000000E+0
896	885,000000E+0	16,140000E+0	30,915000E+0	1,722355E+6	12,000000E+0
897	885,000000E+0	16,140000E+0	31,144000E+0	1,722522E+6	12,000000E+0
898	885,000000E+0	16,140000E+0	31,144000E+0	1,722689E+6	12,000000E+0
899	885,000000E+0	16,140000E+0	30,915000E+0	1,722855E+6	12,000000E+0
900	885,000000E+0	16,140000E+0	30,457000E+0	1,723024E+6	12,000000E+0
901	885,000000E+0	16,140000E+0	30,228000E+0	1,723191E+6	12,000000E+0
902	885,000000E+0	16,140000E+0	30,228000E+0	1,723358E+6	12,000000E+0
903	885,000000E+0	16,140000E+0	29,999000E+0	1,723527E+6	12,000000E+0
904	885,000000E+0	16,140000E+0	30,228000E+0	1,723696E+6	12,000000E+0
905	885,000000E+0	16,140000E+0	30,228000E+0	1,723862E+6	12,000000E+0
906	885,000000E+0	16,140000E+0	30,457000E+0	1,724029E+6	12,000000E+0
907	885,000000E+0	16,140000E+0	30,686000E+0	1,724196E+6	12,000000E+0
908	885,000000E+0	16,140000E+0	30,686000E+0	1,724365E+6	12,000000E+0
909	885,000000E+0	16,140000E+0	30,686000E+0	1,724529E+6	12,000000E+0
910	885,000000E+0	16,140000E+0	30,686000E+0	1,724697E+6	12,000000E+0
911	885,000000E+0	16,140000E+0	30,686000E+0	1,724862E+6	12,000000E+0
912	885,000000E+0	16,140000E+0	30,228000E+0	1,725030E+6	12,000000E+0
913	885,000000E+0	16,140000E+0	30,228000E+0	1,725196E+6	12,000000E+0
914	885,000000E+0	16,140000E+0	29,999000E+0	1,725362E+6	12,000000E+0
915	885,000000E+0	16,140000E+0	30,228000E+0	1,725530E+6	12,000000E+0
916	885,000000E+0	16,140000E+0	30,228000E+0	1,725697E+6	12,000000E+0
917	885,000000E+0	16,140000E+0	30,457000E+0	1,725864E+6	12,000000E+0
918	885,000000E+0	16,140000E+0	30,686000E+0	1,726033E+6	12,000000E+0
919	885,000000E+0	16,140000E+0	30,686000E+0	1,726200E+6	12,000000E+0
920	885,000000E+0	16,140000E+0	31,144000E+0	1,726368E+6	12,000000E+0
921	885,000000E+0	16,140000E+0	30,915000E+0	1,726534E+6	12,000000E+0
922	885,000000E+0	16,140000E+0	30,915000E+0	1,726700E+6	12,000000E+0
923	885,000000E+0	16,140000E+0	30,915000E+0	1,726869E+6	12,000000E+0
924	885,000000E+0	16,140000E+0	30,686000E+0	1,727037E+6	12,000000E+0
925	885,000000E+0	16,140000E+0	30,457000E+0	1,727205E+6	12,000000E+0
926	885,000000E+0	16,140000E+0	29,999000E+0	1,727370E+6	12,000000E+0
927	885,000000E+0	16,140000E+0	29,999000E+0	1,727539E+6	12,000000E+0
928	885,000000E+0	16,140000E+0	30,228000E+0	1,727706E+6	12,000000E+0
929	885,000000E+0	16,140000E+0	30,228000E+0	1,727872E+6	12,000000E+0
930	885,000000E+0	16,140000E+0	30,457000E+0	1,728041E+6	12,000000E+0
931	885,000000E+0	16,140000E+0	30,457000E+0	1,728208E+6	12,000000E+0
932	885,000000E+0	16,140000E+0	30,686000E+0	1,728376E+6	12,000000E+0
933	885,000000E+0	16,140000E+0	30,686000E+0	1,728543E+6	12,000000E+0
934	885,000000E+0	16,140000E+0	30,686000E+0	1,728710E+6	12,000000E+0
935	885,000000E+0	16,140000E+0	30,457000E+0	1,728874E+6	12,000000E+0
936	885,000000E+0	16,140000E+0	30,457000E+0	1,729040E+6	12,000000E+0
937	885,000000E+0	16,140000E+0	30,228000E+0	1,729207E+6	12,000000E+0
938	885,000000E+0	16,140000E+0	30,228000E+0	1,729374E+6	12,000000E+0
939	885,000000E+0	16,140000E+0	29,999000E+0	1,729542E+6	12,000000E+0
940	885,000000E+0	16,140000E+0	30,228000E+0	1,729708E+6	12,000000E+0
941	885,000000E+0	16,140000E+0	30,228000E+0	1,729876E+6	12,000000E+0
942	885,000000E+0	16,140000E+0	30,457000E+0	1,730043E+6	12,000000E+0
943	885,000000E+0	16,140000E+0	30,686000E+0	1,730210E+6	12,000000E+0
944	885,000000E+0	16,140000E+0	30,915000E+0	1,730378E+6	12,000000E+0
945	885,000000E+0	16,140000E+0	31,144000E+0	1,730545E+6	12,000000E+0
946	885,000000E+0	16,140000E+0	31,144000E+0	1,730712E+6	12,000000E+0
947	885,000000E+0	16,140000E+0	30,915000E+0	1,730880E+6	12,000000E+0
948	885,000000E+0	16,140000E+0	30,915000E+0	1,731046E+6	12,000000E+0
949	885,000000E+0	16,140000E+0	30,686000E+0	1,731215E+6	12,000000E+0
950	885,000000E+0	16,140000E+0	30,228000E+0	1,731382E+6	12,000000E+0
951	885,000000E+0	16,140000E+0	29,999000E+0	1,731549E+6	12,000000E+0
952	885,000000E+0	16,140000E+0	29,999000E+0	1,731716E+6	12,000000E+0
953	885,000000E+0	16,140000E+0	30,228000E+0	1,731883E+6	12,000000E+0
954	885,000000E+0	16,140000E+0	30,228000E+0	1,732050E+6	12,000000E+0
955	885,000000E+0	16,140000E+0	30,457000E+0	1,732219E+6	12,000000E+0
956	885,000000E+0	16,140000E+0	30,686000E+0	1,732385E+6	12,000000E+0
957	885,000000E+0	16,140000E+0	30,686000E+0	1,732554E+6	12,000000E+0
958	885,000000E+0	16,140000E+0	30,915000E+0	1,732719E+6	12,000000E+0
959	885,000000E+0	16,140000E+0	30,686000E+0	1,732887E+6	12,000000E+0
960	885,000000E+0	16,140000E+0	30,457000E+0	1,733051E+6	12,000000E+0
961	885,000000E+0	16,140000E+0	30,228000E+0	1,733219E+6	12,000000E+0
962	885,000000E+0	16,140000E+0	30,228000E+0	1,733384E+6	12,000000E+0
963	885,000000E+0	16,140000E+0	29,999000E+0	1,733551E+6	12,000000E+0
964	885,000000E+0	16,140000E+0	30,228000E+0	1,733720E+6	12,000000E+0
965	885,000000E+0	16,140000E+0	30,228000E+0	1,733887E+6	12,000000E+0
966	885,000000E+0	16,140000E+0	30,228000E+0	1,734055E+6	12,000000E+0
967	885,000000E+0	16,140000E+0	30,457000E+0	1,734221E+6	12,000000E+0
968	885,000000E+0	16,140000E+0	30,915000E+0	1,734388E+6	12,000000E+0
969	885,000000E+0	16,140000E+0	31,144000E+0	1,734557E+6	12,000000E+0
970	885,000000E+0	16,140000E+0	31,144000E+0	1,734724E+6	12,000000E+0
971	885,000000E+0	16,140000E+0	31,144000E+0	1,734892E+6	12,000000E+0
972	885,000000E+0	16,140000E+0	30,915000E+0	1,735058E+6	12,000000E+0
973	885,000000E+0	16,140000E+0	30,686000E+0	1,735226E+6	12,000000E+0
974	885,000000E+0	16,140000E+0	30,457000E+0	1,735394E+6	12,000000E+0
975	885,000000E+0	16,140000E+0	30,228000E+0	1,735560E+6	12,000000E+0
976	885,000000E+0	16,140000E+0	29,999000E+0	1,735727E+6	12,000000E+0
977	885,000000E+0	16,140000E+0	30,228000E+0	1,735897E+6	12,000000E+0
978	885,000000E+0	16,140000E+0	29,999000E+0	1,736063E+6	12,000000E+0
979	885,000000E+0	16,140000E+0	30,457000E+0	1,736231E+6	12,000000E+0
980	885,000000E+0	16,140000E+0	30,457000E+0	1,736397E+6	12,000000E+0
981	885,000000E+0	16,140000E+0	30,686000E+0	1,736565E+6	12,000000E+0
982	885,000000E+0	16,140000E+0	30,686000E+0	1,736732E+6	12,000000E+0
983	885,000000E+0	16,140000E+0	30,686000E+0	1,736898E+6	12,000000E+0
984	885,000000E+0	16,140000E+0	30,686000E+0	1,737064E+6	12,000000E+0
985	885,000000E+0	16,140000E+0	30,457000E+0	1,737231E+6	12,000000E+0
986	885,000000E+0	16,140000E+0	30,228000E+0	1,737397E+6	12,000000E+0
987	885,000000E+0	16,140000E+0	30,228000E+0	1,737564E+6	12,000000E+0
988	885,000000E+0	16,140000E+0	29,999000E+0	1,737730E+6	12,000000E+0
989	885,000000E+0	16,140000E+0	30,228000E+0	1,737897E+6	12,000000E+0
990	885,000000E+0	16,140000E+0	30,228000E+0	1,738064E+6	12,000000E+0
991	885,000000E+0	16,140000E+0	30,457000E+0	1,738232E+6	12,000000E+0
992	885,000000E+0	16,140000E+0	30,686000E+0	1,738401E+6	12,000000E+0
993	885,000000E+0	16,140000E+0	30,915000E+0	1,738569E+6	12,000000E+0
994	885,000000E+0	16,140000E+0	31,144000E+0	1,738737E+6	12,000000E+0
995	885,000000E+0	16,140000E+0	31,144000E+0	1,738903E+6	12,000000E+0
996	885,000000E+0	16,140000E+0	30,915000E+0	1,739071E+6	12,000000E+0
997	885,000000E+0	16,140000E+0	30,915000E+0	1,739237E+6	12,000000E+0
998	885,000000E+0	16,140000E+0	30,457000E+0	1,739404E+6	12,000000E+0
999	885,000000E+0	16,140000E+0	30,228000E+0	1,739571E+6	12,000000E+0
1000	885,000000E+0	16,140000E+0	29,999000E+0	1,739740E+6	12,000000E+0
1001	885,000000E+0	16,140000E+0	29,999000E+0	1,739905E+6	12,000000E+0
1002	885,000000E+0	16,140000E+0	30,228000E+0	1,740075E+6	12,000000E+0
1003	885,000000E+0	16,140000E+0	30,228000E+0	1,740242E+6	12,000000E+0
1004	885,000000E+0	16,140000E+0	30,457000E+0	1,740410E+6	12,000000E+0
1005	885,000000E+0	16,140000E+0	30,457000E+0	1,740578E+6	12,000000E+0
1006	885,000000E+0	16,140000E+0	30,686000E+0	1,740745E+6	12,000000E+0
1007	885,000000E+0	16,140000E+0	30,686000E+0	1,740909E+6	12,000000E+0
1008	885,000000E+0	16,140000E+0	30,686000E+0	1,741077E+6	12,000000E+0
1009	885,000000E+0	16,140000E+0	30,686000E+0	1,741243E+6	12,000000E+0
1010	885,000000E+0	16,140000E+0	30,457000E+0	1,741411E+6	12,000000E+0
1011	885,000000E+0	16,140000E+0	30,228000E+0	1,741575E+6	12,000000E+0
1012	885,000000E+0	16,140000E+0	29,999000E+0	1,741743E+6	12,000000E+0
1013	885,000000E+0	16,140000E+0	30,228000E+0	1,741909E+6	12,000000E+0
1014	885,000000E+0	16,140000E+0	30,228000E+0	1,742078E+6	12,000000E+0
1015	885,000000E+0	16,140000E+0	30,457000E+0	1,742244E+6	12,000000E+0
1016	885,000000E+0	16,140000E+0	30,686000E+0	1,742411E+6	12,000000E+0
1017	885,000000E+0	16,140000E+0	30,686000E+0	1,742578E+6	12,000000E+0
1018	885,000000E+0	16,140000E+0	30,915000E+0	1,742747E+6	12,000000E+0
1019	885,000000E+0	16,140000E+0	31,144000E+0	1,742914E+6	12,000000E+0
1020	885,000000E+0	16,140000E+0	31,144000E+0	1,743081E+6	12,000000E+0
1021	885,000000E+0	16,140000E+0	30,915000E+0	1,743248E+6	12,000000E+0
1022	885,000000E+0	16,140000E+0	30,686000E+0	1,743416E+6	12,000000E+0
1023	885,000000E+0	16,140000E+0	30,228000E+0	1,743585E+6	12,000000E+0
1024	885,000000E+0	16,140000E+0	29,999000E+0	1,743749E+6	12,000000E+0
1025	885,000000E+0	16,140000E+0	30,228000E+0	1,743919E+6	12,000000E+0
1026	885,000000E+0	16,140000E+0	30,228000E+0	1,744086E+6	12,000000E+0
1027	885,000000E+0	16,140000E+0	30,228000E+0	1,744252E+6	12,000000E+0
1028	885,000000E+0	16,140000E+0	30,457000E+0	1,744420E+6	12,000000E+0
1029	885,000000E+0	16,140000E+0	30,457000E+0	1,744587E+6	12,000000E+0
1030	885,000000E+0	16,140000E+0	30,686000E+0	1,744754E+6	12,000000E+0
1031	885,000000E+0	16,140000E+0	30,686000E+0	1,744921E+6	12,000000E+0
1032	885,000000E+0	16,140000E+0	30,686000E+0	1,745088E+6	12,000000E+0
1033	885,000000E+0	16,140000E+0	30,686000E+0	1,745254E+6	12,000000E+0
1034	885,000000E+0	16,140000E+0	30,457000E+0	1,745421E+6	12,000000E+0
1035	885,000000E+0	16,140000E+0	30,457000E+0	1,745586E+6	12,000000E+0
1036	885,000000E+0	16,140000E+0	30,228000E+0	1,745753E+6	12,000000E+0
1037	885,000000E+0	16,140000E+0	29,999000E+0	1,745920E+6	12,000000E+0
1038	885,000000E+0	16,140000E+0	30,228000E+0	1,746099E+6	12,000000E+0
1039	885,000000E+0	16,140000E+0	30,228000E+0	1,746297E+6	12,000000E+0
1040	885,000000E+0	16,140000E+0	30,457000E+0	1,746506E+6	12,000000E+0
1041	885,000000E+0	16,140000E+0	30,915000E+0	1,746716E+6	12,000000E+0
1042	885,000000E+0	16,140000E+0	30,915000E+0	1,746884E+6	12,000000E+0
1043	885,000000E+0	16,140000E+0	30,915000E+0	1,747050E+6	12,000000E+0
1044	885,000000E+0	16,140000E+0	31,144000E+0	1,747217E+6	12,000000E+0
1045	885,000000E+0	16,140000E+0	30,915000E+0	1,747383E+6	12,000000E+0
1046	885,000000E+0	16,140000E+0	30,686000E+0	1,747551E+6	12,000000E+0
1047	885,000000E+0	16,140000E+0	30,457000E+0	1,747721E+6	12,000000E+0
1048	885,000000E+0	16,140000E+0	30,228000E+0	1,747886E+6	12,000000E+0
1049	885,000000E+0	16,140000E+0	29,999000E+0	1,748054E+6	12,000000E+0
1050	885,000000E+0	16,140000E+0	30,228000E+0	1,748222E+6	12,000000E+0
1051	885,000000E+0	16,140000E+0	30,228000E+0	1,748430E+6	12,000000E+0
1052	885,000000E+0	16,140000E+0	30,457000E+0	1,748598E+6	12,000000E+0
1053	885,000000E+0	16,140000E+0	30,686000E+0	1,748765E+6	12,000000E+0
1054	885,000000E+0	16,140000E+0	30,686000E+0	1,748933E+6	12,000000E+0
1055	885,000000E+0	16,140000E+0	30,686000E+0	1,749096E+6	12,000000E+0
1056	885,000000E+0	16,140000E+0	30,686000E+0	1,749264E+6	12,000000E+0
1057	885,000000E+0	16,140000E+0	30,686000E+0	1,749429E+6	12,000000E+0
1058	885,000000E+0	16,140000E+0	30,457000E+0	1,749597E+6	12,000000E+0
1059	885,000000E+0	16,140000E+0	30,228000E+0	1,749763E+6	12,000000E+0
1060	885,000000E+0	16,140000E+0	30,228000E+0	1,749930E+6	12,000000E+0
1061	885,000000E+0	16,140000E+0	29,999000E+0	1,750097E+6	12,000000E+0
1062	885,000000E+0	16,140000E+0	30,228000E+0	1,750266E+6	12,000000E+0
1063	885,000000E+0	16,140000E+0	30,457000E+0	1,750435E+6	12,000000E+0
1064	885,000000E+0	16,140000E+0	30,457000E+0	1,750601E+6	12,000000E+0
1065	885,000000E+0	16,140000E+0	30,915000E+0	1,750768E+6	12,000000E+0
1066	885,000000E+0	16,140000E+0	30,915000E+0	1,750936E+6	12,000000E+0
1067	885,000000E+0	16,140000E+0	30,915000E+0	1,751103E+6	12,000000E+0
1068	885,000000E+0	16,140000E+0	30,915000E+0	1,751270E+6	12,000000E+0
1069	885,000000E+0	16,140000E+0	30,915000E+0	1,751436E+6	12,000000E+0
1070	885,000000E+0	16,140000E+0	30,686000E+0	1,751605E+6	12,000000E+0
1071	885,000000E+0	16,140000E+0	30,457000E+0	1,751773E+6	12,000000E+0
1072	885,000000E+0	16,140000E+0	29,999000E+0	1,751938E+6	12,000000E+0
1073	885,000000E+0	16,140000E+0	29,999000E+0	1,752106E+6	12,000000E+0
1074	885,000000E+0	16,140000E+0	30,228000E+0	1,752275E+6	12,000000E+0
1075	885,000000E+0	16,140000E+0	30,228000E+0	1,752440E+6	12,000000E+0
1076	885,000000E+0	16,140000E+0	30,457000E+0	1,752609E+6	12,000000E+0
1077	885,000000E+0	16,140000E+0	30,457000E+0	1,752777E+6	12,000000E+0
1078	885,000000E+0	16,140000E+0	30,686000E+0	1,752943E+6	12,000000E+0
1079	885,000000E+0	16,140000E+0	30,686000E+0	1,753110E+6	12,000000E+0
1080	885,000000E+0	16,140000E+0	30,686000E+0	1,753276E+6	12,000000E+0
1081	885,000000E+0	16,140000E+0	30,686000E+0	1,753442E+6	12,000000E+0
1082	885,000000E+0	16,140000E+0	30,457000E+0	1,753609E+6	12,000000E+0
1083	885,000000E+0	16,140000E+0	30,457000E+0	1,753776E+6	12,000000E+0
1084	885,000000E+0	16,140000E+0	30,228000E+0	1,753942E+6	12,000000E+0
1085	885,000000E+0	16,140000E+0	29,999000E+0	1,754109E+6	12,000000E+0
1086	885,000000E+0	16,140000E+0	30,228000E+0	1,754277E+6	12,000000E+0
1087	885,000000E+0	16,140000E+0	30,228000E+0	1,754443E+6	12,000000E+0
1088	885,000000E+0	16,140000E+0	30,457000E+0	1,754611E+6	12,000000E+0
1089	885,000000E+0	16,140000E+0	30,686000E+0	1,754778E+6	12,000000E+0
1090	885,000000E+0	16,140000E+0	30,915000E+0	1,754945E+6	12,000000E+0
1091	885,000000E+0	16,140000E+0	31,144000E+0	1,755114E+6	12,000000E+0
1092	885,000000E+0	16,140000E+0	31,144000E+0	1,755281E+6	12,000000E+0
1093	885,000000E+0	16,140000E+0	30,915000E+0	1,755448E+6	12,000000E+0
1094	885,000000E+0	16,140000E+0	30,686000E+0	1,755616E+6	12,000000E+0
1095	885,000000E+0	16,140000E+0	30,686000E+0	1,755783E+6	12,000000E+0
1096	885,000000E+0	16,140000E+0	30,228000E+0	1,755953E+6	12,000000E+0
1097	885,000000E+0	16,140000E+0	29,999000E+0	1,756117E+6	12,000000E+0
1098	885,000000E+0	16,140000E+0	30,228000E+0	1,756285E+6	12,000000E+0
1099	885,000000E+0	16,140000E+0	30,228000E+0	1,756453E+6	12,000000E+0
1100	885,000000E+0	16,140000E+0	30,228000E+0	1,756620E+6	12,000000E+0
1101	885,000000E+0	16,140000E+0	30,457000E+0	1,756788E+6	12,000000E+0
1102	885,000000E+0	16,140000E+0	30,686000E+0	1,756955E+6	12,000000E+0
1103	885,000000E+0	16,140000E+0	30,686000E+0	1,757123E+6	12,000000E+0
1104	885,000000E+0	16,140000E+0	30,915000E+0	1,757286E+6	12,000000E+0
1105	885,000000E+0	16,140000E+0	30,686000E+0	1,757454E+6	12,000000E+0
1106	885,000000E+0	16,140000E+0	30,457000E+0	1,757619E+6	12,000000E+0
1107	885,000000E+0	16,140000E+0	30,228000E+0	1,757786E+6	12,000000E+0
1108	885,000000E+0	16,140000E+0	30,228000E+0	1,757952E+6	12,000000E+0
1109	885,000000E+0	16,140000E+0	30,228000E+0	1,758120E+6	12,000000E+0
1110	885,000000E+0	16,140000E+0	29,999000E+0	1,758287E+6	12,000000E+0
1111	885,000000E+0	16,140000E+0	30,228000E+0	1,758455E+6	12,000000E+0
1112	885,000000E+0	16,140000E+0	30,228000E+0	1,758622E+6	12,000000E+0
1113	885,000000E+0	16,140000E+0	30,457000E+0	1,758788E+6	12,000000E+0
1114	885,000000E+0	16,140000E+0	30,915000E+0	1,758956E+6	12,000000E+0
1115	885,000000E+0	16,140000E+0	30,915000E+0	1,759125E+6	12,000000E+0
1116	885,000000E+0	16,140000E+0	31,144000E+0	1,759292E+6	12,000000E+0
1117	885,000000E+0	16,140000E+0	31,144000E+0	1,759460E+6	12,000000E+0
1118	885,000000E+0	16,140000E+0	30,915000E+0	1,759626E+6	12,000000E+0
1119	885,000000E+0	16,140000E+0	30,686000E+0	1,759794E+6	12,000000E+0
1120	885,000000E+0	16,140000E+0	30,457000E+0	1,759962E+6	12,000000E+0
1121	885,000000E+0	16,140000E+0	30,228000E+0	1,760127E+6	12,000000E+0
1122	885,000000E+0	16,140000E+0	29,999000E+0	1,760295E+6	12,000000E+0
1123	885,000000E+0	16,140000E+0	30,228000E+0	1,760463E+6	12,000000E+0
1124	885,000000E+0	16,140000E+0	30,228000E+0	1,760629E+6	12,000000E+0
1125	885,000000E+0	16,140000E+0	30,457000E+0	1,760798E+6	12,000000E+0
1126	885,000000E+0	16,140000E+0	30,457000E+0	1,760965E+6	12,000000E+0
1127	885,000000E+0	16,140000E+0	30,686000E+0	1,761133E+6	12,000000E+0
1128	885,000000E+0	16,140000E+0	30,686000E+0	1,761300E+6	12,000000E+0
1129	885,000000E+0	16,140000E+0	30,686000E+0	1,761465E+6	12,000000E+0
1130	885,000000E+0	16,140000E+0	30,686000E+0	1,761632E+6	12,000000E+0
1131	885,000000E+0	16,140000E+0	30,457000E+0	1,761799E+6	12,000000E+0
1132	885,000000E+0	16,140000E+0	30,228000E+0	1,761965E+6	12,000000E+0
1133	885,000000E+0	16,140000E+0	30,228000E+0	1,762131E+6	12,000000E+0
1134	885,000000E+0	16,140000E+0	29,999000E+0	1,762298E+6	12,000000E+0
1135	885,000000E+0	16,140000E+0	30,228000E+0	1,762466E+6	12,000000E+0
1136	885,000000E+0	16,140000E+0	30,228000E+0	1,762632E+6	12,000000E+0
1137	885,000000E+0	16,140000E+0	30,457000E+0	1,762800E+6	12,000000E+0
1138	885,000000E+0	16,140000E+0	30,686000E+0	1,762967E+6	12,000000E+0
1139	885,000000E+0	16,140000E+0	30,915000E+0	1,763136E+6	12,000000E+0
1140	885,000000E+0	16,140000E+0	31,144000E+0	1,763304E+6	12,000000E+0
1141	885,000000E+0	16,140000E+0	31,144000E+0	1,763471E+6	12,000000E+0
1142	885,000000E+0	16,140000E+0	31,144000E+0	1,763638E+6	12,000000E+0
1143	885,000000E+0	16,140000E+0	30,686000E+0	1,763806E+6	12,000000E+0
1144	885,000000E+0	13,450000E+0	30,457000E+0	1,763972E+6	12,000000E+0
1145	885,000000E+0	13,450000E+0	30,228000E+0	1,764141E+6	12,000000E+0
1146	885,000000E+0	13,450000E+0	29,999000E+0	1,764306E+6	12,000000E+0
1147	885,000000E+0	16,140000E+0	30,228000E+0	1,764475E+6	12,000000E+0
1148	885,000000E+0	16,140000E+0	30,228000E+0	1,764644E+6	12,000000E+0
1149	885,000000E+0	16,140000E+0	30,228000E+0	1,764811E+6	12,000000E+0
1150	885,000000E+0	16,140000E+0	30,457000E+0	1,764979E+6	12,000000E+0
1151	885,000000E+0	16,140000E+0	30,457000E+0	1,765146E+6	12,000000E+0
1152	885,000000E+0	16,140000E+0	30,686000E+0	1,765314E+6	12,000000E+0
1153	885,000000E+0	16,140000E+0	30,686000E+0	1,765478E+6	12,000000E+0
1154	885,000000E+0	16,140000E+0	30,686000E+0	1,765645E+6	12,000000E+0
1155	885,000000E+0	16,140000E+0	30,686000E+0	1,765809E+6	12,000000E+0
1156	885,000000E+0	16,140000E+0	30,228000E+0	1,765977E+6	12,000000E+0
1157	885,000000E+0	16,140000E+0	30,228000E+0	1,766143E+6	12,000000E+0
1158	885,000000E+0	16,140000E+0	29,999000E+0	1,766309E+6	12,000000E+0
1159	885,000000E+0	16,140000E+0	29,999000E+0	1,766476E+6	12,000000E+0
1160	885,000000E+0	16,140000E+0	30,228000E+0	1,766644E+6	12,000000E+0
1161	885,000000E+0	16,140000E+0	30,228000E+0	1,766814E+6	12,000000E+0
1162	885,000000E+0	16,140000E+0	30,457000E+0	1,766981E+6	12,000000E+0
1163	885,000000E+0	16,140000E+0	30,686000E+0	1,767147E+6	12,000000E+0
1164	885,000000E+0	16,140000E+0	30,915000E+0	1,767316E+6	12,000000E+0
1165	885,000000E+0	16,140000E+0	31,144000E+0	1,767484E+6	12,000000E+0
1166	885,000000E+0	16,140000E+0	31,144000E+0	1,767651E+6	12,000000E+0
1167	885,000000E+0	16,140000E+0	30,915000E+0	1,767817E+6	12,000000E+0
1168	885,000000E+0	16,140000E+0	30,686000E+0	1,767984E+6	12,000000E+0
1169	885,000000E+0	16,140000E+0	30,228000E+0	1,768151E+6	12,000000E+0
1170	885,000000E+0	16,140000E+0	30,228000E+0	1,768317E+6	12,000000E+0
1171	885,000000E+0	16,140000E+0	30,228000E+0	1,768487E+6	12,000000E+0
1172	885,000000E+0	16,140000E+0	30,228000E+0	1,768654E+6	12,000000E+0
1173	885,000000E+0	16,140000E+0	30,228000E+0	1,768822E+6	12,000000E+0
1174	885,000000E+0	16,140000E+0	30,228000E+0	1,768988E+6	12,000000E+0
1175	885,000000E+0	16,140000E+0	30,457000E+0	1,769156E+6	12,000000E+0
1176	885,000000E+0	16,140000E+0	30,686000E+0	1,769323E+6	12,000000E+0
1177	885,000000E+0	16,140000E+0	30,686000E+0	1,769489E+6	12,000000E+0
1178	885,000000E+0	16,140000E+0	30,686000E+0	1,769656E+6	12,000000E+0
1179	885,000000E+0	16,140000E+0	30,686000E+0	1,769823E+6	12,000000E+0
1180	885,000000E+0	16,140000E+0	30,457000E+0	1,769989E+6	12,000000E+0
1181	885,000000E+0	16,140000E+0	30,457000E+0	1,770157E+6	12,000000E+0
1182	885,000000E+0	16,140000E+0	29,999000E+0	1,770322E+6	12,000000E+0
1183	885,000000E+0	16,140000E+0	29,999000E+0	1,770489E+6	12,000000E+0
1184	885,000000E+0	16,140000E+0	30,228000E+0	1,770658E+6	12,000000E+0
1185	885,000000E+0	16,140000E+0	30,228000E+0	1,770826E+6	12,000000E+0
1186	885,000000E+0	16,140000E+0	30,457000E+0	1,770992E+6	12,000000E+0
1187	885,000000E+0	16,140000E+0	30,686000E+0	1,771160E+6	12,000000E+0
1188	885,000000E+0	16,140000E+0	30,915000E+0	1,771328E+6	12,000000E+0
1189	885,000000E+0	16,140000E+0	30,915000E+0	1,771495E+6	12,000000E+0
1190	885,000000E+0	16,140000E+0	31,144000E+0	1,771662E+6	12,000000E+0
1191	885,000000E+0	16,140000E+0	31,144000E+0	1,771831E+6	12,000000E+0
1192	885,000000E+0	16,140000E+0	30,915000E+0	1,771997E+6	12,000000E+0
1193	885,000000E+0	16,140000E+0	30,457000E+0	1,772164E+6	12,000000E+0
1194	885,000000E+0	16,140000E+0	30,228000E+0	1,772332E+6	12,000000E+0
1195	885,000000E+0	16,140000E+0	29,999000E+0	1,772499E+6	12,000000E+0
1196	885,000000E+0	16,140000E+0	30,228000E+0	1,772666E+6	12,000000E+0
1197	885,000000E+0	16,140000E+0	30,228000E+0	1,772835E+6	12,000000E+0
1198	885,000000E+0	16,140000E+0	30,228000E+0	1,773001E+6	12,000000E+0
1199	885,000000E+0	16,140000E+0	30,457000E+0	1,773169E+6	12,000000E+0
1200	885,000000E+0	16,140000E+0	30,686000E+0	1,773338E+6	12,000000E+0
1201	885,000000E+0	16,140000E+0	30,686000E+0	1,773503E+6	12,000000E+0
1202	885,000000E+0	16,140000E+0	30,686000E+0	1,773667E+6	12,000000E+0
1203	885,000000E+0	16,140000E+0	30,686000E+0	1,773836E+6	12,000000E+0
1204	885,000000E+0	16,140000E+0	30,686000E+0	1,774001E+6	12,000000E+0
1205	885,000000E+0	16,140000E+0	30,228000E+0	1,774168E+6	12,000000E+0
1206	885,000000E+0	16,140000E+0	30,228000E+0	1,774335E+6	12,000000E+0
1207	885,000000E+0	16,140000E+0	30,228000E+0	1,774502E+6	12,000000E+0
1208	885,000000E+0	16,140000E+0	29,999000E+0	1,774668E+6	12,000000E+0
1209	885,000000E+0	16,140000E+0	30,228000E+0	1,774836E+6	12,000000E+0
1210	885,000000E+0	16,140000E+0	30,228000E+0	1,775003E+6	12,000000E+0
1211	885,000000E+0	16,140000E+0	30,457000E+0	1,775170E+6	12,000000E+0
1212	885,000000E+0	16,140000E+0	30,686000E+0	1,775337E+6	12,000000E+0
1213	885,000000E+0	16,140000E+0	31,144000E+0	1,775505E+6	12,000000E+0
1214	885,000000E+0	16,140000E+0	31,144000E+0	1,775673E+6	12,000000E+0
1215	885,000000E+0	16,140000E+0	30,915000E+0	1,775840E+6	12,000000E+0
1216	885,000000E+0	16,140000E+0	30,915000E+0	1,776006E+6	12,000000E+0
1217	885,000000E+0	16,140000E+0	30,686000E+0	1,776175E+6	12,000000E+0
1218	885,000000E+0	16,140000E+0	30,228000E+0	1,776341E+6	12,000000E+0
1219	885,000000E+0	16,140000E+0	30,228000E+0	1,776508E+6	12,000000E+0
1220	885,000000E+0	16,140000E+0	29,999000E+0	1,776676E+6	12,000000E+0
1221	885,000000E+0	16,140000E+0	30,228000E+0	1,776844E+6	12,000000E+0
1222	885,000000E+0	16,140000E+0	30,228000E+0	1,777011E+6	12,000000E+0
1223	885,000000E+0	16,140000E+0	30,228000E+0	1,777179E+6	12,000000E+0
1224	885,000000E+0	16,140000E+0	30,457000E+0	1,777347E+6	12,000000E+0
1225	885,000000E+0	16,140000E+0	30,686000E+0	1,777514E+6	12,000000E+0
1226	885,000000E+0	16,140000E+0	30,686000E+0	1,777681E+6	12,000000E+0
1227	885,000000E+0	16,140000E+0	30,686000E+0	1,777848E+6	12,000000E+0
1228	885,000000E+0	16,140000E+0	30,457000E+0	1,778014E+6	12,000000E+0
1229	885,000000E+0	16,140000E+0	30,457000E+0	1,778180E+6	12,000000E+0
1230	885,000000E+0	16,140000E+0	30,457000E+0	1,778348E+6	12,000000E+0
1231	885,000000E+0	16,140000E+0	30,228000E+0	1,778514E+6	12,000000E+0
1232	885,000000E+0	16,140000E+0	30,228000E+0	1,778682E+6	12,000000E+0
1233	885,000000E+0	13,450000E+0	30,228000E+0	1,778849E+6	12,000000E+0
1234	885,000000E+0	13,450000E+0	30,228000E+0	1,779015E+6	12,000000E+0
1235	885,000000E+0	16,140000E+0	30,457000E+0	1,779184E+6	12,000000E+0
1236	885,000000E+0	16,140000E+0	30,686000E+0	1,779351E+6	12,000000E+0
1237	885,000000E+0	16,140000E+0	30,915000E+0	1,779519E+6	12,000000E+0
1238	885,000000E+0	16,140000E+0	31,144000E+0	1,779687E+6	12,000000E+0
1239	885,000000E+0	16,140000E+0	31,144000E+0	1,779854E+6	12,000000E+0
1240	885,000000E+0	16,140000E+0	30,915000E+0	1,780022E+6	12,000000E+0
1241	885,000000E+0	16,140000E+0	30,686000E+0	1,780188E+6	12,000000E+0
1242	885,000000E+0	16,140000E+0	30,686000E+0	1,780358E+6	12,000000E+0
1243	885,000000E+0	16,140000E+0	30,228000E+0	1,780524E+6	12,000000E+0
1244	885,000000E+0	16,140000E+0	29,999000E+0	1,780690E+6	12,000000E+0
1245	885,000000E+0	16,140000E+0	30,228000E+0	1,780857E+6	12,000000E+0
1246	885,000000E+0	16,140000E+0	30,228000E+0	1,781026E+6	12,000000E+0
1247	885,000000E+0	16,140000E+0	30,228000E+0	1,781192E+6	12,000000E+0
1248	885,000000E+0	16,140000E+0	30,457000E+0	1,781360E+6	12,000000E+0
1249	885,000000E+0	16,140000E+0	30,686000E+0	1,781528E+6	12,000000E+0
1250	885,000000E+0	16,140000E+0	30,686000E+0	1,781696E+6	12,000000E+0
1251	657,000000E+0	10,760000E+0	30,686000E+0	1,781858E+6	12,000000E+0
