samedi 20 janvier 2024	15:14:35	Sampling Period : 20  ms		
Unities: time [sample], PWM [raw], Current [mA], velocity [rev/min], Position [pulse], Present Input Voltage [V]

t	DXL_PWM		DXL_Current		DXL_Velocity		DXL_Position		DXL_Input_Voltage
0	1,000000E+0	0,000000E+0	0,000000E+0	368,298000E+3	12,000000E+0
1	28,000000E+0	5,380000E+0	0,000000E+0	368,299000E+3	12,000000E+0
2	90,000000E+0	5,380000E+0	1,374000E+0	368,307000E+3	12,000000E+0
3	111,000000E+0	5,380000E+0	2,977000E+0	368,325000E+3	12,000000E+0
4	129,000000E+0	5,380000E+0	3,893000E+0	368,347000E+3	12,000000E+0
5	152,000000E+0	8,070000E+0	4,809000E+0	368,374000E+3	12,000000E+0
6	166,000000E+0	5,380000E+0	5,496000E+0	368,405000E+3	12,000000E+0
7	165,000000E+0	2,690000E+0	5,725000E+0	368,436000E+3	12,000000E+0
8	177,000000E+0	5,380000E+0	5,954000E+0	368,469000E+3	12,000000E+0
9	176,000000E+0	5,380000E+0	6,183000E+0	368,504000E+3	12,000000E+0
10	186,000000E+0	2,690000E+0	6,183000E+0	368,538000E+3	12,000000E+0
11	186,000000E+0	2,690000E+0	6,183000E+0	368,573000E+3	12,000000E+0
12	186,000000E+0	2,690000E+0	6,183000E+0	368,607000E+3	12,000000E+0
13	193,000000E+0	2,690000E+0	6,183000E+0	368,642000E+3	12,000000E+0
14	186,000000E+0	2,690000E+0	6,412000E+0	368,675000E+3	12,000000E+0
15	182,000000E+0	5,380000E+0	6,183000E+0	368,709000E+3	12,000000E+0
16	179,000000E+0	5,380000E+0	6,412000E+0	368,744000E+3	12,000000E+0
17	192,000000E+0	2,690000E+0	6,412000E+0	368,780000E+3	12,000000E+0
18	199,000000E+0	2,690000E+0	6,412000E+0	368,817000E+3	12,000000E+0
19	190,000000E+0	2,690000E+0	6,641000E+0	368,853000E+3	12,000000E+0
20	187,000000E+0	5,380000E+0	6,412000E+0	368,887000E+3	12,000000E+0
21	191,000000E+0	2,690000E+0	6,412000E+0	368,923000E+3	12,000000E+0
22	180,000000E+0	2,690000E+0	6,412000E+0	368,959000E+3	12,000000E+0
23	182,000000E+0	2,690000E+0	6,412000E+0	368,993000E+3	12,000000E+0
24	190,000000E+0	5,380000E+0	6,412000E+0	369,029000E+3	12,000000E+0
25	183,000000E+0	5,380000E+0	6,183000E+0	369,062000E+3	12,000000E+0
26	191,000000E+0	2,690000E+0	6,183000E+0	369,098000E+3	12,000000E+0
27	178,000000E+0	2,690000E+0	6,183000E+0	369,134000E+3	12,000000E+0
28	188,000000E+0	2,690000E+0	6,183000E+0	369,168000E+3	12,000000E+0
29	192,000000E+0	5,380000E+0	6,412000E+0	369,203000E+3	12,000000E+0
30	194,000000E+0	2,690000E+0	6,412000E+0	369,238000E+3	12,000000E+0
31	196,000000E+0	2,690000E+0	6,412000E+0	369,275000E+3	12,000000E+0
32	199,000000E+0	5,380000E+0	6,412000E+0	369,311000E+3	12,000000E+0
33	198,000000E+0	2,690000E+0	6,412000E+0	369,345000E+3	12,000000E+0
34	189,000000E+0	5,380000E+0	6,412000E+0	369,381000E+3	12,000000E+0
35	201,000000E+0	5,380000E+0	6,412000E+0	369,417000E+3	12,000000E+0
36	190,000000E+0	2,690000E+0	6,412000E+0	369,453000E+3	12,000000E+0
37	187,000000E+0	2,690000E+0	6,412000E+0	369,490000E+3	12,000000E+0
38	187,000000E+0	2,690000E+0	6,412000E+0	369,525000E+3	12,000000E+0
39	182,000000E+0	5,380000E+0	6,412000E+0	369,562000E+3	12,000000E+0
40	195,000000E+0	8,070000E+0	6,412000E+0	369,599000E+3	12,000000E+0
41	199,000000E+0	2,690000E+0	6,412000E+0	369,633000E+3	12,000000E+0
42	190,000000E+0	2,690000E+0	6,412000E+0	369,669000E+3	12,000000E+0
43	187,000000E+0	5,380000E+0	6,412000E+0	369,705000E+3	12,000000E+0
44	200,000000E+0	2,690000E+0	6,412000E+0	369,742000E+3	12,000000E+0
45	202,000000E+0	2,690000E+0	6,412000E+0	369,779000E+3	12,000000E+0
46	197,000000E+0	2,690000E+0	6,412000E+0	369,815000E+3	12,000000E+0
47	197,000000E+0	2,690000E+0	6,412000E+0	369,851000E+3	12,000000E+0
48	188,000000E+0	5,380000E+0	6,412000E+0	369,889000E+3	12,000000E+0
49	191,000000E+0	5,380000E+0	6,412000E+0	369,925000E+3	12,000000E+0
50	200,000000E+0	2,690000E+0	6,412000E+0	369,960000E+3	12,000000E+0
51	198,000000E+0	5,380000E+0	6,412000E+0	369,996000E+3	12,000000E+0
52	186,000000E+0	5,380000E+0	6,412000E+0	370,033000E+3	12,000000E+0
53	197,000000E+0	8,070000E+0	6,412000E+0	370,069000E+3	12,000000E+0
54	181,000000E+0	2,690000E+0	6,641000E+0	370,106000E+3	12,000000E+0
55	192,000000E+0	5,380000E+0	6,412000E+0	370,141000E+3	12,000000E+0
56	181,000000E+0	2,690000E+0	6,412000E+0	370,177000E+3	12,000000E+0
57	194,000000E+0	8,070000E+0	6,412000E+0	370,212000E+3	12,000000E+0
58	203,000000E+0	5,380000E+0	6,641000E+0	370,249000E+3	12,000000E+0
59	202,000000E+0	5,380000E+0	6,641000E+0	370,286000E+3	12,000000E+0
60	200,000000E+0	5,380000E+0	6,641000E+0	370,323000E+3	12,000000E+0
61	197,000000E+0	2,690000E+0	6,641000E+0	370,361000E+3	12,000000E+0
62	188,000000E+0	2,690000E+0	6,641000E+0	370,397000E+3	12,000000E+0
63	203,000000E+0	2,690000E+0	6,641000E+0	370,433000E+3	12,000000E+0
64	193,000000E+0	5,380000E+0	6,870000E+0	370,470000E+3	12,000000E+0
65	196,000000E+0	2,690000E+0	6,641000E+0	370,508000E+3	12,000000E+0
66	203,000000E+0	8,070000E+0	6,870000E+0	370,546000E+3	12,000000E+0
67	195,000000E+0	2,690000E+0	6,870000E+0	370,583000E+3	12,000000E+0
68	204,000000E+0	5,380000E+0	6,870000E+0	370,620000E+3	12,000000E+0
69	196,000000E+0	2,690000E+0	6,870000E+0	370,657000E+3	12,000000E+0
70	194,000000E+0	5,380000E+0	6,641000E+0	370,694000E+3	12,000000E+0
71	192,000000E+0	2,690000E+0	6,870000E+0	370,730000E+3	12,000000E+0
72	192,000000E+0	5,380000E+0	6,870000E+0	370,768000E+3	12,000000E+0
73	189,000000E+0	5,380000E+0	6,870000E+0	370,805000E+3	12,000000E+0
74	196,000000E+0	2,690000E+0	6,870000E+0	370,842000E+3	12,000000E+0
75	202,000000E+0	5,380000E+0	6,641000E+0	370,880000E+3	12,000000E+0
76	190,000000E+0	5,380000E+0	6,870000E+0	370,916000E+3	12,000000E+0
77	206,000000E+0	2,690000E+0	6,641000E+0	370,954000E+3	12,000000E+0
78	206,000000E+0	2,690000E+0	6,870000E+0	370,991000E+3	12,000000E+0
79	192,000000E+0	5,380000E+0	6,641000E+0	371,026000E+3	12,000000E+0
80	201,000000E+0	2,690000E+0	6,870000E+0	371,064000E+3	12,000000E+0
81	188,000000E+0	2,690000E+0	6,641000E+0	371,102000E+3	12,000000E+0
82	202,000000E+0	2,690000E+0	6,641000E+0	371,138000E+3	12,000000E+0
83	194,000000E+0	5,380000E+0	6,870000E+0	371,175000E+3	12,000000E+0
84	195,000000E+0	8,070000E+0	6,641000E+0	371,213000E+3	12,000000E+0
85	194,000000E+0	2,690000E+0	6,870000E+0	371,252000E+3	12,000000E+0
86	191,000000E+0	8,070000E+0	6,641000E+0	371,290000E+3	12,000000E+0
87	194,000000E+0	5,380000E+0	6,870000E+0	371,328000E+3	12,000000E+0
88	207,000000E+0	2,690000E+0	6,870000E+0	371,365000E+3	12,000000E+0
89	199,000000E+0	2,690000E+0	6,641000E+0	371,403000E+3	12,000000E+0
90	188,000000E+0	5,380000E+0	6,641000E+0	371,442000E+3	12,000000E+0
91	200,000000E+0	5,380000E+0	6,641000E+0	371,479000E+3	12,000000E+0
92	200,000000E+0	2,690000E+0	6,641000E+0	371,516000E+3	12,000000E+0
93	202,000000E+0	2,690000E+0	6,412000E+0	371,552000E+3	12,000000E+0
94	203,000000E+0	5,380000E+0	6,412000E+0	371,588000E+3	12,000000E+0
95	187,000000E+0	5,380000E+0	6,641000E+0	371,626000E+3	12,000000E+0
96	189,000000E+0	5,380000E+0	6,412000E+0	371,661000E+3	12,000000E+0
97	198,000000E+0	2,690000E+0	6,641000E+0	371,700000E+3	12,000000E+0
98	202,000000E+0	8,070000E+0	6,412000E+0	371,736000E+3	12,000000E+0
99	202,000000E+0	2,690000E+0	6,641000E+0	371,774000E+3	12,000000E+0
100	192,000000E+0	2,690000E+0	6,641000E+0	371,810000E+3	12,000000E+0
101	201,000000E+0	5,380000E+0	6,641000E+0	371,849000E+3	12,000000E+0
102	210,000000E+0	5,380000E+0	6,870000E+0	371,889000E+3	12,000000E+0
103	208,000000E+0	2,690000E+0	6,641000E+0	371,925000E+3	12,000000E+0
104	208,000000E+0	8,070000E+0	6,870000E+0	371,964000E+3	12,000000E+0
105	206,000000E+0	2,690000E+0	6,641000E+0	372,002000E+3	12,000000E+0
106	197,000000E+0	2,690000E+0	6,870000E+0	372,039000E+3	12,000000E+0
107	192,000000E+0	5,380000E+0	6,641000E+0	372,076000E+3	12,000000E+0
108	194,000000E+0	8,070000E+0	6,641000E+0	372,114000E+3	12,000000E+0
109	206,000000E+0	5,380000E+0	6,870000E+0	372,153000E+3	12,000000E+0
110	203,000000E+0	2,690000E+0	6,641000E+0	372,189000E+3	12,000000E+0
111	195,000000E+0	2,690000E+0	6,870000E+0	372,229000E+3	12,000000E+0
112	199,000000E+0	5,380000E+0	6,641000E+0	372,265000E+3	12,000000E+0
113	211,000000E+0	5,380000E+0	6,870000E+0	372,303000E+3	12,000000E+0
114	207,000000E+0	2,690000E+0	6,870000E+0	372,341000E+3	12,000000E+0
115	202,000000E+0	2,690000E+0	6,641000E+0	372,379000E+3	12,000000E+0
116	202,000000E+0	2,690000E+0	6,870000E+0	372,417000E+3	12,000000E+0
117	201,000000E+0	2,690000E+0	6,870000E+0	372,455000E+3	12,000000E+0
118	203,000000E+0	2,690000E+0	6,870000E+0	372,493000E+3	12,000000E+0
119	196,000000E+0	2,690000E+0	6,870000E+0	372,531000E+3	12,000000E+0
120	195,000000E+0	2,690000E+0	6,870000E+0	372,569000E+3	12,000000E+0
121	192,000000E+0	2,690000E+0	6,870000E+0	372,607000E+3	12,000000E+0
122	191,000000E+0	5,380000E+0	6,870000E+0	372,645000E+3	12,000000E+0
123	204,000000E+0	8,070000E+0	6,870000E+0	372,683000E+3	12,000000E+0
124	196,000000E+0	2,690000E+0	6,870000E+0	372,721000E+3	12,000000E+0
125	203,000000E+0	8,070000E+0	6,870000E+0	372,758000E+3	12,000000E+0
126	208,000000E+0	8,070000E+0	6,870000E+0	372,794000E+3	12,000000E+0
127	203,000000E+0	2,690000E+0	6,870000E+0	372,832000E+3	12,000000E+0
128	191,000000E+0	2,690000E+0	6,870000E+0	372,868000E+3	12,000000E+0
129	202,000000E+0	2,690000E+0	6,641000E+0	372,907000E+3	12,000000E+0
130	199,000000E+0	5,380000E+0	6,870000E+0	372,944000E+3	12,000000E+0
131	201,000000E+0	2,690000E+0	6,641000E+0	372,980000E+3	12,000000E+0
132	196,000000E+0	5,380000E+0	6,641000E+0	373,017000E+3	12,000000E+0
133	194,000000E+0	2,690000E+0	6,641000E+0	373,054000E+3	12,000000E+0
134	195,000000E+0	8,070000E+0	6,641000E+0	373,091000E+3	12,000000E+0
135	193,000000E+0	5,380000E+0	6,870000E+0	373,129000E+3	12,000000E+0
136	201,000000E+0	5,380000E+0	6,870000E+0	373,165000E+3	12,000000E+0
137	205,000000E+0	5,380000E+0	6,870000E+0	373,204000E+3	12,000000E+0
138	191,000000E+0	5,380000E+0	6,412000E+0	373,241000E+3	12,000000E+0
139	187,000000E+0	2,690000E+0	6,412000E+0	373,276000E+3	12,000000E+0
140	186,000000E+0	5,380000E+0	6,412000E+0	373,312000E+3	12,000000E+0
141	192,000000E+0	2,690000E+0	6,183000E+0	373,347000E+3	12,000000E+0
142	186,000000E+0	2,690000E+0	6,412000E+0	373,383000E+3	12,000000E+0
143	186,000000E+0	2,690000E+0	6,412000E+0	373,419000E+3	12,000000E+0
144	190,000000E+0	5,380000E+0	6,412000E+0	373,455000E+3	12,000000E+0
145	181,000000E+0	2,690000E+0	6,641000E+0	373,491000E+3	12,000000E+0
146	190,000000E+0	5,380000E+0	6,412000E+0	373,527000E+3	12,000000E+0
147	189,000000E+0	2,690000E+0	6,641000E+0	373,564000E+3	12,000000E+0
148	206,000000E+0	5,380000E+0	6,641000E+0	373,600000E+3	12,000000E+0
149	189,000000E+0	2,690000E+0	6,641000E+0	373,637000E+3	12,000000E+0
150	207,000000E+0	5,380000E+0	6,641000E+0	373,675000E+3	12,000000E+0
151	201,000000E+0	2,690000E+0	6,641000E+0	373,713000E+3	12,000000E+0
152	190,000000E+0	5,380000E+0	6,641000E+0	373,750000E+3	12,000000E+0
153	205,000000E+0	5,380000E+0	6,641000E+0	373,787000E+3	12,000000E+0
154	207,000000E+0	5,380000E+0	6,641000E+0	373,826000E+3	12,000000E+0
155	197,000000E+0	2,690000E+0	6,641000E+0	373,864000E+3	12,000000E+0
156	192,000000E+0	5,380000E+0	6,641000E+0	373,901000E+3	12,000000E+0
157	206,000000E+0	5,380000E+0	6,641000E+0	373,938000E+3	12,000000E+0
158	206,000000E+0	2,690000E+0	6,641000E+0	373,975000E+3	12,000000E+0
159	193,000000E+0	5,380000E+0	6,641000E+0	374,014000E+3	12,000000E+0
160	206,000000E+0	5,380000E+0	6,641000E+0	374,051000E+3	12,000000E+0
161	199,000000E+0	2,690000E+0	6,641000E+0	374,087000E+3	12,000000E+0
162	206,000000E+0	5,380000E+0	6,641000E+0	374,126000E+3	12,000000E+0
163	209,000000E+0	5,380000E+0	6,870000E+0	374,165000E+3	12,000000E+0
164	206,000000E+0	2,690000E+0	6,870000E+0	374,202000E+3	12,000000E+0
165	192,000000E+0	5,380000E+0	6,641000E+0	374,239000E+3	12,000000E+0
166	204,000000E+0	5,380000E+0	6,870000E+0	374,278000E+3	12,000000E+0
167	206,000000E+0	2,690000E+0	6,641000E+0	374,314000E+3	12,000000E+0
168	198,000000E+0	5,380000E+0	6,870000E+0	374,352000E+3	12,000000E+0
169	207,000000E+0	5,380000E+0	6,870000E+0	374,389000E+3	12,000000E+0
170	206,000000E+0	2,690000E+0	6,870000E+0	374,428000E+3	12,000000E+0
171	196,000000E+0	2,690000E+0	6,870000E+0	374,466000E+3	12,000000E+0
172	205,000000E+0	8,070000E+0	6,870000E+0	374,503000E+3	12,000000E+0
173	211,000000E+0	5,380000E+0	7,099000E+0	374,540000E+3	12,000000E+0
174	205,000000E+0	5,380000E+0	6,870000E+0	374,579000E+3	12,000000E+0
175	209,000000E+0	5,380000E+0	6,870000E+0	374,617000E+3	12,000000E+0
176	193,000000E+0	2,690000E+0	6,870000E+0	374,655000E+3	12,000000E+0
177	194,000000E+0	2,690000E+0	6,870000E+0	374,692000E+3	12,000000E+0
178	191,000000E+0	5,380000E+0	7,099000E+0	374,731000E+3	12,000000E+0
179	203,000000E+0	5,380000E+0	6,870000E+0	374,768000E+3	12,000000E+0
180	206,000000E+0	8,070000E+0	7,099000E+0	374,807000E+3	12,000000E+0
181	208,000000E+0	8,070000E+0	6,870000E+0	374,845000E+3	12,000000E+0
182	202,000000E+0	8,070000E+0	7,099000E+0	374,883000E+3	12,000000E+0
183	192,000000E+0	5,380000E+0	7,099000E+0	374,920000E+3	12,000000E+0
184	195,000000E+0	2,690000E+0	6,870000E+0	374,959000E+3	12,000000E+0
185	199,000000E+0	2,690000E+0	7,099000E+0	374,998000E+3	12,000000E+0
186	207,000000E+0	2,690000E+0	7,099000E+0	375,036000E+3	12,000000E+0
187	214,000000E+0	5,380000E+0	7,099000E+0	375,074000E+3	12,000000E+0
188	194,000000E+0	5,380000E+0	6,870000E+0	375,113000E+3	12,000000E+0
189	200,000000E+0	5,380000E+0	6,870000E+0	375,151000E+3	12,000000E+0
190	193,000000E+0	2,690000E+0	7,099000E+0	375,189000E+3	12,000000E+0
191	207,000000E+0	2,690000E+0	6,870000E+0	375,227000E+3	12,000000E+0
192	214,000000E+0	5,380000E+0	7,099000E+0	375,266000E+3	12,000000E+0
193	204,000000E+0	8,070000E+0	6,870000E+0	375,304000E+3	12,000000E+0
194	194,000000E+0	5,380000E+0	7,099000E+0	375,344000E+3	12,000000E+0
195	203,000000E+0	2,690000E+0	6,870000E+0	375,382000E+3	12,000000E+0
196	204,000000E+0	2,690000E+0	6,870000E+0	375,421000E+3	12,000000E+0
197	193,000000E+0	2,690000E+0	6,870000E+0	375,461000E+3	12,000000E+0
198	212,000000E+0	5,380000E+0	6,641000E+0	375,506000E+3	12,000000E+0
199	204,000000E+0	2,690000E+0	6,870000E+0	375,554000E+3	12,000000E+0
200	202,000000E+0	2,690000E+0	6,641000E+0	375,601000E+3	12,000000E+0
201	192,000000E+0	2,690000E+0	6,870000E+0	375,639000E+3	12,000000E+0
202	190,000000E+0	5,380000E+0	6,641000E+0	375,676000E+3	12,000000E+0
203	205,000000E+0	8,070000E+0	6,870000E+0	375,715000E+3	12,000000E+0
204	207,000000E+0	5,380000E+0	6,641000E+0	375,751000E+3	12,000000E+0
205	200,000000E+0	2,690000E+0	6,641000E+0	375,789000E+3	12,000000E+0
206	195,000000E+0	2,690000E+0	6,641000E+0	375,828000E+3	12,000000E+0
207	190,000000E+0	5,380000E+0	6,641000E+0	375,866000E+3	12,000000E+0
208	193,000000E+0	2,690000E+0	6,870000E+0	375,905000E+3	12,000000E+0
209	199,000000E+0	2,690000E+0	6,641000E+0	375,941000E+3	12,000000E+0
210	214,000000E+0	5,380000E+0	6,870000E+0	375,982000E+3	12,000000E+0
211	205,000000E+0	5,380000E+0	6,641000E+0	376,020000E+3	12,000000E+0
212	197,000000E+0	8,070000E+0	6,870000E+0	376,058000E+3	12,000000E+0
213	194,000000E+0	8,070000E+0	6,641000E+0	376,095000E+3	12,000000E+0
214	192,000000E+0	8,070000E+0	6,870000E+0	376,135000E+3	12,000000E+0
215	195,000000E+0	5,380000E+0	6,870000E+0	376,172000E+3	12,000000E+0
216	202,000000E+0	2,690000E+0	6,870000E+0	376,210000E+3	12,000000E+0
217	214,000000E+0	2,690000E+0	6,870000E+0	376,250000E+3	12,000000E+0
218	209,000000E+0	5,380000E+0	6,641000E+0	376,287000E+3	12,000000E+0
219	198,000000E+0	8,070000E+0	7,099000E+0	376,327000E+3	12,000000E+0
220	197,000000E+0	8,070000E+0	6,641000E+0	376,364000E+3	12,000000E+0
221	210,000000E+0	8,070000E+0	6,870000E+0	376,403000E+3	12,000000E+0
222	210,000000E+0	5,380000E+0	6,870000E+0	376,441000E+3	12,000000E+0
223	210,000000E+0	8,070000E+0	6,641000E+0	376,479000E+3	12,000000E+0
224	196,000000E+0	2,690000E+0	6,870000E+0	376,516000E+3	12,000000E+0
225	193,000000E+0	2,690000E+0	6,641000E+0	376,553000E+3	12,000000E+0
226	193,000000E+0	2,690000E+0	6,870000E+0	376,593000E+3	12,000000E+0
227	197,000000E+0	2,690000E+0	6,870000E+0	376,629000E+3	12,000000E+0
228	200,000000E+0	2,690000E+0	6,870000E+0	376,668000E+3	12,000000E+0
229	201,000000E+0	2,690000E+0	7,099000E+0	376,707000E+3	12,000000E+0
230	200,000000E+0	2,690000E+0	6,870000E+0	376,744000E+3	12,000000E+0
231	195,000000E+0	2,690000E+0	6,870000E+0	376,783000E+3	12,000000E+0
232	196,000000E+0	2,690000E+0	6,870000E+0	376,821000E+3	12,000000E+0
233	195,000000E+0	2,690000E+0	6,870000E+0	376,859000E+3	12,000000E+0
234	194,000000E+0	2,690000E+0	6,870000E+0	376,895000E+3	12,000000E+0
235	201,000000E+0	2,690000E+0	6,870000E+0	376,933000E+3	12,000000E+0
236	204,000000E+0	2,690000E+0	6,870000E+0	376,971000E+3	12,000000E+0
237	205,000000E+0	2,690000E+0	6,870000E+0	377,011000E+3	12,000000E+0
238	205,000000E+0	2,690000E+0	6,870000E+0	377,049000E+3	12,000000E+0
239	205,000000E+0	2,690000E+0	6,870000E+0	377,086000E+3	12,000000E+0
240	206,000000E+0	2,690000E+0	6,870000E+0	377,124000E+3	12,000000E+0
241	192,000000E+0	2,690000E+0	6,870000E+0	377,162000E+3	12,000000E+0
242	194,000000E+0	2,690000E+0	6,870000E+0	377,199000E+3	12,000000E+0
243	201,000000E+0	8,070000E+0	6,870000E+0	377,236000E+3	12,000000E+0
244	209,000000E+0	2,690000E+0	6,870000E+0	377,273000E+3	12,000000E+0
245	201,000000E+0	2,690000E+0	6,870000E+0	377,311000E+3	12,000000E+0
246	199,000000E+0	8,070000E+0	6,641000E+0	377,348000E+3	12,000000E+0
247	208,000000E+0	5,380000E+0	6,870000E+0	377,386000E+3	12,000000E+0
248	192,000000E+0	2,690000E+0	6,641000E+0	377,423000E+3	12,000000E+0
249	197,000000E+0	2,690000E+0	6,641000E+0	377,461000E+3	12,000000E+0
250	192,000000E+0	5,380000E+0	6,641000E+0	377,497000E+3	12,000000E+0
251	197,000000E+0	2,690000E+0	6,412000E+0	377,534000E+3	12,000000E+0
252	191,000000E+0	5,380000E+0	6,641000E+0	377,570000E+3	12,000000E+0
253	189,000000E+0	2,690000E+0	6,412000E+0	377,606000E+3	12,000000E+0
254	204,000000E+0	2,690000E+0	6,412000E+0	377,643000E+3	12,000000E+0
255	200,000000E+0	2,690000E+0	6,412000E+0	377,680000E+3	12,000000E+0
256	200,000000E+0	8,070000E+0	6,641000E+0	377,716000E+3	12,000000E+0
257	208,000000E+0	5,380000E+0	6,641000E+0	377,755000E+3	12,000000E+0
258	203,000000E+0	2,690000E+0	6,641000E+0	377,793000E+3	12,000000E+0
259	195,000000E+0	2,690000E+0	6,641000E+0	377,830000E+3	12,000000E+0
260	195,000000E+0	2,690000E+0	6,870000E+0	377,868000E+3	12,000000E+0
261	195,000000E+0	2,690000E+0	6,641000E+0	377,906000E+3	12,000000E+0
262	191,000000E+0	2,690000E+0	6,870000E+0	377,944000E+3	12,000000E+0
263	199,000000E+0	5,380000E+0	6,641000E+0	377,982000E+3	12,000000E+0
264	199,000000E+0	5,380000E+0	6,870000E+0	378,020000E+3	12,000000E+0
265	198,000000E+0	5,380000E+0	6,870000E+0	378,058000E+3	12,000000E+0
266	200,000000E+0	2,690000E+0	6,870000E+0	378,097000E+3	12,000000E+0
267	202,000000E+0	2,690000E+0	6,870000E+0	378,135000E+3	12,000000E+0
268	202,000000E+0	2,690000E+0	6,870000E+0	378,173000E+3	12,000000E+0
269	201,000000E+0	2,690000E+0	6,870000E+0	378,211000E+3	12,000000E+0
270	201,000000E+0	2,690000E+0	6,870000E+0	378,249000E+3	12,000000E+0
271	199,000000E+0	2,690000E+0	6,870000E+0	378,287000E+3	12,000000E+0
272	191,000000E+0	5,380000E+0	6,641000E+0	378,324000E+3	12,000000E+0
273	200,000000E+0	8,070000E+0	6,870000E+0	378,363000E+3	12,000000E+0
274	211,000000E+0	2,690000E+0	6,870000E+0	378,400000E+3	12,000000E+0
275	205,000000E+0	2,690000E+0	6,641000E+0	378,437000E+3	12,000000E+0
276	201,000000E+0	2,690000E+0	6,870000E+0	378,475000E+3	12,000000E+0
277	203,000000E+0	5,380000E+0	6,870000E+0	378,513000E+3	12,000000E+0
278	195,000000E+0	8,070000E+0	7,099000E+0	378,552000E+3	12,000000E+0
279	205,000000E+0	2,690000E+0	6,870000E+0	378,590000E+3	12,000000E+0
280	209,000000E+0	2,690000E+0	6,870000E+0	378,627000E+3	12,000000E+0
281	192,000000E+0	2,690000E+0	6,870000E+0	378,665000E+3	12,000000E+0
282	198,000000E+0	8,070000E+0	6,870000E+0	378,703000E+3	12,000000E+0
283	206,000000E+0	5,380000E+0	6,870000E+0	378,740000E+3	12,000000E+0
284	210,000000E+0	5,380000E+0	6,870000E+0	378,779000E+3	12,000000E+0
285	211,000000E+0	5,380000E+0	7,099000E+0	378,817000E+3	12,000000E+0
286	201,000000E+0	2,690000E+0	6,870000E+0	378,855000E+3	12,000000E+0
287	201,000000E+0	2,690000E+0	7,099000E+0	378,893000E+3	12,000000E+0
288	194,000000E+0	2,690000E+0	6,870000E+0	378,931000E+3	12,000000E+0
289	192,000000E+0	2,690000E+0	6,870000E+0	378,968000E+3	12,000000E+0
290	194,000000E+0	2,690000E+0	7,099000E+0	379,006000E+3	12,000000E+0
291	196,000000E+0	2,690000E+0	6,870000E+0	379,044000E+3	12,000000E+0
292	195,000000E+0	2,690000E+0	6,870000E+0	379,083000E+3	12,000000E+0
293	194,000000E+0	5,380000E+0	6,870000E+0	379,120000E+3	12,000000E+0
294	201,000000E+0	2,690000E+0	7,099000E+0	379,160000E+3	12,000000E+0
295	204,000000E+0	2,690000E+0	7,099000E+0	379,197000E+3	12,000000E+0
296	205,000000E+0	2,690000E+0	6,870000E+0	379,234000E+3	12,000000E+0
297	209,000000E+0	2,690000E+0	7,099000E+0	379,273000E+3	12,000000E+0
298	209,000000E+0	2,690000E+0	6,870000E+0	379,310000E+3	12,000000E+0
299	204,000000E+0	2,690000E+0	7,099000E+0	379,349000E+3	12,000000E+0
300	207,000000E+0	2,690000E+0	6,870000E+0	379,386000E+3	12,000000E+0
301	209,000000E+0	2,690000E+0	6,870000E+0	379,426000E+3	12,000000E+0
302	213,000000E+0	2,690000E+0	6,870000E+0	379,464000E+3	12,000000E+0
303	214,000000E+0	2,690000E+0	6,641000E+0	379,503000E+3	12,000000E+0
304	205,000000E+0	8,070000E+0	7,099000E+0	379,542000E+3	12,000000E+0
305	200,000000E+0	8,070000E+0	6,641000E+0	379,578000E+3	12,000000E+0
306	194,000000E+0	8,070000E+0	7,099000E+0	379,619000E+3	12,000000E+0
307	192,000000E+0	5,380000E+0	6,641000E+0	379,656000E+3	12,000000E+0
308	195,000000E+0	5,380000E+0	6,870000E+0	379,695000E+3	12,000000E+0
309	191,000000E+0	5,380000E+0	6,870000E+0	379,732000E+3	12,000000E+0
310	192,000000E+0	5,380000E+0	6,641000E+0	379,769000E+3	12,000000E+0
311	199,000000E+0	5,380000E+0	6,870000E+0	379,807000E+3	12,000000E+0
312	199,000000E+0	5,380000E+0	6,641000E+0	379,845000E+3	12,000000E+0
313	194,000000E+0	5,380000E+0	6,870000E+0	379,885000E+3	12,000000E+0
314	193,000000E+0	2,690000E+0	6,870000E+0	379,923000E+3	12,000000E+0
315	196,000000E+0	2,690000E+0	6,641000E+0	379,961000E+3	12,000000E+0
316	190,000000E+0	5,380000E+0	6,870000E+0	380,000000E+3	12,000000E+0
317	192,000000E+0	5,380000E+0	6,641000E+0	380,036000E+3	12,000000E+0
318	203,000000E+0	2,690000E+0	6,870000E+0	380,076000E+3	12,000000E+0
319	194,000000E+0	2,690000E+0	6,641000E+0	380,114000E+3	12,000000E+0
320	192,000000E+0	2,690000E+0	6,641000E+0	380,152000E+3	12,000000E+0
321	197,000000E+0	2,690000E+0	6,870000E+0	380,189000E+3	12,000000E+0
322	200,000000E+0	2,690000E+0	6,870000E+0	380,229000E+3	12,000000E+0
323	201,000000E+0	2,690000E+0	6,870000E+0	380,266000E+3	12,000000E+0
324	204,000000E+0	2,690000E+0	6,870000E+0	380,304000E+3	12,000000E+0
325	203,000000E+0	5,380000E+0	6,870000E+0	380,344000E+3	12,000000E+0
326	204,000000E+0	8,070000E+0	6,870000E+0	380,381000E+3	12,000000E+0
327	200,000000E+0	5,380000E+0	6,870000E+0	380,421000E+3	12,000000E+0
328	192,000000E+0	5,380000E+0	6,641000E+0	380,458000E+3	12,000000E+0
329	193,000000E+0	2,690000E+0	7,099000E+0	380,497000E+3	12,000000E+0
330	193,000000E+0	2,690000E+0	6,870000E+0	380,534000E+3	12,000000E+0
331	200,000000E+0	2,690000E+0	6,870000E+0	380,573000E+3	12,000000E+0
332	207,000000E+0	2,690000E+0	7,099000E+0	380,612000E+3	12,000000E+0
333	211,000000E+0	5,380000E+0	6,870000E+0	380,650000E+3	12,000000E+0
334	194,000000E+0	5,380000E+0	7,099000E+0	380,689000E+3	12,000000E+0
335	197,000000E+0	2,690000E+0	6,870000E+0	380,727000E+3	12,000000E+0
336	202,000000E+0	2,690000E+0	7,099000E+0	380,766000E+3	12,000000E+0
337	213,000000E+0	5,380000E+0	6,870000E+0	380,804000E+3	12,000000E+0
338	191,000000E+0	8,070000E+0	6,870000E+0	380,842000E+3	12,000000E+0
339	210,000000E+0	5,380000E+0	6,870000E+0	380,880000E+3	12,000000E+0
340	206,000000E+0	2,690000E+0	6,870000E+0	380,918000E+3	12,000000E+0
341	206,000000E+0	2,690000E+0	6,870000E+0	380,956000E+3	12,000000E+0
342	210,000000E+0	2,690000E+0	6,870000E+0	380,993000E+3	12,000000E+0
343	212,000000E+0	5,380000E+0	6,870000E+0	381,030000E+3	12,000000E+0
344	212,000000E+0	5,380000E+0	6,870000E+0	381,069000E+3	12,000000E+0
345	211,000000E+0	5,380000E+0	6,870000E+0	381,107000E+3	12,000000E+0
346	195,000000E+0	8,070000E+0	7,099000E+0	381,146000E+3	12,000000E+0
347	195,000000E+0	8,070000E+0	6,870000E+0	381,183000E+3	12,000000E+0
348	199,000000E+0	2,690000E+0	6,870000E+0	381,222000E+3	12,000000E+0
349	196,000000E+0	2,690000E+0	6,870000E+0	381,260000E+3	12,000000E+0
350	197,000000E+0	2,690000E+0	6,870000E+0	381,297000E+3	12,000000E+0
351	202,000000E+0	2,690000E+0	6,870000E+0	381,336000E+3	12,000000E+0
352	191,000000E+0	8,070000E+0	6,870000E+0	381,372000E+3	12,000000E+0
353	199,000000E+0	5,380000E+0	6,870000E+0	381,411000E+3	12,000000E+0
354	207,000000E+0	2,690000E+0	6,641000E+0	381,447000E+3	12,000000E+0
355	202,000000E+0	2,690000E+0	6,870000E+0	381,486000E+3	12,000000E+0
356	193,000000E+0	2,690000E+0	6,641000E+0	381,523000E+3	12,000000E+0
357	193,000000E+0	8,070000E+0	6,870000E+0	381,562000E+3	12,000000E+0
358	201,000000E+0	5,380000E+0	6,870000E+0	381,599000E+3	12,000000E+0
359	204,000000E+0	2,690000E+0	6,641000E+0	381,636000E+3	12,000000E+0
360	203,000000E+0	2,690000E+0	6,870000E+0	381,674000E+3	12,000000E+0
361	193,000000E+0	5,380000E+0	6,641000E+0	381,710000E+3	12,000000E+0
362	204,000000E+0	5,380000E+0	6,870000E+0	381,749000E+3	12,000000E+0
363	201,000000E+0	2,690000E+0	6,641000E+0	381,786000E+3	12,000000E+0
364	195,000000E+0	5,380000E+0	6,641000E+0	381,823000E+3	12,000000E+0
365	199,000000E+0	2,690000E+0	6,641000E+0	381,861000E+3	12,000000E+0
366	200,000000E+0	2,690000E+0	6,412000E+0	381,897000E+3	12,000000E+0
367	188,000000E+0	8,070000E+0	6,641000E+0	381,935000E+3	12,000000E+0
368	205,000000E+0	5,380000E+0	6,641000E+0	381,971000E+3	12,000000E+0
369	211,000000E+0	2,690000E+0	6,870000E+0	382,010000E+3	12,000000E+0
370	212,000000E+0	5,380000E+0	6,870000E+0	382,049000E+3	12,000000E+0
371	204,000000E+0	2,690000E+0	6,870000E+0	382,086000E+3	12,000000E+0
372	205,000000E+0	2,690000E+0	6,870000E+0	382,125000E+3	12,000000E+0
373	203,000000E+0	2,690000E+0	6,641000E+0	382,162000E+3	12,000000E+0
374	201,000000E+0	2,690000E+0	6,870000E+0	382,201000E+3	12,000000E+0
375	195,000000E+0	5,380000E+0	6,641000E+0	382,237000E+3	12,000000E+0
376	195,000000E+0	5,380000E+0	6,641000E+0	382,276000E+3	12,000000E+0
377	193,000000E+0	5,380000E+0	6,870000E+0	382,314000E+3	12,000000E+0
378	208,000000E+0	8,070000E+0	6,870000E+0	382,352000E+3	12,000000E+0
379	200,000000E+0	2,690000E+0	6,870000E+0	382,391000E+3	12,000000E+0
380	202,000000E+0	2,690000E+0	6,870000E+0	382,429000E+3	12,000000E+0
381	198,000000E+0	2,690000E+0	6,870000E+0	382,467000E+3	12,000000E+0
382	192,000000E+0	2,690000E+0	6,870000E+0	382,504000E+3	12,000000E+0
383	192,000000E+0	2,690000E+0	6,870000E+0	382,542000E+3	12,000000E+0
384	199,000000E+0	8,070000E+0	6,870000E+0	382,580000E+3	12,000000E+0
385	211,000000E+0	5,380000E+0	6,870000E+0	382,618000E+3	12,000000E+0
386	209,000000E+0	5,380000E+0	7,099000E+0	382,658000E+3	12,000000E+0
387	204,000000E+0	2,690000E+0	6,870000E+0	382,694000E+3	12,000000E+0
388	204,000000E+0	2,690000E+0	7,099000E+0	382,732000E+3	12,000000E+0
389	206,000000E+0	8,070000E+0	6,870000E+0	382,771000E+3	12,000000E+0
390	203,000000E+0	8,070000E+0	6,870000E+0	382,810000E+3	12,000000E+0
391	194,000000E+0	2,690000E+0	7,099000E+0	382,848000E+3	12,000000E+0
392	195,000000E+0	2,690000E+0	7,099000E+0	382,886000E+3	12,000000E+0
393	197,000000E+0	2,690000E+0	7,099000E+0	382,925000E+3	12,000000E+0
394	197,000000E+0	2,690000E+0	6,870000E+0	382,963000E+3	12,000000E+0
395	198,000000E+0	2,690000E+0	7,099000E+0	383,002000E+3	12,000000E+0
396	194,000000E+0	5,380000E+0	6,870000E+0	383,039000E+3	12,000000E+0
397	195,000000E+0	5,380000E+0	6,870000E+0	383,077000E+3	12,000000E+0
398	204,000000E+0	2,690000E+0	7,099000E+0	383,115000E+3	12,000000E+0
399	215,000000E+0	2,690000E+0	7,099000E+0	383,154000E+3	12,000000E+0
400	201,000000E+0	2,690000E+0	7,099000E+0	383,194000E+3	12,000000E+0
401	213,000000E+0	2,690000E+0	7,099000E+0	383,233000E+3	12,000000E+0
402	193,000000E+0	5,380000E+0	7,099000E+0	383,271000E+3	12,000000E+0
403	212,000000E+0	2,690000E+0	7,099000E+0	383,309000E+3	12,000000E+0
404	203,000000E+0	2,690000E+0	7,099000E+0	383,348000E+3	12,000000E+0
405	209,000000E+0	2,690000E+0	7,099000E+0	383,386000E+3	12,000000E+0
406	203,000000E+0	2,690000E+0	7,099000E+0	383,426000E+3	12,000000E+0
407	214,000000E+0	5,380000E+0	7,099000E+0	383,464000E+3	12,000000E+0
408	205,000000E+0	2,690000E+0	7,099000E+0	383,503000E+3	12,000000E+0
409	205,000000E+0	2,690000E+0	7,099000E+0	383,543000E+3	12,000000E+0
410	204,000000E+0	5,380000E+0	6,870000E+0	383,581000E+3	12,000000E+0
411	197,000000E+0	5,380000E+0	7,099000E+0	383,620000E+3	12,000000E+0
412	204,000000E+0	2,690000E+0	6,870000E+0	383,659000E+3	12,000000E+0
413	211,000000E+0	2,690000E+0	6,870000E+0	383,697000E+3	12,000000E+0
414	202,000000E+0	5,380000E+0	7,099000E+0	383,737000E+3	12,000000E+0
415	202,000000E+0	2,690000E+0	6,641000E+0	383,775000E+3	12,000000E+0
416	217,000000E+0	2,690000E+0	7,099000E+0	383,814000E+3	12,000000E+0
417	197,000000E+0	2,690000E+0	6,641000E+0	383,851000E+3	12,000000E+0
418	205,000000E+0	2,690000E+0	7,099000E+0	383,890000E+3	12,000000E+0
419	201,000000E+0	2,690000E+0	6,641000E+0	383,928000E+3	12,000000E+0
420	201,000000E+0	2,690000E+0	6,870000E+0	383,967000E+3	12,000000E+0
421	202,000000E+0	2,690000E+0	6,870000E+0	384,005000E+3	12,000000E+0
422	211,000000E+0	2,690000E+0	6,641000E+0	384,044000E+3	12,000000E+0
423	200,000000E+0	2,690000E+0	6,870000E+0	384,083000E+3	12,000000E+0
424	199,000000E+0	2,690000E+0	6,641000E+0	384,119000E+3	12,000000E+0
425	202,000000E+0	2,690000E+0	6,870000E+0	384,159000E+3	12,000000E+0
426	202,000000E+0	2,690000E+0	6,870000E+0	384,197000E+3	12,000000E+0
427	202,000000E+0	2,690000E+0	6,641000E+0	384,234000E+3	12,000000E+0
428	206,000000E+0	2,690000E+0	6,870000E+0	384,273000E+3	12,000000E+0
429	206,000000E+0	2,690000E+0	6,641000E+0	384,311000E+3	12,000000E+0
430	210,000000E+0	2,690000E+0	6,870000E+0	384,349000E+3	12,000000E+0
431	213,000000E+0	5,380000E+0	6,641000E+0	384,386000E+3	12,000000E+0
432	206,000000E+0	8,070000E+0	6,870000E+0	384,426000E+3	12,000000E+0
433	200,000000E+0	2,690000E+0	6,870000E+0	384,466000E+3	12,000000E+0
434	211,000000E+0	2,690000E+0	6,870000E+0	384,504000E+3	12,000000E+0
435	202,000000E+0	8,070000E+0	6,870000E+0	384,541000E+3	12,000000E+0
436	206,000000E+0	2,690000E+0	7,099000E+0	384,581000E+3	12,000000E+0
437	204,000000E+0	8,070000E+0	7,099000E+0	384,620000E+3	12,000000E+0
438	194,000000E+0	5,380000E+0	6,870000E+0	384,658000E+3	12,000000E+0
439	200,000000E+0	2,690000E+0	7,099000E+0	384,697000E+3	12,000000E+0
440	201,000000E+0	2,690000E+0	6,870000E+0	384,734000E+3	12,000000E+0
441	209,000000E+0	2,690000E+0	7,099000E+0	384,774000E+3	12,000000E+0
442	207,000000E+0	2,690000E+0	6,870000E+0	384,810000E+3	12,000000E+0
443	207,000000E+0	2,690000E+0	6,870000E+0	384,849000E+3	12,000000E+0
444	212,000000E+0	5,380000E+0	7,099000E+0	384,888000E+3	12,000000E+0
445	212,000000E+0	8,070000E+0	6,870000E+0	384,926000E+3	12,000000E+0
446	210,000000E+0	8,070000E+0	7,099000E+0	384,965000E+3	12,000000E+0
447	212,000000E+0	2,690000E+0	6,641000E+0	385,002000E+3	12,000000E+0
448	213,000000E+0	2,690000E+0	6,870000E+0	385,040000E+3	12,000000E+0
449	210,000000E+0	5,380000E+0	6,870000E+0	385,077000E+3	12,000000E+0
450	211,000000E+0	2,690000E+0	6,870000E+0	385,114000E+3	12,000000E+0
451	213,000000E+0	5,380000E+0	6,870000E+0	385,152000E+3	12,000000E+0
452	213,000000E+0	2,690000E+0	6,870000E+0	385,191000E+3	12,000000E+0
453	210,000000E+0	5,380000E+0	6,870000E+0	385,230000E+3	12,000000E+0
454	208,000000E+0	8,070000E+0	6,870000E+0	385,267000E+3	12,000000E+0
455	199,000000E+0	5,380000E+0	6,870000E+0	385,306000E+3	12,000000E+0
456	199,000000E+0	2,690000E+0	6,870000E+0	385,344000E+3	12,000000E+0
457	213,000000E+0	5,380000E+0	6,870000E+0	385,382000E+3	12,000000E+0
458	197,000000E+0	2,690000E+0	7,099000E+0	385,421000E+3	12,000000E+0
459	212,000000E+0	2,690000E+0	7,099000E+0	385,459000E+3	12,000000E+0
460	194,000000E+0	5,380000E+0	7,099000E+0	385,498000E+3	12,000000E+0
461	201,000000E+0	2,690000E+0	6,870000E+0	385,536000E+3	12,000000E+0
462	209,000000E+0	2,690000E+0	6,870000E+0	385,575000E+3	12,000000E+0
463	212,000000E+0	8,070000E+0	6,870000E+0	385,613000E+3	12,000000E+0
464	205,000000E+0	8,070000E+0	6,870000E+0	385,652000E+3	12,000000E+0
465	200,000000E+0	5,380000E+0	6,870000E+0	385,690000E+3	12,000000E+0
466	195,000000E+0	5,380000E+0	6,641000E+0	385,727000E+3	12,000000E+0
467	196,000000E+0	2,690000E+0	6,870000E+0	385,766000E+3	12,000000E+0
468	191,000000E+0	5,380000E+0	6,641000E+0	385,803000E+3	12,000000E+0
469	193,000000E+0	5,380000E+0	6,641000E+0	385,841000E+3	12,000000E+0
470	193,000000E+0	5,380000E+0	6,870000E+0	385,879000E+3	12,000000E+0
471	202,000000E+0	2,690000E+0	6,870000E+0	385,917000E+3	12,000000E+0
472	209,000000E+0	2,690000E+0	6,870000E+0	385,956000E+3	12,000000E+0
473	208,000000E+0	2,690000E+0	6,641000E+0	385,994000E+3	12,000000E+0
474	210,000000E+0	2,690000E+0	6,870000E+0	386,032000E+3	12,000000E+0
475	194,000000E+0	2,690000E+0	6,641000E+0	386,068000E+3	12,000000E+0
476	198,000000E+0	8,070000E+0	6,641000E+0	386,108000E+3	12,000000E+0
477	198,000000E+0	5,380000E+0	6,641000E+0	386,146000E+3	12,000000E+0
478	205,000000E+0	2,690000E+0	6,641000E+0	386,183000E+3	12,000000E+0
479	204,000000E+0	2,690000E+0	6,870000E+0	386,221000E+3	12,000000E+0
480	203,000000E+0	2,690000E+0	6,870000E+0	386,258000E+3	12,000000E+0
481	210,000000E+0	2,690000E+0	6,870000E+0	386,298000E+3	12,000000E+0
482	204,000000E+0	2,690000E+0	6,870000E+0	386,336000E+3	12,000000E+0
483	204,000000E+0	2,690000E+0	6,870000E+0	386,374000E+3	12,000000E+0
484	201,000000E+0	2,690000E+0	6,870000E+0	386,412000E+3	12,000000E+0
485	214,000000E+0	2,690000E+0	6,870000E+0	386,450000E+3	12,000000E+0
486	206,000000E+0	5,380000E+0	6,870000E+0	386,488000E+3	12,000000E+0
487	195,000000E+0	2,690000E+0	6,870000E+0	386,527000E+3	12,000000E+0
488	209,000000E+0	2,690000E+0	7,099000E+0	386,566000E+3	12,000000E+0
489	211,000000E+0	8,070000E+0	6,870000E+0	386,604000E+3	12,000000E+0
490	193,000000E+0	5,380000E+0	6,870000E+0	386,642000E+3	12,000000E+0
491	194,000000E+0	2,690000E+0	6,870000E+0	386,681000E+3	12,000000E+0
492	195,000000E+0	2,690000E+0	6,870000E+0	386,719000E+3	12,000000E+0
493	201,000000E+0	2,690000E+0	6,870000E+0	386,758000E+3	12,000000E+0
494	211,000000E+0	2,690000E+0	7,099000E+0	386,796000E+3	12,000000E+0
495	211,000000E+0	8,070000E+0	7,099000E+0	386,834000E+3	12,000000E+0
496	195,000000E+0	5,380000E+0	6,870000E+0	386,873000E+3	12,000000E+0
497	198,000000E+0	2,690000E+0	7,099000E+0	386,912000E+3	12,000000E+0
498	205,000000E+0	2,690000E+0	7,099000E+0	386,950000E+3	12,000000E+0
499	215,000000E+0	5,380000E+0	7,099000E+0	386,988000E+3	12,000000E+0
500	201,000000E+0	2,690000E+0	7,099000E+0	387,028000E+3	12,000000E+0
501	216,000000E+0	5,380000E+0	7,099000E+0	387,067000E+3	12,000000E+0
502	205,000000E+0	2,690000E+0	7,328000E+0	387,106000E+3	12,000000E+0
503	212,000000E+0	8,070000E+0	7,099000E+0	387,145000E+3	12,000000E+0
504	197,000000E+0	5,380000E+0	7,099000E+0	387,184000E+3	12,000000E+0
505	191,000000E+0	2,690000E+0	6,870000E+0	387,222000E+3	12,000000E+0
506	198,000000E+0	5,380000E+0	6,870000E+0	387,260000E+3	12,000000E+0
507	192,000000E+0	2,690000E+0	7,099000E+0	387,298000E+3	12,000000E+0
508	195,000000E+0	2,690000E+0	7,099000E+0	387,337000E+3	12,000000E+0
509	202,000000E+0	2,690000E+0	7,099000E+0	387,375000E+3	12,000000E+0
510	210,000000E+0	2,690000E+0	6,870000E+0	387,412000E+3	12,000000E+0
511	213,000000E+0	8,070000E+0	6,870000E+0	387,450000E+3	12,000000E+0
512	212,000000E+0	5,380000E+0	7,099000E+0	387,489000E+3	12,000000E+0
513	200,000000E+0	8,070000E+0	7,099000E+0	387,528000E+3	12,000000E+0
514	198,000000E+0	8,070000E+0	7,099000E+0	387,566000E+3	12,000000E+0
515	218,000000E+0	2,690000E+0	7,099000E+0	387,605000E+3	12,000000E+0
516	204,000000E+0	2,690000E+0	7,099000E+0	387,646000E+3	12,000000E+0
517	216,000000E+0	5,380000E+0	7,099000E+0	387,685000E+3	12,000000E+0
518	205,000000E+0	2,690000E+0	7,099000E+0	387,725000E+3	12,000000E+0
519	196,000000E+0	2,690000E+0	6,870000E+0	387,763000E+3	12,000000E+0
520	214,000000E+0	5,380000E+0	6,870000E+0	387,802000E+3	12,000000E+0
521	215,000000E+0	8,070000E+0	6,870000E+0	387,841000E+3	12,000000E+0
522	197,000000E+0	2,690000E+0	6,870000E+0	387,879000E+3	12,000000E+0
523	200,000000E+0	5,380000E+0	7,099000E+0	387,919000E+3	12,000000E+0
524	199,000000E+0	8,070000E+0	6,870000E+0	387,957000E+3	12,000000E+0
525	206,000000E+0	2,690000E+0	7,099000E+0	387,997000E+3	12,000000E+0
526	199,000000E+0	5,380000E+0	6,870000E+0	388,035000E+3	12,000000E+0
527	212,000000E+0	2,690000E+0	7,099000E+0	388,077000E+3	12,000000E+0
528	215,000000E+0	5,380000E+0	6,870000E+0	388,116000E+3	12,000000E+0
529	216,000000E+0	2,690000E+0	7,099000E+0	388,156000E+3	12,000000E+0
530	200,000000E+0	2,690000E+0	6,870000E+0	388,195000E+3	12,000000E+0
531	214,000000E+0	2,690000E+0	6,870000E+0	388,233000E+3	12,000000E+0
532	199,000000E+0	5,380000E+0	7,099000E+0	388,274000E+3	12,000000E+0
533	214,000000E+0	2,690000E+0	6,641000E+0	388,311000E+3	12,000000E+0
534	203,000000E+0	2,690000E+0	7,099000E+0	388,351000E+3	12,000000E+0
535	210,000000E+0	8,070000E+0	6,870000E+0	388,390000E+3	12,000000E+0
536	217,000000E+0	2,690000E+0	7,099000E+0	388,429000E+3	12,000000E+0
537	214,000000E+0	2,690000E+0	7,099000E+0	388,469000E+3	12,000000E+0
538	204,000000E+0	2,690000E+0	6,870000E+0	388,507000E+3	12,000000E+0
539	206,000000E+0	5,380000E+0	7,099000E+0	388,548000E+3	12,000000E+0
540	204,000000E+0	2,690000E+0	7,099000E+0	388,588000E+3	12,000000E+0
541	205,000000E+0	2,690000E+0	7,328000E+0	388,628000E+3	12,000000E+0
542	216,000000E+0	2,690000E+0	7,099000E+0	388,667000E+3	12,000000E+0
543	215,000000E+0	2,690000E+0	7,328000E+0	388,708000E+3	12,000000E+0
544	219,000000E+0	2,690000E+0	7,099000E+0	388,748000E+3	12,000000E+0
545	218,000000E+0	2,690000E+0	7,099000E+0	388,788000E+3	12,000000E+0
546	220,000000E+0	2,690000E+0	7,099000E+0	388,827000E+3	12,000000E+0
547	221,000000E+0	2,690000E+0	7,328000E+0	388,867000E+3	12,000000E+0
548	213,000000E+0	2,690000E+0	7,099000E+0	388,905000E+3	12,000000E+0
549	220,000000E+0	2,690000E+0	7,099000E+0	388,946000E+3	12,000000E+0
550	218,000000E+0	2,690000E+0	7,328000E+0	388,986000E+3	12,000000E+0
551	217,000000E+0	2,690000E+0	7,099000E+0	389,026000E+3	12,000000E+0
552	215,000000E+0	2,690000E+0	7,328000E+0	389,066000E+3	12,000000E+0
553	203,000000E+0	2,690000E+0	7,099000E+0	389,105000E+3	12,000000E+0
554	210,000000E+0	5,380000E+0	7,328000E+0	389,144000E+3	12,000000E+0
555	213,000000E+0	2,690000E+0	6,870000E+0	389,181000E+3	12,000000E+0
556	200,000000E+0	5,380000E+0	7,099000E+0	389,219000E+3	12,000000E+0
557	214,000000E+0	5,380000E+0	7,099000E+0	389,258000E+3	12,000000E+0
558	208,000000E+0	5,380000E+0	7,099000E+0	389,298000E+3	12,000000E+0
559	201,000000E+0	2,690000E+0	7,099000E+0	389,338000E+3	12,000000E+0
560	208,000000E+0	8,070000E+0	6,870000E+0	389,374000E+3	12,000000E+0
561	196,000000E+0	2,690000E+0	6,870000E+0	389,413000E+3	12,000000E+0
562	203,000000E+0	2,690000E+0	6,870000E+0	389,452000E+3	12,000000E+0
563	209,000000E+0	2,690000E+0	7,099000E+0	389,491000E+3	12,000000E+0
564	198,000000E+0	2,690000E+0	7,099000E+0	389,529000E+3	12,000000E+0
565	217,000000E+0	5,380000E+0	7,099000E+0	389,568000E+3	12,000000E+0
566	201,000000E+0	2,690000E+0	7,099000E+0	389,607000E+3	12,000000E+0
567	200,000000E+0	8,070000E+0	6,870000E+0	389,646000E+3	12,000000E+0
568	203,000000E+0	2,690000E+0	6,870000E+0	389,685000E+3	12,000000E+0
569	212,000000E+0	2,690000E+0	6,870000E+0	389,722000E+3	12,000000E+0
570	213,000000E+0	5,380000E+0	6,870000E+0	389,762000E+3	12,000000E+0
571	203,000000E+0	2,690000E+0	6,870000E+0	389,800000E+3	12,000000E+0
572	212,000000E+0	8,070000E+0	6,870000E+0	389,838000E+3	12,000000E+0
573	198,000000E+0	2,690000E+0	6,870000E+0	389,877000E+3	12,000000E+0
574	194,000000E+0	5,380000E+0	6,870000E+0	389,914000E+3	12,000000E+0
575	203,000000E+0	2,690000E+0	6,870000E+0	389,954000E+3	12,000000E+0
576	210,000000E+0	5,380000E+0	6,870000E+0	389,993000E+3	12,000000E+0
577	210,000000E+0	8,070000E+0	6,870000E+0	390,029000E+3	12,000000E+0
578	200,000000E+0	8,070000E+0	6,870000E+0	390,069000E+3	12,000000E+0
579	192,000000E+0	5,380000E+0	6,870000E+0	390,107000E+3	12,000000E+0
580	203,000000E+0	2,690000E+0	6,870000E+0	390,145000E+3	12,000000E+0
581	198,000000E+0	2,690000E+0	6,870000E+0	390,184000E+3	12,000000E+0
582	202,000000E+0	2,690000E+0	7,099000E+0	390,223000E+3	12,000000E+0
583	215,000000E+0	5,380000E+0	6,870000E+0	390,262000E+3	12,000000E+0
584	198,000000E+0	5,380000E+0	6,870000E+0	390,301000E+3	12,000000E+0
585	203,000000E+0	2,690000E+0	6,870000E+0	390,339000E+3	12,000000E+0
586	207,000000E+0	2,690000E+0	6,870000E+0	390,378000E+3	12,000000E+0
587	205,000000E+0	2,690000E+0	6,870000E+0	390,416000E+3	12,000000E+0
588	196,000000E+0	2,690000E+0	6,641000E+0	390,453000E+3	12,000000E+0
589	196,000000E+0	2,690000E+0	6,870000E+0	390,491000E+3	12,000000E+0
590	194,000000E+0	5,380000E+0	6,870000E+0	390,530000E+3	12,000000E+0
591	207,000000E+0	2,690000E+0	6,870000E+0	390,569000E+3	12,000000E+0
592	209,000000E+0	5,380000E+0	6,870000E+0	390,607000E+3	12,000000E+0
593	193,000000E+0	5,380000E+0	6,870000E+0	390,646000E+3	12,000000E+0
594	201,000000E+0	2,690000E+0	7,099000E+0	390,684000E+3	12,000000E+0
595	213,000000E+0	2,690000E+0	6,870000E+0	390,722000E+3	12,000000E+0
596	195,000000E+0	8,070000E+0	7,099000E+0	390,761000E+3	12,000000E+0
597	203,000000E+0	2,690000E+0	6,870000E+0	390,800000E+3	12,000000E+0
598	214,000000E+0	2,690000E+0	6,870000E+0	390,838000E+3	12,000000E+0
599	201,000000E+0	8,070000E+0	7,099000E+0	390,877000E+3	12,000000E+0
600	210,000000E+0	5,380000E+0	7,099000E+0	390,914000E+3	12,000000E+0
601	216,000000E+0	5,380000E+0	7,099000E+0	390,954000E+3	12,000000E+0
602	203,000000E+0	2,690000E+0	7,099000E+0	390,994000E+3	12,000000E+0
603	213,000000E+0	5,380000E+0	7,099000E+0	391,033000E+3	12,000000E+0
604	202,000000E+0	2,690000E+0	7,099000E+0	391,071000E+3	12,000000E+0
605	214,000000E+0	5,380000E+0	7,099000E+0	391,110000E+3	12,000000E+0
606	207,000000E+0	2,690000E+0	7,099000E+0	391,149000E+3	12,000000E+0
607	200,000000E+0	8,070000E+0	7,099000E+0	391,190000E+3	12,000000E+0
608	213,000000E+0	2,690000E+0	7,099000E+0	391,228000E+3	12,000000E+0
609	200,000000E+0	5,380000E+0	7,099000E+0	391,267000E+3	12,000000E+0
610	217,000000E+0	2,690000E+0	7,099000E+0	391,305000E+3	12,000000E+0
611	199,000000E+0	5,380000E+0	7,099000E+0	391,345000E+3	12,000000E+0
612	202,000000E+0	2,690000E+0	7,328000E+0	391,385000E+3	12,000000E+0
613	214,000000E+0	2,690000E+0	7,099000E+0	391,423000E+3	12,000000E+0
614	197,000000E+0	5,380000E+0	7,328000E+0	391,463000E+3	12,000000E+0
615	210,000000E+0	2,690000E+0	7,099000E+0	391,502000E+3	12,000000E+0
616	205,000000E+0	5,380000E+0	6,870000E+0	391,539000E+3	12,000000E+0
617	197,000000E+0	5,380000E+0	7,099000E+0	391,577000E+3	12,000000E+0
618	205,000000E+0	2,690000E+0	6,870000E+0	391,617000E+3	12,000000E+0
619	213,000000E+0	2,690000E+0	7,099000E+0	391,654000E+3	12,000000E+0
620	204,000000E+0	8,070000E+0	6,870000E+0	391,693000E+3	12,000000E+0
621	197,000000E+0	5,380000E+0	7,099000E+0	391,733000E+3	12,000000E+0
622	205,000000E+0	2,690000E+0	6,870000E+0	391,771000E+3	12,000000E+0
623	216,000000E+0	2,690000E+0	6,870000E+0	391,810000E+3	12,000000E+0
624	205,000000E+0	2,690000E+0	6,870000E+0	391,849000E+3	12,000000E+0
625	210,000000E+0	8,070000E+0	6,870000E+0	391,888000E+3	12,000000E+0
626	201,000000E+0	2,690000E+0	7,099000E+0	391,928000E+3	12,000000E+0
627	203,000000E+0	2,690000E+0	6,870000E+0	391,966000E+3	12,000000E+0
628	216,000000E+0	5,380000E+0	7,099000E+0	392,006000E+3	12,000000E+0
629	207,000000E+0	2,690000E+0	6,870000E+0	392,044000E+3	12,000000E+0
630	199,000000E+0	2,690000E+0	7,099000E+0	392,083000E+3	12,000000E+0
631	212,000000E+0	8,070000E+0	6,870000E+0	392,122000E+3	12,000000E+0
632	208,000000E+0	2,690000E+0	6,870000E+0	392,162000E+3	12,000000E+0
633	199,000000E+0	2,690000E+0	7,099000E+0	392,202000E+3	12,000000E+0
634	209,000000E+0	5,380000E+0	6,870000E+0	392,242000E+3	12,000000E+0
635	218,000000E+0	5,380000E+0	7,099000E+0	392,281000E+3	12,000000E+0
636	210,000000E+0	2,690000E+0	6,870000E+0	392,319000E+3	12,000000E+0
637	206,000000E+0	2,690000E+0	7,328000E+0	392,361000E+3	12,000000E+0
638	202,000000E+0	5,380000E+0	6,870000E+0	392,399000E+3	12,000000E+0
639	217,000000E+0	5,380000E+0	7,099000E+0	392,439000E+3	12,000000E+0
640	200,000000E+0	2,690000E+0	6,870000E+0	392,477000E+3	12,000000E+0
641	215,000000E+0	5,380000E+0	6,870000E+0	392,517000E+3	12,000000E+0
642	197,000000E+0	2,690000E+0	6,870000E+0	392,555000E+3	12,000000E+0
643	205,000000E+0	2,690000E+0	6,870000E+0	392,603000E+3	12,000000E+0
644	-10,240000E+3	1,377280E+3	1,817344E+3	100,516352E+6	3,072000E+3
645	204,000000E+0	2,690000E+0	6,870000E+0	392,681000E+3	12,000000E+0
646	203,000000E+0	8,070000E+0	7,099000E+0	392,721000E+3	12,000000E+0
647	214,000000E+0	2,690000E+0	6,870000E+0	392,760000E+3	12,000000E+0
648	214,000000E+0	2,690000E+0	7,099000E+0	392,800000E+3	12,000000E+0
649	203,000000E+0	2,690000E+0	7,099000E+0	392,848000E+3	12,000000E+0
650	214,000000E+0	5,380000E+0	7,099000E+0	392,898000E+3	12,000000E+0
651	199,000000E+0	8,070000E+0	7,099000E+0	392,937000E+3	12,000000E+0
652	213,000000E+0	2,690000E+0	7,328000E+0	392,976000E+3	12,000000E+0
653	205,000000E+0	2,690000E+0	7,099000E+0	393,015000E+3	12,000000E+0
654	218,000000E+0	8,070000E+0	7,099000E+0	393,055000E+3	12,000000E+0
655	220,000000E+0	5,380000E+0	7,099000E+0	393,095000E+3	12,000000E+0
656	220,000000E+0	5,380000E+0	7,099000E+0	393,135000E+3	12,000000E+0
657	216,000000E+0	5,380000E+0	7,099000E+0	393,174000E+3	12,000000E+0
658	197,000000E+0	2,690000E+0	7,099000E+0	393,213000E+3	12,000000E+0
659	215,000000E+0	5,380000E+0	7,099000E+0	393,251000E+3	12,000000E+0
660	204,000000E+0	5,380000E+0	6,870000E+0	393,288000E+3	12,000000E+0
661	208,000000E+0	2,690000E+0	7,099000E+0	393,327000E+3	12,000000E+0
662	199,000000E+0	5,380000E+0	7,099000E+0	393,366000E+3	12,000000E+0
663	215,000000E+0	8,070000E+0	7,099000E+0	393,407000E+3	12,000000E+0
664	206,000000E+0	2,690000E+0	7,099000E+0	393,455000E+3	12,000000E+0
665	207,000000E+0	5,380000E+0	7,099000E+0	393,494000E+3	12,000000E+0
666	202,000000E+0	2,690000E+0	6,870000E+0	393,532000E+3	12,000000E+0
667	198,000000E+0	2,690000E+0	6,870000E+0	393,569000E+3	12,000000E+0
668	196,000000E+0	2,690000E+0	6,870000E+0	393,608000E+3	12,000000E+0
669	194,000000E+0	5,380000E+0	6,870000E+0	393,645000E+3	12,000000E+0
670	205,000000E+0	5,380000E+0	6,870000E+0	393,682000E+3	12,000000E+0
671	208,000000E+0	2,690000E+0	6,641000E+0	393,721000E+3	12,000000E+0
672	211,000000E+0	2,690000E+0	6,870000E+0	393,758000E+3	12,000000E+0
673	213,000000E+0	2,690000E+0	6,870000E+0	393,796000E+3	12,000000E+0
674	214,000000E+0	2,690000E+0	6,870000E+0	393,836000E+3	12,000000E+0
675	199,000000E+0	8,070000E+0	6,870000E+0	393,874000E+3	12,000000E+0
676	204,000000E+0	2,690000E+0	6,870000E+0	393,912000E+3	12,000000E+0
677	196,000000E+0	8,070000E+0	6,870000E+0	393,951000E+3	12,000000E+0
678	215,000000E+0	2,690000E+0	6,870000E+0	393,989000E+3	12,000000E+0
679	205,000000E+0	8,070000E+0	6,870000E+0	394,029000E+3	12,000000E+0
680	210,000000E+0	2,690000E+0	6,870000E+0	394,067000E+3	12,000000E+0
681	216,000000E+0	2,690000E+0	6,870000E+0	394,107000E+3	12,000000E+0
682	197,000000E+0	5,380000E+0	7,099000E+0	394,145000E+3	12,000000E+0
683	217,000000E+0	5,380000E+0	6,870000E+0	394,185000E+3	12,000000E+0
684	216,000000E+0	2,690000E+0	7,099000E+0	394,224000E+3	12,000000E+0
685	206,000000E+0	2,690000E+0	6,870000E+0	394,263000E+3	12,000000E+0
686	221,000000E+0	5,380000E+0	7,099000E+0	394,303000E+3	12,000000E+0
687	201,000000E+0	5,380000E+0	7,099000E+0	394,343000E+3	12,000000E+0
688	201,000000E+0	8,070000E+0	7,099000E+0	394,382000E+3	12,000000E+0
689	202,000000E+0	2,690000E+0	7,099000E+0	394,423000E+3	12,000000E+0
690	203,000000E+0	5,380000E+0	7,099000E+0	394,462000E+3	12,000000E+0
691	204,000000E+0	2,690000E+0	7,099000E+0	394,502000E+3	12,000000E+0
692	210,000000E+0	5,380000E+0	7,099000E+0	394,541000E+3	12,000000E+0
693	214,000000E+0	2,690000E+0	7,099000E+0	394,580000E+3	12,000000E+0
694	195,000000E+0	2,690000E+0	6,870000E+0	394,620000E+3	12,000000E+0
695	209,000000E+0	5,380000E+0	7,099000E+0	394,659000E+3	12,000000E+0
696	207,000000E+0	8,070000E+0	6,870000E+0	394,697000E+3	12,000000E+0
697	199,000000E+0	5,380000E+0	6,870000E+0	394,736000E+3	12,000000E+0
698	202,000000E+0	5,380000E+0	7,099000E+0	394,774000E+3	12,000000E+0
699	208,000000E+0	8,070000E+0	6,870000E+0	394,813000E+3	12,000000E+0
700	200,000000E+0	5,380000E+0	7,099000E+0	394,851000E+3	12,000000E+0
701	198,000000E+0	5,380000E+0	7,099000E+0	394,890000E+3	12,000000E+0
702	216,000000E+0	5,380000E+0	7,099000E+0	394,929000E+3	12,000000E+0
703	202,000000E+0	5,380000E+0	7,099000E+0	394,968000E+3	12,000000E+0
704	208,000000E+0	5,380000E+0	7,099000E+0	395,007000E+3	12,000000E+0
705	218,000000E+0	2,690000E+0	7,099000E+0	395,046000E+3	12,000000E+0
706	205,000000E+0	2,690000E+0	7,099000E+0	395,086000E+3	12,000000E+0
707	210,000000E+0	5,380000E+0	7,099000E+0	395,125000E+3	12,000000E+0
708	202,000000E+0	5,380000E+0	7,099000E+0	395,164000E+3	12,000000E+0
709	202,000000E+0	5,380000E+0	7,099000E+0	395,204000E+3	12,000000E+0
710	216,000000E+0	2,690000E+0	7,328000E+0	395,243000E+3	12,000000E+0
711	206,000000E+0	2,690000E+0	7,328000E+0	395,283000E+3	12,000000E+0
712	199,000000E+0	5,380000E+0	7,099000E+0	395,322000E+3	12,000000E+0
713	213,000000E+0	5,380000E+0	7,099000E+0	395,361000E+3	12,000000E+0
714	200,000000E+0	2,690000E+0	7,328000E+0	395,400000E+3	12,000000E+0
715	201,000000E+0	5,380000E+0	7,099000E+0	395,440000E+3	12,000000E+0
716	217,000000E+0	5,380000E+0	7,328000E+0	395,480000E+3	12,000000E+0
717	206,000000E+0	5,380000E+0	7,328000E+0	395,519000E+3	12,000000E+0
718	205,000000E+0	5,380000E+0	7,328000E+0	395,560000E+3	12,000000E+0
719	204,000000E+0	5,380000E+0	7,099000E+0	395,600000E+3	12,000000E+0
720	200,000000E+0	5,380000E+0	7,328000E+0	395,639000E+3	12,000000E+0
721	205,000000E+0	5,380000E+0	7,099000E+0	395,678000E+3	12,000000E+0
722	206,000000E+0	5,380000E+0	7,099000E+0	395,718000E+3	12,000000E+0
723	214,000000E+0	8,070000E+0	7,099000E+0	395,756000E+3	12,000000E+0
724	216,000000E+0	5,380000E+0	7,099000E+0	395,796000E+3	12,000000E+0
725	210,000000E+0	2,690000E+0	7,099000E+0	395,837000E+3	12,000000E+0
726	200,000000E+0	2,690000E+0	7,099000E+0	395,877000E+3	12,000000E+0
727	205,000000E+0	5,380000E+0	7,099000E+0	395,916000E+3	12,000000E+0
728	215,000000E+0	8,070000E+0	7,099000E+0	395,955000E+3	12,000000E+0
729	216,000000E+0	5,380000E+0	7,099000E+0	395,995000E+3	12,000000E+0
730	211,000000E+0	2,690000E+0	7,099000E+0	396,036000E+3	12,000000E+0
731	218,000000E+0	2,690000E+0	7,099000E+0	396,075000E+3	12,000000E+0
732	208,000000E+0	2,690000E+0	7,099000E+0	396,115000E+3	12,000000E+0
733	211,000000E+0	2,690000E+0	7,099000E+0	396,154000E+3	12,000000E+0
734	217,000000E+0	2,690000E+0	7,099000E+0	396,195000E+3	12,000000E+0
735	222,000000E+0	2,690000E+0	7,099000E+0	396,233000E+3	12,000000E+0
736	213,000000E+0	5,380000E+0	7,099000E+0	396,275000E+3	12,000000E+0
737	212,000000E+0	5,380000E+0	7,099000E+0	396,314000E+3	12,000000E+0
738	204,000000E+0	5,380000E+0	7,099000E+0	396,355000E+3	12,000000E+0
739	217,000000E+0	2,690000E+0	7,099000E+0	396,394000E+3	12,000000E+0
740	203,000000E+0	5,380000E+0	7,328000E+0	396,436000E+3	12,000000E+0
741	213,000000E+0	8,070000E+0	7,328000E+0	396,477000E+3	12,000000E+0
742	202,000000E+0	8,070000E+0	7,099000E+0	396,516000E+3	12,000000E+0
743	204,000000E+0	5,380000E+0	7,328000E+0	396,556000E+3	12,000000E+0
744	209,000000E+0	2,690000E+0	6,870000E+0	396,596000E+3	12,000000E+0
745	217,000000E+0	2,690000E+0	7,328000E+0	396,636000E+3	12,000000E+0
746	213,000000E+0	2,690000E+0	6,870000E+0	396,675000E+3	12,000000E+0
747	216,000000E+0	2,690000E+0	7,328000E+0	396,716000E+3	12,000000E+0
748	211,000000E+0	2,690000E+0	6,870000E+0	396,754000E+3	12,000000E+0
749	200,000000E+0	5,380000E+0	7,099000E+0	396,796000E+3	12,000000E+0
750	200,000000E+0	8,070000E+0	7,099000E+0	396,834000E+3	12,000000E+0
751	220,000000E+0	2,690000E+0	7,099000E+0	396,873000E+3	12,000000E+0
752	220,000000E+0	2,690000E+0	7,099000E+0	396,913000E+3	12,000000E+0
753	216,000000E+0	2,690000E+0	7,099000E+0	396,952000E+3	12,000000E+0
754	200,000000E+0	5,380000E+0	7,328000E+0	396,993000E+3	12,000000E+0
755	221,000000E+0	2,690000E+0	7,099000E+0	397,032000E+3	12,000000E+0
756	213,000000E+0	5,380000E+0	7,328000E+0	397,073000E+3	12,000000E+0
757	206,000000E+0	8,070000E+0	7,099000E+0	397,112000E+3	12,000000E+0
758	202,000000E+0	8,070000E+0	7,328000E+0	397,152000E+3	12,000000E+0
759	202,000000E+0	5,380000E+0	7,328000E+0	397,192000E+3	12,000000E+0
760	203,000000E+0	8,070000E+0	7,099000E+0	397,231000E+3	12,000000E+0
761	208,000000E+0	5,380000E+0	7,099000E+0	397,271000E+3	12,000000E+0
762	217,000000E+0	2,690000E+0	7,099000E+0	397,311000E+3	12,000000E+0
763	204,000000E+0	2,690000E+0	7,099000E+0	397,349000E+3	12,000000E+0
764	215,000000E+0	5,380000E+0	7,099000E+0	397,386000E+3	12,000000E+0
765	211,000000E+0	2,690000E+0	7,099000E+0	397,425000E+3	12,000000E+0
766	214,000000E+0	8,070000E+0	6,870000E+0	397,464000E+3	12,000000E+0
767	207,000000E+0	2,690000E+0	7,099000E+0	397,504000E+3	12,000000E+0
768	213,000000E+0	5,380000E+0	7,099000E+0	397,543000E+3	12,000000E+0
769	210,000000E+0	5,380000E+0	7,099000E+0	397,582000E+3	12,000000E+0
770	210,000000E+0	2,690000E+0	7,099000E+0	397,621000E+3	12,000000E+0
771	213,000000E+0	5,380000E+0	6,870000E+0	397,659000E+3	12,000000E+0
772	206,000000E+0	2,690000E+0	7,099000E+0	397,698000E+3	12,000000E+0
773	206,000000E+0	5,380000E+0	6,870000E+0	397,736000E+3	12,000000E+0
774	201,000000E+0	5,380000E+0	7,099000E+0	397,776000E+3	12,000000E+0
775	193,000000E+0	5,380000E+0	6,870000E+0	397,814000E+3	12,000000E+0
776	198,000000E+0	5,380000E+0	6,870000E+0	397,852000E+3	12,000000E+0
777	193,000000E+0	2,690000E+0	6,870000E+0	397,890000E+3	12,000000E+0
778	199,000000E+0	2,690000E+0	6,641000E+0	397,928000E+3	12,000000E+0
779	200,000000E+0	2,690000E+0	6,870000E+0	397,966000E+3	12,000000E+0
780	199,000000E+0	2,690000E+0	6,870000E+0	398,004000E+3	12,000000E+0
781	211,000000E+0	5,380000E+0	6,870000E+0	398,043000E+3	12,000000E+0
782	204,000000E+0	8,070000E+0	6,870000E+0	398,081000E+3	12,000000E+0
783	205,000000E+0	2,690000E+0	6,870000E+0	398,120000E+3	12,000000E+0
784	207,000000E+0	8,070000E+0	6,870000E+0	398,158000E+3	12,000000E+0
785	213,000000E+0	5,380000E+0	6,870000E+0	398,197000E+3	12,000000E+0
786	204,000000E+0	2,690000E+0	6,870000E+0	398,237000E+3	12,000000E+0
787	211,000000E+0	2,690000E+0	6,870000E+0	398,277000E+3	12,000000E+0
788	200,000000E+0	5,380000E+0	7,099000E+0	398,316000E+3	12,000000E+0
789	209,000000E+0	8,070000E+0	7,099000E+0	398,355000E+3	12,000000E+0
790	210,000000E+0	5,380000E+0	7,099000E+0	398,395000E+3	12,000000E+0
791	216,000000E+0	8,070000E+0	7,099000E+0	398,435000E+3	12,000000E+0
792	201,000000E+0	5,380000E+0	7,099000E+0	398,473000E+3	12,000000E+0
793	201,000000E+0	5,380000E+0	7,099000E+0	398,512000E+3	12,000000E+0
794	201,000000E+0	5,380000E+0	7,099000E+0	398,552000E+3	12,000000E+0
795	202,000000E+0	2,690000E+0	7,099000E+0	398,592000E+3	12,000000E+0
796	217,000000E+0	8,070000E+0	7,099000E+0	398,631000E+3	12,000000E+0
797	219,000000E+0	5,380000E+0	7,099000E+0	398,670000E+3	12,000000E+0
798	214,000000E+0	2,690000E+0	7,099000E+0	398,711000E+3	12,000000E+0
799	211,000000E+0	2,690000E+0	7,099000E+0	398,750000E+3	12,000000E+0
800	209,000000E+0	2,690000E+0	7,099000E+0	398,790000E+3	12,000000E+0
801	203,000000E+0	2,690000E+0	7,099000E+0	398,830000E+3	12,000000E+0
802	205,000000E+0	5,380000E+0	7,328000E+0	398,869000E+3	12,000000E+0
803	207,000000E+0	2,690000E+0	7,099000E+0	398,908000E+3	12,000000E+0
804	214,000000E+0	2,690000E+0	7,099000E+0	398,948000E+3	12,000000E+0
805	217,000000E+0	5,380000E+0	7,099000E+0	398,987000E+3	12,000000E+0
806	215,000000E+0	2,690000E+0	7,099000E+0	399,027000E+3	12,000000E+0
807	213,000000E+0	2,690000E+0	7,328000E+0	399,066000E+3	12,000000E+0
808	211,000000E+0	2,690000E+0	7,328000E+0	399,106000E+3	12,000000E+0
809	213,000000E+0	2,690000E+0	7,328000E+0	399,146000E+3	12,000000E+0
810	209,000000E+0	2,690000E+0	7,328000E+0	399,187000E+3	12,000000E+0
811	203,000000E+0	2,690000E+0	7,328000E+0	399,227000E+3	12,000000E+0
812	217,000000E+0	2,690000E+0	7,328000E+0	399,266000E+3	12,000000E+0
813	217,000000E+0	5,380000E+0	7,328000E+0	399,307000E+3	12,000000E+0
814	217,000000E+0	5,380000E+0	7,328000E+0	399,346000E+3	12,000000E+0
815	219,000000E+0	8,070000E+0	7,328000E+0	399,386000E+3	12,000000E+0
816	204,000000E+0	5,380000E+0	7,328000E+0	399,426000E+3	12,000000E+0
817	208,000000E+0	5,380000E+0	7,328000E+0	399,466000E+3	12,000000E+0
818	202,000000E+0	2,690000E+0	7,328000E+0	399,505000E+3	12,000000E+0
819	200,000000E+0	2,690000E+0	7,099000E+0	399,545000E+3	12,000000E+0
820	202,000000E+0	2,690000E+0	7,328000E+0	399,585000E+3	12,000000E+0
821	209,000000E+0	2,690000E+0	7,328000E+0	399,625000E+3	12,000000E+0
822	212,000000E+0	2,690000E+0	7,557000E+0	399,665000E+3	12,000000E+0
823	220,000000E+0	2,690000E+0	7,328000E+0	399,704000E+3	12,000000E+0
824	217,000000E+0	5,380000E+0	7,328000E+0	399,745000E+3	12,000000E+0
825	222,000000E+0	8,070000E+0	7,099000E+0	399,784000E+3	12,000000E+0
826	207,000000E+0	2,690000E+0	7,328000E+0	399,825000E+3	12,000000E+0
827	211,000000E+0	5,380000E+0	7,099000E+0	399,864000E+3	12,000000E+0
828	219,000000E+0	8,070000E+0	7,328000E+0	399,906000E+3	12,000000E+0
829	216,000000E+0	2,690000E+0	7,328000E+0	399,946000E+3	12,000000E+0
830	213,000000E+0	5,380000E+0	7,099000E+0	399,987000E+3	12,000000E+0
831	207,000000E+0	2,690000E+0	7,328000E+0	400,027000E+3	12,000000E+0
832	216,000000E+0	2,690000E+0	7,099000E+0	400,066000E+3	12,000000E+0
833	201,000000E+0	2,690000E+0	7,099000E+0	400,107000E+3	12,000000E+0
834	210,000000E+0	2,690000E+0	6,870000E+0	400,146000E+3	12,000000E+0
835	206,000000E+0	5,380000E+0	7,099000E+0	400,185000E+3	12,000000E+0
836	202,000000E+0	2,690000E+0	7,099000E+0	400,225000E+3	12,000000E+0
837	210,000000E+0	8,070000E+0	7,099000E+0	400,264000E+3	12,000000E+0
838	218,000000E+0	5,380000E+0	7,328000E+0	400,305000E+3	12,000000E+0
839	202,000000E+0	8,070000E+0	7,099000E+0	400,345000E+3	12,000000E+0
840	221,000000E+0	2,690000E+0	7,328000E+0	400,386000E+3	12,000000E+0
841	215,000000E+0	5,380000E+0	7,099000E+0	400,426000E+3	12,000000E+0
842	217,000000E+0	5,380000E+0	7,328000E+0	400,467000E+3	12,000000E+0
843	209,000000E+0	2,690000E+0	7,099000E+0	400,507000E+3	12,000000E+0
844	214,000000E+0	2,690000E+0	7,328000E+0	400,549000E+3	12,000000E+0
845	222,000000E+0	2,690000E+0	7,099000E+0	400,589000E+3	12,000000E+0
846	206,000000E+0	8,070000E+0	7,328000E+0	400,630000E+3	12,000000E+0
847	220,000000E+0	8,070000E+0	7,099000E+0	400,669000E+3	12,000000E+0
848	223,000000E+0	2,690000E+0	7,328000E+0	400,712000E+3	12,000000E+0
849	204,000000E+0	2,690000E+0	7,328000E+0	400,752000E+3	12,000000E+0
850	217,000000E+0	2,690000E+0	7,328000E+0	400,792000E+3	12,000000E+0
851	208,000000E+0	8,070000E+0	7,328000E+0	400,833000E+3	12,000000E+0
852	211,000000E+0	2,690000E+0	7,099000E+0	400,874000E+3	12,000000E+0
853	221,000000E+0	5,380000E+0	7,328000E+0	400,914000E+3	12,000000E+0
854	219,000000E+0	2,690000E+0	7,099000E+0	400,953000E+3	12,000000E+0
855	203,000000E+0	5,380000E+0	7,328000E+0	400,995000E+3	12,000000E+0
856	202,000000E+0	5,380000E+0	7,099000E+0	401,033000E+3	12,000000E+0
857	215,000000E+0	2,690000E+0	7,328000E+0	401,074000E+3	12,000000E+0
858	204,000000E+0	5,380000E+0	7,099000E+0	401,113000E+3	12,000000E+0
859	202,000000E+0	5,380000E+0	7,099000E+0	401,153000E+3	12,000000E+0
860	200,000000E+0	5,380000E+0	7,099000E+0	401,192000E+3	12,000000E+0
861	201,000000E+0	5,380000E+0	7,099000E+0	401,232000E+3	12,000000E+0
862	201,000000E+0	5,380000E+0	7,328000E+0	401,272000E+3	12,000000E+0
863	202,000000E+0	5,380000E+0	7,099000E+0	401,312000E+3	12,000000E+0
864	205,000000E+0	2,690000E+0	7,328000E+0	401,353000E+3	12,000000E+0
865	201,000000E+0	5,380000E+0	7,099000E+0	401,392000E+3	12,000000E+0
866	205,000000E+0	2,690000E+0	7,099000E+0	401,431000E+3	12,000000E+0
867	220,000000E+0	2,690000E+0	7,099000E+0	401,469000E+3	12,000000E+0
868	210,000000E+0	2,690000E+0	7,328000E+0	401,508000E+3	12,000000E+0
869	212,000000E+0	2,690000E+0	7,328000E+0	401,549000E+3	12,000000E+0
870	211,000000E+0	2,690000E+0	7,099000E+0	401,590000E+3	12,000000E+0
871	212,000000E+0	2,690000E+0	7,328000E+0	401,629000E+3	12,000000E+0
872	209,000000E+0	2,690000E+0	7,099000E+0	401,669000E+3	12,000000E+0
873	217,000000E+0	5,380000E+0	7,099000E+0	401,708000E+3	12,000000E+0
874	198,000000E+0	8,070000E+0	7,099000E+0	401,747000E+3	12,000000E+0
875	212,000000E+0	5,380000E+0	7,099000E+0	401,786000E+3	12,000000E+0
876	212,000000E+0	2,690000E+0	7,099000E+0	401,824000E+3	12,000000E+0
877	215,000000E+0	2,690000E+0	7,099000E+0	401,864000E+3	12,000000E+0
878	199,000000E+0	5,380000E+0	7,099000E+0	401,903000E+3	12,000000E+0
879	207,000000E+0	2,690000E+0	6,870000E+0	401,942000E+3	12,000000E+0
880	205,000000E+0	8,070000E+0	7,099000E+0	401,980000E+3	12,000000E+0
881	198,000000E+0	5,380000E+0	6,870000E+0	402,019000E+3	12,000000E+0
882	201,000000E+0	2,690000E+0	6,870000E+0	402,058000E+3	12,000000E+0
883	192,000000E+0	2,690000E+0	6,641000E+0	402,096000E+3	12,000000E+0
884	194,000000E+0	2,690000E+0	6,870000E+0	402,133000E+3	12,000000E+0
885	192,000000E+0	5,380000E+0	6,641000E+0	402,171000E+3	12,000000E+0
886	211,000000E+0	5,380000E+0	6,641000E+0	402,207000E+3	12,000000E+0
887	209,000000E+0	2,690000E+0	6,870000E+0	402,247000E+3	12,000000E+0
888	212,000000E+0	5,380000E+0	6,641000E+0	402,284000E+3	12,000000E+0
889	198,000000E+0	2,690000E+0	6,870000E+0	402,323000E+3	12,000000E+0
890	213,000000E+0	2,690000E+0	6,870000E+0	402,363000E+3	12,000000E+0
891	205,000000E+0	2,690000E+0	6,870000E+0	402,401000E+3	12,000000E+0
892	205,000000E+0	2,690000E+0	7,099000E+0	402,441000E+3	12,000000E+0
893	204,000000E+0	2,690000E+0	7,099000E+0	402,481000E+3	12,000000E+0
894	207,000000E+0	2,690000E+0	7,099000E+0	402,520000E+3	12,000000E+0
895	206,000000E+0	2,690000E+0	7,099000E+0	402,561000E+3	12,000000E+0
896	216,000000E+0	2,690000E+0	7,099000E+0	402,601000E+3	12,000000E+0
897	222,000000E+0	8,070000E+0	7,099000E+0	402,640000E+3	12,000000E+0
898	208,000000E+0	2,690000E+0	7,099000E+0	402,681000E+3	12,000000E+0
899	216,000000E+0	2,690000E+0	7,099000E+0	402,721000E+3	12,000000E+0
900	217,000000E+0	8,070000E+0	7,099000E+0	402,761000E+3	12,000000E+0
901	207,000000E+0	2,690000E+0	7,099000E+0	402,802000E+3	12,000000E+0
902	210,000000E+0	2,690000E+0	7,099000E+0	402,842000E+3	12,000000E+0
903	221,000000E+0	5,380000E+0	7,099000E+0	402,882000E+3	12,000000E+0
904	209,000000E+0	8,070000E+0	7,099000E+0	402,922000E+3	12,000000E+0
905	207,000000E+0	2,690000E+0	7,328000E+0	402,963000E+3	12,000000E+0
906	207,000000E+0	2,690000E+0	7,099000E+0	403,002000E+3	12,000000E+0
907	218,000000E+0	2,690000E+0	7,328000E+0	403,042000E+3	12,000000E+0
908	201,000000E+0	2,690000E+0	7,099000E+0	403,082000E+3	12,000000E+0
909	205,000000E+0	8,070000E+0	7,328000E+0	403,123000E+3	12,000000E+0
910	214,000000E+0	2,690000E+0	7,099000E+0	403,162000E+3	12,000000E+0
911	215,000000E+0	2,690000E+0	7,099000E+0	403,201000E+3	12,000000E+0
912	203,000000E+0	2,690000E+0	7,328000E+0	403,241000E+3	12,000000E+0
913	210,000000E+0	8,070000E+0	7,099000E+0	403,281000E+3	12,000000E+0
914	206,000000E+0	2,690000E+0	7,099000E+0	403,320000E+3	12,000000E+0
915	210,000000E+0	2,690000E+0	7,099000E+0	403,360000E+3	12,000000E+0
916	208,000000E+0	2,690000E+0	7,328000E+0	403,399000E+3	12,000000E+0
917	217,000000E+0	8,070000E+0	7,328000E+0	403,439000E+3	12,000000E+0
918	223,000000E+0	5,380000E+0	7,328000E+0	403,479000E+3	12,000000E+0
919	215,000000E+0	2,690000E+0	7,328000E+0	403,519000E+3	12,000000E+0
920	221,000000E+0	5,380000E+0	7,328000E+0	403,559000E+3	12,000000E+0
921	208,000000E+0	5,380000E+0	7,328000E+0	403,599000E+3	12,000000E+0
922	203,000000E+0	5,380000E+0	7,328000E+0	403,639000E+3	12,000000E+0
923	222,000000E+0	5,380000E+0	7,328000E+0	403,680000E+3	12,000000E+0
924	203,000000E+0	8,070000E+0	7,328000E+0	403,719000E+3	12,000000E+0
925	217,000000E+0	5,380000E+0	7,328000E+0	403,759000E+3	12,000000E+0
926	214,000000E+0	8,070000E+0	7,328000E+0	403,798000E+3	12,000000E+0
927	210,000000E+0	8,070000E+0	7,099000E+0	403,837000E+3	12,000000E+0
928	209,000000E+0	8,070000E+0	7,099000E+0	403,877000E+3	12,000000E+0
929	217,000000E+0	5,380000E+0	7,099000E+0	403,918000E+3	12,000000E+0
930	203,000000E+0	8,070000E+0	7,328000E+0	403,956000E+3	12,000000E+0
931	209,000000E+0	5,380000E+0	7,328000E+0	403,997000E+3	12,000000E+0
932	209,000000E+0	8,070000E+0	7,328000E+0	404,038000E+3	12,000000E+0
933	216,000000E+0	5,380000E+0	7,099000E+0	404,079000E+3	12,000000E+0
934	205,000000E+0	5,380000E+0	7,328000E+0	404,120000E+3	12,000000E+0
935	211,000000E+0	2,690000E+0	6,870000E+0	404,159000E+3	12,000000E+0
936	209,000000E+0	2,690000E+0	7,328000E+0	404,201000E+3	12,000000E+0
937	214,000000E+0	5,380000E+0	6,870000E+0	404,240000E+3	12,000000E+0
938	202,000000E+0	5,380000E+0	7,328000E+0	404,280000E+3	12,000000E+0
939	201,000000E+0	8,070000E+0	6,870000E+0	404,319000E+3	12,000000E+0
940	215,000000E+0	5,380000E+0	7,099000E+0	404,358000E+3	12,000000E+0
941	218,000000E+0	5,380000E+0	7,099000E+0	404,397000E+3	12,000000E+0
942	220,000000E+0	5,380000E+0	6,870000E+0	404,437000E+3	12,000000E+0
943	206,000000E+0	5,380000E+0	7,099000E+0	404,478000E+3	12,000000E+0
944	209,000000E+0	8,070000E+0	6,870000E+0	404,517000E+3	12,000000E+0
945	219,000000E+0	2,690000E+0	7,099000E+0	404,558000E+3	12,000000E+0
946	210,000000E+0	8,070000E+0	7,099000E+0	404,596000E+3	12,000000E+0
947	208,000000E+0	5,380000E+0	7,099000E+0	404,637000E+3	12,000000E+0
948	201,000000E+0	5,380000E+0	7,099000E+0	404,678000E+3	12,000000E+0
949	222,000000E+0	5,380000E+0	7,099000E+0	404,716000E+3	12,000000E+0
950	207,000000E+0	5,380000E+0	7,099000E+0	404,756000E+3	12,000000E+0
951	204,000000E+0	5,380000E+0	7,099000E+0	404,799000E+3	12,000000E+0
952	224,000000E+0	5,380000E+0	7,328000E+0	404,848000E+3	12,000000E+0
953	218,000000E+0	5,380000E+0	7,328000E+0	404,900000E+3	12,000000E+0
954	214,000000E+0	8,070000E+0	7,328000E+0	404,950000E+3	12,000000E+0
955	214,000000E+0	5,380000E+0	7,328000E+0	404,992000E+3	12,000000E+0
956	218,000000E+0	2,690000E+0	7,099000E+0	405,032000E+3	12,000000E+0
957	212,000000E+0	8,070000E+0	7,328000E+0	405,073000E+3	12,000000E+0
958	223,000000E+0	2,690000E+0	7,328000E+0	405,112000E+3	12,000000E+0
959	216,000000E+0	2,690000E+0	7,328000E+0	405,153000E+3	12,000000E+0
960	216,000000E+0	5,380000E+0	7,328000E+0	405,194000E+3	12,000000E+0
961	216,000000E+0	2,690000E+0	7,099000E+0	405,233000E+3	12,000000E+0
962	205,000000E+0	5,380000E+0	7,328000E+0	405,274000E+3	12,000000E+0
963	218,000000E+0	5,380000E+0	7,099000E+0	405,312000E+3	12,000000E+0
964	219,000000E+0	2,690000E+0	7,328000E+0	405,353000E+3	12,000000E+0
965	213,000000E+0	5,380000E+0	7,328000E+0	405,393000E+3	12,000000E+0
966	221,000000E+0	5,380000E+0	7,328000E+0	405,435000E+3	12,000000E+0
967	216,000000E+0	8,070000E+0	7,328000E+0	405,484000E+3	12,000000E+0
968	215,000000E+0	2,690000E+0	7,328000E+0	405,524000E+3	12,000000E+0
969	223,000000E+0	5,380000E+0	7,328000E+0	405,562000E+3	12,000000E+0
970	207,000000E+0	5,380000E+0	7,328000E+0	405,602000E+3	12,000000E+0
971	211,000000E+0	2,690000E+0	7,328000E+0	405,642000E+3	12,000000E+0
972	208,000000E+0	2,690000E+0	7,328000E+0	405,684000E+3	12,000000E+0
973	220,000000E+0	2,690000E+0	7,328000E+0	405,724000E+3	12,000000E+0
974	206,000000E+0	2,690000E+0	7,099000E+0	405,763000E+3	12,000000E+0
975	217,000000E+0	2,690000E+0	7,328000E+0	405,803000E+3	12,000000E+0
976	216,000000E+0	2,690000E+0	7,099000E+0	405,842000E+3	12,000000E+0
977	222,000000E+0	5,380000E+0	7,099000E+0	405,881000E+3	12,000000E+0
978	213,000000E+0	8,070000E+0	7,099000E+0	405,920000E+3	12,000000E+0
979	204,000000E+0	5,380000E+0	7,099000E+0	405,960000E+3	12,000000E+0
980	211,000000E+0	2,690000E+0	7,099000E+0	406,000000E+3	12,000000E+0
981	214,000000E+0	8,070000E+0	7,099000E+0	406,040000E+3	12,000000E+0
982	214,000000E+0	8,070000E+0	7,099000E+0	406,079000E+3	12,000000E+0
983	202,000000E+0	2,690000E+0	7,099000E+0	406,119000E+3	12,000000E+0
984	210,000000E+0	8,070000E+0	6,870000E+0	406,157000E+3	12,000000E+0
985	198,000000E+0	2,690000E+0	6,870000E+0	406,195000E+3	12,000000E+0
986	215,000000E+0	5,380000E+0	7,099000E+0	406,234000E+3	12,000000E+0
987	194,000000E+0	2,690000E+0	6,870000E+0	406,273000E+3	12,000000E+0
988	205,000000E+0	2,690000E+0	6,870000E+0	406,311000E+3	12,000000E+0
989	210,000000E+0	5,380000E+0	6,870000E+0	406,350000E+3	12,000000E+0
990	203,000000E+0	8,070000E+0	6,870000E+0	406,387000E+3	12,000000E+0
991	196,000000E+0	5,380000E+0	6,870000E+0	406,426000E+3	12,000000E+0
992	192,000000E+0	5,380000E+0	6,870000E+0	406,465000E+3	12,000000E+0
993	205,000000E+0	2,690000E+0	6,870000E+0	406,503000E+3	12,000000E+0
994	209,000000E+0	5,380000E+0	6,870000E+0	406,541000E+3	12,000000E+0
995	209,000000E+0	2,690000E+0	6,870000E+0	406,581000E+3	12,000000E+0
996	215,000000E+0	5,380000E+0	7,099000E+0	406,620000E+3	12,000000E+0
997	215,000000E+0	5,380000E+0	7,099000E+0	406,661000E+3	12,000000E+0
998	208,000000E+0	2,690000E+0	7,099000E+0	406,700000E+3	12,000000E+0
999	208,000000E+0	2,690000E+0	7,099000E+0	406,740000E+3	12,000000E+0
1000	217,000000E+0	5,380000E+0	7,099000E+0	406,780000E+3	12,000000E+0
1001	219,000000E+0	5,380000E+0	7,099000E+0	406,820000E+3	12,000000E+0
1002	207,000000E+0	8,070000E+0	7,099000E+0	406,861000E+3	12,000000E+0
1003	209,000000E+0	2,690000E+0	7,099000E+0	406,901000E+3	12,000000E+0
1004	212,000000E+0	2,690000E+0	7,099000E+0	406,940000E+3	12,000000E+0
1005	210,000000E+0	2,690000E+0	7,328000E+0	406,980000E+3	12,000000E+0
1006	219,000000E+0	5,380000E+0	7,099000E+0	407,020000E+3	12,000000E+0
1007	208,000000E+0	8,070000E+0	7,328000E+0	407,061000E+3	12,000000E+0
1008	201,000000E+0	8,070000E+0	7,099000E+0	407,100000E+3	12,000000E+0
1009	203,000000E+0	5,380000E+0	7,328000E+0	407,140000E+3	12,000000E+0
1010	201,000000E+0	5,380000E+0	7,099000E+0	407,179000E+3	12,000000E+0
1011	203,000000E+0	5,380000E+0	7,328000E+0	407,220000E+3	12,000000E+0
1012	201,000000E+0	5,380000E+0	7,328000E+0	407,259000E+3	12,000000E+0
1013	215,000000E+0	2,690000E+0	7,328000E+0	407,299000E+3	12,000000E+0
1014	221,000000E+0	5,380000E+0	7,328000E+0	407,340000E+3	12,000000E+0
1015	211,000000E+0	8,070000E+0	7,328000E+0	407,381000E+3	12,000000E+0
1016	206,000000E+0	2,690000E+0	7,328000E+0	407,421000E+3	12,000000E+0
1017	215,000000E+0	2,690000E+0	7,328000E+0	407,461000E+3	12,000000E+0
1018	204,000000E+0	2,690000E+0	7,328000E+0	407,502000E+3	12,000000E+0
1019	214,000000E+0	8,070000E+0	7,328000E+0	407,541000E+3	12,000000E+0
1020	207,000000E+0	5,380000E+0	7,328000E+0	407,583000E+3	12,000000E+0
1021	223,000000E+0	5,380000E+0	7,557000E+0	407,623000E+3	12,000000E+0
1022	223,000000E+0	5,380000E+0	7,557000E+0	407,664000E+3	12,000000E+0
1023	211,000000E+0	5,380000E+0	7,328000E+0	407,704000E+3	12,000000E+0
1024	213,000000E+0	2,690000E+0	7,328000E+0	407,745000E+3	12,000000E+0
1025	216,000000E+0	5,380000E+0	7,557000E+0	407,786000E+3	12,000000E+0
1026	224,000000E+0	5,380000E+0	7,557000E+0	407,827000E+3	12,000000E+0
1027	221,000000E+0	2,690000E+0	7,557000E+0	407,867000E+3	12,000000E+0
1028	213,000000E+0	2,690000E+0	7,557000E+0	407,908000E+3	12,000000E+0
1029	210,000000E+0	5,380000E+0	7,557000E+0	407,949000E+3	12,000000E+0
1030	229,000000E+0	5,380000E+0	7,557000E+0	407,990000E+3	12,000000E+0
1031	212,000000E+0	2,690000E+0	7,557000E+0	408,032000E+3	12,000000E+0
1032	223,000000E+0	2,690000E+0	7,557000E+0	408,073000E+3	12,000000E+0
1033	222,000000E+0	8,070000E+0	7,557000E+0	408,115000E+3	12,000000E+0
1034	221,000000E+0	2,690000E+0	7,328000E+0	408,156000E+3	12,000000E+0
1035	228,000000E+0	5,380000E+0	7,557000E+0	408,199000E+3	12,000000E+0
1036	215,000000E+0	2,690000E+0	7,328000E+0	408,240000E+3	12,000000E+0
1037	216,000000E+0	2,690000E+0	7,328000E+0	408,281000E+3	12,000000E+0
1038	221,000000E+0	2,690000E+0	7,328000E+0	408,322000E+3	12,000000E+0
1039	229,000000E+0	5,380000E+0	7,328000E+0	408,364000E+3	12,000000E+0
1040	221,000000E+0	5,380000E+0	7,328000E+0	408,405000E+3	12,000000E+0
1041	222,000000E+0	5,380000E+0	7,328000E+0	408,446000E+3	12,000000E+0
1042	227,000000E+0	5,380000E+0	7,557000E+0	408,488000E+3	12,000000E+0
1043	211,000000E+0	2,690000E+0	7,099000E+0	408,529000E+3	12,000000E+0
1044	222,000000E+0	2,690000E+0	7,557000E+0	408,571000E+3	12,000000E+0
1045	216,000000E+0	2,690000E+0	7,099000E+0	408,611000E+3	12,000000E+0
1046	210,000000E+0	5,380000E+0	7,557000E+0	408,652000E+3	12,000000E+0
1047	225,000000E+0	5,380000E+0	7,328000E+0	408,693000E+3	12,000000E+0
1048	217,000000E+0	2,690000E+0	7,328000E+0	408,735000E+3	12,000000E+0
1049	216,000000E+0	5,380000E+0	7,328000E+0	408,775000E+3	12,000000E+0
1050	224,000000E+0	5,380000E+0	7,328000E+0	408,816000E+3	12,000000E+0
1051	206,000000E+0	2,690000E+0	7,328000E+0	408,856000E+3	12,000000E+0
1052	219,000000E+0	5,380000E+0	7,099000E+0	408,897000E+3	12,000000E+0
1053	210,000000E+0	2,690000E+0	7,328000E+0	408,938000E+3	12,000000E+0
1054	220,000000E+0	8,070000E+0	7,099000E+0	408,977000E+3	12,000000E+0
1055	212,000000E+0	2,690000E+0	7,328000E+0	409,020000E+3	12,000000E+0
1056	223,000000E+0	5,380000E+0	7,328000E+0	409,061000E+3	12,000000E+0
1057	207,000000E+0	2,690000E+0	7,328000E+0	409,102000E+3	12,000000E+0
1058	220,000000E+0	5,380000E+0	7,328000E+0	409,143000E+3	12,000000E+0
1059	213,000000E+0	5,380000E+0	7,328000E+0	409,184000E+3	12,000000E+0
1060	227,000000E+0	5,380000E+0	7,328000E+0	409,225000E+3	12,000000E+0
1061	217,000000E+0	2,690000E+0	7,557000E+0	409,267000E+3	12,000000E+0
1062	212,000000E+0	2,690000E+0	7,328000E+0	409,307000E+3	12,000000E+0
1063	224,000000E+0	5,380000E+0	7,557000E+0	409,350000E+3	12,000000E+0
1064	217,000000E+0	8,070000E+0	7,328000E+0	409,390000E+3	12,000000E+0
1065	217,000000E+0	5,380000E+0	7,328000E+0	409,431000E+3	12,000000E+0
1066	215,000000E+0	2,690000E+0	7,557000E+0	409,472000E+3	12,000000E+0
1067	225,000000E+0	2,690000E+0	7,328000E+0	409,513000E+3	12,000000E+0
1068	210,000000E+0	8,070000E+0	7,328000E+0	409,555000E+3	12,000000E+0
1069	221,000000E+0	2,690000E+0	7,099000E+0	409,595000E+3	12,000000E+0
1070	212,000000E+0	5,380000E+0	7,328000E+0	409,634000E+3	12,000000E+0
1071	215,000000E+0	2,690000E+0	7,099000E+0	409,672000E+3	12,000000E+0
1072	206,000000E+0	5,380000E+0	7,099000E+0	409,711000E+3	12,000000E+0
1073	220,000000E+0	2,690000E+0	7,099000E+0	409,751000E+3	12,000000E+0
1074	219,000000E+0	2,690000E+0	7,328000E+0	409,792000E+3	12,000000E+0
1075	219,000000E+0	5,380000E+0	7,328000E+0	409,832000E+3	12,000000E+0
1076	215,000000E+0	5,380000E+0	7,328000E+0	409,872000E+3	12,000000E+0
1077	202,000000E+0	5,380000E+0	7,328000E+0	409,911000E+3	12,000000E+0
1078	216,000000E+0	8,070000E+0	7,099000E+0	409,951000E+3	12,000000E+0
1079	210,000000E+0	8,070000E+0	7,099000E+0	409,990000E+3	12,000000E+0
1080	203,000000E+0	5,380000E+0	7,099000E+0	410,029000E+3	12,000000E+0
1081	216,000000E+0	2,690000E+0	7,099000E+0	410,069000E+3	12,000000E+0
1082	220,000000E+0	5,380000E+0	7,099000E+0	410,110000E+3	12,000000E+0
1083	224,000000E+0	5,380000E+0	7,099000E+0	410,150000E+3	12,000000E+0
1084	206,000000E+0	2,690000E+0	7,099000E+0	410,189000E+3	12,000000E+0
1085	203,000000E+0	2,690000E+0	7,099000E+0	410,230000E+3	12,000000E+0
1086	210,000000E+0	2,690000E+0	7,099000E+0	410,269000E+3	12,000000E+0
1087	210,000000E+0	8,070000E+0	7,099000E+0	410,308000E+3	12,000000E+0
1088	212,000000E+0	5,380000E+0	7,099000E+0	410,348000E+3	12,000000E+0
1089	200,000000E+0	2,690000E+0	7,099000E+0	410,387000E+3	12,000000E+0
1090	217,000000E+0	5,380000E+0	7,099000E+0	410,427000E+3	12,000000E+0
1091	212,000000E+0	2,690000E+0	7,099000E+0	410,466000E+3	12,000000E+0
1092	219,000000E+0	5,380000E+0	7,099000E+0	410,506000E+3	12,000000E+0
1093	214,000000E+0	5,380000E+0	7,099000E+0	410,546000E+3	12,000000E+0
1094	210,000000E+0	2,690000E+0	7,099000E+0	410,585000E+3	12,000000E+0
1095	199,000000E+0	2,690000E+0	7,099000E+0	410,624000E+3	12,000000E+0
1096	215,000000E+0	8,070000E+0	6,870000E+0	410,664000E+3	12,000000E+0
1097	205,000000E+0	2,690000E+0	7,099000E+0	410,703000E+3	12,000000E+0
1098	216,000000E+0	5,380000E+0	6,870000E+0	410,742000E+3	12,000000E+0
1099	212,000000E+0	2,690000E+0	6,870000E+0	410,781000E+3	12,000000E+0
1100	213,000000E+0	2,690000E+0	7,099000E+0	410,819000E+3	12,000000E+0
1101	211,000000E+0	2,690000E+0	7,099000E+0	410,861000E+3	12,000000E+0
1102	217,000000E+0	2,690000E+0	7,099000E+0	410,900000E+3	12,000000E+0
1103	220,000000E+0	2,690000E+0	7,099000E+0	410,940000E+3	12,000000E+0
1104	214,000000E+0	5,380000E+0	7,099000E+0	410,981000E+3	12,000000E+0
1105	213,000000E+0	2,690000E+0	7,099000E+0	411,020000E+3	12,000000E+0
1106	219,000000E+0	2,690000E+0	7,099000E+0	411,060000E+3	12,000000E+0
1107	210,000000E+0	2,690000E+0	7,099000E+0	411,100000E+3	12,000000E+0
1108	216,000000E+0	2,690000E+0	7,328000E+0	411,141000E+3	12,000000E+0
1109	221,000000E+0	2,690000E+0	7,099000E+0	411,179000E+3	12,000000E+0
1110	214,000000E+0	2,690000E+0	7,099000E+0	411,220000E+3	12,000000E+0
1111	209,000000E+0	5,380000E+0	7,328000E+0	411,261000E+3	12,000000E+0
1112	210,000000E+0	2,690000E+0	7,328000E+0	411,301000E+3	12,000000E+0
1113	217,000000E+0	2,690000E+0	7,328000E+0	411,341000E+3	12,000000E+0
1114	206,000000E+0	5,380000E+0	7,328000E+0	411,380000E+3	12,000000E+0
1115	211,000000E+0	2,690000E+0	7,328000E+0	411,421000E+3	12,000000E+0
1116	222,000000E+0	2,690000E+0	7,328000E+0	411,462000E+3	12,000000E+0
1117	207,000000E+0	8,070000E+0	7,328000E+0	411,502000E+3	12,000000E+0
1118	211,000000E+0	2,690000E+0	7,328000E+0	411,543000E+3	12,000000E+0
1119	224,000000E+0	2,690000E+0	7,328000E+0	411,583000E+3	12,000000E+0
1120	206,000000E+0	8,070000E+0	7,328000E+0	411,623000E+3	12,000000E+0
1121	211,000000E+0	2,690000E+0	7,328000E+0	411,664000E+3	12,000000E+0
1122	213,000000E+0	2,690000E+0	7,328000E+0	411,704000E+3	12,000000E+0
1123	221,000000E+0	5,380000E+0	7,328000E+0	411,744000E+3	12,000000E+0
1124	213,000000E+0	2,690000E+0	7,328000E+0	411,785000E+3	12,000000E+0
1125	21,760000E+3	-31,677440E+3	122,943556E+6	-1,342177E+9	160,800000E+0
1126	210,000000E+0	2,690000E+0	7,328000E+0	411,865000E+3	12,000000E+0
1127	202,000000E+0	2,690000E+0	7,328000E+0	411,904000E+3	12,000000E+0
1128	202,000000E+0	2,690000E+0	7,328000E+0	411,944000E+3	12,000000E+0
1129	213,000000E+0	2,690000E+0	7,328000E+0	411,984000E+3	12,000000E+0
1130	204,000000E+0	5,380000E+0	7,328000E+0	412,023000E+3	12,000000E+0
1131	205,000000E+0	2,690000E+0	7,328000E+0	412,064000E+3	12,000000E+0
1132	218,000000E+0	5,380000E+0	7,328000E+0	412,105000E+3	12,000000E+0
1133	203,000000E+0	5,380000E+0	7,328000E+0	412,144000E+3	12,000000E+0
1134	221,000000E+0	8,070000E+0	7,328000E+0	412,184000E+3	12,000000E+0
1135	222,000000E+0	5,380000E+0	7,328000E+0	412,226000E+3	12,000000E+0
1136	226,000000E+0	5,380000E+0	7,328000E+0	412,268000E+3	12,000000E+0
1137	215,000000E+0	2,690000E+0	7,328000E+0	412,309000E+3	12,000000E+0
1138	220,000000E+0	2,690000E+0	7,328000E+0	412,350000E+3	12,000000E+0
1139	213,000000E+0	5,380000E+0	7,328000E+0	412,392000E+3	12,000000E+0
1140	213,000000E+0	2,690000E+0	7,099000E+0	412,431000E+3	12,000000E+0
1141	223,000000E+0	2,690000E+0	7,328000E+0	412,473000E+3	12,000000E+0
1142	216,000000E+0	2,690000E+0	7,328000E+0	412,513000E+3	12,000000E+0
1143	215,000000E+0	5,380000E+0	7,328000E+0	412,556000E+3	12,000000E+0
1144	215,000000E+0	2,690000E+0	7,328000E+0	412,597000E+3	12,000000E+0
1145	213,000000E+0	2,690000E+0	7,328000E+0	412,639000E+3	12,000000E+0
1146	213,000000E+0	5,380000E+0	7,328000E+0	412,680000E+3	12,000000E+0
1147	213,000000E+0	2,690000E+0	7,099000E+0	412,722000E+3	12,000000E+0
1148	219,000000E+0	5,380000E+0	7,328000E+0	412,764000E+3	12,000000E+0
1149	209,000000E+0	2,690000E+0	7,099000E+0	412,813000E+3	12,000000E+0
1150	222,000000E+0	2,690000E+0	7,099000E+0	412,863000E+3	12,000000E+0
1151	217,000000E+0	8,070000E+0	7,099000E+0	412,903000E+3	12,000000E+0
1152	206,000000E+0	2,690000E+0	7,328000E+0	412,953000E+3	12,000000E+0
1153	220,000000E+0	2,690000E+0	7,099000E+0	412,993000E+3	12,000000E+0
1154	212,000000E+0	8,070000E+0	7,328000E+0	413,034000E+3	12,000000E+0
1155	214,000000E+0	2,690000E+0	7,099000E+0	413,074000E+3	12,000000E+0
1156	209,000000E+0	8,070000E+0	7,328000E+0	413,115000E+3	12,000000E+0
1157	220,000000E+0	5,380000E+0	7,099000E+0	413,156000E+3	12,000000E+0
1158	207,000000E+0	5,380000E+0	7,328000E+0	413,198000E+3	12,000000E+0
1159	218,000000E+0	5,380000E+0	7,328000E+0	413,238000E+3	12,000000E+0
1160	224,000000E+0	5,380000E+0	7,557000E+0	413,280000E+3	12,000000E+0
1161	221,000000E+0	2,690000E+0	7,557000E+0	413,321000E+3	12,000000E+0
1162	212,000000E+0	5,380000E+0	7,557000E+0	413,363000E+3	12,000000E+0
1163	228,000000E+0	2,690000E+0	7,557000E+0	413,404000E+3	12,000000E+0
1164	223,000000E+0	2,690000E+0	7,557000E+0	413,446000E+3	12,000000E+0
1165	227,000000E+0	2,690000E+0	7,328000E+0	413,487000E+3	12,000000E+0
1166	229,000000E+0	2,690000E+0	7,557000E+0	413,529000E+3	12,000000E+0
1167	219,000000E+0	8,070000E+0	7,557000E+0	413,571000E+3	12,000000E+0
1168	221,000000E+0	5,380000E+0	7,557000E+0	413,613000E+3	12,000000E+0
1169	222,000000E+0	5,380000E+0	7,557000E+0	413,654000E+3	12,000000E+0
1170	210,000000E+0	8,070000E+0	7,328000E+0	413,696000E+3	12,000000E+0
1171	221,000000E+0	2,690000E+0	7,557000E+0	413,735000E+3	12,000000E+0
1172	212,000000E+0	2,690000E+0	7,328000E+0	413,775000E+3	12,000000E+0
1173	219,000000E+0	2,690000E+0	7,557000E+0	413,816000E+3	12,000000E+0
1174	206,000000E+0	5,380000E+0	7,328000E+0	413,858000E+3	12,000000E+0
1175	220,000000E+0	2,690000E+0	7,557000E+0	413,899000E+3	12,000000E+0
1176	216,000000E+0	8,070000E+0	7,328000E+0	413,939000E+3	12,000000E+0
1177	216,000000E+0	2,690000E+0	7,328000E+0	413,979000E+3	12,000000E+0
1178	215,000000E+0	2,690000E+0	7,099000E+0	414,019000E+3	12,000000E+0
1179	220,000000E+0	5,380000E+0	7,099000E+0	414,058000E+3	12,000000E+0
1180	222,000000E+0	5,380000E+0	7,328000E+0	414,098000E+3	12,000000E+0
1181	209,000000E+0	5,380000E+0	7,328000E+0	414,137000E+3	12,000000E+0
1182	210,000000E+0	2,690000E+0	7,328000E+0	414,179000E+3	12,000000E+0
1183	216,000000E+0	2,690000E+0	7,099000E+0	414,218000E+3	12,000000E+0
1184	204,000000E+0	2,690000E+0	7,328000E+0	414,259000E+3	12,000000E+0
1185	208,000000E+0	5,380000E+0	7,099000E+0	414,298000E+3	12,000000E+0
1186	222,000000E+0	8,070000E+0	7,328000E+0	414,340000E+3	12,000000E+0
1187	201,000000E+0	2,690000E+0	7,099000E+0	414,379000E+3	12,000000E+0
1188	203,000000E+0	5,380000E+0	7,099000E+0	414,419000E+3	12,000000E+0
1189	216,000000E+0	2,690000E+0	7,099000E+0	414,459000E+3	12,000000E+0
1190	209,000000E+0	2,690000E+0	7,099000E+0	414,499000E+3	12,000000E+0
1191	205,000000E+0	2,690000E+0	7,099000E+0	414,539000E+3	12,000000E+0
1192	221,000000E+0	2,690000E+0	7,099000E+0	414,579000E+3	12,000000E+0
1193	204,000000E+0	5,380000E+0	7,099000E+0	414,620000E+3	12,000000E+0
1194	207,000000E+0	2,690000E+0	7,099000E+0	414,660000E+3	12,000000E+0
1195	215,000000E+0	2,690000E+0	7,099000E+0	414,700000E+3	12,000000E+0
1196	221,000000E+0	5,380000E+0	7,099000E+0	414,740000E+3	12,000000E+0
1197	219,000000E+0	2,690000E+0	7,099000E+0	414,781000E+3	12,000000E+0
1198	205,000000E+0	5,380000E+0	7,099000E+0	414,821000E+3	12,000000E+0
1199	213,000000E+0	2,690000E+0	7,099000E+0	414,861000E+3	12,000000E+0
1200	222,000000E+0	2,690000E+0	7,099000E+0	414,901000E+3	12,000000E+0
1201	212,000000E+0	2,690000E+0	7,099000E+0	414,940000E+3	12,000000E+0
1202	202,000000E+0	5,380000E+0	7,328000E+0	414,982000E+3	12,000000E+0
1203	211,000000E+0	2,690000E+0	7,099000E+0	415,021000E+3	12,000000E+0
1204	205,000000E+0	8,070000E+0	7,328000E+0	415,061000E+3	12,000000E+0
1205	215,000000E+0	2,690000E+0	7,099000E+0	415,102000E+3	12,000000E+0
1206	216,000000E+0	5,380000E+0	7,328000E+0	415,143000E+3	12,000000E+0
1207	216,000000E+0	5,380000E+0	7,328000E+0	415,183000E+3	12,000000E+0
1208	219,000000E+0	5,380000E+0	7,328000E+0	415,224000E+3	12,000000E+0
1209	223,000000E+0	5,380000E+0	7,328000E+0	415,265000E+3	12,000000E+0
1210	224,000000E+0	5,380000E+0	7,328000E+0	415,305000E+3	12,000000E+0
1211	213,000000E+0	2,690000E+0	7,328000E+0	415,346000E+3	12,000000E+0
1212	220,000000E+0	8,070000E+0	7,328000E+0	415,387000E+3	12,000000E+0
1213	216,000000E+0	2,690000E+0	7,328000E+0	415,428000E+3	12,000000E+0
1214	211,000000E+0	2,690000E+0	7,328000E+0	415,469000E+3	12,000000E+0
1215	220,000000E+0	2,690000E+0	7,557000E+0	415,510000E+3	12,000000E+0
1216	215,000000E+0	5,380000E+0	7,557000E+0	415,551000E+3	12,000000E+0
1217	217,000000E+0	2,690000E+0	7,557000E+0	415,593000E+3	12,000000E+0
1218	213,000000E+0	2,690000E+0	7,557000E+0	415,634000E+3	12,000000E+0
1219	222,000000E+0	2,690000E+0	7,557000E+0	415,675000E+3	12,000000E+0
1220	220,000000E+0	8,070000E+0	7,557000E+0	415,716000E+3	12,000000E+0
1221	224,000000E+0	8,070000E+0	7,557000E+0	415,758000E+3	12,000000E+0
1222	228,000000E+0	5,380000E+0	7,557000E+0	415,799000E+3	12,000000E+0
1223	230,000000E+0	5,380000E+0	7,557000E+0	415,841000E+3	12,000000E+0
1224	210,000000E+0	2,690000E+0	7,557000E+0	415,882000E+3	12,000000E+0
1225	214,000000E+0	2,690000E+0	7,557000E+0	415,924000E+3	12,000000E+0
1226	229,000000E+0	5,380000E+0	7,786000E+0	415,967000E+3	12,000000E+0
1227	221,000000E+0	2,690000E+0	7,557000E+0	416,008000E+3	12,000000E+0
1228	216,000000E+0	2,690000E+0	7,786000E+0	416,049000E+3	12,000000E+0
1229	223,000000E+0	2,690000E+0	7,557000E+0	416,090000E+3	12,000000E+0
1230	217,000000E+0	8,070000E+0	7,557000E+0	416,131000E+3	12,000000E+0
1231	224,000000E+0	2,690000E+0	7,557000E+0	416,173000E+3	12,000000E+0
1232	230,000000E+0	2,690000E+0	7,557000E+0	416,215000E+3	12,000000E+0
1233	217,000000E+0	8,070000E+0	7,557000E+0	416,256000E+3	12,000000E+0
1234	216,000000E+0	5,380000E+0	7,557000E+0	416,299000E+3	12,000000E+0
1235	217,000000E+0	2,690000E+0	7,557000E+0	416,341000E+3	12,000000E+0
1236	227,000000E+0	2,690000E+0	7,557000E+0	416,383000E+3	12,000000E+0
1237	222,000000E+0	2,690000E+0	7,557000E+0	416,424000E+3	12,000000E+0
1238	210,000000E+0	8,070000E+0	7,557000E+0	416,466000E+3	12,000000E+0
1239	224,000000E+0	5,380000E+0	7,557000E+0	416,509000E+3	12,000000E+0
1240	220,000000E+0	2,690000E+0	7,328000E+0	416,549000E+3	12,000000E+0
1241	230,000000E+0	5,380000E+0	7,557000E+0	416,592000E+3	12,000000E+0
1242	219,000000E+0	2,690000E+0	7,328000E+0	416,633000E+3	12,000000E+0
1243	214,000000E+0	5,380000E+0	7,557000E+0	416,675000E+3	12,000000E+0
1244	224,000000E+0	2,690000E+0	7,328000E+0	416,716000E+3	12,000000E+0
1245	228,000000E+0	5,380000E+0	7,557000E+0	416,760000E+3	12,000000E+0
1246	225,000000E+0	5,380000E+0	7,099000E+0	416,801000E+3	12,000000E+0
1247	212,000000E+0	5,380000E+0	7,557000E+0	416,843000E+3	12,000000E+0
1248	217,000000E+0	2,690000E+0	7,328000E+0	416,884000E+3	12,000000E+0
1249	222,000000E+0	2,690000E+0	7,786000E+0	416,927000E+3	12,000000E+0
1250	208,000000E+0	5,380000E+0	7,328000E+0	416,969000E+3	12,000000E+0
