mardi 23 janvier 2024	10:08:01	Sampling Period : 20  ms		
Unities: time [sample], PWM [raw], Current [mA], velocity [rev/min], Position [pulse], Present Input Voltage [V]

t	DXL_PWM		DXL_Current		DXL_Velocity		DXL_Position		DXL_Input_Voltage
0	-1,000000E+0	0,000000E+0	0,000000E+0	5,994000E+3	12,000000E+0
1	5,000000E+0	0,000000E+0	0,000000E+0	5,994000E+3	12,000000E+0
2	20,000000E+0	0,000000E+0	0,000000E+0	5,995000E+3	12,000000E+0
3	27,000000E+0	0,000000E+0	458,000000E-3	5,999000E+3	12,000000E+0
4	29,000000E+0	0,000000E+0	687,000000E-3	6,004000E+3	12,000000E+0
5	30,000000E+0	0,000000E+0	687,000000E-3	6,009000E+3	12,000000E+0
6	31,000000E+0	0,000000E+0	687,000000E-3	6,013000E+3	12,000000E+0
7	30,000000E+0	0,000000E+0	916,000000E-3	6,019000E+3	12,000000E+0
8	30,000000E+0	0,000000E+0	916,000000E-3	6,024000E+3	12,000000E+0
9	30,000000E+0	0,000000E+0	916,000000E-3	6,029000E+3	12,000000E+0
10	30,000000E+0	0,000000E+0	687,000000E-3	6,034000E+3	12,000000E+0
11	30,000000E+0	0,000000E+0	687,000000E-3	6,038000E+3	12,000000E+0
12	30,000000E+0	0,000000E+0	687,000000E-3	6,044000E+3	12,000000E+0
13	30,000000E+0	0,000000E+0	916,000000E-3	6,048000E+3	12,000000E+0
14	29,000000E+0	0,000000E+0	916,000000E-3	6,053000E+3	12,000000E+0
15	29,000000E+0	0,000000E+0	916,000000E-3	6,058000E+3	12,000000E+0
16	29,000000E+0	0,000000E+0	916,000000E-3	6,063000E+3	12,000000E+0
17	29,000000E+0	0,000000E+0	687,000000E-3	6,068000E+3	12,000000E+0
18	29,000000E+0	0,000000E+0	916,000000E-3	6,073000E+3	12,000000E+0
19	29,000000E+0	0,000000E+0	687,000000E-3	6,078000E+3	12,000000E+0
20	29,000000E+0	0,000000E+0	687,000000E-3	6,083000E+3	12,000000E+0
21	29,000000E+0	0,000000E+0	687,000000E-3	6,087000E+3	12,000000E+0
22	30,000000E+0	0,000000E+0	687,000000E-3	6,093000E+3	12,000000E+0
23	30,000000E+0	0,000000E+0	687,000000E-3	6,097000E+3	12,000000E+0
24	30,000000E+0	0,000000E+0	687,000000E-3	6,103000E+3	12,000000E+0
25	30,000000E+0	0,000000E+0	916,000000E-3	6,107000E+3	12,000000E+0
26	30,000000E+0	0,000000E+0	916,000000E-3	6,112000E+3	12,000000E+0
27	30,000000E+0	0,000000E+0	687,000000E-3	6,117000E+3	12,000000E+0
28	29,000000E+0	0,000000E+0	916,000000E-3	6,122000E+3	12,000000E+0
29	29,000000E+0	0,000000E+0	687,000000E-3	6,127000E+3	12,000000E+0
30	29,000000E+0	0,000000E+0	916,000000E-3	6,132000E+3	12,000000E+0
31	29,000000E+0	0,000000E+0	687,000000E-3	6,137000E+3	12,000000E+0
32	29,000000E+0	0,000000E+0	687,000000E-3	6,141000E+3	12,000000E+0
33	30,000000E+0	0,000000E+0	916,000000E-3	6,147000E+3	12,000000E+0
34	30,000000E+0	0,000000E+0	916,000000E-3	6,152000E+3	12,000000E+0
35	29,000000E+0	0,000000E+0	916,000000E-3	6,156000E+3	12,000000E+0
36	29,000000E+0	0,000000E+0	916,000000E-3	6,162000E+3	12,000000E+0
37	29,000000E+0	0,000000E+0	916,000000E-3	6,167000E+3	12,000000E+0
38	29,000000E+0	0,000000E+0	916,000000E-3	6,172000E+3	12,000000E+0
39	29,000000E+0	0,000000E+0	916,000000E-3	6,176000E+3	12,000000E+0
40	29,000000E+0	0,000000E+0	687,000000E-3	6,181000E+3	12,000000E+0
41	30,000000E+0	0,000000E+0	687,000000E-3	6,186000E+3	12,000000E+0
42	29,000000E+0	0,000000E+0	916,000000E-3	6,191000E+3	12,000000E+0
43	30,000000E+0	0,000000E+0	687,000000E-3	6,196000E+3	12,000000E+0
44	30,000000E+0	0,000000E+0	916,000000E-3	6,201000E+3	12,000000E+0
45	30,000000E+0	0,000000E+0	916,000000E-3	6,206000E+3	12,000000E+0
46	29,000000E+0	0,000000E+0	916,000000E-3	6,211000E+3	12,000000E+0
47	29,000000E+0	0,000000E+0	916,000000E-3	6,216000E+3	12,000000E+0
48	29,000000E+0	0,000000E+0	687,000000E-3	6,221000E+3	12,000000E+0
49	29,000000E+0	0,000000E+0	687,000000E-3	6,225000E+3	12,000000E+0
50	29,000000E+0	0,000000E+0	916,000000E-3	6,230000E+3	12,000000E+0
51	30,000000E+0	0,000000E+0	687,000000E-3	6,235000E+3	12,000000E+0
52	30,000000E+0	0,000000E+0	687,000000E-3	6,240000E+3	12,000000E+0
53	30,000000E+0	0,000000E+0	916,000000E-3	6,245000E+3	12,000000E+0
54	30,000000E+0	0,000000E+0	687,000000E-3	6,250000E+3	12,000000E+0
55	30,000000E+0	0,000000E+0	916,000000E-3	6,255000E+3	12,000000E+0
56	29,000000E+0	0,000000E+0	916,000000E-3	6,259000E+3	12,000000E+0
57	29,000000E+0	0,000000E+0	916,000000E-3	6,264000E+3	12,000000E+0
58	29,000000E+0	0,000000E+0	687,000000E-3	6,269000E+3	12,000000E+0
59	29,000000E+0	0,000000E+0	687,000000E-3	6,274000E+3	12,000000E+0
60	30,000000E+0	0,000000E+0	916,000000E-3	6,279000E+3	12,000000E+0
61	30,000000E+0	0,000000E+0	687,000000E-3	6,284000E+3	12,000000E+0
62	30,000000E+0	0,000000E+0	687,000000E-3	6,289000E+3	12,000000E+0
63	30,000000E+0	0,000000E+0	916,000000E-3	6,294000E+3	12,000000E+0
64	30,000000E+0	0,000000E+0	687,000000E-3	6,299000E+3	12,000000E+0
65	31,000000E+0	0,000000E+0	687,000000E-3	6,304000E+3	12,000000E+0
66	30,000000E+0	0,000000E+0	916,000000E-3	6,309000E+3	12,000000E+0
67	30,000000E+0	0,000000E+0	916,000000E-3	6,315000E+3	12,000000E+0
68	30,000000E+0	0,000000E+0	687,000000E-3	6,319000E+3	12,000000E+0
69	30,000000E+0	0,000000E+0	687,000000E-3	6,324000E+3	12,000000E+0
70	29,000000E+0	0,000000E+0	916,000000E-3	6,329000E+3	12,000000E+0
71	30,000000E+0	0,000000E+0	687,000000E-3	6,334000E+3	12,000000E+0
72	30,000000E+0	0,000000E+0	916,000000E-3	6,340000E+3	12,000000E+0
73	29,000000E+0	0,000000E+0	687,000000E-3	6,345000E+3	12,000000E+0
74	29,000000E+0	0,000000E+0	916,000000E-3	6,350000E+3	12,000000E+0
75	29,000000E+0	0,000000E+0	916,000000E-3	6,355000E+3	12,000000E+0
76	29,000000E+0	0,000000E+0	687,000000E-3	6,360000E+3	12,000000E+0
77	29,000000E+0	0,000000E+0	687,000000E-3	6,365000E+3	12,000000E+0
78	30,000000E+0	0,000000E+0	687,000000E-3	6,368000E+3	12,000000E+0
79	30,000000E+0	0,000000E+0	687,000000E-3	6,373000E+3	12,000000E+0
80	30,000000E+0	0,000000E+0	687,000000E-3	6,379000E+3	12,000000E+0
81	29,000000E+0	0,000000E+0	916,000000E-3	6,384000E+3	12,000000E+0
82	30,000000E+0	0,000000E+0	687,000000E-3	6,389000E+3	12,000000E+0
83	29,000000E+0	0,000000E+0	916,000000E-3	6,394000E+3	12,000000E+0
84	29,000000E+0	0,000000E+0	916,000000E-3	6,399000E+3	12,000000E+0
85	28,000000E+0	0,000000E+0	687,000000E-3	6,404000E+3	12,000000E+0
86	29,000000E+0	0,000000E+0	687,000000E-3	6,409000E+3	12,000000E+0
87	29,000000E+0	0,000000E+0	687,000000E-3	6,413000E+3	12,000000E+0
88	29,000000E+0	0,000000E+0	687,000000E-3	6,419000E+3	12,000000E+0
89	29,000000E+0	0,000000E+0	916,000000E-3	6,425000E+3	12,000000E+0
90	28,000000E+0	0,000000E+0	916,000000E-3	6,430000E+3	12,000000E+0
91	28,000000E+0	0,000000E+0	687,000000E-3	6,435000E+3	12,000000E+0
92	29,000000E+0	0,000000E+0	687,000000E-3	6,441000E+3	12,000000E+0
93	29,000000E+0	0,000000E+0	916,000000E-3	6,447000E+3	12,000000E+0
94	30,000000E+0	0,000000E+0	687,000000E-3	6,451000E+3	12,000000E+0
95	30,000000E+0	0,000000E+0	687,000000E-3	6,456000E+3	12,000000E+0
96	31,000000E+0	0,000000E+0	687,000000E-3	6,461000E+3	12,000000E+0
97	31,000000E+0	0,000000E+0	687,000000E-3	6,466000E+3	12,000000E+0
98	31,000000E+0	0,000000E+0	916,000000E-3	6,471000E+3	12,000000E+0
99	30,000000E+0	0,000000E+0	916,000000E-3	6,476000E+3	12,000000E+0
100	30,000000E+0	0,000000E+0	916,000000E-3	6,481000E+3	12,000000E+0
101	30,000000E+0	0,000000E+0	916,000000E-3	6,486000E+3	12,000000E+0
102	29,000000E+0	0,000000E+0	687,000000E-3	6,491000E+3	12,000000E+0
103	29,000000E+0	0,000000E+0	916,000000E-3	6,496000E+3	12,000000E+0
104	28,000000E+0	0,000000E+0	916,000000E-3	6,501000E+3	12,000000E+0
105	28,000000E+0	0,000000E+0	687,000000E-3	6,506000E+3	12,000000E+0
106	29,000000E+0	0,000000E+0	916,000000E-3	6,511000E+3	12,000000E+0
107	29,000000E+0	0,000000E+0	916,000000E-3	6,515000E+3	12,000000E+0
108	28,000000E+0	0,000000E+0	687,000000E-3	6,520000E+3	12,000000E+0
109	29,000000E+0	0,000000E+0	687,000000E-3	6,525000E+3	12,000000E+0
110	29,000000E+0	0,000000E+0	916,000000E-3	6,530000E+3	12,000000E+0
111	30,000000E+0	0,000000E+0	687,000000E-3	6,535000E+3	12,000000E+0
112	30,000000E+0	0,000000E+0	687,000000E-3	6,539000E+3	12,000000E+0
113	30,000000E+0	0,000000E+0	916,000000E-3	6,545000E+3	12,000000E+0
114	31,000000E+0	0,000000E+0	687,000000E-3	6,549000E+3	12,000000E+0
115	32,000000E+0	0,000000E+0	687,000000E-3	6,554000E+3	12,000000E+0
116	30,000000E+0	0,000000E+0	916,000000E-3	6,559000E+3	12,000000E+0
117	30,000000E+0	0,000000E+0	916,000000E-3	6,565000E+3	12,000000E+0
118	30,000000E+0	0,000000E+0	687,000000E-3	6,570000E+3	12,000000E+0
119	30,000000E+0	0,000000E+0	687,000000E-3	6,574000E+3	12,000000E+0
120	29,000000E+0	0,000000E+0	916,000000E-3	6,580000E+3	12,000000E+0
121	29,000000E+0	0,000000E+0	916,000000E-3	6,585000E+3	12,000000E+0
122	29,000000E+0	0,000000E+0	687,000000E-3	6,590000E+3	12,000000E+0
123	29,000000E+0	0,000000E+0	687,000000E-3	6,595000E+3	12,000000E+0
124	29,000000E+0	0,000000E+0	687,000000E-3	6,600000E+3	12,000000E+0
125	29,000000E+0	0,000000E+0	687,000000E-3	6,605000E+3	12,000000E+0
126	29,000000E+0	0,000000E+0	687,000000E-3	6,610000E+3	12,000000E+0
127	29,000000E+0	0,000000E+0	916,000000E-3	6,615000E+3	12,000000E+0
128	29,000000E+0	0,000000E+0	687,000000E-3	6,620000E+3	12,000000E+0
129	29,000000E+0	0,000000E+0	916,000000E-3	6,624000E+3	12,000000E+0
130	29,000000E+0	0,000000E+0	687,000000E-3	6,629000E+3	12,000000E+0
131	30,000000E+0	0,000000E+0	687,000000E-3	6,633000E+3	12,000000E+0
132	31,000000E+0	0,000000E+0	687,000000E-3	6,638000E+3	12,000000E+0
133	31,000000E+0	0,000000E+0	916,000000E-3	6,643000E+3	12,000000E+0
134	31,000000E+0	0,000000E+0	916,000000E-3	6,648000E+3	12,000000E+0
135	29,000000E+0	0,000000E+0	916,000000E-3	6,654000E+3	12,000000E+0
136	30,000000E+0	0,000000E+0	687,000000E-3	6,659000E+3	12,000000E+0
137	30,000000E+0	0,000000E+0	916,000000E-3	6,664000E+3	12,000000E+0
138	30,000000E+0	0,000000E+0	916,000000E-3	6,669000E+3	12,000000E+0
139	30,000000E+0	0,000000E+0	687,000000E-3	6,674000E+3	12,000000E+0
140	30,000000E+0	0,000000E+0	916,000000E-3	6,679000E+3	12,000000E+0
141	28,000000E+0	0,000000E+0	916,000000E-3	6,685000E+3	12,000000E+0
142	29,000000E+0	0,000000E+0	687,000000E-3	6,690000E+3	12,000000E+0
143	29,000000E+0	0,000000E+0	687,000000E-3	6,695000E+3	12,000000E+0
144	29,000000E+0	0,000000E+0	916,000000E-3	6,700000E+3	12,000000E+0
145	29,000000E+0	0,000000E+0	916,000000E-3	6,705000E+3	12,000000E+0
146	29,000000E+0	0,000000E+0	687,000000E-3	6,710000E+3	12,000000E+0
147	30,000000E+0	0,000000E+0	687,000000E-3	6,715000E+3	12,000000E+0
148	30,000000E+0	0,000000E+0	687,000000E-3	6,720000E+3	12,000000E+0
149	31,000000E+0	0,000000E+0	687,000000E-3	6,725000E+3	12,000000E+0
150	30,000000E+0	0,000000E+0	916,000000E-3	6,729000E+3	12,000000E+0
151	30,000000E+0	0,000000E+0	916,000000E-3	6,735000E+3	12,000000E+0
152	30,000000E+0	0,000000E+0	687,000000E-3	6,740000E+3	12,000000E+0
153	30,000000E+0	0,000000E+0	687,000000E-3	6,745000E+3	12,000000E+0
154	30,000000E+0	0,000000E+0	687,000000E-3	6,750000E+3	12,000000E+0
155	30,000000E+0	0,000000E+0	916,000000E-3	6,756000E+3	12,000000E+0
156	30,000000E+0	0,000000E+0	916,000000E-3	6,762000E+3	12,000000E+0
157	29,000000E+0	0,000000E+0	687,000000E-3	6,767000E+3	12,000000E+0
158	30,000000E+0	0,000000E+0	687,000000E-3	6,771000E+3	12,000000E+0
159	30,000000E+0	0,000000E+0	687,000000E-3	6,776000E+3	12,000000E+0
160	30,000000E+0	0,000000E+0	916,000000E-3	6,781000E+3	12,000000E+0
161	30,000000E+0	0,000000E+0	916,000000E-3	6,786000E+3	12,000000E+0
162	29,000000E+0	0,000000E+0	916,000000E-3	6,792000E+3	12,000000E+0
163	30,000000E+0	0,000000E+0	687,000000E-3	6,796000E+3	12,000000E+0
164	30,000000E+0	0,000000E+0	687,000000E-3	6,801000E+3	12,000000E+0
165	30,000000E+0	0,000000E+0	687,000000E-3	6,806000E+3	12,000000E+0
166	30,000000E+0	0,000000E+0	687,000000E-3	6,811000E+3	12,000000E+0
167	30,000000E+0	0,000000E+0	687,000000E-3	6,816000E+3	12,000000E+0
168	30,000000E+0	0,000000E+0	916,000000E-3	6,821000E+3	12,000000E+0
169	29,000000E+0	0,000000E+0	916,000000E-3	6,828000E+3	12,000000E+0
170	31,000000E+0	0,000000E+0	687,000000E-3	6,832000E+3	12,000000E+0
171	30,000000E+0	0,000000E+0	916,000000E-3	6,838000E+3	12,000000E+0
172	30,000000E+0	0,000000E+0	916,000000E-3	6,842000E+3	12,000000E+0
173	30,000000E+0	0,000000E+0	916,000000E-3	6,848000E+3	12,000000E+0
174	30,000000E+0	0,000000E+0	687,000000E-3	6,852000E+3	12,000000E+0
175	31,000000E+0	0,000000E+0	687,000000E-3	6,857000E+3	12,000000E+0
176	30,000000E+0	0,000000E+0	916,000000E-3	6,863000E+3	12,000000E+0
177	29,000000E+0	0,000000E+0	916,000000E-3	6,868000E+3	12,000000E+0
178	30,000000E+0	0,000000E+0	687,000000E-3	6,873000E+3	12,000000E+0
179	29,000000E+0	0,000000E+0	916,000000E-3	6,878000E+3	12,000000E+0
180	30,000000E+0	0,000000E+0	687,000000E-3	6,884000E+3	12,000000E+0
181	29,000000E+0	0,000000E+0	916,000000E-3	6,889000E+3	12,000000E+0
182	30,000000E+0	0,000000E+0	687,000000E-3	6,894000E+3	12,000000E+0
183	30,000000E+0	0,000000E+0	687,000000E-3	6,899000E+3	12,000000E+0
184	30,000000E+0	0,000000E+0	687,000000E-3	6,904000E+3	12,000000E+0
185	30,000000E+0	0,000000E+0	687,000000E-3	6,908000E+3	12,000000E+0
186	30,000000E+0	0,000000E+0	916,000000E-3	6,913000E+3	12,000000E+0
187	30,000000E+0	0,000000E+0	687,000000E-3	6,919000E+3	12,000000E+0
188	30,000000E+0	0,000000E+0	916,000000E-3	6,923000E+3	12,000000E+0
189	30,000000E+0	0,000000E+0	916,000000E-3	6,928000E+3	12,000000E+0
190	30,000000E+0	0,000000E+0	916,000000E-3	6,934000E+3	12,000000E+0
191	30,000000E+0	0,000000E+0	687,000000E-3	6,939000E+3	12,000000E+0
192	30,000000E+0	0,000000E+0	687,000000E-3	6,944000E+3	12,000000E+0
193	29,000000E+0	0,000000E+0	916,000000E-3	6,949000E+3	12,000000E+0
194	30,000000E+0	0,000000E+0	687,000000E-3	6,954000E+3	12,000000E+0
195	30,000000E+0	0,000000E+0	916,000000E-3	6,959000E+3	12,000000E+0
196	30,000000E+0	0,000000E+0	687,000000E-3	6,964000E+3	12,000000E+0
197	30,000000E+0	0,000000E+0	916,000000E-3	6,969000E+3	12,000000E+0
198	30,000000E+0	0,000000E+0	687,000000E-3	6,974000E+3	12,000000E+0
199	30,000000E+0	0,000000E+0	916,000000E-3	6,979000E+3	12,000000E+0
200	30,000000E+0	0,000000E+0	687,000000E-3	6,984000E+3	12,000000E+0
201	30,000000E+0	0,000000E+0	687,000000E-3	6,989000E+3	12,000000E+0
202	30,000000E+0	0,000000E+0	687,000000E-3	6,994000E+3	12,000000E+0
203	30,000000E+0	0,000000E+0	916,000000E-3	6,999000E+3	12,000000E+0
204	30,000000E+0	0,000000E+0	687,000000E-3	7,004000E+3	12,000000E+0
205	30,000000E+0	0,000000E+0	916,000000E-3	7,009000E+3	12,000000E+0
206	30,000000E+0	0,000000E+0	916,000000E-3	7,014000E+3	12,000000E+0
207	30,000000E+0	0,000000E+0	687,000000E-3	7,018000E+3	12,000000E+0
208	30,000000E+0	0,000000E+0	687,000000E-3	7,023000E+3	12,000000E+0
209	30,000000E+0	0,000000E+0	916,000000E-3	7,029000E+3	12,000000E+0
210	30,000000E+0	0,000000E+0	916,000000E-3	7,034000E+3	12,000000E+0
211	30,000000E+0	0,000000E+0	687,000000E-3	7,039000E+3	12,000000E+0
212	30,000000E+0	0,000000E+0	687,000000E-3	7,044000E+3	12,000000E+0
213	30,000000E+0	0,000000E+0	687,000000E-3	7,048000E+3	12,000000E+0
214	29,000000E+0	0,000000E+0	916,000000E-3	7,054000E+3	12,000000E+0
215	30,000000E+0	0,000000E+0	916,000000E-3	7,059000E+3	12,000000E+0
216	30,000000E+0	0,000000E+0	916,000000E-3	7,064000E+3	12,000000E+0
217	29,000000E+0	0,000000E+0	916,000000E-3	7,069000E+3	12,000000E+0
218	31,000000E+0	0,000000E+0	687,000000E-3	7,074000E+3	12,000000E+0
219	31,000000E+0	0,000000E+0	687,000000E-3	7,080000E+3	12,000000E+0
220	31,000000E+0	0,000000E+0	916,000000E-3	7,085000E+3	12,000000E+0
221	30,000000E+0	0,000000E+0	916,000000E-3	7,090000E+3	12,000000E+0
222	30,000000E+0	0,000000E+0	916,000000E-3	7,095000E+3	12,000000E+0
223	30,000000E+0	0,000000E+0	687,000000E-3	7,100000E+3	12,000000E+0
224	30,000000E+0	0,000000E+0	916,000000E-3	7,105000E+3	12,000000E+0
225	31,000000E+0	0,000000E+0	916,000000E-3	7,110000E+3	12,000000E+0
226	30,000000E+0	0,000000E+0	687,000000E-3	7,115000E+3	12,000000E+0
227	30,000000E+0	0,000000E+0	916,000000E-3	7,121000E+3	12,000000E+0
228	30,000000E+0	0,000000E+0	687,000000E-3	7,126000E+3	12,000000E+0
229	31,000000E+0	0,000000E+0	687,000000E-3	7,131000E+3	12,000000E+0
230	30,000000E+0	0,000000E+0	916,000000E-3	7,136000E+3	12,000000E+0
231	30,000000E+0	0,000000E+0	916,000000E-3	7,141000E+3	12,000000E+0
232	31,000000E+0	0,000000E+0	687,000000E-3	7,146000E+3	12,000000E+0
233	30,000000E+0	0,000000E+0	916,000000E-3	7,151000E+3	12,000000E+0
234	30,000000E+0	0,000000E+0	687,000000E-3	7,158000E+3	12,000000E+0
235	30,000000E+0	0,000000E+0	687,000000E-3	7,163000E+3	12,000000E+0
236	31,000000E+0	0,000000E+0	687,000000E-3	7,167000E+3	12,000000E+0
237	31,000000E+0	0,000000E+0	916,000000E-3	7,172000E+3	12,000000E+0
238	30,000000E+0	0,000000E+0	916,000000E-3	7,178000E+3	12,000000E+0
239	30,000000E+0	0,000000E+0	687,000000E-3	7,183000E+3	12,000000E+0
240	31,000000E+0	0,000000E+0	687,000000E-3	7,187000E+3	12,000000E+0
241	31,000000E+0	0,000000E+0	916,000000E-3	7,193000E+3	12,000000E+0
242	30,000000E+0	0,000000E+0	916,000000E-3	7,198000E+3	12,000000E+0
243	30,000000E+0	0,000000E+0	916,000000E-3	7,204000E+3	12,000000E+0
244	30,000000E+0	0,000000E+0	687,000000E-3	7,209000E+3	12,000000E+0
245	30,000000E+0	0,000000E+0	916,000000E-3	7,214000E+3	12,000000E+0
246	30,000000E+0	0,000000E+0	687,000000E-3	7,219000E+3	12,000000E+0
247	30,000000E+0	0,000000E+0	687,000000E-3	7,223000E+3	12,000000E+0
248	30,000000E+0	0,000000E+0	916,000000E-3	7,229000E+3	12,000000E+0
249	30,000000E+0	0,000000E+0	916,000000E-3	7,234000E+3	12,000000E+0
250	30,000000E+0	0,000000E+0	687,000000E-3	7,239000E+3	12,000000E+0
251	30,000000E+0	0,000000E+0	916,000000E-3	7,244000E+3	12,000000E+0
252	29,000000E+0	0,000000E+0	916,000000E-3	7,250000E+3	12,000000E+0
253	30,000000E+0	0,000000E+0	687,000000E-3	7,254000E+3	12,000000E+0
254	30,000000E+0	0,000000E+0	916,000000E-3	7,259000E+3	12,000000E+0
255	30,000000E+0	0,000000E+0	916,000000E-3	7,264000E+3	12,000000E+0
256	30,000000E+0	0,000000E+0	687,000000E-3	7,269000E+3	12,000000E+0
257	30,000000E+0	0,000000E+0	687,000000E-3	7,274000E+3	12,000000E+0
258	30,000000E+0	0,000000E+0	916,000000E-3	7,279000E+3	12,000000E+0
259	31,000000E+0	0,000000E+0	687,000000E-3	7,284000E+3	12,000000E+0
260	30,000000E+0	0,000000E+0	687,000000E-3	7,289000E+3	12,000000E+0
261	30,000000E+0	0,000000E+0	916,000000E-3	7,294000E+3	12,000000E+0
262	30,000000E+0	0,000000E+0	916,000000E-3	7,299000E+3	12,000000E+0
263	30,000000E+0	0,000000E+0	687,000000E-3	7,304000E+3	12,000000E+0
264	30,000000E+0	0,000000E+0	687,000000E-3	7,309000E+3	12,000000E+0
265	29,000000E+0	0,000000E+0	916,000000E-3	7,315000E+3	12,000000E+0
266	30,000000E+0	0,000000E+0	687,000000E-3	7,320000E+3	12,000000E+0
267	30,000000E+0	0,000000E+0	687,000000E-3	7,325000E+3	12,000000E+0
268	30,000000E+0	0,000000E+0	916,000000E-3	7,330000E+3	12,000000E+0
269	29,000000E+0	0,000000E+0	916,000000E-3	7,335000E+3	12,000000E+0
270	30,000000E+0	0,000000E+0	687,000000E-3	7,340000E+3	12,000000E+0
271	30,000000E+0	0,000000E+0	687,000000E-3	7,346000E+3	12,000000E+0
272	30,000000E+0	0,000000E+0	687,000000E-3	7,351000E+3	12,000000E+0
273	31,000000E+0	0,000000E+0	687,000000E-3	7,356000E+3	12,000000E+0
274	31,000000E+0	0,000000E+0	687,000000E-3	7,361000E+3	12,000000E+0
275	30,000000E+0	0,000000E+0	916,000000E-3	7,366000E+3	12,000000E+0
276	30,000000E+0	0,000000E+0	916,000000E-3	7,371000E+3	12,000000E+0
277	30,000000E+0	0,000000E+0	687,000000E-3	7,376000E+3	12,000000E+0
278	29,000000E+0	0,000000E+0	916,000000E-3	7,381000E+3	12,000000E+0
279	29,000000E+0	0,000000E+0	687,000000E-3	7,386000E+3	12,000000E+0
280	30,000000E+0	0,000000E+0	687,000000E-3	7,391000E+3	12,000000E+0
281	30,000000E+0	0,000000E+0	687,000000E-3	7,396000E+3	12,000000E+0
282	29,000000E+0	0,000000E+0	916,000000E-3	7,401000E+3	12,000000E+0
283	30,000000E+0	0,000000E+0	687,000000E-3	7,406000E+3	12,000000E+0
284	30,000000E+0	0,000000E+0	916,000000E-3	7,411000E+3	12,000000E+0
285	30,000000E+0	0,000000E+0	916,000000E-3	7,416000E+3	12,000000E+0
286	29,000000E+0	0,000000E+0	916,000000E-3	7,421000E+3	12,000000E+0
287	30,000000E+0	0,000000E+0	687,000000E-3	7,426000E+3	12,000000E+0
288	30,000000E+0	0,000000E+0	687,000000E-3	7,431000E+3	12,000000E+0
289	31,000000E+0	0,000000E+0	687,000000E-3	7,436000E+3	12,000000E+0
290	31,000000E+0	0,000000E+0	687,000000E-3	7,441000E+3	12,000000E+0
291	31,000000E+0	0,000000E+0	916,000000E-3	7,446000E+3	12,000000E+0
292	31,000000E+0	0,000000E+0	916,000000E-3	7,451000E+3	12,000000E+0
293	30,000000E+0	0,000000E+0	916,000000E-3	7,457000E+3	12,000000E+0
294	30,000000E+0	0,000000E+0	687,000000E-3	7,462000E+3	12,000000E+0
295	29,000000E+0	0,000000E+0	916,000000E-3	7,467000E+3	12,000000E+0
296	30,000000E+0	0,000000E+0	916,000000E-3	7,473000E+3	12,000000E+0
297	30,000000E+0	0,000000E+0	916,000000E-3	7,478000E+3	12,000000E+0
298	30,000000E+0	0,000000E+0	687,000000E-3	7,482000E+3	12,000000E+0
299	29,000000E+0	0,000000E+0	916,000000E-3	7,487000E+3	12,000000E+0
300	29,000000E+0	0,000000E+0	916,000000E-3	7,493000E+3	12,000000E+0
301	29,000000E+0	0,000000E+0	687,000000E-3	7,498000E+3	12,000000E+0
302	29,000000E+0	0,000000E+0	687,000000E-3	7,502000E+3	12,000000E+0
303	28,000000E+0	0,000000E+0	916,000000E-3	7,508000E+3	12,000000E+0
304	29,000000E+0	0,000000E+0	687,000000E-3	7,513000E+3	12,000000E+0
305	30,000000E+0	0,000000E+0	687,000000E-3	7,518000E+3	12,000000E+0
306	30,000000E+0	0,000000E+0	687,000000E-3	7,522000E+3	12,000000E+0
307	30,000000E+0	0,000000E+0	687,000000E-3	7,527000E+3	12,000000E+0
308	31,000000E+0	0,000000E+0	687,000000E-3	7,532000E+3	12,000000E+0
309	31,000000E+0	0,000000E+0	916,000000E-3	7,537000E+3	12,000000E+0
310	31,000000E+0	0,000000E+0	916,000000E-3	7,542000E+3	12,000000E+0
311	30,000000E+0	0,000000E+0	916,000000E-3	7,547000E+3	12,000000E+0
312	30,000000E+0	0,000000E+0	916,000000E-3	7,552000E+3	12,000000E+0
313	28,000000E+0	0,000000E+0	916,000000E-3	7,558000E+3	12,000000E+0
314	29,000000E+0	0,000000E+0	687,000000E-3	7,562000E+3	12,000000E+0
315	29,000000E+0	0,000000E+0	687,000000E-3	7,567000E+3	12,000000E+0
316	29,000000E+0	0,000000E+0	916,000000E-3	7,573000E+3	12,000000E+0
317	29,000000E+0	0,000000E+0	916,000000E-3	7,578000E+3	12,000000E+0
318	29,000000E+0	0,000000E+0	687,000000E-3	7,582000E+3	12,000000E+0
319	30,000000E+0	0,000000E+0	687,000000E-3	7,588000E+3	12,000000E+0
320	29,000000E+0	0,000000E+0	916,000000E-3	7,594000E+3	12,000000E+0
321	30,000000E+0	0,000000E+0	687,000000E-3	7,598000E+3	12,000000E+0
322	29,000000E+0	0,000000E+0	916,000000E-3	7,603000E+3	12,000000E+0
323	30,000000E+0	0,000000E+0	916,000000E-3	7,608000E+3	12,000000E+0
324	30,000000E+0	0,000000E+0	916,000000E-3	7,613000E+3	12,000000E+0
325	30,000000E+0	0,000000E+0	687,000000E-3	7,618000E+3	12,000000E+0
326	31,000000E+0	0,000000E+0	687,000000E-3	7,622000E+3	12,000000E+0
327	32,000000E+0	0,000000E+0	916,000000E-3	7,628000E+3	12,000000E+0
328	31,000000E+0	0,000000E+0	916,000000E-3	7,633000E+3	12,000000E+0
329	31,000000E+0	0,000000E+0	916,000000E-3	7,638000E+3	12,000000E+0
330	30,000000E+0	0,000000E+0	916,000000E-3	7,643000E+3	12,000000E+0
331	30,000000E+0	0,000000E+0	916,000000E-3	7,649000E+3	12,000000E+0
332	30,000000E+0	0,000000E+0	687,000000E-3	7,655000E+3	12,000000E+0
333	29,000000E+0	0,000000E+0	916,000000E-3	7,660000E+3	12,000000E+0
334	29,000000E+0	0,000000E+0	687,000000E-3	7,665000E+3	12,000000E+0
335	29,000000E+0	0,000000E+0	687,000000E-3	7,669000E+3	12,000000E+0
336	29,000000E+0	0,000000E+0	687,000000E-3	7,674000E+3	12,000000E+0
337	30,000000E+0	0,000000E+0	916,000000E-3	7,680000E+3	12,000000E+0
338	30,000000E+0	0,000000E+0	687,000000E-3	7,685000E+3	12,000000E+0
339	30,000000E+0	0,000000E+0	916,000000E-3	7,690000E+3	12,000000E+0
340	29,000000E+0	0,000000E+0	687,000000E-3	7,694000E+3	12,000000E+0
341	29,000000E+0	0,000000E+0	916,000000E-3	7,700000E+3	12,000000E+0
342	30,000000E+0	0,000000E+0	687,000000E-3	7,704000E+3	12,000000E+0
343	31,000000E+0	0,000000E+0	687,000000E-3	7,709000E+3	12,000000E+0
344	31,000000E+0	0,000000E+0	916,000000E-3	7,714000E+3	12,000000E+0
345	31,000000E+0	0,000000E+0	687,000000E-3	7,719000E+3	12,000000E+0
346	30,000000E+0	0,000000E+0	916,000000E-3	7,724000E+3	12,000000E+0
347	30,000000E+0	0,000000E+0	687,000000E-3	7,729000E+3	12,000000E+0
348	30,000000E+0	0,000000E+0	687,000000E-3	7,734000E+3	12,000000E+0
349	30,000000E+0	0,000000E+0	916,000000E-3	7,739000E+3	12,000000E+0
350	29,000000E+0	0,000000E+0	916,000000E-3	7,745000E+3	12,000000E+0
351	29,000000E+0	0,000000E+0	687,000000E-3	7,750000E+3	12,000000E+0
352	29,000000E+0	0,000000E+0	687,000000E-3	7,755000E+3	12,000000E+0
353	29,000000E+0	0,000000E+0	687,000000E-3	7,760000E+3	12,000000E+0
354	29,000000E+0	0,000000E+0	687,000000E-3	7,765000E+3	12,000000E+0
355	29,000000E+0	0,000000E+0	916,000000E-3	7,770000E+3	12,000000E+0
356	29,000000E+0	0,000000E+0	687,000000E-3	7,774000E+3	12,000000E+0
357	29,000000E+0	0,000000E+0	687,000000E-3	7,779000E+3	12,000000E+0
358	30,000000E+0	0,000000E+0	916,000000E-3	7,784000E+3	12,000000E+0
359	30,000000E+0	0,000000E+0	687,000000E-3	7,789000E+3	12,000000E+0
360	31,000000E+0	0,000000E+0	687,000000E-3	7,794000E+3	12,000000E+0
361	30,000000E+0	0,000000E+0	916,000000E-3	7,799000E+3	12,000000E+0
362	30,000000E+0	0,000000E+0	687,000000E-3	7,804000E+3	12,000000E+0
363	30,000000E+0	0,000000E+0	687,000000E-3	7,809000E+3	12,000000E+0
364	29,000000E+0	0,000000E+0	916,000000E-3	7,815000E+3	12,000000E+0
365	31,000000E+0	0,000000E+0	687,000000E-3	7,821000E+3	12,000000E+0
366	30,000000E+0	0,000000E+0	916,000000E-3	7,827000E+3	12,000000E+0
367	30,000000E+0	0,000000E+0	916,000000E-3	7,833000E+3	12,000000E+0
368	29,000000E+0	0,000000E+0	687,000000E-3	7,838000E+3	12,000000E+0
369	29,000000E+0	0,000000E+0	916,000000E-3	7,844000E+3	12,000000E+0
370	29,000000E+0	0,000000E+0	916,000000E-3	7,849000E+3	12,000000E+0
371	29,000000E+0	0,000000E+0	687,000000E-3	7,854000E+3	12,000000E+0
372	28,000000E+0	0,000000E+0	916,000000E-3	7,859000E+3	12,000000E+0
373	29,000000E+0	0,000000E+0	687,000000E-3	7,863000E+3	12,000000E+0
374	30,000000E+0	0,000000E+0	687,000000E-3	7,868000E+3	12,000000E+0
375	30,000000E+0	0,000000E+0	687,000000E-3	7,873000E+3	12,000000E+0
376	31,000000E+0	0,000000E+0	916,000000E-3	7,878000E+3	12,000000E+0
377	31,000000E+0	0,000000E+0	916,000000E-3	7,883000E+3	12,000000E+0
378	31,000000E+0	0,000000E+0	687,000000E-3	7,888000E+3	12,000000E+0
379	30,000000E+0	0,000000E+0	916,000000E-3	7,893000E+3	12,000000E+0
380	30,000000E+0	0,000000E+0	916,000000E-3	7,898000E+3	12,000000E+0
381	30,000000E+0	0,000000E+0	687,000000E-3	7,903000E+3	12,000000E+0
382	30,000000E+0	0,000000E+0	687,000000E-3	7,908000E+3	12,000000E+0
383	29,000000E+0	0,000000E+0	916,000000E-3	7,913000E+3	12,000000E+0
384	29,000000E+0	0,000000E+0	687,000000E-3	7,918000E+3	12,000000E+0
385	30,000000E+0	0,000000E+0	687,000000E-3	7,923000E+3	12,000000E+0
386	30,000000E+0	0,000000E+0	916,000000E-3	7,928000E+3	12,000000E+0
387	30,000000E+0	0,000000E+0	916,000000E-3	7,934000E+3	12,000000E+0
388	30,000000E+0	0,000000E+0	916,000000E-3	7,939000E+3	12,000000E+0
389	30,000000E+0	0,000000E+0	687,000000E-3	7,944000E+3	12,000000E+0
390	29,000000E+0	0,000000E+0	916,000000E-3	7,949000E+3	12,000000E+0
391	29,000000E+0	0,000000E+0	916,000000E-3	7,954000E+3	12,000000E+0
392	29,000000E+0	0,000000E+0	916,000000E-3	7,959000E+3	12,000000E+0
393	29,000000E+0	0,000000E+0	687,000000E-3	7,963000E+3	12,000000E+0
394	31,000000E+0	0,000000E+0	916,000000E-3	7,968000E+3	12,000000E+0
395	30,000000E+0	0,000000E+0	916,000000E-3	7,972000E+3	12,000000E+0
396	31,000000E+0	0,000000E+0	687,000000E-3	7,977000E+3	12,000000E+0
397	30,000000E+0	0,000000E+0	916,000000E-3	7,983000E+3	12,000000E+0
398	30,000000E+0	0,000000E+0	916,000000E-3	7,988000E+3	12,000000E+0
399	30,000000E+0	0,000000E+0	687,000000E-3	7,992000E+3	12,000000E+0
400	29,000000E+0	0,000000E+0	916,000000E-3	7,997000E+3	12,000000E+0
401	30,000000E+0	0,000000E+0	916,000000E-3	8,003000E+3	12,000000E+0
402	30,000000E+0	0,000000E+0	916,000000E-3	8,008000E+3	12,000000E+0
403	29,000000E+0	0,000000E+0	916,000000E-3	8,013000E+3	12,000000E+0
404	30,000000E+0	0,000000E+0	687,000000E-3	8,018000E+3	12,000000E+0
405	30,000000E+0	0,000000E+0	916,000000E-3	8,023000E+3	12,000000E+0
406	29,000000E+0	0,000000E+0	916,000000E-3	8,028000E+3	12,000000E+0
407	29,000000E+0	0,000000E+0	687,000000E-3	8,033000E+3	12,000000E+0
408	28,000000E+0	0,000000E+0	916,000000E-3	8,038000E+3	12,000000E+0
409	28,000000E+0	0,000000E+0	916,000000E-3	8,043000E+3	12,000000E+0
410	28,000000E+0	0,000000E+0	687,000000E-3	8,048000E+3	12,000000E+0
411	29,000000E+0	0,000000E+0	687,000000E-3	8,053000E+3	12,000000E+0
412	29,000000E+0	0,000000E+0	687,000000E-3	8,058000E+3	12,000000E+0
413	30,000000E+0	0,000000E+0	687,000000E-3	8,063000E+3	12,000000E+0
414	30,000000E+0	0,000000E+0	916,000000E-3	8,067000E+3	12,000000E+0
415	30,000000E+0	0,000000E+0	687,000000E-3	8,072000E+3	12,000000E+0
416	30,000000E+0	0,000000E+0	916,000000E-3	8,078000E+3	12,000000E+0
417	29,000000E+0	0,000000E+0	916,000000E-3	8,083000E+3	12,000000E+0
418	29,000000E+0	0,000000E+0	687,000000E-3	8,088000E+3	12,000000E+0
419	30,000000E+0	0,000000E+0	687,000000E-3	8,093000E+3	12,000000E+0
420	29,000000E+0	0,000000E+0	916,000000E-3	8,098000E+3	12,000000E+0
421	29,000000E+0	0,000000E+0	916,000000E-3	8,103000E+3	12,000000E+0
422	29,000000E+0	0,000000E+0	687,000000E-3	8,108000E+3	12,000000E+0
423	29,000000E+0	0,000000E+0	916,000000E-3	8,113000E+3	12,000000E+0
424	29,000000E+0	0,000000E+0	687,000000E-3	8,118000E+3	12,000000E+0
425	28,000000E+0	0,000000E+0	916,000000E-3	8,123000E+3	12,000000E+0
426	29,000000E+0	0,000000E+0	687,000000E-3	8,128000E+3	12,000000E+0
427	29,000000E+0	0,000000E+0	916,000000E-3	8,132000E+3	12,000000E+0
428	30,000000E+0	0,000000E+0	687,000000E-3	8,138000E+3	12,000000E+0
429	29,000000E+0	0,000000E+0	687,000000E-3	8,142000E+3	12,000000E+0
430	30,000000E+0	0,000000E+0	687,000000E-3	8,147000E+3	12,000000E+0
431	30,000000E+0	0,000000E+0	687,000000E-3	8,152000E+3	12,000000E+0
432	30,000000E+0	0,000000E+0	687,000000E-3	8,158000E+3	12,000000E+0
433	29,000000E+0	0,000000E+0	687,000000E-3	8,162000E+3	12,000000E+0
434	29,000000E+0	0,000000E+0	916,000000E-3	8,168000E+3	12,000000E+0
435	30,000000E+0	0,000000E+0	687,000000E-3	8,172000E+3	12,000000E+0
436	30,000000E+0	0,000000E+0	687,000000E-3	8,177000E+3	12,000000E+0
437	30,000000E+0	0,000000E+0	916,000000E-3	8,182000E+3	12,000000E+0
438	29,000000E+0	0,000000E+0	916,000000E-3	8,187000E+3	12,000000E+0
439	30,000000E+0	0,000000E+0	687,000000E-3	8,193000E+3	12,000000E+0
440	29,000000E+0	0,000000E+0	687,000000E-3	8,197000E+3	12,000000E+0
441	28,000000E+0	0,000000E+0	916,000000E-3	8,202000E+3	12,000000E+0
442	29,000000E+0	0,000000E+0	687,000000E-3	8,206000E+3	12,000000E+0
443	29,000000E+0	0,000000E+0	687,000000E-3	8,211000E+3	12,000000E+0
444	29,000000E+0	0,000000E+0	687,000000E-3	8,216000E+3	12,000000E+0
445	29,000000E+0	0,000000E+0	916,000000E-3	8,222000E+3	12,000000E+0
446	30,000000E+0	0,000000E+0	687,000000E-3	8,226000E+3	12,000000E+0
447	30,000000E+0	0,000000E+0	916,000000E-3	8,230000E+3	12,000000E+0
448	31,000000E+0	0,000000E+0	687,000000E-3	8,235000E+3	12,000000E+0
449	29,000000E+0	0,000000E+0	916,000000E-3	8,241000E+3	12,000000E+0
450	29,000000E+0	0,000000E+0	916,000000E-3	8,245000E+3	12,000000E+0
451	29,000000E+0	0,000000E+0	916,000000E-3	8,249000E+3	12,000000E+0
452	30,000000E+0	0,000000E+0	916,000000E-3	8,254000E+3	12,000000E+0
453	30,000000E+0	0,000000E+0	687,000000E-3	8,260000E+3	12,000000E+0
454	29,000000E+0	0,000000E+0	916,000000E-3	8,265000E+3	12,000000E+0
455	29,000000E+0	0,000000E+0	916,000000E-3	8,270000E+3	12,000000E+0
456	29,000000E+0	0,000000E+0	916,000000E-3	8,275000E+3	12,000000E+0
457	30,000000E+0	0,000000E+0	687,000000E-3	8,280000E+3	12,000000E+0
458	29,000000E+0	0,000000E+0	916,000000E-3	8,285000E+3	12,000000E+0
459	29,000000E+0	0,000000E+0	916,000000E-3	8,288000E+3	12,000000E+0
460	30,000000E+0	0,000000E+0	687,000000E-3	8,294000E+3	12,000000E+0
461	28,000000E+0	0,000000E+0	916,000000E-3	8,299000E+3	12,000000E+0
462	29,000000E+0	0,000000E+0	916,000000E-3	8,304000E+3	12,000000E+0
463	29,000000E+0	0,000000E+0	687,000000E-3	8,309000E+3	12,000000E+0
464	29,000000E+0	0,000000E+0	687,000000E-3	8,314000E+3	12,000000E+0
465	29,000000E+0	0,000000E+0	687,000000E-3	8,318000E+3	12,000000E+0
466	30,000000E+0	0,000000E+0	687,000000E-3	8,324000E+3	12,000000E+0
467	30,000000E+0	0,000000E+0	687,000000E-3	8,328000E+3	12,000000E+0
468	30,000000E+0	0,000000E+0	916,000000E-3	8,334000E+3	12,000000E+0
469	7,680000E+3	0,000000E+0	175,872000E+0	2,134528E+6	3,072000E+3
470	30,000000E+0	0,000000E+0	687,000000E-3	8,344000E+3	12,000000E+0
471	30,000000E+0	0,000000E+0	916,000000E-3	8,349000E+3	12,000000E+0
472	28,000000E+0	0,000000E+0	916,000000E-3	8,355000E+3	12,000000E+0
473	29,000000E+0	0,000000E+0	687,000000E-3	8,360000E+3	12,000000E+0
474	29,000000E+0	0,000000E+0	687,000000E-3	8,365000E+3	12,000000E+0
475	30,000000E+0	0,000000E+0	687,000000E-3	8,370000E+3	12,000000E+0
476	28,000000E+0	0,000000E+0	916,000000E-3	8,375000E+3	12,000000E+0
477	30,000000E+0	0,000000E+0	687,000000E-3	8,380000E+3	12,000000E+0
478	29,000000E+0	0,000000E+0	916,000000E-3	8,385000E+3	12,000000E+0
479	29,000000E+0	0,000000E+0	916,000000E-3	8,390000E+3	12,000000E+0
480	29,000000E+0	0,000000E+0	687,000000E-3	8,395000E+3	12,000000E+0
481	29,000000E+0	0,000000E+0	916,000000E-3	8,400000E+3	12,000000E+0
482	29,000000E+0	0,000000E+0	916,000000E-3	8,405000E+3	12,000000E+0
483	30,000000E+0	0,000000E+0	687,000000E-3	8,410000E+3	12,000000E+0
484	31,000000E+0	0,000000E+0	687,000000E-3	8,414000E+3	12,000000E+0
485	30,000000E+0	0,000000E+0	916,000000E-3	8,418000E+3	12,000000E+0
486	30,000000E+0	0,000000E+0	916,000000E-3	8,424000E+3	12,000000E+0
487	30,000000E+0	0,000000E+0	687,000000E-3	8,429000E+3	12,000000E+0
488	30,000000E+0	0,000000E+0	916,000000E-3	8,434000E+3	12,000000E+0
489	29,000000E+0	0,000000E+0	916,000000E-3	8,439000E+3	12,000000E+0
490	29,000000E+0	0,000000E+0	916,000000E-3	8,444000E+3	12,000000E+0
491	30,000000E+0	0,000000E+0	687,000000E-3	8,449000E+3	12,000000E+0
492	29,000000E+0	0,000000E+0	687,000000E-3	8,454000E+3	12,000000E+0
493	30,000000E+0	0,000000E+0	687,000000E-3	8,459000E+3	12,000000E+0
494	30,000000E+0	0,000000E+0	687,000000E-3	8,464000E+3	12,000000E+0
495	30,000000E+0	0,000000E+0	687,000000E-3	8,469000E+3	12,000000E+0
496	30,000000E+0	0,000000E+0	916,000000E-3	8,474000E+3	12,000000E+0
497	30,000000E+0	0,000000E+0	687,000000E-3	8,479000E+3	12,000000E+0
498	29,000000E+0	0,000000E+0	687,000000E-3	8,484000E+3	12,000000E+0
499	29,000000E+0	0,000000E+0	687,000000E-3	8,489000E+3	12,000000E+0
500	30,000000E+0	0,000000E+0	687,000000E-3	8,494000E+3	12,000000E+0
501	30,000000E+0	0,000000E+0	687,000000E-3	8,499000E+3	12,000000E+0
502	30,000000E+0	0,000000E+0	687,000000E-3	8,503000E+3	12,000000E+0
503	31,000000E+0	0,000000E+0	916,000000E-3	8,509000E+3	12,000000E+0
504	31,000000E+0	0,000000E+0	916,000000E-3	8,514000E+3	12,000000E+0
505	30,000000E+0	0,000000E+0	916,000000E-3	8,519000E+3	12,000000E+0
506	30,000000E+0	0,000000E+0	916,000000E-3	8,524000E+3	12,000000E+0
507	30,000000E+0	0,000000E+0	916,000000E-3	8,529000E+3	12,000000E+0
508	30,000000E+0	0,000000E+0	916,000000E-3	8,534000E+3	12,000000E+0
509	29,000000E+0	0,000000E+0	916,000000E-3	8,539000E+3	12,000000E+0
510	30,000000E+0	0,000000E+0	687,000000E-3	8,544000E+3	12,000000E+0
511	30,000000E+0	0,000000E+0	916,000000E-3	8,548000E+3	12,000000E+0
512	29,000000E+0	0,000000E+0	687,000000E-3	8,553000E+3	12,000000E+0
513	29,000000E+0	0,000000E+0	916,000000E-3	8,559000E+3	12,000000E+0
514	29,000000E+0	0,000000E+0	687,000000E-3	8,563000E+3	12,000000E+0
515	29,000000E+0	0,000000E+0	687,000000E-3	8,568000E+3	12,000000E+0
516	29,000000E+0	0,000000E+0	687,000000E-3	8,573000E+3	12,000000E+0
517	30,000000E+0	0,000000E+0	687,000000E-3	8,578000E+3	12,000000E+0
518	30,000000E+0	0,000000E+0	687,000000E-3	8,583000E+3	12,000000E+0
519	30,000000E+0	0,000000E+0	687,000000E-3	8,588000E+3	12,000000E+0
520	30,000000E+0	0,000000E+0	687,000000E-3	8,593000E+3	12,000000E+0
521	31,000000E+0	0,000000E+0	687,000000E-3	8,598000E+3	12,000000E+0
522	30,000000E+0	0,000000E+0	687,000000E-3	8,603000E+3	12,000000E+0
523	29,000000E+0	0,000000E+0	916,000000E-3	8,608000E+3	12,000000E+0
524	29,000000E+0	0,000000E+0	916,000000E-3	8,612000E+3	12,000000E+0
525	30,000000E+0	0,000000E+0	687,000000E-3	8,617000E+3	12,000000E+0
526	30,000000E+0	0,000000E+0	916,000000E-3	8,622000E+3	12,000000E+0
527	30,000000E+0	0,000000E+0	916,000000E-3	8,627000E+3	12,000000E+0
528	30,000000E+0	0,000000E+0	687,000000E-3	8,632000E+3	12,000000E+0
529	29,000000E+0	0,000000E+0	916,000000E-3	8,637000E+3	12,000000E+0
530	29,000000E+0	0,000000E+0	916,000000E-3	8,642000E+3	12,000000E+0
531	29,000000E+0	0,000000E+0	687,000000E-3	8,648000E+3	12,000000E+0
532	30,000000E+0	0,000000E+0	687,000000E-3	8,652000E+3	12,000000E+0
533	29,000000E+0	0,000000E+0	916,000000E-3	8,657000E+3	12,000000E+0
534	30,000000E+0	0,000000E+0	687,000000E-3	8,662000E+3	12,000000E+0
535	31,000000E+0	0,000000E+0	687,000000E-3	8,667000E+3	12,000000E+0
536	31,000000E+0	0,000000E+0	687,000000E-3	8,673000E+3	12,000000E+0
537	31,000000E+0	0,000000E+0	916,000000E-3	8,678000E+3	12,000000E+0
538	32,000000E+0	0,000000E+0	687,000000E-3	8,683000E+3	12,000000E+0
539	32,000000E+0	0,000000E+0	687,000000E-3	8,688000E+3	12,000000E+0
540	30,000000E+0	0,000000E+0	916,000000E-3	8,693000E+3	12,000000E+0
541	30,000000E+0	0,000000E+0	916,000000E-3	8,698000E+3	12,000000E+0
542	30,000000E+0	0,000000E+0	916,000000E-3	8,703000E+3	12,000000E+0
543	30,000000E+0	0,000000E+0	687,000000E-3	8,708000E+3	12,000000E+0
544	30,000000E+0	0,000000E+0	916,000000E-3	8,713000E+3	12,000000E+0
545	30,000000E+0	0,000000E+0	687,000000E-3	8,718000E+3	12,000000E+0
546	30,000000E+0	0,000000E+0	916,000000E-3	8,723000E+3	12,000000E+0
547	29,000000E+0	0,000000E+0	916,000000E-3	8,728000E+3	12,000000E+0
548	30,000000E+0	0,000000E+0	687,000000E-3	8,734000E+3	12,000000E+0
549	29,000000E+0	0,000000E+0	916,000000E-3	8,739000E+3	12,000000E+0
550	29,000000E+0	0,000000E+0	687,000000E-3	8,744000E+3	12,000000E+0
551	29,000000E+0	0,000000E+0	687,000000E-3	8,748000E+3	12,000000E+0
552	30,000000E+0	0,000000E+0	687,000000E-3	8,753000E+3	12,000000E+0
553	30,000000E+0	0,000000E+0	687,000000E-3	8,758000E+3	12,000000E+0
554	31,000000E+0	0,000000E+0	687,000000E-3	8,763000E+3	12,000000E+0
555	32,000000E+0	0,000000E+0	687,000000E-3	8,768000E+3	12,000000E+0
556	32,000000E+0	0,000000E+0	687,000000E-3	8,773000E+3	12,000000E+0
557	31,000000E+0	0,000000E+0	916,000000E-3	8,778000E+3	12,000000E+0
558	31,000000E+0	0,000000E+0	916,000000E-3	8,784000E+3	12,000000E+0
559	31,000000E+0	0,000000E+0	916,000000E-3	8,788000E+3	12,000000E+0
560	30,000000E+0	0,000000E+0	916,000000E-3	8,793000E+3	12,000000E+0
561	29,000000E+0	0,000000E+0	916,000000E-3	8,799000E+3	12,000000E+0
562	29,000000E+0	0,000000E+0	916,000000E-3	8,805000E+3	12,000000E+0
563	29,000000E+0	0,000000E+0	687,000000E-3	8,809000E+3	12,000000E+0
564	29,000000E+0	0,000000E+0	687,000000E-3	8,814000E+3	12,000000E+0
565	29,000000E+0	0,000000E+0	916,000000E-3	8,820000E+3	12,000000E+0
566	29,000000E+0	0,000000E+0	687,000000E-3	8,824000E+3	12,000000E+0
567	30,000000E+0	0,000000E+0	687,000000E-3	8,830000E+3	12,000000E+0
568	30,000000E+0	0,000000E+0	916,000000E-3	8,835000E+3	12,000000E+0
569	31,000000E+0	0,000000E+0	687,000000E-3	8,840000E+3	12,000000E+0
570	30,000000E+0	0,000000E+0	916,000000E-3	8,844000E+3	12,000000E+0
571	30,000000E+0	0,000000E+0	916,000000E-3	8,849000E+3	12,000000E+0
572	32,000000E+0	0,000000E+0	687,000000E-3	8,854000E+3	12,000000E+0
573	32,000000E+0	0,000000E+0	687,000000E-3	8,859000E+3	12,000000E+0
574	31,000000E+0	0,000000E+0	916,000000E-3	8,864000E+3	12,000000E+0
575	31,000000E+0	0,000000E+0	916,000000E-3	8,869000E+3	12,000000E+0
576	31,000000E+0	0,000000E+0	916,000000E-3	8,874000E+3	12,000000E+0
577	31,000000E+0	0,000000E+0	916,000000E-3	8,879000E+3	12,000000E+0
578	31,000000E+0	0,000000E+0	916,000000E-3	8,884000E+3	12,000000E+0
579	31,000000E+0	0,000000E+0	916,000000E-3	8,889000E+3	12,000000E+0
580	30,000000E+0	0,000000E+0	916,000000E-3	8,894000E+3	12,000000E+0
581	29,000000E+0	0,000000E+0	916,000000E-3	8,900000E+3	12,000000E+0
582	29,000000E+0	0,000000E+0	916,000000E-3	8,905000E+3	12,000000E+0
583	30,000000E+0	0,000000E+0	687,000000E-3	8,910000E+3	12,000000E+0
584	30,000000E+0	0,000000E+0	687,000000E-3	8,915000E+3	12,000000E+0
585	30,000000E+0	0,000000E+0	916,000000E-3	8,920000E+3	12,000000E+0
586	29,000000E+0	0,000000E+0	916,000000E-3	8,925000E+3	12,000000E+0
587	31,000000E+0	0,000000E+0	687,000000E-3	8,930000E+3	12,000000E+0
588	30,000000E+0	0,000000E+0	916,000000E-3	8,934000E+3	12,000000E+0
589	32,000000E+0	0,000000E+0	687,000000E-3	8,939000E+3	12,000000E+0
590	32,000000E+0	0,000000E+0	687,000000E-3	8,944000E+3	12,000000E+0
591	31,000000E+0	0,000000E+0	916,000000E-3	8,949000E+3	12,000000E+0
592	31,000000E+0	0,000000E+0	916,000000E-3	8,954000E+3	12,000000E+0
593	31,000000E+0	0,000000E+0	916,000000E-3	8,959000E+3	12,000000E+0
594	31,000000E+0	0,000000E+0	916,000000E-3	8,964000E+3	12,000000E+0
595	30,000000E+0	0,000000E+0	916,000000E-3	8,970000E+3	12,000000E+0
596	31,000000E+0	0,000000E+0	687,000000E-3	8,975000E+3	12,000000E+0
597	30,000000E+0	0,000000E+0	687,000000E-3	8,979000E+3	12,000000E+0
598	30,000000E+0	0,000000E+0	916,000000E-3	8,984000E+3	12,000000E+0
599	31,000000E+0	0,000000E+0	916,000000E-3	8,990000E+3	12,000000E+0
600	30,000000E+0	0,000000E+0	916,000000E-3	8,995000E+3	12,000000E+0
601	30,000000E+0	0,000000E+0	687,000000E-3	9,000000E+3	12,000000E+0
602	29,000000E+0	0,000000E+0	916,000000E-3	9,006000E+3	12,000000E+0
603	30,000000E+0	0,000000E+0	916,000000E-3	9,011000E+3	12,000000E+0
604	30,000000E+0	0,000000E+0	687,000000E-3	9,015000E+3	12,000000E+0
605	30,000000E+0	0,000000E+0	916,000000E-3	9,020000E+3	12,000000E+0
606	30,000000E+0	0,000000E+0	687,000000E-3	9,025000E+3	12,000000E+0
607	31,000000E+0	0,000000E+0	687,000000E-3	9,030000E+3	12,000000E+0
608	31,000000E+0	0,000000E+0	916,000000E-3	9,035000E+3	12,000000E+0
609	30,000000E+0	0,000000E+0	916,000000E-3	9,040000E+3	12,000000E+0
610	31,000000E+0	0,000000E+0	687,000000E-3	9,045000E+3	12,000000E+0
611	31,000000E+0	0,000000E+0	916,000000E-3	9,050000E+3	12,000000E+0
612	30,000000E+0	0,000000E+0	916,000000E-3	9,056000E+3	12,000000E+0
613	30,000000E+0	0,000000E+0	916,000000E-3	9,061000E+3	12,000000E+0
614	30,000000E+0	0,000000E+0	687,000000E-3	9,065000E+3	12,000000E+0
615	30,000000E+0	0,000000E+0	916,000000E-3	9,071000E+3	12,000000E+0
616	31,000000E+0	0,000000E+0	687,000000E-3	9,075000E+3	12,000000E+0
617	31,000000E+0	0,000000E+0	916,000000E-3	9,081000E+3	12,000000E+0
618	30,000000E+0	0,000000E+0	687,000000E-3	9,085000E+3	12,000000E+0
619	30,000000E+0	0,000000E+0	916,000000E-3	9,091000E+3	12,000000E+0
620	30,000000E+0	0,000000E+0	916,000000E-3	9,096000E+3	12,000000E+0
621	30,000000E+0	0,000000E+0	916,000000E-3	9,101000E+3	12,000000E+0
622	30,000000E+0	0,000000E+0	916,000000E-3	9,107000E+3	12,000000E+0
623	30,000000E+0	0,000000E+0	916,000000E-3	9,112000E+3	12,000000E+0
624	30,000000E+0	0,000000E+0	687,000000E-3	9,117000E+3	12,000000E+0
625	30,000000E+0	0,000000E+0	916,000000E-3	9,122000E+3	12,000000E+0
626	30,000000E+0	0,000000E+0	687,000000E-3	9,127000E+3	12,000000E+0
627	31,000000E+0	0,000000E+0	687,000000E-3	9,132000E+3	12,000000E+0
628	30,000000E+0	0,000000E+0	916,000000E-3	9,138000E+3	12,000000E+0
629	30,000000E+0	0,000000E+0	916,000000E-3	9,143000E+3	12,000000E+0
630	30,000000E+0	0,000000E+0	687,000000E-3	9,148000E+3	12,000000E+0
631	30,000000E+0	0,000000E+0	687,000000E-3	9,153000E+3	12,000000E+0
632	30,000000E+0	0,000000E+0	687,000000E-3	9,159000E+3	12,000000E+0
633	85,000000E+0	80,700000E+0	60,030976E+3	600,571904E+6	0,000000E+0
634	85,000000E+0	80,700000E+0	60,030976E+3	600,899584E+6	0,000000E+0
635	30,000000E+0	0,000000E+0	916,000000E-3	9,174000E+3	12,000000E+0
636	21,760000E+3	19,970560E+3	15,367930E+6	-620,756992E+6	3,500000E+0
637	85,000000E+0	80,700000E+0	45,023232E+3	601,882624E+6	0,000000E+0
638	85,000000E+0	80,700000E+0	45,023232E+3	602,210304E+6	0,000000E+0
639	85,000000E+0	80,700000E+0	45,023232E+3	602,537984E+6	0,000000E+0
640	85,000000E+0	80,700000E+0	45,023232E+3	602,865664E+6	0,000000E+0
641	85,000000E+0	80,700000E+0	45,023232E+3	603,193344E+6	0,000000E+0
642	7,936000E+3	0,000000E+0	175,872000E+0	2,357504E+6	3,072000E+3
643	7,680000E+3	0,000000E+0	234,496000E+0	2,358784E+6	3,072000E+3
644	7,680000E+3	0,000000E+0	175,872000E+0	2,360320E+6	3,072000E+3
645	85,000000E+0	80,700000E+0	45,023232E+3	604,504064E+6	0,000000E+0
646	7,680000E+3	0,000000E+0	175,872000E+0	2,362624E+6	3,072000E+3
647	7,680000E+3	0,000000E+0	175,872000E+0	2,363904E+6	3,072000E+3
648	7,936000E+3	0,000000E+0	175,872000E+0	2,364928E+6	3,072000E+3
649	7,936000E+3	0,000000E+0	234,496000E+0	2,366464E+6	3,072000E+3
650	85,000000E+0	80,700000E+0	60,030976E+3	606,208000E+6	0,000000E+0
651	30,000000E+0	0,000000E+0	916,000000E-3	9,255000E+3	12,000000E+0
652	30,000000E+0	0,000000E+0	687,000000E-3	9,260000E+3	12,000000E+0
653	31,000000E+0	0,000000E+0	916,000000E-3	9,265000E+3	12,000000E+0
654	30,000000E+0	0,000000E+0	916,000000E-3	9,271000E+3	12,000000E+0
655	30,000000E+0	0,000000E+0	687,000000E-3	9,276000E+3	12,000000E+0
656	30,000000E+0	0,000000E+0	687,000000E-3	9,280000E+3	12,000000E+0
657	30,000000E+0	0,000000E+0	916,000000E-3	9,285000E+3	12,000000E+0
658	30,000000E+0	0,000000E+0	687,000000E-3	9,290000E+3	12,000000E+0
659	31,000000E+0	0,000000E+0	687,000000E-3	9,296000E+3	12,000000E+0
660	30,000000E+0	0,000000E+0	916,000000E-3	9,300000E+3	12,000000E+0
661	29,000000E+0	0,000000E+0	916,000000E-3	9,306000E+3	12,000000E+0
662	30,000000E+0	0,000000E+0	687,000000E-3	9,311000E+3	12,000000E+0
663	30,000000E+0	0,000000E+0	687,000000E-3	9,316000E+3	12,000000E+0
664	30,000000E+0	0,000000E+0	687,000000E-3	9,322000E+3	12,000000E+0
665	31,000000E+0	0,000000E+0	687,000000E-3	9,327000E+3	12,000000E+0
666	30,000000E+0	0,000000E+0	687,000000E-3	9,331000E+3	12,000000E+0
667	30,000000E+0	0,000000E+0	916,000000E-3	9,337000E+3	12,000000E+0
668	30,000000E+0	0,000000E+0	916,000000E-3	9,342000E+3	12,000000E+0
669	31,000000E+0	0,000000E+0	687,000000E-3	9,347000E+3	12,000000E+0
670	31,000000E+0	0,000000E+0	687,000000E-3	9,352000E+3	12,000000E+0
671	29,000000E+0	0,000000E+0	916,000000E-3	9,357000E+3	12,000000E+0
672	30,000000E+0	0,000000E+0	916,000000E-3	9,362000E+3	12,000000E+0
673	21,760000E+3	20,659200E+3	15,367930E+6	-1,761608E+9	3,600000E+0
674	85,000000E+0	80,700000E+0	60,030976E+3	614,203392E+6	0,000000E+0
675	85,000000E+0	80,700000E+0	60,030976E+3	614,531072E+6	0,000000E+0
676	85,000000E+0	80,700000E+0	45,023232E+3	614,858752E+6	0,000000E+0
677	7,680000E+3	0,000000E+0	175,872000E+0	2,403072E+6	3,072000E+3
678	85,000000E+0	80,700000E+0	45,023232E+3	615,514112E+6	0,000000E+0
679	7,680000E+3	0,000000E+0	175,872000E+0	2,405632E+6	3,072000E+3
680	85,000000E+0	80,700000E+0	45,023232E+3	616,169472E+6	0,000000E+0
681	85,000000E+0	80,700000E+0	60,030976E+3	616,497152E+6	0,000000E+0
682	85,000000E+0	80,700000E+0	45,023232E+3	616,824832E+6	0,000000E+0
683	21,760000E+3	20,659200E+3	11,525947E+6	-922,746880E+6	3,600000E+0
684	85,000000E+0	78,010000E+0	60,030976E+3	617,480192E+6	0,000000E+0
685	85,000000E+0	80,700000E+0	45,023232E+3	617,873408E+6	0,000000E+0
686	7,680000E+3	0,000000E+0	175,872000E+0	2,414592E+6	3,072000E+3
687	85,000000E+0	80,700000E+0	45,023232E+3	618,463232E+6	0,000000E+0
688	7,680000E+3	0,000000E+0	234,496000E+0	2,417408E+6	3,072000E+3
689	85,000000E+0	80,700000E+0	45,023232E+3	619,184128E+6	0,000000E+0
690	85,000000E+0	80,700000E+0	60,030976E+3	619,511808E+6	0,000000E+0
691	7,680000E+3	0,000000E+0	175,872000E+0	2,421248E+6	3,072000E+3
692	85,000000E+0	78,010000E+0	60,030976E+3	620,232704E+6	0,000000E+0
693	85,000000E+0	80,700000E+0	45,023232E+3	620,494848E+6	0,000000E+0
694	85,000000E+0	80,700000E+0	60,030976E+3	620,822528E+6	0,000000E+0
695	7,680000E+3	0,000000E+0	175,872000E+0	2,426368E+6	3,072000E+3
696	7,680000E+3	0,000000E+0	175,872000E+0	2,427648E+6	3,072000E+3
697	85,000000E+0	80,700000E+0	45,023232E+3	621,805568E+6	0,000000E+0
698	7,680000E+3	0,000000E+0	175,872000E+0	2,430208E+6	3,072000E+3
699	85,000000E+0	80,700000E+0	60,030976E+3	622,460928E+6	0,000000E+0
700	7,680000E+3	0,000000E+0	234,496000E+0	2,432768E+6	3,072000E+3
701	7,680000E+3	0,000000E+0	175,872000E+0	2,434048E+6	3,072000E+3
702	7,424000E+3	0,000000E+0	234,496000E+0	2,435328E+6	3,072000E+3
703	85,000000E+0	80,700000E+0	45,023232E+3	623,771648E+6	0,000000E+0
704	85,000000E+0	80,700000E+0	45,023232E+3	624,099328E+6	0,000000E+0
705	85,000000E+0	80,700000E+0	60,030976E+3	624,427008E+6	0,000000E+0
706	7,936000E+3	0,000000E+0	175,872000E+0	2,440448E+6	3,072000E+3
707	21,760000E+3	20,659200E+3	15,367930E+6	1,107296E+9	3,700000E+0
708	85,000000E+0	80,700000E+0	60,030976E+3	625,410048E+6	0,000000E+0
709	85,000000E+0	80,700000E+0	60,030976E+3	625,803264E+6	0,000000E+0
710	21,760000E+3	20,659200E+3	11,525947E+6	1,358954E+9	3,700000E+0
711	85,000000E+0	80,700000E+0	60,030976E+3	626,393088E+6	0,000000E+0
712	85,000000E+0	80,700000E+0	45,023232E+3	626,720768E+6	0,000000E+0
713	85,000000E+0	80,700000E+0	45,023232E+3	627,113984E+6	0,000000E+0
714	85,000000E+0	80,700000E+0	45,023232E+3	627,441664E+6	0,000000E+0
715	85,000000E+0	83,390000E+0	45,023232E+3	627,769344E+6	0,000000E+0
716	85,000000E+0	80,700000E+0	60,030976E+3	628,162560E+6	0,000000E+0
717	21,760000E+3	21,347840E+3	11,525947E+6	1,962934E+9	3,700000E+0
718	7,681000E+3	58,534400E+3	1,758720E+3	768,000000E+0	3,123200E+3
719	7,681000E+3	58,534400E+3	1,700096E+3	1,024000E+3	3,276800E+3
720	30,000000E+0	228,650000E+0	6,641000E+0	4,000000E+0	960,500000E+0
721	7,681000E+3	58,534400E+3	1,758720E+3	768,000000E+0	3,532800E+3
722	7,681000E+3	58,534400E+3	1,700096E+3	1,024000E+3	3,660800E+3
723	7,681000E+3	58,534400E+3	1,700096E+3	1,024000E+3	3,788800E+3
724	7,681000E+3	58,534400E+3	1,758720E+3	768,000000E+0	3,916800E+3
725	30,000000E+0	228,650000E+0	6,641000E+0	4,000000E+0	962,900000E+0
726	7,681000E+3	58,534400E+3	1,700096E+3	1,024000E+3	4,172800E+3
727	30,000000E+0	228,650000E+0	6,641000E+0	3,000000E+0	964,000000E+0
728	7,681000E+3	58,534400E+3	1,758720E+3	768,000000E+0	4,428800E+3
729	256,000000E+0	80,700000E+0	450,251785E+3	196,608000E+3	0,000000E+0
730	7,681000E+3	58,534400E+3	1,758720E+3	1,024000E+3	4,659200E+3
731	31,000000E+0	0,000000E+0	687,000000E-3	9,660000E+3	12,000000E+0
732	30,000000E+0	0,000000E+0	687,000000E-3	9,666000E+3	12,000000E+0
733	29,000000E+0	0,000000E+0	687,000000E-3	9,671000E+3	12,000000E+0
734	30,000000E+0	0,000000E+0	687,000000E-3	9,677000E+3	12,000000E+0
735	30,000000E+0	0,000000E+0	687,000000E-3	9,682000E+3	12,000000E+0
736	30,000000E+0	0,000000E+0	687,000000E-3	9,687000E+3	12,000000E+0
737	29,000000E+0	0,000000E+0	916,000000E-3	9,692000E+3	12,000000E+0
738	30,000000E+0	0,000000E+0	687,000000E-3	9,697000E+3	12,000000E+0
739	30,000000E+0	0,000000E+0	687,000000E-3	9,702000E+3	12,000000E+0
740	29,000000E+0	0,000000E+0	916,000000E-3	9,707000E+3	12,000000E+0
741	29,000000E+0	0,000000E+0	916,000000E-3	9,712000E+3	12,000000E+0
742	29,000000E+0	0,000000E+0	687,000000E-3	9,717000E+3	12,000000E+0
743	29,000000E+0	0,000000E+0	687,000000E-3	9,722000E+3	12,000000E+0
744	29,000000E+0	0,000000E+0	687,000000E-3	9,727000E+3	12,000000E+0
745	29,000000E+0	0,000000E+0	687,000000E-3	9,732000E+3	12,000000E+0
746	29,000000E+0	0,000000E+0	687,000000E-3	9,737000E+3	12,000000E+0
747	30,000000E+0	0,000000E+0	687,000000E-3	9,743000E+3	12,000000E+0
748	30,000000E+0	0,000000E+0	687,000000E-3	9,748000E+3	12,000000E+0
749	30,000000E+0	0,000000E+0	916,000000E-3	9,753000E+3	12,000000E+0
750	31,000000E+0	0,000000E+0	687,000000E-3	9,760000E+3	12,000000E+0
751	30,000000E+0	228,650000E+0	6,870000E+0	4,000000E+0	976,300000E+0
752	30,000000E+0	228,650000E+0	6,641000E+0	4,000000E+0	976,900000E+0
753	30,000000E+0	228,650000E+0	6,641000E+0	3,000000E+0	977,400000E+0
754	30,000000E+0	228,650000E+0	6,870000E+0	3,000000E+0	977,900000E+0
755	30,000000E+0	228,650000E+0	6,870000E+0	4,000000E+0	978,400000E+0
756	7,681000E+3	58,534400E+3	1,641472E+3	1,024000E+3	1,561600E+3
757	30,000000E+0	228,650000E+0	6,870000E+0	3,000000E+0	979,300000E+0
758	21,760000E+3	20,659200E+3	11,525947E+6	1,191182E+9	3,800000E+0
759	30,000000E+0	228,650000E+0	6,641000E+0	4,000000E+0	980,400000E+0
760	21,760000E+3	19,970560E+3	15,367930E+6	1,358954E+9	3,800000E+0
761	21,760000E+3	19,970560E+3	11,525947E+6	1,442841E+9	3,800000E+0
762	30,000000E+0	228,650000E+0	6,641000E+0	4,000000E+0	981,900000E+0
763	21,760000E+3	19,970560E+3	15,367930E+6	1,610613E+9	3,800000E+0
764	21,760000E+3	20,659200E+3	11,525947E+6	1,694499E+9	3,800000E+0
765	30,000000E+0	228,650000E+0	6,870000E+0	3,000000E+0	983,300000E+0
766	21,760000E+3	19,970560E+3	15,367930E+6	1,845494E+9	3,800000E+0
767	30,000000E+0	228,650000E+0	7,099000E+0	3,000000E+0	984,300000E+0
768	21,760000E+3	20,659200E+3	15,367930E+6	2,013266E+9	3,800000E+0
769	21,760000E+3	20,659200E+3	15,367930E+6	2,113929E+9	3,800000E+0
770	21,760000E+3	19,970560E+3	15,367930E+6	-2,097152E+9	3,800000E+0
771	21,760000E+3	20,659200E+3	11,525947E+6	-2,013266E+9	3,800000E+0
772	85,000000E+0	80,700000E+0	60,030976E+3	646,774784E+6	0,000000E+0
773	21,760000E+3	19,970560E+3	15,367930E+6	-1,845494E+9	3,800000E+0
774	85,000000E+0	80,700000E+0	45,023232E+3	647,430144E+6	0,000000E+0
775	85,000000E+0	80,700000E+0	45,023232E+3	647,757824E+6	0,000000E+0
776	85,000000E+0	78,010000E+0	60,030976E+3	648,085504E+6	0,000000E+0
777	29,000000E+0	0,000000E+0	916,000000E-3	9,896000E+3	12,000000E+0
778	29,000000E+0	0,000000E+0	687,000000E-3	9,902000E+3	12,000000E+0
779	29,000000E+0	0,000000E+0	687,000000E-3	9,907000E+3	12,000000E+0
780	29,000000E+0	0,000000E+0	916,000000E-3	9,911000E+3	12,000000E+0
781	29,000000E+0	0,000000E+0	687,000000E-3	9,917000E+3	12,000000E+0
782	30,000000E+0	0,000000E+0	687,000000E-3	9,921000E+3	12,000000E+0
783	30,000000E+0	0,000000E+0	687,000000E-3	9,926000E+3	12,000000E+0
784	30,000000E+0	0,000000E+0	916,000000E-3	9,932000E+3	12,000000E+0
785	30,000000E+0	0,000000E+0	687,000000E-3	9,936000E+3	12,000000E+0
786	30,000000E+0	0,000000E+0	916,000000E-3	9,941000E+3	12,000000E+0
787	29,000000E+0	0,000000E+0	687,000000E-3	9,946000E+3	12,000000E+0
788	30,000000E+0	0,000000E+0	687,000000E-3	9,950000E+3	12,000000E+0
789	29,000000E+0	0,000000E+0	916,000000E-3	9,956000E+3	12,000000E+0
790	29,000000E+0	0,000000E+0	916,000000E-3	9,961000E+3	12,000000E+0
791	28,000000E+0	0,000000E+0	916,000000E-3	9,966000E+3	12,000000E+0
792	29,000000E+0	0,000000E+0	687,000000E-3	9,969000E+3	12,000000E+0
793	29,000000E+0	0,000000E+0	687,000000E-3	9,974000E+3	12,000000E+0
794	29,000000E+0	0,000000E+0	916,000000E-3	9,979000E+3	12,000000E+0
795	28,000000E+0	0,000000E+0	916,000000E-3	9,984000E+3	12,000000E+0
796	29,000000E+0	0,000000E+0	687,000000E-3	9,989000E+3	12,000000E+0
797	29,000000E+0	0,000000E+0	687,000000E-3	9,994000E+3	12,000000E+0
798	29,000000E+0	0,000000E+0	916,000000E-3	10,000000E+3	12,000000E+0
799	29,000000E+0	0,000000E+0	916,000000E-3	10,005000E+3	12,000000E+0
800	30,000000E+0	0,000000E+0	687,000000E-3	10,009000E+3	12,000000E+0
801	30,000000E+0	0,000000E+0	916,000000E-3	10,014000E+3	12,000000E+0
802	30,000000E+0	0,000000E+0	916,000000E-3	10,020000E+3	12,000000E+0
803	30,000000E+0	0,000000E+0	916,000000E-3	10,025000E+3	12,000000E+0
804	30,000000E+0	0,000000E+0	916,000000E-3	10,029000E+3	12,000000E+0
805	29,000000E+0	0,000000E+0	916,000000E-3	10,035000E+3	12,000000E+0
806	29,000000E+0	0,000000E+0	916,000000E-3	10,040000E+3	12,000000E+0
807	29,000000E+0	0,000000E+0	687,000000E-3	10,045000E+3	12,000000E+0
808	29,000000E+0	0,000000E+0	916,000000E-3	10,049000E+3	12,000000E+0
809	29,000000E+0	0,000000E+0	916,000000E-3	10,054000E+3	12,000000E+0
810	30,000000E+0	0,000000E+0	687,000000E-3	10,059000E+3	12,000000E+0
811	29,000000E+0	0,000000E+0	916,000000E-3	10,065000E+3	12,000000E+0
812	29,000000E+0	0,000000E+0	916,000000E-3	10,069000E+3	12,000000E+0
813	29,000000E+0	0,000000E+0	687,000000E-3	10,075000E+3	12,000000E+0
814	29,000000E+0	0,000000E+0	687,000000E-3	10,080000E+3	12,000000E+0
815	29,000000E+0	0,000000E+0	916,000000E-3	10,084000E+3	12,000000E+0
816	30,000000E+0	0,000000E+0	687,000000E-3	10,089000E+3	12,000000E+0
817	29,000000E+0	0,000000E+0	916,000000E-3	10,094000E+3	12,000000E+0
818	29,000000E+0	0,000000E+0	687,000000E-3	10,098000E+3	12,000000E+0
819	30,000000E+0	0,000000E+0	687,000000E-3	10,104000E+3	12,000000E+0
820	30,000000E+0	0,000000E+0	916,000000E-3	10,109000E+3	12,000000E+0
821	30,000000E+0	0,000000E+0	687,000000E-3	10,114000E+3	12,000000E+0
822	30,000000E+0	0,000000E+0	687,000000E-3	10,119000E+3	12,000000E+0
823	29,000000E+0	0,000000E+0	916,000000E-3	10,124000E+3	12,000000E+0
824	29,000000E+0	0,000000E+0	687,000000E-3	10,129000E+3	12,000000E+0
825	29,000000E+0	0,000000E+0	916,000000E-3	10,134000E+3	12,000000E+0
826	29,000000E+0	0,000000E+0	916,000000E-3	10,139000E+3	12,000000E+0
827	29,000000E+0	0,000000E+0	687,000000E-3	10,144000E+3	12,000000E+0
828	29,000000E+0	0,000000E+0	916,000000E-3	10,148000E+3	12,000000E+0
829	29,000000E+0	0,000000E+0	916,000000E-3	10,153000E+3	12,000000E+0
830	29,000000E+0	0,000000E+0	687,000000E-3	10,158000E+3	12,000000E+0
831	29,000000E+0	0,000000E+0	916,000000E-3	10,163000E+3	12,000000E+0
832	29,000000E+0	0,000000E+0	687,000000E-3	10,168000E+3	12,000000E+0
833	29,000000E+0	0,000000E+0	687,000000E-3	10,173000E+3	12,000000E+0
834	30,000000E+0	0,000000E+0	687,000000E-3	10,178000E+3	12,000000E+0
835	29,000000E+0	0,000000E+0	687,000000E-3	10,183000E+3	12,000000E+0
836	29,000000E+0	0,000000E+0	687,000000E-3	10,188000E+3	12,000000E+0
837	30,000000E+0	0,000000E+0	687,000000E-3	10,192000E+3	12,000000E+0
838	30,000000E+0	0,000000E+0	687,000000E-3	10,198000E+3	12,000000E+0
839	30,000000E+0	0,000000E+0	916,000000E-3	10,203000E+3	12,000000E+0
840	28,000000E+0	0,000000E+0	916,000000E-3	10,208000E+3	12,000000E+0
841	29,000000E+0	0,000000E+0	916,000000E-3	10,212000E+3	12,000000E+0
842	29,000000E+0	0,000000E+0	916,000000E-3	10,217000E+3	12,000000E+0
843	29,000000E+0	0,000000E+0	687,000000E-3	10,222000E+3	12,000000E+0
844	29,000000E+0	0,000000E+0	687,000000E-3	10,227000E+3	12,000000E+0
845	29,000000E+0	0,000000E+0	916,000000E-3	10,232000E+3	12,000000E+0
846	29,000000E+0	0,000000E+0	916,000000E-3	10,237000E+3	12,000000E+0
847	29,000000E+0	0,000000E+0	916,000000E-3	10,242000E+3	12,000000E+0
848	28,000000E+0	0,000000E+0	687,000000E-3	10,247000E+3	12,000000E+0
849	29,000000E+0	0,000000E+0	687,000000E-3	10,252000E+3	12,000000E+0
850	29,000000E+0	0,000000E+0	916,000000E-3	10,257000E+3	12,000000E+0
851	29,000000E+0	0,000000E+0	916,000000E-3	10,262000E+3	12,000000E+0
852	29,000000E+0	0,000000E+0	916,000000E-3	10,267000E+3	12,000000E+0
853	29,000000E+0	0,000000E+0	916,000000E-3	10,272000E+3	12,000000E+0
854	29,000000E+0	0,000000E+0	687,000000E-3	10,276000E+3	12,000000E+0
855	29,000000E+0	0,000000E+0	687,000000E-3	10,281000E+3	12,000000E+0
856	30,000000E+0	0,000000E+0	916,000000E-3	10,286000E+3	12,000000E+0
857	29,000000E+0	0,000000E+0	916,000000E-3	10,291000E+3	12,000000E+0
858	29,000000E+0	0,000000E+0	687,000000E-3	10,296000E+3	12,000000E+0
859	29,000000E+0	0,000000E+0	916,000000E-3	10,301000E+3	12,000000E+0
860	29,000000E+0	0,000000E+0	916,000000E-3	10,306000E+3	12,000000E+0
861	30,000000E+0	0,000000E+0	687,000000E-3	10,311000E+3	12,000000E+0
862	30,000000E+0	0,000000E+0	916,000000E-3	10,316000E+3	12,000000E+0
863	29,000000E+0	0,000000E+0	916,000000E-3	10,320000E+3	12,000000E+0
864	29,000000E+0	0,000000E+0	916,000000E-3	10,325000E+3	12,000000E+0
865	29,000000E+0	0,000000E+0	687,000000E-3	10,330000E+3	12,000000E+0
866	29,000000E+0	0,000000E+0	916,000000E-3	10,335000E+3	12,000000E+0
867	29,000000E+0	0,000000E+0	916,000000E-3	10,340000E+3	12,000000E+0
868	30,000000E+0	0,000000E+0	687,000000E-3	10,345000E+3	12,000000E+0
869	29,000000E+0	0,000000E+0	916,000000E-3	10,350000E+3	12,000000E+0
870	29,000000E+0	0,000000E+0	916,000000E-3	10,354000E+3	12,000000E+0
871	29,000000E+0	0,000000E+0	687,000000E-3	10,359000E+3	12,000000E+0
872	29,000000E+0	0,000000E+0	687,000000E-3	10,364000E+3	12,000000E+0
873	29,000000E+0	0,000000E+0	687,000000E-3	10,369000E+3	12,000000E+0
874	30,000000E+0	0,000000E+0	687,000000E-3	10,373000E+3	12,000000E+0
875	30,000000E+0	0,000000E+0	687,000000E-3	10,379000E+3	12,000000E+0
876	29,000000E+0	0,000000E+0	916,000000E-3	10,384000E+3	12,000000E+0
877	30,000000E+0	0,000000E+0	687,000000E-3	10,389000E+3	12,000000E+0
878	30,000000E+0	0,000000E+0	687,000000E-3	10,394000E+3	12,000000E+0
879	29,000000E+0	0,000000E+0	687,000000E-3	10,399000E+3	12,000000E+0
880	29,000000E+0	0,000000E+0	687,000000E-3	10,403000E+3	12,000000E+0
881	29,000000E+0	0,000000E+0	916,000000E-3	10,409000E+3	12,000000E+0
882	29,000000E+0	0,000000E+0	687,000000E-3	10,414000E+3	12,000000E+0
883	29,000000E+0	0,000000E+0	687,000000E-3	10,418000E+3	12,000000E+0
884	30,000000E+0	0,000000E+0	687,000000E-3	10,424000E+3	12,000000E+0
885	30,000000E+0	0,000000E+0	687,000000E-3	10,429000E+3	12,000000E+0
886	29,000000E+0	0,000000E+0	687,000000E-3	10,434000E+3	12,000000E+0
887	29,000000E+0	0,000000E+0	916,000000E-3	10,439000E+3	12,000000E+0
888	29,000000E+0	0,000000E+0	916,000000E-3	10,444000E+3	12,000000E+0
889	29,000000E+0	0,000000E+0	687,000000E-3	10,449000E+3	12,000000E+0
890	28,000000E+0	0,000000E+0	916,000000E-3	10,454000E+3	12,000000E+0
891	30,000000E+0	0,000000E+0	687,000000E-3	10,459000E+3	12,000000E+0
892	30,000000E+0	0,000000E+0	687,000000E-3	10,464000E+3	12,000000E+0
893	29,000000E+0	0,000000E+0	916,000000E-3	10,468000E+3	12,000000E+0
894	30,000000E+0	0,000000E+0	687,000000E-3	10,473000E+3	12,000000E+0
895	30,000000E+0	0,000000E+0	916,000000E-3	10,478000E+3	12,000000E+0
896	30,000000E+0	0,000000E+0	687,000000E-3	10,483000E+3	12,000000E+0
897	29,000000E+0	0,000000E+0	916,000000E-3	10,488000E+3	12,000000E+0
898	29,000000E+0	0,000000E+0	687,000000E-3	10,493000E+3	12,000000E+0
899	29,000000E+0	0,000000E+0	687,000000E-3	10,498000E+3	12,000000E+0
900	29,000000E+0	0,000000E+0	916,000000E-3	10,503000E+3	12,000000E+0
901	29,000000E+0	0,000000E+0	916,000000E-3	10,508000E+3	12,000000E+0
902	29,000000E+0	0,000000E+0	687,000000E-3	10,513000E+3	12,000000E+0
903	29,000000E+0	0,000000E+0	916,000000E-3	10,518000E+3	12,000000E+0
904	29,000000E+0	0,000000E+0	916,000000E-3	10,523000E+3	12,000000E+0
905	30,000000E+0	0,000000E+0	687,000000E-3	10,528000E+3	12,000000E+0
906	29,000000E+0	0,000000E+0	916,000000E-3	10,532000E+3	12,000000E+0
907	29,000000E+0	0,000000E+0	687,000000E-3	10,537000E+3	12,000000E+0
908	29,000000E+0	0,000000E+0	916,000000E-3	10,541000E+3	12,000000E+0
909	30,000000E+0	0,000000E+0	687,000000E-3	10,547000E+3	12,000000E+0
910	30,000000E+0	0,000000E+0	916,000000E-3	10,552000E+3	12,000000E+0
911	30,000000E+0	0,000000E+0	916,000000E-3	10,557000E+3	12,000000E+0
912	30,000000E+0	0,000000E+0	916,000000E-3	10,562000E+3	12,000000E+0
913	29,000000E+0	0,000000E+0	916,000000E-3	10,567000E+3	12,000000E+0
914	30,000000E+0	0,000000E+0	687,000000E-3	10,572000E+3	12,000000E+0
915	30,000000E+0	0,000000E+0	916,000000E-3	10,576000E+3	12,000000E+0
916	30,000000E+0	0,000000E+0	687,000000E-3	10,581000E+3	12,000000E+0
917	30,000000E+0	0,000000E+0	687,000000E-3	10,586000E+3	12,000000E+0
918	29,000000E+0	0,000000E+0	916,000000E-3	10,591000E+3	12,000000E+0
919	30,000000E+0	0,000000E+0	687,000000E-3	10,596000E+3	12,000000E+0
920	30,000000E+0	0,000000E+0	916,000000E-3	10,601000E+3	12,000000E+0
921	29,000000E+0	0,000000E+0	916,000000E-3	10,606000E+3	12,000000E+0
922	30,000000E+0	0,000000E+0	916,000000E-3	10,611000E+3	12,000000E+0
923	29,000000E+0	0,000000E+0	687,000000E-3	10,616000E+3	12,000000E+0
924	29,000000E+0	0,000000E+0	687,000000E-3	10,620000E+3	12,000000E+0
925	27,000000E+0	0,000000E+0	916,000000E-3	10,626000E+3	12,000000E+0
926	29,000000E+0	0,000000E+0	687,000000E-3	10,631000E+3	12,000000E+0
927	29,000000E+0	0,000000E+0	687,000000E-3	10,635000E+3	12,000000E+0
928	30,000000E+0	0,000000E+0	687,000000E-3	10,640000E+3	12,000000E+0
929	31,000000E+0	0,000000E+0	687,000000E-3	10,645000E+3	12,000000E+0
930	30,000000E+0	0,000000E+0	687,000000E-3	10,650000E+3	12,000000E+0
931	30,000000E+0	0,000000E+0	916,000000E-3	10,655000E+3	12,000000E+0
932	30,000000E+0	0,000000E+0	916,000000E-3	10,661000E+3	12,000000E+0
933	30,000000E+0	0,000000E+0	687,000000E-3	10,665000E+3	12,000000E+0
934	29,000000E+0	0,000000E+0	916,000000E-3	10,670000E+3	12,000000E+0
935	29,000000E+0	0,000000E+0	687,000000E-3	10,676000E+3	12,000000E+0
936	28,000000E+0	0,000000E+0	687,000000E-3	10,681000E+3	12,000000E+0
937	29,000000E+0	0,000000E+0	687,000000E-3	10,685000E+3	12,000000E+0
938	30,000000E+0	0,000000E+0	916,000000E-3	10,690000E+3	12,000000E+0
939	29,000000E+0	0,000000E+0	916,000000E-3	10,696000E+3	12,000000E+0
940	29,000000E+0	0,000000E+0	916,000000E-3	10,700000E+3	12,000000E+0
941	29,000000E+0	0,000000E+0	916,000000E-3	10,705000E+3	12,000000E+0
942	29,000000E+0	0,000000E+0	916,000000E-3	10,711000E+3	12,000000E+0
943	29,000000E+0	0,000000E+0	687,000000E-3	10,716000E+3	12,000000E+0
944	29,000000E+0	0,000000E+0	916,000000E-3	10,720000E+3	12,000000E+0
945	29,000000E+0	0,000000E+0	687,000000E-3	10,725000E+3	12,000000E+0
946	30,000000E+0	0,000000E+0	687,000000E-3	10,729000E+3	12,000000E+0
947	31,000000E+0	0,000000E+0	687,000000E-3	10,734000E+3	12,000000E+0
948	31,000000E+0	0,000000E+0	916,000000E-3	10,739000E+3	12,000000E+0
949	31,000000E+0	0,000000E+0	916,000000E-3	10,744000E+3	12,000000E+0
950	31,000000E+0	0,000000E+0	916,000000E-3	10,749000E+3	12,000000E+0
951	30,000000E+0	0,000000E+0	916,000000E-3	10,755000E+3	12,000000E+0
952	30,000000E+0	0,000000E+0	916,000000E-3	10,760000E+3	12,000000E+0
953	29,000000E+0	0,000000E+0	916,000000E-3	10,765000E+3	12,000000E+0
954	29,000000E+0	0,000000E+0	687,000000E-3	10,770000E+3	12,000000E+0
955	29,000000E+0	0,000000E+0	916,000000E-3	10,775000E+3	12,000000E+0
956	28,000000E+0	0,000000E+0	916,000000E-3	10,780000E+3	12,000000E+0
957	29,000000E+0	0,000000E+0	687,000000E-3	10,786000E+3	12,000000E+0
958	29,000000E+0	0,000000E+0	916,000000E-3	10,791000E+3	12,000000E+0
959	28,000000E+0	0,000000E+0	916,000000E-3	10,796000E+3	12,000000E+0
960	29,000000E+0	0,000000E+0	687,000000E-3	10,801000E+3	12,000000E+0
961	29,000000E+0	0,000000E+0	687,000000E-3	10,806000E+3	12,000000E+0
962	29,000000E+0	0,000000E+0	687,000000E-3	10,811000E+3	12,000000E+0
963	30,000000E+0	0,000000E+0	687,000000E-3	10,816000E+3	12,000000E+0
964	30,000000E+0	0,000000E+0	687,000000E-3	10,821000E+3	12,000000E+0
965	31,000000E+0	0,000000E+0	687,000000E-3	10,825000E+3	12,000000E+0
966	32,000000E+0	0,000000E+0	916,000000E-3	10,830000E+3	12,000000E+0
967	32,000000E+0	0,000000E+0	916,000000E-3	10,836000E+3	12,000000E+0
968	31,000000E+0	0,000000E+0	687,000000E-3	10,841000E+3	12,000000E+0
969	30,000000E+0	0,000000E+0	916,000000E-3	10,846000E+3	12,000000E+0
970	30,000000E+0	0,000000E+0	916,000000E-3	10,852000E+3	12,000000E+0
971	30,000000E+0	0,000000E+0	687,000000E-3	10,857000E+3	12,000000E+0
972	29,000000E+0	0,000000E+0	916,000000E-3	10,863000E+3	12,000000E+0
973	28,000000E+0	0,000000E+0	916,000000E-3	10,868000E+3	12,000000E+0
974	29,000000E+0	0,000000E+0	687,000000E-3	10,873000E+3	12,000000E+0
975	29,000000E+0	0,000000E+0	687,000000E-3	10,877000E+3	12,000000E+0
976	29,000000E+0	0,000000E+0	687,000000E-3	10,882000E+3	12,000000E+0
977	30,000000E+0	0,000000E+0	687,000000E-3	10,888000E+3	12,000000E+0
978	29,000000E+0	0,000000E+0	916,000000E-3	10,892000E+3	12,000000E+0
979	29,000000E+0	0,000000E+0	687,000000E-3	10,897000E+3	12,000000E+0
980	30,000000E+0	0,000000E+0	916,000000E-3	10,903000E+3	12,000000E+0
981	30,000000E+0	0,000000E+0	687,000000E-3	10,907000E+3	12,000000E+0
982	31,000000E+0	0,000000E+0	687,000000E-3	10,912000E+3	12,000000E+0
983	31,000000E+0	0,000000E+0	916,000000E-3	10,917000E+3	12,000000E+0
984	31,000000E+0	0,000000E+0	687,000000E-3	10,922000E+3	12,000000E+0
985	31,000000E+0	0,000000E+0	687,000000E-3	10,927000E+3	12,000000E+0
986	30,000000E+0	0,000000E+0	916,000000E-3	10,932000E+3	12,000000E+0
987	30,000000E+0	0,000000E+0	916,000000E-3	10,937000E+3	12,000000E+0
988	30,000000E+0	0,000000E+0	687,000000E-3	10,942000E+3	12,000000E+0
989	30,000000E+0	0,000000E+0	687,000000E-3	10,947000E+3	12,000000E+0
990	30,000000E+0	0,000000E+0	916,000000E-3	10,952000E+3	12,000000E+0
991	28,000000E+0	0,000000E+0	916,000000E-3	10,958000E+3	12,000000E+0
992	29,000000E+0	0,000000E+0	687,000000E-3	10,963000E+3	12,000000E+0
993	29,000000E+0	0,000000E+0	687,000000E-3	10,967000E+3	12,000000E+0
994	29,000000E+0	0,000000E+0	687,000000E-3	10,973000E+3	12,000000E+0
995	29,000000E+0	0,000000E+0	687,000000E-3	10,979000E+3	12,000000E+0
996	30,000000E+0	0,000000E+0	687,000000E-3	10,983000E+3	12,000000E+0
997	30,000000E+0	0,000000E+0	687,000000E-3	10,988000E+3	12,000000E+0
998	32,000000E+0	0,000000E+0	687,000000E-3	10,993000E+3	12,000000E+0
999	31,000000E+0	0,000000E+0	687,000000E-3	10,998000E+3	12,000000E+0
1000	31,000000E+0	0,000000E+0	916,000000E-3	11,003000E+3	12,000000E+0
1001	30,000000E+0	0,000000E+0	916,000000E-3	11,009000E+3	12,000000E+0
1002	30,000000E+0	0,000000E+0	687,000000E-3	11,014000E+3	12,000000E+0
1003	30,000000E+0	0,000000E+0	916,000000E-3	11,019000E+3	12,000000E+0
1004	30,000000E+0	0,000000E+0	916,000000E-3	11,024000E+3	12,000000E+0
1005	29,000000E+0	0,000000E+0	916,000000E-3	11,029000E+3	12,000000E+0
1006	30,000000E+0	0,000000E+0	687,000000E-3	11,033000E+3	12,000000E+0
1007	30,000000E+0	0,000000E+0	916,000000E-3	11,039000E+3	12,000000E+0
1008	30,000000E+0	0,000000E+0	916,000000E-3	11,044000E+3	12,000000E+0
1009	30,000000E+0	0,000000E+0	687,000000E-3	11,049000E+3	12,000000E+0
1010	30,000000E+0	0,000000E+0	916,000000E-3	11,054000E+3	12,000000E+0
1011	29,000000E+0	0,000000E+0	916,000000E-3	11,059000E+3	12,000000E+0
1012	29,000000E+0	0,000000E+0	916,000000E-3	11,064000E+3	12,000000E+0
1013	29,000000E+0	0,000000E+0	687,000000E-3	11,069000E+3	12,000000E+0
1014	29,000000E+0	0,000000E+0	916,000000E-3	11,074000E+3	12,000000E+0
1015	30,000000E+0	0,000000E+0	687,000000E-3	11,078000E+3	12,000000E+0
1016	30,000000E+0	0,000000E+0	687,000000E-3	11,083000E+3	12,000000E+0
1017	30,000000E+0	0,000000E+0	687,000000E-3	11,088000E+3	12,000000E+0
1018	30,000000E+0	0,000000E+0	687,000000E-3	11,093000E+3	12,000000E+0
1019	31,000000E+0	0,000000E+0	687,000000E-3	11,098000E+3	12,000000E+0
1020	30,000000E+0	0,000000E+0	916,000000E-3	11,103000E+3	12,000000E+0
1021	30,000000E+0	0,000000E+0	687,000000E-3	11,108000E+3	12,000000E+0
1022	30,000000E+0	0,000000E+0	916,000000E-3	11,114000E+3	12,000000E+0
1023	30,000000E+0	0,000000E+0	687,000000E-3	11,118000E+3	12,000000E+0
1024	30,000000E+0	0,000000E+0	916,000000E-3	11,123000E+3	12,000000E+0
1025	29,000000E+0	0,000000E+0	687,000000E-3	11,128000E+3	12,000000E+0
1026	30,000000E+0	0,000000E+0	687,000000E-3	11,133000E+3	12,000000E+0
1027	30,000000E+0	0,000000E+0	687,000000E-3	11,138000E+3	12,000000E+0
1028	29,000000E+0	0,000000E+0	916,000000E-3	11,144000E+3	12,000000E+0
1029	30,000000E+0	0,000000E+0	687,000000E-3	11,149000E+3	12,000000E+0
1030	30,000000E+0	0,000000E+0	687,000000E-3	11,153000E+3	12,000000E+0
1031	29,000000E+0	0,000000E+0	916,000000E-3	11,158000E+3	12,000000E+0
1032	30,000000E+0	0,000000E+0	687,000000E-3	11,164000E+3	12,000000E+0
1033	30,000000E+0	0,000000E+0	687,000000E-3	11,169000E+3	12,000000E+0
1034	31,000000E+0	0,000000E+0	687,000000E-3	11,174000E+3	12,000000E+0
1035	30,000000E+0	0,000000E+0	687,000000E-3	11,180000E+3	12,000000E+0
1036	31,000000E+0	0,000000E+0	687,000000E-3	11,184000E+3	12,000000E+0
1037	30,000000E+0	0,000000E+0	916,000000E-3	11,189000E+3	12,000000E+0
1038	30,000000E+0	0,000000E+0	916,000000E-3	11,195000E+3	12,000000E+0
1039	31,000000E+0	0,000000E+0	687,000000E-3	11,199000E+3	12,000000E+0
1040	30,000000E+0	0,000000E+0	916,000000E-3	11,205000E+3	12,000000E+0
1041	30,000000E+0	0,000000E+0	916,000000E-3	11,210000E+3	12,000000E+0
1042	31,000000E+0	0,000000E+0	687,000000E-3	11,215000E+3	12,000000E+0
1043	30,000000E+0	0,000000E+0	916,000000E-3	11,221000E+3	12,000000E+0
1044	30,000000E+0	0,000000E+0	687,000000E-3	11,225000E+3	12,000000E+0
1045	30,000000E+0	0,000000E+0	916,000000E-3	11,231000E+3	12,000000E+0
1046	30,000000E+0	0,000000E+0	687,000000E-3	11,236000E+3	12,000000E+0
1047	30,000000E+0	0,000000E+0	687,000000E-3	11,240000E+3	12,000000E+0
1048	29,000000E+0	0,000000E+0	916,000000E-3	11,246000E+3	12,000000E+0
1049	30,000000E+0	0,000000E+0	687,000000E-3	11,252000E+3	12,000000E+0
1050	30,000000E+0	0,000000E+0	687,000000E-3	11,256000E+3	12,000000E+0
1051	30,000000E+0	0,000000E+0	916,000000E-3	11,261000E+3	12,000000E+0
1052	31,000000E+0	0,000000E+0	687,000000E-3	11,267000E+3	12,000000E+0
1053	31,000000E+0	0,000000E+0	687,000000E-3	11,272000E+3	12,000000E+0
1054	29,000000E+0	0,000000E+0	916,000000E-3	11,277000E+3	12,000000E+0
1055	30,000000E+0	0,000000E+0	687,000000E-3	11,282000E+3	12,000000E+0
1056	31,000000E+0	0,000000E+0	687,000000E-3	11,287000E+3	12,000000E+0
1057	30,000000E+0	0,000000E+0	687,000000E-3	11,292000E+3	12,000000E+0
1058	31,000000E+0	0,000000E+0	916,000000E-3	11,297000E+3	12,000000E+0
1059	30,000000E+0	0,000000E+0	916,000000E-3	11,303000E+3	12,000000E+0
1060	30,000000E+0	0,000000E+0	687,000000E-3	11,308000E+3	12,000000E+0
1061	29,000000E+0	0,000000E+0	687,000000E-3	11,313000E+3	12,000000E+0
1062	30,000000E+0	0,000000E+0	916,000000E-3	11,318000E+3	12,000000E+0
1063	30,000000E+0	0,000000E+0	687,000000E-3	11,323000E+3	12,000000E+0
1064	30,000000E+0	0,000000E+0	687,000000E-3	11,327000E+3	12,000000E+0
1065	29,000000E+0	0,000000E+0	687,000000E-3	11,333000E+3	12,000000E+0
1066	29,000000E+0	0,000000E+0	916,000000E-3	11,338000E+3	12,000000E+0
1067	30,000000E+0	0,000000E+0	687,000000E-3	11,343000E+3	12,000000E+0
1068	29,000000E+0	0,000000E+0	916,000000E-3	11,348000E+3	12,000000E+0
1069	31,000000E+0	0,000000E+0	687,000000E-3	11,353000E+3	12,000000E+0
1070	30,000000E+0	0,000000E+0	687,000000E-3	11,358000E+3	12,000000E+0
1071	30,000000E+0	0,000000E+0	687,000000E-3	11,362000E+3	12,000000E+0
1072	30,000000E+0	0,000000E+0	916,000000E-3	11,368000E+3	12,000000E+0
1073	30,000000E+0	0,000000E+0	916,000000E-3	11,373000E+3	12,000000E+0
1074	30,000000E+0	0,000000E+0	687,000000E-3	11,377000E+3	12,000000E+0
1075	30,000000E+0	0,000000E+0	916,000000E-3	11,383000E+3	12,000000E+0
1076	29,000000E+0	0,000000E+0	916,000000E-3	11,388000E+3	12,000000E+0
1077	30,000000E+0	0,000000E+0	916,000000E-3	11,393000E+3	12,000000E+0
1078	30,000000E+0	0,000000E+0	916,000000E-3	11,398000E+3	12,000000E+0
1079	30,000000E+0	0,000000E+0	687,000000E-3	11,403000E+3	12,000000E+0
1080	30,000000E+0	0,000000E+0	687,000000E-3	11,409000E+3	12,000000E+0
1081	30,000000E+0	0,000000E+0	916,000000E-3	11,413000E+3	12,000000E+0
1082	30,000000E+0	0,000000E+0	916,000000E-3	11,419000E+3	12,000000E+0
1083	30,000000E+0	0,000000E+0	916,000000E-3	11,424000E+3	12,000000E+0
1084	30,000000E+0	0,000000E+0	916,000000E-3	11,429000E+3	12,000000E+0
1085	30,000000E+0	0,000000E+0	687,000000E-3	11,434000E+3	12,000000E+0
1086	30,000000E+0	0,000000E+0	916,000000E-3	11,439000E+3	12,000000E+0
1087	31,000000E+0	0,000000E+0	687,000000E-3	11,445000E+3	12,000000E+0
1088	31,000000E+0	0,000000E+0	687,000000E-3	11,449000E+3	12,000000E+0
1089	30,000000E+0	0,000000E+0	916,000000E-3	11,455000E+3	12,000000E+0
1090	31,000000E+0	0,000000E+0	916,000000E-3	11,460000E+3	12,000000E+0
1091	31,000000E+0	0,000000E+0	687,000000E-3	11,465000E+3	12,000000E+0
1092	30,000000E+0	0,000000E+0	916,000000E-3	11,470000E+3	12,000000E+0
1093	30,000000E+0	0,000000E+0	916,000000E-3	11,475000E+3	12,000000E+0
1094	29,000000E+0	0,000000E+0	687,000000E-3	11,480000E+3	12,000000E+0
1095	30,000000E+0	0,000000E+0	687,000000E-3	11,485000E+3	12,000000E+0
1096	31,000000E+0	0,000000E+0	687,000000E-3	11,490000E+3	12,000000E+0
1097	31,000000E+0	0,000000E+0	687,000000E-3	11,495000E+3	12,000000E+0
1098	30,000000E+0	0,000000E+0	916,000000E-3	11,500000E+3	12,000000E+0
1099	30,000000E+0	0,000000E+0	916,000000E-3	11,504000E+3	12,000000E+0
1100	30,000000E+0	0,000000E+0	916,000000E-3	11,510000E+3	12,000000E+0
1101	30,000000E+0	0,000000E+0	687,000000E-3	11,516000E+3	12,000000E+0
1102	29,000000E+0	0,000000E+0	687,000000E-3	11,520000E+3	12,000000E+0
1103	29,000000E+0	0,000000E+0	687,000000E-3	11,525000E+3	12,000000E+0
1104	31,000000E+0	0,000000E+0	687,000000E-3	11,529000E+3	12,000000E+0
1105	31,000000E+0	0,000000E+0	916,000000E-3	11,535000E+3	12,000000E+0
1106	31,000000E+0	0,000000E+0	916,000000E-3	11,540000E+3	12,000000E+0
1107	31,000000E+0	0,000000E+0	916,000000E-3	11,545000E+3	12,000000E+0
1108	31,000000E+0	0,000000E+0	687,000000E-3	11,550000E+3	12,000000E+0
1109	30,000000E+0	0,000000E+0	916,000000E-3	11,556000E+3	12,000000E+0
1110	30,000000E+0	0,000000E+0	916,000000E-3	11,562000E+3	12,000000E+0
1111	30,000000E+0	0,000000E+0	687,000000E-3	11,566000E+3	12,000000E+0
1112	30,000000E+0	0,000000E+0	916,000000E-3	11,571000E+3	12,000000E+0
1113	30,000000E+0	0,000000E+0	916,000000E-3	11,576000E+3	12,000000E+0
1114	30,000000E+0	0,000000E+0	687,000000E-3	11,581000E+3	12,000000E+0
1115	30,000000E+0	0,000000E+0	687,000000E-3	11,586000E+3	12,000000E+0
1116	29,000000E+0	0,000000E+0	916,000000E-3	11,591000E+3	12,000000E+0
1117	30,000000E+0	0,000000E+0	687,000000E-3	11,596000E+3	12,000000E+0
1118	30,000000E+0	0,000000E+0	916,000000E-3	11,601000E+3	12,000000E+0
1119	29,000000E+0	0,000000E+0	687,000000E-3	11,606000E+3	12,000000E+0
1120	29,000000E+0	0,000000E+0	916,000000E-3	11,611000E+3	12,000000E+0
1121	30,000000E+0	0,000000E+0	687,000000E-3	11,616000E+3	12,000000E+0
1122	30,000000E+0	0,000000E+0	687,000000E-3	11,621000E+3	12,000000E+0
1123	31,000000E+0	0,000000E+0	687,000000E-3	11,626000E+3	12,000000E+0
1124	30,000000E+0	0,000000E+0	916,000000E-3	11,631000E+3	12,000000E+0
1125	31,000000E+0	0,000000E+0	916,000000E-3	11,636000E+3	12,000000E+0
1126	30,000000E+0	0,000000E+0	916,000000E-3	11,641000E+3	12,000000E+0
1127	30,000000E+0	0,000000E+0	916,000000E-3	11,647000E+3	12,000000E+0
1128	30,000000E+0	0,000000E+0	687,000000E-3	11,651000E+3	12,000000E+0
1129	30,000000E+0	0,000000E+0	687,000000E-3	11,657000E+3	12,000000E+0
1130	29,000000E+0	0,000000E+0	916,000000E-3	11,663000E+3	12,000000E+0
1131	30,000000E+0	0,000000E+0	916,000000E-3	11,668000E+3	12,000000E+0
1132	29,000000E+0	0,000000E+0	916,000000E-3	11,673000E+3	12,000000E+0
1133	30,000000E+0	0,000000E+0	687,000000E-3	11,677000E+3	12,000000E+0
1134	30,000000E+0	0,000000E+0	687,000000E-3	11,684000E+3	12,000000E+0
1135	29,000000E+0	0,000000E+0	916,000000E-3	11,689000E+3	12,000000E+0
1136	30,000000E+0	0,000000E+0	687,000000E-3	11,694000E+3	12,000000E+0
1137	29,000000E+0	0,000000E+0	916,000000E-3	11,699000E+3	12,000000E+0
1138	30,000000E+0	0,000000E+0	916,000000E-3	11,704000E+3	12,000000E+0
1139	30,000000E+0	0,000000E+0	687,000000E-3	11,709000E+3	12,000000E+0
1140	30,000000E+0	0,000000E+0	687,000000E-3	11,714000E+3	12,000000E+0
1141	30,000000E+0	0,000000E+0	916,000000E-3	11,718000E+3	12,000000E+0
1142	31,000000E+0	0,000000E+0	687,000000E-3	11,724000E+3	12,000000E+0
1143	30,000000E+0	0,000000E+0	687,000000E-3	11,728000E+3	12,000000E+0
1144	30,000000E+0	0,000000E+0	916,000000E-3	11,733000E+3	12,000000E+0
1145	30,000000E+0	0,000000E+0	916,000000E-3	11,738000E+3	12,000000E+0
1146	30,000000E+0	0,000000E+0	916,000000E-3	11,745000E+3	12,000000E+0
1147	30,000000E+0	0,000000E+0	687,000000E-3	11,749000E+3	12,000000E+0
1148	29,000000E+0	0,000000E+0	916,000000E-3	11,755000E+3	12,000000E+0
1149	29,000000E+0	0,000000E+0	687,000000E-3	11,760000E+3	12,000000E+0
1150	28,000000E+0	0,000000E+0	687,000000E-3	11,765000E+3	12,000000E+0
1151	28,000000E+0	0,000000E+0	916,000000E-3	11,770000E+3	12,000000E+0
1152	28,000000E+0	0,000000E+0	916,000000E-3	11,775000E+3	12,000000E+0
1153	29,000000E+0	0,000000E+0	687,000000E-3	11,779000E+3	12,000000E+0
1154	29,000000E+0	0,000000E+0	687,000000E-3	11,784000E+3	12,000000E+0
1155	30,000000E+0	0,000000E+0	687,000000E-3	11,790000E+3	12,000000E+0
1156	31,000000E+0	0,000000E+0	687,000000E-3	11,795000E+3	12,000000E+0
1157	31,000000E+0	0,000000E+0	687,000000E-3	11,799000E+3	12,000000E+0
1158	31,000000E+0	0,000000E+0	687,000000E-3	11,804000E+3	12,000000E+0
1159	31,000000E+0	0,000000E+0	916,000000E-3	11,809000E+3	12,000000E+0
1160	31,000000E+0	0,000000E+0	687,000000E-3	11,814000E+3	12,000000E+0
1161	30,000000E+0	0,000000E+0	916,000000E-3	11,819000E+3	12,000000E+0
1162	30,000000E+0	0,000000E+0	916,000000E-3	11,825000E+3	12,000000E+0
1163	29,000000E+0	0,000000E+0	916,000000E-3	11,830000E+3	12,000000E+0
1164	29,000000E+0	0,000000E+0	916,000000E-3	11,835000E+3	12,000000E+0
1165	29,000000E+0	0,000000E+0	916,000000E-3	11,840000E+3	12,000000E+0
1166	29,000000E+0	0,000000E+0	687,000000E-3	11,845000E+3	12,000000E+0
1167	30,000000E+0	0,000000E+0	687,000000E-3	11,850000E+3	12,000000E+0
1168	30,000000E+0	0,000000E+0	916,000000E-3	11,855000E+3	12,000000E+0
1169	29,000000E+0	0,000000E+0	916,000000E-3	11,860000E+3	12,000000E+0
1170	30,000000E+0	0,000000E+0	687,000000E-3	11,865000E+3	12,000000E+0
1171	30,000000E+0	0,000000E+0	687,000000E-3	11,870000E+3	12,000000E+0
1172	29,000000E+0	0,000000E+0	916,000000E-3	11,875000E+3	12,000000E+0
1173	30,000000E+0	0,000000E+0	687,000000E-3	11,880000E+3	12,000000E+0
1174	30,000000E+0	0,000000E+0	687,000000E-3	11,885000E+3	12,000000E+0
1175	30,000000E+0	0,000000E+0	687,000000E-3	11,890000E+3	12,000000E+0
1176	30,000000E+0	0,000000E+0	687,000000E-3	11,894000E+3	12,000000E+0
1177	31,000000E+0	0,000000E+0	687,000000E-3	11,899000E+3	12,000000E+0
1178	30,000000E+0	0,000000E+0	916,000000E-3	11,905000E+3	12,000000E+0
1179	30,000000E+0	0,000000E+0	916,000000E-3	11,910000E+3	12,000000E+0
1180	30,000000E+0	0,000000E+0	687,000000E-3	11,915000E+3	12,000000E+0
1181	29,000000E+0	0,000000E+0	687,000000E-3	11,920000E+3	12,000000E+0
1182	29,000000E+0	0,000000E+0	687,000000E-3	11,925000E+3	12,000000E+0
1183	28,000000E+0	0,000000E+0	916,000000E-3	11,930000E+3	12,000000E+0
1184	29,000000E+0	0,000000E+0	687,000000E-3	11,935000E+3	12,000000E+0
1185	29,000000E+0	0,000000E+0	916,000000E-3	11,940000E+3	12,000000E+0
1186	29,000000E+0	0,000000E+0	916,000000E-3	11,945000E+3	12,000000E+0
1187	29,000000E+0	0,000000E+0	687,000000E-3	11,950000E+3	12,000000E+0
1188	30,000000E+0	0,000000E+0	687,000000E-3	11,954000E+3	12,000000E+0
1189	29,000000E+0	0,000000E+0	916,000000E-3	11,960000E+3	12,000000E+0
1190	29,000000E+0	0,000000E+0	687,000000E-3	11,965000E+3	12,000000E+0
1191	29,000000E+0	0,000000E+0	687,000000E-3	11,970000E+3	12,000000E+0
1192	30,000000E+0	0,000000E+0	916,000000E-3	11,975000E+3	12,000000E+0
1193	30,000000E+0	0,000000E+0	687,000000E-3	11,980000E+3	12,000000E+0
1194	30,000000E+0	0,000000E+0	687,000000E-3	11,984000E+3	12,000000E+0
1195	31,000000E+0	0,000000E+0	916,000000E-3	11,989000E+3	12,000000E+0
1196	29,000000E+0	0,000000E+0	916,000000E-3	11,995000E+3	12,000000E+0
1197	30,000000E+0	0,000000E+0	687,000000E-3	11,999000E+3	12,000000E+0
1198	31,000000E+0	0,000000E+0	687,000000E-3	12,004000E+3	12,000000E+0
1199	28,000000E+0	0,000000E+0	916,000000E-3	12,010000E+3	12,000000E+0
1200	29,000000E+0	0,000000E+0	916,000000E-3	12,015000E+3	12,000000E+0
1201	29,000000E+0	0,000000E+0	916,000000E-3	12,020000E+3	12,000000E+0
1202	29,000000E+0	0,000000E+0	916,000000E-3	12,025000E+3	12,000000E+0
1203	28,000000E+0	0,000000E+0	916,000000E-3	12,030000E+3	12,000000E+0
1204	29,000000E+0	0,000000E+0	687,000000E-3	12,035000E+3	12,000000E+0
1205	30,000000E+0	0,000000E+0	687,000000E-3	12,040000E+3	12,000000E+0
1206	29,000000E+0	0,000000E+0	916,000000E-3	12,045000E+3	12,000000E+0
1207	30,000000E+0	0,000000E+0	916,000000E-3	12,050000E+3	12,000000E+0
1208	30,000000E+0	0,000000E+0	916,000000E-3	12,055000E+3	12,000000E+0
1209	30,000000E+0	0,000000E+0	687,000000E-3	12,059000E+3	12,000000E+0
1210	31,000000E+0	0,000000E+0	916,000000E-3	12,064000E+3	12,000000E+0
1211	31,000000E+0	0,000000E+0	687,000000E-3	12,068000E+3	12,000000E+0
1212	31,000000E+0	0,000000E+0	916,000000E-3	12,074000E+3	12,000000E+0
1213	30,000000E+0	0,000000E+0	916,000000E-3	12,079000E+3	12,000000E+0
1214	30,000000E+0	0,000000E+0	916,000000E-3	12,084000E+3	12,000000E+0
1215	30,000000E+0	0,000000E+0	916,000000E-3	12,089000E+3	12,000000E+0
1216	30,000000E+0	0,000000E+0	687,000000E-3	12,094000E+3	12,000000E+0
1217	30,000000E+0	0,000000E+0	916,000000E-3	12,100000E+3	12,000000E+0
1218	30,000000E+0	0,000000E+0	687,000000E-3	12,104000E+3	12,000000E+0
1219	29,000000E+0	0,000000E+0	916,000000E-3	12,110000E+3	12,000000E+0
1220	29,000000E+0	0,000000E+0	916,000000E-3	12,115000E+3	12,000000E+0
1221	29,000000E+0	0,000000E+0	687,000000E-3	12,119000E+3	12,000000E+0
1222	29,000000E+0	0,000000E+0	916,000000E-3	12,124000E+3	12,000000E+0
1223	29,000000E+0	0,000000E+0	916,000000E-3	12,129000E+3	12,000000E+0
1224	28,000000E+0	0,000000E+0	916,000000E-3	12,135000E+3	12,000000E+0
1225	29,000000E+0	0,000000E+0	687,000000E-3	12,140000E+3	12,000000E+0
1226	30,000000E+0	0,000000E+0	687,000000E-3	12,144000E+3	12,000000E+0
1227	30,000000E+0	0,000000E+0	687,000000E-3	12,149000E+3	12,000000E+0
1228	31,000000E+0	0,000000E+0	687,000000E-3	12,154000E+3	12,000000E+0
1229	30,000000E+0	0,000000E+0	916,000000E-3	12,159000E+3	12,000000E+0
1230	30,000000E+0	0,000000E+0	916,000000E-3	12,164000E+3	12,000000E+0
1231	30,000000E+0	0,000000E+0	916,000000E-3	12,169000E+3	12,000000E+0
1232	29,000000E+0	0,000000E+0	687,000000E-3	12,174000E+3	12,000000E+0
1233	29,000000E+0	0,000000E+0	687,000000E-3	12,179000E+3	12,000000E+0
1234	29,000000E+0	0,000000E+0	687,000000E-3	12,185000E+3	12,000000E+0
1235	29,000000E+0	0,000000E+0	687,000000E-3	12,189000E+3	12,000000E+0
1236	29,000000E+0	0,000000E+0	916,000000E-3	12,194000E+3	12,000000E+0
1237	29,000000E+0	0,000000E+0	687,000000E-3	12,199000E+3	12,000000E+0
1238	30,000000E+0	0,000000E+0	687,000000E-3	12,204000E+3	12,000000E+0
1239	29,000000E+0	0,000000E+0	687,000000E-3	12,209000E+3	12,000000E+0
1240	29,000000E+0	0,000000E+0	916,000000E-3	12,215000E+3	12,000000E+0
1241	29,000000E+0	0,000000E+0	687,000000E-3	12,220000E+3	12,000000E+0
1242	30,000000E+0	0,000000E+0	687,000000E-3	12,224000E+3	12,000000E+0
1243	30,000000E+0	0,000000E+0	916,000000E-3	12,229000E+3	12,000000E+0
1244	30,000000E+0	0,000000E+0	916,000000E-3	12,234000E+3	12,000000E+0
1245	30,000000E+0	0,000000E+0	687,000000E-3	12,239000E+3	12,000000E+0
1246	31,000000E+0	0,000000E+0	687,000000E-3	12,244000E+3	12,000000E+0
1247	30,000000E+0	0,000000E+0	916,000000E-3	12,249000E+3	12,000000E+0
1248	30,000000E+0	0,000000E+0	687,000000E-3	12,254000E+3	12,000000E+0
1249	30,000000E+0	0,000000E+0	687,000000E-3	12,259000E+3	12,000000E+0
1250	30,000000E+0	0,000000E+0	916,000000E-3	12,264000E+3	12,000000E+0
1251	30,000000E+0	0,000000E+0	916,000000E-3	12,269000E+3	12,000000E+0
1252	30,000000E+0	0,000000E+0	916,000000E-3	12,275000E+3	12,000000E+0
