mardi 23 janvier 2024	10:17:27	Sampling Period : 20  ms		
Unities: time [sample], PWM [raw], Current [mA], velocity [rev/min], Position [pulse], Present Input Voltage [V]

t	DXL_PWM		DXL_Current		DXL_Velocity		DXL_Position		DXL_Input_Voltage
0	0,000000E+0	0,000000E+0	0,000000E+0	102,351000E+3	12,000000E+0
1	90,000000E+0	45,730000E+0	0,000000E+0	102,352000E+3	12,000000E+0
2	304,000000E+0	29,590000E+0	5,267000E+0	102,388000E+3	12,000000E+0
3	379,000000E+0	18,830000E+0	11,450000E+0	102,451000E+3	12,000000E+0
4	404,000000E+0	16,140000E+0	13,511000E+0	102,524000E+3	12,000000E+0
5	414,000000E+0	13,450000E+0	14,198000E+0	102,604000E+3	12,000000E+0
6	416,000000E+0	13,450000E+0	14,427000E+0	102,682000E+3	12,000000E+0
7	419,000000E+0	13,450000E+0	14,427000E+0	102,760000E+3	12,000000E+0
8	420,000000E+0	13,450000E+0	14,427000E+0	102,840000E+3	12,000000E+0
9	421,000000E+0	13,450000E+0	14,427000E+0	102,921000E+3	12,000000E+0
10	422,000000E+0	13,450000E+0	14,427000E+0	102,999000E+3	12,000000E+0
11	423,000000E+0	13,450000E+0	14,427000E+0	103,080000E+3	12,000000E+0
12	423,000000E+0	13,450000E+0	14,427000E+0	103,160000E+3	12,000000E+0
13	423,000000E+0	13,450000E+0	14,427000E+0	103,241000E+3	12,000000E+0
14	426,000000E+0	13,450000E+0	14,427000E+0	103,322000E+3	12,000000E+0
15	427,000000E+0	13,450000E+0	14,427000E+0	103,402000E+3	12,000000E+0
16	426,000000E+0	10,760000E+0	14,656000E+0	103,484000E+3	12,000000E+0
17	426,000000E+0	10,760000E+0	14,656000E+0	103,565000E+3	12,000000E+0
18	426,000000E+0	10,760000E+0	14,656000E+0	103,645000E+3	12,000000E+0
19	424,000000E+0	13,450000E+0	14,656000E+0	103,727000E+3	12,000000E+0
20	423,000000E+0	10,760000E+0	14,656000E+0	103,808000E+3	12,000000E+0
21	422,000000E+0	10,760000E+0	14,656000E+0	103,888000E+3	12,000000E+0
22	420,000000E+0	10,760000E+0	14,656000E+0	103,968000E+3	12,000000E+0
23	417,000000E+0	10,760000E+0	14,656000E+0	104,048000E+3	12,000000E+0
24	418,000000E+0	10,760000E+0	14,656000E+0	104,129000E+3	12,000000E+0
25	415,000000E+0	10,760000E+0	14,656000E+0	104,208000E+3	12,000000E+0
26	414,000000E+0	10,760000E+0	14,656000E+0	104,288000E+3	12,000000E+0
27	413,000000E+0	10,760000E+0	14,656000E+0	104,367000E+3	12,000000E+0
28	413,000000E+0	10,760000E+0	14,656000E+0	104,445000E+3	12,000000E+0
29	413,000000E+0	10,760000E+0	14,656000E+0	104,525000E+3	12,000000E+0
30	413,000000E+0	10,760000E+0	14,656000E+0	104,603000E+3	12,000000E+0
31	414,000000E+0	10,760000E+0	14,427000E+0	104,681000E+3	12,000000E+0
32	412,000000E+0	10,760000E+0	14,656000E+0	104,761000E+3	12,000000E+0
33	414,000000E+0	10,760000E+0	14,427000E+0	104,839000E+3	12,000000E+0
34	415,000000E+0	10,760000E+0	14,427000E+0	104,919000E+3	12,000000E+0
35	417,000000E+0	10,760000E+0	14,198000E+0	104,997000E+3	12,000000E+0
36	418,000000E+0	10,760000E+0	14,427000E+0	105,078000E+3	12,000000E+0
37	420,000000E+0	10,760000E+0	14,427000E+0	105,157000E+3	12,000000E+0
38	422,000000E+0	10,760000E+0	14,427000E+0	105,238000E+3	12,000000E+0
39	421,000000E+0	10,760000E+0	14,656000E+0	105,318000E+3	12,000000E+0
40	422,000000E+0	10,760000E+0	14,656000E+0	105,399000E+3	12,000000E+0
41	426,000000E+0	10,760000E+0	14,427000E+0	105,480000E+3	12,000000E+0
42	425,000000E+0	10,760000E+0	14,656000E+0	105,562000E+3	12,000000E+0
43	423,000000E+0	10,760000E+0	14,656000E+0	105,643000E+3	12,000000E+0
44	424,000000E+0	10,760000E+0	14,427000E+0	105,724000E+3	12,000000E+0
45	425,000000E+0	10,760000E+0	14,427000E+0	105,805000E+3	12,000000E+0
46	424,000000E+0	10,760000E+0	14,656000E+0	105,885000E+3	12,000000E+0
47	423,000000E+0	10,760000E+0	14,427000E+0	105,967000E+3	12,000000E+0
48	422,000000E+0	10,760000E+0	14,427000E+0	106,047000E+3	12,000000E+0
49	421,000000E+0	10,760000E+0	14,656000E+0	106,127000E+3	12,000000E+0
50	419,000000E+0	10,760000E+0	14,656000E+0	106,208000E+3	12,000000E+0
51	418,000000E+0	10,760000E+0	14,656000E+0	106,287000E+3	12,000000E+0
52	417,000000E+0	8,070000E+0	14,656000E+0	106,367000E+3	12,000000E+0
53	416,000000E+0	10,760000E+0	14,656000E+0	106,448000E+3	12,000000E+0
54	416,000000E+0	10,760000E+0	14,656000E+0	106,527000E+3	12,000000E+0
55	418,000000E+0	10,760000E+0	14,427000E+0	106,603000E+3	12,000000E+0
56	418,000000E+0	10,760000E+0	14,427000E+0	106,684000E+3	12,000000E+0
57	417,000000E+0	10,760000E+0	14,656000E+0	106,763000E+3	12,000000E+0
58	419,000000E+0	10,760000E+0	14,427000E+0	106,842000E+3	12,000000E+0
59	420,000000E+0	10,760000E+0	14,427000E+0	106,920000E+3	12,000000E+0
60	419,000000E+0	10,760000E+0	14,656000E+0	107,001000E+3	12,000000E+0
61	421,000000E+0	10,760000E+0	14,427000E+0	107,081000E+3	12,000000E+0
62	421,000000E+0	10,760000E+0	14,427000E+0	107,163000E+3	12,000000E+0
63	424,000000E+0	10,760000E+0	14,427000E+0	107,241000E+3	12,000000E+0
64	424,000000E+0	10,760000E+0	14,427000E+0	107,322000E+3	12,000000E+0
65	425,000000E+0	10,760000E+0	14,427000E+0	107,402000E+3	12,000000E+0
66	425,000000E+0	10,760000E+0	14,427000E+0	107,483000E+3	12,000000E+0
67	425,000000E+0	10,760000E+0	14,656000E+0	107,565000E+3	12,000000E+0
68	424,000000E+0	10,760000E+0	14,656000E+0	107,646000E+3	12,000000E+0
69	425,000000E+0	10,760000E+0	14,656000E+0	107,726000E+3	12,000000E+0
70	424,000000E+0	10,760000E+0	14,656000E+0	107,807000E+3	12,000000E+0
71	424,000000E+0	10,760000E+0	14,656000E+0	107,888000E+3	12,000000E+0
72	422,000000E+0	10,760000E+0	14,656000E+0	107,969000E+3	12,000000E+0
73	420,000000E+0	10,760000E+0	14,656000E+0	108,050000E+3	12,000000E+0
74	417,000000E+0	10,760000E+0	14,656000E+0	108,131000E+3	12,000000E+0
75	415,000000E+0	10,760000E+0	14,656000E+0	108,211000E+3	12,000000E+0
76	416,000000E+0	10,760000E+0	14,656000E+0	108,289000E+3	12,000000E+0
77	414,000000E+0	10,760000E+0	14,656000E+0	108,370000E+3	12,000000E+0
78	413,000000E+0	10,760000E+0	14,656000E+0	108,448000E+3	12,000000E+0
79	411,000000E+0	10,760000E+0	14,656000E+0	108,527000E+3	12,000000E+0
80	411,000000E+0	10,760000E+0	14,656000E+0	108,617000E+3	12,000000E+0
81	411,000000E+0	10,760000E+0	14,427000E+0	108,703000E+3	12,000000E+0
82	413,000000E+0	10,760000E+0	14,427000E+0	108,802000E+3	12,000000E+0
83	414,000000E+0	10,760000E+0	14,427000E+0	108,899000E+3	12,000000E+0
84	415,000000E+0	10,760000E+0	14,427000E+0	108,979000E+3	12,000000E+0
85	415,000000E+0	10,760000E+0	14,656000E+0	109,057000E+3	12,000000E+0
86	417,000000E+0	10,760000E+0	14,427000E+0	109,138000E+3	12,000000E+0
87	418,000000E+0	10,760000E+0	14,656000E+0	109,219000E+3	12,000000E+0
88	420,000000E+0	10,760000E+0	14,427000E+0	109,300000E+3	12,000000E+0
89	424,000000E+0	10,760000E+0	14,427000E+0	109,380000E+3	12,000000E+0
90	425,000000E+0	10,760000E+0	14,427000E+0	109,459000E+3	12,000000E+0
91	426,000000E+0	10,760000E+0	14,427000E+0	109,540000E+3	12,000000E+0
92	425,000000E+0	10,760000E+0	14,427000E+0	109,622000E+3	12,000000E+0
93	424,000000E+0	10,760000E+0	14,656000E+0	109,702000E+3	12,000000E+0
94	424,000000E+0	10,760000E+0	14,656000E+0	109,784000E+3	12,000000E+0
95	425,000000E+0	10,760000E+0	14,656000E+0	109,866000E+3	12,000000E+0
96	424,000000E+0	10,760000E+0	14,656000E+0	109,945000E+3	12,000000E+0
97	423,000000E+0	10,760000E+0	14,656000E+0	110,036000E+3	12,000000E+0
98	421,000000E+0	10,760000E+0	14,656000E+0	110,128000E+3	12,000000E+0
99	420,000000E+0	10,760000E+0	14,656000E+0	110,209000E+3	12,000000E+0
100	417,000000E+0	10,760000E+0	14,656000E+0	110,289000E+3	12,000000E+0
101	417,000000E+0	10,760000E+0	14,656000E+0	110,368000E+3	12,000000E+0
102	418,000000E+0	10,760000E+0	14,656000E+0	110,448000E+3	12,000000E+0
103	417,000000E+0	10,760000E+0	14,656000E+0	110,529000E+3	12,000000E+0
104	417,000000E+0	10,760000E+0	14,427000E+0	110,608000E+3	12,000000E+0
105	415,000000E+0	10,760000E+0	14,427000E+0	110,685000E+3	12,000000E+0
106	416,000000E+0	10,760000E+0	14,427000E+0	110,765000E+3	12,000000E+0
107	416,000000E+0	10,760000E+0	14,427000E+0	110,844000E+3	12,000000E+0
108	416,000000E+0	10,760000E+0	14,427000E+0	110,924000E+3	12,000000E+0
109	419,000000E+0	10,760000E+0	14,427000E+0	111,003000E+3	12,000000E+0
110	420,000000E+0	10,760000E+0	14,427000E+0	111,082000E+3	12,000000E+0
111	422,000000E+0	10,760000E+0	14,427000E+0	111,162000E+3	12,000000E+0
112	422,000000E+0	10,760000E+0	14,427000E+0	111,243000E+3	12,000000E+0
113	423,000000E+0	10,760000E+0	14,427000E+0	111,322000E+3	12,000000E+0
114	423,000000E+0	10,760000E+0	14,427000E+0	111,403000E+3	12,000000E+0
115	424,000000E+0	10,760000E+0	14,427000E+0	111,482000E+3	12,000000E+0
116	425,000000E+0	10,760000E+0	14,427000E+0	111,564000E+3	12,000000E+0
117	425,000000E+0	10,760000E+0	14,656000E+0	111,644000E+3	12,000000E+0
118	422,000000E+0	10,760000E+0	14,656000E+0	111,727000E+3	12,000000E+0
119	423,000000E+0	10,760000E+0	14,656000E+0	111,807000E+3	12,000000E+0
120	423,000000E+0	10,760000E+0	14,656000E+0	111,888000E+3	12,000000E+0
121	423,000000E+0	10,760000E+0	14,656000E+0	111,969000E+3	12,000000E+0
122	423,000000E+0	10,760000E+0	14,656000E+0	112,050000E+3	12,000000E+0
123	422,000000E+0	10,760000E+0	14,656000E+0	112,130000E+3	12,000000E+0
124	418,000000E+0	10,760000E+0	14,656000E+0	112,210000E+3	12,000000E+0
125	417,000000E+0	10,760000E+0	14,656000E+0	112,290000E+3	12,000000E+0
126	415,000000E+0	10,760000E+0	14,656000E+0	112,368000E+3	12,000000E+0
127	413,000000E+0	8,070000E+0	14,656000E+0	112,449000E+3	12,000000E+0
128	412,000000E+0	10,760000E+0	14,656000E+0	112,528000E+3	12,000000E+0
129	411,000000E+0	10,760000E+0	14,656000E+0	112,607000E+3	12,000000E+0
130	412,000000E+0	10,760000E+0	14,656000E+0	112,686000E+3	12,000000E+0
131	411,000000E+0	10,760000E+0	14,656000E+0	112,764000E+3	12,000000E+0
132	411,000000E+0	10,760000E+0	14,427000E+0	112,843000E+3	12,000000E+0
133	412,000000E+0	10,760000E+0	14,427000E+0	112,922000E+3	12,000000E+0
134	413,000000E+0	10,760000E+0	14,427000E+0	112,999000E+3	12,000000E+0
135	415,000000E+0	10,760000E+0	14,427000E+0	113,077000E+3	12,000000E+0
136	417,000000E+0	10,760000E+0	14,427000E+0	113,156000E+3	12,000000E+0
137	419,000000E+0	10,760000E+0	14,427000E+0	113,237000E+3	12,000000E+0
138	417,000000E+0	10,760000E+0	14,656000E+0	113,318000E+3	12,000000E+0
139	419,000000E+0	10,760000E+0	14,656000E+0	113,399000E+3	12,000000E+0
140	422,000000E+0	10,760000E+0	14,427000E+0	113,479000E+3	12,000000E+0
141	424,000000E+0	10,760000E+0	14,427000E+0	113,559000E+3	12,000000E+0
142	425,000000E+0	10,760000E+0	14,427000E+0	113,641000E+3	12,000000E+0
143	426,000000E+0	10,760000E+0	14,427000E+0	113,722000E+3	12,000000E+0
144	425,000000E+0	10,760000E+0	14,427000E+0	113,802000E+3	12,000000E+0
145	423,000000E+0	10,760000E+0	14,656000E+0	113,884000E+3	12,000000E+0
146	424,000000E+0	10,760000E+0	14,656000E+0	113,964000E+3	12,000000E+0
147	425,000000E+0	10,760000E+0	14,427000E+0	114,045000E+3	12,000000E+0
148	422,000000E+0	10,760000E+0	14,656000E+0	114,126000E+3	12,000000E+0
149	421,000000E+0	10,760000E+0	14,656000E+0	114,208000E+3	12,000000E+0
150	421,000000E+0	8,070000E+0	14,656000E+0	114,288000E+3	12,000000E+0
151	419,000000E+0	8,070000E+0	14,656000E+0	114,369000E+3	12,000000E+0
152	419,000000E+0	8,070000E+0	14,656000E+0	114,449000E+3	12,000000E+0
153	418,000000E+0	10,760000E+0	14,427000E+0	114,528000E+3	12,000000E+0
154	417,000000E+0	10,760000E+0	14,427000E+0	114,608000E+3	12,000000E+0
155	417,000000E+0	10,760000E+0	14,427000E+0	114,688000E+3	12,000000E+0
156	416,000000E+0	10,760000E+0	14,656000E+0	114,765000E+3	12,000000E+0
157	417,000000E+0	10,760000E+0	14,427000E+0	114,844000E+3	12,000000E+0
158	416,000000E+0	10,760000E+0	14,656000E+0	114,924000E+3	12,000000E+0
159	416,000000E+0	10,760000E+0	14,656000E+0	115,004000E+3	12,000000E+0
160	417,000000E+0	10,760000E+0	14,427000E+0	115,083000E+3	12,000000E+0
161	419,000000E+0	10,760000E+0	14,427000E+0	115,161000E+3	12,000000E+0
162	422,000000E+0	10,760000E+0	14,427000E+0	115,241000E+3	12,000000E+0
163	422,000000E+0	10,760000E+0	14,427000E+0	115,322000E+3	12,000000E+0
164	424,000000E+0	10,760000E+0	14,427000E+0	115,402000E+3	12,000000E+0
165	424,000000E+0	10,760000E+0	14,427000E+0	115,481000E+3	12,000000E+0
166	424,000000E+0	10,760000E+0	14,656000E+0	115,562000E+3	12,000000E+0
167	424,000000E+0	10,760000E+0	14,427000E+0	115,644000E+3	12,000000E+0
168	426,000000E+0	10,760000E+0	14,427000E+0	115,724000E+3	12,000000E+0
169	423,000000E+0	10,760000E+0	14,656000E+0	115,806000E+3	12,000000E+0
170	423,000000E+0	10,760000E+0	14,656000E+0	115,887000E+3	12,000000E+0
171	423,000000E+0	10,760000E+0	14,656000E+0	115,968000E+3	12,000000E+0
172	422,000000E+0	10,760000E+0	14,656000E+0	116,048000E+3	12,000000E+0
173	422,000000E+0	10,760000E+0	14,656000E+0	116,130000E+3	12,000000E+0
174	422,000000E+0	10,760000E+0	14,427000E+0	116,210000E+3	12,000000E+0
175	419,000000E+0	8,070000E+0	14,656000E+0	116,290000E+3	12,000000E+0
176	417,000000E+0	10,760000E+0	14,656000E+0	116,370000E+3	12,000000E+0
177	417,000000E+0	8,070000E+0	14,656000E+0	116,449000E+3	12,000000E+0
178	414,000000E+0	8,070000E+0	14,656000E+0	116,529000E+3	12,000000E+0
179	412,000000E+0	8,070000E+0	14,656000E+0	116,608000E+3	12,000000E+0
180	411,000000E+0	8,070000E+0	14,656000E+0	116,688000E+3	12,000000E+0
181	412,000000E+0	10,760000E+0	14,427000E+0	116,767000E+3	12,000000E+0
182	410,000000E+0	10,760000E+0	14,656000E+0	116,845000E+3	12,000000E+0
183	412,000000E+0	10,760000E+0	14,427000E+0	116,924000E+3	12,000000E+0
184	412,000000E+0	10,760000E+0	14,427000E+0	117,003000E+3	12,000000E+0
185	412,000000E+0	10,760000E+0	14,427000E+0	117,080000E+3	12,000000E+0
186	413,000000E+0	10,760000E+0	14,656000E+0	117,159000E+3	12,000000E+0
187	415,000000E+0	10,760000E+0	14,427000E+0	117,237000E+3	12,000000E+0
188	419,000000E+0	10,760000E+0	14,427000E+0	117,318000E+3	12,000000E+0
189	419,000000E+0	10,760000E+0	14,427000E+0	117,398000E+3	12,000000E+0
190	421,000000E+0	10,760000E+0	14,427000E+0	117,479000E+3	12,000000E+0
191	423,000000E+0	10,760000E+0	14,427000E+0	117,559000E+3	12,000000E+0
192	423,000000E+0	10,760000E+0	14,427000E+0	117,638000E+3	12,000000E+0
193	424,000000E+0	8,070000E+0	14,427000E+0	117,720000E+3	12,000000E+0
194	424,000000E+0	8,070000E+0	14,427000E+0	117,803000E+3	12,000000E+0
195	424,000000E+0	10,760000E+0	14,427000E+0	117,882000E+3	12,000000E+0
196	423,000000E+0	10,760000E+0	14,656000E+0	117,964000E+3	12,000000E+0
197	423,000000E+0	10,760000E+0	14,656000E+0	118,044000E+3	12,000000E+0
198	424,000000E+0	10,760000E+0	14,656000E+0	118,125000E+3	12,000000E+0
199	422,000000E+0	10,760000E+0	14,656000E+0	118,207000E+3	12,000000E+0
200	422,000000E+0	10,760000E+0	14,656000E+0	118,288000E+3	12,000000E+0
201	421,000000E+0	10,760000E+0	14,427000E+0	118,368000E+3	12,000000E+0
202	420,000000E+0	8,070000E+0	14,656000E+0	118,449000E+3	12,000000E+0
203	419,000000E+0	8,070000E+0	14,656000E+0	118,530000E+3	12,000000E+0
204	419,000000E+0	8,070000E+0	14,427000E+0	118,609000E+3	12,000000E+0
205	417,000000E+0	8,070000E+0	14,656000E+0	118,689000E+3	12,000000E+0
206	416,000000E+0	8,070000E+0	14,656000E+0	118,769000E+3	12,000000E+0
207	416,000000E+0	8,070000E+0	14,656000E+0	118,846000E+3	12,000000E+0
208	416,000000E+0	8,070000E+0	14,427000E+0	118,925000E+3	12,000000E+0
209	417,000000E+0	10,760000E+0	14,656000E+0	119,006000E+3	12,000000E+0
210	417,000000E+0	10,760000E+0	14,427000E+0	119,085000E+3	12,000000E+0
211	417,000000E+0	10,760000E+0	14,427000E+0	119,164000E+3	12,000000E+0
212	418,000000E+0	8,070000E+0	14,427000E+0	119,242000E+3	12,000000E+0
213	420,000000E+0	10,760000E+0	14,427000E+0	119,323000E+3	12,000000E+0
214	421,000000E+0	10,760000E+0	14,427000E+0	119,404000E+3	12,000000E+0
215	422,000000E+0	10,760000E+0	14,427000E+0	119,483000E+3	12,000000E+0
216	424,000000E+0	10,760000E+0	14,427000E+0	119,562000E+3	12,000000E+0
217	424,000000E+0	10,760000E+0	14,427000E+0	119,643000E+3	12,000000E+0
218	424,000000E+0	10,760000E+0	14,427000E+0	119,724000E+3	12,000000E+0
219	425,000000E+0	10,760000E+0	14,427000E+0	119,805000E+3	12,000000E+0
220	423,000000E+0	10,760000E+0	14,656000E+0	119,886000E+3	12,000000E+0
221	423,000000E+0	10,760000E+0	14,656000E+0	119,968000E+3	12,000000E+0
222	423,000000E+0	10,760000E+0	14,656000E+0	120,049000E+3	12,000000E+0
223	423,000000E+0	10,760000E+0	14,656000E+0	120,128000E+3	12,000000E+0
224	422,000000E+0	8,070000E+0	14,656000E+0	120,211000E+3	12,000000E+0
225	420,000000E+0	10,760000E+0	14,656000E+0	120,291000E+3	12,000000E+0
226	419,000000E+0	10,760000E+0	14,656000E+0	120,370000E+3	12,000000E+0
227	417,000000E+0	10,760000E+0	14,656000E+0	120,450000E+3	12,000000E+0
228	415,000000E+0	8,070000E+0	14,656000E+0	120,530000E+3	12,000000E+0
229	415,000000E+0	8,070000E+0	14,656000E+0	120,609000E+3	12,000000E+0
230	414,000000E+0	8,070000E+0	14,656000E+0	120,689000E+3	12,000000E+0
231	413,000000E+0	8,070000E+0	14,656000E+0	120,769000E+3	12,000000E+0
232	412,000000E+0	8,070000E+0	14,656000E+0	120,847000E+3	12,000000E+0
233	411,000000E+0	8,070000E+0	14,656000E+0	120,926000E+3	12,000000E+0
234	410,000000E+0	8,070000E+0	14,656000E+0	121,005000E+3	12,000000E+0
235	411,000000E+0	10,760000E+0	14,427000E+0	121,083000E+3	12,000000E+0
236	412,000000E+0	10,760000E+0	14,427000E+0	121,162000E+3	12,000000E+0
237	414,000000E+0	10,760000E+0	14,427000E+0	121,240000E+3	12,000000E+0
238	415,000000E+0	10,760000E+0	14,427000E+0	121,319000E+3	12,000000E+0
239	417,000000E+0	10,760000E+0	14,427000E+0	121,400000E+3	12,000000E+0
240	419,000000E+0	10,760000E+0	14,427000E+0	121,480000E+3	12,000000E+0
241	421,000000E+0	10,760000E+0	14,427000E+0	121,559000E+3	12,000000E+0
242	422,000000E+0	10,760000E+0	14,427000E+0	121,640000E+3	12,000000E+0
243	424,000000E+0	8,070000E+0	14,427000E+0	121,720000E+3	12,000000E+0
244	424,000000E+0	10,760000E+0	14,427000E+0	121,800000E+3	12,000000E+0
245	423,000000E+0	8,070000E+0	14,656000E+0	121,882000E+3	12,000000E+0
246	423,000000E+0	8,070000E+0	14,656000E+0	121,963000E+3	12,000000E+0
247	421,000000E+0	8,070000E+0	14,656000E+0	122,046000E+3	12,000000E+0
248	422,000000E+0	10,760000E+0	14,656000E+0	122,126000E+3	12,000000E+0
249	425,000000E+0	10,760000E+0	14,427000E+0	122,207000E+3	12,000000E+0
250	425,000000E+0	10,760000E+0	14,427000E+0	122,288000E+3	12,000000E+0
251	423,000000E+0	10,760000E+0	14,656000E+0	122,369000E+3	12,000000E+0
252	421,000000E+0	8,070000E+0	14,656000E+0	122,449000E+3	12,000000E+0
253	420,000000E+0	8,070000E+0	14,656000E+0	122,530000E+3	12,000000E+0
254	419,000000E+0	8,070000E+0	14,656000E+0	122,610000E+3	12,000000E+0
255	417,000000E+0	8,070000E+0	14,656000E+0	122,689000E+3	12,000000E+0
256	416,000000E+0	8,070000E+0	14,656000E+0	122,769000E+3	12,000000E+0
257	417,000000E+0	10,760000E+0	14,427000E+0	122,848000E+3	12,000000E+0
258	416,000000E+0	8,070000E+0	14,656000E+0	122,927000E+3	12,000000E+0
259	416,000000E+0	8,070000E+0	14,656000E+0	123,005000E+3	12,000000E+0
260	416,000000E+0	8,070000E+0	14,656000E+0	123,086000E+3	12,000000E+0
261	416,000000E+0	8,070000E+0	14,656000E+0	123,166000E+3	12,000000E+0
262	417,000000E+0	10,760000E+0	14,427000E+0	123,244000E+3	12,000000E+0
263	418,000000E+0	10,760000E+0	14,427000E+0	123,322000E+3	12,000000E+0
264	421,000000E+0	10,760000E+0	14,427000E+0	123,402000E+3	12,000000E+0
265	421,000000E+0	10,760000E+0	14,656000E+0	123,483000E+3	12,000000E+0
266	421,000000E+0	10,760000E+0	14,427000E+0	123,564000E+3	12,000000E+0
267	423,000000E+0	10,760000E+0	14,427000E+0	123,643000E+3	12,000000E+0
268	423,000000E+0	10,760000E+0	14,427000E+0	123,724000E+3	12,000000E+0
269	424,000000E+0	10,760000E+0	14,427000E+0	123,805000E+3	12,000000E+0
270	426,000000E+0	10,760000E+0	14,427000E+0	123,886000E+3	12,000000E+0
271	426,000000E+0	10,760000E+0	14,656000E+0	123,966000E+3	12,000000E+0
272	424,000000E+0	10,760000E+0	14,656000E+0	124,047000E+3	12,000000E+0
273	424,000000E+0	10,760000E+0	14,656000E+0	124,129000E+3	12,000000E+0
274	423,000000E+0	10,760000E+0	14,656000E+0	124,210000E+3	12,000000E+0
275	422,000000E+0	10,760000E+0	14,656000E+0	124,291000E+3	12,000000E+0
276	421,000000E+0	10,760000E+0	14,656000E+0	124,371000E+3	12,000000E+0
277	420,000000E+0	10,760000E+0	14,656000E+0	124,450000E+3	12,000000E+0
278	416,000000E+0	8,070000E+0	14,656000E+0	124,531000E+3	12,000000E+0
279	415,000000E+0	8,070000E+0	14,656000E+0	124,612000E+3	12,000000E+0
280	414,000000E+0	8,070000E+0	14,656000E+0	124,689000E+3	12,000000E+0
281	414,000000E+0	8,070000E+0	14,656000E+0	124,769000E+3	12,000000E+0
282	413,000000E+0	8,070000E+0	14,656000E+0	124,849000E+3	12,000000E+0
283	413,000000E+0	8,070000E+0	14,656000E+0	124,928000E+3	12,000000E+0
284	413,000000E+0	8,070000E+0	14,656000E+0	125,006000E+3	12,000000E+0
285	411,000000E+0	8,070000E+0	14,656000E+0	125,086000E+3	12,000000E+0
286	411,000000E+0	8,070000E+0	14,656000E+0	125,165000E+3	12,000000E+0
287	412,000000E+0	10,760000E+0	14,427000E+0	125,244000E+3	12,000000E+0
288	412,000000E+0	10,760000E+0	14,656000E+0	125,322000E+3	12,000000E+0
289	414,000000E+0	10,760000E+0	14,427000E+0	125,402000E+3	12,000000E+0
290	417,000000E+0	10,760000E+0	14,198000E+0	125,481000E+3	12,000000E+0
291	418,000000E+0	10,760000E+0	14,427000E+0	125,561000E+3	12,000000E+0
292	419,000000E+0	10,760000E+0	14,427000E+0	125,640000E+3	12,000000E+0
293	421,000000E+0	10,760000E+0	14,427000E+0	125,721000E+3	12,000000E+0
294	423,000000E+0	10,760000E+0	14,427000E+0	125,800000E+3	12,000000E+0
295	425,000000E+0	10,760000E+0	14,656000E+0	125,881000E+3	12,000000E+0
296	424,000000E+0	8,070000E+0	14,656000E+0	125,963000E+3	12,000000E+0
297	424,000000E+0	8,070000E+0	14,656000E+0	126,044000E+3	12,000000E+0
298	422,000000E+0	8,070000E+0	14,656000E+0	126,126000E+3	12,000000E+0
299	422,000000E+0	8,070000E+0	14,427000E+0	126,206000E+3	12,000000E+0
300	424,000000E+0	10,760000E+0	14,427000E+0	126,287000E+3	12,000000E+0
301	424,000000E+0	10,760000E+0	14,427000E+0	126,367000E+3	12,000000E+0
302	423,000000E+0	10,760000E+0	14,427000E+0	126,450000E+3	12,000000E+0
303	421,000000E+0	10,760000E+0	14,656000E+0	126,529000E+3	12,000000E+0
304	420,000000E+0	10,760000E+0	14,656000E+0	126,609000E+3	12,000000E+0
305	418,000000E+0	10,760000E+0	14,656000E+0	126,690000E+3	12,000000E+0
306	417,000000E+0	10,760000E+0	14,656000E+0	126,769000E+3	12,000000E+0
307	417,000000E+0	10,760000E+0	14,656000E+0	126,850000E+3	12,000000E+0
308	416,000000E+0	10,760000E+0	14,427000E+0	126,930000E+3	12,000000E+0
309	417,000000E+0	10,760000E+0	14,656000E+0	127,008000E+3	12,000000E+0
310	417,000000E+0	10,760000E+0	14,656000E+0	127,086000E+3	12,000000E+0
311	418,000000E+0	10,760000E+0	14,427000E+0	127,167000E+3	12,000000E+0
312	417,000000E+0	10,760000E+0	14,656000E+0	127,246000E+3	12,000000E+0
313	417,000000E+0	10,760000E+0	14,427000E+0	127,327000E+3	12,000000E+0
314	417,000000E+0	10,760000E+0	14,427000E+0	127,404000E+3	12,000000E+0
315	419,000000E+0	10,760000E+0	14,427000E+0	127,484000E+3	12,000000E+0
316	421,000000E+0	10,760000E+0	14,427000E+0	127,564000E+3	12,000000E+0
317	421,000000E+0	10,760000E+0	14,427000E+0	127,645000E+3	12,000000E+0
318	423,000000E+0	10,760000E+0	14,427000E+0	127,725000E+3	12,000000E+0
319	423,000000E+0	10,760000E+0	14,427000E+0	127,806000E+3	12,000000E+0
320	423,000000E+0	10,760000E+0	14,427000E+0	127,886000E+3	12,000000E+0
321	425,000000E+0	10,760000E+0	14,427000E+0	127,967000E+3	12,000000E+0
322	426,000000E+0	10,760000E+0	14,427000E+0	128,048000E+3	12,000000E+0
323	423,000000E+0	10,760000E+0	14,656000E+0	128,129000E+3	12,000000E+0
324	423,000000E+0	10,760000E+0	14,656000E+0	128,209000E+3	12,000000E+0
325	423,000000E+0	10,760000E+0	14,427000E+0	128,291000E+3	12,000000E+0
326	421,000000E+0	8,070000E+0	14,656000E+0	128,372000E+3	12,000000E+0
327	420,000000E+0	10,760000E+0	14,656000E+0	128,453000E+3	12,000000E+0
328	419,000000E+0	10,760000E+0	14,656000E+0	128,533000E+3	12,000000E+0
329	417,000000E+0	10,760000E+0	14,656000E+0	128,613000E+3	12,000000E+0
330	415,000000E+0	10,760000E+0	14,656000E+0	128,693000E+3	12,000000E+0
331	414,000000E+0	10,760000E+0	14,656000E+0	128,772000E+3	12,000000E+0
332	413,000000E+0	8,070000E+0	14,656000E+0	128,852000E+3	12,000000E+0
333	411,000000E+0	8,070000E+0	14,656000E+0	128,930000E+3	12,000000E+0
334	411,000000E+0	8,070000E+0	14,656000E+0	129,009000E+3	12,000000E+0
335	413,000000E+0	8,070000E+0	14,427000E+0	129,089000E+3	12,000000E+0
336	412,000000E+0	8,070000E+0	14,656000E+0	129,166000E+3	12,000000E+0
337	413,000000E+0	8,070000E+0	14,427000E+0	129,246000E+3	12,000000E+0
338	413,000000E+0	10,760000E+0	14,427000E+0	129,325000E+3	12,000000E+0
339	414,000000E+0	10,760000E+0	14,427000E+0	129,403000E+3	12,000000E+0
340	414,000000E+0	8,070000E+0	14,427000E+0	129,482000E+3	12,000000E+0
341	415,000000E+0	8,070000E+0	14,427000E+0	129,560000E+3	12,000000E+0
342	417,000000E+0	10,760000E+0	14,427000E+0	129,641000E+3	12,000000E+0
343	419,000000E+0	10,760000E+0	14,427000E+0	129,721000E+3	12,000000E+0
344	420,000000E+0	10,760000E+0	14,656000E+0	129,802000E+3	12,000000E+0
345	422,000000E+0	10,760000E+0	14,427000E+0	129,882000E+3	12,000000E+0
346	424,000000E+0	10,760000E+0	14,427000E+0	129,963000E+3	12,000000E+0
347	425,000000E+0	10,760000E+0	14,427000E+0	130,045000E+3	12,000000E+0
348	425,000000E+0	10,760000E+0	14,427000E+0	130,126000E+3	12,000000E+0
349	424,000000E+0	10,760000E+0	14,656000E+0	130,207000E+3	12,000000E+0
350	423,000000E+0	8,070000E+0	14,427000E+0	130,288000E+3	12,000000E+0
351	423,000000E+0	8,070000E+0	14,427000E+0	130,369000E+3	12,000000E+0
352	423,000000E+0	8,070000E+0	14,427000E+0	130,450000E+3	12,000000E+0
353	422,000000E+0	8,070000E+0	14,427000E+0	130,531000E+3	12,000000E+0
354	420,000000E+0	8,070000E+0	14,656000E+0	130,611000E+3	12,000000E+0
355	420,000000E+0	8,070000E+0	14,656000E+0	130,692000E+3	12,000000E+0
356	419,000000E+0	10,760000E+0	14,656000E+0	130,772000E+3	12,000000E+0
357	416,000000E+0	8,070000E+0	14,656000E+0	130,851000E+3	12,000000E+0
358	416,000000E+0	8,070000E+0	14,656000E+0	130,931000E+3	12,000000E+0
359	416,000000E+0	8,070000E+0	14,656000E+0	131,012000E+3	12,000000E+0
360	416,000000E+0	8,070000E+0	14,427000E+0	131,091000E+3	12,000000E+0
361	415,000000E+0	8,070000E+0	14,656000E+0	131,168000E+3	12,000000E+0
362	416,000000E+0	8,070000E+0	14,427000E+0	131,248000E+3	12,000000E+0
363	417,000000E+0	8,070000E+0	14,427000E+0	131,327000E+3	12,000000E+0
364	417,000000E+0	10,760000E+0	14,427000E+0	131,407000E+3	12,000000E+0
365	417,000000E+0	8,070000E+0	14,656000E+0	131,487000E+3	12,000000E+0
366	418,000000E+0	8,070000E+0	14,427000E+0	131,566000E+3	12,000000E+0
367	421,000000E+0	8,070000E+0	14,427000E+0	131,645000E+3	12,000000E+0
368	421,000000E+0	8,070000E+0	14,427000E+0	131,727000E+3	12,000000E+0
369	423,000000E+0	10,760000E+0	14,427000E+0	131,806000E+3	12,000000E+0
370	423,000000E+0	10,760000E+0	14,427000E+0	131,886000E+3	12,000000E+0
371	423,000000E+0	10,760000E+0	14,427000E+0	131,966000E+3	12,000000E+0
372	424,000000E+0	10,760000E+0	14,427000E+0	132,048000E+3	12,000000E+0
373	424,000000E+0	10,760000E+0	14,427000E+0	132,129000E+3	12,000000E+0
374	423,000000E+0	8,070000E+0	14,656000E+0	132,211000E+3	12,000000E+0
375	423,000000E+0	8,070000E+0	14,656000E+0	132,290000E+3	12,000000E+0
376	423,000000E+0	10,760000E+0	14,656000E+0	132,371000E+3	12,000000E+0
377	423,000000E+0	10,760000E+0	14,656000E+0	132,453000E+3	12,000000E+0
378	420,000000E+0	8,070000E+0	14,656000E+0	132,534000E+3	12,000000E+0
379	419,000000E+0	8,070000E+0	14,656000E+0	132,614000E+3	12,000000E+0
380	418,000000E+0	8,070000E+0	14,656000E+0	132,693000E+3	12,000000E+0
381	417,000000E+0	8,070000E+0	14,656000E+0	132,774000E+3	12,000000E+0
382	414,000000E+0	8,070000E+0	14,656000E+0	132,852000E+3	12,000000E+0
383	414,000000E+0	8,070000E+0	14,656000E+0	132,932000E+3	12,000000E+0
384	413,000000E+0	8,070000E+0	14,656000E+0	133,012000E+3	12,000000E+0
385	411,000000E+0	8,070000E+0	14,656000E+0	133,090000E+3	12,000000E+0
386	410,000000E+0	8,070000E+0	14,656000E+0	133,169000E+3	12,000000E+0
387	410,000000E+0	8,070000E+0	14,427000E+0	133,247000E+3	12,000000E+0
388	411,000000E+0	8,070000E+0	14,427000E+0	133,327000E+3	12,000000E+0
389	412,000000E+0	8,070000E+0	14,427000E+0	133,405000E+3	12,000000E+0
390	414,000000E+0	8,070000E+0	14,427000E+0	133,483000E+3	12,000000E+0
391	415,000000E+0	10,760000E+0	14,427000E+0	133,562000E+3	12,000000E+0
392	414,000000E+0	8,070000E+0	14,427000E+0	133,639000E+3	12,000000E+0
393	416,000000E+0	8,070000E+0	14,656000E+0	133,720000E+3	12,000000E+0
394	418,000000E+0	8,070000E+0	14,656000E+0	133,801000E+3	12,000000E+0
395	418,000000E+0	8,070000E+0	14,656000E+0	133,883000E+3	12,000000E+0
396	421,000000E+0	10,760000E+0	14,427000E+0	133,962000E+3	12,000000E+0
397	425,000000E+0	10,760000E+0	14,427000E+0	134,042000E+3	12,000000E+0
398	426,000000E+0	8,070000E+0	14,427000E+0	134,123000E+3	12,000000E+0
399	424,000000E+0	10,760000E+0	14,427000E+0	134,205000E+3	12,000000E+0
400	423,000000E+0	8,070000E+0	14,427000E+0	134,285000E+3	12,000000E+0
401	424,000000E+0	8,070000E+0	14,656000E+0	134,368000E+3	12,000000E+0
402	423,000000E+0	10,760000E+0	14,656000E+0	134,450000E+3	12,000000E+0
403	423,000000E+0	10,760000E+0	14,427000E+0	134,530000E+3	12,000000E+0
404	423,000000E+0	10,760000E+0	14,656000E+0	134,610000E+3	12,000000E+0
405	421,000000E+0	8,070000E+0	14,656000E+0	134,692000E+3	12,000000E+0
406	418,000000E+0	8,070000E+0	14,656000E+0	134,773000E+3	12,000000E+0
407	418,000000E+0	8,070000E+0	14,656000E+0	134,854000E+3	12,000000E+0
408	417,000000E+0	8,070000E+0	14,656000E+0	134,933000E+3	12,000000E+0
409	417,000000E+0	8,070000E+0	14,427000E+0	135,012000E+3	12,000000E+0
410	417,000000E+0	10,760000E+0	14,427000E+0	135,093000E+3	12,000000E+0
411	417,000000E+0	10,760000E+0	14,656000E+0	135,172000E+3	12,000000E+0
412	414,000000E+0	8,070000E+0	14,656000E+0	135,250000E+3	12,000000E+0
413	415,000000E+0	8,070000E+0	14,427000E+0	135,330000E+3	12,000000E+0
414	416,000000E+0	8,070000E+0	14,427000E+0	135,408000E+3	12,000000E+0
415	416,000000E+0	8,070000E+0	14,427000E+0	135,488000E+3	12,000000E+0
416	417,000000E+0	8,070000E+0	14,427000E+0	135,567000E+3	12,000000E+0
417	419,000000E+0	8,070000E+0	14,427000E+0	135,645000E+3	12,000000E+0
418	423,000000E+0	10,760000E+0	14,427000E+0	135,726000E+3	12,000000E+0
419	422,000000E+0	8,070000E+0	14,656000E+0	135,807000E+3	12,000000E+0
420	422,000000E+0	8,070000E+0	14,427000E+0	135,887000E+3	12,000000E+0
421	422,000000E+0	8,070000E+0	14,427000E+0	135,967000E+3	12,000000E+0
422	423,000000E+0	10,760000E+0	14,427000E+0	136,047000E+3	12,000000E+0
423	423,000000E+0	10,760000E+0	14,427000E+0	136,129000E+3	12,000000E+0
424	424,000000E+0	10,760000E+0	14,427000E+0	136,208000E+3	12,000000E+0
425	421,000000E+0	10,760000E+0	14,656000E+0	136,291000E+3	12,000000E+0
426	422,000000E+0	8,070000E+0	14,656000E+0	136,371000E+3	12,000000E+0
427	422,000000E+0	8,070000E+0	14,656000E+0	136,452000E+3	12,000000E+0
428	422,000000E+0	8,070000E+0	14,427000E+0	136,554000E+3	12,000000E+0
429	421,000000E+0	8,070000E+0	14,656000E+0	136,654000E+3	12,000000E+0
430	419,000000E+0	8,070000E+0	14,656000E+0	136,753000E+3	12,000000E+0
431	418,000000E+0	8,070000E+0	14,656000E+0	136,834000E+3	12,000000E+0
432	414,000000E+0	8,070000E+0	14,656000E+0	136,913000E+3	12,000000E+0
433	412,000000E+0	8,070000E+0	14,656000E+0	136,993000E+3	12,000000E+0
434	411,000000E+0	8,070000E+0	14,656000E+0	137,072000E+3	12,000000E+0
435	410,000000E+0	8,070000E+0	14,656000E+0	137,152000E+3	12,000000E+0
436	411,000000E+0	8,070000E+0	14,427000E+0	137,230000E+3	12,000000E+0
437	411,000000E+0	10,760000E+0	14,427000E+0	137,308000E+3	12,000000E+0
438	410,000000E+0	8,070000E+0	14,656000E+0	137,387000E+3	12,000000E+0
439	410,000000E+0	8,070000E+0	14,656000E+0	137,466000E+3	12,000000E+0
440	412,000000E+0	8,070000E+0	14,427000E+0	137,544000E+3	12,000000E+0
441	415,000000E+0	8,070000E+0	14,427000E+0	137,622000E+3	12,000000E+0
442	415,000000E+0	8,070000E+0	14,427000E+0	137,702000E+3	12,000000E+0
443	417,000000E+0	8,070000E+0	14,427000E+0	137,783000E+3	12,000000E+0
444	419,000000E+0	10,760000E+0	14,427000E+0	137,864000E+3	12,000000E+0
445	420,000000E+0	10,760000E+0	14,427000E+0	137,943000E+3	12,000000E+0
446	420,000000E+0	8,070000E+0	14,427000E+0	138,023000E+3	12,000000E+0
447	423,000000E+0	8,070000E+0	14,198000E+0	138,103000E+3	12,000000E+0
448	424,000000E+0	10,760000E+0	14,427000E+0	138,183000E+3	12,000000E+0
449	423,000000E+0	10,760000E+0	14,656000E+0	138,265000E+3	12,000000E+0
450	423,000000E+0	10,760000E+0	14,656000E+0	138,347000E+3	12,000000E+0
451	423,000000E+0	10,760000E+0	14,656000E+0	138,429000E+3	12,000000E+0
452	423,000000E+0	10,760000E+0	14,427000E+0	138,509000E+3	12,000000E+0
453	423,000000E+0	10,760000E+0	14,427000E+0	138,590000E+3	12,000000E+0
454	424,000000E+0	10,760000E+0	14,427000E+0	138,671000E+3	12,000000E+0
455	421,000000E+0	8,070000E+0	14,656000E+0	138,752000E+3	12,000000E+0
456	420,000000E+0	8,070000E+0	14,656000E+0	138,832000E+3	12,000000E+0
457	420,000000E+0	8,070000E+0	14,656000E+0	138,913000E+3	12,000000E+0
458	418,000000E+0	8,070000E+0	14,656000E+0	138,993000E+3	12,000000E+0
459	417,000000E+0	8,070000E+0	14,427000E+0	139,072000E+3	12,000000E+0
460	415,000000E+0	8,070000E+0	14,656000E+0	139,152000E+3	12,000000E+0
461	415,000000E+0	8,070000E+0	14,656000E+0	139,232000E+3	12,000000E+0
462	415,000000E+0	8,070000E+0	14,656000E+0	139,310000E+3	12,000000E+0
463	415,000000E+0	8,070000E+0	14,656000E+0	139,389000E+3	12,000000E+0
464	416,000000E+0	8,070000E+0	14,427000E+0	139,469000E+3	12,000000E+0
465	416,000000E+0	8,070000E+0	14,427000E+0	139,548000E+3	12,000000E+0
466	416,000000E+0	8,070000E+0	14,427000E+0	139,628000E+3	12,000000E+0
467	417,000000E+0	8,070000E+0	14,427000E+0	139,706000E+3	12,000000E+0
468	421,000000E+0	10,760000E+0	14,427000E+0	139,786000E+3	12,000000E+0
469	422,000000E+0	10,760000E+0	14,427000E+0	139,866000E+3	12,000000E+0
470	422,000000E+0	10,760000E+0	14,656000E+0	139,947000E+3	12,000000E+0
471	423,000000E+0	10,760000E+0	14,427000E+0	140,026000E+3	12,000000E+0
472	423,000000E+0	10,760000E+0	14,427000E+0	140,107000E+3	12,000000E+0
473	423,000000E+0	10,760000E+0	14,427000E+0	140,188000E+3	12,000000E+0
474	424,000000E+0	10,760000E+0	14,427000E+0	140,269000E+3	12,000000E+0
475	424,000000E+0	10,760000E+0	14,427000E+0	140,350000E+3	12,000000E+0
476	423,000000E+0	10,760000E+0	14,656000E+0	140,432000E+3	12,000000E+0
477	422,000000E+0	10,760000E+0	14,656000E+0	140,513000E+3	12,000000E+0
478	422,000000E+0	10,760000E+0	14,427000E+0	140,593000E+3	12,000000E+0
479	421,000000E+0	8,070000E+0	14,656000E+0	140,674000E+3	12,000000E+0
480	420,000000E+0	8,070000E+0	14,656000E+0	140,755000E+3	12,000000E+0
481	420,000000E+0	8,070000E+0	14,656000E+0	140,833000E+3	12,000000E+0
482	419,000000E+0	8,070000E+0	14,656000E+0	140,914000E+3	12,000000E+0
483	416,000000E+0	8,070000E+0	14,656000E+0	140,995000E+3	12,000000E+0
484	414,000000E+0	8,070000E+0	14,656000E+0	141,074000E+3	12,000000E+0
485	413,000000E+0	8,070000E+0	14,656000E+0	141,153000E+3	12,000000E+0
486	412,000000E+0	8,070000E+0	14,656000E+0	141,232000E+3	12,000000E+0
487	410,000000E+0	8,070000E+0	14,656000E+0	141,311000E+3	12,000000E+0
488	410,000000E+0	8,070000E+0	14,427000E+0	141,390000E+3	12,000000E+0
489	411,000000E+0	8,070000E+0	14,656000E+0	141,468000E+3	12,000000E+0
490	411,000000E+0	8,070000E+0	14,656000E+0	141,547000E+3	12,000000E+0
491	411,000000E+0	8,070000E+0	14,427000E+0	141,626000E+3	12,000000E+0
492	413,000000E+0	8,070000E+0	14,427000E+0	141,704000E+3	12,000000E+0
493	415,000000E+0	8,070000E+0	14,427000E+0	141,784000E+3	12,000000E+0
494	416,000000E+0	8,070000E+0	14,427000E+0	141,863000E+3	12,000000E+0
495	418,000000E+0	8,070000E+0	14,427000E+0	141,944000E+3	12,000000E+0
496	420,000000E+0	8,070000E+0	14,427000E+0	142,023000E+3	12,000000E+0
497	420,000000E+0	8,070000E+0	14,427000E+0	142,104000E+3	12,000000E+0
498	421,000000E+0	8,070000E+0	14,427000E+0	142,204000E+3	12,000000E+0
499	423,000000E+0	10,760000E+0	14,427000E+0	142,284000E+3	12,000000E+0
500	423,000000E+0	8,070000E+0	14,656000E+0	142,366000E+3	12,000000E+0
501	423,000000E+0	8,070000E+0	14,656000E+0	142,447000E+3	12,000000E+0
502	422,000000E+0	8,070000E+0	14,656000E+0	142,530000E+3	12,000000E+0
503	423,000000E+0	8,070000E+0	14,656000E+0	142,611000E+3	12,000000E+0
504	424,000000E+0	8,070000E+0	14,427000E+0	142,691000E+3	12,000000E+0
505	423,000000E+0	8,070000E+0	14,427000E+0	142,771000E+3	12,000000E+0
506	422,000000E+0	8,070000E+0	14,656000E+0	142,853000E+3	12,000000E+0
507	421,000000E+0	8,070000E+0	14,656000E+0	142,934000E+3	12,000000E+0
508	419,000000E+0	8,070000E+0	14,656000E+0	143,013000E+3	12,000000E+0
509	418,000000E+0	8,070000E+0	14,656000E+0	143,094000E+3	12,000000E+0
510	418,000000E+0	8,070000E+0	14,656000E+0	143,173000E+3	12,000000E+0
511	416,000000E+0	10,760000E+0	14,656000E+0	143,254000E+3	12,000000E+0
512	415,000000E+0	10,760000E+0	14,656000E+0	143,334000E+3	12,000000E+0
513	415,000000E+0	8,070000E+0	14,656000E+0	143,411000E+3	12,000000E+0
514	414,000000E+0	8,070000E+0	14,656000E+0	143,490000E+3	12,000000E+0
515	416,000000E+0	10,760000E+0	14,427000E+0	143,570000E+3	12,000000E+0
516	417,000000E+0	8,070000E+0	14,427000E+0	143,650000E+3	12,000000E+0
517	417,000000E+0	8,070000E+0	14,656000E+0	143,728000E+3	12,000000E+0
518	416,000000E+0	8,070000E+0	14,427000E+0	143,807000E+3	12,000000E+0
519	420,000000E+0	8,070000E+0	14,427000E+0	143,887000E+3	12,000000E+0
520	421,000000E+0	8,070000E+0	14,427000E+0	143,967000E+3	12,000000E+0
521	421,000000E+0	8,070000E+0	14,427000E+0	144,048000E+3	12,000000E+0
522	423,000000E+0	8,070000E+0	14,427000E+0	144,127000E+3	12,000000E+0
523	424,000000E+0	8,070000E+0	14,427000E+0	144,208000E+3	12,000000E+0
524	424,000000E+0	10,760000E+0	14,427000E+0	144,289000E+3	12,000000E+0
525	424,000000E+0	10,760000E+0	14,656000E+0	144,370000E+3	12,000000E+0
526	424,000000E+0	10,760000E+0	14,656000E+0	144,452000E+3	12,000000E+0
527	422,000000E+0	8,070000E+0	14,656000E+0	144,533000E+3	12,000000E+0
528	422,000000E+0	8,070000E+0	14,656000E+0	144,614000E+3	12,000000E+0
529	422,000000E+0	8,070000E+0	14,656000E+0	144,694000E+3	12,000000E+0
530	422,000000E+0	8,070000E+0	14,427000E+0	144,775000E+3	12,000000E+0
531	419,000000E+0	8,070000E+0	14,656000E+0	144,856000E+3	12,000000E+0
532	418,000000E+0	8,070000E+0	14,656000E+0	144,935000E+3	12,000000E+0
533	417,000000E+0	8,070000E+0	14,656000E+0	145,015000E+3	12,000000E+0
534	415,000000E+0	8,070000E+0	14,656000E+0	145,097000E+3	12,000000E+0
535	413,000000E+0	8,070000E+0	14,656000E+0	145,175000E+3	12,000000E+0
536	414,000000E+0	8,070000E+0	14,656000E+0	145,254000E+3	12,000000E+0
537	413,000000E+0	8,070000E+0	14,656000E+0	145,333000E+3	12,000000E+0
538	411,000000E+0	8,070000E+0	14,656000E+0	145,414000E+3	12,000000E+0
539	410,000000E+0	8,070000E+0	14,427000E+0	145,490000E+3	12,000000E+0
540	410,000000E+0	8,070000E+0	14,656000E+0	145,570000E+3	12,000000E+0
541	411,000000E+0	8,070000E+0	14,656000E+0	145,649000E+3	12,000000E+0
542	411,000000E+0	8,070000E+0	14,656000E+0	145,727000E+3	12,000000E+0
543	413,000000E+0	8,070000E+0	14,427000E+0	145,805000E+3	12,000000E+0
544	415,000000E+0	8,070000E+0	14,427000E+0	145,885000E+3	12,000000E+0
545	415,000000E+0	8,070000E+0	14,427000E+0	145,964000E+3	12,000000E+0
546	417,000000E+0	8,070000E+0	14,427000E+0	146,045000E+3	12,000000E+0
547	421,000000E+0	8,070000E+0	14,427000E+0	146,123000E+3	12,000000E+0
548	421,000000E+0	8,070000E+0	14,656000E+0	146,205000E+3	12,000000E+0
549	422,000000E+0	8,070000E+0	14,427000E+0	146,284000E+3	12,000000E+0
550	424,000000E+0	8,070000E+0	14,427000E+0	146,365000E+3	12,000000E+0
551	421,000000E+0	8,070000E+0	14,656000E+0	146,448000E+3	12,000000E+0
552	421,000000E+0	8,070000E+0	14,656000E+0	146,529000E+3	12,000000E+0
553	421,000000E+0	8,070000E+0	14,656000E+0	146,611000E+3	12,000000E+0
554	424,000000E+0	8,070000E+0	14,427000E+0	146,692000E+3	12,000000E+0
555	424,000000E+0	10,760000E+0	14,427000E+0	146,772000E+3	12,000000E+0
556	423,000000E+0	8,070000E+0	14,427000E+0	146,854000E+3	12,000000E+0
557	423,000000E+0	8,070000E+0	14,427000E+0	146,934000E+3	12,000000E+0
558	421,000000E+0	8,070000E+0	14,656000E+0	147,015000E+3	12,000000E+0
559	419,000000E+0	8,070000E+0	14,656000E+0	147,095000E+3	12,000000E+0
560	419,000000E+0	8,070000E+0	14,656000E+0	147,175000E+3	12,000000E+0
561	416,000000E+0	8,070000E+0	14,656000E+0	147,255000E+3	12,000000E+0
562	416,000000E+0	8,070000E+0	14,656000E+0	147,335000E+3	12,000000E+0
563	416,000000E+0	8,070000E+0	14,427000E+0	147,415000E+3	12,000000E+0
564	415,000000E+0	8,070000E+0	14,656000E+0	147,493000E+3	12,000000E+0
565	415,000000E+0	8,070000E+0	14,656000E+0	147,571000E+3	12,000000E+0
566	416,000000E+0	8,070000E+0	14,427000E+0	147,652000E+3	12,000000E+0
567	416,000000E+0	8,070000E+0	14,427000E+0	147,731000E+3	12,000000E+0
568	417,000000E+0	10,760000E+0	14,427000E+0	147,809000E+3	12,000000E+0
569	417,000000E+0	8,070000E+0	14,656000E+0	147,889000E+3	12,000000E+0
570	419,000000E+0	10,760000E+0	14,427000E+0	147,969000E+3	12,000000E+0
571	421,000000E+0	10,760000E+0	14,656000E+0	148,049000E+3	12,000000E+0
572	420,000000E+0	8,070000E+0	14,656000E+0	148,130000E+3	12,000000E+0
573	422,000000E+0	8,070000E+0	14,427000E+0	148,209000E+3	12,000000E+0
574	424,000000E+0	10,760000E+0	14,427000E+0	148,290000E+3	12,000000E+0
575	424,000000E+0	8,070000E+0	14,427000E+0	148,371000E+3	12,000000E+0
576	424,000000E+0	8,070000E+0	14,427000E+0	148,451000E+3	12,000000E+0
577	424,000000E+0	8,070000E+0	14,427000E+0	148,532000E+3	12,000000E+0
578	423,000000E+0	8,070000E+0	14,656000E+0	148,614000E+3	12,000000E+0
579	422,000000E+0	8,070000E+0	14,427000E+0	148,694000E+3	12,000000E+0
580	422,000000E+0	8,070000E+0	14,656000E+0	148,775000E+3	12,000000E+0
581	422,000000E+0	8,070000E+0	14,656000E+0	148,856000E+3	12,000000E+0
582	419,000000E+0	8,070000E+0	14,656000E+0	148,937000E+3	12,000000E+0
583	418,000000E+0	8,070000E+0	14,656000E+0	149,017000E+3	12,000000E+0
584	416,000000E+0	8,070000E+0	14,656000E+0	149,098000E+3	12,000000E+0
585	85,000000E+0	1,113660E+3	960,496303E+3	1,186595E+9	200,000000E-3
586	413,000000E+0	8,070000E+0	14,656000E+0	149,256000E+3	12,000000E+0
587	413,000000E+0	8,070000E+0	14,656000E+0	149,335000E+3	12,000000E+0
588	413,000000E+0	8,070000E+0	14,656000E+0	149,414000E+3	12,000000E+0
589	412,000000E+0	8,070000E+0	14,656000E+0	149,494000E+3	12,000000E+0
590	412,000000E+0	8,070000E+0	14,656000E+0	149,572000E+3	12,000000E+0
591	411,000000E+0	8,070000E+0	14,656000E+0	149,651000E+3	12,000000E+0
592	411,000000E+0	8,070000E+0	14,656000E+0	149,731000E+3	12,000000E+0
593	410,000000E+0	8,070000E+0	14,656000E+0	149,810000E+3	12,000000E+0
594	412,000000E+0	8,070000E+0	14,427000E+0	149,887000E+3	12,000000E+0
595	414,000000E+0	8,070000E+0	14,427000E+0	149,967000E+3	12,000000E+0
596	415,000000E+0	8,070000E+0	14,427000E+0	150,045000E+3	12,000000E+0
597	417,000000E+0	8,070000E+0	14,427000E+0	150,126000E+3	12,000000E+0
598	418,000000E+0	8,070000E+0	14,427000E+0	150,206000E+3	12,000000E+0
599	420,000000E+0	8,070000E+0	14,427000E+0	150,286000E+3	12,000000E+0
600	421,000000E+0	8,070000E+0	14,427000E+0	150,366000E+3	12,000000E+0
601	424,000000E+0	8,070000E+0	14,427000E+0	150,446000E+3	12,000000E+0
602	424,000000E+0	8,070000E+0	14,656000E+0	150,529000E+3	12,000000E+0
603	423,000000E+0	8,070000E+0	14,656000E+0	150,611000E+3	12,000000E+0
604	423,000000E+0	8,070000E+0	14,656000E+0	150,692000E+3	12,000000E+0
605	422,000000E+0	8,070000E+0	14,427000E+0	150,772000E+3	12,000000E+0
606	423,000000E+0	8,070000E+0	14,427000E+0	150,854000E+3	12,000000E+0
607	422,000000E+0	8,070000E+0	14,427000E+0	150,933000E+3	12,000000E+0
608	423,000000E+0	8,070000E+0	14,427000E+0	151,016000E+3	12,000000E+0
609	421,000000E+0	8,070000E+0	14,656000E+0	151,096000E+3	12,000000E+0
610	419,000000E+0	8,070000E+0	14,656000E+0	151,176000E+3	12,000000E+0
611	417,000000E+0	8,070000E+0	14,656000E+0	151,256000E+3	12,000000E+0
612	416,000000E+0	8,070000E+0	14,656000E+0	151,336000E+3	12,000000E+0
613	415,000000E+0	8,070000E+0	14,656000E+0	151,416000E+3	12,000000E+0
614	416,000000E+0	8,070000E+0	14,656000E+0	151,496000E+3	12,000000E+0
615	416,000000E+0	8,070000E+0	14,656000E+0	151,575000E+3	12,000000E+0
616	415,000000E+0	8,070000E+0	14,656000E+0	151,652000E+3	12,000000E+0
617	416,000000E+0	8,070000E+0	14,427000E+0	151,733000E+3	12,000000E+0
618	416,000000E+0	8,070000E+0	14,656000E+0	151,812000E+3	12,000000E+0
619	416,000000E+0	8,070000E+0	14,427000E+0	151,891000E+3	12,000000E+0
620	416,000000E+0	8,070000E+0	14,656000E+0	151,970000E+3	12,000000E+0
621	417,000000E+0	10,760000E+0	14,427000E+0	152,049000E+3	12,000000E+0
622	420,000000E+0	10,760000E+0	14,427000E+0	152,129000E+3	12,000000E+0
623	420,000000E+0	10,760000E+0	14,427000E+0	152,210000E+3	12,000000E+0
624	421,000000E+0	10,760000E+0	14,427000E+0	152,290000E+3	12,000000E+0
625	422,000000E+0	10,760000E+0	14,427000E+0	152,371000E+3	12,000000E+0
626	422,000000E+0	10,760000E+0	14,427000E+0	152,451000E+3	12,000000E+0
627	-22,784000E+3	2,068610E+3	3,693312E+3	39,048192E+6	3,072000E+3
628	424,000000E+0	8,070000E+0	14,427000E+0	152,613000E+3	12,000000E+0
629	424,000000E+0	8,070000E+0	14,427000E+0	152,694000E+3	12,000000E+0
630	423,000000E+0	8,070000E+0	14,656000E+0	152,774000E+3	12,000000E+0
631	-22,784000E+3	2,068610E+3	3,751936E+3	39,130880E+6	3,072000E+3
632	422,000000E+0	8,070000E+0	14,656000E+0	152,937000E+3	12,000000E+0
633	419,000000E+0	8,070000E+0	14,656000E+0	153,017000E+3	12,000000E+0
634	417,000000E+0	8,070000E+0	14,656000E+0	153,099000E+3	12,000000E+0
635	-24,576000E+3	2,757250E+3	3,751936E+3	39,213568E+6	3,072000E+3
636	-24,576000E+3	2,068610E+3	3,751936E+3	39,234048E+6	3,072000E+3
637	-25,344000E+3	2,068610E+3	3,751936E+3	39,254272E+6	3,072000E+3
638	412,000000E+0	8,070000E+0	14,656000E+0	153,417000E+3	12,000000E+0
639	-25,600000E+3	2,068610E+3	3,751936E+3	39,294976E+6	3,072000E+3
640	-25,856000E+3	2,068610E+3	3,751936E+3	39,314944E+6	3,072000E+3
641	-26,112000E+3	2,068610E+3	3,751936E+3	39,335424E+6	3,072000E+3
642	-26,112000E+3	2,068610E+3	3,693312E+3	39,355392E+6	3,072000E+3
643	-25,856000E+3	2,068610E+3	3,693312E+3	39,375872E+6	3,072000E+3
644	-25,856000E+3	2,068610E+3	3,693312E+3	39,395840E+6	3,072000E+3
645	413,000000E+0	8,070000E+0	14,427000E+0	153,968000E+3	12,000000E+0
646	414,000000E+0	8,070000E+0	14,427000E+0	154,046000E+3	12,000000E+0
647	414,000000E+0	8,070000E+0	14,427000E+0	154,125000E+3	12,000000E+0
648	-24,832000E+3	2,068610E+3	3,693312E+3	39,476736E+6	3,072000E+3
649	-24,064000E+3	2,757250E+3	3,693312E+3	39,497216E+6	3,072000E+3
650	-23,808000E+3	2,068610E+3	3,751936E+3	39,517952E+6	3,072000E+3
651	-23,552000E+3	2,068610E+3	3,751936E+3	39,538432E+6	3,072000E+3
652	423,000000E+0	8,070000E+0	14,427000E+0	154,527000E+3	12,000000E+0
653	425,000000E+0	8,070000E+0	14,427000E+0	154,609000E+3	12,000000E+0
654	425,000000E+0	8,070000E+0	14,427000E+0	154,690000E+3	12,000000E+0
655	422,000000E+0	8,070000E+0	14,656000E+0	154,772000E+3	12,000000E+0
656	85,000000E+0	1,137870E+3	945,488559E+3	1,558446E+9	200,000000E-3
657	424,000000E+0	8,070000E+0	14,656000E+0	154,933000E+3	12,000000E+0
658	422,000000E+0	8,070000E+0	14,656000E+0	155,014000E+3	12,000000E+0
659	85,000000E+0	1,132490E+3	960,496303E+3	1,574371E+9	200,000000E-3
660	85,000000E+0	1,127110E+3	960,496303E+3	1,579680E+9	200,000000E-3
661	-23,808000E+3	2,068610E+3	3,751936E+3	39,745792E+6	3,072000E+3
662	85,000000E+0	1,124420E+3	960,496303E+3	1,590231E+9	200,000000E-3
663	-24,320000E+3	2,068610E+3	3,751936E+3	39,787008E+6	3,072000E+3
664	-24,320000E+3	2,068610E+3	3,751936E+3	39,807232E+6	3,072000E+3
665	21,760000E+3	-66,798080E+3	245,887054E+6	-1,191182E+9	60,700000E+0
666	85,000000E+0	1,116350E+3	960,496303E+3	1,611203E+9	200,000000E-3
667	85,000000E+0	1,116350E+3	960,496303E+3	1,616249E+9	200,000000E-3
668	-24,832000E+3	2,068610E+3	3,751936E+3	39,888384E+6	3,072000E+3
669	-24,832000E+3	2,068610E+3	3,693312E+3	39,908608E+6	3,072000E+3
670	-24,320000E+3	2,068610E+3	3,693312E+3	39,928832E+6	3,072000E+3
671	-24,320000E+3	2,068610E+3	3,751936E+3	39,949056E+6	3,072000E+3
672	417,000000E+0	8,070000E+0	14,656000E+0	156,130000E+3	12,000000E+0
673	420,000000E+0	8,070000E+0	14,427000E+0	156,210000E+3	12,000000E+0
674	420,000000E+0	8,070000E+0	14,427000E+0	156,291000E+3	12,000000E+0
675	421,000000E+0	8,070000E+0	14,427000E+0	156,371000E+3	12,000000E+0
676	422,000000E+0	10,760000E+0	14,427000E+0	156,451000E+3	12,000000E+0
677	423,000000E+0	10,760000E+0	14,427000E+0	156,531000E+3	12,000000E+0
678	423,000000E+0	10,760000E+0	14,656000E+0	156,613000E+3	12,000000E+0
679	423,000000E+0	10,760000E+0	14,656000E+0	156,692000E+3	12,000000E+0
680	423,000000E+0	10,760000E+0	14,656000E+0	156,774000E+3	12,000000E+0
681	423,000000E+0	10,760000E+0	14,656000E+0	156,855000E+3	12,000000E+0
682	423,000000E+0	10,760000E+0	14,656000E+0	156,936000E+3	12,000000E+0
683	422,000000E+0	10,760000E+0	14,656000E+0	157,016000E+3	12,000000E+0
684	421,000000E+0	10,760000E+0	14,656000E+0	157,098000E+3	12,000000E+0
685	419,000000E+0	8,070000E+0	14,656000E+0	157,178000E+3	12,000000E+0
686	417,000000E+0	8,070000E+0	14,656000E+0	157,258000E+3	12,000000E+0
687	416,000000E+0	8,070000E+0	14,656000E+0	157,338000E+3	12,000000E+0
688	85,000000E+0	1,113660E+3	960,496303E+3	1,726611E+9	200,000000E-3
689	85,000000E+0	1,108280E+3	960,496303E+3	1,731854E+9	200,000000E-3
690	85,000000E+0	1,108280E+3	960,496303E+3	1,736966E+9	200,000000E-3
691	85,000000E+0	1,102900E+3	960,496303E+3	1,742209E+9	200,000000E-3
692	85,000000E+0	1,100210E+3	960,496303E+3	1,747386E+9	200,000000E-3
693	85,000000E+0	1,100210E+3	960,496303E+3	1,752433E+9	200,000000E-3
694	85,000000E+0	1,108280E+3	945,488559E+3	1,757938E+9	200,000000E-3
695	412,000000E+0	8,070000E+0	14,427000E+0	157,989000E+3	12,000000E+0
696	414,000000E+0	8,070000E+0	14,427000E+0	158,087000E+3	12,000000E+0
697	412,000000E+0	8,070000E+0	14,656000E+0	158,185000E+3	12,000000E+0
698	415,000000E+0	8,070000E+0	14,427000E+0	158,267000E+3	12,000000E+0
699	417,000000E+0	8,070000E+0	14,427000E+0	158,348000E+3	12,000000E+0
700	420,000000E+0	8,070000E+0	14,198000E+0	158,427000E+3	12,000000E+0
701	420,000000E+0	8,070000E+0	14,427000E+0	158,508000E+3	12,000000E+0
702	423,000000E+0	8,070000E+0	14,198000E+0	158,586000E+3	12,000000E+0
703	424,000000E+0	8,070000E+0	14,427000E+0	158,667000E+3	12,000000E+0
704	423,000000E+0	8,070000E+0	14,656000E+0	158,750000E+3	12,000000E+0
705	421,000000E+0	8,070000E+0	14,656000E+0	158,831000E+3	12,000000E+0
706	422,000000E+0	8,070000E+0	14,656000E+0	158,913000E+3	12,000000E+0
707	423,000000E+0	8,070000E+0	14,656000E+0	158,993000E+3	12,000000E+0
708	422,000000E+0	8,070000E+0	14,656000E+0	159,074000E+3	12,000000E+0
709	422,000000E+0	8,070000E+0	14,656000E+0	159,156000E+3	12,000000E+0
710	421,000000E+0	8,070000E+0	14,656000E+0	159,238000E+3	12,000000E+0
711	420,000000E+0	8,070000E+0	14,656000E+0	159,318000E+3	12,000000E+0
712	419,000000E+0	8,070000E+0	14,427000E+0	159,398000E+3	12,000000E+0
713	418,000000E+0	8,070000E+0	14,427000E+0	159,478000E+3	12,000000E+0
714	417,000000E+0	8,070000E+0	14,427000E+0	159,557000E+3	12,000000E+0
715	415,000000E+0	8,070000E+0	14,656000E+0	159,636000E+3	12,000000E+0
716	416,000000E+0	8,070000E+0	14,656000E+0	159,717000E+3	12,000000E+0
717	415,000000E+0	8,070000E+0	14,656000E+0	159,795000E+3	12,000000E+0
718	414,000000E+0	8,070000E+0	14,656000E+0	159,873000E+3	12,000000E+0
719	415,000000E+0	8,070000E+0	14,427000E+0	159,954000E+3	12,000000E+0
720	416,000000E+0	8,070000E+0	14,427000E+0	160,033000E+3	12,000000E+0
721	416,000000E+0	8,070000E+0	14,427000E+0	160,111000E+3	12,000000E+0
722	417,000000E+0	8,070000E+0	14,427000E+0	160,190000E+3	12,000000E+0
723	420,000000E+0	8,070000E+0	14,427000E+0	160,269000E+3	12,000000E+0
724	421,000000E+0	8,070000E+0	14,427000E+0	160,351000E+3	12,000000E+0
725	421,000000E+0	8,070000E+0	14,656000E+0	160,431000E+3	12,000000E+0
726	421,000000E+0	8,070000E+0	14,427000E+0	160,511000E+3	12,000000E+0
727	423,000000E+0	8,070000E+0	14,427000E+0	160,591000E+3	12,000000E+0
728	423,000000E+0	8,070000E+0	14,427000E+0	160,672000E+3	12,000000E+0
729	424,000000E+0	8,070000E+0	14,427000E+0	160,753000E+3	12,000000E+0
730	423,000000E+0	8,070000E+0	14,656000E+0	160,834000E+3	12,000000E+0
731	422,000000E+0	8,070000E+0	14,656000E+0	160,916000E+3	12,000000E+0
732	422,000000E+0	8,070000E+0	14,656000E+0	160,998000E+3	12,000000E+0
733	422,000000E+0	8,070000E+0	14,656000E+0	161,078000E+3	12,000000E+0
734	422,000000E+0	8,070000E+0	14,656000E+0	161,159000E+3	12,000000E+0
735	420,000000E+0	8,070000E+0	14,656000E+0	161,239000E+3	12,000000E+0
736	417,000000E+0	8,070000E+0	14,656000E+0	161,319000E+3	12,000000E+0
737	418,000000E+0	8,070000E+0	14,656000E+0	161,399000E+3	12,000000E+0
738	414,000000E+0	8,070000E+0	14,656000E+0	161,480000E+3	12,000000E+0
739	412,000000E+0	8,070000E+0	14,656000E+0	161,559000E+3	12,000000E+0
740	410,000000E+0	8,070000E+0	14,656000E+0	161,638000E+3	12,000000E+0
741	411,000000E+0	8,070000E+0	14,656000E+0	161,718000E+3	12,000000E+0
742	410,000000E+0	8,070000E+0	14,656000E+0	161,796000E+3	12,000000E+0
743	410,000000E+0	8,070000E+0	14,427000E+0	161,873000E+3	12,000000E+0
744	410,000000E+0	8,070000E+0	14,656000E+0	161,953000E+3	12,000000E+0
745	410,000000E+0	8,070000E+0	14,427000E+0	162,032000E+3	12,000000E+0
746	410,000000E+0	8,070000E+0	14,427000E+0	162,110000E+3	12,000000E+0
747	413,000000E+0	8,070000E+0	14,427000E+0	162,187000E+3	12,000000E+0
748	415,000000E+0	8,070000E+0	14,427000E+0	162,267000E+3	12,000000E+0
749	416,000000E+0	8,070000E+0	14,427000E+0	162,348000E+3	12,000000E+0
750	417,000000E+0	8,070000E+0	14,427000E+0	162,428000E+3	12,000000E+0
751	418,000000E+0	8,070000E+0	14,427000E+0	162,507000E+3	12,000000E+0
752	419,000000E+0	8,070000E+0	14,427000E+0	162,588000E+3	12,000000E+0
753	420,000000E+0	8,070000E+0	14,427000E+0	162,667000E+3	12,000000E+0
754	422,000000E+0	10,760000E+0	14,427000E+0	162,747000E+3	12,000000E+0
755	422,000000E+0	8,070000E+0	14,656000E+0	162,830000E+3	12,000000E+0
756	423,000000E+0	8,070000E+0	14,656000E+0	162,912000E+3	12,000000E+0
757	423,000000E+0	8,070000E+0	14,656000E+0	162,994000E+3	12,000000E+0
758	424,000000E+0	8,070000E+0	14,427000E+0	163,073000E+3	12,000000E+0
759	423,000000E+0	8,070000E+0	14,427000E+0	163,154000E+3	12,000000E+0
760	423,000000E+0	8,070000E+0	14,656000E+0	163,235000E+3	12,000000E+0
761	421,000000E+0	8,070000E+0	14,427000E+0	163,317000E+3	12,000000E+0
762	421,000000E+0	8,070000E+0	14,656000E+0	163,397000E+3	12,000000E+0
763	418,000000E+0	8,070000E+0	14,656000E+0	163,477000E+3	12,000000E+0
764	417,000000E+0	8,070000E+0	14,656000E+0	163,558000E+3	12,000000E+0
765	416,000000E+0	8,070000E+0	14,656000E+0	163,637000E+3	12,000000E+0
766	415,000000E+0	8,070000E+0	14,656000E+0	163,717000E+3	12,000000E+0
767	414,000000E+0	8,070000E+0	14,656000E+0	163,797000E+3	12,000000E+0
768	416,000000E+0	8,070000E+0	14,427000E+0	163,899000E+3	12,000000E+0
769	415,000000E+0	8,070000E+0	14,656000E+0	163,993000E+3	12,000000E+0
770	415,000000E+0	8,070000E+0	14,656000E+0	164,093000E+3	12,000000E+0
771	415,000000E+0	8,070000E+0	14,427000E+0	164,173000E+3	12,000000E+0
772	415,000000E+0	8,070000E+0	14,427000E+0	164,251000E+3	12,000000E+0
773	417,000000E+0	8,070000E+0	14,427000E+0	164,331000E+3	12,000000E+0
774	421,000000E+0	8,070000E+0	14,427000E+0	164,410000E+3	12,000000E+0
775	422,000000E+0	8,070000E+0	14,427000E+0	164,491000E+3	12,000000E+0
776	422,000000E+0	8,070000E+0	14,427000E+0	164,571000E+3	12,000000E+0
777	422,000000E+0	8,070000E+0	14,427000E+0	164,671000E+3	12,000000E+0
778	422,000000E+0	8,070000E+0	14,427000E+0	164,751000E+3	12,000000E+0
779	423,000000E+0	8,070000E+0	14,427000E+0	164,833000E+3	12,000000E+0
780	423,000000E+0	10,760000E+0	14,427000E+0	164,914000E+3	12,000000E+0
781	423,000000E+0	10,760000E+0	14,656000E+0	164,995000E+3	12,000000E+0
782	422,000000E+0	8,070000E+0	14,656000E+0	165,076000E+3	12,000000E+0
783	421,000000E+0	8,070000E+0	14,656000E+0	165,157000E+3	12,000000E+0
784	421,000000E+0	8,070000E+0	14,656000E+0	165,238000E+3	12,000000E+0
785	420,000000E+0	8,070000E+0	14,656000E+0	165,318000E+3	12,000000E+0
786	418,000000E+0	8,070000E+0	14,656000E+0	165,399000E+3	12,000000E+0
787	418,000000E+0	8,070000E+0	14,656000E+0	165,478000E+3	12,000000E+0
788	416,000000E+0	8,070000E+0	14,656000E+0	165,560000E+3	12,000000E+0
789	413,000000E+0	8,070000E+0	14,656000E+0	165,638000E+3	12,000000E+0
790	412,000000E+0	8,070000E+0	14,656000E+0	165,718000E+3	12,000000E+0
791	412,000000E+0	8,070000E+0	14,656000E+0	165,796000E+3	12,000000E+0
792	410,000000E+0	8,070000E+0	14,656000E+0	165,876000E+3	12,000000E+0
793	409,000000E+0	8,070000E+0	14,656000E+0	165,955000E+3	12,000000E+0
794	409,000000E+0	8,070000E+0	14,427000E+0	166,033000E+3	12,000000E+0
795	411,000000E+0	8,070000E+0	14,427000E+0	166,112000E+3	12,000000E+0
796	410,000000E+0	8,070000E+0	14,656000E+0	166,191000E+3	12,000000E+0
797	412,000000E+0	8,070000E+0	14,427000E+0	166,268000E+3	12,000000E+0
798	413,000000E+0	8,070000E+0	14,427000E+0	166,348000E+3	12,000000E+0
799	415,000000E+0	8,070000E+0	14,427000E+0	166,426000E+3	12,000000E+0
800	416,000000E+0	8,070000E+0	14,427000E+0	166,508000E+3	12,000000E+0
801	419,000000E+0	8,070000E+0	14,427000E+0	166,587000E+3	12,000000E+0
802	421,000000E+0	8,070000E+0	14,656000E+0	166,668000E+3	12,000000E+0
803	418,000000E+0	8,070000E+0	14,656000E+0	166,749000E+3	12,000000E+0
804	421,000000E+0	8,070000E+0	14,427000E+0	166,829000E+3	12,000000E+0
805	422,000000E+0	8,070000E+0	14,656000E+0	166,911000E+3	12,000000E+0
806	423,000000E+0	10,760000E+0	14,427000E+0	166,992000E+3	12,000000E+0
807	423,000000E+0	8,070000E+0	14,427000E+0	167,073000E+3	12,000000E+0
808	423,000000E+0	8,070000E+0	14,427000E+0	167,153000E+3	12,000000E+0
809	424,000000E+0	8,070000E+0	14,427000E+0	167,234000E+3	12,000000E+0
810	422,000000E+0	8,070000E+0	14,656000E+0	167,315000E+3	12,000000E+0
811	421,000000E+0	8,070000E+0	14,427000E+0	167,396000E+3	12,000000E+0
812	421,000000E+0	8,070000E+0	14,656000E+0	167,477000E+3	12,000000E+0
813	418,000000E+0	8,070000E+0	14,656000E+0	167,558000E+3	12,000000E+0
814	417,000000E+0	8,070000E+0	14,656000E+0	167,638000E+3	12,000000E+0
815	417,000000E+0	8,070000E+0	14,656000E+0	167,716000E+3	12,000000E+0
816	416,000000E+0	8,070000E+0	14,656000E+0	167,798000E+3	12,000000E+0
817	414,000000E+0	8,070000E+0	14,656000E+0	167,878000E+3	12,000000E+0
818	416,000000E+0	8,070000E+0	14,427000E+0	167,957000E+3	12,000000E+0
819	416,000000E+0	8,070000E+0	14,427000E+0	168,034000E+3	12,000000E+0
820	416,000000E+0	8,070000E+0	14,427000E+0	168,115000E+3	12,000000E+0
821	415,000000E+0	8,070000E+0	14,656000E+0	168,193000E+3	12,000000E+0
822	415,000000E+0	8,070000E+0	14,427000E+0	168,273000E+3	12,000000E+0
823	416,000000E+0	8,070000E+0	14,427000E+0	168,352000E+3	12,000000E+0
824	416,000000E+0	8,070000E+0	14,427000E+0	168,431000E+3	12,000000E+0
825	420,000000E+0	8,070000E+0	14,427000E+0	168,511000E+3	12,000000E+0
826	420,000000E+0	8,070000E+0	14,427000E+0	168,592000E+3	12,000000E+0
827	421,000000E+0	8,070000E+0	14,427000E+0	168,671000E+3	12,000000E+0
828	422,000000E+0	8,070000E+0	14,427000E+0	168,752000E+3	12,000000E+0
829	425,000000E+0	8,070000E+0	14,427000E+0	168,832000E+3	12,000000E+0
830	424,000000E+0	8,070000E+0	14,656000E+0	168,915000E+3	12,000000E+0
831	424,000000E+0	8,070000E+0	14,656000E+0	168,995000E+3	12,000000E+0
832	423,000000E+0	8,070000E+0	14,656000E+0	169,077000E+3	12,000000E+0
833	423,000000E+0	8,070000E+0	14,656000E+0	169,157000E+3	12,000000E+0
834	421,000000E+0	8,070000E+0	14,656000E+0	169,238000E+3	12,000000E+0
835	421,000000E+0	8,070000E+0	14,656000E+0	169,320000E+3	12,000000E+0
836	419,000000E+0	8,070000E+0	14,656000E+0	169,401000E+3	12,000000E+0
837	417,000000E+0	8,070000E+0	14,656000E+0	169,482000E+3	12,000000E+0
838	416,000000E+0	8,070000E+0	14,656000E+0	169,561000E+3	12,000000E+0
839	416,000000E+0	8,070000E+0	14,427000E+0	169,641000E+3	12,000000E+0
840	413,000000E+0	8,070000E+0	14,656000E+0	169,719000E+3	12,000000E+0
841	413,000000E+0	8,070000E+0	14,656000E+0	169,807000E+3	12,000000E+0
842	413,000000E+0	8,070000E+0	14,656000E+0	169,898000E+3	12,000000E+0
843	410,000000E+0	8,070000E+0	14,656000E+0	169,998000E+3	12,000000E+0
844	409,000000E+0	8,070000E+0	14,427000E+0	170,096000E+3	12,000000E+0
845	411,000000E+0	8,070000E+0	14,427000E+0	170,174000E+3	12,000000E+0
846	411,000000E+0	8,070000E+0	14,427000E+0	170,253000E+3	12,000000E+0
847	411,000000E+0	8,070000E+0	14,427000E+0	170,330000E+3	12,000000E+0
848	412,000000E+0	8,070000E+0	14,427000E+0	170,409000E+3	12,000000E+0
849	414,000000E+0	8,070000E+0	14,427000E+0	170,488000E+3	12,000000E+0
850	415,000000E+0	8,070000E+0	14,427000E+0	170,569000E+3	12,000000E+0
851	417,000000E+0	8,070000E+0	14,427000E+0	170,649000E+3	12,000000E+0
852	420,000000E+0	8,070000E+0	14,427000E+0	170,730000E+3	12,000000E+0
853	421,000000E+0	8,070000E+0	14,427000E+0	170,810000E+3	12,000000E+0
854	423,000000E+0	8,070000E+0	14,427000E+0	170,889000E+3	12,000000E+0
855	424,000000E+0	8,070000E+0	14,427000E+0	170,971000E+3	12,000000E+0
856	423,000000E+0	8,070000E+0	14,656000E+0	171,052000E+3	12,000000E+0
857	421,000000E+0	8,070000E+0	14,656000E+0	171,132000E+3	12,000000E+0
858	420,000000E+0	8,070000E+0	14,427000E+0	171,214000E+3	12,000000E+0
859	422,000000E+0	8,070000E+0	14,427000E+0	171,294000E+3	12,000000E+0
860	422,000000E+0	10,760000E+0	14,656000E+0	171,376000E+3	12,000000E+0
861	421,000000E+0	8,070000E+0	14,656000E+0	171,457000E+3	12,000000E+0
862	422,000000E+0	8,070000E+0	14,427000E+0	171,538000E+3	12,000000E+0
863	419,000000E+0	8,070000E+0	14,656000E+0	171,619000E+3	12,000000E+0
864	418,000000E+0	8,070000E+0	14,656000E+0	171,699000E+3	12,000000E+0
865	418,000000E+0	8,070000E+0	14,427000E+0	171,779000E+3	12,000000E+0
866	416,000000E+0	8,070000E+0	14,656000E+0	171,859000E+3	12,000000E+0
867	415,000000E+0	8,070000E+0	14,656000E+0	171,938000E+3	12,000000E+0
868	416,000000E+0	8,070000E+0	14,427000E+0	172,019000E+3	12,000000E+0
869	415,000000E+0	8,070000E+0	14,427000E+0	172,095000E+3	12,000000E+0
870	414,000000E+0	8,070000E+0	14,656000E+0	172,174000E+3	12,000000E+0
871	414,000000E+0	8,070000E+0	14,656000E+0	172,256000E+3	12,000000E+0
872	415,000000E+0	8,070000E+0	14,427000E+0	172,335000E+3	12,000000E+0
873	417,000000E+0	8,070000E+0	14,427000E+0	172,413000E+3	12,000000E+0
874	417,000000E+0	8,070000E+0	14,427000E+0	172,492000E+3	12,000000E+0
875	419,000000E+0	8,070000E+0	14,427000E+0	172,572000E+3	12,000000E+0
876	420,000000E+0	8,070000E+0	14,427000E+0	172,654000E+3	12,000000E+0
877	420,000000E+0	8,070000E+0	14,427000E+0	172,733000E+3	12,000000E+0
878	421,000000E+0	8,070000E+0	14,427000E+0	172,813000E+3	12,000000E+0
879	423,000000E+0	8,070000E+0	14,427000E+0	172,893000E+3	12,000000E+0
880	424,000000E+0	8,070000E+0	14,427000E+0	172,975000E+3	12,000000E+0
881	424,000000E+0	8,070000E+0	14,427000E+0	173,055000E+3	12,000000E+0
882	423,000000E+0	8,070000E+0	14,656000E+0	173,137000E+3	12,000000E+0
883	422,000000E+0	8,070000E+0	14,656000E+0	173,218000E+3	12,000000E+0
884	422,000000E+0	8,070000E+0	14,656000E+0	173,300000E+3	12,000000E+0
885	421,000000E+0	8,070000E+0	14,656000E+0	173,380000E+3	12,000000E+0
886	420,000000E+0	8,070000E+0	14,427000E+0	173,461000E+3	12,000000E+0
887	419,000000E+0	8,070000E+0	14,656000E+0	173,541000E+3	12,000000E+0
888	416,000000E+0	8,070000E+0	14,656000E+0	173,620000E+3	12,000000E+0
889	416,000000E+0	8,070000E+0	14,656000E+0	173,701000E+3	12,000000E+0
890	413,000000E+0	8,070000E+0	14,656000E+0	173,781000E+3	12,000000E+0
891	412,000000E+0	8,070000E+0	14,656000E+0	173,861000E+3	12,000000E+0
892	412,000000E+0	8,070000E+0	14,656000E+0	173,939000E+3	12,000000E+0
893	412,000000E+0	8,070000E+0	14,656000E+0	174,019000E+3	12,000000E+0
894	412,000000E+0	8,070000E+0	14,656000E+0	174,098000E+3	12,000000E+0
895	411,000000E+0	8,070000E+0	14,656000E+0	174,176000E+3	12,000000E+0
896	410,000000E+0	8,070000E+0	14,656000E+0	174,255000E+3	12,000000E+0
897	411,000000E+0	8,070000E+0	14,427000E+0	174,334000E+3	12,000000E+0
898	409,000000E+0	8,070000E+0	14,656000E+0	174,413000E+3	12,000000E+0
899	411,000000E+0	8,070000E+0	14,427000E+0	174,490000E+3	12,000000E+0
900	413,000000E+0	8,070000E+0	14,427000E+0	174,569000E+3	12,000000E+0
901	416,000000E+0	8,070000E+0	14,427000E+0	174,650000E+3	12,000000E+0
902	417,000000E+0	8,070000E+0	14,427000E+0	174,730000E+3	12,000000E+0
903	419,000000E+0	8,070000E+0	14,427000E+0	174,810000E+3	12,000000E+0
904	420,000000E+0	8,070000E+0	14,427000E+0	174,891000E+3	12,000000E+0
905	422,000000E+0	8,070000E+0	14,427000E+0	174,969000E+3	12,000000E+0
906	422,000000E+0	8,070000E+0	14,656000E+0	175,051000E+3	12,000000E+0
907	424,000000E+0	8,070000E+0	14,427000E+0	175,133000E+3	12,000000E+0
908	423,000000E+0	8,070000E+0	14,656000E+0	175,215000E+3	12,000000E+0
909	419,000000E+0	8,070000E+0	14,656000E+0	175,297000E+3	12,000000E+0
910	420,000000E+0	8,070000E+0	14,656000E+0	175,376000E+3	12,000000E+0
911	421,000000E+0	8,070000E+0	14,656000E+0	175,458000E+3	12,000000E+0
912	422,000000E+0	8,070000E+0	14,427000E+0	175,540000E+3	12,000000E+0
913	422,000000E+0	8,070000E+0	14,427000E+0	175,620000E+3	12,000000E+0
914	420,000000E+0	8,070000E+0	14,427000E+0	175,701000E+3	12,000000E+0
915	419,000000E+0	8,070000E+0	14,656000E+0	175,781000E+3	12,000000E+0
916	418,000000E+0	8,070000E+0	14,656000E+0	175,861000E+3	12,000000E+0
917	416,000000E+0	8,070000E+0	14,656000E+0	175,939000E+3	12,000000E+0
918	415,000000E+0	8,070000E+0	14,656000E+0	176,020000E+3	12,000000E+0
919	415,000000E+0	8,070000E+0	14,656000E+0	176,100000E+3	12,000000E+0
920	415,000000E+0	8,070000E+0	14,656000E+0	176,179000E+3	12,000000E+0
921	415,000000E+0	8,070000E+0	14,427000E+0	176,257000E+3	12,000000E+0
922	414,000000E+0	8,070000E+0	14,656000E+0	176,338000E+3	12,000000E+0
923	415,000000E+0	10,760000E+0	14,427000E+0	176,417000E+3	12,000000E+0
924	417,000000E+0	8,070000E+0	14,427000E+0	176,496000E+3	12,000000E+0
925	417,000000E+0	8,070000E+0	14,427000E+0	176,574000E+3	12,000000E+0
926	418,000000E+0	10,760000E+0	14,427000E+0	176,654000E+3	12,000000E+0
927	420,000000E+0	10,760000E+0	14,427000E+0	176,735000E+3	12,000000E+0
928	420,000000E+0	10,760000E+0	14,427000E+0	176,815000E+3	12,000000E+0
929	421,000000E+0	8,070000E+0	14,427000E+0	176,896000E+3	12,000000E+0
930	421,000000E+0	8,070000E+0	14,427000E+0	176,976000E+3	12,000000E+0
931	423,000000E+0	8,070000E+0	14,427000E+0	177,056000E+3	12,000000E+0
932	423,000000E+0	8,070000E+0	14,427000E+0	177,137000E+3	12,000000E+0
933	423,000000E+0	8,070000E+0	14,427000E+0	177,218000E+3	12,000000E+0
934	424,000000E+0	8,070000E+0	14,427000E+0	177,299000E+3	12,000000E+0
935	423,000000E+0	8,070000E+0	14,656000E+0	177,380000E+3	12,000000E+0
936	420,000000E+0	8,070000E+0	14,656000E+0	177,460000E+3	12,000000E+0
937	421,000000E+0	8,070000E+0	14,656000E+0	177,542000E+3	12,000000E+0
938	419,000000E+0	8,070000E+0	14,656000E+0	177,622000E+3	12,000000E+0
939	417,000000E+0	8,070000E+0	14,656000E+0	177,702000E+3	12,000000E+0
940	416,000000E+0	8,070000E+0	14,656000E+0	177,782000E+3	12,000000E+0
941	414,000000E+0	8,070000E+0	14,656000E+0	177,863000E+3	12,000000E+0
942	412,000000E+0	8,070000E+0	14,656000E+0	177,942000E+3	12,000000E+0
943	411,000000E+0	8,070000E+0	14,656000E+0	178,021000E+3	12,000000E+0
944	411,000000E+0	8,070000E+0	14,427000E+0	178,100000E+3	12,000000E+0
945	411,000000E+0	8,070000E+0	14,427000E+0	178,179000E+3	12,000000E+0
946	410,000000E+0	8,070000E+0	14,656000E+0	178,257000E+3	12,000000E+0
947	410,000000E+0	8,070000E+0	14,656000E+0	178,336000E+3	12,000000E+0
948	411,000000E+0	8,070000E+0	14,427000E+0	178,415000E+3	12,000000E+0
949	411,000000E+0	8,070000E+0	14,656000E+0	178,494000E+3	12,000000E+0
950	412,000000E+0	8,070000E+0	14,427000E+0	178,572000E+3	12,000000E+0
951	413,000000E+0	8,070000E+0	14,427000E+0	178,653000E+3	12,000000E+0
952	415,000000E+0	8,070000E+0	14,427000E+0	178,732000E+3	12,000000E+0
953	417,000000E+0	8,070000E+0	14,427000E+0	178,812000E+3	12,000000E+0
954	418,000000E+0	10,760000E+0	14,198000E+0	178,891000E+3	12,000000E+0
955	420,000000E+0	8,070000E+0	14,427000E+0	178,971000E+3	12,000000E+0
956	420,000000E+0	8,070000E+0	14,656000E+0	179,051000E+3	12,000000E+0
957	421,000000E+0	8,070000E+0	14,656000E+0	179,132000E+3	12,000000E+0
958	424,000000E+0	8,070000E+0	14,656000E+0	179,215000E+3	12,000000E+0
959	423,000000E+0	8,070000E+0	14,656000E+0	179,296000E+3	12,000000E+0
960	420,000000E+0	8,070000E+0	14,656000E+0	179,378000E+3	12,000000E+0
961	422,000000E+0	8,070000E+0	14,427000E+0	179,457000E+3	12,000000E+0
962	423,000000E+0	8,070000E+0	14,656000E+0	179,539000E+3	12,000000E+0
963	421,000000E+0	8,070000E+0	14,656000E+0	179,620000E+3	12,000000E+0
964	421,000000E+0	8,070000E+0	14,427000E+0	179,700000E+3	12,000000E+0
965	420,000000E+0	8,070000E+0	14,427000E+0	179,780000E+3	12,000000E+0
966	419,000000E+0	8,070000E+0	14,656000E+0	179,862000E+3	12,000000E+0
967	417,000000E+0	8,070000E+0	14,656000E+0	179,940000E+3	12,000000E+0
968	416,000000E+0	8,070000E+0	14,656000E+0	180,021000E+3	12,000000E+0
969	415,000000E+0	8,070000E+0	14,656000E+0	180,101000E+3	12,000000E+0
970	414,000000E+0	8,070000E+0	14,656000E+0	180,181000E+3	12,000000E+0
971	414,000000E+0	8,070000E+0	14,427000E+0	180,259000E+3	12,000000E+0
972	415,000000E+0	8,070000E+0	14,427000E+0	180,337000E+3	12,000000E+0
973	415,000000E+0	8,070000E+0	14,427000E+0	180,419000E+3	12,000000E+0
974	415,000000E+0	8,070000E+0	14,427000E+0	180,497000E+3	12,000000E+0
975	417,000000E+0	8,070000E+0	14,427000E+0	180,576000E+3	12,000000E+0
976	418,000000E+0	8,070000E+0	14,656000E+0	180,655000E+3	12,000000E+0
977	418,000000E+0	8,070000E+0	14,427000E+0	180,736000E+3	12,000000E+0
978	419,000000E+0	8,070000E+0	14,427000E+0	180,815000E+3	12,000000E+0
979	420,000000E+0	8,070000E+0	14,427000E+0	180,896000E+3	12,000000E+0
980	421,000000E+0	8,070000E+0	14,427000E+0	180,975000E+3	12,000000E+0
981	421,000000E+0	8,070000E+0	14,427000E+0	181,056000E+3	12,000000E+0
982	423,000000E+0	8,070000E+0	14,427000E+0	181,137000E+3	12,000000E+0
983	423,000000E+0	8,070000E+0	14,427000E+0	181,218000E+3	12,000000E+0
984	422,000000E+0	8,070000E+0	14,656000E+0	181,299000E+3	12,000000E+0
985	422,000000E+0	8,070000E+0	14,656000E+0	181,380000E+3	12,000000E+0
986	422,000000E+0	8,070000E+0	14,427000E+0	181,460000E+3	12,000000E+0
987	422,000000E+0	8,070000E+0	14,656000E+0	181,541000E+3	12,000000E+0
988	422,000000E+0	8,070000E+0	14,656000E+0	181,623000E+3	12,000000E+0
989	421,000000E+0	8,070000E+0	14,656000E+0	181,703000E+3	12,000000E+0
990	417,000000E+0	8,070000E+0	14,656000E+0	181,784000E+3	12,000000E+0
991	415,000000E+0	8,070000E+0	14,656000E+0	181,864000E+3	12,000000E+0
992	413,000000E+0	8,070000E+0	14,656000E+0	181,944000E+3	12,000000E+0
993	414,000000E+0	8,070000E+0	14,656000E+0	182,023000E+3	12,000000E+0
994	411,000000E+0	8,070000E+0	14,656000E+0	182,103000E+3	12,000000E+0
995	411,000000E+0	8,070000E+0	14,656000E+0	182,181000E+3	12,000000E+0
996	410,000000E+0	8,070000E+0	14,656000E+0	182,260000E+3	12,000000E+0
997	409,000000E+0	8,070000E+0	14,656000E+0	182,340000E+3	12,000000E+0
998	409,000000E+0	8,070000E+0	14,656000E+0	182,418000E+3	12,000000E+0
999	411,000000E+0	8,070000E+0	14,427000E+0	182,496000E+3	12,000000E+0
1000	412,000000E+0	8,070000E+0	14,427000E+0	182,574000E+3	12,000000E+0
1001	412,000000E+0	8,070000E+0	14,427000E+0	182,653000E+3	12,000000E+0
1002	414,000000E+0	8,070000E+0	14,427000E+0	182,732000E+3	12,000000E+0
1003	415,000000E+0	8,070000E+0	14,427000E+0	182,811000E+3	12,000000E+0
1004	415,000000E+0	8,070000E+0	14,427000E+0	182,892000E+3	12,000000E+0
1005	416,000000E+0	8,070000E+0	14,427000E+0	182,971000E+3	12,000000E+0
1006	418,000000E+0	8,070000E+0	14,427000E+0	183,051000E+3	12,000000E+0
1007	419,000000E+0	8,070000E+0	14,656000E+0	183,132000E+3	12,000000E+0
1008	422,000000E+0	8,070000E+0	14,656000E+0	183,212000E+3	12,000000E+0
1009	423,000000E+0	8,070000E+0	14,427000E+0	183,295000E+3	12,000000E+0
1010	424,000000E+0	8,070000E+0	14,427000E+0	183,376000E+3	12,000000E+0
1011	422,000000E+0	8,070000E+0	14,427000E+0	183,457000E+3	12,000000E+0
1012	422,000000E+0	8,070000E+0	14,427000E+0	183,538000E+3	12,000000E+0
1013	422,000000E+0	8,070000E+0	14,427000E+0	183,619000E+3	12,000000E+0
1014	422,000000E+0	8,070000E+0	14,656000E+0	183,699000E+3	12,000000E+0
1015	421,000000E+0	8,070000E+0	14,656000E+0	183,781000E+3	12,000000E+0
1016	419,000000E+0	8,070000E+0	14,656000E+0	183,861000E+3	12,000000E+0
1017	418,000000E+0	8,070000E+0	14,656000E+0	183,941000E+3	12,000000E+0
1018	415,000000E+0	8,070000E+0	14,656000E+0	184,021000E+3	12,000000E+0
1019	415,000000E+0	8,070000E+0	14,656000E+0	184,100000E+3	12,000000E+0
1020	415,000000E+0	8,070000E+0	14,656000E+0	184,180000E+3	12,000000E+0
1021	414,000000E+0	8,070000E+0	14,656000E+0	184,261000E+3	12,000000E+0
1022	415,000000E+0	8,070000E+0	14,427000E+0	184,341000E+3	12,000000E+0
1023	415,000000E+0	8,070000E+0	14,656000E+0	184,418000E+3	12,000000E+0
1024	415,000000E+0	8,070000E+0	14,656000E+0	184,498000E+3	12,000000E+0
1025	414,000000E+0	8,070000E+0	14,656000E+0	184,577000E+3	12,000000E+0
1026	415,000000E+0	8,070000E+0	14,427000E+0	184,656000E+3	12,000000E+0
1027	418,000000E+0	8,070000E+0	14,427000E+0	184,736000E+3	12,000000E+0
1028	418,000000E+0	8,070000E+0	14,427000E+0	184,815000E+3	12,000000E+0
1029	420,000000E+0	8,070000E+0	14,427000E+0	184,895000E+3	12,000000E+0
1030	420,000000E+0	8,070000E+0	14,427000E+0	184,976000E+3	12,000000E+0
1031	421,000000E+0	8,070000E+0	14,427000E+0	185,055000E+3	12,000000E+0
1032	421,000000E+0	8,070000E+0	14,427000E+0	185,136000E+3	12,000000E+0
1033	422,000000E+0	8,070000E+0	14,427000E+0	185,216000E+3	12,000000E+0
1034	423,000000E+0	10,760000E+0	14,427000E+0	185,297000E+3	12,000000E+0
1035	423,000000E+0	8,070000E+0	14,656000E+0	185,379000E+3	12,000000E+0
1036	422,000000E+0	8,070000E+0	14,656000E+0	185,462000E+3	12,000000E+0
1037	422,000000E+0	8,070000E+0	14,656000E+0	185,541000E+3	12,000000E+0
1038	421,000000E+0	8,070000E+0	14,656000E+0	185,621000E+3	12,000000E+0
1039	421,000000E+0	8,070000E+0	14,656000E+0	185,703000E+3	12,000000E+0
1040	421,000000E+0	8,070000E+0	14,656000E+0	185,784000E+3	12,000000E+0
1041	419,000000E+0	8,070000E+0	14,656000E+0	185,864000E+3	12,000000E+0
1042	416,000000E+0	8,070000E+0	14,656000E+0	185,944000E+3	12,000000E+0
1043	414,000000E+0	8,070000E+0	14,656000E+0	186,025000E+3	12,000000E+0
1044	413,000000E+0	8,070000E+0	14,656000E+0	186,103000E+3	12,000000E+0
1045	411,000000E+0	8,070000E+0	14,656000E+0	186,183000E+3	12,000000E+0
1046	410,000000E+0	8,070000E+0	14,656000E+0	186,262000E+3	12,000000E+0
1047	410,000000E+0	8,070000E+0	14,656000E+0	186,340000E+3	12,000000E+0
1048	409,000000E+0	8,070000E+0	14,656000E+0	186,420000E+3	12,000000E+0
1049	409,000000E+0	8,070000E+0	14,656000E+0	186,498000E+3	12,000000E+0
1050	409,000000E+0	8,070000E+0	14,427000E+0	186,578000E+3	12,000000E+0
1051	410,000000E+0	8,070000E+0	14,427000E+0	186,656000E+3	12,000000E+0
1052	412,000000E+0	8,070000E+0	14,427000E+0	186,734000E+3	12,000000E+0
1053	413,000000E+0	8,070000E+0	14,427000E+0	186,812000E+3	12,000000E+0
1054	415,000000E+0	8,070000E+0	14,427000E+0	186,891000E+3	12,000000E+0
1055	417,000000E+0	8,070000E+0	14,427000E+0	186,971000E+3	12,000000E+0
1056	416,000000E+0	8,070000E+0	14,656000E+0	187,053000E+3	12,000000E+0
1057	417,000000E+0	8,070000E+0	14,656000E+0	187,133000E+3	12,000000E+0
1058	419,000000E+0	8,070000E+0	14,427000E+0	187,213000E+3	12,000000E+0
1059	421,000000E+0	8,070000E+0	14,427000E+0	187,293000E+3	12,000000E+0
1060	424,000000E+0	8,070000E+0	14,427000E+0	187,374000E+3	12,000000E+0
1061	424,000000E+0	8,070000E+0	14,427000E+0	187,456000E+3	12,000000E+0
1062	423,000000E+0	8,070000E+0	14,656000E+0	187,537000E+3	12,000000E+0
1063	420,000000E+0	8,070000E+0	14,656000E+0	187,618000E+3	12,000000E+0
1064	422,000000E+0	8,070000E+0	14,427000E+0	187,698000E+3	12,000000E+0
1065	423,000000E+0	8,070000E+0	14,656000E+0	187,778000E+3	12,000000E+0
1066	421,000000E+0	8,070000E+0	14,656000E+0	187,860000E+3	12,000000E+0
1067	420,000000E+0	8,070000E+0	14,656000E+0	187,941000E+3	12,000000E+0
1068	418,000000E+0	8,070000E+0	14,656000E+0	188,022000E+3	12,000000E+0
1069	416,000000E+0	8,070000E+0	14,656000E+0	188,102000E+3	12,000000E+0
1070	415,000000E+0	8,070000E+0	14,656000E+0	188,183000E+3	12,000000E+0
1071	416,000000E+0	8,070000E+0	14,427000E+0	188,262000E+3	12,000000E+0
1072	415,000000E+0	8,070000E+0	14,656000E+0	188,342000E+3	12,000000E+0
1073	415,000000E+0	8,070000E+0	14,427000E+0	188,422000E+3	12,000000E+0
1074	415,000000E+0	8,070000E+0	14,427000E+0	188,499000E+3	12,000000E+0
1075	415,000000E+0	8,070000E+0	14,427000E+0	188,579000E+3	12,000000E+0
1076	415,000000E+0	8,070000E+0	14,656000E+0	188,658000E+3	12,000000E+0
1077	414,000000E+0	8,070000E+0	14,656000E+0	188,738000E+3	12,000000E+0
1078	416,000000E+0	8,070000E+0	14,427000E+0	188,816000E+3	12,000000E+0
1079	417,000000E+0	8,070000E+0	14,427000E+0	188,895000E+3	12,000000E+0
1080	420,000000E+0	8,070000E+0	14,427000E+0	188,976000E+3	12,000000E+0
1081	421,000000E+0	8,070000E+0	14,427000E+0	189,056000E+3	12,000000E+0
1082	422,000000E+0	8,070000E+0	14,427000E+0	189,136000E+3	12,000000E+0
1083	422,000000E+0	8,070000E+0	14,656000E+0	189,217000E+3	12,000000E+0
1084	422,000000E+0	8,070000E+0	14,656000E+0	189,297000E+3	12,000000E+0
1085	422,000000E+0	8,070000E+0	14,427000E+0	189,378000E+3	12,000000E+0
1086	423,000000E+0	8,070000E+0	14,427000E+0	189,459000E+3	12,000000E+0
1087	421,000000E+0	8,070000E+0	14,656000E+0	189,540000E+3	12,000000E+0
1088	421,000000E+0	8,070000E+0	14,427000E+0	189,620000E+3	12,000000E+0
1089	420,000000E+0	8,070000E+0	14,656000E+0	189,702000E+3	12,000000E+0
1090	419,000000E+0	8,070000E+0	14,656000E+0	189,783000E+3	12,000000E+0
1091	420,000000E+0	8,070000E+0	14,656000E+0	189,864000E+3	12,000000E+0
1092	420,000000E+0	8,070000E+0	14,427000E+0	189,944000E+3	12,000000E+0
1093	416,000000E+0	8,070000E+0	14,656000E+0	190,023000E+3	12,000000E+0
1094	416,000000E+0	8,070000E+0	14,656000E+0	190,103000E+3	12,000000E+0
1095	415,000000E+0	8,070000E+0	14,656000E+0	190,183000E+3	12,000000E+0
1096	411,000000E+0	8,070000E+0	14,656000E+0	190,263000E+3	12,000000E+0
1097	410,000000E+0	8,070000E+0	14,656000E+0	190,342000E+3	12,000000E+0
1098	410,000000E+0	8,070000E+0	14,656000E+0	190,421000E+3	12,000000E+0
1099	408,000000E+0	8,070000E+0	14,656000E+0	190,500000E+3	12,000000E+0
1100	408,000000E+0	8,070000E+0	14,656000E+0	190,578000E+3	12,000000E+0
1101	409,000000E+0	8,070000E+0	14,427000E+0	190,657000E+3	12,000000E+0
1102	410,000000E+0	8,070000E+0	14,427000E+0	190,736000E+3	12,000000E+0
1103	410,000000E+0	8,070000E+0	14,427000E+0	190,814000E+3	12,000000E+0
1104	411,000000E+0	8,070000E+0	14,427000E+0	190,892000E+3	12,000000E+0
1105	414,000000E+0	8,070000E+0	14,427000E+0	190,970000E+3	12,000000E+0
1106	417,000000E+0	8,070000E+0	14,427000E+0	191,051000E+3	12,000000E+0
1107	417,000000E+0	8,070000E+0	14,427000E+0	191,132000E+3	12,000000E+0
1108	419,000000E+0	8,070000E+0	14,427000E+0	191,213000E+3	12,000000E+0
1109	421,000000E+0	8,070000E+0	14,427000E+0	191,293000E+3	12,000000E+0
1110	422,000000E+0	8,070000E+0	14,427000E+0	191,372000E+3	12,000000E+0
1111	421,000000E+0	8,070000E+0	14,656000E+0	191,476000E+3	12,000000E+0
1112	423,000000E+0	8,070000E+0	14,427000E+0	191,556000E+3	12,000000E+0
1113	423,000000E+0	8,070000E+0	14,427000E+0	191,637000E+3	12,000000E+0
1114	422,000000E+0	8,070000E+0	14,427000E+0	191,718000E+3	12,000000E+0
1115	423,000000E+0	8,070000E+0	14,427000E+0	191,798000E+3	12,000000E+0
1116	422,000000E+0	8,070000E+0	14,656000E+0	191,879000E+3	12,000000E+0
1117	421,000000E+0	8,070000E+0	14,656000E+0	191,960000E+3	12,000000E+0
1118	420,000000E+0	8,070000E+0	14,656000E+0	192,042000E+3	12,000000E+0
1119	419,000000E+0	8,070000E+0	14,656000E+0	192,122000E+3	12,000000E+0
1120	416,000000E+0	8,070000E+0	14,656000E+0	192,203000E+3	12,000000E+0
1121	416,000000E+0	8,070000E+0	14,656000E+0	192,284000E+3	12,000000E+0
1122	415,000000E+0	8,070000E+0	14,656000E+0	192,362000E+3	12,000000E+0
1123	415,000000E+0	8,070000E+0	14,656000E+0	192,443000E+3	12,000000E+0
1124	414,000000E+0	8,070000E+0	14,427000E+0	192,523000E+3	12,000000E+0
1125	415,000000E+0	8,070000E+0	14,427000E+0	192,599000E+3	12,000000E+0
1126	416,000000E+0	8,070000E+0	14,427000E+0	192,680000E+3	12,000000E+0
1127	415,000000E+0	8,070000E+0	14,656000E+0	192,758000E+3	12,000000E+0
1128	415,000000E+0	8,070000E+0	14,656000E+0	192,838000E+3	12,000000E+0
1129	415,000000E+0	8,070000E+0	14,427000E+0	192,917000E+3	12,000000E+0
1130	415,000000E+0	8,070000E+0	14,427000E+0	192,997000E+3	12,000000E+0
1131	419,000000E+0	8,070000E+0	14,427000E+0	193,075000E+3	12,000000E+0
1132	420,000000E+0	8,070000E+0	14,427000E+0	193,156000E+3	12,000000E+0
1133	421,000000E+0	8,070000E+0	14,427000E+0	193,235000E+3	12,000000E+0
1134	422,000000E+0	8,070000E+0	14,427000E+0	193,316000E+3	12,000000E+0
1135	423,000000E+0	8,070000E+0	14,427000E+0	193,397000E+3	12,000000E+0
1136	424,000000E+0	8,070000E+0	14,427000E+0	193,478000E+3	12,000000E+0
1137	422,000000E+0	8,070000E+0	14,656000E+0	193,558000E+3	12,000000E+0
1138	421,000000E+0	8,070000E+0	14,656000E+0	193,641000E+3	12,000000E+0
1139	421,000000E+0	8,070000E+0	14,656000E+0	193,721000E+3	12,000000E+0
1140	421,000000E+0	8,070000E+0	14,656000E+0	193,802000E+3	12,000000E+0
1141	421,000000E+0	8,070000E+0	14,656000E+0	193,882000E+3	12,000000E+0
1142	419,000000E+0	8,070000E+0	14,656000E+0	193,965000E+3	12,000000E+0
1143	419,000000E+0	8,070000E+0	14,656000E+0	194,048000E+3	12,000000E+0
1144	415,000000E+0	8,070000E+0	14,656000E+0	194,144000E+3	12,000000E+0
1145	414,000000E+0	8,070000E+0	14,656000E+0	194,244000E+3	12,000000E+0
1146	414,000000E+0	8,070000E+0	14,656000E+0	194,342000E+3	12,000000E+0
1147	412,000000E+0	8,070000E+0	14,656000E+0	194,422000E+3	12,000000E+0
1148	411,000000E+0	8,070000E+0	14,656000E+0	194,502000E+3	12,000000E+0
1149	410,000000E+0	8,070000E+0	14,656000E+0	194,582000E+3	12,000000E+0
1150	409,000000E+0	8,070000E+0	14,656000E+0	194,660000E+3	12,000000E+0
1151	408,000000E+0	8,070000E+0	14,427000E+0	194,739000E+3	12,000000E+0
1152	410,000000E+0	8,070000E+0	14,427000E+0	194,817000E+3	12,000000E+0
1153	411,000000E+0	8,070000E+0	14,656000E+0	194,896000E+3	12,000000E+0
1154	412,000000E+0	8,070000E+0	14,656000E+0	194,974000E+3	12,000000E+0
1155	414,000000E+0	8,070000E+0	14,427000E+0	195,052000E+3	12,000000E+0
1156	415,000000E+0	8,070000E+0	14,427000E+0	195,133000E+3	12,000000E+0
1157	417,000000E+0	8,070000E+0	14,427000E+0	195,213000E+3	12,000000E+0
1158	419,000000E+0	8,070000E+0	14,427000E+0	195,293000E+3	12,000000E+0
1159	420,000000E+0	10,760000E+0	14,427000E+0	195,373000E+3	12,000000E+0
1160	422,000000E+0	8,070000E+0	14,427000E+0	195,453000E+3	12,000000E+0
1161	423,000000E+0	8,070000E+0	14,656000E+0	195,534000E+3	12,000000E+0
1162	421,000000E+0	8,070000E+0	14,427000E+0	195,617000E+3	12,000000E+0
1163	422,000000E+0	8,070000E+0	14,656000E+0	195,697000E+3	12,000000E+0
1164	420,000000E+0	8,070000E+0	14,656000E+0	195,779000E+3	12,000000E+0
1165	420,000000E+0	8,070000E+0	14,656000E+0	195,859000E+3	12,000000E+0
1166	422,000000E+0	8,070000E+0	14,656000E+0	195,941000E+3	12,000000E+0
1167	422,000000E+0	8,070000E+0	14,656000E+0	196,021000E+3	12,000000E+0
1168	421,000000E+0	8,070000E+0	14,656000E+0	196,103000E+3	12,000000E+0
1169	419,000000E+0	8,070000E+0	14,656000E+0	196,183000E+3	12,000000E+0
1170	418,000000E+0	8,070000E+0	14,656000E+0	196,263000E+3	12,000000E+0
1171	417,000000E+0	8,070000E+0	14,656000E+0	196,344000E+3	12,000000E+0
1172	416,000000E+0	8,070000E+0	14,656000E+0	196,423000E+3	12,000000E+0
1173	415,000000E+0	8,070000E+0	14,656000E+0	196,505000E+3	12,000000E+0
1174	415,000000E+0	8,070000E+0	14,656000E+0	196,583000E+3	12,000000E+0
1175	414,000000E+0	8,070000E+0	14,656000E+0	196,661000E+3	12,000000E+0
1176	414,000000E+0	8,070000E+0	14,656000E+0	196,739000E+3	12,000000E+0
1177	414,000000E+0	8,070000E+0	14,656000E+0	196,821000E+3	12,000000E+0
1178	414,000000E+0	8,070000E+0	14,656000E+0	196,900000E+3	12,000000E+0
1179	416,000000E+0	8,070000E+0	14,427000E+0	196,978000E+3	12,000000E+0
1180	416,000000E+0	8,070000E+0	14,427000E+0	197,057000E+3	12,000000E+0
1181	418,000000E+0	8,070000E+0	14,427000E+0	197,137000E+3	12,000000E+0
1182	419,000000E+0	8,070000E+0	14,656000E+0	197,218000E+3	12,000000E+0
1183	419,000000E+0	8,070000E+0	14,427000E+0	197,298000E+3	12,000000E+0
1184	421,000000E+0	8,070000E+0	14,427000E+0	197,377000E+3	12,000000E+0
1185	421,000000E+0	8,070000E+0	14,427000E+0	197,459000E+3	12,000000E+0
1186	424,000000E+0	8,070000E+0	14,427000E+0	197,539000E+3	12,000000E+0
1187	424,000000E+0	8,070000E+0	14,427000E+0	197,620000E+3	12,000000E+0
1188	423,000000E+0	8,070000E+0	14,656000E+0	197,702000E+3	12,000000E+0
1189	421,000000E+0	8,070000E+0	14,656000E+0	197,783000E+3	12,000000E+0
1190	421,000000E+0	8,070000E+0	14,656000E+0	197,864000E+3	12,000000E+0
1191	421,000000E+0	8,070000E+0	14,656000E+0	197,944000E+3	12,000000E+0
1192	420,000000E+0	10,760000E+0	14,656000E+0	198,026000E+3	12,000000E+0
1193	419,000000E+0	8,070000E+0	14,656000E+0	198,105000E+3	12,000000E+0
1194	417,000000E+0	8,070000E+0	14,656000E+0	198,185000E+3	12,000000E+0
1195	414,000000E+0	8,070000E+0	14,656000E+0	198,266000E+3	12,000000E+0
1196	413,000000E+0	8,070000E+0	14,656000E+0	198,347000E+3	12,000000E+0
1197	413,000000E+0	8,070000E+0	14,656000E+0	198,424000E+3	12,000000E+0
1198	412,000000E+0	8,070000E+0	14,656000E+0	198,505000E+3	12,000000E+0
1199	411,000000E+0	8,070000E+0	14,656000E+0	198,584000E+3	12,000000E+0
1200	411,000000E+0	8,070000E+0	14,427000E+0	198,662000E+3	12,000000E+0
1201	411,000000E+0	8,070000E+0	14,656000E+0	198,740000E+3	12,000000E+0
1202	409,000000E+0	8,070000E+0	14,656000E+0	198,819000E+3	12,000000E+0
1203	409,000000E+0	8,070000E+0	14,656000E+0	198,898000E+3	12,000000E+0
1204	410,000000E+0	8,070000E+0	14,656000E+0	198,977000E+3	12,000000E+0
1205	411,000000E+0	8,070000E+0	14,656000E+0	199,055000E+3	12,000000E+0
1206	413,000000E+0	8,070000E+0	14,427000E+0	199,135000E+3	12,000000E+0
1207	415,000000E+0	8,070000E+0	14,427000E+0	199,214000E+3	12,000000E+0
1208	417,000000E+0	8,070000E+0	14,427000E+0	199,295000E+3	12,000000E+0
1209	416,000000E+0	8,070000E+0	14,427000E+0	199,375000E+3	12,000000E+0
1210	418,000000E+0	8,070000E+0	14,427000E+0	199,455000E+3	12,000000E+0
1211	421,000000E+0	8,070000E+0	14,427000E+0	199,534000E+3	12,000000E+0
1212	422,000000E+0	8,070000E+0	14,427000E+0	199,615000E+3	12,000000E+0
1213	423,000000E+0	8,070000E+0	14,427000E+0	199,697000E+3	12,000000E+0
1214	422,000000E+0	8,070000E+0	14,656000E+0	199,778000E+3	12,000000E+0
1215	420,000000E+0	8,070000E+0	14,656000E+0	199,861000E+3	12,000000E+0
1216	419,000000E+0	8,070000E+0	14,656000E+0	199,941000E+3	12,000000E+0
1217	422,000000E+0	8,070000E+0	14,427000E+0	200,021000E+3	12,000000E+0
1218	422,000000E+0	8,070000E+0	14,427000E+0	200,102000E+3	12,000000E+0
1219	421,000000E+0	8,070000E+0	14,427000E+0	200,183000E+3	12,000000E+0
1220	420,000000E+0	8,070000E+0	14,427000E+0	200,263000E+3	12,000000E+0
1221	419,000000E+0	8,070000E+0	14,656000E+0	200,344000E+3	12,000000E+0
1222	415,000000E+0	8,070000E+0	14,656000E+0	200,424000E+3	12,000000E+0
1223	415,000000E+0	8,070000E+0	14,656000E+0	200,504000E+3	12,000000E+0
1224	415,000000E+0	8,070000E+0	14,427000E+0	200,584000E+3	12,000000E+0
1225	414,000000E+0	8,070000E+0	14,656000E+0	200,664000E+3	12,000000E+0
1226	413,000000E+0	8,070000E+0	14,656000E+0	200,742000E+3	12,000000E+0
1227	414,000000E+0	8,070000E+0	14,656000E+0	200,820000E+3	12,000000E+0
1228	416,000000E+0	8,070000E+0	14,427000E+0	200,901000E+3	12,000000E+0
1229	415,000000E+0	8,070000E+0	14,656000E+0	200,980000E+3	12,000000E+0
1230	415,000000E+0	8,070000E+0	14,427000E+0	201,058000E+3	12,000000E+0
1231	415,000000E+0	8,070000E+0	14,427000E+0	201,138000E+3	12,000000E+0
1232	417,000000E+0	8,070000E+0	14,427000E+0	201,217000E+3	12,000000E+0
1233	419,000000E+0	8,070000E+0	14,427000E+0	201,297000E+3	12,000000E+0
1234	419,000000E+0	8,070000E+0	14,427000E+0	201,378000E+3	12,000000E+0
1235	421,000000E+0	8,070000E+0	14,427000E+0	201,458000E+3	12,000000E+0
1236	421,000000E+0	8,070000E+0	14,427000E+0	201,539000E+3	12,000000E+0
1237	422,000000E+0	8,070000E+0	14,427000E+0	201,620000E+3	12,000000E+0
1238	424,000000E+0	8,070000E+0	14,427000E+0	201,700000E+3	12,000000E+0
1239	424,000000E+0	8,070000E+0	14,656000E+0	201,782000E+3	12,000000E+0
1240	422,000000E+0	8,070000E+0	14,656000E+0	201,863000E+3	12,000000E+0
1241	422,000000E+0	8,070000E+0	14,656000E+0	201,942000E+3	12,000000E+0
1242	422,000000E+0	8,070000E+0	14,656000E+0	202,024000E+3	12,000000E+0
1243	420,000000E+0	8,070000E+0	14,656000E+0	202,106000E+3	12,000000E+0
1244	418,000000E+0	8,070000E+0	14,656000E+0	202,186000E+3	12,000000E+0
1245	417,000000E+0	8,070000E+0	14,656000E+0	202,267000E+3	12,000000E+0
1246	415,000000E+0	8,070000E+0	14,656000E+0	202,345000E+3	12,000000E+0
1247	413,000000E+0	8,070000E+0	14,656000E+0	202,427000E+3	12,000000E+0
1248	413,000000E+0	8,070000E+0	14,656000E+0	202,505000E+3	12,000000E+0
1249	412,000000E+0	8,070000E+0	14,656000E+0	202,585000E+3	12,000000E+0
