vendredi 19 janvier 2024	17:31:02	Sampling Period : 20  ms		
Unities: time [sample], PWM [raw], Current [mA], velocity [rev/min], Position [pulse], Present Input Voltage [V]

t	DXL_PWM		DXL_Current		DXL_Velocity		DXL_Position		DXL_Input_Voltage
0	0,000000E+0	0,000000E+0	0,000000E+0	830,245000E+3	12,000000E+0
1	1,000000E+0	0,000000E+0	0,000000E+0	830,245000E+3	12,000000E+0
2	885,000000E+0	234,030000E+0	687,000000E-3	830,263000E+3	12,000000E+0
3	885,000000E+0	26,900000E+0	27,251000E+0	830,424000E+3	12,000000E+0
4	885,000000E+0	24,210000E+0	29,770000E+0	830,590000E+3	12,000000E+0
5	885,000000E+0	24,210000E+0	29,999000E+0	830,758000E+3	12,000000E+0
6	885,000000E+0	24,210000E+0	29,999000E+0	830,925000E+3	12,000000E+0
7	885,000000E+0	24,210000E+0	30,228000E+0	831,091000E+3	12,000000E+0
8	885,000000E+0	24,210000E+0	30,457000E+0	831,258000E+3	12,000000E+0
9	885,000000E+0	24,210000E+0	30,686000E+0	831,425000E+3	12,000000E+0
10	885,000000E+0	24,210000E+0	30,457000E+0	831,589000E+3	12,000000E+0
11	885,000000E+0	24,210000E+0	30,457000E+0	831,757000E+3	12,000000E+0
12	885,000000E+0	24,210000E+0	30,457000E+0	831,921000E+3	12,000000E+0
13	885,000000E+0	24,210000E+0	30,228000E+0	832,087000E+3	12,000000E+0
14	885,000000E+0	21,520000E+0	29,999000E+0	832,253000E+3	12,000000E+0
15	885,000000E+0	21,520000E+0	29,999000E+0	832,416000E+3	12,000000E+0
16	885,000000E+0	21,520000E+0	29,999000E+0	832,584000E+3	12,000000E+0
17	885,000000E+0	21,520000E+0	29,999000E+0	832,751000E+3	12,000000E+0
18	885,000000E+0	21,520000E+0	30,228000E+0	832,918000E+3	12,000000E+0
19	885,000000E+0	21,520000E+0	30,228000E+0	833,084000E+3	12,000000E+0
20	885,000000E+0	21,520000E+0	30,457000E+0	833,250000E+3	12,000000E+0
21	885,000000E+0	21,520000E+0	30,915000E+0	833,418000E+3	12,000000E+0
22	885,000000E+0	21,520000E+0	30,915000E+0	833,585000E+3	12,000000E+0
23	885,000000E+0	21,520000E+0	30,915000E+0	833,753000E+3	12,000000E+0
24	885,000000E+0	21,520000E+0	30,915000E+0	833,916000E+3	12,000000E+0
25	885,000000E+0	21,520000E+0	30,457000E+0	834,084000E+3	12,000000E+0
26	885,000000E+0	21,520000E+0	30,228000E+0	834,251000E+3	12,000000E+0
27	885,000000E+0	21,520000E+0	30,228000E+0	834,416000E+3	12,000000E+0
28	885,000000E+0	21,520000E+0	29,999000E+0	834,582000E+3	12,000000E+0
29	885,000000E+0	21,520000E+0	30,228000E+0	834,751000E+3	12,000000E+0
30	885,000000E+0	21,520000E+0	29,999000E+0	834,917000E+3	12,000000E+0
31	885,000000E+0	21,520000E+0	30,228000E+0	835,085000E+3	12,000000E+0
32	885,000000E+0	21,520000E+0	30,457000E+0	835,250000E+3	12,000000E+0
33	885,000000E+0	21,520000E+0	30,457000E+0	835,416000E+3	12,000000E+0
34	885,000000E+0	21,520000E+0	30,686000E+0	835,586000E+3	12,000000E+0
35	885,000000E+0	21,520000E+0	30,457000E+0	835,749000E+3	12,000000E+0
36	885,000000E+0	21,520000E+0	30,457000E+0	835,916000E+3	12,000000E+0
37	885,000000E+0	21,520000E+0	30,457000E+0	836,081000E+3	12,000000E+0
38	885,000000E+0	21,520000E+0	30,228000E+0	836,247000E+3	12,000000E+0
39	885,000000E+0	21,520000E+0	29,999000E+0	836,438000E+3	12,000000E+0
40	885,000000E+0	21,520000E+0	29,999000E+0	836,620000E+3	12,000000E+0
41	885,000000E+0	21,520000E+0	29,999000E+0	836,827000E+3	12,000000E+0
42	885,000000E+0	21,520000E+0	30,228000E+0	837,037000E+3	12,000000E+0
43	885,000000E+0	21,520000E+0	30,457000E+0	837,203000E+3	12,000000E+0
44	885,000000E+0	21,520000E+0	30,686000E+0	837,369000E+3	12,000000E+0
45	885,000000E+0	21,520000E+0	30,686000E+0	837,537000E+3	12,000000E+0
46	885,000000E+0	21,520000E+0	30,915000E+0	837,706000E+3	12,000000E+0
47	885,000000E+0	21,520000E+0	30,915000E+0	837,871000E+3	12,000000E+0
48	885,000000E+0	21,520000E+0	30,915000E+0	838,036000E+3	12,000000E+0
49	885,000000E+0	21,520000E+0	30,686000E+0	838,204000E+3	12,000000E+0
50	885,000000E+0	21,520000E+0	30,228000E+0	838,372000E+3	12,000000E+0
51	885,000000E+0	21,520000E+0	29,999000E+0	838,536000E+3	12,000000E+0
52	885,000000E+0	21,520000E+0	29,999000E+0	838,704000E+3	12,000000E+0
53	885,000000E+0	21,520000E+0	30,228000E+0	838,871000E+3	12,000000E+0
54	885,000000E+0	21,520000E+0	29,999000E+0	839,038000E+3	12,000000E+0
55	885,000000E+0	21,520000E+0	30,228000E+0	839,207000E+3	12,000000E+0
56	885,000000E+0	21,520000E+0	30,457000E+0	839,372000E+3	12,000000E+0
57	885,000000E+0	21,520000E+0	30,686000E+0	839,538000E+3	12,000000E+0
58	885,000000E+0	21,520000E+0	30,457000E+0	839,704000E+3	12,000000E+0
59	885,000000E+0	21,520000E+0	30,457000E+0	839,870000E+3	12,000000E+0
60	885,000000E+0	21,520000E+0	30,457000E+0	840,036000E+3	12,000000E+0
61	885,000000E+0	21,520000E+0	30,228000E+0	840,202000E+3	12,000000E+0
62	885,000000E+0	21,520000E+0	30,228000E+0	840,368000E+3	12,000000E+0
63	885,000000E+0	21,520000E+0	29,999000E+0	840,534000E+3	12,000000E+0
64	885,000000E+0	21,520000E+0	29,770000E+0	840,699000E+3	12,000000E+0
65	885,000000E+0	21,520000E+0	30,228000E+0	840,866000E+3	12,000000E+0
66	885,000000E+0	21,520000E+0	30,228000E+0	841,033000E+3	12,000000E+0
67	885,000000E+0	21,520000E+0	30,228000E+0	841,200000E+3	12,000000E+0
68	885,000000E+0	18,830000E+0	30,686000E+0	841,366000E+3	12,000000E+0
69	885,000000E+0	18,830000E+0	30,686000E+0	841,533000E+3	12,000000E+0
70	885,000000E+0	18,830000E+0	30,915000E+0	841,700000E+3	12,000000E+0
71	885,000000E+0	21,520000E+0	30,915000E+0	841,868000E+3	12,000000E+0
72	885,000000E+0	18,830000E+0	30,915000E+0	842,034000E+3	12,000000E+0
73	885,000000E+0	18,830000E+0	30,686000E+0	842,201000E+3	12,000000E+0
74	885,000000E+0	21,520000E+0	30,457000E+0	842,368000E+3	12,000000E+0
75	885,000000E+0	21,520000E+0	30,228000E+0	842,534000E+3	12,000000E+0
76	885,000000E+0	21,520000E+0	29,999000E+0	842,700000E+3	12,000000E+0
77	885,000000E+0	18,830000E+0	29,999000E+0	842,867000E+3	12,000000E+0
78	885,000000E+0	21,520000E+0	30,228000E+0	843,035000E+3	12,000000E+0
79	885,000000E+0	21,520000E+0	30,228000E+0	843,202000E+3	12,000000E+0
80	885,000000E+0	21,520000E+0	30,228000E+0	843,369000E+3	12,000000E+0
81	885,000000E+0	18,830000E+0	30,457000E+0	843,537000E+3	12,000000E+0
82	885,000000E+0	18,830000E+0	30,457000E+0	843,704000E+3	12,000000E+0
83	885,000000E+0	18,830000E+0	30,686000E+0	843,869000E+3	12,000000E+0
84	885,000000E+0	18,830000E+0	30,457000E+0	844,034000E+3	12,000000E+0
85	885,000000E+0	18,830000E+0	30,457000E+0	844,201000E+3	12,000000E+0
86	885,000000E+0	18,830000E+0	30,228000E+0	844,367000E+3	12,000000E+0
87	885,000000E+0	18,830000E+0	30,228000E+0	844,533000E+3	12,000000E+0
88	885,000000E+0	18,830000E+0	29,999000E+0	844,699000E+3	12,000000E+0
89	885,000000E+0	18,830000E+0	29,999000E+0	844,864000E+3	12,000000E+0
90	885,000000E+0	18,830000E+0	29,999000E+0	845,033000E+3	12,000000E+0
91	885,000000E+0	18,830000E+0	30,228000E+0	845,199000E+3	12,000000E+0
92	885,000000E+0	18,830000E+0	30,457000E+0	845,365000E+3	12,000000E+0
93	885,000000E+0	18,830000E+0	30,686000E+0	845,532000E+3	12,000000E+0
94	885,000000E+0	18,830000E+0	30,915000E+0	845,700000E+3	12,000000E+0
95	885,000000E+0	18,830000E+0	30,915000E+0	845,867000E+3	12,000000E+0
96	885,000000E+0	18,830000E+0	30,915000E+0	846,035000E+3	12,000000E+0
97	885,000000E+0	18,830000E+0	30,915000E+0	846,199000E+3	12,000000E+0
98	885,000000E+0	18,830000E+0	30,686000E+0	846,366000E+3	12,000000E+0
99	885,000000E+0	18,830000E+0	30,228000E+0	846,534000E+3	12,000000E+0
100	885,000000E+0	21,520000E+0	30,228000E+0	846,701000E+3	12,000000E+0
101	885,000000E+0	18,830000E+0	29,999000E+0	846,868000E+3	12,000000E+0
102	885,000000E+0	18,830000E+0	29,999000E+0	847,036000E+3	12,000000E+0
103	885,000000E+0	18,830000E+0	30,228000E+0	847,202000E+3	12,000000E+0
104	885,000000E+0	18,830000E+0	30,228000E+0	847,371000E+3	12,000000E+0
105	885,000000E+0	18,830000E+0	30,228000E+0	847,536000E+3	12,000000E+0
106	885,000000E+0	18,830000E+0	30,457000E+0	847,700000E+3	12,000000E+0
107	885,000000E+0	18,830000E+0	30,686000E+0	847,870000E+3	12,000000E+0
108	885,000000E+0	18,830000E+0	30,686000E+0	848,035000E+3	12,000000E+0
109	885,000000E+0	18,830000E+0	30,457000E+0	848,202000E+3	12,000000E+0
110	885,000000E+0	18,830000E+0	30,457000E+0	848,367000E+3	12,000000E+0
111	885,000000E+0	18,830000E+0	30,228000E+0	848,533000E+3	12,000000E+0
112	885,000000E+0	18,830000E+0	29,999000E+0	848,700000E+3	12,000000E+0
113	885,000000E+0	18,830000E+0	29,999000E+0	848,866000E+3	12,000000E+0
114	885,000000E+0	18,830000E+0	29,999000E+0	849,031000E+3	12,000000E+0
115	885,000000E+0	18,830000E+0	29,999000E+0	849,200000E+3	12,000000E+0
116	885,000000E+0	18,830000E+0	30,228000E+0	849,365000E+3	12,000000E+0
117	885,000000E+0	18,830000E+0	30,686000E+0	849,531000E+3	12,000000E+0
118	885,000000E+0	18,830000E+0	30,915000E+0	849,699000E+3	12,000000E+0
119	885,000000E+0	18,830000E+0	30,915000E+0	849,869000E+3	12,000000E+0
120	885,000000E+0	18,830000E+0	30,915000E+0	850,032000E+3	12,000000E+0
121	885,000000E+0	18,830000E+0	30,915000E+0	850,200000E+3	12,000000E+0
122	885,000000E+0	18,830000E+0	30,686000E+0	850,365000E+3	12,000000E+0
123	885,000000E+0	18,830000E+0	30,457000E+0	850,535000E+3	12,000000E+0
124	885,000000E+0	18,830000E+0	30,457000E+0	850,702000E+3	12,000000E+0
125	885,000000E+0	18,830000E+0	29,999000E+0	850,870000E+3	12,000000E+0
126	885,000000E+0	18,830000E+0	29,999000E+0	851,037000E+3	12,000000E+0
127	885,000000E+0	18,830000E+0	29,999000E+0	851,203000E+3	12,000000E+0
128	885,000000E+0	18,830000E+0	29,999000E+0	851,370000E+3	12,000000E+0
129	885,000000E+0	18,830000E+0	30,457000E+0	851,537000E+3	12,000000E+0
130	885,000000E+0	18,830000E+0	30,457000E+0	851,705000E+3	12,000000E+0
131	885,000000E+0	18,830000E+0	30,457000E+0	851,870000E+3	12,000000E+0
132	885,000000E+0	18,830000E+0	30,686000E+0	852,036000E+3	12,000000E+0
133	885,000000E+0	18,830000E+0	30,686000E+0	852,202000E+3	12,000000E+0
134	885,000000E+0	18,830000E+0	30,457000E+0	852,368000E+3	12,000000E+0
135	885,000000E+0	18,830000E+0	30,228000E+0	852,534000E+3	12,000000E+0
136	885,000000E+0	18,830000E+0	30,228000E+0	852,699000E+3	12,000000E+0
137	885,000000E+0	18,830000E+0	29,999000E+0	852,865000E+3	12,000000E+0
138	885,000000E+0	18,830000E+0	29,999000E+0	853,034000E+3	12,000000E+0
139	885,000000E+0	18,830000E+0	30,228000E+0	853,198000E+3	12,000000E+0
140	885,000000E+0	18,830000E+0	30,228000E+0	853,366000E+3	12,000000E+0
141	885,000000E+0	18,830000E+0	30,228000E+0	853,533000E+3	12,000000E+0
142	885,000000E+0	18,830000E+0	30,686000E+0	853,701000E+3	12,000000E+0
143	885,000000E+0	18,830000E+0	30,915000E+0	853,868000E+3	12,000000E+0
144	885,000000E+0	18,830000E+0	31,144000E+0	854,036000E+3	12,000000E+0
145	885,000000E+0	18,830000E+0	30,915000E+0	854,202000E+3	12,000000E+0
146	885,000000E+0	18,830000E+0	30,686000E+0	854,367000E+3	12,000000E+0
147	885,000000E+0	18,830000E+0	30,686000E+0	854,535000E+3	12,000000E+0
148	885,000000E+0	18,830000E+0	30,457000E+0	854,703000E+3	12,000000E+0
149	885,000000E+0	18,830000E+0	30,457000E+0	854,871000E+3	12,000000E+0
150	885,000000E+0	18,830000E+0	29,999000E+0	855,039000E+3	12,000000E+0
151	885,000000E+0	18,830000E+0	29,999000E+0	855,204000E+3	12,000000E+0
152	885,000000E+0	18,830000E+0	29,999000E+0	855,371000E+3	12,000000E+0
153	885,000000E+0	18,830000E+0	29,999000E+0	855,538000E+3	12,000000E+0
154	885,000000E+0	18,830000E+0	30,228000E+0	855,704000E+3	12,000000E+0
155	885,000000E+0	18,830000E+0	30,686000E+0	855,870000E+3	12,000000E+0
156	885,000000E+0	18,830000E+0	30,686000E+0	856,038000E+3	12,000000E+0
157	885,000000E+0	18,830000E+0	30,686000E+0	856,202000E+3	12,000000E+0
158	885,000000E+0	18,830000E+0	30,686000E+0	856,370000E+3	12,000000E+0
159	885,000000E+0	18,830000E+0	30,457000E+0	856,535000E+3	12,000000E+0
160	885,000000E+0	18,830000E+0	30,228000E+0	856,703000E+3	12,000000E+0
161	885,000000E+0	18,830000E+0	29,999000E+0	856,869000E+3	12,000000E+0
162	885,000000E+0	18,830000E+0	29,999000E+0	857,034000E+3	12,000000E+0
163	885,000000E+0	18,830000E+0	29,999000E+0	857,201000E+3	12,000000E+0
164	885,000000E+0	18,830000E+0	30,228000E+0	857,368000E+3	12,000000E+0
165	885,000000E+0	18,830000E+0	30,457000E+0	857,537000E+3	12,000000E+0
166	885,000000E+0	18,830000E+0	30,457000E+0	857,702000E+3	12,000000E+0
167	885,000000E+0	18,830000E+0	30,686000E+0	857,867000E+3	12,000000E+0
168	885,000000E+0	18,830000E+0	30,915000E+0	858,034000E+3	12,000000E+0
169	885,000000E+0	18,830000E+0	30,915000E+0	858,203000E+3	12,000000E+0
170	885,000000E+0	18,830000E+0	30,915000E+0	858,370000E+3	12,000000E+0
171	885,000000E+0	18,830000E+0	30,915000E+0	858,536000E+3	12,000000E+0
172	885,000000E+0	18,830000E+0	30,686000E+0	858,703000E+3	12,000000E+0
173	885,000000E+0	18,830000E+0	30,228000E+0	858,872000E+3	12,000000E+0
174	885,000000E+0	18,830000E+0	30,228000E+0	859,037000E+3	12,000000E+0
175	885,000000E+0	18,830000E+0	29,999000E+0	859,205000E+3	12,000000E+0
176	885,000000E+0	18,830000E+0	29,999000E+0	859,372000E+3	12,000000E+0
177	885,000000E+0	18,830000E+0	29,999000E+0	859,538000E+3	12,000000E+0
178	885,000000E+0	18,830000E+0	30,228000E+0	859,706000E+3	12,000000E+0
179	885,000000E+0	18,830000E+0	30,457000E+0	859,873000E+3	12,000000E+0
180	885,000000E+0	18,830000E+0	30,686000E+0	860,039000E+3	12,000000E+0
181	885,000000E+0	18,830000E+0	30,686000E+0	860,206000E+3	12,000000E+0
182	885,000000E+0	18,830000E+0	30,686000E+0	860,373000E+3	12,000000E+0
183	885,000000E+0	18,830000E+0	30,686000E+0	860,539000E+3	12,000000E+0
184	885,000000E+0	18,830000E+0	30,228000E+0	860,703000E+3	12,000000E+0
185	885,000000E+0	18,830000E+0	30,228000E+0	860,870000E+3	12,000000E+0
186	885,000000E+0	18,830000E+0	29,999000E+0	861,034000E+3	12,000000E+0
187	885,000000E+0	18,830000E+0	29,999000E+0	861,201000E+3	12,000000E+0
188	885,000000E+0	18,830000E+0	30,228000E+0	861,368000E+3	12,000000E+0
189	885,000000E+0	18,830000E+0	30,228000E+0	861,537000E+3	12,000000E+0
190	885,000000E+0	18,830000E+0	30,457000E+0	861,704000E+3	12,000000E+0
191	885,000000E+0	18,830000E+0	30,686000E+0	861,871000E+3	12,000000E+0
192	885,000000E+0	18,830000E+0	30,686000E+0	862,038000E+3	12,000000E+0
193	885,000000E+0	18,830000E+0	30,915000E+0	862,204000E+3	12,000000E+0
194	885,000000E+0	18,830000E+0	31,144000E+0	862,372000E+3	12,000000E+0
195	885,000000E+0	18,830000E+0	30,915000E+0	862,538000E+3	12,000000E+0
196	885,000000E+0	18,830000E+0	30,686000E+0	862,704000E+3	12,000000E+0
197	885,000000E+0	18,830000E+0	30,457000E+0	862,872000E+3	12,000000E+0
198	885,000000E+0	18,830000E+0	30,228000E+0	863,039000E+3	12,000000E+0
199	885,000000E+0	18,830000E+0	29,999000E+0	863,206000E+3	12,000000E+0
200	885,000000E+0	18,830000E+0	29,999000E+0	863,373000E+3	12,000000E+0
201	885,000000E+0	18,830000E+0	29,999000E+0	863,541000E+3	12,000000E+0
202	885,000000E+0	18,830000E+0	29,999000E+0	863,707000E+3	12,000000E+0
203	885,000000E+0	18,830000E+0	30,457000E+0	863,875000E+3	12,000000E+0
204	885,000000E+0	18,830000E+0	30,457000E+0	864,042000E+3	12,000000E+0
205	885,000000E+0	18,830000E+0	30,686000E+0	864,209000E+3	12,000000E+0
206	885,000000E+0	18,830000E+0	30,686000E+0	864,372000E+3	12,000000E+0
207	885,000000E+0	18,830000E+0	30,686000E+0	864,541000E+3	12,000000E+0
208	885,000000E+0	18,830000E+0	30,457000E+0	864,706000E+3	12,000000E+0
209	885,000000E+0	18,830000E+0	30,228000E+0	864,874000E+3	12,000000E+0
210	885,000000E+0	18,830000E+0	29,999000E+0	865,037000E+3	12,000000E+0
211	885,000000E+0	18,830000E+0	29,999000E+0	865,205000E+3	12,000000E+0
212	885,000000E+0	18,830000E+0	29,999000E+0	865,370000E+3	12,000000E+0
213	885,000000E+0	18,830000E+0	30,228000E+0	865,538000E+3	12,000000E+0
214	885,000000E+0	18,830000E+0	30,228000E+0	865,706000E+3	12,000000E+0
215	885,000000E+0	18,830000E+0	30,457000E+0	865,872000E+3	12,000000E+0
216	885,000000E+0	18,830000E+0	30,686000E+0	866,039000E+3	12,000000E+0
217	885,000000E+0	18,830000E+0	30,915000E+0	866,207000E+3	12,000000E+0
218	885,000000E+0	18,830000E+0	30,915000E+0	866,374000E+3	12,000000E+0
219	885,000000E+0	18,830000E+0	31,144000E+0	866,541000E+3	12,000000E+0
220	885,000000E+0	18,830000E+0	30,915000E+0	866,707000E+3	12,000000E+0
221	885,000000E+0	18,830000E+0	30,686000E+0	866,874000E+3	12,000000E+0
222	885,000000E+0	18,830000E+0	30,228000E+0	867,043000E+3	12,000000E+0
223	885,000000E+0	18,830000E+0	29,999000E+0	867,208000E+3	12,000000E+0
224	885,000000E+0	18,830000E+0	29,999000E+0	867,375000E+3	12,000000E+0
225	885,000000E+0	18,830000E+0	30,228000E+0	867,544000E+3	12,000000E+0
226	885,000000E+0	18,830000E+0	30,228000E+0	867,709000E+3	12,000000E+0
227	885,000000E+0	18,830000E+0	30,228000E+0	867,877000E+3	12,000000E+0
228	885,000000E+0	18,830000E+0	30,457000E+0	868,044000E+3	12,000000E+0
229	885,000000E+0	18,830000E+0	30,686000E+0	868,211000E+3	12,000000E+0
230	885,000000E+0	18,830000E+0	30,686000E+0	868,379000E+3	12,000000E+0
231	885,000000E+0	18,830000E+0	30,686000E+0	868,544000E+3	12,000000E+0
232	885,000000E+0	18,830000E+0	30,686000E+0	868,710000E+3	12,000000E+0
233	885,000000E+0	18,830000E+0	30,457000E+0	868,875000E+3	12,000000E+0
234	885,000000E+0	18,830000E+0	30,228000E+0	869,043000E+3	12,000000E+0
235	885,000000E+0	18,830000E+0	30,228000E+0	869,209000E+3	12,000000E+0
236	885,000000E+0	18,830000E+0	29,999000E+0	869,374000E+3	12,000000E+0
237	885,000000E+0	18,830000E+0	29,999000E+0	869,542000E+3	12,000000E+0
238	885,000000E+0	18,830000E+0	30,228000E+0	869,708000E+3	12,000000E+0
239	885,000000E+0	18,830000E+0	30,457000E+0	869,880000E+3	12,000000E+0
240	885,000000E+0	18,830000E+0	30,457000E+0	870,042000E+3	12,000000E+0
241	885,000000E+0	18,830000E+0	30,915000E+0	870,210000E+3	12,000000E+0
242	885,000000E+0	18,830000E+0	30,915000E+0	870,376000E+3	12,000000E+0
243	885,000000E+0	18,830000E+0	30,915000E+0	870,543000E+3	12,000000E+0
244	885,000000E+0	18,830000E+0	30,915000E+0	870,711000E+3	12,000000E+0
245	885,000000E+0	18,830000E+0	30,686000E+0	870,877000E+3	12,000000E+0
246	885,000000E+0	18,830000E+0	30,457000E+0	871,046000E+3	12,000000E+0
247	885,000000E+0	18,830000E+0	30,228000E+0	871,211000E+3	12,000000E+0
248	885,000000E+0	18,830000E+0	29,999000E+0	871,378000E+3	12,000000E+0
249	885,000000E+0	18,830000E+0	29,999000E+0	871,546000E+3	12,000000E+0
250	885,000000E+0	18,830000E+0	29,999000E+0	871,713000E+3	12,000000E+0
251	885,000000E+0	18,830000E+0	30,228000E+0	871,879000E+3	12,000000E+0
252	885,000000E+0	18,830000E+0	30,457000E+0	872,048000E+3	12,000000E+0
253	885,000000E+0	18,830000E+0	30,457000E+0	872,214000E+3	12,000000E+0
254	885,000000E+0	18,830000E+0	30,686000E+0	872,382000E+3	12,000000E+0
255	885,000000E+0	18,830000E+0	30,686000E+0	872,545000E+3	12,000000E+0
256	885,000000E+0	18,830000E+0	30,457000E+0	872,712000E+3	12,000000E+0
257	885,000000E+0	18,830000E+0	30,457000E+0	872,879000E+3	12,000000E+0
258	885,000000E+0	18,830000E+0	30,228000E+0	873,045000E+3	12,000000E+0
259	885,000000E+0	18,830000E+0	30,228000E+0	873,212000E+3	12,000000E+0
260	885,000000E+0	18,830000E+0	29,999000E+0	873,378000E+3	12,000000E+0
261	885,000000E+0	18,830000E+0	29,999000E+0	873,547000E+3	12,000000E+0
262	885,000000E+0	18,830000E+0	30,228000E+0	873,713000E+3	12,000000E+0
263	885,000000E+0	18,830000E+0	30,228000E+0	873,879000E+3	12,000000E+0
264	885,000000E+0	18,830000E+0	30,457000E+0	874,045000E+3	12,000000E+0
265	885,000000E+0	18,830000E+0	30,686000E+0	874,212000E+3	12,000000E+0
266	885,000000E+0	18,830000E+0	30,915000E+0	874,380000E+3	12,000000E+0
267	885,000000E+0	18,830000E+0	31,144000E+0	874,549000E+3	12,000000E+0
268	885,000000E+0	18,830000E+0	30,915000E+0	874,716000E+3	12,000000E+0
269	885,000000E+0	18,830000E+0	30,686000E+0	874,880000E+3	12,000000E+0
270	885,000000E+0	18,830000E+0	30,686000E+0	875,048000E+3	12,000000E+0
271	885,000000E+0	18,830000E+0	30,228000E+0	875,216000E+3	12,000000E+0
272	885,000000E+0	18,830000E+0	30,228000E+0	875,380000E+3	12,000000E+0
273	885,000000E+0	18,830000E+0	29,999000E+0	875,549000E+3	12,000000E+0
274	885,000000E+0	18,830000E+0	30,228000E+0	875,716000E+3	12,000000E+0
275	885,000000E+0	18,830000E+0	30,228000E+0	875,884000E+3	12,000000E+0
276	885,000000E+0	18,830000E+0	30,228000E+0	876,051000E+3	12,000000E+0
277	885,000000E+0	18,830000E+0	30,457000E+0	876,218000E+3	12,000000E+0
278	885,000000E+0	18,830000E+0	30,457000E+0	876,385000E+3	12,000000E+0
279	885,000000E+0	18,830000E+0	30,457000E+0	876,552000E+3	12,000000E+0
280	885,000000E+0	18,830000E+0	30,686000E+0	876,718000E+3	12,000000E+0
281	885,000000E+0	18,830000E+0	30,457000E+0	876,884000E+3	12,000000E+0
282	885,000000E+0	18,830000E+0	30,228000E+0	877,049000E+3	12,000000E+0
283	885,000000E+0	18,830000E+0	30,228000E+0	877,215000E+3	12,000000E+0
284	885,000000E+0	18,830000E+0	30,228000E+0	877,381000E+3	12,000000E+0
285	885,000000E+0	18,830000E+0	29,999000E+0	877,547000E+3	12,000000E+0
286	885,000000E+0	18,830000E+0	30,228000E+0	877,714000E+3	12,000000E+0
287	885,000000E+0	18,830000E+0	30,228000E+0	877,883000E+3	12,000000E+0
288	885,000000E+0	18,830000E+0	30,228000E+0	878,048000E+3	12,000000E+0
289	885,000000E+0	18,830000E+0	30,457000E+0	878,215000E+3	12,000000E+0
290	885,000000E+0	18,830000E+0	30,915000E+0	878,385000E+3	12,000000E+0
291	885,000000E+0	18,830000E+0	30,915000E+0	878,552000E+3	12,000000E+0
292	885,000000E+0	18,830000E+0	31,144000E+0	878,717000E+3	12,000000E+0
293	885,000000E+0	18,830000E+0	30,915000E+0	878,884000E+3	12,000000E+0
294	885,000000E+0	18,830000E+0	30,686000E+0	879,049000E+3	12,000000E+0
295	885,000000E+0	18,830000E+0	30,457000E+0	879,219000E+3	12,000000E+0
296	885,000000E+0	18,830000E+0	30,228000E+0	879,386000E+3	12,000000E+0
297	885,000000E+0	18,830000E+0	30,228000E+0	879,550000E+3	12,000000E+0
298	885,000000E+0	18,830000E+0	30,228000E+0	879,719000E+3	12,000000E+0
299	885,000000E+0	18,830000E+0	30,228000E+0	879,886000E+3	12,000000E+0
300	885,000000E+0	18,830000E+0	30,228000E+0	880,054000E+3	12,000000E+0
301	885,000000E+0	18,830000E+0	30,228000E+0	880,220000E+3	12,000000E+0
302	885,000000E+0	18,830000E+0	30,457000E+0	880,388000E+3	12,000000E+0
303	885,000000E+0	18,830000E+0	30,686000E+0	880,555000E+3	12,000000E+0
304	885,000000E+0	18,830000E+0	30,457000E+0	880,721000E+3	12,000000E+0
305	885,000000E+0	18,830000E+0	30,686000E+0	880,888000E+3	12,000000E+0
306	885,000000E+0	18,830000E+0	30,457000E+0	881,053000E+3	12,000000E+0
307	885,000000E+0	18,830000E+0	30,228000E+0	881,217000E+3	12,000000E+0
308	885,000000E+0	18,830000E+0	30,228000E+0	881,385000E+3	12,000000E+0
309	885,000000E+0	18,830000E+0	29,999000E+0	881,551000E+3	12,000000E+0
310	885,000000E+0	18,830000E+0	29,999000E+0	881,718000E+3	12,000000E+0
311	885,000000E+0	18,830000E+0	30,228000E+0	881,884000E+3	12,000000E+0
312	885,000000E+0	18,830000E+0	30,228000E+0	882,052000E+3	12,000000E+0
313	885,000000E+0	18,830000E+0	30,457000E+0	882,218000E+3	12,000000E+0
314	885,000000E+0	18,830000E+0	30,686000E+0	882,384000E+3	12,000000E+0
315	885,000000E+0	18,830000E+0	30,915000E+0	882,553000E+3	12,000000E+0
316	885,000000E+0	18,830000E+0	31,144000E+0	882,722000E+3	12,000000E+0
317	885,000000E+0	18,830000E+0	30,915000E+0	882,888000E+3	12,000000E+0
318	885,000000E+0	18,830000E+0	30,915000E+0	883,055000E+3	12,000000E+0
319	885,000000E+0	18,830000E+0	30,686000E+0	883,219000E+3	12,000000E+0
320	885,000000E+0	18,830000E+0	30,228000E+0	883,386000E+3	12,000000E+0
321	885,000000E+0	18,830000E+0	30,228000E+0	883,554000E+3	12,000000E+0
322	885,000000E+0	18,830000E+0	30,228000E+0	883,723000E+3	12,000000E+0
323	885,000000E+0	18,830000E+0	30,228000E+0	883,891000E+3	12,000000E+0
324	885,000000E+0	18,830000E+0	29,999000E+0	884,058000E+3	12,000000E+0
325	885,000000E+0	18,830000E+0	30,228000E+0	884,225000E+3	12,000000E+0
326	885,000000E+0	18,830000E+0	30,457000E+0	884,391000E+3	12,000000E+0
327	885,000000E+0	18,830000E+0	30,457000E+0	884,557000E+3	12,000000E+0
328	885,000000E+0	18,830000E+0	30,686000E+0	884,726000E+3	12,000000E+0
329	885,000000E+0	18,830000E+0	30,686000E+0	884,889000E+3	12,000000E+0
330	885,000000E+0	18,830000E+0	30,686000E+0	885,056000E+3	12,000000E+0
331	885,000000E+0	18,830000E+0	30,686000E+0	885,223000E+3	12,000000E+0
332	885,000000E+0	18,830000E+0	30,228000E+0	885,389000E+3	12,000000E+0
333	885,000000E+0	18,830000E+0	29,999000E+0	885,554000E+3	12,000000E+0
334	885,000000E+0	18,830000E+0	29,999000E+0	885,721000E+3	12,000000E+0
335	885,000000E+0	18,830000E+0	30,228000E+0	885,889000E+3	12,000000E+0
336	885,000000E+0	18,830000E+0	30,228000E+0	886,056000E+3	12,000000E+0
337	885,000000E+0	18,830000E+0	30,228000E+0	886,222000E+3	12,000000E+0
338	885,000000E+0	18,830000E+0	30,686000E+0	886,390000E+3	12,000000E+0
339	885,000000E+0	18,830000E+0	30,915000E+0	886,556000E+3	12,000000E+0
340	885,000000E+0	18,830000E+0	30,915000E+0	886,724000E+3	12,000000E+0
341	885,000000E+0	18,830000E+0	31,144000E+0	886,893000E+3	12,000000E+0
342	885,000000E+0	18,830000E+0	30,915000E+0	887,061000E+3	12,000000E+0
343	885,000000E+0	18,830000E+0	30,686000E+0	887,224000E+3	12,000000E+0
344	885,000000E+0	18,830000E+0	30,686000E+0	887,394000E+3	12,000000E+0
345	885,000000E+0	18,830000E+0	30,228000E+0	887,559000E+3	12,000000E+0
346	885,000000E+0	18,830000E+0	29,999000E+0	887,725000E+3	12,000000E+0
347	885,000000E+0	18,830000E+0	30,228000E+0	887,894000E+3	12,000000E+0
348	885,000000E+0	18,830000E+0	29,999000E+0	888,060000E+3	12,000000E+0
349	885,000000E+0	18,830000E+0	29,999000E+0	888,227000E+3	12,000000E+0
350	885,000000E+0	18,830000E+0	30,228000E+0	888,394000E+3	12,000000E+0
351	885,000000E+0	18,830000E+0	30,457000E+0	888,562000E+3	12,000000E+0
352	885,000000E+0	18,830000E+0	30,686000E+0	888,729000E+3	12,000000E+0
353	885,000000E+0	18,830000E+0	30,686000E+0	888,893000E+3	12,000000E+0
354	885,000000E+0	18,830000E+0	30,686000E+0	889,060000E+3	12,000000E+0
355	885,000000E+0	18,830000E+0	30,457000E+0	889,227000E+3	12,000000E+0
356	885,000000E+0	18,830000E+0	30,228000E+0	889,392000E+3	12,000000E+0
357	885,000000E+0	18,830000E+0	30,228000E+0	889,560000E+3	12,000000E+0
358	885,000000E+0	18,830000E+0	29,999000E+0	889,724000E+3	12,000000E+0
359	885,000000E+0	18,830000E+0	29,999000E+0	889,892000E+3	12,000000E+0
360	885,000000E+0	18,830000E+0	30,228000E+0	890,058000E+3	12,000000E+0
361	885,000000E+0	18,830000E+0	30,228000E+0	890,226000E+3	12,000000E+0
362	885,000000E+0	18,830000E+0	30,457000E+0	890,393000E+3	12,000000E+0
363	885,000000E+0	18,830000E+0	30,686000E+0	890,560000E+3	12,000000E+0
364	885,000000E+0	18,830000E+0	30,915000E+0	890,727000E+3	12,000000E+0
365	885,000000E+0	18,830000E+0	30,915000E+0	890,894000E+3	12,000000E+0
366	885,000000E+0	18,830000E+0	30,915000E+0	891,066000E+3	12,000000E+0
367	885,000000E+0	18,830000E+0	30,915000E+0	891,228000E+3	12,000000E+0
368	885,000000E+0	18,830000E+0	30,686000E+0	891,394000E+3	12,000000E+0
369	885,000000E+0	18,830000E+0	30,457000E+0	891,563000E+3	12,000000E+0
370	885,000000E+0	18,830000E+0	30,228000E+0	891,730000E+3	12,000000E+0
371	885,000000E+0	18,830000E+0	29,999000E+0	891,898000E+3	12,000000E+0
372	885,000000E+0	18,830000E+0	30,228000E+0	892,065000E+3	12,000000E+0
373	885,000000E+0	18,830000E+0	29,999000E+0	892,233000E+3	12,000000E+0
374	885,000000E+0	18,830000E+0	29,999000E+0	892,399000E+3	12,000000E+0
375	885,000000E+0	18,830000E+0	30,457000E+0	892,566000E+3	12,000000E+0
376	885,000000E+0	18,830000E+0	30,457000E+0	892,731000E+3	12,000000E+0
377	885,000000E+0	18,830000E+0	30,686000E+0	892,899000E+3	12,000000E+0
378	885,000000E+0	18,830000E+0	30,686000E+0	893,063000E+3	12,000000E+0
379	885,000000E+0	18,830000E+0	30,686000E+0	893,232000E+3	12,000000E+0
380	885,000000E+0	18,830000E+0	30,457000E+0	893,397000E+3	12,000000E+0
381	885,000000E+0	18,830000E+0	30,228000E+0	893,564000E+3	12,000000E+0
382	885,000000E+0	18,830000E+0	30,228000E+0	893,731000E+3	12,000000E+0
383	885,000000E+0	18,830000E+0	29,999000E+0	893,898000E+3	12,000000E+0
384	885,000000E+0	18,830000E+0	29,999000E+0	894,064000E+3	12,000000E+0
385	885,000000E+0	18,830000E+0	30,228000E+0	894,231000E+3	12,000000E+0
386	885,000000E+0	18,830000E+0	30,457000E+0	894,397000E+3	12,000000E+0
387	885,000000E+0	18,830000E+0	30,686000E+0	894,563000E+3	12,000000E+0
388	885,000000E+0	18,830000E+0	30,686000E+0	894,730000E+3	12,000000E+0
389	885,000000E+0	18,830000E+0	30,915000E+0	894,899000E+3	12,000000E+0
390	885,000000E+0	18,830000E+0	30,915000E+0	895,066000E+3	12,000000E+0
391	885,000000E+0	18,830000E+0	30,915000E+0	895,234000E+3	12,000000E+0
392	885,000000E+0	18,830000E+0	30,915000E+0	895,399000E+3	12,000000E+0
393	885,000000E+0	18,830000E+0	30,686000E+0	895,567000E+3	12,000000E+0
394	885,000000E+0	18,830000E+0	30,457000E+0	895,736000E+3	12,000000E+0
395	885,000000E+0	18,830000E+0	30,228000E+0	895,902000E+3	12,000000E+0
396	885,000000E+0	18,830000E+0	29,999000E+0	896,068000E+3	12,000000E+0
397	885,000000E+0	18,830000E+0	30,228000E+0	896,235000E+3	12,000000E+0
398	885,000000E+0	18,830000E+0	30,228000E+0	896,403000E+3	12,000000E+0
399	885,000000E+0	18,830000E+0	30,228000E+0	896,571000E+3	12,000000E+0
400	885,000000E+0	18,830000E+0	30,457000E+0	896,738000E+3	12,000000E+0
401	885,000000E+0	18,830000E+0	30,686000E+0	896,904000E+3	12,000000E+0
402	885,000000E+0	18,830000E+0	30,686000E+0	897,069000E+3	12,000000E+0
403	885,000000E+0	18,830000E+0	30,686000E+0	897,236000E+3	12,000000E+0
404	885,000000E+0	18,830000E+0	30,457000E+0	897,401000E+3	12,000000E+0
405	885,000000E+0	18,830000E+0	30,457000E+0	897,585000E+3	12,000000E+0
406	885,000000E+0	18,830000E+0	30,228000E+0	897,775000E+3	12,000000E+0
407	885,000000E+0	18,830000E+0	29,999000E+0	897,942000E+3	12,000000E+0
408	885,000000E+0	18,830000E+0	29,999000E+0	898,109000E+3	12,000000E+0
409	885,000000E+0	18,830000E+0	29,999000E+0	898,276000E+3	12,000000E+0
410	885,000000E+0	18,830000E+0	30,228000E+0	898,442000E+3	12,000000E+0
411	885,000000E+0	18,830000E+0	30,457000E+0	898,611000E+3	12,000000E+0
412	29,952000E+3	4,828550E+3	7,855616E+3	230,086912E+6	3,072000E+3
413	885,000000E+0	18,830000E+0	30,915000E+0	898,944000E+3	12,000000E+0
414	885,000000E+0	18,830000E+0	31,144000E+0	899,112000E+3	12,000000E+0
415	885,000000E+0	18,830000E+0	30,915000E+0	899,279000E+3	12,000000E+0
416	885,000000E+0	18,830000E+0	30,686000E+0	899,444000E+3	12,000000E+0
417	885,000000E+0	18,830000E+0	30,686000E+0	899,612000E+3	12,000000E+0
418	885,000000E+0	18,830000E+0	30,457000E+0	899,781000E+3	12,000000E+0
419	885,000000E+0	18,830000E+0	30,228000E+0	899,947000E+3	12,000000E+0
420	885,000000E+0	18,830000E+0	29,999000E+0	900,113000E+3	12,000000E+0
421	885,000000E+0	18,830000E+0	30,228000E+0	900,283000E+3	12,000000E+0
422	29,952000E+3	4,828550E+3	7,679744E+3	230,514944E+6	3,072000E+3
423	885,000000E+0	18,830000E+0	30,228000E+0	900,616000E+3	12,000000E+0
424	885,000000E+0	18,830000E+0	30,457000E+0	900,783000E+3	12,000000E+0
425	885,000000E+0	18,830000E+0	30,457000E+0	900,950000E+3	12,000000E+0
426	29,952000E+3	4,828550E+3	7,855616E+3	230,686208E+6	3,072000E+3
427	885,000000E+0	18,830000E+0	30,686000E+0	901,282000E+3	12,000000E+0
428	885,000000E+0	18,830000E+0	30,686000E+0	901,449000E+3	12,000000E+0
429	885,000000E+0	18,830000E+0	30,457000E+0	901,614000E+3	12,000000E+0
430	885,000000E+0	18,830000E+0	30,228000E+0	901,780000E+3	12,000000E+0
431	885,000000E+0	18,830000E+0	30,228000E+0	901,947000E+3	12,000000E+0
432	885,000000E+0	18,830000E+0	29,999000E+0	902,113000E+3	12,000000E+0
433	885,000000E+0	18,830000E+0	30,228000E+0	902,282000E+3	12,000000E+0
434	29,952000E+3	4,828550E+3	7,738368E+3	231,026432E+6	3,072000E+3
435	885,000000E+0	18,830000E+0	30,228000E+0	902,614000E+3	12,000000E+0
436	885,000000E+0	18,830000E+0	30,457000E+0	902,780000E+3	12,000000E+0
437	885,000000E+0	18,830000E+0	30,915000E+0	902,949000E+3	12,000000E+0
438	885,000000E+0	18,830000E+0	30,915000E+0	903,117000E+3	12,000000E+0
439	885,000000E+0	18,830000E+0	31,144000E+0	903,284000E+3	12,000000E+0
440	85,000000E+0	2,380650E+3	2,026047E+6	-920,977408E+6	1,300000E+0
441	885,000000E+0	18,830000E+0	30,686000E+0	903,618000E+3	12,000000E+0
442	885,000000E+0	18,830000E+0	30,457000E+0	903,784000E+3	12,000000E+0
443	885,000000E+0	18,830000E+0	30,457000E+0	903,952000E+3	12,000000E+0
444	885,000000E+0	18,830000E+0	30,228000E+0	904,118000E+3	12,000000E+0
445	885,000000E+0	18,830000E+0	29,999000E+0	904,287000E+3	12,000000E+0
446	85,000000E+0	2,380650E+3	1,981024E+6	-855,244800E+6	1,300000E+0
447	29,952000E+3	4,828550E+3	7,679744E+3	231,582720E+6	3,072000E+3
448	885,000000E+0	18,830000E+0	30,228000E+0	904,787000E+3	12,000000E+0
449	885,000000E+0	18,830000E+0	30,457000E+0	904,956000E+3	12,000000E+0
450	29,952000E+3	4,828550E+3	7,855616E+3	231,710720E+6	3,072000E+3
451	885,000000E+0	18,830000E+0	30,686000E+0	905,286000E+3	12,000000E+0
452	885,000000E+0	18,830000E+0	30,686000E+0	905,454000E+3	12,000000E+0
453	29,952000E+3	4,828550E+3	7,855616E+3	231,838720E+6	3,072000E+3
454	885,000000E+0	18,830000E+0	30,228000E+0	905,786000E+3	12,000000E+0
455	885,000000E+0	18,830000E+0	29,999000E+0	905,952000E+3	12,000000E+0
456	29,952000E+3	4,828550E+3	7,738368E+3	231,965952E+6	3,072000E+3
457	885,000000E+0	18,830000E+0	29,999000E+0	906,319000E+3	12,000000E+0
458	29,952000E+3	4,828550E+3	7,738368E+3	232,062720E+6	3,072000E+3
459	885,000000E+0	18,830000E+0	30,228000E+0	906,703000E+3	12,000000E+0
460	885,000000E+0	18,830000E+0	30,457000E+0	906,869000E+3	12,000000E+0
461	885,000000E+0	18,830000E+0	30,686000E+0	907,036000E+3	12,000000E+0
462	885,000000E+0	18,830000E+0	30,915000E+0	907,205000E+3	12,000000E+0
463	885,000000E+0	18,830000E+0	31,144000E+0	907,413000E+3	12,000000E+0
464	885,000000E+0	18,830000E+0	30,915000E+0	907,582000E+3	12,000000E+0
465	885,000000E+0	18,830000E+0	30,686000E+0	907,746000E+3	12,000000E+0
466	885,000000E+0	18,830000E+0	30,457000E+0	907,916000E+3	12,000000E+0
467	885,000000E+0	18,830000E+0	30,228000E+0	908,082000E+3	12,000000E+0
468	885,000000E+0	18,830000E+0	29,999000E+0	908,248000E+3	12,000000E+0
469	885,000000E+0	18,830000E+0	29,999000E+0	908,415000E+3	12,000000E+0
470	885,000000E+0	18,830000E+0	29,999000E+0	908,582000E+3	12,000000E+0
471	885,000000E+0	18,830000E+0	30,228000E+0	908,750000E+3	12,000000E+0
472	885,000000E+0	18,830000E+0	30,228000E+0	908,916000E+3	12,000000E+0
473	885,000000E+0	18,830000E+0	30,457000E+0	909,084000E+3	12,000000E+0
474	885,000000E+0	18,830000E+0	30,686000E+0	909,251000E+3	12,000000E+0
475	885,000000E+0	18,830000E+0	30,686000E+0	909,415000E+3	12,000000E+0
476	885,000000E+0	18,830000E+0	30,686000E+0	909,583000E+3	12,000000E+0
477	885,000000E+0	18,830000E+0	30,686000E+0	909,748000E+3	12,000000E+0
478	885,000000E+0	18,830000E+0	30,228000E+0	909,915000E+3	12,000000E+0
479	885,000000E+0	18,830000E+0	30,228000E+0	910,081000E+3	12,000000E+0
480	885,000000E+0	18,830000E+0	29,999000E+0	910,248000E+3	12,000000E+0
481	885,000000E+0	18,830000E+0	30,228000E+0	910,414000E+3	12,000000E+0
482	885,000000E+0	18,830000E+0	30,228000E+0	910,582000E+3	12,000000E+0
483	885,000000E+0	18,830000E+0	30,228000E+0	910,749000E+3	12,000000E+0
484	885,000000E+0	18,830000E+0	30,686000E+0	910,922000E+3	12,000000E+0
485	885,000000E+0	18,830000E+0	30,686000E+0	911,084000E+3	12,000000E+0
486	885,000000E+0	18,830000E+0	30,915000E+0	911,252000E+3	12,000000E+0
487	885,000000E+0	18,830000E+0	31,144000E+0	911,418000E+3	12,000000E+0
488	885,000000E+0	18,830000E+0	31,144000E+0	911,585000E+3	12,000000E+0
489	885,000000E+0	18,830000E+0	30,915000E+0	911,752000E+3	12,000000E+0
490	885,000000E+0	18,830000E+0	30,686000E+0	911,919000E+3	12,000000E+0
491	885,000000E+0	18,830000E+0	30,228000E+0	912,085000E+3	12,000000E+0
492	885,000000E+0	18,830000E+0	29,999000E+0	912,253000E+3	12,000000E+0
493	885,000000E+0	18,830000E+0	30,228000E+0	912,422000E+3	12,000000E+0
494	885,000000E+0	18,830000E+0	30,228000E+0	912,589000E+3	12,000000E+0
495	885,000000E+0	18,830000E+0	30,228000E+0	912,753000E+3	12,000000E+0
496	885,000000E+0	18,830000E+0	30,228000E+0	912,922000E+3	12,000000E+0
497	885,000000E+0	18,830000E+0	30,457000E+0	913,088000E+3	12,000000E+0
498	885,000000E+0	18,830000E+0	30,686000E+0	913,256000E+3	12,000000E+0
499	885,000000E+0	18,830000E+0	30,686000E+0	913,424000E+3	12,000000E+0
500	885,000000E+0	18,830000E+0	30,686000E+0	913,589000E+3	12,000000E+0
501	885,000000E+0	18,830000E+0	30,686000E+0	913,756000E+3	12,000000E+0
502	885,000000E+0	18,830000E+0	30,457000E+0	913,921000E+3	12,000000E+0
503	885,000000E+0	18,830000E+0	30,228000E+0	914,088000E+3	12,000000E+0
504	885,000000E+0	18,830000E+0	30,228000E+0	914,255000E+3	12,000000E+0
505	885,000000E+0	18,830000E+0	29,999000E+0	914,420000E+3	12,000000E+0
506	885,000000E+0	18,830000E+0	30,228000E+0	914,589000E+3	12,000000E+0
507	885,000000E+0	18,830000E+0	30,228000E+0	914,753000E+3	12,000000E+0
508	885,000000E+0	18,830000E+0	30,228000E+0	914,922000E+3	12,000000E+0
509	885,000000E+0	18,830000E+0	30,686000E+0	915,089000E+3	12,000000E+0
510	885,000000E+0	18,830000E+0	30,915000E+0	915,257000E+3	12,000000E+0
511	885,000000E+0	18,830000E+0	30,915000E+0	915,423000E+3	12,000000E+0
512	885,000000E+0	18,830000E+0	31,144000E+0	915,590000E+3	12,000000E+0
513	885,000000E+0	18,830000E+0	30,915000E+0	915,758000E+3	12,000000E+0
514	885,000000E+0	18,830000E+0	30,686000E+0	915,925000E+3	12,000000E+0
515	885,000000E+0	18,830000E+0	30,457000E+0	916,092000E+3	12,000000E+0
516	885,000000E+0	18,830000E+0	30,228000E+0	916,259000E+3	12,000000E+0
517	885,000000E+0	18,830000E+0	30,228000E+0	916,424000E+3	12,000000E+0
518	885,000000E+0	18,830000E+0	29,999000E+0	916,592000E+3	12,000000E+0
519	885,000000E+0	18,830000E+0	30,228000E+0	916,760000E+3	12,000000E+0
520	885,000000E+0	18,830000E+0	30,228000E+0	916,927000E+3	12,000000E+0
521	885,000000E+0	18,830000E+0	30,228000E+0	917,094000E+3	12,000000E+0
522	885,000000E+0	18,830000E+0	30,457000E+0	917,261000E+3	12,000000E+0
523	885,000000E+0	18,830000E+0	30,686000E+0	917,428000E+3	12,000000E+0
524	885,000000E+0	18,830000E+0	30,686000E+0	917,594000E+3	12,000000E+0
525	885,000000E+0	18,830000E+0	30,686000E+0	917,760000E+3	12,000000E+0
526	885,000000E+0	18,830000E+0	30,457000E+0	917,925000E+3	12,000000E+0
527	885,000000E+0	18,830000E+0	30,457000E+0	918,092000E+3	12,000000E+0
528	885,000000E+0	18,830000E+0	30,228000E+0	918,260000E+3	12,000000E+0
529	885,000000E+0	18,830000E+0	29,999000E+0	918,426000E+3	12,000000E+0
530	885,000000E+0	18,830000E+0	29,999000E+0	918,592000E+3	12,000000E+0
531	885,000000E+0	18,830000E+0	29,999000E+0	918,758000E+3	12,000000E+0
532	885,000000E+0	18,830000E+0	30,228000E+0	918,926000E+3	12,000000E+0
533	885,000000E+0	18,830000E+0	30,457000E+0	919,093000E+3	12,000000E+0
534	885,000000E+0	18,830000E+0	30,686000E+0	919,262000E+3	12,000000E+0
535	885,000000E+0	18,830000E+0	30,915000E+0	919,429000E+3	12,000000E+0
536	885,000000E+0	18,830000E+0	30,915000E+0	919,595000E+3	12,000000E+0
537	885,000000E+0	18,830000E+0	30,915000E+0	919,763000E+3	12,000000E+0
538	885,000000E+0	18,830000E+0	30,915000E+0	919,927000E+3	12,000000E+0
539	885,000000E+0	18,830000E+0	30,686000E+0	920,095000E+3	12,000000E+0
540	885,000000E+0	18,830000E+0	30,457000E+0	920,263000E+3	12,000000E+0
541	885,000000E+0	18,830000E+0	30,228000E+0	920,429000E+3	12,000000E+0
542	885,000000E+0	18,830000E+0	29,999000E+0	920,598000E+3	12,000000E+0
543	885,000000E+0	18,830000E+0	30,228000E+0	920,767000E+3	12,000000E+0
544	885,000000E+0	18,830000E+0	30,228000E+0	920,933000E+3	12,000000E+0
545	885,000000E+0	18,830000E+0	30,457000E+0	921,100000E+3	12,000000E+0
546	885,000000E+0	18,830000E+0	30,228000E+0	921,267000E+3	12,000000E+0
547	885,000000E+0	18,830000E+0	30,457000E+0	921,434000E+3	12,000000E+0
548	885,000000E+0	18,830000E+0	30,686000E+0	921,602000E+3	12,000000E+0
549	885,000000E+0	18,830000E+0	30,686000E+0	921,766000E+3	12,000000E+0
550	885,000000E+0	18,830000E+0	30,686000E+0	921,932000E+3	12,000000E+0
551	885,000000E+0	18,830000E+0	30,457000E+0	922,097000E+3	12,000000E+0
552	885,000000E+0	18,830000E+0	30,228000E+0	922,265000E+3	12,000000E+0
553	885,000000E+0	18,830000E+0	29,999000E+0	922,431000E+3	12,000000E+0
554	885,000000E+0	18,830000E+0	29,999000E+0	922,598000E+3	12,000000E+0
555	885,000000E+0	18,830000E+0	30,228000E+0	922,764000E+3	12,000000E+0
556	885,000000E+0	18,830000E+0	29,999000E+0	922,930000E+3	12,000000E+0
557	885,000000E+0	18,830000E+0	30,228000E+0	923,099000E+3	12,000000E+0
558	885,000000E+0	18,830000E+0	30,686000E+0	923,266000E+3	12,000000E+0
559	885,000000E+0	18,830000E+0	30,915000E+0	923,433000E+3	12,000000E+0
560	885,000000E+0	18,830000E+0	31,144000E+0	923,602000E+3	12,000000E+0
561	885,000000E+0	18,830000E+0	31,144000E+0	923,768000E+3	12,000000E+0
562	885,000000E+0	18,830000E+0	30,915000E+0	923,936000E+3	12,000000E+0
563	885,000000E+0	18,830000E+0	30,686000E+0	924,101000E+3	12,000000E+0
564	885,000000E+0	18,830000E+0	30,457000E+0	924,272000E+3	12,000000E+0
565	885,000000E+0	18,830000E+0	30,228000E+0	924,436000E+3	12,000000E+0
566	885,000000E+0	18,830000E+0	30,228000E+0	924,601000E+3	12,000000E+0
567	885,000000E+0	18,830000E+0	30,228000E+0	924,769000E+3	12,000000E+0
568	885,000000E+0	18,830000E+0	30,228000E+0	924,936000E+3	12,000000E+0
569	885,000000E+0	18,830000E+0	30,228000E+0	925,105000E+3	12,000000E+0
570	885,000000E+0	18,830000E+0	30,457000E+0	925,272000E+3	12,000000E+0
571	885,000000E+0	18,830000E+0	30,457000E+0	925,439000E+3	12,000000E+0
572	885,000000E+0	18,830000E+0	30,457000E+0	925,605000E+3	12,000000E+0
573	885,000000E+0	18,830000E+0	30,686000E+0	925,812000E+3	12,000000E+0
574	885,000000E+0	18,830000E+0	30,686000E+0	925,981000E+3	12,000000E+0
575	30,000000E+0	228,650000E+0	105,256873E+3	133,000000E+0	864,100000E+0
576	21,760000E+3	80,570880E+3	-476,405414E+6	1,744830E+9	361,800000E+0
577	85,000000E+0	2,380650E+3	1,981024E+6	588,054528E+6	1,400000E+0
578	85,000000E+0	2,380650E+3	1,966016E+6	599,064576E+6	1,400000E+0
579	29,952000E+3	4,828550E+3	7,738368E+3	237,263872E+6	3,072000E+3
580	21,760000E+3	80,570880E+3	-476,405414E+6	67,108864E+6	362,100000E+0
581	21,760000E+3	80,570880E+3	-476,405414E+6	-1,442841E+9	362,100000E+0
582	85,000000E+0	2,380650E+3	1,996032E+6	642,777088E+6	1,400000E+0
583	85,000000E+0	2,380650E+3	2,011039E+6	653,721600E+6	1,400000E+0
584	21,760000E+3	80,570880E+3	-464,879467E+6	-1,610613E+9	362,300000E+0
585	7,681000E+3	58,534400E+3	26,945759E+6	34,816000E+3	1,843200E+3
586	30,000000E+0	228,650000E+0	105,256873E+3	136,000000E+0	1,047900E+3
587	30,000000E+0	228,650000E+0	105,256873E+3	134,000000E+0	1,064300E+3
588	21,760000E+3	80,570880E+3	-468,721450E+6	989,855744E+6	362,600000E+0
589	21,760000E+3	80,570880E+3	-472,563432E+6	-452,984832E+6	362,600000E+0
590	85,000000E+0	2,380650E+3	1,966016E+6	730,398720E+6	1,400000E+0
591	21,760000E+3	80,570880E+3	-480,247397E+6	872,415232E+6	362,800000E+0
592	253,000000E+0	20,661890E+3	449,516931E+6	-2,097150E+9	0,000000E+0
593	885,000000E+0	18,830000E+0	29,999000E+0	929,151000E+3	12,000000E+0
594	85,000000E+0	2,380650E+3	1,996032E+6	774,373376E+6	1,400000E+0
595	256,000000E+0	80,700000E+0	13,281873E+6	8,716295E+6	0,000000E+0
596	29,952000E+3	4,828550E+3	7,855616E+3	237,991424E+6	3,072000E+3
597	30,000000E+0	228,650000E+0	105,256873E+3	134,000000E+0	1,231600E+3
598	85,000000E+0	2,380650E+3	2,011039E+6	818,020352E+6	1,400000E+0
599	85,000000E+0	2,380650E+3	2,011039E+6	828,899328E+6	1,400000E+0
600	30,000000E+0	228,650000E+0	105,256873E+3	133,000000E+0	1,281500E+3
601	7,681000E+3	58,534400E+3	26,945759E+6	33,792000E+3	4,582400E+3
602	885,000000E+0	18,830000E+0	30,228000E+0	930,650000E+3	12,000000E+0
603	30,000000E+0	228,650000E+0	105,256873E+3	131,000000E+0	1,331200E+3
604	29,952000E+3	4,828550E+3	7,738368E+3	238,331904E+6	3,072000E+3
605	21,760000E+3	80,570880E+3	-476,405414E+6	1,358954E+9	363,700000E+0
606	885,000000E+0	18,830000E+0	30,457000E+0	931,361000E+3	12,000000E+0
607	885,000000E+0	18,830000E+0	30,686000E+0	931,569000E+3	12,000000E+0
608	885,000000E+0	18,830000E+0	30,915000E+0	931,736000E+3	12,000000E+0
609	885,000000E+0	18,830000E+0	31,144000E+0	931,905000E+3	12,000000E+0
610	885,000000E+0	18,830000E+0	31,144000E+0	932,071000E+3	12,000000E+0
611	885,000000E+0	18,830000E+0	30,915000E+0	932,237000E+3	12,000000E+0
612	885,000000E+0	18,830000E+0	30,457000E+0	932,405000E+3	12,000000E+0
613	885,000000E+0	18,830000E+0	30,228000E+0	932,574000E+3	12,000000E+0
614	885,000000E+0	18,830000E+0	30,228000E+0	932,738000E+3	12,000000E+0
615	885,000000E+0	18,830000E+0	29,999000E+0	932,906000E+3	12,000000E+0
616	885,000000E+0	18,830000E+0	30,228000E+0	933,074000E+3	12,000000E+0
617	885,000000E+0	18,830000E+0	30,228000E+0	933,242000E+3	12,000000E+0
618	885,000000E+0	18,830000E+0	30,228000E+0	933,410000E+3	12,000000E+0
619	885,000000E+0	18,830000E+0	30,457000E+0	933,576000E+3	12,000000E+0
620	885,000000E+0	18,830000E+0	30,686000E+0	933,742000E+3	12,000000E+0
621	885,000000E+0	18,830000E+0	30,686000E+0	933,910000E+3	12,000000E+0
622	885,000000E+0	18,830000E+0	30,686000E+0	934,115000E+3	12,000000E+0
623	885,000000E+0	18,830000E+0	30,686000E+0	934,282000E+3	12,000000E+0
624	885,000000E+0	18,830000E+0	30,457000E+0	934,451000E+3	12,000000E+0
625	885,000000E+0	18,830000E+0	30,228000E+0	934,616000E+3	12,000000E+0
626	885,000000E+0	18,830000E+0	29,999000E+0	934,780000E+3	12,000000E+0
627	885,000000E+0	18,830000E+0	29,999000E+0	934,949000E+3	12,000000E+0
628	885,000000E+0	18,830000E+0	30,228000E+0	935,116000E+3	12,000000E+0
629	885,000000E+0	18,830000E+0	30,228000E+0	935,282000E+3	12,000000E+0
630	885,000000E+0	18,830000E+0	30,457000E+0	935,450000E+3	12,000000E+0
631	885,000000E+0	18,830000E+0	30,686000E+0	935,618000E+3	12,000000E+0
632	885,000000E+0	18,830000E+0	30,686000E+0	935,783000E+3	12,000000E+0
633	885,000000E+0	18,830000E+0	31,144000E+0	935,953000E+3	12,000000E+0
634	885,000000E+0	18,830000E+0	31,144000E+0	936,120000E+3	12,000000E+0
635	885,000000E+0	18,830000E+0	30,915000E+0	936,285000E+3	12,000000E+0
636	885,000000E+0	18,830000E+0	30,686000E+0	936,451000E+3	12,000000E+0
637	885,000000E+0	18,830000E+0	30,457000E+0	936,620000E+3	12,000000E+0
638	885,000000E+0	18,830000E+0	30,228000E+0	936,787000E+3	12,000000E+0
639	885,000000E+0	18,830000E+0	30,228000E+0	936,956000E+3	12,000000E+0
640	885,000000E+0	18,830000E+0	30,228000E+0	937,122000E+3	12,000000E+0
641	885,000000E+0	18,830000E+0	29,999000E+0	937,289000E+3	12,000000E+0
642	885,000000E+0	18,830000E+0	29,999000E+0	937,456000E+3	12,000000E+0
643	885,000000E+0	18,830000E+0	30,457000E+0	937,623000E+3	12,000000E+0
644	885,000000E+0	18,830000E+0	30,457000E+0	937,790000E+3	12,000000E+0
645	885,000000E+0	18,830000E+0	30,457000E+0	937,958000E+3	12,000000E+0
646	885,000000E+0	18,830000E+0	30,686000E+0	938,122000E+3	12,000000E+0
647	885,000000E+0	18,830000E+0	30,686000E+0	938,290000E+3	12,000000E+0
648	885,000000E+0	18,830000E+0	30,457000E+0	938,455000E+3	12,000000E+0
649	885,000000E+0	18,830000E+0	30,228000E+0	938,622000E+3	12,000000E+0
650	885,000000E+0	18,830000E+0	29,999000E+0	938,788000E+3	12,000000E+0
651	885,000000E+0	18,830000E+0	29,999000E+0	938,955000E+3	12,000000E+0
652	885,000000E+0	18,830000E+0	29,999000E+0	939,123000E+3	12,000000E+0
653	885,000000E+0	18,830000E+0	30,228000E+0	939,288000E+3	12,000000E+0
654	885,000000E+0	18,830000E+0	30,457000E+0	939,455000E+3	12,000000E+0
655	885,000000E+0	18,830000E+0	30,686000E+0	939,622000E+3	12,000000E+0
656	885,000000E+0	18,830000E+0	30,915000E+0	939,789000E+3	12,000000E+0
657	885,000000E+0	18,830000E+0	30,915000E+0	939,957000E+3	12,000000E+0
658	885,000000E+0	18,830000E+0	30,915000E+0	940,124000E+3	12,000000E+0
659	885,000000E+0	18,830000E+0	31,144000E+0	940,292000E+3	12,000000E+0
660	885,000000E+0	18,830000E+0	30,915000E+0	940,458000E+3	12,000000E+0
661	885,000000E+0	18,830000E+0	30,686000E+0	940,626000E+3	12,000000E+0
662	885,000000E+0	18,830000E+0	30,457000E+0	940,794000E+3	12,000000E+0
663	885,000000E+0	18,830000E+0	29,999000E+0	940,959000E+3	12,000000E+0
664	885,000000E+0	18,830000E+0	29,999000E+0	941,128000E+3	12,000000E+0
665	885,000000E+0	18,830000E+0	30,228000E+0	941,296000E+3	12,000000E+0
666	885,000000E+0	18,830000E+0	30,228000E+0	941,462000E+3	12,000000E+0
667	885,000000E+0	18,830000E+0	30,228000E+0	941,630000E+3	12,000000E+0
668	885,000000E+0	18,830000E+0	30,457000E+0	941,797000E+3	12,000000E+0
669	885,000000E+0	18,830000E+0	30,686000E+0	941,964000E+3	12,000000E+0
670	885,000000E+0	18,830000E+0	30,686000E+0	942,129000E+3	12,000000E+0
671	885,000000E+0	18,830000E+0	30,686000E+0	942,296000E+3	12,000000E+0
672	885,000000E+0	18,830000E+0	30,686000E+0	942,461000E+3	12,000000E+0
673	885,000000E+0	18,830000E+0	30,228000E+0	942,628000E+3	12,000000E+0
674	885,000000E+0	18,830000E+0	30,228000E+0	942,794000E+3	12,000000E+0
675	885,000000E+0	18,830000E+0	30,228000E+0	942,960000E+3	12,000000E+0
676	885,000000E+0	18,830000E+0	29,999000E+0	943,126000E+3	12,000000E+0
677	885,000000E+0	18,830000E+0	30,228000E+0	943,293000E+3	12,000000E+0
678	885,000000E+0	18,830000E+0	30,228000E+0	943,460000E+3	12,000000E+0
679	885,000000E+0	18,830000E+0	30,457000E+0	943,630000E+3	12,000000E+0
680	885,000000E+0	18,830000E+0	30,686000E+0	943,797000E+3	12,000000E+0
681	885,000000E+0	16,140000E+0	30,915000E+0	943,965000E+3	12,000000E+0
682	885,000000E+0	16,140000E+0	31,144000E+0	944,132000E+3	12,000000E+0
683	885,000000E+0	16,140000E+0	30,915000E+0	944,298000E+3	12,000000E+0
684	885,000000E+0	18,830000E+0	30,915000E+0	944,465000E+3	12,000000E+0
685	885,000000E+0	18,830000E+0	30,915000E+0	944,632000E+3	12,000000E+0
686	885,000000E+0	18,830000E+0	30,457000E+0	944,800000E+3	12,000000E+0
687	885,000000E+0	18,830000E+0	30,228000E+0	944,967000E+3	12,000000E+0
688	885,000000E+0	18,830000E+0	29,999000E+0	945,133000E+3	12,000000E+0
689	885,000000E+0	18,830000E+0	29,999000E+0	945,299000E+3	12,000000E+0
690	885,000000E+0	18,830000E+0	29,999000E+0	945,468000E+3	12,000000E+0
691	885,000000E+0	18,830000E+0	30,228000E+0	945,636000E+3	12,000000E+0
692	885,000000E+0	18,830000E+0	30,457000E+0	945,804000E+3	12,000000E+0
693	885,000000E+0	18,830000E+0	30,457000E+0	945,970000E+3	12,000000E+0
694	885,000000E+0	18,830000E+0	30,686000E+0	946,138000E+3	12,000000E+0
695	885,000000E+0	18,830000E+0	30,686000E+0	946,303000E+3	12,000000E+0
696	885,000000E+0	18,830000E+0	30,457000E+0	946,470000E+3	12,000000E+0
697	885,000000E+0	18,830000E+0	30,457000E+0	946,634000E+3	12,000000E+0
698	885,000000E+0	18,830000E+0	30,228000E+0	946,801000E+3	12,000000E+0
699	885,000000E+0	18,830000E+0	30,228000E+0	946,966000E+3	12,000000E+0
700	885,000000E+0	18,830000E+0	29,999000E+0	947,136000E+3	12,000000E+0
701	885,000000E+0	18,830000E+0	29,999000E+0	947,303000E+3	12,000000E+0
702	885,000000E+0	18,830000E+0	30,228000E+0	947,467000E+3	12,000000E+0
703	885,000000E+0	18,830000E+0	30,228000E+0	947,635000E+3	12,000000E+0
704	885,000000E+0	18,830000E+0	30,686000E+0	947,802000E+3	12,000000E+0
705	885,000000E+0	18,830000E+0	30,915000E+0	947,970000E+3	12,000000E+0
706	885,000000E+0	18,830000E+0	30,915000E+0	948,136000E+3	12,000000E+0
707	885,000000E+0	18,830000E+0	31,144000E+0	948,304000E+3	12,000000E+0
708	885,000000E+0	18,830000E+0	30,915000E+0	948,473000E+3	12,000000E+0
709	885,000000E+0	18,830000E+0	30,686000E+0	948,639000E+3	12,000000E+0
710	885,000000E+0	18,830000E+0	30,686000E+0	948,807000E+3	12,000000E+0
711	885,000000E+0	18,830000E+0	30,457000E+0	948,976000E+3	12,000000E+0
712	885,000000E+0	18,830000E+0	30,228000E+0	949,141000E+3	12,000000E+0
713	885,000000E+0	18,830000E+0	29,999000E+0	949,308000E+3	12,000000E+0
714	885,000000E+0	18,830000E+0	29,999000E+0	949,477000E+3	12,000000E+0
715	885,000000E+0	18,830000E+0	30,228000E+0	949,643000E+3	12,000000E+0
716	885,000000E+0	18,830000E+0	30,228000E+0	949,809000E+3	12,000000E+0
717	885,000000E+0	18,830000E+0	30,457000E+0	949,976000E+3	12,000000E+0
718	885,000000E+0	18,830000E+0	30,686000E+0	950,145000E+3	12,000000E+0
719	885,000000E+0	18,830000E+0	30,686000E+0	950,309000E+3	12,000000E+0
720	885,000000E+0	18,830000E+0	30,686000E+0	950,479000E+3	12,000000E+0
721	885,000000E+0	18,830000E+0	30,686000E+0	950,642000E+3	12,000000E+0
722	885,000000E+0	18,830000E+0	30,228000E+0	950,809000E+3	12,000000E+0
723	885,000000E+0	18,830000E+0	30,228000E+0	950,975000E+3	12,000000E+0
724	885,000000E+0	18,830000E+0	29,999000E+0	951,141000E+3	12,000000E+0
725	885,000000E+0	18,830000E+0	29,999000E+0	951,307000E+3	12,000000E+0
726	885,000000E+0	18,830000E+0	30,228000E+0	951,475000E+3	12,000000E+0
727	885,000000E+0	18,830000E+0	30,228000E+0	951,642000E+3	12,000000E+0
728	885,000000E+0	18,830000E+0	30,457000E+0	951,811000E+3	12,000000E+0
729	885,000000E+0	18,830000E+0	30,686000E+0	951,977000E+3	12,000000E+0
730	885,000000E+0	18,830000E+0	30,915000E+0	952,145000E+3	12,000000E+0
731	885,000000E+0	18,830000E+0	31,144000E+0	952,313000E+3	12,000000E+0
732	885,000000E+0	18,830000E+0	31,144000E+0	952,479000E+3	12,000000E+0
733	885,000000E+0	18,830000E+0	30,915000E+0	952,649000E+3	12,000000E+0
734	885,000000E+0	18,830000E+0	30,686000E+0	952,812000E+3	12,000000E+0
735	885,000000E+0	18,830000E+0	30,457000E+0	952,982000E+3	12,000000E+0
736	885,000000E+0	18,830000E+0	30,457000E+0	953,149000E+3	12,000000E+0
737	885,000000E+0	18,830000E+0	29,999000E+0	953,314000E+3	12,000000E+0
738	885,000000E+0	18,830000E+0	29,999000E+0	953,481000E+3	12,000000E+0
739	885,000000E+0	18,830000E+0	29,999000E+0	953,651000E+3	12,000000E+0
740	885,000000E+0	18,830000E+0	30,228000E+0	953,816000E+3	12,000000E+0
741	885,000000E+0	18,830000E+0	30,457000E+0	953,984000E+3	12,000000E+0
742	885,000000E+0	18,830000E+0	30,457000E+0	954,151000E+3	12,000000E+0
743	885,000000E+0	18,830000E+0	30,686000E+0	954,319000E+3	12,000000E+0
744	885,000000E+0	18,830000E+0	30,686000E+0	954,484000E+3	12,000000E+0
745	885,000000E+0	18,830000E+0	30,686000E+0	954,651000E+3	12,000000E+0
746	885,000000E+0	18,830000E+0	30,686000E+0	954,817000E+3	12,000000E+0
747	885,000000E+0	18,830000E+0	30,228000E+0	954,985000E+3	12,000000E+0
748	885,000000E+0	18,830000E+0	29,999000E+0	955,148000E+3	12,000000E+0
749	885,000000E+0	18,830000E+0	30,228000E+0	955,317000E+3	12,000000E+0
750	885,000000E+0	18,830000E+0	29,999000E+0	955,482000E+3	12,000000E+0
751	885,000000E+0	18,830000E+0	30,228000E+0	955,652000E+3	12,000000E+0
752	885,000000E+0	18,830000E+0	30,228000E+0	955,817000E+3	12,000000E+0
753	885,000000E+0	18,830000E+0	30,457000E+0	955,984000E+3	12,000000E+0
754	885,000000E+0	18,830000E+0	30,686000E+0	956,150000E+3	12,000000E+0
755	885,000000E+0	18,830000E+0	30,915000E+0	956,318000E+3	12,000000E+0
756	885,000000E+0	18,830000E+0	31,144000E+0	956,486000E+3	12,000000E+0
757	885,000000E+0	18,830000E+0	30,915000E+0	956,653000E+3	12,000000E+0
758	885,000000E+0	18,830000E+0	30,915000E+0	956,820000E+3	12,000000E+0
759	885,000000E+0	18,830000E+0	30,686000E+0	956,987000E+3	12,000000E+0
760	885,000000E+0	18,830000E+0	30,228000E+0	957,157000E+3	12,000000E+0
761	885,000000E+0	18,830000E+0	30,228000E+0	957,322000E+3	12,000000E+0
762	885,000000E+0	18,830000E+0	29,999000E+0	957,491000E+3	12,000000E+0
763	885,000000E+0	18,830000E+0	29,999000E+0	957,659000E+3	12,000000E+0
764	885,000000E+0	18,830000E+0	30,228000E+0	957,824000E+3	12,000000E+0
765	885,000000E+0	18,830000E+0	30,228000E+0	957,993000E+3	12,000000E+0
766	885,000000E+0	18,830000E+0	30,457000E+0	958,159000E+3	12,000000E+0
767	885,000000E+0	18,830000E+0	30,686000E+0	958,326000E+3	12,000000E+0
768	885,000000E+0	18,830000E+0	30,686000E+0	958,493000E+3	12,000000E+0
769	885,000000E+0	18,830000E+0	30,686000E+0	958,661000E+3	12,000000E+0
770	885,000000E+0	18,830000E+0	30,686000E+0	958,823000E+3	12,000000E+0
771	885,000000E+0	18,830000E+0	30,457000E+0	958,991000E+3	12,000000E+0
772	885,000000E+0	18,830000E+0	30,228000E+0	959,157000E+3	12,000000E+0
773	885,000000E+0	18,830000E+0	29,999000E+0	959,322000E+3	12,000000E+0
774	885,000000E+0	18,830000E+0	29,999000E+0	959,491000E+3	12,000000E+0
775	885,000000E+0	18,830000E+0	30,228000E+0	959,657000E+3	12,000000E+0
776	885,000000E+0	18,830000E+0	30,228000E+0	959,823000E+3	12,000000E+0
777	885,000000E+0	18,830000E+0	30,457000E+0	959,990000E+3	12,000000E+0
778	885,000000E+0	18,830000E+0	30,457000E+0	960,159000E+3	12,000000E+0
779	885,000000E+0	18,830000E+0	30,915000E+0	960,327000E+3	12,000000E+0
780	885,000000E+0	18,830000E+0	30,915000E+0	960,493000E+3	12,000000E+0
781	885,000000E+0	18,830000E+0	31,144000E+0	960,661000E+3	12,000000E+0
782	885,000000E+0	18,830000E+0	31,144000E+0	960,829000E+3	12,000000E+0
783	885,000000E+0	18,830000E+0	30,686000E+0	960,995000E+3	12,000000E+0
784	885,000000E+0	18,830000E+0	30,457000E+0	961,163000E+3	12,000000E+0
785	885,000000E+0	18,830000E+0	30,228000E+0	961,328000E+3	12,000000E+0
786	885,000000E+0	18,830000E+0	29,999000E+0	961,495000E+3	12,000000E+0
787	885,000000E+0	18,830000E+0	30,228000E+0	961,662000E+3	12,000000E+0
788	885,000000E+0	18,830000E+0	30,228000E+0	961,830000E+3	12,000000E+0
789	885,000000E+0	18,830000E+0	30,228000E+0	961,998000E+3	12,000000E+0
790	885,000000E+0	18,830000E+0	30,457000E+0	962,165000E+3	12,000000E+0
791	885,000000E+0	18,830000E+0	30,457000E+0	962,334000E+3	12,000000E+0
792	885,000000E+0	18,830000E+0	30,686000E+0	962,501000E+3	12,000000E+0
793	885,000000E+0	18,830000E+0	30,686000E+0	962,665000E+3	12,000000E+0
794	885,000000E+0	18,830000E+0	30,686000E+0	962,833000E+3	12,000000E+0
795	885,000000E+0	18,830000E+0	30,457000E+0	962,998000E+3	12,000000E+0
796	885,000000E+0	18,830000E+0	30,228000E+0	963,163000E+3	12,000000E+0
797	885,000000E+0	18,830000E+0	30,228000E+0	963,331000E+3	12,000000E+0
798	885,000000E+0	18,830000E+0	29,999000E+0	963,498000E+3	12,000000E+0
799	885,000000E+0	18,830000E+0	29,999000E+0	963,664000E+3	12,000000E+0
800	885,000000E+0	18,830000E+0	30,228000E+0	963,832000E+3	12,000000E+0
801	885,000000E+0	18,830000E+0	30,228000E+0	963,999000E+3	12,000000E+0
802	885,000000E+0	18,830000E+0	30,457000E+0	964,164000E+3	12,000000E+0
803	885,000000E+0	18,830000E+0	30,686000E+0	964,333000E+3	12,000000E+0
804	885,000000E+0	18,830000E+0	30,915000E+0	964,500000E+3	12,000000E+0
805	885,000000E+0	18,830000E+0	30,915000E+0	964,668000E+3	12,000000E+0
806	885,000000E+0	18,830000E+0	30,915000E+0	964,835000E+3	12,000000E+0
807	885,000000E+0	18,830000E+0	30,915000E+0	965,002000E+3	12,000000E+0
808	885,000000E+0	18,830000E+0	30,686000E+0	965,168000E+3	12,000000E+0
809	885,000000E+0	18,830000E+0	30,228000E+0	965,336000E+3	12,000000E+0
810	885,000000E+0	18,830000E+0	30,228000E+0	965,501000E+3	12,000000E+0
811	885,000000E+0	18,830000E+0	29,999000E+0	965,672000E+3	12,000000E+0
812	885,000000E+0	18,830000E+0	30,228000E+0	965,838000E+3	12,000000E+0
813	885,000000E+0	18,830000E+0	30,228000E+0	966,007000E+3	12,000000E+0
814	885,000000E+0	18,830000E+0	30,228000E+0	966,172000E+3	12,000000E+0
815	885,000000E+0	18,830000E+0	30,457000E+0	966,341000E+3	12,000000E+0
816	885,000000E+0	18,830000E+0	30,686000E+0	966,506000E+3	12,000000E+0
817	885,000000E+0	18,830000E+0	30,686000E+0	966,674000E+3	12,000000E+0
818	885,000000E+0	18,830000E+0	30,686000E+0	966,842000E+3	12,000000E+0
819	885,000000E+0	18,830000E+0	30,686000E+0	967,007000E+3	12,000000E+0
820	885,000000E+0	18,830000E+0	30,457000E+0	967,173000E+3	12,000000E+0
821	885,000000E+0	18,830000E+0	30,228000E+0	967,340000E+3	12,000000E+0
822	885,000000E+0	18,830000E+0	30,228000E+0	967,504000E+3	12,000000E+0
823	885,000000E+0	18,830000E+0	29,999000E+0	967,671000E+3	12,000000E+0
824	885,000000E+0	18,830000E+0	29,999000E+0	967,838000E+3	12,000000E+0
825	885,000000E+0	18,830000E+0	30,228000E+0	968,004000E+3	12,000000E+0
826	885,000000E+0	18,830000E+0	30,457000E+0	968,172000E+3	12,000000E+0
827	885,000000E+0	18,830000E+0	30,457000E+0	968,339000E+3	12,000000E+0
828	885,000000E+0	18,830000E+0	30,915000E+0	968,507000E+3	12,000000E+0
829	885,000000E+0	18,830000E+0	31,144000E+0	968,674000E+3	12,000000E+0
830	885,000000E+0	18,830000E+0	30,915000E+0	968,841000E+3	12,000000E+0
831	885,000000E+0	18,830000E+0	30,915000E+0	969,009000E+3	12,000000E+0
832	885,000000E+0	18,830000E+0	30,686000E+0	969,176000E+3	12,000000E+0
833	885,000000E+0	18,830000E+0	30,457000E+0	969,345000E+3	12,000000E+0
834	885,000000E+0	18,830000E+0	30,228000E+0	969,510000E+3	12,000000E+0
835	885,000000E+0	18,830000E+0	29,999000E+0	969,676000E+3	12,000000E+0
836	885,000000E+0	18,830000E+0	29,999000E+0	969,844000E+3	12,000000E+0
837	885,000000E+0	18,830000E+0	30,228000E+0	970,011000E+3	12,000000E+0
838	885,000000E+0	18,830000E+0	30,457000E+0	970,179000E+3	12,000000E+0
839	885,000000E+0	18,830000E+0	30,457000E+0	970,348000E+3	12,000000E+0
840	885,000000E+0	18,830000E+0	30,457000E+0	970,514000E+3	12,000000E+0
841	885,000000E+0	18,830000E+0	30,686000E+0	970,683000E+3	12,000000E+0
842	885,000000E+0	18,830000E+0	30,686000E+0	970,848000E+3	12,000000E+0
843	885,000000E+0	18,830000E+0	30,686000E+0	971,014000E+3	12,000000E+0
844	885,000000E+0	18,830000E+0	30,457000E+0	971,179000E+3	12,000000E+0
845	885,000000E+0	18,830000E+0	30,228000E+0	971,345000E+3	12,000000E+0
846	885,000000E+0	18,830000E+0	30,228000E+0	971,512000E+3	12,000000E+0
847	885,000000E+0	18,830000E+0	29,999000E+0	971,679000E+3	12,000000E+0
848	885,000000E+0	18,830000E+0	30,228000E+0	971,847000E+3	12,000000E+0
849	885,000000E+0	18,830000E+0	30,228000E+0	972,013000E+3	12,000000E+0
850	885,000000E+0	18,830000E+0	30,228000E+0	972,181000E+3	12,000000E+0
851	885,000000E+0	18,830000E+0	30,686000E+0	972,347000E+3	12,000000E+0
852	885,000000E+0	18,830000E+0	30,686000E+0	972,515000E+3	12,000000E+0
853	885,000000E+0	18,830000E+0	30,915000E+0	972,684000E+3	12,000000E+0
854	885,000000E+0	18,830000E+0	31,144000E+0	972,851000E+3	12,000000E+0
855	885,000000E+0	18,830000E+0	30,915000E+0	973,019000E+3	12,000000E+0
856	885,000000E+0	18,830000E+0	30,915000E+0	973,182000E+3	12,000000E+0
857	885,000000E+0	18,830000E+0	30,686000E+0	973,351000E+3	12,000000E+0
858	885,000000E+0	18,830000E+0	30,457000E+0	973,518000E+3	12,000000E+0
859	885,000000E+0	18,830000E+0	30,228000E+0	973,684000E+3	12,000000E+0
860	885,000000E+0	18,830000E+0	29,999000E+0	973,852000E+3	12,000000E+0
861	885,000000E+0	18,830000E+0	30,228000E+0	974,019000E+3	12,000000E+0
862	885,000000E+0	18,830000E+0	30,228000E+0	974,186000E+3	12,000000E+0
863	885,000000E+0	18,830000E+0	30,228000E+0	974,356000E+3	12,000000E+0
864	885,000000E+0	18,830000E+0	30,457000E+0	974,524000E+3	12,000000E+0
865	885,000000E+0	18,830000E+0	30,457000E+0	974,689000E+3	12,000000E+0
866	885,000000E+0	18,830000E+0	30,686000E+0	974,856000E+3	12,000000E+0
867	885,000000E+0	18,830000E+0	30,686000E+0	975,022000E+3	12,000000E+0
868	885,000000E+0	18,830000E+0	30,686000E+0	975,187000E+3	12,000000E+0
869	885,000000E+0	18,830000E+0	30,457000E+0	975,353000E+3	12,000000E+0
870	885,000000E+0	18,830000E+0	30,228000E+0	975,521000E+3	12,000000E+0
871	885,000000E+0	18,830000E+0	30,228000E+0	975,687000E+3	12,000000E+0
872	885,000000E+0	18,830000E+0	29,999000E+0	975,852000E+3	12,000000E+0
873	885,000000E+0	18,830000E+0	30,228000E+0	976,020000E+3	12,000000E+0
874	885,000000E+0	18,830000E+0	30,228000E+0	976,187000E+3	12,000000E+0
875	885,000000E+0	18,830000E+0	30,228000E+0	976,354000E+3	12,000000E+0
876	885,000000E+0	18,830000E+0	30,457000E+0	976,522000E+3	12,000000E+0
877	885,000000E+0	18,830000E+0	30,915000E+0	976,689000E+3	12,000000E+0
878	885,000000E+0	18,830000E+0	30,915000E+0	976,857000E+3	12,000000E+0
879	885,000000E+0	18,830000E+0	31,144000E+0	977,024000E+3	12,000000E+0
880	885,000000E+0	18,830000E+0	30,915000E+0	977,191000E+3	12,000000E+0
881	885,000000E+0	18,830000E+0	30,686000E+0	977,357000E+3	12,000000E+0
882	885,000000E+0	18,830000E+0	30,457000E+0	977,526000E+3	12,000000E+0
883	885,000000E+0	18,830000E+0	30,228000E+0	977,692000E+3	12,000000E+0
884	885,000000E+0	18,830000E+0	30,228000E+0	977,858000E+3	12,000000E+0
885	885,000000E+0	18,830000E+0	29,999000E+0	978,028000E+3	12,000000E+0
886	885,000000E+0	18,830000E+0	30,228000E+0	978,194000E+3	12,000000E+0
887	885,000000E+0	18,830000E+0	30,228000E+0	978,361000E+3	12,000000E+0
888	885,000000E+0	18,830000E+0	30,228000E+0	978,529000E+3	12,000000E+0
889	885,000000E+0	18,830000E+0	30,686000E+0	978,696000E+3	12,000000E+0
890	885,000000E+0	18,830000E+0	30,686000E+0	978,864000E+3	12,000000E+0
891	885,000000E+0	18,830000E+0	30,686000E+0	979,028000E+3	12,000000E+0
892	885,000000E+0	18,830000E+0	30,686000E+0	979,196000E+3	12,000000E+0
893	885,000000E+0	18,830000E+0	30,686000E+0	979,360000E+3	12,000000E+0
894	885,000000E+0	18,830000E+0	30,228000E+0	979,527000E+3	12,000000E+0
895	885,000000E+0	18,830000E+0	30,228000E+0	979,695000E+3	12,000000E+0
896	885,000000E+0	18,830000E+0	29,999000E+0	979,861000E+3	12,000000E+0
897	885,000000E+0	18,830000E+0	29,999000E+0	980,028000E+3	12,000000E+0
898	885,000000E+0	18,830000E+0	30,228000E+0	980,196000E+3	12,000000E+0
899	885,000000E+0	18,830000E+0	30,228000E+0	980,362000E+3	12,000000E+0
900	885,000000E+0	18,830000E+0	30,457000E+0	980,529000E+3	12,000000E+0
901	885,000000E+0	18,830000E+0	30,686000E+0	980,696000E+3	12,000000E+0
902	885,000000E+0	18,830000E+0	31,144000E+0	980,864000E+3	12,000000E+0
903	885,000000E+0	18,830000E+0	31,144000E+0	981,032000E+3	12,000000E+0
904	885,000000E+0	18,830000E+0	31,144000E+0	981,199000E+3	12,000000E+0
905	885,000000E+0	18,830000E+0	30,915000E+0	981,366000E+3	12,000000E+0
906	885,000000E+0	18,830000E+0	30,457000E+0	981,532000E+3	12,000000E+0
907	885,000000E+0	18,830000E+0	30,457000E+0	981,699000E+3	12,000000E+0
908	885,000000E+0	18,830000E+0	30,228000E+0	981,867000E+3	12,000000E+0
909	885,000000E+0	18,830000E+0	30,228000E+0	982,034000E+3	12,000000E+0
910	885,000000E+0	18,830000E+0	30,228000E+0	982,203000E+3	12,000000E+0
911	885,000000E+0	18,830000E+0	29,999000E+0	982,369000E+3	12,000000E+0
912	885,000000E+0	18,830000E+0	30,228000E+0	982,537000E+3	12,000000E+0
913	885,000000E+0	18,830000E+0	30,457000E+0	982,704000E+3	12,000000E+0
914	885,000000E+0	18,830000E+0	30,457000E+0	982,870000E+3	12,000000E+0
915	885,000000E+0	18,830000E+0	30,686000E+0	983,040000E+3	12,000000E+0
916	885,000000E+0	18,830000E+0	30,686000E+0	983,205000E+3	12,000000E+0
917	885,000000E+0	18,830000E+0	30,686000E+0	983,372000E+3	12,000000E+0
918	885,000000E+0	18,830000E+0	30,686000E+0	983,537000E+3	12,000000E+0
919	885,000000E+0	18,830000E+0	30,228000E+0	983,703000E+3	12,000000E+0
920	885,000000E+0	18,830000E+0	29,999000E+0	983,868000E+3	12,000000E+0
921	885,000000E+0	18,830000E+0	29,999000E+0	984,037000E+3	12,000000E+0
922	885,000000E+0	18,830000E+0	30,228000E+0	984,204000E+3	12,000000E+0
923	885,000000E+0	18,830000E+0	30,228000E+0	984,371000E+3	12,000000E+0
924	885,000000E+0	18,830000E+0	30,457000E+0	984,537000E+3	12,000000E+0
925	885,000000E+0	18,830000E+0	30,686000E+0	984,705000E+3	12,000000E+0
926	885,000000E+0	18,830000E+0	30,915000E+0	984,872000E+3	12,000000E+0
927	885,000000E+0	18,830000E+0	30,915000E+0	985,040000E+3	12,000000E+0
928	885,000000E+0	18,830000E+0	31,144000E+0	985,207000E+3	12,000000E+0
929	885,000000E+0	18,830000E+0	30,915000E+0	985,376000E+3	12,000000E+0
930	885,000000E+0	18,830000E+0	30,686000E+0	985,540000E+3	12,000000E+0
931	885,000000E+0	18,830000E+0	30,686000E+0	985,710000E+3	12,000000E+0
932	885,000000E+0	18,830000E+0	30,228000E+0	985,876000E+3	12,000000E+0
933	885,000000E+0	18,830000E+0	30,228000E+0	986,042000E+3	12,000000E+0
934	885,000000E+0	18,830000E+0	30,228000E+0	986,211000E+3	12,000000E+0
935	885,000000E+0	18,830000E+0	30,228000E+0	986,379000E+3	12,000000E+0
936	885,000000E+0	18,830000E+0	30,228000E+0	986,546000E+3	12,000000E+0
937	885,000000E+0	18,830000E+0	30,228000E+0	986,713000E+3	12,000000E+0
938	885,000000E+0	18,830000E+0	30,457000E+0	986,879000E+3	12,000000E+0
939	885,000000E+0	18,830000E+0	30,686000E+0	987,047000E+3	12,000000E+0
940	885,000000E+0	18,830000E+0	30,686000E+0	987,213000E+3	12,000000E+0
941	885,000000E+0	18,830000E+0	30,686000E+0	987,379000E+3	12,000000E+0
942	885,000000E+0	18,830000E+0	30,457000E+0	987,546000E+3	12,000000E+0
943	885,000000E+0	18,830000E+0	30,457000E+0	987,712000E+3	12,000000E+0
944	885,000000E+0	18,830000E+0	30,228000E+0	987,879000E+3	12,000000E+0
945	885,000000E+0	18,830000E+0	29,999000E+0	988,043000E+3	12,000000E+0
946	885,000000E+0	18,830000E+0	29,999000E+0	988,212000E+3	12,000000E+0
947	885,000000E+0	18,830000E+0	30,228000E+0	988,379000E+3	12,000000E+0
948	885,000000E+0	18,830000E+0	30,228000E+0	988,548000E+3	12,000000E+0
949	885,000000E+0	18,830000E+0	30,457000E+0	988,713000E+3	12,000000E+0
950	885,000000E+0	18,830000E+0	30,686000E+0	988,880000E+3	12,000000E+0
951	885,000000E+0	18,830000E+0	30,915000E+0	989,048000E+3	12,000000E+0
952	885,000000E+0	18,830000E+0	30,915000E+0	989,215000E+3	12,000000E+0
953	885,000000E+0	18,830000E+0	31,144000E+0	989,383000E+3	12,000000E+0
954	885,000000E+0	18,830000E+0	30,915000E+0	989,552000E+3	12,000000E+0
955	885,000000E+0	18,830000E+0	30,686000E+0	989,714000E+3	12,000000E+0
956	885,000000E+0	18,830000E+0	30,457000E+0	989,884000E+3	12,000000E+0
957	885,000000E+0	18,830000E+0	30,228000E+0	990,049000E+3	12,000000E+0
958	885,000000E+0	18,830000E+0	30,228000E+0	990,219000E+3	12,000000E+0
959	885,000000E+0	18,830000E+0	30,228000E+0	990,387000E+3	12,000000E+0
960	885,000000E+0	18,830000E+0	30,228000E+0	990,553000E+3	12,000000E+0
961	885,000000E+0	18,830000E+0	30,228000E+0	990,721000E+3	12,000000E+0
962	885,000000E+0	18,830000E+0	30,457000E+0	990,888000E+3	12,000000E+0
963	885,000000E+0	18,830000E+0	30,686000E+0	991,055000E+3	12,000000E+0
964	885,000000E+0	18,830000E+0	30,686000E+0	991,223000E+3	12,000000E+0
965	885,000000E+0	18,830000E+0	30,686000E+0	991,387000E+3	12,000000E+0
966	885,000000E+0	18,830000E+0	30,686000E+0	991,554000E+3	12,000000E+0
967	885,000000E+0	18,830000E+0	30,457000E+0	991,719000E+3	12,000000E+0
968	885,000000E+0	18,830000E+0	30,228000E+0	991,887000E+3	12,000000E+0
969	885,000000E+0	18,830000E+0	30,228000E+0	992,054000E+3	12,000000E+0
970	885,000000E+0	18,830000E+0	29,999000E+0	992,219000E+3	12,000000E+0
971	885,000000E+0	18,830000E+0	29,999000E+0	992,394000E+3	12,000000E+0
972	885,000000E+0	18,830000E+0	30,228000E+0	992,597000E+3	12,000000E+0
973	885,000000E+0	18,830000E+0	30,457000E+0	992,805000E+3	12,000000E+0
974	885,000000E+0	18,830000E+0	30,686000E+0	993,014000E+3	12,000000E+0
975	885,000000E+0	18,830000E+0	31,144000E+0	993,183000E+3	12,000000E+0
976	885,000000E+0	18,830000E+0	30,915000E+0	993,350000E+3	12,000000E+0
977	885,000000E+0	18,830000E+0	30,915000E+0	993,518000E+3	12,000000E+0
978	885,000000E+0	18,830000E+0	30,915000E+0	993,684000E+3	12,000000E+0
979	885,000000E+0	18,830000E+0	30,686000E+0	993,850000E+3	12,000000E+0
980	885,000000E+0	18,830000E+0	30,457000E+0	994,019000E+3	12,000000E+0
981	885,000000E+0	18,830000E+0	30,228000E+0	994,185000E+3	12,000000E+0
982	885,000000E+0	18,830000E+0	29,999000E+0	994,353000E+3	12,000000E+0
983	885,000000E+0	18,830000E+0	30,228000E+0	994,522000E+3	12,000000E+0
984	885,000000E+0	18,830000E+0	30,228000E+0	994,688000E+3	12,000000E+0
985	885,000000E+0	18,830000E+0	30,457000E+0	994,855000E+3	12,000000E+0
986	885,000000E+0	18,830000E+0	30,457000E+0	995,021000E+3	12,000000E+0
987	885,000000E+0	18,830000E+0	30,686000E+0	995,189000E+3	12,000000E+0
988	885,000000E+0	18,830000E+0	30,686000E+0	995,357000E+3	12,000000E+0
989	885,000000E+0	18,830000E+0	30,686000E+0	995,523000E+3	12,000000E+0
990	885,000000E+0	18,830000E+0	30,457000E+0	995,688000E+3	12,000000E+0
991	885,000000E+0	18,830000E+0	30,457000E+0	995,855000E+3	12,000000E+0
992	885,000000E+0	18,830000E+0	30,228000E+0	996,021000E+3	12,000000E+0
993	885,000000E+0	18,830000E+0	30,228000E+0	996,188000E+3	12,000000E+0
994	885,000000E+0	18,830000E+0	29,999000E+0	996,355000E+3	12,000000E+0
995	885,000000E+0	18,830000E+0	30,228000E+0	996,521000E+3	12,000000E+0
996	885,000000E+0	18,830000E+0	30,228000E+0	996,688000E+3	12,000000E+0
997	885,000000E+0	18,830000E+0	30,457000E+0	996,857000E+3	12,000000E+0
998	885,000000E+0	18,830000E+0	30,686000E+0	997,023000E+3	12,000000E+0
999	885,000000E+0	18,830000E+0	30,915000E+0	997,191000E+3	12,000000E+0
1000	885,000000E+0	18,830000E+0	31,144000E+0	997,358000E+3	12,000000E+0
1001	885,000000E+0	18,830000E+0	31,144000E+0	997,526000E+3	12,000000E+0
1002	885,000000E+0	18,830000E+0	30,915000E+0	997,692000E+3	12,000000E+0
1003	885,000000E+0	18,830000E+0	30,686000E+0	997,860000E+3	12,000000E+0
1004	885,000000E+0	18,830000E+0	30,457000E+0	998,029000E+3	12,000000E+0
1005	885,000000E+0	18,830000E+0	30,228000E+0	998,196000E+3	12,000000E+0
1006	885,000000E+0	18,830000E+0	29,999000E+0	998,360000E+3	12,000000E+0
1007	885,000000E+0	18,830000E+0	29,999000E+0	998,529000E+3	12,000000E+0
1008	885,000000E+0	18,830000E+0	30,228000E+0	998,696000E+3	12,000000E+0
1009	885,000000E+0	18,830000E+0	30,228000E+0	998,862000E+3	12,000000E+0
1010	885,000000E+0	18,830000E+0	30,457000E+0	999,032000E+3	12,000000E+0
1011	885,000000E+0	18,830000E+0	30,686000E+0	999,199000E+3	12,000000E+0
1012	885,000000E+0	18,830000E+0	30,686000E+0	999,365000E+3	12,000000E+0
1013	885,000000E+0	18,830000E+0	30,686000E+0	999,530000E+3	12,000000E+0
1014	885,000000E+0	18,830000E+0	30,686000E+0	999,698000E+3	12,000000E+0
1015	885,000000E+0	18,830000E+0	30,457000E+0	999,863000E+3	12,000000E+0
1016	885,000000E+0	18,830000E+0	30,228000E+0	1,000030E+6	12,000000E+0
1017	885,000000E+0	18,830000E+0	30,228000E+0	1,000196E+6	12,000000E+0
1018	885,000000E+0	18,830000E+0	29,999000E+0	1,000362E+6	12,000000E+0
1019	885,000000E+0	18,830000E+0	30,228000E+0	1,000529E+6	12,000000E+0
1020	885,000000E+0	18,830000E+0	30,228000E+0	1,000698E+6	12,000000E+0
1021	885,000000E+0	18,830000E+0	30,228000E+0	1,000866E+6	12,000000E+0
1022	885,000000E+0	18,830000E+0	30,457000E+0	1,001031E+6	12,000000E+0
1023	885,000000E+0	18,830000E+0	30,915000E+0	1,001199E+6	12,000000E+0
1024	885,000000E+0	18,830000E+0	30,915000E+0	1,001368E+6	12,000000E+0
1025	885,000000E+0	18,830000E+0	31,144000E+0	1,001534E+6	12,000000E+0
1026	885,000000E+0	18,830000E+0	31,144000E+0	1,001703E+6	12,000000E+0
1027	885,000000E+0	18,830000E+0	30,915000E+0	1,001868E+6	12,000000E+0
1028	885,000000E+0	18,830000E+0	30,457000E+0	1,002036E+6	12,000000E+0
1029	885,000000E+0	18,830000E+0	30,457000E+0	1,002202E+6	12,000000E+0
1030	885,000000E+0	18,830000E+0	30,228000E+0	1,002369E+6	12,000000E+0
1031	885,000000E+0	18,830000E+0	29,999000E+0	1,002539E+6	12,000000E+0
1032	885,000000E+0	18,830000E+0	30,228000E+0	1,002707E+6	12,000000E+0
1033	885,000000E+0	18,830000E+0	29,999000E+0	1,002872E+6	12,000000E+0
1034	885,000000E+0	18,830000E+0	30,457000E+0	1,003039E+6	12,000000E+0
1035	885,000000E+0	18,830000E+0	30,457000E+0	1,003208E+6	12,000000E+0
1036	885,000000E+0	18,830000E+0	30,686000E+0	1,003376E+6	12,000000E+0
1037	885,000000E+0	18,830000E+0	30,686000E+0	1,003542E+6	12,000000E+0
1038	885,000000E+0	18,830000E+0	30,686000E+0	1,003707E+6	12,000000E+0
1039	885,000000E+0	18,830000E+0	30,686000E+0	1,003874E+6	12,000000E+0
1040	885,000000E+0	18,830000E+0	30,457000E+0	1,004040E+6	12,000000E+0
1041	885,000000E+0	18,830000E+0	30,228000E+0	1,004208E+6	12,000000E+0
1042	885,000000E+0	18,830000E+0	30,228000E+0	1,004374E+6	12,000000E+0
1043	885,000000E+0	18,830000E+0	29,999000E+0	1,004538E+6	12,000000E+0
1044	885,000000E+0	18,830000E+0	30,228000E+0	1,004706E+6	12,000000E+0
1045	885,000000E+0	18,830000E+0	30,228000E+0	1,004874E+6	12,000000E+0
1046	885,000000E+0	18,830000E+0	30,457000E+0	1,005043E+6	12,000000E+0
1047	885,000000E+0	18,830000E+0	30,686000E+0	1,005209E+6	12,000000E+0
1048	885,000000E+0	18,830000E+0	30,915000E+0	1,005377E+6	12,000000E+0
1049	885,000000E+0	18,830000E+0	31,144000E+0	1,005544E+6	12,000000E+0
1050	885,000000E+0	18,830000E+0	31,144000E+0	1,005711E+6	12,000000E+0
1051	885,000000E+0	18,830000E+0	30,915000E+0	1,005878E+6	12,000000E+0
1052	885,000000E+0	18,830000E+0	30,915000E+0	1,006045E+6	12,000000E+0
1053	885,000000E+0	18,830000E+0	30,457000E+0	1,006212E+6	12,000000E+0
1054	885,000000E+0	18,830000E+0	30,228000E+0	1,006379E+6	12,000000E+0
1055	885,000000E+0	16,140000E+0	29,999000E+0	1,006546E+6	12,000000E+0
1056	885,000000E+0	16,140000E+0	29,999000E+0	1,006713E+6	12,000000E+0
1057	885,000000E+0	16,140000E+0	29,999000E+0	1,006882E+6	12,000000E+0
1058	885,000000E+0	16,140000E+0	30,228000E+0	1,007049E+6	12,000000E+0
1059	885,000000E+0	16,140000E+0	30,457000E+0	1,007217E+6	12,000000E+0
1060	885,000000E+0	16,140000E+0	30,457000E+0	1,007385E+6	12,000000E+0
1061	885,000000E+0	16,140000E+0	30,686000E+0	1,007552E+6	12,000000E+0
1062	885,000000E+0	16,140000E+0	30,686000E+0	1,007715E+6	12,000000E+0
1063	885,000000E+0	16,140000E+0	30,686000E+0	1,007882E+6	12,000000E+0
1064	885,000000E+0	18,830000E+0	30,686000E+0	1,008051E+6	12,000000E+0
1065	885,000000E+0	18,830000E+0	30,457000E+0	1,008217E+6	12,000000E+0
1066	885,000000E+0	18,830000E+0	30,228000E+0	1,008382E+6	12,000000E+0
1067	885,000000E+0	18,830000E+0	29,999000E+0	1,008549E+6	12,000000E+0
1068	885,000000E+0	18,830000E+0	30,228000E+0	1,008716E+6	12,000000E+0
1069	885,000000E+0	18,830000E+0	30,228000E+0	1,008884E+6	12,000000E+0
1070	885,000000E+0	18,830000E+0	30,228000E+0	1,009051E+6	12,000000E+0
1071	885,000000E+0	18,830000E+0	30,457000E+0	1,009219E+6	12,000000E+0
1072	885,000000E+0	18,830000E+0	30,686000E+0	1,009385E+6	12,000000E+0
1073	885,000000E+0	18,830000E+0	30,915000E+0	1,009553E+6	12,000000E+0
1074	885,000000E+0	18,830000E+0	31,144000E+0	1,009720E+6	12,000000E+0
1075	885,000000E+0	18,830000E+0	31,144000E+0	1,009888E+6	12,000000E+0
1076	885,000000E+0	18,830000E+0	30,915000E+0	1,010053E+6	12,000000E+0
1077	885,000000E+0	18,830000E+0	30,686000E+0	1,010222E+6	12,000000E+0
1078	885,000000E+0	18,830000E+0	30,457000E+0	1,010388E+6	12,000000E+0
1079	885,000000E+0	16,140000E+0	29,999000E+0	1,010555E+6	12,000000E+0
1080	885,000000E+0	18,830000E+0	30,228000E+0	1,010725E+6	12,000000E+0
1081	885,000000E+0	18,830000E+0	30,228000E+0	1,010892E+6	12,000000E+0
1082	885,000000E+0	18,830000E+0	30,228000E+0	1,011059E+6	12,000000E+0
1083	885,000000E+0	18,830000E+0	30,457000E+0	1,011227E+6	12,000000E+0
1084	885,000000E+0	18,830000E+0	30,457000E+0	1,011393E+6	12,000000E+0
1085	885,000000E+0	18,830000E+0	30,686000E+0	1,011561E+6	12,000000E+0
1086	885,000000E+0	18,830000E+0	30,686000E+0	1,011729E+6	12,000000E+0
1087	885,000000E+0	18,830000E+0	30,686000E+0	1,011895E+6	12,000000E+0
1088	885,000000E+0	18,830000E+0	30,686000E+0	1,012062E+6	12,000000E+0
1089	885,000000E+0	18,830000E+0	30,457000E+0	1,012227E+6	12,000000E+0
1090	885,000000E+0	18,830000E+0	30,457000E+0	1,012394E+6	12,000000E+0
1091	885,000000E+0	18,830000E+0	30,228000E+0	1,012559E+6	12,000000E+0
1092	885,000000E+0	18,830000E+0	29,999000E+0	1,012725E+6	12,000000E+0
1093	885,000000E+0	18,830000E+0	30,228000E+0	1,012893E+6	12,000000E+0
1094	885,000000E+0	18,830000E+0	30,228000E+0	1,013059E+6	12,000000E+0
1095	885,000000E+0	18,830000E+0	30,457000E+0	1,013229E+6	12,000000E+0
1096	885,000000E+0	18,830000E+0	30,686000E+0	1,013396E+6	12,000000E+0
1097	885,000000E+0	18,830000E+0	30,915000E+0	1,013563E+6	12,000000E+0
1098	885,000000E+0	18,830000E+0	31,144000E+0	1,013730E+6	12,000000E+0
1099	885,000000E+0	18,830000E+0	30,915000E+0	1,013896E+6	12,000000E+0
1100	885,000000E+0	18,830000E+0	31,144000E+0	1,014064E+6	12,000000E+0
1101	885,000000E+0	18,830000E+0	30,915000E+0	1,014231E+6	12,000000E+0
1102	885,000000E+0	18,830000E+0	30,457000E+0	1,014398E+6	12,000000E+0
1103	885,000000E+0	18,830000E+0	30,228000E+0	1,014568E+6	12,000000E+0
1104	885,000000E+0	18,830000E+0	29,999000E+0	1,014732E+6	12,000000E+0
1105	885,000000E+0	18,830000E+0	29,999000E+0	1,014900E+6	12,000000E+0
1106	885,000000E+0	18,830000E+0	30,457000E+0	1,015068E+6	12,000000E+0
1107	885,000000E+0	18,830000E+0	30,228000E+0	1,015236E+6	12,000000E+0
1108	885,000000E+0	18,830000E+0	30,457000E+0	1,015402E+6	12,000000E+0
1109	885,000000E+0	18,830000E+0	30,457000E+0	1,015571E+6	12,000000E+0
1110	885,000000E+0	18,830000E+0	30,686000E+0	1,015737E+6	12,000000E+0
1111	885,000000E+0	18,830000E+0	30,686000E+0	1,015903E+6	12,000000E+0
1112	885,000000E+0	18,830000E+0	30,686000E+0	1,016070E+6	12,000000E+0
1113	885,000000E+0	18,830000E+0	30,686000E+0	1,016236E+6	12,000000E+0
1114	885,000000E+0	18,830000E+0	30,457000E+0	1,016403E+6	12,000000E+0
1115	885,000000E+0	18,830000E+0	30,228000E+0	1,016569E+6	12,000000E+0
1116	885,000000E+0	18,830000E+0	30,228000E+0	1,016734E+6	12,000000E+0
1117	885,000000E+0	18,830000E+0	29,999000E+0	1,016903E+6	12,000000E+0
1118	885,000000E+0	18,830000E+0	30,228000E+0	1,017070E+6	12,000000E+0
1119	885,000000E+0	18,830000E+0	30,457000E+0	1,017237E+6	12,000000E+0
1120	885,000000E+0	18,830000E+0	30,457000E+0	1,017404E+6	12,000000E+0
1121	885,000000E+0	18,830000E+0	30,915000E+0	1,017572E+6	12,000000E+0
1122	885,000000E+0	18,830000E+0	30,915000E+0	1,017740E+6	12,000000E+0
1123	885,000000E+0	18,830000E+0	31,144000E+0	1,017906E+6	12,000000E+0
1124	885,000000E+0	18,830000E+0	30,915000E+0	1,018074E+6	12,000000E+0
1125	885,000000E+0	18,830000E+0	30,915000E+0	1,018240E+6	12,000000E+0
1126	885,000000E+0	18,830000E+0	30,686000E+0	1,018408E+6	12,000000E+0
1127	885,000000E+0	18,830000E+0	30,228000E+0	1,018576E+6	12,000000E+0
1128	885,000000E+0	18,830000E+0	30,228000E+0	1,018742E+6	12,000000E+0
1129	885,000000E+0	18,830000E+0	29,999000E+0	1,018911E+6	12,000000E+0
1130	885,000000E+0	18,830000E+0	30,228000E+0	1,019079E+6	12,000000E+0
1131	885,000000E+0	16,140000E+0	30,228000E+0	1,019245E+6	12,000000E+0
1132	885,000000E+0	16,140000E+0	30,457000E+0	1,019415E+6	12,000000E+0
1133	885,000000E+0	16,140000E+0	30,457000E+0	1,019580E+6	12,000000E+0
1134	885,000000E+0	16,140000E+0	30,686000E+0	1,019746E+6	12,000000E+0
1135	885,000000E+0	18,830000E+0	30,686000E+0	1,019915E+6	12,000000E+0
1136	885,000000E+0	18,830000E+0	30,686000E+0	1,020080E+6	12,000000E+0
1137	885,000000E+0	18,830000E+0	30,457000E+0	1,020248E+6	12,000000E+0
1138	885,000000E+0	18,830000E+0	30,457000E+0	1,020415E+6	12,000000E+0
1139	885,000000E+0	18,830000E+0	30,457000E+0	1,020581E+6	12,000000E+0
1140	885,000000E+0	18,830000E+0	30,228000E+0	1,020746E+6	12,000000E+0
1141	885,000000E+0	18,830000E+0	29,999000E+0	1,020914E+6	12,000000E+0
1142	885,000000E+0	18,830000E+0	30,228000E+0	1,021082E+6	12,000000E+0
1143	885,000000E+0	18,830000E+0	30,228000E+0	1,021247E+6	12,000000E+0
1144	885,000000E+0	18,830000E+0	30,457000E+0	1,021415E+6	12,000000E+0
1145	885,000000E+0	18,830000E+0	30,686000E+0	1,021582E+6	12,000000E+0
1146	885,000000E+0	18,830000E+0	30,915000E+0	1,021750E+6	12,000000E+0
1147	885,000000E+0	18,830000E+0	31,144000E+0	1,021918E+6	12,000000E+0
1148	885,000000E+0	18,830000E+0	31,144000E+0	1,022085E+6	12,000000E+0
1149	885,000000E+0	18,830000E+0	30,915000E+0	1,022253E+6	12,000000E+0
1150	885,000000E+0	18,830000E+0	30,686000E+0	1,022419E+6	12,000000E+0
1151	885,000000E+0	18,830000E+0	30,457000E+0	1,022586E+6	12,000000E+0
1152	885,000000E+0	18,830000E+0	30,228000E+0	1,022753E+6	12,000000E+0
1153	885,000000E+0	18,830000E+0	29,999000E+0	1,022919E+6	12,000000E+0
1154	885,000000E+0	18,830000E+0	30,228000E+0	1,023089E+6	12,000000E+0
1155	885,000000E+0	18,830000E+0	30,228000E+0	1,023255E+6	12,000000E+0
1156	885,000000E+0	18,830000E+0	30,228000E+0	1,023423E+6	12,000000E+0
1157	885,000000E+0	18,830000E+0	30,457000E+0	1,023591E+6	12,000000E+0
1158	885,000000E+0	18,830000E+0	30,686000E+0	1,023760E+6	12,000000E+0
1159	885,000000E+0	18,830000E+0	30,686000E+0	1,023924E+6	12,000000E+0
1160	885,000000E+0	18,830000E+0	30,686000E+0	1,024091E+6	12,000000E+0
1161	885,000000E+0	18,830000E+0	30,686000E+0	1,024259E+6	12,000000E+0
1162	885,000000E+0	18,830000E+0	30,686000E+0	1,024424E+6	12,000000E+0
1163	885,000000E+0	18,830000E+0	30,228000E+0	1,024590E+6	12,000000E+0
1164	885,000000E+0	18,830000E+0	30,228000E+0	1,024757E+6	12,000000E+0
1165	885,000000E+0	18,830000E+0	30,228000E+0	1,024924E+6	12,000000E+0
1166	885,000000E+0	18,830000E+0	29,999000E+0	1,025091E+6	12,000000E+0
1167	885,000000E+0	18,830000E+0	30,228000E+0	1,025259E+6	12,000000E+0
1168	885,000000E+0	18,830000E+0	30,228000E+0	1,025426E+6	12,000000E+0
1169	885,000000E+0	18,830000E+0	30,457000E+0	1,025592E+6	12,000000E+0
1170	885,000000E+0	18,830000E+0	30,915000E+0	1,025760E+6	12,000000E+0
1171	885,000000E+0	18,830000E+0	30,915000E+0	1,025928E+6	12,000000E+0
1172	885,000000E+0	18,830000E+0	31,144000E+0	1,026097E+6	12,000000E+0
1173	885,000000E+0	18,830000E+0	31,144000E+0	1,026266E+6	12,000000E+0
1174	885,000000E+0	18,830000E+0	30,915000E+0	1,026431E+6	12,000000E+0
1175	885,000000E+0	18,830000E+0	30,686000E+0	1,026598E+6	12,000000E+0
1176	885,000000E+0	18,830000E+0	30,457000E+0	1,026765E+6	12,000000E+0
1177	885,000000E+0	18,830000E+0	30,228000E+0	1,026932E+6	12,000000E+0
1178	885,000000E+0	18,830000E+0	29,999000E+0	1,027099E+6	12,000000E+0
1179	885,000000E+0	16,140000E+0	30,228000E+0	1,027268E+6	12,000000E+0
1180	885,000000E+0	16,140000E+0	30,228000E+0	1,027435E+6	12,000000E+0
1181	885,000000E+0	16,140000E+0	30,228000E+0	1,027603E+6	12,000000E+0
1182	885,000000E+0	16,140000E+0	30,457000E+0	1,027770E+6	12,000000E+0
1183	885,000000E+0	16,140000E+0	30,686000E+0	1,027937E+6	12,000000E+0
1184	885,000000E+0	16,140000E+0	30,686000E+0	1,028105E+6	12,000000E+0
1185	885,000000E+0	18,830000E+0	30,686000E+0	1,028270E+6	12,000000E+0
1186	885,000000E+0	18,830000E+0	30,686000E+0	1,028437E+6	12,000000E+0
1187	885,000000E+0	18,830000E+0	30,457000E+0	1,028603E+6	12,000000E+0
1188	885,000000E+0	18,830000E+0	30,228000E+0	1,028769E+6	12,000000E+0
1189	885,000000E+0	18,830000E+0	30,228000E+0	1,028935E+6	12,000000E+0
1190	885,000000E+0	18,830000E+0	30,228000E+0	1,029103E+6	12,000000E+0
1191	885,000000E+0	18,830000E+0	30,228000E+0	1,029269E+6	12,000000E+0
1192	885,000000E+0	18,830000E+0	30,228000E+0	1,029436E+6	12,000000E+0
1193	885,000000E+0	18,830000E+0	30,457000E+0	1,029604E+6	12,000000E+0
1194	885,000000E+0	18,830000E+0	30,686000E+0	1,029814E+6	12,000000E+0
1195	885,000000E+0	18,830000E+0	30,915000E+0	1,029982E+6	12,000000E+0
1196	885,000000E+0	18,830000E+0	31,144000E+0	1,030149E+6	12,000000E+0
1197	885,000000E+0	18,830000E+0	30,915000E+0	1,030316E+6	12,000000E+0
1198	885,000000E+0	18,830000E+0	30,915000E+0	1,030484E+6	12,000000E+0
1199	885,000000E+0	18,830000E+0	30,686000E+0	1,030651E+6	12,000000E+0
1200	885,000000E+0	18,830000E+0	30,457000E+0	1,030819E+6	12,000000E+0
1201	885,000000E+0	18,830000E+0	30,457000E+0	1,030987E+6	12,000000E+0
1202	885,000000E+0	18,830000E+0	30,228000E+0	1,031155E+6	12,000000E+0
1203	885,000000E+0	18,830000E+0	29,999000E+0	1,031322E+6	12,000000E+0
1204	885,000000E+0	18,830000E+0	29,999000E+0	1,031488E+6	12,000000E+0
1205	885,000000E+0	18,830000E+0	30,228000E+0	1,031657E+6	12,000000E+0
1206	885,000000E+0	18,830000E+0	30,457000E+0	1,031824E+6	12,000000E+0
1207	885,000000E+0	18,830000E+0	30,457000E+0	1,031995E+6	12,000000E+0
1208	885,000000E+0	18,830000E+0	30,686000E+0	1,032199E+6	12,000000E+0
1209	885,000000E+0	18,830000E+0	30,686000E+0	1,032408E+6	12,000000E+0
1210	885,000000E+0	18,830000E+0	30,686000E+0	1,032572E+6	12,000000E+0
1211	885,000000E+0	18,830000E+0	30,457000E+0	1,032739E+6	12,000000E+0
1212	885,000000E+0	18,830000E+0	30,228000E+0	1,032906E+6	12,000000E+0
1213	885,000000E+0	18,830000E+0	29,999000E+0	1,033071E+6	12,000000E+0
1214	885,000000E+0	18,830000E+0	29,999000E+0	1,033280E+6	12,000000E+0
1215	885,000000E+0	18,830000E+0	30,228000E+0	1,033447E+6	12,000000E+0
1216	885,000000E+0	18,830000E+0	30,228000E+0	1,033616E+6	12,000000E+0
1217	885,000000E+0	18,830000E+0	30,686000E+0	1,033782E+6	12,000000E+0
1218	885,000000E+0	18,830000E+0	30,686000E+0	1,033951E+6	12,000000E+0
1219	885,000000E+0	18,830000E+0	30,915000E+0	1,034116E+6	12,000000E+0
1220	885,000000E+0	18,830000E+0	31,144000E+0	1,034285E+6	12,000000E+0
1221	885,000000E+0	18,830000E+0	31,144000E+0	1,034454E+6	12,000000E+0
1222	885,000000E+0	18,830000E+0	30,915000E+0	1,034618E+6	12,000000E+0
1223	885,000000E+0	18,830000E+0	30,686000E+0	1,034786E+6	12,000000E+0
1224	885,000000E+0	18,830000E+0	30,228000E+0	1,034954E+6	12,000000E+0
1225	885,000000E+0	18,830000E+0	30,228000E+0	1,035121E+6	12,000000E+0
1226	885,000000E+0	18,830000E+0	30,228000E+0	1,035289E+6	12,000000E+0
1227	885,000000E+0	18,830000E+0	30,228000E+0	1,035457E+6	12,000000E+0
1228	885,000000E+0	18,830000E+0	30,228000E+0	1,035625E+6	12,000000E+0
1229	885,000000E+0	18,830000E+0	30,228000E+0	1,035793E+6	12,000000E+0
1230	885,000000E+0	18,830000E+0	30,457000E+0	1,035960E+6	12,000000E+0
1231	885,000000E+0	18,830000E+0	30,686000E+0	1,036126E+6	12,000000E+0
1232	885,000000E+0	18,830000E+0	30,686000E+0	1,036294E+6	12,000000E+0
1233	885,000000E+0	18,830000E+0	30,686000E+0	1,036458E+6	12,000000E+0
1234	885,000000E+0	18,830000E+0	30,686000E+0	1,036627E+6	12,000000E+0
1235	885,000000E+0	18,830000E+0	30,457000E+0	1,036791E+6	12,000000E+0
1236	885,000000E+0	18,830000E+0	30,457000E+0	1,036961E+6	12,000000E+0
1237	885,000000E+0	18,830000E+0	29,999000E+0	1,037126E+6	12,000000E+0
1238	885,000000E+0	18,830000E+0	29,999000E+0	1,037292E+6	12,000000E+0
1239	885,000000E+0	18,830000E+0	30,228000E+0	1,037469E+6	12,000000E+0
1240	885,000000E+0	18,830000E+0	30,228000E+0	1,037667E+6	12,000000E+0
1241	885,000000E+0	18,830000E+0	30,457000E+0	1,037835E+6	12,000000E+0
1242	885,000000E+0	18,830000E+0	30,686000E+0	1,038003E+6	12,000000E+0
1243	885,000000E+0	18,830000E+0	30,915000E+0	1,038172E+6	12,000000E+0
1244	885,000000E+0	18,830000E+0	31,144000E+0	1,038338E+6	12,000000E+0
1245	885,000000E+0	18,830000E+0	31,144000E+0	1,038505E+6	12,000000E+0
1246	885,000000E+0	18,830000E+0	31,144000E+0	1,038672E+6	12,000000E+0
1247	885,000000E+0	18,830000E+0	30,915000E+0	1,038839E+6	12,000000E+0
1248	885,000000E+0	18,830000E+0	30,457000E+0	1,039008E+6	12,000000E+0
1249	885,000000E+0	18,830000E+0	30,228000E+0	1,039175E+6	12,000000E+0
1250	885,000000E+0	18,830000E+0	29,999000E+0	1,039341E+6	12,000000E+0
1251	885,000000E+0	18,830000E+0	30,228000E+0	1,039510E+6	12,000000E+0
