mardi 23 janvier 2024	10:05:54	Sampling Period : 20  ms		
Unities: time [sample], PWM [raw], Current [mA], velocity [rev/min], Position [pulse], Present Input Voltage [V]

t	DXL_PWM		DXL_Current		DXL_Velocity		DXL_Position		DXL_Input_Voltage
0	-1,000000E+0	0,000000E+0	0,000000E+0	2,771000E+3	12,000000E+0
1	2,000000E+0	0,000000E+0	0,000000E+0	2,771000E+3	12,000000E+0
2	11,000000E+0	0,000000E+0	0,000000E+0	2,771000E+3	12,000000E+0
3	15,000000E+0	0,000000E+0	229,000000E-3	2,773000E+3	12,000000E+0
4	17,000000E+0	0,000000E+0	229,000000E-3	2,775000E+3	12,000000E+0
5	17,000000E+0	0,000000E+0	229,000000E-3	2,777000E+3	12,000000E+0
6	17,000000E+0	0,000000E+0	458,000000E-3	2,781000E+3	12,000000E+0
7	17,000000E+0	0,000000E+0	458,000000E-3	2,783000E+3	12,000000E+0
8	17,000000E+0	0,000000E+0	229,000000E-3	2,786000E+3	12,000000E+0
9	17,000000E+0	0,000000E+0	229,000000E-3	2,789000E+3	12,000000E+0
10	17,000000E+0	0,000000E+0	229,000000E-3	2,791000E+3	12,000000E+0
11	17,000000E+0	0,000000E+0	458,000000E-3	2,794000E+3	12,000000E+0
12	17,000000E+0	0,000000E+0	458,000000E-3	2,796000E+3	12,000000E+0
13	18,000000E+0	0,000000E+0	229,000000E-3	2,799000E+3	12,000000E+0
14	18,000000E+0	0,000000E+0	458,000000E-3	2,801000E+3	12,000000E+0
15	17,000000E+0	0,000000E+0	458,000000E-3	2,804000E+3	12,000000E+0
16	17,000000E+0	0,000000E+0	458,000000E-3	2,807000E+3	12,000000E+0
17	17,000000E+0	0,000000E+0	458,000000E-3	2,809000E+3	12,000000E+0
18	17,000000E+0	0,000000E+0	229,000000E-3	2,811000E+3	12,000000E+0
19	17,000000E+0	0,000000E+0	458,000000E-3	2,814000E+3	12,000000E+0
20	16,000000E+0	0,000000E+0	458,000000E-3	2,817000E+3	12,000000E+0
21	17,000000E+0	0,000000E+0	229,000000E-3	2,819000E+3	12,000000E+0
22	17,000000E+0	0,000000E+0	229,000000E-3	2,822000E+3	12,000000E+0
23	17,000000E+0	0,000000E+0	458,000000E-3	2,825000E+3	12,000000E+0
24	18,000000E+0	0,000000E+0	229,000000E-3	2,827000E+3	12,000000E+0
25	17,000000E+0	0,000000E+0	458,000000E-3	2,829000E+3	12,000000E+0
26	17,000000E+0	0,000000E+0	458,000000E-3	2,832000E+3	12,000000E+0
27	18,000000E+0	0,000000E+0	458,000000E-3	2,835000E+3	12,000000E+0
28	17,000000E+0	0,000000E+0	458,000000E-3	2,838000E+3	12,000000E+0
29	16,000000E+0	0,000000E+0	458,000000E-3	2,840000E+3	12,000000E+0
30	17,000000E+0	0,000000E+0	458,000000E-3	2,843000E+3	12,000000E+0
31	17,000000E+0	0,000000E+0	229,000000E-3	2,845000E+3	12,000000E+0
32	17,000000E+0	0,000000E+0	229,000000E-3	2,848000E+3	12,000000E+0
33	16,000000E+0	0,000000E+0	458,000000E-3	2,850000E+3	12,000000E+0
34	16,000000E+0	0,000000E+0	458,000000E-3	2,853000E+3	12,000000E+0
35	17,000000E+0	0,000000E+0	229,000000E-3	2,855000E+3	12,000000E+0
36	17,000000E+0	0,000000E+0	229,000000E-3	2,858000E+3	12,000000E+0
37	16,000000E+0	0,000000E+0	458,000000E-3	2,860000E+3	12,000000E+0
38	16,000000E+0	0,000000E+0	458,000000E-3	2,863000E+3	12,000000E+0
39	17,000000E+0	0,000000E+0	458,000000E-3	2,865000E+3	12,000000E+0
40	16,000000E+0	0,000000E+0	458,000000E-3	2,868000E+3	12,000000E+0
41	17,000000E+0	0,000000E+0	229,000000E-3	2,870000E+3	12,000000E+0
42	16,000000E+0	0,000000E+0	458,000000E-3	2,873000E+3	12,000000E+0
43	16,000000E+0	0,000000E+0	458,000000E-3	2,875000E+3	12,000000E+0
44	17,000000E+0	0,000000E+0	229,000000E-3	2,878000E+3	12,000000E+0
45	17,000000E+0	0,000000E+0	229,000000E-3	2,880000E+3	12,000000E+0
46	17,000000E+0	0,000000E+0	229,000000E-3	2,883000E+3	12,000000E+0
47	17,000000E+0	0,000000E+0	458,000000E-3	2,885000E+3	12,000000E+0
48	17,000000E+0	0,000000E+0	458,000000E-3	2,888000E+3	12,000000E+0
49	16,000000E+0	0,000000E+0	229,000000E-3	2,890000E+3	12,000000E+0
50	17,000000E+0	0,000000E+0	229,000000E-3	2,893000E+3	12,000000E+0
51	16,000000E+0	0,000000E+0	458,000000E-3	2,895000E+3	12,000000E+0
52	18,000000E+0	0,000000E+0	229,000000E-3	2,898000E+3	12,000000E+0
53	16,000000E+0	0,000000E+0	458,000000E-3	2,900000E+3	12,000000E+0
54	16,000000E+0	0,000000E+0	229,000000E-3	2,903000E+3	12,000000E+0
55	17,000000E+0	0,000000E+0	229,000000E-3	2,905000E+3	12,000000E+0
56	17,000000E+0	0,000000E+0	458,000000E-3	2,908000E+3	12,000000E+0
57	16,000000E+0	0,000000E+0	229,000000E-3	2,910000E+3	12,000000E+0
58	18,000000E+0	0,000000E+0	229,000000E-3	2,913000E+3	12,000000E+0
59	17,000000E+0	0,000000E+0	458,000000E-3	2,915000E+3	12,000000E+0
60	18,000000E+0	0,000000E+0	229,000000E-3	2,918000E+3	12,000000E+0
61	17,000000E+0	0,000000E+0	458,000000E-3	2,921000E+3	12,000000E+0
62	16,000000E+0	0,000000E+0	458,000000E-3	2,923000E+3	12,000000E+0
63	17,000000E+0	0,000000E+0	229,000000E-3	2,926000E+3	12,000000E+0
64	16,000000E+0	0,000000E+0	458,000000E-3	2,929000E+3	12,000000E+0
65	16,000000E+0	0,000000E+0	229,000000E-3	2,931000E+3	12,000000E+0
66	18,000000E+0	0,000000E+0	229,000000E-3	2,933000E+3	12,000000E+0
67	17,000000E+0	0,000000E+0	458,000000E-3	2,936000E+3	12,000000E+0
68	17,000000E+0	0,000000E+0	458,000000E-3	2,938000E+3	12,000000E+0
69	17,000000E+0	0,000000E+0	229,000000E-3	2,941000E+3	12,000000E+0
70	17,000000E+0	0,000000E+0	458,000000E-3	2,944000E+3	12,000000E+0
71	4,352000E+3	0,000000E+0	58,624000E+0	754,176000E+3	3,072000E+3
72	16,000000E+0	0,000000E+0	458,000000E-3	2,949000E+3	12,000000E+0
73	16,000000E+0	0,000000E+0	229,000000E-3	2,951000E+3	12,000000E+0
74	17,000000E+0	0,000000E+0	229,000000E-3	2,954000E+3	12,000000E+0
75	16,000000E+0	0,000000E+0	458,000000E-3	2,957000E+3	12,000000E+0
76	16,000000E+0	0,000000E+0	229,000000E-3	2,959000E+3	12,000000E+0
77	17,000000E+0	0,000000E+0	229,000000E-3	2,962000E+3	12,000000E+0
78	17,000000E+0	0,000000E+0	229,000000E-3	2,964000E+3	12,000000E+0
79	16,000000E+0	0,000000E+0	458,000000E-3	2,967000E+3	12,000000E+0
80	17,000000E+0	0,000000E+0	229,000000E-3	2,969000E+3	12,000000E+0
81	16,000000E+0	0,000000E+0	458,000000E-3	2,972000E+3	12,000000E+0
82	16,000000E+0	0,000000E+0	229,000000E-3	2,974000E+3	12,000000E+0
83	17,000000E+0	0,000000E+0	229,000000E-3	2,977000E+3	12,000000E+0
84	17,000000E+0	0,000000E+0	229,000000E-3	2,980000E+3	12,000000E+0
85	17,000000E+0	0,000000E+0	458,000000E-3	2,982000E+3	12,000000E+0
86	17,000000E+0	0,000000E+0	229,000000E-3	2,985000E+3	12,000000E+0
87	17,000000E+0	0,000000E+0	458,000000E-3	2,987000E+3	12,000000E+0
88	17,000000E+0	0,000000E+0	229,000000E-3	2,990000E+3	12,000000E+0
89	17,000000E+0	0,000000E+0	229,000000E-3	2,992000E+3	12,000000E+0
90	17,000000E+0	0,000000E+0	458,000000E-3	2,995000E+3	12,000000E+0
91	17,000000E+0	0,000000E+0	229,000000E-3	2,997000E+3	12,000000E+0
92	17,000000E+0	0,000000E+0	229,000000E-3	3,000000E+3	12,000000E+0
93	17,000000E+0	0,000000E+0	458,000000E-3	3,003000E+3	12,000000E+0
94	17,000000E+0	0,000000E+0	229,000000E-3	3,005000E+3	12,000000E+0
95	17,000000E+0	0,000000E+0	458,000000E-3	3,008000E+3	12,000000E+0
96	17,000000E+0	0,000000E+0	458,000000E-3	3,010000E+3	12,000000E+0
97	17,000000E+0	0,000000E+0	229,000000E-3	3,013000E+3	12,000000E+0
98	16,000000E+0	0,000000E+0	458,000000E-3	3,015000E+3	12,000000E+0
99	17,000000E+0	0,000000E+0	229,000000E-3	3,018000E+3	12,000000E+0
100	17,000000E+0	0,000000E+0	458,000000E-3	3,021000E+3	12,000000E+0
101	17,000000E+0	0,000000E+0	458,000000E-3	3,023000E+3	12,000000E+0
102	17,000000E+0	0,000000E+0	229,000000E-3	3,027000E+3	12,000000E+0
103	17,000000E+0	0,000000E+0	458,000000E-3	3,029000E+3	12,000000E+0
104	17,000000E+0	0,000000E+0	458,000000E-3	3,031000E+3	12,000000E+0
105	17,000000E+0	0,000000E+0	229,000000E-3	3,035000E+3	12,000000E+0
106	17,000000E+0	0,000000E+0	458,000000E-3	3,037000E+3	12,000000E+0
107	16,000000E+0	0,000000E+0	458,000000E-3	3,039000E+3	12,000000E+0
108	17,000000E+0	0,000000E+0	229,000000E-3	3,042000E+3	12,000000E+0
109	17,000000E+0	0,000000E+0	229,000000E-3	3,045000E+3	12,000000E+0
110	17,000000E+0	0,000000E+0	229,000000E-3	3,047000E+3	12,000000E+0
111	17,000000E+0	0,000000E+0	458,000000E-3	3,050000E+3	12,000000E+0
112	16,000000E+0	0,000000E+0	458,000000E-3	3,052000E+3	12,000000E+0
113	16,000000E+0	0,000000E+0	458,000000E-3	3,054000E+3	12,000000E+0
114	17,000000E+0	0,000000E+0	229,000000E-3	3,058000E+3	12,000000E+0
115	16,000000E+0	0,000000E+0	458,000000E-3	3,061000E+3	12,000000E+0
116	17,000000E+0	0,000000E+0	229,000000E-3	3,062000E+3	12,000000E+0
117	17,000000E+0	0,000000E+0	458,000000E-3	3,065000E+3	12,000000E+0
118	17,000000E+0	0,000000E+0	458,000000E-3	3,068000E+3	12,000000E+0
119	17,000000E+0	0,000000E+0	229,000000E-3	3,070000E+3	12,000000E+0
120	17,000000E+0	0,000000E+0	229,000000E-3	3,073000E+3	12,000000E+0
121	17,000000E+0	0,000000E+0	458,000000E-3	3,076000E+3	12,000000E+0
122	18,000000E+0	0,000000E+0	229,000000E-3	3,078000E+3	12,000000E+0
123	16,000000E+0	0,000000E+0	458,000000E-3	3,081000E+3	12,000000E+0
124	17,000000E+0	0,000000E+0	458,000000E-3	3,083000E+3	12,000000E+0
125	17,000000E+0	0,000000E+0	458,000000E-3	3,086000E+3	12,000000E+0
126	17,000000E+0	0,000000E+0	458,000000E-3	3,089000E+3	12,000000E+0
127	17,000000E+0	0,000000E+0	458,000000E-3	3,091000E+3	12,000000E+0
128	17,000000E+0	0,000000E+0	458,000000E-3	3,094000E+3	12,000000E+0
129	16,000000E+0	0,000000E+0	458,000000E-3	3,096000E+3	12,000000E+0
130	17,000000E+0	0,000000E+0	229,000000E-3	3,099000E+3	12,000000E+0
131	17,000000E+0	0,000000E+0	458,000000E-3	3,101000E+3	12,000000E+0
132	16,000000E+0	0,000000E+0	458,000000E-3	3,105000E+3	12,000000E+0
133	17,000000E+0	0,000000E+0	229,000000E-3	3,107000E+3	12,000000E+0
134	16,000000E+0	0,000000E+0	458,000000E-3	3,110000E+3	12,000000E+0
135	16,000000E+0	0,000000E+0	458,000000E-3	3,112000E+3	12,000000E+0
136	17,000000E+0	0,000000E+0	229,000000E-3	3,115000E+3	12,000000E+0
137	15,000000E+0	0,000000E+0	458,000000E-3	3,118000E+3	12,000000E+0
138	17,000000E+0	0,000000E+0	229,000000E-3	3,120000E+3	12,000000E+0
139	15,000000E+0	0,000000E+0	458,000000E-3	3,123000E+3	12,000000E+0
140	16,000000E+0	0,000000E+0	458,000000E-3	3,126000E+3	12,000000E+0
141	17,000000E+0	0,000000E+0	229,000000E-3	3,128000E+3	12,000000E+0
142	17,000000E+0	0,000000E+0	458,000000E-3	3,132000E+3	12,000000E+0
143	17,000000E+0	0,000000E+0	458,000000E-3	3,134000E+3	12,000000E+0
144	16,000000E+0	0,000000E+0	458,000000E-3	3,137000E+3	12,000000E+0
145	16,000000E+0	0,000000E+0	458,000000E-3	3,140000E+3	12,000000E+0
146	16,000000E+0	0,000000E+0	229,000000E-3	3,142000E+3	12,000000E+0
147	16,000000E+0	0,000000E+0	229,000000E-3	3,145000E+3	12,000000E+0
148	16,000000E+0	0,000000E+0	229,000000E-3	3,147000E+3	12,000000E+0
149	16,000000E+0	0,000000E+0	229,000000E-3	3,150000E+3	12,000000E+0
150	16,000000E+0	0,000000E+0	229,000000E-3	3,152000E+3	12,000000E+0
151	16,000000E+0	0,000000E+0	229,000000E-3	3,154000E+3	12,000000E+0
152	18,000000E+0	0,000000E+0	229,000000E-3	3,157000E+3	12,000000E+0
153	17,000000E+0	0,000000E+0	458,000000E-3	3,159000E+3	12,000000E+0
154	17,000000E+0	0,000000E+0	229,000000E-3	3,162000E+3	12,000000E+0
155	18,000000E+0	0,000000E+0	229,000000E-3	3,164000E+3	12,000000E+0
156	17,000000E+0	0,000000E+0	458,000000E-3	3,167000E+3	12,000000E+0
157	17,000000E+0	0,000000E+0	229,000000E-3	3,169000E+3	12,000000E+0
158	17,000000E+0	0,000000E+0	458,000000E-3	3,172000E+3	12,000000E+0
159	17,000000E+0	0,000000E+0	458,000000E-3	3,175000E+3	12,000000E+0
160	17,000000E+0	0,000000E+0	229,000000E-3	3,177000E+3	12,000000E+0
161	17,000000E+0	0,000000E+0	229,000000E-3	3,180000E+3	12,000000E+0
162	16,000000E+0	0,000000E+0	458,000000E-3	3,182000E+3	12,000000E+0
163	18,000000E+0	0,000000E+0	229,000000E-3	3,185000E+3	12,000000E+0
164	16,000000E+0	0,000000E+0	458,000000E-3	3,188000E+3	12,000000E+0
165	16,000000E+0	0,000000E+0	458,000000E-3	3,190000E+3	12,000000E+0
166	17,000000E+0	0,000000E+0	229,000000E-3	3,193000E+3	12,000000E+0
167	17,000000E+0	0,000000E+0	458,000000E-3	3,196000E+3	12,000000E+0
168	17,000000E+0	0,000000E+0	458,000000E-3	3,198000E+3	12,000000E+0
169	16,000000E+0	0,000000E+0	458,000000E-3	3,201000E+3	12,000000E+0
170	16,000000E+0	0,000000E+0	458,000000E-3	3,204000E+3	12,000000E+0
171	17,000000E+0	0,000000E+0	229,000000E-3	3,205000E+3	12,000000E+0
172	17,000000E+0	0,000000E+0	458,000000E-3	3,208000E+3	12,000000E+0
173	16,000000E+0	0,000000E+0	458,000000E-3	3,211000E+3	12,000000E+0
174	17,000000E+0	0,000000E+0	229,000000E-3	3,213000E+3	12,000000E+0
175	16,000000E+0	0,000000E+0	458,000000E-3	3,217000E+3	12,000000E+0
176	16,000000E+0	0,000000E+0	458,000000E-3	3,219000E+3	12,000000E+0
177	17,000000E+0	0,000000E+0	229,000000E-3	3,222000E+3	12,000000E+0
178	16,000000E+0	0,000000E+0	458,000000E-3	3,225000E+3	12,000000E+0
179	17,000000E+0	0,000000E+0	229,000000E-3	3,227000E+3	12,000000E+0
180	17,000000E+0	0,000000E+0	458,000000E-3	3,229000E+3	12,000000E+0
181	16,000000E+0	0,000000E+0	458,000000E-3	3,233000E+3	12,000000E+0
182	17,000000E+0	0,000000E+0	229,000000E-3	3,235000E+3	12,000000E+0
183	16,000000E+0	0,000000E+0	458,000000E-3	3,237000E+3	12,000000E+0
184	16,000000E+0	0,000000E+0	458,000000E-3	3,240000E+3	12,000000E+0
185	18,000000E+0	0,000000E+0	229,000000E-3	3,242000E+3	12,000000E+0
186	16,000000E+0	0,000000E+0	458,000000E-3	3,245000E+3	12,000000E+0
187	17,000000E+0	0,000000E+0	458,000000E-3	3,247000E+3	12,000000E+0
188	18,000000E+0	0,000000E+0	229,000000E-3	3,251000E+3	12,000000E+0
189	17,000000E+0	0,000000E+0	458,000000E-3	3,253000E+3	12,000000E+0
190	17,000000E+0	0,000000E+0	458,000000E-3	3,256000E+3	12,000000E+0
191	18,000000E+0	0,000000E+0	229,000000E-3	3,258000E+3	12,000000E+0
192	18,000000E+0	0,000000E+0	458,000000E-3	3,261000E+3	12,000000E+0
193	18,000000E+0	0,000000E+0	458,000000E-3	3,263000E+3	12,000000E+0
194	17,000000E+0	0,000000E+0	458,000000E-3	3,266000E+3	12,000000E+0
195	17,000000E+0	0,000000E+0	458,000000E-3	3,269000E+3	12,000000E+0
196	17,000000E+0	0,000000E+0	229,000000E-3	3,271000E+3	12,000000E+0
197	16,000000E+0	0,000000E+0	458,000000E-3	3,274000E+3	12,000000E+0
198	16,000000E+0	0,000000E+0	458,000000E-3	3,277000E+3	12,000000E+0
199	17,000000E+0	0,000000E+0	229,000000E-3	3,279000E+3	12,000000E+0
200	15,000000E+0	0,000000E+0	458,000000E-3	3,282000E+3	12,000000E+0
201	16,000000E+0	0,000000E+0	458,000000E-3	3,284000E+3	12,000000E+0
202	16,000000E+0	0,000000E+0	458,000000E-3	3,287000E+3	12,000000E+0
203	16,000000E+0	0,000000E+0	458,000000E-3	3,290000E+3	12,000000E+0
204	16,000000E+0	0,000000E+0	458,000000E-3	3,292000E+3	12,000000E+0
205	16,000000E+0	0,000000E+0	229,000000E-3	3,294000E+3	12,000000E+0
206	16,000000E+0	0,000000E+0	229,000000E-3	3,296000E+3	12,000000E+0
207	17,000000E+0	0,000000E+0	229,000000E-3	3,299000E+3	12,000000E+0
208	14,000000E+0	0,000000E+0	458,000000E-3	3,302000E+3	12,000000E+0
209	15,000000E+0	0,000000E+0	458,000000E-3	3,304000E+3	12,000000E+0
210	16,000000E+0	0,000000E+0	229,000000E-3	3,306000E+3	12,000000E+0
211	16,000000E+0	0,000000E+0	458,000000E-3	3,309000E+3	12,000000E+0
212	16,000000E+0	0,000000E+0	458,000000E-3	3,311000E+3	12,000000E+0
213	17,000000E+0	0,000000E+0	229,000000E-3	3,314000E+3	12,000000E+0
214	17,000000E+0	0,000000E+0	458,000000E-3	3,316000E+3	12,000000E+0
215	17,000000E+0	0,000000E+0	458,000000E-3	3,319000E+3	12,000000E+0
216	17,000000E+0	0,000000E+0	229,000000E-3	3,322000E+3	12,000000E+0
217	16,000000E+0	0,000000E+0	458,000000E-3	3,324000E+3	12,000000E+0
218	16,000000E+0	0,000000E+0	229,000000E-3	3,327000E+3	12,000000E+0
219	16,000000E+0	0,000000E+0	458,000000E-3	3,329000E+3	12,000000E+0
220	16,000000E+0	0,000000E+0	229,000000E-3	3,331000E+3	12,000000E+0
221	17,000000E+0	0,000000E+0	229,000000E-3	3,333000E+3	12,000000E+0
222	18,000000E+0	0,000000E+0	229,000000E-3	3,336000E+3	12,000000E+0
223	17,000000E+0	0,000000E+0	458,000000E-3	3,339000E+3	12,000000E+0
224	17,000000E+0	0,000000E+0	458,000000E-3	3,341000E+3	12,000000E+0
225	18,000000E+0	0,000000E+0	229,000000E-3	3,343000E+3	12,000000E+0
226	18,000000E+0	0,000000E+0	458,000000E-3	3,346000E+3	12,000000E+0
227	18,000000E+0	0,000000E+0	229,000000E-3	3,349000E+3	12,000000E+0
228	18,000000E+0	0,000000E+0	229,000000E-3	3,351000E+3	12,000000E+0
229	17,000000E+0	0,000000E+0	229,000000E-3	3,354000E+3	12,000000E+0
230	17,000000E+0	0,000000E+0	458,000000E-3	3,356000E+3	12,000000E+0
231	17,000000E+0	0,000000E+0	458,000000E-3	3,359000E+3	12,000000E+0
232	16,000000E+0	0,000000E+0	458,000000E-3	3,363000E+3	12,000000E+0
233	18,000000E+0	0,000000E+0	229,000000E-3	3,365000E+3	12,000000E+0
234	16,000000E+0	0,000000E+0	458,000000E-3	3,368000E+3	12,000000E+0
235	16,000000E+0	0,000000E+0	458,000000E-3	3,370000E+3	12,000000E+0
236	16,000000E+0	0,000000E+0	229,000000E-3	3,373000E+3	12,000000E+0
237	16,000000E+0	0,000000E+0	229,000000E-3	3,375000E+3	12,000000E+0
238	16,000000E+0	0,000000E+0	229,000000E-3	3,377000E+3	12,000000E+0
239	17,000000E+0	0,000000E+0	229,000000E-3	3,380000E+3	12,000000E+0
240	16,000000E+0	0,000000E+0	458,000000E-3	3,383000E+3	12,000000E+0
241	16,000000E+0	0,000000E+0	229,000000E-3	3,385000E+3	12,000000E+0
242	16,000000E+0	0,000000E+0	458,000000E-3	3,388000E+3	12,000000E+0
243	16,000000E+0	0,000000E+0	458,000000E-3	3,391000E+3	12,000000E+0
244	16,000000E+0	0,000000E+0	229,000000E-3	3,393000E+3	12,000000E+0
245	16,000000E+0	0,000000E+0	229,000000E-3	3,395000E+3	12,000000E+0
246	16,000000E+0	0,000000E+0	458,000000E-3	3,398000E+3	12,000000E+0
247	16,000000E+0	0,000000E+0	229,000000E-3	3,400000E+3	12,000000E+0
248	16,000000E+0	0,000000E+0	229,000000E-3	3,403000E+3	12,000000E+0
249	16,000000E+0	0,000000E+0	458,000000E-3	3,405000E+3	12,000000E+0
250	17,000000E+0	0,000000E+0	229,000000E-3	3,408000E+3	12,000000E+0
251	16,000000E+0	0,000000E+0	458,000000E-3	3,410000E+3	12,000000E+0
252	16,000000E+0	0,000000E+0	229,000000E-3	3,413000E+3	12,000000E+0
253	16,000000E+0	0,000000E+0	458,000000E-3	3,415000E+3	12,000000E+0
254	16,000000E+0	0,000000E+0	458,000000E-3	3,418000E+3	12,000000E+0
255	17,000000E+0	0,000000E+0	229,000000E-3	3,420000E+3	12,000000E+0
256	17,000000E+0	0,000000E+0	458,000000E-3	3,423000E+3	12,000000E+0
257	17,000000E+0	0,000000E+0	458,000000E-3	3,425000E+3	12,000000E+0
258	18,000000E+0	0,000000E+0	229,000000E-3	3,428000E+3	12,000000E+0
259	17,000000E+0	0,000000E+0	458,000000E-3	3,430000E+3	12,000000E+0
260	17,000000E+0	0,000000E+0	458,000000E-3	3,433000E+3	12,000000E+0
261	18,000000E+0	0,000000E+0	229,000000E-3	3,435000E+3	12,000000E+0
262	17,000000E+0	0,000000E+0	458,000000E-3	3,438000E+3	12,000000E+0
263	17,000000E+0	0,000000E+0	458,000000E-3	3,441000E+3	12,000000E+0
264	18,000000E+0	0,000000E+0	229,000000E-3	3,443000E+3	12,000000E+0
265	17,000000E+0	0,000000E+0	458,000000E-3	3,445000E+3	12,000000E+0
266	17,000000E+0	0,000000E+0	458,000000E-3	3,448000E+3	12,000000E+0
267	17,000000E+0	0,000000E+0	458,000000E-3	3,451000E+3	12,000000E+0
268	17,000000E+0	0,000000E+0	458,000000E-3	3,453000E+3	12,000000E+0
269	17,000000E+0	0,000000E+0	458,000000E-3	3,456000E+3	12,000000E+0
270	17,000000E+0	0,000000E+0	229,000000E-3	3,459000E+3	12,000000E+0
271	17,000000E+0	0,000000E+0	458,000000E-3	3,461000E+3	12,000000E+0
272	16,000000E+0	0,000000E+0	229,000000E-3	3,464000E+3	12,000000E+0
273	16,000000E+0	0,000000E+0	458,000000E-3	3,467000E+3	12,000000E+0
274	16,000000E+0	0,000000E+0	458,000000E-3	3,469000E+3	12,000000E+0
275	16,000000E+0	0,000000E+0	229,000000E-3	3,471000E+3	12,000000E+0
276	16,000000E+0	0,000000E+0	458,000000E-3	3,474000E+3	12,000000E+0
277	16,000000E+0	0,000000E+0	229,000000E-3	3,476000E+3	12,000000E+0
278	17,000000E+0	0,000000E+0	458,000000E-3	3,479000E+3	12,000000E+0
279	16,000000E+0	0,000000E+0	229,000000E-3	3,481000E+3	12,000000E+0
280	16,000000E+0	0,000000E+0	229,000000E-3	3,484000E+3	12,000000E+0
281	16,000000E+0	0,000000E+0	229,000000E-3	3,486000E+3	12,000000E+0
282	16,000000E+0	0,000000E+0	458,000000E-3	3,490000E+3	12,000000E+0
283	16,000000E+0	0,000000E+0	229,000000E-3	3,492000E+3	12,000000E+0
284	16,000000E+0	0,000000E+0	458,000000E-3	3,495000E+3	12,000000E+0
285	16,000000E+0	0,000000E+0	458,000000E-3	3,497000E+3	12,000000E+0
286	18,000000E+0	0,000000E+0	229,000000E-3	3,500000E+3	12,000000E+0
287	15,000000E+0	0,000000E+0	458,000000E-3	3,503000E+3	12,000000E+0
288	16,000000E+0	0,000000E+0	458,000000E-3	3,505000E+3	12,000000E+0
289	18,000000E+0	0,000000E+0	229,000000E-3	3,508000E+3	12,000000E+0
290	18,000000E+0	0,000000E+0	458,000000E-3	3,510000E+3	12,000000E+0
291	17,000000E+0	0,000000E+0	458,000000E-3	3,513000E+3	12,000000E+0
292	18,000000E+0	0,000000E+0	229,000000E-3	3,515000E+3	12,000000E+0
293	18,000000E+0	0,000000E+0	458,000000E-3	3,518000E+3	12,000000E+0
294	18,000000E+0	0,000000E+0	229,000000E-3	3,520000E+3	12,000000E+0
295	17,000000E+0	0,000000E+0	458,000000E-3	3,523000E+3	12,000000E+0
296	16,000000E+0	0,000000E+0	458,000000E-3	3,526000E+3	12,000000E+0
297	17,000000E+0	0,000000E+0	229,000000E-3	3,528000E+3	12,000000E+0
298	17,000000E+0	0,000000E+0	458,000000E-3	3,531000E+3	12,000000E+0
299	17,000000E+0	0,000000E+0	458,000000E-3	3,533000E+3	12,000000E+0
300	17,000000E+0	0,000000E+0	229,000000E-3	3,536000E+3	12,000000E+0
301	16,000000E+0	0,000000E+0	458,000000E-3	3,538000E+3	12,000000E+0
302	17,000000E+0	0,000000E+0	229,000000E-3	3,541000E+3	12,000000E+0
303	17,000000E+0	0,000000E+0	229,000000E-3	3,543000E+3	12,000000E+0
304	17,000000E+0	0,000000E+0	458,000000E-3	3,546000E+3	12,000000E+0
305	16,000000E+0	0,000000E+0	229,000000E-3	3,548000E+3	12,000000E+0
306	16,000000E+0	0,000000E+0	229,000000E-3	3,551000E+3	12,000000E+0
307	15,000000E+0	0,000000E+0	458,000000E-3	3,555000E+3	12,000000E+0
308	17,000000E+0	0,000000E+0	229,000000E-3	3,557000E+3	12,000000E+0
309	17,000000E+0	0,000000E+0	458,000000E-3	3,560000E+3	12,000000E+0
310	16,000000E+0	0,000000E+0	458,000000E-3	3,562000E+3	12,000000E+0
311	17,000000E+0	0,000000E+0	229,000000E-3	3,565000E+3	12,000000E+0
312	16,000000E+0	0,000000E+0	458,000000E-3	3,567000E+3	12,000000E+0
313	16,000000E+0	0,000000E+0	458,000000E-3	3,570000E+3	12,000000E+0
314	17,000000E+0	0,000000E+0	229,000000E-3	3,572000E+3	12,000000E+0
315	15,000000E+0	0,000000E+0	458,000000E-3	3,575000E+3	12,000000E+0
316	16,000000E+0	0,000000E+0	458,000000E-3	3,577000E+3	12,000000E+0
317	16,000000E+0	0,000000E+0	458,000000E-3	3,580000E+3	12,000000E+0
318	16,000000E+0	0,000000E+0	458,000000E-3	3,582000E+3	12,000000E+0
319	16,000000E+0	0,000000E+0	229,000000E-3	3,585000E+3	12,000000E+0
320	16,000000E+0	0,000000E+0	458,000000E-3	3,588000E+3	12,000000E+0
321	16,000000E+0	0,000000E+0	458,000000E-3	3,590000E+3	12,000000E+0
322	17,000000E+0	0,000000E+0	229,000000E-3	3,592000E+3	12,000000E+0
323	17,000000E+0	0,000000E+0	229,000000E-3	3,594000E+3	12,000000E+0
324	17,000000E+0	0,000000E+0	229,000000E-3	3,597000E+3	12,000000E+0
325	18,000000E+0	0,000000E+0	229,000000E-3	3,599000E+3	12,000000E+0
326	19,000000E+0	0,000000E+0	229,000000E-3	3,602000E+3	12,000000E+0
327	16,000000E+0	0,000000E+0	458,000000E-3	3,605000E+3	12,000000E+0
328	18,000000E+0	0,000000E+0	229,000000E-3	3,607000E+3	12,000000E+0
329	17,000000E+0	0,000000E+0	458,000000E-3	3,610000E+3	12,000000E+0
330	17,000000E+0	0,000000E+0	458,000000E-3	3,612000E+3	12,000000E+0
331	17,000000E+0	0,000000E+0	458,000000E-3	3,615000E+3	12,000000E+0
332	15,000000E+0	0,000000E+0	458,000000E-3	3,618000E+3	12,000000E+0
333	17,000000E+0	0,000000E+0	229,000000E-3	3,620000E+3	12,000000E+0
334	18,000000E+0	0,000000E+0	229,000000E-3	3,622000E+3	12,000000E+0
335	17,000000E+0	0,000000E+0	458,000000E-3	3,625000E+3	12,000000E+0
336	17,000000E+0	0,000000E+0	458,000000E-3	3,628000E+3	12,000000E+0
337	17,000000E+0	0,000000E+0	458,000000E-3	3,631000E+3	12,000000E+0
338	16,000000E+0	0,000000E+0	458,000000E-3	3,633000E+3	12,000000E+0
339	16,000000E+0	0,000000E+0	229,000000E-3	3,635000E+3	12,000000E+0
340	17,000000E+0	0,000000E+0	229,000000E-3	3,638000E+3	12,000000E+0
341	16,000000E+0	0,000000E+0	458,000000E-3	3,641000E+3	12,000000E+0
342	17,000000E+0	0,000000E+0	229,000000E-3	3,643000E+3	12,000000E+0
343	16,000000E+0	0,000000E+0	458,000000E-3	3,645000E+3	12,000000E+0
344	17,000000E+0	0,000000E+0	229,000000E-3	3,648000E+3	12,000000E+0
345	17,000000E+0	0,000000E+0	229,000000E-3	3,651000E+3	12,000000E+0
346	16,000000E+0	0,000000E+0	458,000000E-3	3,653000E+3	12,000000E+0
347	16,000000E+0	0,000000E+0	229,000000E-3	3,656000E+3	12,000000E+0
348	16,000000E+0	0,000000E+0	458,000000E-3	3,658000E+3	12,000000E+0
349	16,000000E+0	0,000000E+0	229,000000E-3	3,661000E+3	12,000000E+0
350	16,000000E+0	0,000000E+0	458,000000E-3	3,663000E+3	12,000000E+0
351	16,000000E+0	0,000000E+0	229,000000E-3	3,666000E+3	12,000000E+0
352	16,000000E+0	0,000000E+0	458,000000E-3	3,668000E+3	12,000000E+0
353	17,000000E+0	0,000000E+0	229,000000E-3	3,671000E+3	12,000000E+0
354	16,000000E+0	0,000000E+0	458,000000E-3	3,673000E+3	12,000000E+0
355	16,000000E+0	0,000000E+0	229,000000E-3	3,676000E+3	12,000000E+0
356	17,000000E+0	0,000000E+0	229,000000E-3	3,678000E+3	12,000000E+0
357	16,000000E+0	0,000000E+0	458,000000E-3	3,681000E+3	12,000000E+0
358	16,000000E+0	0,000000E+0	458,000000E-3	3,683000E+3	12,000000E+0
359	17,000000E+0	0,000000E+0	229,000000E-3	3,686000E+3	12,000000E+0
360	17,000000E+0	0,000000E+0	229,000000E-3	3,688000E+3	12,000000E+0
361	17,000000E+0	0,000000E+0	229,000000E-3	3,691000E+3	12,000000E+0
362	17,000000E+0	0,000000E+0	229,000000E-3	3,693000E+3	12,000000E+0
363	17,000000E+0	0,000000E+0	458,000000E-3	3,696000E+3	12,000000E+0
364	17,000000E+0	0,000000E+0	458,000000E-3	3,699000E+3	12,000000E+0
365	17,000000E+0	0,000000E+0	458,000000E-3	3,701000E+3	12,000000E+0
366	17,000000E+0	0,000000E+0	458,000000E-3	3,704000E+3	12,000000E+0
367	17,000000E+0	0,000000E+0	229,000000E-3	3,706000E+3	12,000000E+0
368	16,000000E+0	0,000000E+0	458,000000E-3	3,709000E+3	12,000000E+0
369	16,000000E+0	0,000000E+0	458,000000E-3	3,711000E+3	12,000000E+0
370	18,000000E+0	0,000000E+0	229,000000E-3	3,714000E+3	12,000000E+0
371	17,000000E+0	0,000000E+0	458,000000E-3	3,717000E+3	12,000000E+0
372	16,000000E+0	0,000000E+0	458,000000E-3	3,719000E+3	12,000000E+0
373	17,000000E+0	0,000000E+0	229,000000E-3	3,721000E+3	12,000000E+0
374	17,000000E+0	0,000000E+0	458,000000E-3	3,724000E+3	12,000000E+0
375	17,000000E+0	0,000000E+0	229,000000E-3	3,726000E+3	12,000000E+0
376	17,000000E+0	0,000000E+0	229,000000E-3	3,729000E+3	12,000000E+0
377	17,000000E+0	0,000000E+0	458,000000E-3	3,732000E+3	12,000000E+0
378	17,000000E+0	0,000000E+0	229,000000E-3	3,734000E+3	12,000000E+0
379	16,000000E+0	0,000000E+0	458,000000E-3	3,737000E+3	12,000000E+0
380	16,000000E+0	0,000000E+0	458,000000E-3	3,739000E+3	12,000000E+0
381	17,000000E+0	0,000000E+0	229,000000E-3	3,741000E+3	12,000000E+0
382	17,000000E+0	0,000000E+0	458,000000E-3	3,745000E+3	12,000000E+0
383	16,000000E+0	0,000000E+0	458,000000E-3	3,747000E+3	12,000000E+0
384	17,000000E+0	0,000000E+0	229,000000E-3	3,749000E+3	12,000000E+0
385	16,000000E+0	0,000000E+0	458,000000E-3	3,752000E+3	12,000000E+0
386	16,000000E+0	0,000000E+0	229,000000E-3	3,755000E+3	12,000000E+0
387	16,000000E+0	0,000000E+0	229,000000E-3	3,757000E+3	12,000000E+0
388	16,000000E+0	0,000000E+0	229,000000E-3	3,760000E+3	12,000000E+0
389	17,000000E+0	0,000000E+0	229,000000E-3	3,762000E+3	12,000000E+0
390	16,000000E+0	0,000000E+0	458,000000E-3	3,765000E+3	12,000000E+0
391	16,000000E+0	0,000000E+0	458,000000E-3	3,768000E+3	12,000000E+0
392	16,000000E+0	0,000000E+0	229,000000E-3	3,770000E+3	12,000000E+0
393	16,000000E+0	0,000000E+0	458,000000E-3	3,773000E+3	12,000000E+0
394	16,000000E+0	0,000000E+0	229,000000E-3	3,775000E+3	12,000000E+0
395	17,000000E+0	0,000000E+0	229,000000E-3	3,778000E+3	12,000000E+0
396	17,000000E+0	0,000000E+0	458,000000E-3	3,780000E+3	12,000000E+0
397	17,000000E+0	0,000000E+0	458,000000E-3	3,783000E+3	12,000000E+0
398	17,000000E+0	0,000000E+0	229,000000E-3	3,785000E+3	12,000000E+0
399	17,000000E+0	0,000000E+0	458,000000E-3	3,788000E+3	12,000000E+0
400	17,000000E+0	0,000000E+0	229,000000E-3	3,790000E+3	12,000000E+0
401	17,000000E+0	0,000000E+0	229,000000E-3	3,793000E+3	12,000000E+0
402	16,000000E+0	0,000000E+0	458,000000E-3	3,796000E+3	12,000000E+0
403	17,000000E+0	0,000000E+0	229,000000E-3	3,798000E+3	12,000000E+0
404	16,000000E+0	0,000000E+0	458,000000E-3	3,801000E+3	12,000000E+0
405	16,000000E+0	0,000000E+0	458,000000E-3	3,803000E+3	12,000000E+0
406	16,000000E+0	0,000000E+0	458,000000E-3	3,806000E+3	12,000000E+0
407	15,000000E+0	0,000000E+0	458,000000E-3	3,808000E+3	12,000000E+0
408	16,000000E+0	0,000000E+0	229,000000E-3	3,811000E+3	12,000000E+0
409	17,000000E+0	0,000000E+0	229,000000E-3	3,813000E+3	12,000000E+0
410	16,000000E+0	0,000000E+0	458,000000E-3	3,816000E+3	12,000000E+0
411	16,000000E+0	0,000000E+0	229,000000E-3	3,818000E+3	12,000000E+0
412	16,000000E+0	0,000000E+0	458,000000E-3	3,821000E+3	12,000000E+0
413	16,000000E+0	0,000000E+0	458,000000E-3	3,824000E+3	12,000000E+0
414	17,000000E+0	0,000000E+0	229,000000E-3	3,826000E+3	12,000000E+0
415	16,000000E+0	0,000000E+0	458,000000E-3	3,829000E+3	12,000000E+0
416	16,000000E+0	0,000000E+0	458,000000E-3	3,831000E+3	12,000000E+0
417	17,000000E+0	0,000000E+0	229,000000E-3	3,833000E+3	12,000000E+0
418	17,000000E+0	0,000000E+0	458,000000E-3	3,836000E+3	12,000000E+0
419	16,000000E+0	0,000000E+0	229,000000E-3	3,839000E+3	12,000000E+0
420	17,000000E+0	0,000000E+0	229,000000E-3	3,841000E+3	12,000000E+0
421	17,000000E+0	0,000000E+0	458,000000E-3	3,844000E+3	12,000000E+0
422	17,000000E+0	0,000000E+0	458,000000E-3	3,846000E+3	12,000000E+0
423	16,000000E+0	0,000000E+0	458,000000E-3	3,849000E+3	12,000000E+0
424	16,000000E+0	0,000000E+0	458,000000E-3	3,852000E+3	12,000000E+0
425	17,000000E+0	0,000000E+0	229,000000E-3	3,854000E+3	12,000000E+0
426	16,000000E+0	0,000000E+0	458,000000E-3	3,857000E+3	12,000000E+0
427	16,000000E+0	0,000000E+0	458,000000E-3	3,859000E+3	12,000000E+0
428	16,000000E+0	0,000000E+0	458,000000E-3	3,862000E+3	12,000000E+0
429	16,000000E+0	0,000000E+0	229,000000E-3	3,864000E+3	12,000000E+0
430	16,000000E+0	0,000000E+0	229,000000E-3	3,866000E+3	12,000000E+0
431	17,000000E+0	0,000000E+0	229,000000E-3	3,869000E+3	12,000000E+0
432	17,000000E+0	0,000000E+0	458,000000E-3	3,871000E+3	12,000000E+0
433	17,000000E+0	0,000000E+0	458,000000E-3	3,873000E+3	12,000000E+0
434	17,000000E+0	0,000000E+0	458,000000E-3	3,876000E+3	12,000000E+0
435	17,000000E+0	0,000000E+0	458,000000E-3	3,879000E+3	12,000000E+0
436	17,000000E+0	0,000000E+0	229,000000E-3	3,881000E+3	12,000000E+0
437	16,000000E+0	0,000000E+0	458,000000E-3	3,883000E+3	12,000000E+0
438	16,000000E+0	0,000000E+0	458,000000E-3	3,886000E+3	12,000000E+0
439	17,000000E+0	0,000000E+0	229,000000E-3	3,889000E+3	12,000000E+0
440	16,000000E+0	0,000000E+0	458,000000E-3	3,891000E+3	12,000000E+0
441	16,000000E+0	0,000000E+0	458,000000E-3	3,894000E+3	12,000000E+0
442	17,000000E+0	0,000000E+0	229,000000E-3	3,896000E+3	12,000000E+0
443	16,000000E+0	0,000000E+0	458,000000E-3	3,898000E+3	12,000000E+0
444	17,000000E+0	0,000000E+0	458,000000E-3	3,901000E+3	12,000000E+0
445	17,000000E+0	0,000000E+0	458,000000E-3	3,904000E+3	12,000000E+0
446	16,000000E+0	0,000000E+0	458,000000E-3	3,907000E+3	12,000000E+0
447	16,000000E+0	0,000000E+0	458,000000E-3	3,909000E+3	12,000000E+0
448	16,000000E+0	0,000000E+0	229,000000E-3	3,911000E+3	12,000000E+0
449	16,000000E+0	0,000000E+0	229,000000E-3	3,914000E+3	12,000000E+0
450	16,000000E+0	0,000000E+0	229,000000E-3	3,917000E+3	12,000000E+0
451	17,000000E+0	0,000000E+0	229,000000E-3	3,919000E+3	12,000000E+0
452	16,000000E+0	0,000000E+0	458,000000E-3	3,922000E+3	12,000000E+0
453	17,000000E+0	0,000000E+0	229,000000E-3	3,924000E+3	12,000000E+0
454	16,000000E+0	0,000000E+0	458,000000E-3	3,927000E+3	12,000000E+0
455	16,000000E+0	0,000000E+0	229,000000E-3	3,929000E+3	12,000000E+0
456	17,000000E+0	0,000000E+0	229,000000E-3	3,932000E+3	12,000000E+0
457	16,000000E+0	0,000000E+0	458,000000E-3	3,934000E+3	12,000000E+0
458	16,000000E+0	0,000000E+0	458,000000E-3	3,937000E+3	12,000000E+0
459	17,000000E+0	0,000000E+0	229,000000E-3	3,939000E+3	12,000000E+0
460	14,000000E+0	0,000000E+0	458,000000E-3	3,942000E+3	12,000000E+0
461	16,000000E+0	0,000000E+0	229,000000E-3	3,944000E+3	12,000000E+0
462	16,000000E+0	0,000000E+0	229,000000E-3	3,946000E+3	12,000000E+0
463	16,000000E+0	0,000000E+0	229,000000E-3	3,949000E+3	12,000000E+0
464	17,000000E+0	0,000000E+0	229,000000E-3	3,951000E+3	12,000000E+0
465	16,000000E+0	0,000000E+0	458,000000E-3	3,954000E+3	12,000000E+0
466	16,000000E+0	0,000000E+0	458,000000E-3	3,957000E+3	12,000000E+0
467	17,000000E+0	0,000000E+0	229,000000E-3	3,959000E+3	12,000000E+0
468	16,000000E+0	0,000000E+0	458,000000E-3	3,962000E+3	12,000000E+0
469	17,000000E+0	0,000000E+0	229,000000E-3	3,965000E+3	12,000000E+0
470	17,000000E+0	0,000000E+0	458,000000E-3	3,967000E+3	12,000000E+0
471	17,000000E+0	0,000000E+0	458,000000E-3	3,969000E+3	12,000000E+0
472	16,000000E+0	0,000000E+0	458,000000E-3	3,972000E+3	12,000000E+0
473	17,000000E+0	0,000000E+0	229,000000E-3	3,975000E+3	12,000000E+0
474	16,000000E+0	0,000000E+0	458,000000E-3	3,977000E+3	12,000000E+0
475	17,000000E+0	0,000000E+0	229,000000E-3	3,979000E+3	12,000000E+0
476	17,000000E+0	0,000000E+0	458,000000E-3	3,982000E+3	12,000000E+0
477	16,000000E+0	0,000000E+0	458,000000E-3	3,985000E+3	12,000000E+0
478	17,000000E+0	0,000000E+0	229,000000E-3	3,987000E+3	12,000000E+0
479	16,000000E+0	0,000000E+0	458,000000E-3	3,990000E+3	12,000000E+0
480	15,000000E+0	0,000000E+0	458,000000E-3	3,993000E+3	12,000000E+0
481	17,000000E+0	0,000000E+0	229,000000E-3	3,994000E+3	12,000000E+0
482	17,000000E+0	0,000000E+0	458,000000E-3	3,998000E+3	12,000000E+0
483	16,000000E+0	0,000000E+0	458,000000E-3	4,000000E+3	12,000000E+0
484	16,000000E+0	0,000000E+0	229,000000E-3	4,002000E+3	12,000000E+0
485	17,000000E+0	0,000000E+0	229,000000E-3	4,005000E+3	12,000000E+0
486	16,000000E+0	0,000000E+0	458,000000E-3	4,008000E+3	12,000000E+0
487	17,000000E+0	0,000000E+0	229,000000E-3	4,010000E+3	12,000000E+0
488	16,000000E+0	0,000000E+0	458,000000E-3	4,013000E+3	12,000000E+0
489	16,000000E+0	0,000000E+0	229,000000E-3	4,015000E+3	12,000000E+0
490	16,000000E+0	0,000000E+0	458,000000E-3	4,018000E+3	12,000000E+0
491	16,000000E+0	0,000000E+0	458,000000E-3	4,020000E+3	12,000000E+0
492	16,000000E+0	0,000000E+0	458,000000E-3	4,023000E+3	12,000000E+0
493	16,000000E+0	0,000000E+0	458,000000E-3	4,025000E+3	12,000000E+0
494	16,000000E+0	0,000000E+0	458,000000E-3	4,029000E+3	12,000000E+0
495	16,000000E+0	0,000000E+0	229,000000E-3	4,031000E+3	12,000000E+0
496	16,000000E+0	0,000000E+0	229,000000E-3	4,033000E+3	12,000000E+0
497	16,000000E+0	0,000000E+0	458,000000E-3	4,036000E+3	12,000000E+0
498	16,000000E+0	0,000000E+0	229,000000E-3	4,038000E+3	12,000000E+0
499	16,000000E+0	0,000000E+0	229,000000E-3	4,041000E+3	12,000000E+0
500	16,000000E+0	0,000000E+0	458,000000E-3	4,043000E+3	12,000000E+0
501	17,000000E+0	0,000000E+0	229,000000E-3	4,046000E+3	12,000000E+0
502	17,000000E+0	0,000000E+0	458,000000E-3	4,048000E+3	12,000000E+0
503	17,000000E+0	0,000000E+0	229,000000E-3	4,050000E+3	12,000000E+0
504	17,000000E+0	0,000000E+0	458,000000E-3	4,053000E+3	12,000000E+0
505	16,000000E+0	0,000000E+0	458,000000E-3	4,056000E+3	12,000000E+0
506	17,000000E+0	0,000000E+0	229,000000E-3	4,058000E+3	12,000000E+0
507	17,000000E+0	0,000000E+0	458,000000E-3	4,061000E+3	12,000000E+0
508	15,000000E+0	0,000000E+0	458,000000E-3	4,064000E+3	12,000000E+0
509	18,000000E+0	0,000000E+0	229,000000E-3	4,066000E+3	12,000000E+0
510	16,000000E+0	0,000000E+0	458,000000E-3	4,069000E+3	12,000000E+0
511	16,000000E+0	0,000000E+0	458,000000E-3	4,071000E+3	12,000000E+0
512	17,000000E+0	0,000000E+0	229,000000E-3	4,074000E+3	12,000000E+0
513	17,000000E+0	0,000000E+0	458,000000E-3	4,076000E+3	12,000000E+0
514	16,000000E+0	0,000000E+0	229,000000E-3	4,078000E+3	12,000000E+0
515	16,000000E+0	0,000000E+0	458,000000E-3	4,081000E+3	12,000000E+0
516	15,000000E+0	0,000000E+0	458,000000E-3	4,084000E+3	12,000000E+0
517	16,000000E+0	0,000000E+0	229,000000E-3	4,086000E+3	12,000000E+0
518	17,000000E+0	0,000000E+0	458,000000E-3	4,089000E+3	12,000000E+0
519	16,000000E+0	0,000000E+0	458,000000E-3	4,092000E+3	12,000000E+0
520	16,000000E+0	0,000000E+0	229,000000E-3	4,094000E+3	12,000000E+0
521	16,000000E+0	0,000000E+0	458,000000E-3	4,096000E+3	12,000000E+0
522	16,000000E+0	0,000000E+0	458,000000E-3	4,099000E+3	12,000000E+0
523	17,000000E+0	0,000000E+0	229,000000E-3	4,101000E+3	12,000000E+0
524	16,000000E+0	0,000000E+0	458,000000E-3	4,104000E+3	12,000000E+0
525	16,000000E+0	0,000000E+0	229,000000E-3	4,106000E+3	12,000000E+0
526	16,000000E+0	0,000000E+0	229,000000E-3	4,108000E+3	12,000000E+0
527	16,000000E+0	0,000000E+0	229,000000E-3	4,110000E+3	12,000000E+0
528	16,000000E+0	0,000000E+0	458,000000E-3	4,113000E+3	12,000000E+0
529	17,000000E+0	0,000000E+0	229,000000E-3	4,115000E+3	12,000000E+0
530	16,000000E+0	0,000000E+0	458,000000E-3	4,118000E+3	12,000000E+0
531	16,000000E+0	0,000000E+0	229,000000E-3	4,120000E+3	12,000000E+0
532	17,000000E+0	0,000000E+0	229,000000E-3	4,123000E+3	12,000000E+0
533	16,000000E+0	0,000000E+0	458,000000E-3	4,126000E+3	12,000000E+0
534	16,000000E+0	0,000000E+0	229,000000E-3	4,128000E+3	12,000000E+0
535	16,000000E+0	0,000000E+0	458,000000E-3	4,130000E+3	12,000000E+0
536	16,000000E+0	0,000000E+0	229,000000E-3	4,133000E+3	12,000000E+0
537	17,000000E+0	0,000000E+0	229,000000E-3	4,135000E+3	12,000000E+0
538	17,000000E+0	0,000000E+0	229,000000E-3	4,137000E+3	12,000000E+0
539	17,000000E+0	0,000000E+0	458,000000E-3	4,140000E+3	12,000000E+0
540	17,000000E+0	0,000000E+0	229,000000E-3	4,142000E+3	12,000000E+0
541	16,000000E+0	0,000000E+0	458,000000E-3	4,145000E+3	12,000000E+0
542	16,000000E+0	0,000000E+0	458,000000E-3	4,147000E+3	12,000000E+0
543	17,000000E+0	0,000000E+0	229,000000E-3	4,149000E+3	12,000000E+0
544	15,000000E+0	0,000000E+0	458,000000E-3	4,152000E+3	12,000000E+0
545	16,000000E+0	0,000000E+0	229,000000E-3	4,154000E+3	12,000000E+0
546	16,000000E+0	0,000000E+0	458,000000E-3	4,156000E+3	12,000000E+0
547	16,000000E+0	0,000000E+0	458,000000E-3	4,159000E+3	12,000000E+0
548	16,000000E+0	0,000000E+0	229,000000E-3	4,161000E+3	12,000000E+0
549	16,000000E+0	0,000000E+0	458,000000E-3	4,164000E+3	12,000000E+0
550	16,000000E+0	0,000000E+0	458,000000E-3	4,167000E+3	12,000000E+0
551	17,000000E+0	0,000000E+0	229,000000E-3	4,169000E+3	12,000000E+0
552	16,000000E+0	0,000000E+0	458,000000E-3	4,172000E+3	12,000000E+0
553	16,000000E+0	0,000000E+0	458,000000E-3	4,174000E+3	12,000000E+0
554	17,000000E+0	0,000000E+0	229,000000E-3	4,176000E+3	12,000000E+0
555	17,000000E+0	0,000000E+0	458,000000E-3	4,179000E+3	12,000000E+0
556	16,000000E+0	0,000000E+0	458,000000E-3	4,182000E+3	12,000000E+0
557	16,000000E+0	0,000000E+0	229,000000E-3	4,184000E+3	12,000000E+0
558	17,000000E+0	0,000000E+0	229,000000E-3	4,187000E+3	12,000000E+0
559	16,000000E+0	0,000000E+0	458,000000E-3	4,189000E+3	12,000000E+0
560	17,000000E+0	0,000000E+0	229,000000E-3	4,192000E+3	12,000000E+0
561	16,000000E+0	0,000000E+0	229,000000E-3	4,194000E+3	12,000000E+0
562	16,000000E+0	0,000000E+0	229,000000E-3	4,195000E+3	12,000000E+0
563	17,000000E+0	0,000000E+0	229,000000E-3	4,198000E+3	12,000000E+0
564	15,000000E+0	0,000000E+0	458,000000E-3	4,201000E+3	12,000000E+0
565	16,000000E+0	0,000000E+0	229,000000E-3	4,203000E+3	12,000000E+0
566	16,000000E+0	0,000000E+0	458,000000E-3	4,206000E+3	12,000000E+0
567	16,000000E+0	0,000000E+0	458,000000E-3	4,208000E+3	12,000000E+0
568	17,000000E+0	0,000000E+0	229,000000E-3	4,211000E+3	12,000000E+0
569	17,000000E+0	0,000000E+0	458,000000E-3	4,213000E+3	12,000000E+0
570	16,000000E+0	0,000000E+0	458,000000E-3	4,216000E+3	12,000000E+0
571	16,000000E+0	0,000000E+0	229,000000E-3	4,219000E+3	12,000000E+0
572	16,000000E+0	0,000000E+0	229,000000E-3	4,221000E+3	12,000000E+0
573	16,000000E+0	0,000000E+0	458,000000E-3	4,223000E+3	12,000000E+0
574	18,000000E+0	0,000000E+0	229,000000E-3	4,226000E+3	12,000000E+0
575	17,000000E+0	0,000000E+0	458,000000E-3	4,228000E+3	12,000000E+0
576	16,000000E+0	0,000000E+0	229,000000E-3	4,231000E+3	12,000000E+0
577	16,000000E+0	0,000000E+0	458,000000E-3	4,233000E+3	12,000000E+0
578	16,000000E+0	0,000000E+0	458,000000E-3	4,236000E+3	12,000000E+0
579	16,000000E+0	0,000000E+0	229,000000E-3	4,238000E+3	12,000000E+0
580	17,000000E+0	0,000000E+0	458,000000E-3	4,241000E+3	12,000000E+0
581	16,000000E+0	0,000000E+0	458,000000E-3	4,244000E+3	12,000000E+0
582	16,000000E+0	0,000000E+0	229,000000E-3	4,246000E+3	12,000000E+0
583	16,000000E+0	0,000000E+0	229,000000E-3	4,248000E+3	12,000000E+0
584	17,000000E+0	0,000000E+0	458,000000E-3	4,251000E+3	12,000000E+0
585	16,000000E+0	0,000000E+0	458,000000E-3	4,254000E+3	12,000000E+0
586	16,000000E+0	0,000000E+0	458,000000E-3	4,257000E+3	12,000000E+0
587	16,000000E+0	0,000000E+0	458,000000E-3	4,260000E+3	12,000000E+0
588	16,000000E+0	0,000000E+0	458,000000E-3	4,262000E+3	12,000000E+0
589	15,000000E+0	0,000000E+0	458,000000E-3	4,266000E+3	12,000000E+0
590	16,000000E+0	0,000000E+0	229,000000E-3	4,267000E+3	12,000000E+0
591	17,000000E+0	0,000000E+0	229,000000E-3	4,269000E+3	12,000000E+0
592	16,000000E+0	0,000000E+0	458,000000E-3	4,272000E+3	12,000000E+0
593	16,000000E+0	0,000000E+0	229,000000E-3	4,275000E+3	12,000000E+0
594	16,000000E+0	0,000000E+0	458,000000E-3	4,278000E+3	12,000000E+0
595	16,000000E+0	0,000000E+0	458,000000E-3	4,280000E+3	12,000000E+0
596	17,000000E+0	0,000000E+0	229,000000E-3	4,282000E+3	12,000000E+0
597	16,000000E+0	0,000000E+0	458,000000E-3	4,285000E+3	12,000000E+0
598	16,000000E+0	0,000000E+0	458,000000E-3	4,287000E+3	12,000000E+0
599	16,000000E+0	0,000000E+0	458,000000E-3	4,290000E+3	12,000000E+0
600	16,000000E+0	0,000000E+0	458,000000E-3	4,293000E+3	12,000000E+0
601	16,000000E+0	0,000000E+0	458,000000E-3	4,295000E+3	12,000000E+0
602	17,000000E+0	0,000000E+0	229,000000E-3	4,298000E+3	12,000000E+0
603	16,000000E+0	0,000000E+0	458,000000E-3	4,300000E+3	12,000000E+0
604	16,000000E+0	0,000000E+0	458,000000E-3	4,302000E+3	12,000000E+0
605	16,000000E+0	0,000000E+0	458,000000E-3	4,305000E+3	12,000000E+0
606	4,096000E+3	0,000000E+0	58,624000E+0	1,102592E+6	3,072000E+3
607	17,000000E+0	0,000000E+0	229,000000E-3	4,310000E+3	12,000000E+0
608	17,000000E+0	0,000000E+0	229,000000E-3	4,312000E+3	12,000000E+0
609	17,000000E+0	0,000000E+0	229,000000E-3	4,315000E+3	12,000000E+0
610	17,000000E+0	0,000000E+0	229,000000E-3	4,317000E+3	12,000000E+0
611	17,000000E+0	0,000000E+0	458,000000E-3	4,320000E+3	12,000000E+0
612	17,000000E+0	0,000000E+0	458,000000E-3	4,322000E+3	12,000000E+0
613	17,000000E+0	0,000000E+0	229,000000E-3	4,324000E+3	12,000000E+0
614	17,000000E+0	0,000000E+0	458,000000E-3	4,327000E+3	12,000000E+0
615	17,000000E+0	0,000000E+0	458,000000E-3	4,329000E+3	12,000000E+0
616	17,000000E+0	0,000000E+0	229,000000E-3	4,332000E+3	12,000000E+0
617	17,000000E+0	0,000000E+0	458,000000E-3	4,334000E+3	12,000000E+0
618	16,000000E+0	0,000000E+0	229,000000E-3	4,337000E+3	12,000000E+0
619	17,000000E+0	0,000000E+0	229,000000E-3	4,339000E+3	12,000000E+0
620	16,000000E+0	0,000000E+0	458,000000E-3	4,342000E+3	12,000000E+0
621	17,000000E+0	0,000000E+0	229,000000E-3	4,345000E+3	12,000000E+0
622	3,840000E+3	0,000000E+0	117,248000E+0	1,112832E+6	3,072000E+3
623	3,840000E+3	0,000000E+0	58,624000E+0	1,113344E+6	3,072000E+3
624	16,000000E+0	0,000000E+0	229,000000E-3	4,352000E+3	12,000000E+0
625	4,096000E+3	0,000000E+0	117,248000E+0	1,114880E+6	3,072000E+3
626	85,000000E+0	43,040000E+0	30,015488E+3	285,540352E+6	0,000000E+0
627	16,000000E+0	0,000000E+0	458,000000E-3	4,359000E+3	12,000000E+0
628	4,096000E+3	0,000000E+0	117,248000E+0	1,116672E+6	3,072000E+3
629	4,096000E+3	0,000000E+0	117,248000E+0	1,117184E+6	3,072000E+3
630	85,000000E+0	43,040000E+0	15,007744E+3	286,195712E+6	0,000000E+0
631	85,000000E+0	43,040000E+0	15,007744E+3	286,392320E+6	0,000000E+0
632	4,096000E+3	0,000000E+0	58,624000E+0	1,119232E+6	3,072000E+3
633	85,000000E+0	45,730000E+0	15,007744E+3	286,654464E+6	0,000000E+0
634	4,096000E+3	0,000000E+0	117,248000E+0	1,120512E+6	3,072000E+3
635	4,352000E+3	0,000000E+0	58,624000E+0	1,121024E+6	3,072000E+3
636	85,000000E+0	45,730000E+0	30,015488E+3	287,178752E+6	0,000000E+0
637	4,096000E+3	0,000000E+0	117,248000E+0	1,122560E+6	3,072000E+3
638	17,000000E+0	0,000000E+0	229,000000E-3	4,387000E+3	12,000000E+0
639	4,352000E+3	0,000000E+0	117,248000E+0	1,123840E+6	3,072000E+3
640	17,000000E+0	0,000000E+0	458,000000E-3	4,392000E+3	12,000000E+0
641	17,000000E+0	0,000000E+0	229,000000E-3	4,395000E+3	12,000000E+0
642	17,000000E+0	0,000000E+0	458,000000E-3	4,398000E+3	12,000000E+0
643	16,000000E+0	0,000000E+0	229,000000E-3	4,400000E+3	12,000000E+0
644	4,352000E+3	0,000000E+0	58,624000E+0	1,126912E+6	3,072000E+3
645	17,000000E+0	0,000000E+0	229,000000E-3	4,405000E+3	12,000000E+0
646	17,000000E+0	0,000000E+0	458,000000E-3	4,407000E+3	12,000000E+0
647	18,000000E+0	0,000000E+0	229,000000E-3	4,409000E+3	12,000000E+0
648	30,000000E+0	228,650000E+0	3,893000E+0	2,000000E+0	441,200000E+0
649	21,760000E+3	11,706880E+3	3,841982E+6	1,056965E+9	1,700000E+0
650	85,000000E+0	48,420000E+0	15,007744E+3	289,472512E+6	0,000000E+0
651	21,760000E+3	11,706880E+3	7,683965E+6	1,140851E+9	1,700000E+0
652	21,760000E+3	11,706880E+3	7,683965E+6	1,174405E+9	1,700000E+0
653	16,000000E+0	0,000000E+0	458,000000E-3	4,425000E+3	12,000000E+0
654	16,000000E+0	0,000000E+0	458,000000E-3	4,428000E+3	12,000000E+0
655	17,000000E+0	0,000000E+0	229,000000E-3	4,430000E+3	12,000000E+0
656	17,000000E+0	0,000000E+0	458,000000E-3	4,433000E+3	12,000000E+0
657	16,000000E+0	0,000000E+0	458,000000E-3	4,435000E+3	12,000000E+0
658	16,000000E+0	0,000000E+0	229,000000E-3	4,437000E+3	12,000000E+0
659	16,000000E+0	0,000000E+0	458,000000E-3	4,440000E+3	12,000000E+0
660	30,000000E+0	228,650000E+0	3,664000E+0	1,000000E+0	444,300000E+0
661	21,760000E+3	11,706880E+3	3,841982E+6	1,560281E+9	1,700000E+0
662	30,000000E+0	228,650000E+0	3,664000E+0	2,000000E+0	444,800000E+0
663	21,760000E+3	11,018240E+3	3,841982E+6	1,627390E+9	1,700000E+0
664	85,000000E+0	40,350000E+0	30,015488E+3	291,766272E+6	0,000000E+0
665	85,000000E+0	40,350000E+0	30,015488E+3	291,962880E+6	0,000000E+0
666	21,760000E+3	11,018240E+3	3,841982E+6	1,761608E+9	1,700000E+0
667	85,000000E+0	43,040000E+0	15,007744E+3	292,225024E+6	0,000000E+0
668	85,000000E+0	40,350000E+0	30,015488E+3	292,421632E+6	0,000000E+0
669	85,000000E+0	43,040000E+0	15,007744E+3	292,552704E+6	0,000000E+0
670	85,000000E+0	43,040000E+0	30,015488E+3	292,749312E+6	0,000000E+0
671	85,000000E+0	43,040000E+0	30,015488E+3	292,880384E+6	0,000000E+0
672	85,000000E+0	45,730000E+0	15,007744E+3	293,076992E+6	0,000000E+0
673	4,352000E+3	0,000000E+0	117,248000E+0	1,145600E+6	3,072000E+3
674	85,000000E+0	43,040000E+0	30,015488E+3	293,404672E+6	0,000000E+0
675	21,760000E+3	11,706880E+3	3,841982E+6	2,130706E+9	1,700000E+0
676	21,760000E+3	11,018240E+3	7,683965E+6	-2,113929E+9	1,700000E+0
677	21,760000E+3	11,018240E+3	3,841982E+6	-2,080375E+9	1,700000E+0
678	21,760000E+3	11,706880E+3	3,841982E+6	-2,030043E+9	1,700000E+0
679	85,000000E+0	45,730000E+0	15,007744E+3	294,191104E+6	0,000000E+0
680	85,000000E+0	48,420000E+0	15,007744E+3	294,322176E+6	0,000000E+0
681	21,760000E+3	12,395520E+3	3,841982E+6	-1,912603E+9	1,700000E+0
682	21,760000E+3	12,395520E+3	7,683965E+6	-1,879048E+9	1,700000E+0
683	21,760000E+3	13,084160E+3	3,841982E+6	-1,828717E+9	1,700000E+0
684	21,760000E+3	12,395520E+3	7,683965E+6	-1,778385E+9	1,700000E+0
685	21,760000E+3	11,706880E+3	7,683965E+6	-1,744830E+9	1,700000E+0
686	30,000000E+0	228,650000E+0	3,893000E+0	1,000000E+0	450,700000E+0
687	30,000000E+0	228,650000E+0	3,664000E+0	2,000000E+0	451,000000E+0
688	16,000000E+0	0,000000E+0	458,000000E-3	4,512000E+3	12,000000E+0
689	17,000000E+0	0,000000E+0	229,000000E-3	4,513000E+3	12,000000E+0
690	16,000000E+0	0,000000E+0	458,000000E-3	4,516000E+3	12,000000E+0
691	4,096000E+3	0,000000E+0	58,624000E+0	1,156864E+6	3,072000E+3
692	4,352000E+3	0,000000E+0	58,624000E+0	1,157376E+6	3,072000E+3
693	17,000000E+0	0,000000E+0	458,000000E-3	4,524000E+3	12,000000E+0
694	17,000000E+0	0,000000E+0	458,000000E-3	4,527000E+3	12,000000E+0
695	17,000000E+0	0,000000E+0	458,000000E-3	4,529000E+3	12,000000E+0
696	4,096000E+3	0,000000E+0	117,248000E+0	1,160192E+6	3,072000E+3
697	17,000000E+0	0,000000E+0	229,000000E-3	4,534000E+3	12,000000E+0
698	4,096000E+3	0,000000E+0	117,248000E+0	1,161472E+6	3,072000E+3
699	16,000000E+0	0,000000E+0	229,000000E-3	4,539000E+3	12,000000E+0
700	16,000000E+0	0,000000E+0	458,000000E-3	4,542000E+3	12,000000E+0
701	15,000000E+0	0,000000E+0	458,000000E-3	4,545000E+3	12,000000E+0
702	16,000000E+0	0,000000E+0	229,000000E-3	4,547000E+3	12,000000E+0
703	17,000000E+0	0,000000E+0	229,000000E-3	4,549000E+3	12,000000E+0
704	17,000000E+0	0,000000E+0	458,000000E-3	4,552000E+3	12,000000E+0
705	17,000000E+0	0,000000E+0	458,000000E-3	4,554000E+3	12,000000E+0
706	17,000000E+0	0,000000E+0	458,000000E-3	4,557000E+3	12,000000E+0
707	16,000000E+0	0,000000E+0	458,000000E-3	4,560000E+3	12,000000E+0
708	18,000000E+0	0,000000E+0	229,000000E-3	4,563000E+3	12,000000E+0
709	17,000000E+0	0,000000E+0	458,000000E-3	4,566000E+3	12,000000E+0
710	17,000000E+0	0,000000E+0	458,000000E-3	4,568000E+3	12,000000E+0
711	17,000000E+0	0,000000E+0	458,000000E-3	4,571000E+3	12,000000E+0
712	17,000000E+0	0,000000E+0	458,000000E-3	4,573000E+3	12,000000E+0
713	18,000000E+0	0,000000E+0	229,000000E-3	4,575000E+3	12,000000E+0
714	20,000000E+0	0,000000E+0	229,000000E-3	4,578000E+3	12,000000E+0
715	19,000000E+0	0,000000E+0	458,000000E-3	4,582000E+3	12,000000E+0
716	20,000000E+0	0,000000E+0	229,000000E-3	4,584000E+3	12,000000E+0
717	18,000000E+0	0,000000E+0	458,000000E-3	4,587000E+3	12,000000E+0
718	18,000000E+0	0,000000E+0	458,000000E-3	4,590000E+3	12,000000E+0
719	19,000000E+0	0,000000E+0	229,000000E-3	4,592000E+3	12,000000E+0
720	18,000000E+0	0,000000E+0	458,000000E-3	4,595000E+3	12,000000E+0
721	18,000000E+0	0,000000E+0	458,000000E-3	4,597000E+3	12,000000E+0
722	17,000000E+0	0,000000E+0	458,000000E-3	4,600000E+3	12,000000E+0
723	17,000000E+0	0,000000E+0	229,000000E-3	4,603000E+3	12,000000E+0
724	17,000000E+0	0,000000E+0	229,000000E-3	4,605000E+3	12,000000E+0
725	16,000000E+0	0,000000E+0	458,000000E-3	4,608000E+3	12,000000E+0
726	17,000000E+0	0,000000E+0	229,000000E-3	4,611000E+3	12,000000E+0
727	17,000000E+0	0,000000E+0	229,000000E-3	4,613000E+3	12,000000E+0
728	16,000000E+0	0,000000E+0	458,000000E-3	4,615000E+3	12,000000E+0
729	16,000000E+0	0,000000E+0	458,000000E-3	4,618000E+3	12,000000E+0
730	17,000000E+0	0,000000E+0	229,000000E-3	4,620000E+3	12,000000E+0
731	16,000000E+0	0,000000E+0	458,000000E-3	4,623000E+3	12,000000E+0
732	16,000000E+0	0,000000E+0	458,000000E-3	4,625000E+3	12,000000E+0
733	17,000000E+0	0,000000E+0	229,000000E-3	4,628000E+3	12,000000E+0
734	16,000000E+0	0,000000E+0	458,000000E-3	4,630000E+3	12,000000E+0
735	17,000000E+0	0,000000E+0	229,000000E-3	4,632000E+3	12,000000E+0
736	17,000000E+0	0,000000E+0	458,000000E-3	4,635000E+3	12,000000E+0
737	16,000000E+0	0,000000E+0	458,000000E-3	4,638000E+3	12,000000E+0
738	16,000000E+0	0,000000E+0	458,000000E-3	4,640000E+3	12,000000E+0
739	17,000000E+0	0,000000E+0	229,000000E-3	4,643000E+3	12,000000E+0
740	15,000000E+0	0,000000E+0	458,000000E-3	4,645000E+3	12,000000E+0
741	16,000000E+0	0,000000E+0	229,000000E-3	4,648000E+3	12,000000E+0
742	16,000000E+0	0,000000E+0	229,000000E-3	4,650000E+3	12,000000E+0
743	16,000000E+0	0,000000E+0	229,000000E-3	4,653000E+3	12,000000E+0
744	17,000000E+0	0,000000E+0	229,000000E-3	4,655000E+3	12,000000E+0
745	17,000000E+0	0,000000E+0	229,000000E-3	4,657000E+3	12,000000E+0
746	17,000000E+0	0,000000E+0	458,000000E-3	4,660000E+3	12,000000E+0
747	18,000000E+0	0,000000E+0	229,000000E-3	4,662000E+3	12,000000E+0
748	19,000000E+0	0,000000E+0	229,000000E-3	4,665000E+3	12,000000E+0
749	18,000000E+0	0,000000E+0	458,000000E-3	4,668000E+3	12,000000E+0
750	18,000000E+0	0,000000E+0	229,000000E-3	4,670000E+3	12,000000E+0
751	17,000000E+0	0,000000E+0	458,000000E-3	4,673000E+3	12,000000E+0
752	17,000000E+0	0,000000E+0	458,000000E-3	4,675000E+3	12,000000E+0
753	18,000000E+0	0,000000E+0	229,000000E-3	4,677000E+3	12,000000E+0
754	17,000000E+0	0,000000E+0	458,000000E-3	4,680000E+3	12,000000E+0
755	16,000000E+0	0,000000E+0	229,000000E-3	4,682000E+3	12,000000E+0
756	18,000000E+0	0,000000E+0	229,000000E-3	4,685000E+3	12,000000E+0
757	17,000000E+0	0,000000E+0	458,000000E-3	4,688000E+3	12,000000E+0
758	17,000000E+0	0,000000E+0	229,000000E-3	4,690000E+3	12,000000E+0
759	17,000000E+0	0,000000E+0	458,000000E-3	4,693000E+3	12,000000E+0
760	17,000000E+0	0,000000E+0	458,000000E-3	4,695000E+3	12,000000E+0
761	17,000000E+0	0,000000E+0	229,000000E-3	4,698000E+3	12,000000E+0
762	17,000000E+0	0,000000E+0	458,000000E-3	4,701000E+3	12,000000E+0
763	16,000000E+0	0,000000E+0	458,000000E-3	4,703000E+3	12,000000E+0
764	17,000000E+0	0,000000E+0	458,000000E-3	4,707000E+3	12,000000E+0
765	16,000000E+0	0,000000E+0	458,000000E-3	4,709000E+3	12,000000E+0
766	17,000000E+0	0,000000E+0	229,000000E-3	4,711000E+3	12,000000E+0
767	18,000000E+0	0,000000E+0	458,000000E-3	4,715000E+3	12,000000E+0
768	16,000000E+0	0,000000E+0	458,000000E-3	4,717000E+3	12,000000E+0
769	17,000000E+0	0,000000E+0	229,000000E-3	4,720000E+3	12,000000E+0
770	17,000000E+0	0,000000E+0	458,000000E-3	4,722000E+3	12,000000E+0
771	16,000000E+0	0,000000E+0	458,000000E-3	4,725000E+3	12,000000E+0
772	16,000000E+0	0,000000E+0	229,000000E-3	4,727000E+3	12,000000E+0
773	16,000000E+0	0,000000E+0	458,000000E-3	4,730000E+3	12,000000E+0
774	16,000000E+0	0,000000E+0	229,000000E-3	4,732000E+3	12,000000E+0
775	17,000000E+0	0,000000E+0	229,000000E-3	4,734000E+3	12,000000E+0
776	16,000000E+0	0,000000E+0	458,000000E-3	4,738000E+3	12,000000E+0
777	17,000000E+0	0,000000E+0	229,000000E-3	4,740000E+3	12,000000E+0
778	17,000000E+0	0,000000E+0	229,000000E-3	4,742000E+3	12,000000E+0
779	17,000000E+0	0,000000E+0	458,000000E-3	4,745000E+3	12,000000E+0
780	17,000000E+0	0,000000E+0	458,000000E-3	4,747000E+3	12,000000E+0
781	17,000000E+0	0,000000E+0	458,000000E-3	4,750000E+3	12,000000E+0
782	16,000000E+0	0,000000E+0	458,000000E-3	4,753000E+3	12,000000E+0
783	17,000000E+0	0,000000E+0	229,000000E-3	4,755000E+3	12,000000E+0
784	18,000000E+0	0,000000E+0	229,000000E-3	4,758000E+3	12,000000E+0
785	17,000000E+0	0,000000E+0	458,000000E-3	4,760000E+3	12,000000E+0
786	17,000000E+0	0,000000E+0	229,000000E-3	4,763000E+3	12,000000E+0
787	16,000000E+0	0,000000E+0	458,000000E-3	4,765000E+3	12,000000E+0
788	16,000000E+0	0,000000E+0	229,000000E-3	4,768000E+3	12,000000E+0
789	17,000000E+0	0,000000E+0	229,000000E-3	4,770000E+3	12,000000E+0
790	17,000000E+0	0,000000E+0	458,000000E-3	4,773000E+3	12,000000E+0
791	16,000000E+0	0,000000E+0	458,000000E-3	4,775000E+3	12,000000E+0
792	16,000000E+0	0,000000E+0	458,000000E-3	4,778000E+3	12,000000E+0
793	17,000000E+0	0,000000E+0	458,000000E-3	4,780000E+3	12,000000E+0
794	17,000000E+0	0,000000E+0	458,000000E-3	4,783000E+3	12,000000E+0
795	17,000000E+0	0,000000E+0	458,000000E-3	4,786000E+3	12,000000E+0
796	16,000000E+0	0,000000E+0	229,000000E-3	4,788000E+3	12,000000E+0
797	16,000000E+0	0,000000E+0	229,000000E-3	4,790000E+3	12,000000E+0
798	17,000000E+0	0,000000E+0	458,000000E-3	4,793000E+3	12,000000E+0
799	17,000000E+0	0,000000E+0	458,000000E-3	4,796000E+3	12,000000E+0
800	17,000000E+0	0,000000E+0	229,000000E-3	4,798000E+3	12,000000E+0
801	17,000000E+0	0,000000E+0	458,000000E-3	4,801000E+3	12,000000E+0
802	17,000000E+0	0,000000E+0	458,000000E-3	4,803000E+3	12,000000E+0
803	16,000000E+0	0,000000E+0	458,000000E-3	4,806000E+3	12,000000E+0
804	16,000000E+0	0,000000E+0	458,000000E-3	4,809000E+3	12,000000E+0
805	17,000000E+0	0,000000E+0	229,000000E-3	4,811000E+3	12,000000E+0
806	17,000000E+0	0,000000E+0	229,000000E-3	4,813000E+3	12,000000E+0
807	16,000000E+0	0,000000E+0	458,000000E-3	4,816000E+3	12,000000E+0
808	17,000000E+0	0,000000E+0	229,000000E-3	4,819000E+3	12,000000E+0
809	16,000000E+0	0,000000E+0	458,000000E-3	4,821000E+3	12,000000E+0
810	16,000000E+0	0,000000E+0	229,000000E-3	4,823000E+3	12,000000E+0
811	17,000000E+0	0,000000E+0	229,000000E-3	4,826000E+3	12,000000E+0
812	16,000000E+0	0,000000E+0	458,000000E-3	4,829000E+3	12,000000E+0
813	16,000000E+0	0,000000E+0	458,000000E-3	4,831000E+3	12,000000E+0
814	17,000000E+0	0,000000E+0	229,000000E-3	4,834000E+3	12,000000E+0
815	17,000000E+0	0,000000E+0	458,000000E-3	4,836000E+3	12,000000E+0
816	16,000000E+0	0,000000E+0	458,000000E-3	4,839000E+3	12,000000E+0
817	17,000000E+0	0,000000E+0	229,000000E-3	4,841000E+3	12,000000E+0
818	17,000000E+0	0,000000E+0	458,000000E-3	4,844000E+3	12,000000E+0
819	16,000000E+0	0,000000E+0	229,000000E-3	4,846000E+3	12,000000E+0
820	17,000000E+0	0,000000E+0	458,000000E-3	4,849000E+3	12,000000E+0
821	17,000000E+0	0,000000E+0	458,000000E-3	4,852000E+3	12,000000E+0
822	17,000000E+0	0,000000E+0	229,000000E-3	4,854000E+3	12,000000E+0
823	17,000000E+0	0,000000E+0	229,000000E-3	4,856000E+3	12,000000E+0
824	16,000000E+0	0,000000E+0	458,000000E-3	4,860000E+3	12,000000E+0
825	17,000000E+0	0,000000E+0	229,000000E-3	4,861000E+3	12,000000E+0
826	17,000000E+0	0,000000E+0	458,000000E-3	4,864000E+3	12,000000E+0
827	16,000000E+0	0,000000E+0	458,000000E-3	4,867000E+3	12,000000E+0
828	17,000000E+0	0,000000E+0	229,000000E-3	4,869000E+3	12,000000E+0
829	15,000000E+0	0,000000E+0	458,000000E-3	4,872000E+3	12,000000E+0
830	16,000000E+0	0,000000E+0	458,000000E-3	4,874000E+3	12,000000E+0
831	16,000000E+0	0,000000E+0	458,000000E-3	4,877000E+3	12,000000E+0
832	17,000000E+0	0,000000E+0	458,000000E-3	4,879000E+3	12,000000E+0
833	17,000000E+0	0,000000E+0	229,000000E-3	4,882000E+3	12,000000E+0
834	17,000000E+0	0,000000E+0	229,000000E-3	4,884000E+3	12,000000E+0
835	16,000000E+0	0,000000E+0	458,000000E-3	4,887000E+3	12,000000E+0
836	16,000000E+0	0,000000E+0	229,000000E-3	4,889000E+3	12,000000E+0
837	17,000000E+0	0,000000E+0	458,000000E-3	4,892000E+3	12,000000E+0
838	17,000000E+0	0,000000E+0	458,000000E-3	4,895000E+3	12,000000E+0
839	17,000000E+0	0,000000E+0	229,000000E-3	4,898000E+3	12,000000E+0
840	16,000000E+0	0,000000E+0	458,000000E-3	4,901000E+3	12,000000E+0
841	16,000000E+0	0,000000E+0	458,000000E-3	4,903000E+3	12,000000E+0
842	18,000000E+0	0,000000E+0	229,000000E-3	4,906000E+3	12,000000E+0
843	17,000000E+0	0,000000E+0	458,000000E-3	4,908000E+3	12,000000E+0
844	17,000000E+0	0,000000E+0	458,000000E-3	4,911000E+3	12,000000E+0
845	17,000000E+0	0,000000E+0	458,000000E-3	4,914000E+3	12,000000E+0
846	17,000000E+0	0,000000E+0	458,000000E-3	4,916000E+3	12,000000E+0
847	17,000000E+0	0,000000E+0	229,000000E-3	4,919000E+3	12,000000E+0
848	17,000000E+0	0,000000E+0	458,000000E-3	4,921000E+3	12,000000E+0
849	16,000000E+0	0,000000E+0	458,000000E-3	4,924000E+3	12,000000E+0
850	17,000000E+0	0,000000E+0	229,000000E-3	4,926000E+3	12,000000E+0
851	17,000000E+0	0,000000E+0	458,000000E-3	4,929000E+3	12,000000E+0
852	17,000000E+0	0,000000E+0	458,000000E-3	4,931000E+3	12,000000E+0
853	17,000000E+0	0,000000E+0	229,000000E-3	4,934000E+3	12,000000E+0
854	17,000000E+0	0,000000E+0	458,000000E-3	4,937000E+3	12,000000E+0
855	16,000000E+0	0,000000E+0	458,000000E-3	4,939000E+3	12,000000E+0
856	17,000000E+0	0,000000E+0	229,000000E-3	4,941000E+3	12,000000E+0
857	17,000000E+0	0,000000E+0	458,000000E-3	4,944000E+3	12,000000E+0
858	17,000000E+0	0,000000E+0	229,000000E-3	4,947000E+3	12,000000E+0
859	17,000000E+0	0,000000E+0	458,000000E-3	4,949000E+3	12,000000E+0
860	16,000000E+0	0,000000E+0	458,000000E-3	4,952000E+3	12,000000E+0
861	16,000000E+0	0,000000E+0	229,000000E-3	4,954000E+3	12,000000E+0
862	16,000000E+0	0,000000E+0	458,000000E-3	4,957000E+3	12,000000E+0
863	17,000000E+0	0,000000E+0	229,000000E-3	4,959000E+3	12,000000E+0
864	17,000000E+0	0,000000E+0	229,000000E-3	4,962000E+3	12,000000E+0
865	17,000000E+0	0,000000E+0	458,000000E-3	4,965000E+3	12,000000E+0
866	17,000000E+0	0,000000E+0	458,000000E-3	4,967000E+3	12,000000E+0
867	17,000000E+0	0,000000E+0	229,000000E-3	4,969000E+3	12,000000E+0
868	17,000000E+0	0,000000E+0	458,000000E-3	4,972000E+3	12,000000E+0
869	16,000000E+0	0,000000E+0	229,000000E-3	4,974000E+3	12,000000E+0
870	18,000000E+0	0,000000E+0	229,000000E-3	4,977000E+3	12,000000E+0
871	16,000000E+0	0,000000E+0	458,000000E-3	4,980000E+3	12,000000E+0
872	16,000000E+0	0,000000E+0	458,000000E-3	4,982000E+3	12,000000E+0
873	17,000000E+0	0,000000E+0	229,000000E-3	4,985000E+3	12,000000E+0
874	16,000000E+0	0,000000E+0	458,000000E-3	4,987000E+3	12,000000E+0
875	17,000000E+0	0,000000E+0	229,000000E-3	4,990000E+3	12,000000E+0
876	17,000000E+0	0,000000E+0	229,000000E-3	4,992000E+3	12,000000E+0
877	16,000000E+0	0,000000E+0	458,000000E-3	4,995000E+3	12,000000E+0
878	18,000000E+0	0,000000E+0	229,000000E-3	4,997000E+3	12,000000E+0
879	17,000000E+0	0,000000E+0	458,000000E-3	5,000000E+3	12,000000E+0
880	16,000000E+0	0,000000E+0	458,000000E-3	5,002000E+3	12,000000E+0
881	17,000000E+0	0,000000E+0	229,000000E-3	5,005000E+3	12,000000E+0
882	16,000000E+0	0,000000E+0	458,000000E-3	5,009000E+3	12,000000E+0
883	17,000000E+0	0,000000E+0	229,000000E-3	5,011000E+3	12,000000E+0
884	16,000000E+0	0,000000E+0	458,000000E-3	5,013000E+3	12,000000E+0
885	16,000000E+0	0,000000E+0	229,000000E-3	5,016000E+3	12,000000E+0
886	16,000000E+0	0,000000E+0	229,000000E-3	5,018000E+3	12,000000E+0
887	17,000000E+0	0,000000E+0	229,000000E-3	5,021000E+3	12,000000E+0
888	16,000000E+0	0,000000E+0	458,000000E-3	5,023000E+3	12,000000E+0
889	17,000000E+0	0,000000E+0	229,000000E-3	5,026000E+3	12,000000E+0
890	16,000000E+0	0,000000E+0	458,000000E-3	5,029000E+3	12,000000E+0
891	16,000000E+0	0,000000E+0	458,000000E-3	5,031000E+3	12,000000E+0
892	17,000000E+0	0,000000E+0	229,000000E-3	5,033000E+3	12,000000E+0
893	16,000000E+0	0,000000E+0	458,000000E-3	5,036000E+3	12,000000E+0
894	16,000000E+0	0,000000E+0	458,000000E-3	5,038000E+3	12,000000E+0
895	18,000000E+0	0,000000E+0	229,000000E-3	5,042000E+3	12,000000E+0
896	16,000000E+0	0,000000E+0	458,000000E-3	5,045000E+3	12,000000E+0
897	16,000000E+0	0,000000E+0	458,000000E-3	5,047000E+3	12,000000E+0
898	17,000000E+0	0,000000E+0	229,000000E-3	5,050000E+3	12,000000E+0
899	17,000000E+0	0,000000E+0	229,000000E-3	5,052000E+3	12,000000E+0
900	16,000000E+0	0,000000E+0	458,000000E-3	5,055000E+3	12,000000E+0
901	16,000000E+0	0,000000E+0	229,000000E-3	5,057000E+3	12,000000E+0
902	16,000000E+0	0,000000E+0	229,000000E-3	5,060000E+3	12,000000E+0
903	17,000000E+0	0,000000E+0	229,000000E-3	5,062000E+3	12,000000E+0
904	15,000000E+0	0,000000E+0	458,000000E-3	5,065000E+3	12,000000E+0
905	16,000000E+0	0,000000E+0	229,000000E-3	5,068000E+3	12,000000E+0
906	17,000000E+0	0,000000E+0	229,000000E-3	5,069000E+3	12,000000E+0
907	17,000000E+0	0,000000E+0	229,000000E-3	5,072000E+3	12,000000E+0
908	16,000000E+0	0,000000E+0	458,000000E-3	5,074000E+3	12,000000E+0
909	17,000000E+0	0,000000E+0	229,000000E-3	5,077000E+3	12,000000E+0
910	15,000000E+0	0,000000E+0	458,000000E-3	5,080000E+3	12,000000E+0
911	16,000000E+0	0,000000E+0	458,000000E-3	5,083000E+3	12,000000E+0
912	16,000000E+0	0,000000E+0	229,000000E-3	5,084000E+3	12,000000E+0
913	16,000000E+0	0,000000E+0	458,000000E-3	5,087000E+3	12,000000E+0
914	17,000000E+0	0,000000E+0	229,000000E-3	5,089000E+3	12,000000E+0
915	17,000000E+0	0,000000E+0	458,000000E-3	5,092000E+3	12,000000E+0
916	17,000000E+0	0,000000E+0	458,000000E-3	5,095000E+3	12,000000E+0
917	17,000000E+0	0,000000E+0	229,000000E-3	5,098000E+3	12,000000E+0
918	16,000000E+0	0,000000E+0	458,000000E-3	5,100000E+3	12,000000E+0
919	16,000000E+0	0,000000E+0	458,000000E-3	5,102000E+3	12,000000E+0
920	17,000000E+0	0,000000E+0	229,000000E-3	5,105000E+3	12,000000E+0
921	17,000000E+0	0,000000E+0	458,000000E-3	5,107000E+3	12,000000E+0
922	16,000000E+0	0,000000E+0	458,000000E-3	5,110000E+3	12,000000E+0
923	17,000000E+0	0,000000E+0	229,000000E-3	5,113000E+3	12,000000E+0
924	17,000000E+0	0,000000E+0	229,000000E-3	5,115000E+3	12,000000E+0
925	16,000000E+0	0,000000E+0	458,000000E-3	5,118000E+3	12,000000E+0
926	17,000000E+0	0,000000E+0	229,000000E-3	5,120000E+3	12,000000E+0
927	17,000000E+0	0,000000E+0	458,000000E-3	5,123000E+3	12,000000E+0
928	16,000000E+0	0,000000E+0	458,000000E-3	5,125000E+3	12,000000E+0
929	17,000000E+0	0,000000E+0	229,000000E-3	5,128000E+3	12,000000E+0
930	17,000000E+0	0,000000E+0	458,000000E-3	5,131000E+3	12,000000E+0
931	17,000000E+0	0,000000E+0	229,000000E-3	5,133000E+3	12,000000E+0
932	17,000000E+0	0,000000E+0	458,000000E-3	5,136000E+3	12,000000E+0
933	17,000000E+0	0,000000E+0	458,000000E-3	5,139000E+3	12,000000E+0
934	17,000000E+0	0,000000E+0	229,000000E-3	5,141000E+3	12,000000E+0
935	17,000000E+0	0,000000E+0	458,000000E-3	5,143000E+3	12,000000E+0
936	16,000000E+0	0,000000E+0	458,000000E-3	5,146000E+3	12,000000E+0
937	17,000000E+0	0,000000E+0	229,000000E-3	5,148000E+3	12,000000E+0
938	17,000000E+0	0,000000E+0	229,000000E-3	5,151000E+3	12,000000E+0
939	16,000000E+0	0,000000E+0	458,000000E-3	5,155000E+3	12,000000E+0
940	17,000000E+0	0,000000E+0	229,000000E-3	5,157000E+3	12,000000E+0
941	16,000000E+0	0,000000E+0	458,000000E-3	5,160000E+3	12,000000E+0
942	17,000000E+0	0,000000E+0	229,000000E-3	5,162000E+3	12,000000E+0
943	16,000000E+0	0,000000E+0	458,000000E-3	5,165000E+3	12,000000E+0
944	16,000000E+0	0,000000E+0	458,000000E-3	5,168000E+3	12,000000E+0
945	17,000000E+0	0,000000E+0	458,000000E-3	5,170000E+3	12,000000E+0
946	17,000000E+0	0,000000E+0	229,000000E-3	5,173000E+3	12,000000E+0
947	16,000000E+0	0,000000E+0	458,000000E-3	5,175000E+3	12,000000E+0
948	17,000000E+0	0,000000E+0	229,000000E-3	5,177000E+3	12,000000E+0
949	16,000000E+0	0,000000E+0	458,000000E-3	5,180000E+3	12,000000E+0
950	16,000000E+0	0,000000E+0	229,000000E-3	5,182000E+3	12,000000E+0
951	17,000000E+0	0,000000E+0	458,000000E-3	5,185000E+3	12,000000E+0
952	15,000000E+0	0,000000E+0	458,000000E-3	5,188000E+3	12,000000E+0
953	16,000000E+0	0,000000E+0	229,000000E-3	5,190000E+3	12,000000E+0
954	16,000000E+0	0,000000E+0	229,000000E-3	5,192000E+3	12,000000E+0
955	16,000000E+0	0,000000E+0	458,000000E-3	5,195000E+3	12,000000E+0
956	17,000000E+0	0,000000E+0	229,000000E-3	5,197000E+3	12,000000E+0
957	16,000000E+0	0,000000E+0	458,000000E-3	5,200000E+3	12,000000E+0
958	16,000000E+0	0,000000E+0	458,000000E-3	5,203000E+3	12,000000E+0
959	18,000000E+0	0,000000E+0	229,000000E-3	5,204000E+3	12,000000E+0
960	16,000000E+0	0,000000E+0	458,000000E-3	5,208000E+3	12,000000E+0
961	17,000000E+0	0,000000E+0	458,000000E-3	5,210000E+3	12,000000E+0
962	16,000000E+0	0,000000E+0	458,000000E-3	5,212000E+3	12,000000E+0
963	17,000000E+0	0,000000E+0	458,000000E-3	5,215000E+3	12,000000E+0
964	16,000000E+0	0,000000E+0	458,000000E-3	5,219000E+3	12,000000E+0
965	17,000000E+0	0,000000E+0	229,000000E-3	5,221000E+3	12,000000E+0
966	16,000000E+0	0,000000E+0	458,000000E-3	5,224000E+3	12,000000E+0
967	16,000000E+0	0,000000E+0	229,000000E-3	5,226000E+3	12,000000E+0
968	18,000000E+0	0,000000E+0	229,000000E-3	5,229000E+3	12,000000E+0
969	16,000000E+0	0,000000E+0	458,000000E-3	5,232000E+3	12,000000E+0
970	17,000000E+0	0,000000E+0	229,000000E-3	5,233000E+3	12,000000E+0
971	17,000000E+0	0,000000E+0	458,000000E-3	5,237000E+3	12,000000E+0
972	17,000000E+0	0,000000E+0	458,000000E-3	5,239000E+3	12,000000E+0
973	17,000000E+0	0,000000E+0	229,000000E-3	5,241000E+3	12,000000E+0
974	17,000000E+0	0,000000E+0	458,000000E-3	5,244000E+3	12,000000E+0
975	16,000000E+0	0,000000E+0	458,000000E-3	5,247000E+3	12,000000E+0
976	17,000000E+0	0,000000E+0	229,000000E-3	5,249000E+3	12,000000E+0
977	16,000000E+0	0,000000E+0	458,000000E-3	5,252000E+3	12,000000E+0
978	16,000000E+0	0,000000E+0	458,000000E-3	5,254000E+3	12,000000E+0
979	16,000000E+0	0,000000E+0	229,000000E-3	5,257000E+3	12,000000E+0
980	17,000000E+0	0,000000E+0	458,000000E-3	5,260000E+3	12,000000E+0
981	16,000000E+0	0,000000E+0	458,000000E-3	5,262000E+3	12,000000E+0
982	17,000000E+0	0,000000E+0	229,000000E-3	5,265000E+3	12,000000E+0
983	16,000000E+0	0,000000E+0	458,000000E-3	5,267000E+3	12,000000E+0
984	17,000000E+0	0,000000E+0	229,000000E-3	5,270000E+3	12,000000E+0
985	16,000000E+0	0,000000E+0	458,000000E-3	5,272000E+3	12,000000E+0
986	16,000000E+0	0,000000E+0	458,000000E-3	5,275000E+3	12,000000E+0
987	16,000000E+0	0,000000E+0	229,000000E-3	5,277000E+3	12,000000E+0
988	16,000000E+0	0,000000E+0	229,000000E-3	5,279000E+3	12,000000E+0
989	16,000000E+0	0,000000E+0	458,000000E-3	5,282000E+3	12,000000E+0
990	16,000000E+0	0,000000E+0	458,000000E-3	5,285000E+3	12,000000E+0
991	17,000000E+0	0,000000E+0	458,000000E-3	5,287000E+3	12,000000E+0
992	17,000000E+0	0,000000E+0	229,000000E-3	5,290000E+3	12,000000E+0
993	17,000000E+0	0,000000E+0	458,000000E-3	5,292000E+3	12,000000E+0
994	16,000000E+0	0,000000E+0	458,000000E-3	5,295000E+3	12,000000E+0
995	17,000000E+0	0,000000E+0	229,000000E-3	5,297000E+3	12,000000E+0
996	17,000000E+0	0,000000E+0	458,000000E-3	5,300000E+3	12,000000E+0
997	17,000000E+0	0,000000E+0	458,000000E-3	5,303000E+3	12,000000E+0
998	17,000000E+0	0,000000E+0	458,000000E-3	5,305000E+3	12,000000E+0
999	17,000000E+0	0,000000E+0	229,000000E-3	5,308000E+3	12,000000E+0
1000	16,000000E+0	0,000000E+0	458,000000E-3	5,311000E+3	12,000000E+0
1001	17,000000E+0	0,000000E+0	229,000000E-3	5,313000E+3	12,000000E+0
1002	16,000000E+0	0,000000E+0	458,000000E-3	5,315000E+3	12,000000E+0
1003	16,000000E+0	0,000000E+0	458,000000E-3	5,318000E+3	12,000000E+0
1004	17,000000E+0	0,000000E+0	229,000000E-3	5,320000E+3	12,000000E+0
1005	17,000000E+0	0,000000E+0	458,000000E-3	5,323000E+3	12,000000E+0
1006	17,000000E+0	0,000000E+0	458,000000E-3	5,325000E+3	12,000000E+0
1007	17,000000E+0	0,000000E+0	458,000000E-3	5,328000E+3	12,000000E+0
1008	16,000000E+0	0,000000E+0	458,000000E-3	5,331000E+3	12,000000E+0
1009	17,000000E+0	0,000000E+0	229,000000E-3	5,333000E+3	12,000000E+0
1010	17,000000E+0	0,000000E+0	458,000000E-3	5,336000E+3	12,000000E+0
1011	16,000000E+0	0,000000E+0	458,000000E-3	5,339000E+3	12,000000E+0
1012	17,000000E+0	0,000000E+0	229,000000E-3	5,341000E+3	12,000000E+0
1013	16,000000E+0	0,000000E+0	458,000000E-3	5,345000E+3	12,000000E+0
1014	16,000000E+0	0,000000E+0	458,000000E-3	5,347000E+3	12,000000E+0
1015	16,000000E+0	0,000000E+0	229,000000E-3	5,350000E+3	12,000000E+0
1016	16,000000E+0	0,000000E+0	458,000000E-3	5,353000E+3	12,000000E+0
1017	17,000000E+0	0,000000E+0	229,000000E-3	5,355000E+3	12,000000E+0
1018	16,000000E+0	0,000000E+0	458,000000E-3	5,358000E+3	12,000000E+0
1019	16,000000E+0	0,000000E+0	458,000000E-3	5,360000E+3	12,000000E+0
1020	16,000000E+0	0,000000E+0	229,000000E-3	5,362000E+3	12,000000E+0
1021	16,000000E+0	0,000000E+0	458,000000E-3	5,365000E+3	12,000000E+0
1022	85,000000E+0	43,040000E+0	15,007744E+3	351,731712E+6	0,000000E+0
1023	17,000000E+0	0,000000E+0	229,000000E-3	5,369000E+3	12,000000E+0
1024	17,000000E+0	0,000000E+0	458,000000E-3	5,372000E+3	12,000000E+0
1025	16,000000E+0	0,000000E+0	458,000000E-3	5,375000E+3	12,000000E+0
1026	17,000000E+0	0,000000E+0	229,000000E-3	5,377000E+3	12,000000E+0
1027	17,000000E+0	0,000000E+0	458,000000E-3	5,380000E+3	12,000000E+0
1028	17,000000E+0	0,000000E+0	458,000000E-3	5,382000E+3	12,000000E+0
1029	16,000000E+0	0,000000E+0	458,000000E-3	5,385000E+3	12,000000E+0
1030	16,000000E+0	0,000000E+0	458,000000E-3	5,387000E+3	12,000000E+0
1031	17,000000E+0	0,000000E+0	229,000000E-3	5,390000E+3	12,000000E+0
1032	17,000000E+0	0,000000E+0	229,000000E-3	5,392000E+3	12,000000E+0
1033	16,000000E+0	0,000000E+0	458,000000E-3	5,395000E+3	12,000000E+0
1034	17,000000E+0	0,000000E+0	229,000000E-3	5,398000E+3	12,000000E+0
1035	17,000000E+0	0,000000E+0	458,000000E-3	5,400000E+3	12,000000E+0
1036	17,000000E+0	0,000000E+0	458,000000E-3	5,402000E+3	12,000000E+0
1037	17,000000E+0	0,000000E+0	458,000000E-3	5,405000E+3	12,000000E+0
1038	16,000000E+0	0,000000E+0	458,000000E-3	5,408000E+3	12,000000E+0
1039	16,000000E+0	0,000000E+0	458,000000E-3	5,410000E+3	12,000000E+0
1040	17,000000E+0	0,000000E+0	229,000000E-3	5,413000E+3	12,000000E+0
1041	16,000000E+0	0,000000E+0	458,000000E-3	5,416000E+3	12,000000E+0
1042	16,000000E+0	0,000000E+0	229,000000E-3	5,418000E+3	12,000000E+0
1043	17,000000E+0	0,000000E+0	458,000000E-3	5,421000E+3	12,000000E+0
1044	17,000000E+0	0,000000E+0	458,000000E-3	5,424000E+3	12,000000E+0
1045	17,000000E+0	0,000000E+0	229,000000E-3	5,426000E+3	12,000000E+0
1046	17,000000E+0	0,000000E+0	229,000000E-3	5,428000E+3	12,000000E+0
1047	16,000000E+0	0,000000E+0	458,000000E-3	5,431000E+3	12,000000E+0
1048	16,000000E+0	0,000000E+0	229,000000E-3	5,433000E+3	12,000000E+0
1049	17,000000E+0	0,000000E+0	229,000000E-3	5,436000E+3	12,000000E+0
1050	17,000000E+0	0,000000E+0	458,000000E-3	5,439000E+3	12,000000E+0
1051	16,000000E+0	0,000000E+0	458,000000E-3	5,441000E+3	12,000000E+0
1052	16,000000E+0	0,000000E+0	229,000000E-3	5,444000E+3	12,000000E+0
1053	16,000000E+0	0,000000E+0	229,000000E-3	5,446000E+3	12,000000E+0
1054	16,000000E+0	0,000000E+0	229,000000E-3	5,449000E+3	12,000000E+0
1055	16,000000E+0	0,000000E+0	458,000000E-3	5,451000E+3	12,000000E+0
1056	17,000000E+0	0,000000E+0	229,000000E-3	5,453000E+3	12,000000E+0
1057	17,000000E+0	0,000000E+0	458,000000E-3	5,456000E+3	12,000000E+0
1058	17,000000E+0	0,000000E+0	458,000000E-3	5,459000E+3	12,000000E+0
1059	16,000000E+0	0,000000E+0	229,000000E-3	5,461000E+3	12,000000E+0
1060	17,000000E+0	0,000000E+0	229,000000E-3	5,464000E+3	12,000000E+0
1061	16,000000E+0	0,000000E+0	458,000000E-3	5,466000E+3	12,000000E+0
1062	17,000000E+0	0,000000E+0	229,000000E-3	5,469000E+3	12,000000E+0
1063	16,000000E+0	0,000000E+0	458,000000E-3	5,471000E+3	12,000000E+0
1064	16,000000E+0	0,000000E+0	458,000000E-3	5,475000E+3	12,000000E+0
1065	17,000000E+0	0,000000E+0	229,000000E-3	5,477000E+3	12,000000E+0
1066	17,000000E+0	0,000000E+0	229,000000E-3	5,480000E+3	12,000000E+0
1067	16,000000E+0	0,000000E+0	229,000000E-3	5,482000E+3	12,000000E+0
1068	17,000000E+0	0,000000E+0	458,000000E-3	5,485000E+3	12,000000E+0
1069	16,000000E+0	0,000000E+0	229,000000E-3	5,488000E+3	12,000000E+0
1070	16,000000E+0	0,000000E+0	229,000000E-3	5,490000E+3	12,000000E+0
1071	16,000000E+0	0,000000E+0	229,000000E-3	5,493000E+3	12,000000E+0
1072	16,000000E+0	0,000000E+0	458,000000E-3	5,495000E+3	12,000000E+0
1073	17,000000E+0	0,000000E+0	229,000000E-3	5,497000E+3	12,000000E+0
1074	17,000000E+0	0,000000E+0	458,000000E-3	5,500000E+3	12,000000E+0
1075	16,000000E+0	0,000000E+0	458,000000E-3	5,503000E+3	12,000000E+0
1076	17,000000E+0	0,000000E+0	229,000000E-3	5,505000E+3	12,000000E+0
1077	17,000000E+0	0,000000E+0	458,000000E-3	5,508000E+3	12,000000E+0
1078	17,000000E+0	0,000000E+0	458,000000E-3	5,511000E+3	12,000000E+0
1079	17,000000E+0	0,000000E+0	229,000000E-3	5,513000E+3	12,000000E+0
1080	15,000000E+0	0,000000E+0	458,000000E-3	5,516000E+3	12,000000E+0
1081	16,000000E+0	0,000000E+0	458,000000E-3	5,518000E+3	12,000000E+0
1082	17,000000E+0	0,000000E+0	458,000000E-3	5,521000E+3	12,000000E+0
1083	16,000000E+0	0,000000E+0	458,000000E-3	5,524000E+3	12,000000E+0
1084	16,000000E+0	0,000000E+0	229,000000E-3	5,526000E+3	12,000000E+0
1085	17,000000E+0	0,000000E+0	229,000000E-3	5,528000E+3	12,000000E+0
1086	16,000000E+0	0,000000E+0	458,000000E-3	5,531000E+3	12,000000E+0
1087	16,000000E+0	0,000000E+0	229,000000E-3	5,533000E+3	12,000000E+0
1088	16,000000E+0	0,000000E+0	458,000000E-3	5,536000E+3	12,000000E+0
1089	16,000000E+0	0,000000E+0	458,000000E-3	5,539000E+3	12,000000E+0
1090	17,000000E+0	0,000000E+0	229,000000E-3	5,541000E+3	12,000000E+0
1091	16,000000E+0	0,000000E+0	458,000000E-3	5,545000E+3	12,000000E+0
1092	16,000000E+0	0,000000E+0	229,000000E-3	5,546000E+3	12,000000E+0
1093	16,000000E+0	0,000000E+0	458,000000E-3	5,549000E+3	12,000000E+0
1094	16,000000E+0	0,000000E+0	458,000000E-3	5,552000E+3	12,000000E+0
1095	16,000000E+0	0,000000E+0	229,000000E-3	5,554000E+3	12,000000E+0
1096	17,000000E+0	0,000000E+0	229,000000E-3	5,556000E+3	12,000000E+0
1097	17,000000E+0	0,000000E+0	458,000000E-3	5,559000E+3	12,000000E+0
1098	17,000000E+0	0,000000E+0	229,000000E-3	5,562000E+3	12,000000E+0
1099	16,000000E+0	0,000000E+0	458,000000E-3	5,564000E+3	12,000000E+0
1100	16,000000E+0	0,000000E+0	229,000000E-3	5,567000E+3	12,000000E+0
1101	18,000000E+0	0,000000E+0	229,000000E-3	5,569000E+3	12,000000E+0
1102	16,000000E+0	0,000000E+0	458,000000E-3	5,572000E+3	12,000000E+0
1103	16,000000E+0	0,000000E+0	229,000000E-3	5,574000E+3	12,000000E+0
1104	17,000000E+0	0,000000E+0	458,000000E-3	5,577000E+3	12,000000E+0
1105	16,000000E+0	0,000000E+0	458,000000E-3	5,580000E+3	12,000000E+0
1106	16,000000E+0	0,000000E+0	458,000000E-3	5,582000E+3	12,000000E+0
1107	16,000000E+0	0,000000E+0	229,000000E-3	5,585000E+3	12,000000E+0
1108	16,000000E+0	0,000000E+0	458,000000E-3	5,587000E+3	12,000000E+0
1109	17,000000E+0	0,000000E+0	229,000000E-3	5,589000E+3	12,000000E+0
1110	16,000000E+0	0,000000E+0	458,000000E-3	5,592000E+3	12,000000E+0
1111	16,000000E+0	0,000000E+0	458,000000E-3	5,595000E+3	12,000000E+0
1112	16,000000E+0	0,000000E+0	229,000000E-3	5,597000E+3	12,000000E+0
1113	16,000000E+0	0,000000E+0	458,000000E-3	5,600000E+3	12,000000E+0
1114	16,000000E+0	0,000000E+0	458,000000E-3	5,602000E+3	12,000000E+0
1115	17,000000E+0	0,000000E+0	229,000000E-3	5,605000E+3	12,000000E+0
1116	16,000000E+0	0,000000E+0	458,000000E-3	5,608000E+3	12,000000E+0
1117	16,000000E+0	0,000000E+0	229,000000E-3	5,610000E+3	12,000000E+0
1118	16,000000E+0	0,000000E+0	229,000000E-3	5,613000E+3	12,000000E+0
1119	15,000000E+0	0,000000E+0	458,000000E-3	5,615000E+3	12,000000E+0
1120	16,000000E+0	0,000000E+0	229,000000E-3	5,617000E+3	12,000000E+0
1121	16,000000E+0	0,000000E+0	229,000000E-3	5,620000E+3	12,000000E+0
1122	16,000000E+0	0,000000E+0	458,000000E-3	5,623000E+3	12,000000E+0
1123	16,000000E+0	0,000000E+0	458,000000E-3	5,625000E+3	12,000000E+0
1124	16,000000E+0	0,000000E+0	229,000000E-3	5,628000E+3	12,000000E+0
1125	16,000000E+0	0,000000E+0	458,000000E-3	5,630000E+3	12,000000E+0
1126	16,000000E+0	0,000000E+0	458,000000E-3	5,633000E+3	12,000000E+0
1127	16,000000E+0	0,000000E+0	458,000000E-3	5,635000E+3	12,000000E+0
1128	16,000000E+0	0,000000E+0	458,000000E-3	5,638000E+3	12,000000E+0
1129	17,000000E+0	0,000000E+0	229,000000E-3	5,640000E+3	12,000000E+0
1130	16,000000E+0	0,000000E+0	458,000000E-3	5,643000E+3	12,000000E+0
1131	16,000000E+0	0,000000E+0	229,000000E-3	5,645000E+3	12,000000E+0
1132	17,000000E+0	0,000000E+0	229,000000E-3	5,648000E+3	12,000000E+0
1133	17,000000E+0	0,000000E+0	229,000000E-3	5,650000E+3	12,000000E+0
1134	17,000000E+0	0,000000E+0	458,000000E-3	5,653000E+3	12,000000E+0
1135	17,000000E+0	0,000000E+0	458,000000E-3	5,655000E+3	12,000000E+0
1136	16,000000E+0	0,000000E+0	229,000000E-3	5,658000E+3	12,000000E+0
1137	16,000000E+0	0,000000E+0	229,000000E-3	5,660000E+3	12,000000E+0
1138	16,000000E+0	0,000000E+0	229,000000E-3	5,663000E+3	12,000000E+0
1139	17,000000E+0	0,000000E+0	458,000000E-3	5,664000E+3	12,000000E+0
1140	17,000000E+0	0,000000E+0	229,000000E-3	5,667000E+3	12,000000E+0
1141	16,000000E+0	0,000000E+0	458,000000E-3	5,669000E+3	12,000000E+0
1142	16,000000E+0	0,000000E+0	229,000000E-3	5,672000E+3	12,000000E+0
1143	16,000000E+0	0,000000E+0	229,000000E-3	5,674000E+3	12,000000E+0
1144	16,000000E+0	0,000000E+0	458,000000E-3	5,677000E+3	12,000000E+0
1145	16,000000E+0	0,000000E+0	458,000000E-3	5,679000E+3	12,000000E+0
1146	16,000000E+0	0,000000E+0	458,000000E-3	5,682000E+3	12,000000E+0
1147	16,000000E+0	0,000000E+0	458,000000E-3	5,685000E+3	12,000000E+0
1148	16,000000E+0	0,000000E+0	458,000000E-3	5,687000E+3	12,000000E+0
1149	17,000000E+0	0,000000E+0	229,000000E-3	5,689000E+3	12,000000E+0
1150	16,000000E+0	0,000000E+0	458,000000E-3	5,692000E+3	12,000000E+0
1151	16,000000E+0	0,000000E+0	458,000000E-3	5,694000E+3	12,000000E+0
1152	17,000000E+0	0,000000E+0	229,000000E-3	5,697000E+3	12,000000E+0
1153	17,000000E+0	0,000000E+0	458,000000E-3	5,700000E+3	12,000000E+0
1154	17,000000E+0	0,000000E+0	458,000000E-3	5,702000E+3	12,000000E+0
1155	16,000000E+0	0,000000E+0	458,000000E-3	5,705000E+3	12,000000E+0
1156	16,000000E+0	0,000000E+0	458,000000E-3	5,708000E+3	12,000000E+0
1157	16,000000E+0	0,000000E+0	229,000000E-3	5,710000E+3	12,000000E+0
1158	15,000000E+0	0,000000E+0	458,000000E-3	5,713000E+3	12,000000E+0
1159	16,000000E+0	0,000000E+0	458,000000E-3	5,715000E+3	12,000000E+0
1160	17,000000E+0	0,000000E+0	229,000000E-3	5,717000E+3	12,000000E+0
1161	17,000000E+0	0,000000E+0	458,000000E-3	5,720000E+3	12,000000E+0
1162	16,000000E+0	0,000000E+0	458,000000E-3	5,723000E+3	12,000000E+0
1163	16,000000E+0	0,000000E+0	229,000000E-3	5,725000E+3	12,000000E+0
1164	16,000000E+0	0,000000E+0	458,000000E-3	5,728000E+3	12,000000E+0
1165	17,000000E+0	0,000000E+0	229,000000E-3	5,730000E+3	12,000000E+0
1166	18,000000E+0	0,000000E+0	458,000000E-3	5,733000E+3	12,000000E+0
1167	18,000000E+0	0,000000E+0	458,000000E-3	5,736000E+3	12,000000E+0
1168	17,000000E+0	0,000000E+0	229,000000E-3	5,738000E+3	12,000000E+0
1169	16,000000E+0	0,000000E+0	458,000000E-3	5,741000E+3	12,000000E+0
1170	16,000000E+0	0,000000E+0	458,000000E-3	5,743000E+3	12,000000E+0
1171	17,000000E+0	0,000000E+0	229,000000E-3	5,746000E+3	12,000000E+0
1172	16,000000E+0	0,000000E+0	458,000000E-3	5,748000E+3	12,000000E+0
1173	16,000000E+0	0,000000E+0	229,000000E-3	5,751000E+3	12,000000E+0
1174	17,000000E+0	0,000000E+0	229,000000E-3	5,753000E+3	12,000000E+0
1175	17,000000E+0	0,000000E+0	458,000000E-3	5,756000E+3	12,000000E+0
1176	17,000000E+0	0,000000E+0	229,000000E-3	5,759000E+3	12,000000E+0
1177	17,000000E+0	0,000000E+0	458,000000E-3	5,761000E+3	12,000000E+0
1178	16,000000E+0	0,000000E+0	458,000000E-3	5,764000E+3	12,000000E+0
1179	17,000000E+0	0,000000E+0	229,000000E-3	5,766000E+3	12,000000E+0
1180	16,000000E+0	0,000000E+0	458,000000E-3	5,768000E+3	12,000000E+0
1181	16,000000E+0	0,000000E+0	458,000000E-3	5,771000E+3	12,000000E+0
1182	17,000000E+0	0,000000E+0	229,000000E-3	5,773000E+3	12,000000E+0
1183	17,000000E+0	0,000000E+0	458,000000E-3	5,776000E+3	12,000000E+0
1184	16,000000E+0	0,000000E+0	458,000000E-3	5,779000E+3	12,000000E+0
1185	17,000000E+0	0,000000E+0	229,000000E-3	5,781000E+3	12,000000E+0
1186	17,000000E+0	0,000000E+0	458,000000E-3	5,784000E+3	12,000000E+0
1187	17,000000E+0	0,000000E+0	458,000000E-3	5,786000E+3	12,000000E+0
1188	16,000000E+0	0,000000E+0	458,000000E-3	5,789000E+3	12,000000E+0
1189	16,000000E+0	0,000000E+0	458,000000E-3	5,792000E+3	12,000000E+0
1190	16,000000E+0	0,000000E+0	229,000000E-3	5,794000E+3	12,000000E+0
1191	16,000000E+0	0,000000E+0	458,000000E-3	5,797000E+3	12,000000E+0
1192	16,000000E+0	0,000000E+0	458,000000E-3	5,799000E+3	12,000000E+0
1193	17,000000E+0	0,000000E+0	229,000000E-3	5,801000E+3	12,000000E+0
1194	16,000000E+0	0,000000E+0	458,000000E-3	5,804000E+3	12,000000E+0
1195	16,000000E+0	0,000000E+0	458,000000E-3	5,807000E+3	12,000000E+0
1196	17,000000E+0	0,000000E+0	229,000000E-3	5,809000E+3	12,000000E+0
1197	16,000000E+0	0,000000E+0	458,000000E-3	5,812000E+3	12,000000E+0
1198	16,000000E+0	0,000000E+0	458,000000E-3	5,814000E+3	12,000000E+0
1199	16,000000E+0	0,000000E+0	229,000000E-3	5,817000E+3	12,000000E+0
1200	16,000000E+0	0,000000E+0	458,000000E-3	5,820000E+3	12,000000E+0
1201	16,000000E+0	0,000000E+0	229,000000E-3	5,822000E+3	12,000000E+0
1202	17,000000E+0	0,000000E+0	458,000000E-3	5,824000E+3	12,000000E+0
1203	17,000000E+0	0,000000E+0	458,000000E-3	5,827000E+3	12,000000E+0
1204	17,000000E+0	0,000000E+0	229,000000E-3	5,829000E+3	12,000000E+0
1205	16,000000E+0	0,000000E+0	458,000000E-3	5,832000E+3	12,000000E+0
1206	16,000000E+0	0,000000E+0	229,000000E-3	5,835000E+3	12,000000E+0
1207	17,000000E+0	0,000000E+0	229,000000E-3	5,837000E+3	12,000000E+0
1208	16,000000E+0	0,000000E+0	458,000000E-3	5,840000E+3	12,000000E+0
1209	17,000000E+0	0,000000E+0	458,000000E-3	5,841000E+3	12,000000E+0
1210	17,000000E+0	0,000000E+0	458,000000E-3	5,843000E+3	12,000000E+0
1211	16,000000E+0	0,000000E+0	458,000000E-3	5,846000E+3	12,000000E+0
1212	16,000000E+0	0,000000E+0	458,000000E-3	5,849000E+3	12,000000E+0
1213	16,000000E+0	0,000000E+0	458,000000E-3	5,851000E+3	12,000000E+0
1214	16,000000E+0	0,000000E+0	458,000000E-3	5,854000E+3	12,000000E+0
1215	17,000000E+0	0,000000E+0	229,000000E-3	5,856000E+3	12,000000E+0
1216	16,000000E+0	0,000000E+0	458,000000E-3	5,859000E+3	12,000000E+0
1217	16,000000E+0	0,000000E+0	458,000000E-3	5,862000E+3	12,000000E+0
1218	17,000000E+0	0,000000E+0	229,000000E-3	5,864000E+3	12,000000E+0
1219	15,000000E+0	0,000000E+0	458,000000E-3	5,867000E+3	12,000000E+0
1220	15,000000E+0	0,000000E+0	458,000000E-3	5,869000E+3	12,000000E+0
1221	16,000000E+0	0,000000E+0	229,000000E-3	5,872000E+3	12,000000E+0
1222	17,000000E+0	0,000000E+0	229,000000E-3	5,873000E+3	12,000000E+0
1223	16,000000E+0	0,000000E+0	458,000000E-3	5,876000E+3	12,000000E+0
1224	16,000000E+0	0,000000E+0	458,000000E-3	5,878000E+3	12,000000E+0
1225	16,000000E+0	0,000000E+0	458,000000E-3	5,881000E+3	12,000000E+0
1226	16,000000E+0	0,000000E+0	229,000000E-3	5,883000E+3	12,000000E+0
1227	17,000000E+0	0,000000E+0	229,000000E-3	5,886000E+3	12,000000E+0
1228	15,000000E+0	0,000000E+0	458,000000E-3	5,889000E+3	12,000000E+0
1229	17,000000E+0	0,000000E+0	229,000000E-3	5,891000E+3	12,000000E+0
1230	18,000000E+0	0,000000E+0	229,000000E-3	5,893000E+3	12,000000E+0
1231	17,000000E+0	0,000000E+0	458,000000E-3	5,896000E+3	12,000000E+0
1232	16,000000E+0	0,000000E+0	229,000000E-3	5,899000E+3	12,000000E+0
1233	16,000000E+0	0,000000E+0	458,000000E-3	5,902000E+3	12,000000E+0
1234	16,000000E+0	0,000000E+0	458,000000E-3	5,904000E+3	12,000000E+0
1235	16,000000E+0	0,000000E+0	229,000000E-3	5,906000E+3	12,000000E+0
1236	16,000000E+0	0,000000E+0	458,000000E-3	5,909000E+3	12,000000E+0
1237	16,000000E+0	0,000000E+0	458,000000E-3	5,911000E+3	12,000000E+0
1238	17,000000E+0	0,000000E+0	229,000000E-3	5,914000E+3	12,000000E+0
1239	17,000000E+0	0,000000E+0	458,000000E-3	5,916000E+3	12,000000E+0
1240	17,000000E+0	0,000000E+0	229,000000E-3	5,919000E+3	12,000000E+0
1241	17,000000E+0	0,000000E+0	229,000000E-3	5,922000E+3	12,000000E+0
1242	17,000000E+0	0,000000E+0	458,000000E-3	5,924000E+3	12,000000E+0
1243	17,000000E+0	0,000000E+0	458,000000E-3	5,927000E+3	12,000000E+0
1244	17,000000E+0	0,000000E+0	458,000000E-3	5,930000E+3	12,000000E+0
1245	16,000000E+0	0,000000E+0	458,000000E-3	5,932000E+3	12,000000E+0
1246	15,000000E+0	0,000000E+0	229,000000E-3	5,934000E+3	12,000000E+0
1247	16,000000E+0	0,000000E+0	458,000000E-3	5,937000E+3	12,000000E+0
1248	16,000000E+0	0,000000E+0	229,000000E-3	5,940000E+3	12,000000E+0
1249	16,000000E+0	0,000000E+0	458,000000E-3	5,942000E+3	12,000000E+0
1250	16,000000E+0	0,000000E+0	458,000000E-3	5,945000E+3	12,000000E+0
1251	17,000000E+0	0,000000E+0	229,000000E-3	5,947000E+3	12,000000E+0
1252	16,000000E+0	0,000000E+0	458,000000E-3	5,950000E+3	12,000000E+0
1253	16,000000E+0	0,000000E+0	458,000000E-3	5,952000E+3	12,000000E+0
