samedi 20 janvier 2024	15:25:01	Sampling Period : 20  ms		
Unities: time [sample], PWM [raw], Current [mA], velocity [rev/min], Position [pulse], Present Input Voltage [V]

t	DXL_PWM		DXL_Current		DXL_Velocity		DXL_Position		DXL_Input_Voltage
0	1,000000E+0	0,000000E+0	0,000000E+0	945,159000E+3	12,000000E+0
1	528,000000E+0	266,310000E+0	229,000000E-3	945,166000E+3	12,000000E+0
2	885,000000E+0	24,210000E+0	24,503000E+0	945,317000E+3	12,000000E+0
3	885,000000E+0	24,210000E+0	29,999000E+0	945,483000E+3	12,000000E+0
4	885,000000E+0	21,520000E+0	29,999000E+0	945,650000E+3	12,000000E+0
5	885,000000E+0	21,520000E+0	30,457000E+0	945,819000E+3	12,000000E+0
6	885,000000E+0	21,520000E+0	30,457000E+0	945,982000E+3	12,000000E+0
7	885,000000E+0	21,520000E+0	30,686000E+0	946,150000E+3	12,000000E+0
8	885,000000E+0	21,520000E+0	30,686000E+0	946,314000E+3	12,000000E+0
9	885,000000E+0	21,520000E+0	30,686000E+0	946,482000E+3	12,000000E+0
10	885,000000E+0	18,830000E+0	30,457000E+0	946,647000E+3	12,000000E+0
11	885,000000E+0	18,830000E+0	30,228000E+0	946,815000E+3	12,000000E+0
12	885,000000E+0	18,830000E+0	30,228000E+0	946,981000E+3	12,000000E+0
13	885,000000E+0	18,830000E+0	29,999000E+0	947,148000E+3	12,000000E+0
14	885,000000E+0	18,830000E+0	30,228000E+0	947,315000E+3	12,000000E+0
15	885,000000E+0	18,830000E+0	30,228000E+0	947,481000E+3	12,000000E+0
16	885,000000E+0	18,830000E+0	30,228000E+0	947,648000E+3	12,000000E+0
17	885,000000E+0	18,830000E+0	30,457000E+0	947,814000E+3	12,000000E+0
18	885,000000E+0	18,830000E+0	30,915000E+0	947,981000E+3	12,000000E+0
19	885,000000E+0	18,830000E+0	30,915000E+0	948,149000E+3	12,000000E+0
20	885,000000E+0	18,830000E+0	31,144000E+0	948,316000E+3	12,000000E+0
21	885,000000E+0	18,830000E+0	31,144000E+0	948,484000E+3	12,000000E+0
22	885,000000E+0	18,830000E+0	30,686000E+0	948,650000E+3	12,000000E+0
23	885,000000E+0	18,830000E+0	30,686000E+0	948,819000E+3	12,000000E+0
24	885,000000E+0	18,830000E+0	30,457000E+0	948,988000E+3	12,000000E+0
25	885,000000E+0	18,830000E+0	30,228000E+0	949,154000E+3	12,000000E+0
26	885,000000E+0	18,830000E+0	29,999000E+0	949,322000E+3	12,000000E+0
27	885,000000E+0	18,830000E+0	29,999000E+0	949,488000E+3	12,000000E+0
28	885,000000E+0	18,830000E+0	29,999000E+0	949,654000E+3	12,000000E+0
29	885,000000E+0	18,830000E+0	30,228000E+0	949,823000E+3	12,000000E+0
30	885,000000E+0	18,830000E+0	30,457000E+0	949,991000E+3	12,000000E+0
31	885,000000E+0	18,830000E+0	30,686000E+0	950,157000E+3	12,000000E+0
32	885,000000E+0	18,830000E+0	30,686000E+0	950,323000E+3	12,000000E+0
33	885,000000E+0	18,830000E+0	30,686000E+0	950,490000E+3	12,000000E+0
34	885,000000E+0	18,830000E+0	30,686000E+0	950,656000E+3	12,000000E+0
35	885,000000E+0	18,830000E+0	30,228000E+0	950,822000E+3	12,000000E+0
36	885,000000E+0	18,830000E+0	30,228000E+0	950,988000E+3	12,000000E+0
37	885,000000E+0	18,830000E+0	29,999000E+0	951,155000E+3	12,000000E+0
38	885,000000E+0	18,830000E+0	29,999000E+0	951,320000E+3	12,000000E+0
39	885,000000E+0	18,830000E+0	30,228000E+0	951,488000E+3	12,000000E+0
40	885,000000E+0	18,830000E+0	30,228000E+0	951,656000E+3	12,000000E+0
41	885,000000E+0	18,830000E+0	30,457000E+0	951,823000E+3	12,000000E+0
42	885,000000E+0	18,830000E+0	30,686000E+0	951,990000E+3	12,000000E+0
43	885,000000E+0	18,830000E+0	30,915000E+0	952,157000E+3	12,000000E+0
44	885,000000E+0	18,830000E+0	31,144000E+0	952,325000E+3	12,000000E+0
45	885,000000E+0	18,830000E+0	30,915000E+0	952,491000E+3	12,000000E+0
46	885,000000E+0	18,830000E+0	30,915000E+0	952,658000E+3	12,000000E+0
47	885,000000E+0	18,830000E+0	30,686000E+0	952,825000E+3	12,000000E+0
48	885,000000E+0	18,830000E+0	30,457000E+0	952,994000E+3	12,000000E+0
49	885,000000E+0	18,830000E+0	30,228000E+0	953,161000E+3	12,000000E+0
50	885,000000E+0	18,830000E+0	29,999000E+0	953,329000E+3	12,000000E+0
51	885,000000E+0	18,830000E+0	29,999000E+0	953,496000E+3	12,000000E+0
52	885,000000E+0	18,830000E+0	29,999000E+0	953,663000E+3	12,000000E+0
53	885,000000E+0	18,830000E+0	30,228000E+0	953,830000E+3	12,000000E+0
54	885,000000E+0	18,830000E+0	30,457000E+0	953,997000E+3	12,000000E+0
55	885,000000E+0	18,830000E+0	30,457000E+0	954,163000E+3	12,000000E+0
56	885,000000E+0	18,830000E+0	30,686000E+0	954,330000E+3	12,000000E+0
57	885,000000E+0	18,830000E+0	30,686000E+0	954,495000E+3	12,000000E+0
58	885,000000E+0	18,830000E+0	30,686000E+0	954,664000E+3	12,000000E+0
59	885,000000E+0	18,830000E+0	30,686000E+0	954,829000E+3	12,000000E+0
60	885,000000E+0	18,830000E+0	30,228000E+0	954,997000E+3	12,000000E+0
61	885,000000E+0	18,830000E+0	29,999000E+0	955,161000E+3	12,000000E+0
62	885,000000E+0	18,830000E+0	29,999000E+0	955,328000E+3	12,000000E+0
63	885,000000E+0	18,830000E+0	30,228000E+0	955,495000E+3	12,000000E+0
64	885,000000E+0	18,830000E+0	30,228000E+0	955,662000E+3	12,000000E+0
65	885,000000E+0	18,830000E+0	30,228000E+0	955,830000E+3	12,000000E+0
66	885,000000E+0	16,140000E+0	30,686000E+0	955,998000E+3	12,000000E+0
67	885,000000E+0	16,140000E+0	30,686000E+0	956,163000E+3	12,000000E+0
68	885,000000E+0	16,140000E+0	30,915000E+0	956,330000E+3	12,000000E+0
69	885,000000E+0	16,140000E+0	31,144000E+0	956,498000E+3	12,000000E+0
70	885,000000E+0	16,140000E+0	30,915000E+0	956,667000E+3	12,000000E+0
71	885,000000E+0	16,140000E+0	30,915000E+0	956,832000E+3	12,000000E+0
72	885,000000E+0	16,140000E+0	30,686000E+0	957,001000E+3	12,000000E+0
73	885,000000E+0	16,140000E+0	30,228000E+0	957,169000E+3	12,000000E+0
74	885,000000E+0	16,140000E+0	29,999000E+0	957,334000E+3	12,000000E+0
75	885,000000E+0	16,140000E+0	29,999000E+0	957,503000E+3	12,000000E+0
76	885,000000E+0	16,140000E+0	30,228000E+0	957,671000E+3	12,000000E+0
77	885,000000E+0	16,140000E+0	30,228000E+0	957,837000E+3	12,000000E+0
78	885,000000E+0	16,140000E+0	30,228000E+0	958,004000E+3	12,000000E+0
79	885,000000E+0	16,140000E+0	30,457000E+0	958,171000E+3	12,000000E+0
80	885,000000E+0	16,140000E+0	30,686000E+0	958,338000E+3	12,000000E+0
81	885,000000E+0	16,140000E+0	30,686000E+0	958,505000E+3	12,000000E+0
82	885,000000E+0	16,140000E+0	30,686000E+0	958,672000E+3	12,000000E+0
83	885,000000E+0	16,140000E+0	30,457000E+0	958,838000E+3	12,000000E+0
84	885,000000E+0	16,140000E+0	30,457000E+0	959,004000E+3	12,000000E+0
85	885,000000E+0	16,140000E+0	30,457000E+0	959,171000E+3	12,000000E+0
86	885,000000E+0	16,140000E+0	29,999000E+0	959,339000E+3	12,000000E+0
87	885,000000E+0	16,140000E+0	29,999000E+0	959,505000E+3	12,000000E+0
88	885,000000E+0	16,140000E+0	30,228000E+0	959,672000E+3	12,000000E+0
89	885,000000E+0	16,140000E+0	30,228000E+0	959,841000E+3	12,000000E+0
90	885,000000E+0	16,140000E+0	30,457000E+0	960,006000E+3	12,000000E+0
91	885,000000E+0	16,140000E+0	30,686000E+0	960,173000E+3	12,000000E+0
92	885,000000E+0	16,140000E+0	30,915000E+0	960,341000E+3	12,000000E+0
93	885,000000E+0	16,140000E+0	30,915000E+0	960,508000E+3	12,000000E+0
94	885,000000E+0	16,140000E+0	30,915000E+0	960,675000E+3	12,000000E+0
95	885,000000E+0	16,140000E+0	31,144000E+0	960,843000E+3	12,000000E+0
96	885,000000E+0	16,140000E+0	30,915000E+0	961,008000E+3	12,000000E+0
97	885,000000E+0	16,140000E+0	30,686000E+0	961,178000E+3	12,000000E+0
98	885,000000E+0	16,140000E+0	30,228000E+0	961,345000E+3	12,000000E+0
99	885,000000E+0	16,140000E+0	29,999000E+0	961,513000E+3	12,000000E+0
100	885,000000E+0	16,140000E+0	30,228000E+0	961,678000E+3	12,000000E+0
101	885,000000E+0	16,140000E+0	29,999000E+0	961,847000E+3	12,000000E+0
102	885,000000E+0	16,140000E+0	30,228000E+0	962,013000E+3	12,000000E+0
103	885,000000E+0	16,140000E+0	30,457000E+0	962,224000E+3	12,000000E+0
104	85,000000E+0	2,380650E+3	2,011039E+6	-1,353318E+9	1,400000E+0
105	29,952000E+3	4,139910E+3	7,855616E+3	246,414848E+6	3,072000E+3
106	29,952000E+3	4,139910E+3	7,855616E+3	246,457088E+6	3,072000E+3
107	29,952000E+3	4,139910E+3	7,855616E+3	246,499840E+6	3,072000E+3
108	29,952000E+3	4,139910E+3	7,855616E+3	246,542336E+6	3,072000E+3
109	885,000000E+0	16,140000E+0	30,228000E+0	963,223000E+3	12,000000E+0
110	885,000000E+0	16,140000E+0	30,228000E+0	963,389000E+3	12,000000E+0
111	885,000000E+0	16,140000E+0	29,999000E+0	963,556000E+3	12,000000E+0
112	885,000000E+0	16,140000E+0	29,999000E+0	963,723000E+3	12,000000E+0
113	29,952000E+3	4,139910E+3	7,738368E+3	246,755840E+6	3,072000E+3
114	29,952000E+3	4,139910E+3	7,796992E+3	246,798848E+6	3,072000E+3
115	85,000000E+0	2,380650E+3	2,011039E+6	-1,233060E+9	1,400000E+0
116	29,952000E+3	4,139910E+3	7,914240E+3	246,885632E+6	3,072000E+3
117	885,000000E+0	16,140000E+0	31,144000E+0	964,603000E+3	12,000000E+0
118	885,000000E+0	16,140000E+0	30,915000E+0	964,812000E+3	12,000000E+0
119	885,000000E+0	16,140000E+0	31,144000E+0	965,020000E+3	12,000000E+0
120	885,000000E+0	16,140000E+0	30,915000E+0	965,188000E+3	12,000000E+0
121	885,000000E+0	16,140000E+0	30,457000E+0	965,356000E+3	12,000000E+0
122	885,000000E+0	16,140000E+0	30,228000E+0	965,521000E+3	12,000000E+0
123	885,000000E+0	16,140000E+0	29,999000E+0	965,692000E+3	12,000000E+0
124	885,000000E+0	16,140000E+0	30,228000E+0	965,858000E+3	12,000000E+0
125	885,000000E+0	16,140000E+0	30,228000E+0	966,026000E+3	12,000000E+0
126	885,000000E+0	16,140000E+0	30,228000E+0	966,194000E+3	12,000000E+0
127	885,000000E+0	16,140000E+0	30,686000E+0	966,362000E+3	12,000000E+0
128	885,000000E+0	16,140000E+0	30,686000E+0	966,528000E+3	12,000000E+0
129	885,000000E+0	16,140000E+0	30,686000E+0	966,695000E+3	12,000000E+0
130	885,000000E+0	16,140000E+0	30,686000E+0	966,862000E+3	12,000000E+0
131	885,000000E+0	16,140000E+0	30,457000E+0	967,027000E+3	12,000000E+0
132	885,000000E+0	16,140000E+0	30,457000E+0	967,194000E+3	12,000000E+0
133	885,000000E+0	16,140000E+0	30,228000E+0	967,361000E+3	12,000000E+0
134	885,000000E+0	16,140000E+0	29,999000E+0	967,527000E+3	12,000000E+0
135	885,000000E+0	16,140000E+0	30,228000E+0	967,694000E+3	12,000000E+0
136	885,000000E+0	16,140000E+0	30,228000E+0	967,861000E+3	12,000000E+0
137	885,000000E+0	16,140000E+0	30,228000E+0	968,028000E+3	12,000000E+0
138	885,000000E+0	16,140000E+0	30,457000E+0	968,197000E+3	12,000000E+0
139	885,000000E+0	16,140000E+0	30,686000E+0	968,365000E+3	12,000000E+0
140	885,000000E+0	16,140000E+0	30,915000E+0	968,532000E+3	12,000000E+0
141	885,000000E+0	16,140000E+0	30,915000E+0	968,699000E+3	12,000000E+0
142	885,000000E+0	16,140000E+0	31,144000E+0	968,867000E+3	12,000000E+0
143	885,000000E+0	16,140000E+0	30,915000E+0	969,034000E+3	12,000000E+0
144	885,000000E+0	16,140000E+0	30,686000E+0	969,199000E+3	12,000000E+0
145	885,000000E+0	16,140000E+0	30,686000E+0	969,370000E+3	12,000000E+0
146	885,000000E+0	16,140000E+0	30,228000E+0	969,536000E+3	12,000000E+0
147	885,000000E+0	16,140000E+0	29,770000E+0	969,702000E+3	12,000000E+0
148	885,000000E+0	16,140000E+0	30,228000E+0	969,869000E+3	12,000000E+0
149	885,000000E+0	16,140000E+0	29,999000E+0	970,038000E+3	12,000000E+0
150	885,000000E+0	16,140000E+0	30,228000E+0	970,204000E+3	12,000000E+0
151	885,000000E+0	16,140000E+0	30,457000E+0	970,372000E+3	12,000000E+0
152	885,000000E+0	16,140000E+0	30,686000E+0	970,539000E+3	12,000000E+0
153	885,000000E+0	16,140000E+0	30,686000E+0	970,707000E+3	12,000000E+0
154	885,000000E+0	16,140000E+0	30,686000E+0	970,872000E+3	12,000000E+0
155	885,000000E+0	16,140000E+0	30,686000E+0	971,040000E+3	12,000000E+0
156	885,000000E+0	16,140000E+0	30,457000E+0	971,205000E+3	12,000000E+0
157	885,000000E+0	16,140000E+0	30,228000E+0	971,373000E+3	12,000000E+0
158	885,000000E+0	16,140000E+0	30,228000E+0	971,538000E+3	12,000000E+0
159	885,000000E+0	16,140000E+0	29,999000E+0	971,707000E+3	12,000000E+0
160	885,000000E+0	16,140000E+0	30,228000E+0	971,874000E+3	12,000000E+0
161	885,000000E+0	16,140000E+0	30,228000E+0	972,083000E+3	12,000000E+0
162	885,000000E+0	16,140000E+0	30,457000E+0	972,292000E+3	12,000000E+0
163	885,000000E+0	16,140000E+0	30,686000E+0	972,500000E+3	12,000000E+0
164	885,000000E+0	16,140000E+0	31,144000E+0	972,667000E+3	12,000000E+0
165	885,000000E+0	16,140000E+0	31,144000E+0	972,836000E+3	12,000000E+0
166	885,000000E+0	16,140000E+0	31,144000E+0	973,004000E+3	12,000000E+0
167	885,000000E+0	16,140000E+0	30,915000E+0	973,168000E+3	12,000000E+0
168	885,000000E+0	16,140000E+0	30,686000E+0	973,336000E+3	12,000000E+0
169	885,000000E+0	16,140000E+0	30,457000E+0	973,505000E+3	12,000000E+0
170	885,000000E+0	16,140000E+0	30,457000E+0	973,671000E+3	12,000000E+0
171	885,000000E+0	16,140000E+0	30,228000E+0	973,840000E+3	12,000000E+0
172	885,000000E+0	16,140000E+0	30,228000E+0	974,008000E+3	12,000000E+0
173	885,000000E+0	16,140000E+0	29,999000E+0	974,174000E+3	12,000000E+0
174	885,000000E+0	16,140000E+0	30,228000E+0	974,341000E+3	12,000000E+0
175	885,000000E+0	16,140000E+0	30,457000E+0	974,508000E+3	12,000000E+0
176	885,000000E+0	16,140000E+0	30,686000E+0	974,676000E+3	12,000000E+0
177	885,000000E+0	16,140000E+0	30,686000E+0	974,847000E+3	12,000000E+0
178	885,000000E+0	16,140000E+0	30,686000E+0	975,009000E+3	12,000000E+0
179	885,000000E+0	16,140000E+0	30,686000E+0	975,176000E+3	12,000000E+0
180	885,000000E+0	16,140000E+0	30,457000E+0	975,342000E+3	12,000000E+0
181	885,000000E+0	16,140000E+0	30,228000E+0	975,508000E+3	12,000000E+0
182	885,000000E+0	16,140000E+0	30,228000E+0	975,674000E+3	12,000000E+0
183	885,000000E+0	16,140000E+0	29,999000E+0	975,841000E+3	12,000000E+0
184	885,000000E+0	16,140000E+0	30,228000E+0	976,008000E+3	12,000000E+0
185	885,000000E+0	16,140000E+0	30,228000E+0	976,176000E+3	12,000000E+0
186	885,000000E+0	16,140000E+0	30,457000E+0	976,342000E+3	12,000000E+0
187	885,000000E+0	16,140000E+0	30,686000E+0	976,509000E+3	12,000000E+0
188	885,000000E+0	16,140000E+0	30,915000E+0	976,676000E+3	12,000000E+0
189	885,000000E+0	16,140000E+0	31,144000E+0	976,845000E+3	12,000000E+0
190	885,000000E+0	16,140000E+0	31,144000E+0	977,011000E+3	12,000000E+0
191	885,000000E+0	16,140000E+0	30,915000E+0	977,180000E+3	12,000000E+0
192	885,000000E+0	16,140000E+0	30,915000E+0	977,346000E+3	12,000000E+0
193	885,000000E+0	16,140000E+0	30,686000E+0	977,514000E+3	12,000000E+0
194	885,000000E+0	16,140000E+0	30,228000E+0	977,681000E+3	12,000000E+0
195	885,000000E+0	16,140000E+0	30,457000E+0	977,848000E+3	12,000000E+0
196	885,000000E+0	16,140000E+0	30,228000E+0	978,019000E+3	12,000000E+0
197	885,000000E+0	16,140000E+0	30,228000E+0	978,186000E+3	12,000000E+0
198	885,000000E+0	16,140000E+0	30,228000E+0	978,353000E+3	12,000000E+0
199	885,000000E+0	16,140000E+0	30,228000E+0	978,520000E+3	12,000000E+0
200	885,000000E+0	16,140000E+0	30,457000E+0	978,687000E+3	12,000000E+0
201	885,000000E+0	16,140000E+0	30,686000E+0	978,854000E+3	12,000000E+0
202	885,000000E+0	16,140000E+0	30,686000E+0	979,020000E+3	12,000000E+0
203	885,000000E+0	16,140000E+0	30,686000E+0	979,187000E+3	12,000000E+0
204	885,000000E+0	16,140000E+0	30,686000E+0	979,354000E+3	12,000000E+0
205	885,000000E+0	16,140000E+0	30,457000E+0	979,521000E+3	12,000000E+0
206	885,000000E+0	16,140000E+0	30,228000E+0	979,687000E+3	12,000000E+0
207	885,000000E+0	16,140000E+0	29,999000E+0	979,852000E+3	12,000000E+0
208	885,000000E+0	16,140000E+0	30,228000E+0	980,021000E+3	12,000000E+0
209	885,000000E+0	16,140000E+0	30,228000E+0	980,187000E+3	12,000000E+0
210	885,000000E+0	16,140000E+0	30,228000E+0	980,355000E+3	12,000000E+0
211	885,000000E+0	16,140000E+0	30,457000E+0	980,522000E+3	12,000000E+0
212	885,000000E+0	16,140000E+0	30,686000E+0	980,690000E+3	12,000000E+0
213	885,000000E+0	16,140000E+0	30,915000E+0	980,858000E+3	12,000000E+0
214	885,000000E+0	16,140000E+0	31,144000E+0	981,025000E+3	12,000000E+0
215	885,000000E+0	16,140000E+0	31,144000E+0	981,193000E+3	12,000000E+0
216	885,000000E+0	16,140000E+0	30,915000E+0	981,358000E+3	12,000000E+0
217	885,000000E+0	16,140000E+0	30,686000E+0	981,526000E+3	12,000000E+0
218	885,000000E+0	16,140000E+0	30,457000E+0	981,693000E+3	12,000000E+0
219	885,000000E+0	16,140000E+0	30,228000E+0	981,861000E+3	12,000000E+0
220	885,000000E+0	16,140000E+0	30,228000E+0	982,029000E+3	12,000000E+0
221	885,000000E+0	16,140000E+0	30,457000E+0	982,198000E+3	12,000000E+0
222	885,000000E+0	16,140000E+0	30,228000E+0	982,364000E+3	12,000000E+0
223	885,000000E+0	16,140000E+0	30,228000E+0	982,532000E+3	12,000000E+0
224	885,000000E+0	16,140000E+0	30,457000E+0	982,698000E+3	12,000000E+0
225	885,000000E+0	16,140000E+0	30,686000E+0	982,865000E+3	12,000000E+0
226	885,000000E+0	16,140000E+0	30,686000E+0	983,033000E+3	12,000000E+0
227	885,000000E+0	16,140000E+0	30,686000E+0	983,197000E+3	12,000000E+0
228	885,000000E+0	16,140000E+0	30,686000E+0	983,365000E+3	12,000000E+0
229	885,000000E+0	16,140000E+0	30,457000E+0	983,531000E+3	12,000000E+0
230	885,000000E+0	16,140000E+0	30,457000E+0	983,699000E+3	12,000000E+0
231	885,000000E+0	16,140000E+0	30,228000E+0	983,865000E+3	12,000000E+0
232	885,000000E+0	16,140000E+0	29,999000E+0	984,031000E+3	12,000000E+0
233	885,000000E+0	16,140000E+0	30,228000E+0	984,199000E+3	12,000000E+0
234	885,000000E+0	16,140000E+0	30,228000E+0	984,366000E+3	12,000000E+0
235	885,000000E+0	16,140000E+0	30,457000E+0	984,533000E+3	12,000000E+0
236	885,000000E+0	16,140000E+0	30,686000E+0	984,701000E+3	12,000000E+0
237	885,000000E+0	16,140000E+0	30,915000E+0	984,869000E+3	12,000000E+0
238	885,000000E+0	16,140000E+0	30,915000E+0	985,036000E+3	12,000000E+0
239	885,000000E+0	16,140000E+0	31,144000E+0	985,203000E+3	12,000000E+0
240	885,000000E+0	16,140000E+0	30,915000E+0	985,371000E+3	12,000000E+0
241	885,000000E+0	16,140000E+0	30,915000E+0	985,537000E+3	12,000000E+0
242	885,000000E+0	16,140000E+0	30,457000E+0	985,705000E+3	12,000000E+0
243	885,000000E+0	16,140000E+0	30,457000E+0	985,872000E+3	12,000000E+0
244	885,000000E+0	16,140000E+0	30,228000E+0	986,039000E+3	12,000000E+0
245	885,000000E+0	16,140000E+0	29,999000E+0	986,207000E+3	12,000000E+0
246	885,000000E+0	16,140000E+0	30,228000E+0	986,375000E+3	12,000000E+0
247	885,000000E+0	16,140000E+0	30,228000E+0	986,543000E+3	12,000000E+0
248	885,000000E+0	16,140000E+0	30,228000E+0	986,710000E+3	12,000000E+0
249	885,000000E+0	16,140000E+0	30,457000E+0	986,878000E+3	12,000000E+0
250	885,000000E+0	16,140000E+0	30,686000E+0	987,045000E+3	12,000000E+0
251	885,000000E+0	16,140000E+0	30,686000E+0	987,210000E+3	12,000000E+0
252	885,000000E+0	16,140000E+0	30,686000E+0	987,405000E+3	12,000000E+0
253	885,000000E+0	16,140000E+0	30,686000E+0	987,585000E+3	12,000000E+0
254	885,000000E+0	16,140000E+0	30,228000E+0	987,752000E+3	12,000000E+0
255	885,000000E+0	16,140000E+0	30,228000E+0	987,920000E+3	12,000000E+0
256	885,000000E+0	16,140000E+0	29,999000E+0	988,087000E+3	12,000000E+0
257	885,000000E+0	16,140000E+0	29,999000E+0	988,254000E+3	12,000000E+0
258	885,000000E+0	16,140000E+0	30,228000E+0	988,420000E+3	12,000000E+0
259	885,000000E+0	16,140000E+0	30,457000E+0	988,589000E+3	12,000000E+0
260	885,000000E+0	16,140000E+0	30,686000E+0	988,756000E+3	12,000000E+0
261	885,000000E+0	16,140000E+0	30,686000E+0	988,923000E+3	12,000000E+0
262	885,000000E+0	16,140000E+0	31,144000E+0	989,092000E+3	12,000000E+0
263	885,000000E+0	16,140000E+0	31,144000E+0	989,258000E+3	12,000000E+0
264	885,000000E+0	16,140000E+0	30,915000E+0	989,426000E+3	12,000000E+0
265	885,000000E+0	16,140000E+0	31,144000E+0	989,593000E+3	12,000000E+0
266	885,000000E+0	16,140000E+0	30,686000E+0	989,761000E+3	12,000000E+0
267	885,000000E+0	16,140000E+0	30,457000E+0	989,930000E+3	12,000000E+0
268	885,000000E+0	16,140000E+0	30,228000E+0	990,095000E+3	12,000000E+0
269	885,000000E+0	16,140000E+0	29,999000E+0	990,263000E+3	12,000000E+0
270	885,000000E+0	16,140000E+0	30,228000E+0	990,432000E+3	12,000000E+0
271	885,000000E+0	16,140000E+0	30,228000E+0	990,598000E+3	12,000000E+0
272	885,000000E+0	16,140000E+0	30,457000E+0	990,766000E+3	12,000000E+0
273	885,000000E+0	16,140000E+0	30,457000E+0	990,934000E+3	12,000000E+0
274	885,000000E+0	16,140000E+0	30,686000E+0	991,101000E+3	12,000000E+0
275	885,000000E+0	16,140000E+0	30,915000E+0	991,268000E+3	12,000000E+0
276	885,000000E+0	16,140000E+0	30,686000E+0	991,435000E+3	12,000000E+0
277	885,000000E+0	16,140000E+0	30,457000E+0	991,599000E+3	12,000000E+0
278	885,000000E+0	16,140000E+0	30,457000E+0	991,766000E+3	12,000000E+0
279	885,000000E+0	16,140000E+0	30,228000E+0	991,932000E+3	12,000000E+0
280	885,000000E+0	16,140000E+0	30,228000E+0	992,099000E+3	12,000000E+0
281	885,000000E+0	16,140000E+0	30,228000E+0	992,267000E+3	12,000000E+0
282	885,000000E+0	16,140000E+0	30,228000E+0	992,434000E+3	12,000000E+0
283	885,000000E+0	16,140000E+0	30,228000E+0	992,601000E+3	12,000000E+0
284	885,000000E+0	16,140000E+0	30,457000E+0	992,769000E+3	12,000000E+0
285	885,000000E+0	16,140000E+0	30,686000E+0	992,937000E+3	12,000000E+0
286	885,000000E+0	16,140000E+0	30,915000E+0	993,104000E+3	12,000000E+0
287	885,000000E+0	16,140000E+0	31,144000E+0	993,270000E+3	12,000000E+0
288	885,000000E+0	16,140000E+0	31,144000E+0	993,438000E+3	12,000000E+0
289	885,000000E+0	16,140000E+0	30,915000E+0	993,606000E+3	12,000000E+0
290	885,000000E+0	16,140000E+0	30,915000E+0	993,772000E+3	12,000000E+0
291	885,000000E+0	16,140000E+0	30,686000E+0	993,942000E+3	12,000000E+0
292	885,000000E+0	16,140000E+0	30,228000E+0	994,111000E+3	12,000000E+0
293	885,000000E+0	16,140000E+0	29,999000E+0	994,277000E+3	12,000000E+0
294	885,000000E+0	16,140000E+0	29,999000E+0	994,444000E+3	12,000000E+0
295	885,000000E+0	16,140000E+0	30,228000E+0	994,612000E+3	12,000000E+0
296	885,000000E+0	16,140000E+0	30,228000E+0	994,779000E+3	12,000000E+0
297	885,000000E+0	16,140000E+0	30,457000E+0	994,947000E+3	12,000000E+0
298	885,000000E+0	16,140000E+0	30,686000E+0	995,113000E+3	12,000000E+0
299	885,000000E+0	16,140000E+0	30,686000E+0	995,282000E+3	12,000000E+0
300	885,000000E+0	16,140000E+0	30,915000E+0	995,447000E+3	12,000000E+0
301	885,000000E+0	16,140000E+0	30,686000E+0	995,615000E+3	12,000000E+0
302	885,000000E+0	16,140000E+0	30,457000E+0	995,780000E+3	12,000000E+0
303	885,000000E+0	16,140000E+0	30,228000E+0	995,948000E+3	12,000000E+0
304	885,000000E+0	16,140000E+0	30,228000E+0	996,114000E+3	12,000000E+0
305	885,000000E+0	16,140000E+0	30,228000E+0	996,281000E+3	12,000000E+0
306	885,000000E+0	16,140000E+0	30,228000E+0	996,449000E+3	12,000000E+0
307	885,000000E+0	16,140000E+0	30,228000E+0	996,616000E+3	12,000000E+0
308	885,000000E+0	16,140000E+0	30,228000E+0	996,783000E+3	12,000000E+0
309	885,000000E+0	16,140000E+0	30,457000E+0	996,949000E+3	12,000000E+0
310	885,000000E+0	16,140000E+0	30,915000E+0	997,116000E+3	12,000000E+0
311	885,000000E+0	16,140000E+0	31,144000E+0	997,284000E+3	12,000000E+0
312	885,000000E+0	16,140000E+0	31,144000E+0	997,453000E+3	12,000000E+0
313	885,000000E+0	16,140000E+0	31,144000E+0	997,620000E+3	12,000000E+0
314	885,000000E+0	16,140000E+0	30,915000E+0	997,786000E+3	12,000000E+0
315	885,000000E+0	16,140000E+0	30,457000E+0	997,954000E+3	12,000000E+0
316	885,000000E+0	16,140000E+0	30,457000E+0	998,123000E+3	12,000000E+0
317	885,000000E+0	16,140000E+0	30,228000E+0	998,289000E+3	12,000000E+0
318	885,000000E+0	16,140000E+0	29,999000E+0	998,457000E+3	12,000000E+0
319	885,000000E+0	16,140000E+0	30,228000E+0	998,625000E+3	12,000000E+0
320	885,000000E+0	16,140000E+0	30,228000E+0	998,791000E+3	12,000000E+0
321	885,000000E+0	16,140000E+0	30,457000E+0	998,959000E+3	12,000000E+0
322	885,000000E+0	16,140000E+0	30,457000E+0	999,126000E+3	12,000000E+0
323	885,000000E+0	16,140000E+0	30,686000E+0	999,294000E+3	12,000000E+0
324	885,000000E+0	16,140000E+0	30,686000E+0	999,460000E+3	12,000000E+0
325	885,000000E+0	16,140000E+0	30,686000E+0	999,627000E+3	12,000000E+0
326	885,000000E+0	16,140000E+0	30,686000E+0	999,793000E+3	12,000000E+0
327	885,000000E+0	16,140000E+0	30,457000E+0	999,961000E+3	12,000000E+0
328	885,000000E+0	16,140000E+0	30,228000E+0	1,000128E+6	12,000000E+0
329	885,000000E+0	16,140000E+0	30,228000E+0	1,000295E+6	12,000000E+0
330	885,000000E+0	16,140000E+0	30,228000E+0	1,000461E+6	12,000000E+0
331	885,000000E+0	16,140000E+0	30,228000E+0	1,000629E+6	12,000000E+0
332	885,000000E+0	16,140000E+0	30,457000E+0	1,000797E+6	12,000000E+0
333	885,000000E+0	16,140000E+0	30,457000E+0	1,000965E+6	12,000000E+0
334	885,000000E+0	16,140000E+0	30,686000E+0	1,001132E+6	12,000000E+0
335	885,000000E+0	16,140000E+0	30,915000E+0	1,001300E+6	12,000000E+0
336	885,000000E+0	16,140000E+0	31,144000E+0	1,001467E+6	12,000000E+0
337	885,000000E+0	16,140000E+0	31,144000E+0	1,001634E+6	12,000000E+0
338	885,000000E+0	16,140000E+0	30,915000E+0	1,001802E+6	12,000000E+0
339	885,000000E+0	16,140000E+0	30,915000E+0	1,001969E+6	12,000000E+0
340	885,000000E+0	16,140000E+0	30,457000E+0	1,002137E+6	12,000000E+0
341	885,000000E+0	16,140000E+0	30,228000E+0	1,002305E+6	12,000000E+0
342	885,000000E+0	16,140000E+0	30,228000E+0	1,002471E+6	12,000000E+0
343	885,000000E+0	16,140000E+0	29,999000E+0	1,002638E+6	12,000000E+0
344	885,000000E+0	16,140000E+0	29,999000E+0	1,002807E+6	12,000000E+0
345	885,000000E+0	16,140000E+0	30,228000E+0	1,002974E+6	12,000000E+0
346	885,000000E+0	16,140000E+0	30,457000E+0	1,003141E+6	12,000000E+0
347	885,000000E+0	16,140000E+0	30,686000E+0	1,003307E+6	12,000000E+0
348	885,000000E+0	16,140000E+0	30,686000E+0	1,003476E+6	12,000000E+0
349	885,000000E+0	16,140000E+0	30,686000E+0	1,003642E+6	12,000000E+0
350	885,000000E+0	16,140000E+0	30,686000E+0	1,003809E+6	12,000000E+0
351	885,000000E+0	16,140000E+0	30,686000E+0	1,003974E+6	12,000000E+0
352	885,000000E+0	16,140000E+0	30,457000E+0	1,004142E+6	12,000000E+0
353	885,000000E+0	16,140000E+0	29,999000E+0	1,004307E+6	12,000000E+0
354	885,000000E+0	16,140000E+0	29,999000E+0	1,004475E+6	12,000000E+0
355	885,000000E+0	16,140000E+0	30,228000E+0	1,004643E+6	12,000000E+0
356	885,000000E+0	16,140000E+0	30,228000E+0	1,004810E+6	12,000000E+0
357	885,000000E+0	16,140000E+0	30,457000E+0	1,004977E+6	12,000000E+0
358	885,000000E+0	16,140000E+0	30,686000E+0	1,005144E+6	12,000000E+0
359	885,000000E+0	16,140000E+0	30,686000E+0	1,005312E+6	12,000000E+0
360	885,000000E+0	16,140000E+0	30,915000E+0	1,005479E+6	12,000000E+0
361	885,000000E+0	16,140000E+0	31,144000E+0	1,005647E+6	12,000000E+0
362	885,000000E+0	16,140000E+0	31,144000E+0	1,005814E+6	12,000000E+0
363	885,000000E+0	16,140000E+0	30,915000E+0	1,005981E+6	12,000000E+0
364	885,000000E+0	16,140000E+0	30,686000E+0	1,006149E+6	12,000000E+0
365	885,000000E+0	16,140000E+0	30,457000E+0	1,006318E+6	12,000000E+0
366	885,000000E+0	16,140000E+0	29,999000E+0	1,006482E+6	12,000000E+0
367	885,000000E+0	16,140000E+0	29,999000E+0	1,006652E+6	12,000000E+0
368	885,000000E+0	16,140000E+0	30,228000E+0	1,006819E+6	12,000000E+0
369	885,000000E+0	16,140000E+0	29,999000E+0	1,006985E+6	12,000000E+0
370	885,000000E+0	16,140000E+0	30,457000E+0	1,007154E+6	12,000000E+0
371	885,000000E+0	16,140000E+0	30,457000E+0	1,007321E+6	12,000000E+0
372	885,000000E+0	16,140000E+0	30,686000E+0	1,007488E+6	12,000000E+0
373	885,000000E+0	16,140000E+0	30,686000E+0	1,007654E+6	12,000000E+0
374	885,000000E+0	16,140000E+0	30,686000E+0	1,007822E+6	12,000000E+0
375	885,000000E+0	16,140000E+0	30,686000E+0	1,007988E+6	12,000000E+0
376	885,000000E+0	16,140000E+0	30,457000E+0	1,008154E+6	12,000000E+0
377	885,000000E+0	16,140000E+0	30,457000E+0	1,008321E+6	12,000000E+0
378	885,000000E+0	16,140000E+0	30,228000E+0	1,008487E+6	12,000000E+0
379	885,000000E+0	16,140000E+0	29,999000E+0	1,008653E+6	12,000000E+0
380	885,000000E+0	16,140000E+0	30,228000E+0	1,008821E+6	12,000000E+0
381	885,000000E+0	16,140000E+0	30,228000E+0	1,008988E+6	12,000000E+0
382	885,000000E+0	16,140000E+0	30,457000E+0	1,009156E+6	12,000000E+0
383	885,000000E+0	16,140000E+0	30,686000E+0	1,009324E+6	12,000000E+0
384	885,000000E+0	16,140000E+0	30,915000E+0	1,009491E+6	12,000000E+0
385	885,000000E+0	16,140000E+0	30,915000E+0	1,009658E+6	12,000000E+0
386	885,000000E+0	16,140000E+0	31,144000E+0	1,009825E+6	12,000000E+0
387	885,000000E+0	16,140000E+0	31,144000E+0	1,009993E+6	12,000000E+0
388	885,000000E+0	16,140000E+0	30,915000E+0	1,010159E+6	12,000000E+0
389	885,000000E+0	16,140000E+0	30,457000E+0	1,010330E+6	12,000000E+0
390	885,000000E+0	16,140000E+0	30,228000E+0	1,010497E+6	12,000000E+0
391	885,000000E+0	16,140000E+0	30,228000E+0	1,010664E+6	12,000000E+0
392	885,000000E+0	16,140000E+0	29,999000E+0	1,010831E+6	12,000000E+0
393	885,000000E+0	16,140000E+0	30,228000E+0	1,011000E+6	12,000000E+0
394	885,000000E+0	16,140000E+0	30,228000E+0	1,011165E+6	12,000000E+0
395	885,000000E+0	16,140000E+0	30,457000E+0	1,011333E+6	12,000000E+0
396	885,000000E+0	16,140000E+0	30,686000E+0	1,011501E+6	12,000000E+0
397	885,000000E+0	16,140000E+0	30,686000E+0	1,011697E+6	12,000000E+0
398	885,000000E+0	16,140000E+0	30,686000E+0	1,011877E+6	12,000000E+0
399	885,000000E+0	16,140000E+0	30,686000E+0	1,012085E+6	12,000000E+0
400	885,000000E+0	16,140000E+0	30,457000E+0	1,012292E+6	12,000000E+0
401	885,000000E+0	16,140000E+0	30,228000E+0	1,012458E+6	12,000000E+0
402	885,000000E+0	16,140000E+0	30,228000E+0	1,012626E+6	12,000000E+0
403	885,000000E+0	16,140000E+0	29,999000E+0	1,012792E+6	12,000000E+0
404	885,000000E+0	16,140000E+0	30,228000E+0	1,012961E+6	12,000000E+0
405	885,000000E+0	16,140000E+0	30,228000E+0	1,013128E+6	12,000000E+0
406	885,000000E+0	16,140000E+0	30,457000E+0	1,013293E+6	12,000000E+0
407	885,000000E+0	16,140000E+0	30,686000E+0	1,013461E+6	12,000000E+0
408	885,000000E+0	16,140000E+0	30,915000E+0	1,013629E+6	12,000000E+0
409	885,000000E+0	16,140000E+0	31,144000E+0	1,013797E+6	12,000000E+0
410	885,000000E+0	16,140000E+0	30,915000E+0	1,013965E+6	12,000000E+0
411	885,000000E+0	16,140000E+0	30,915000E+0	1,014130E+6	12,000000E+0
412	885,000000E+0	16,140000E+0	30,686000E+0	1,014300E+6	12,000000E+0
413	885,000000E+0	16,140000E+0	30,457000E+0	1,014467E+6	12,000000E+0
414	885,000000E+0	16,140000E+0	30,228000E+0	1,014634E+6	12,000000E+0
415	885,000000E+0	16,140000E+0	30,228000E+0	1,014802E+6	12,000000E+0
416	885,000000E+0	16,140000E+0	30,228000E+0	1,014971E+6	12,000000E+0
417	885,000000E+0	16,140000E+0	30,228000E+0	1,015137E+6	12,000000E+0
418	885,000000E+0	16,140000E+0	30,228000E+0	1,015305E+6	12,000000E+0
419	885,000000E+0	16,140000E+0	30,457000E+0	1,015473E+6	12,000000E+0
420	885,000000E+0	16,140000E+0	30,686000E+0	1,015640E+6	12,000000E+0
421	885,000000E+0	16,140000E+0	30,686000E+0	1,015808E+6	12,000000E+0
422	885,000000E+0	16,140000E+0	30,686000E+0	1,015973E+6	12,000000E+0
423	885,000000E+0	16,140000E+0	30,686000E+0	1,016140E+6	12,000000E+0
424	885,000000E+0	16,140000E+0	30,457000E+0	1,016304E+6	12,000000E+0
425	885,000000E+0	16,140000E+0	30,457000E+0	1,016472E+6	12,000000E+0
426	885,000000E+0	16,140000E+0	30,228000E+0	1,016641E+6	12,000000E+0
427	885,000000E+0	16,140000E+0	30,228000E+0	1,016805E+6	12,000000E+0
428	885,000000E+0	16,140000E+0	30,228000E+0	1,016972E+6	12,000000E+0
429	885,000000E+0	16,140000E+0	30,228000E+0	1,017140E+6	12,000000E+0
430	885,000000E+0	16,140000E+0	30,457000E+0	1,017308E+6	12,000000E+0
431	885,000000E+0	16,140000E+0	30,686000E+0	1,017476E+6	12,000000E+0
432	885,000000E+0	16,140000E+0	30,915000E+0	1,017644E+6	12,000000E+0
433	885,000000E+0	16,140000E+0	31,144000E+0	1,017812E+6	12,000000E+0
434	885,000000E+0	16,140000E+0	31,144000E+0	1,017978E+6	12,000000E+0
435	885,000000E+0	16,140000E+0	30,915000E+0	1,018146E+6	12,000000E+0
436	885,000000E+0	16,140000E+0	30,686000E+0	1,018312E+6	12,000000E+0
437	885,000000E+0	16,140000E+0	30,457000E+0	1,018481E+6	12,000000E+0
438	885,000000E+0	16,140000E+0	30,457000E+0	1,018648E+6	12,000000E+0
439	885,000000E+0	16,140000E+0	29,999000E+0	1,018814E+6	12,000000E+0
440	885,000000E+0	16,140000E+0	30,228000E+0	1,018983E+6	12,000000E+0
441	885,000000E+0	16,140000E+0	30,228000E+0	1,019150E+6	12,000000E+0
442	885,000000E+0	16,140000E+0	30,228000E+0	1,019318E+6	12,000000E+0
443	885,000000E+0	16,140000E+0	30,457000E+0	1,019487E+6	12,000000E+0
444	885,000000E+0	16,140000E+0	30,457000E+0	1,019653E+6	12,000000E+0
445	885,000000E+0	16,140000E+0	30,686000E+0	1,019819E+6	12,000000E+0
446	885,000000E+0	16,140000E+0	30,686000E+0	1,019985E+6	12,000000E+0
447	885,000000E+0	16,140000E+0	30,686000E+0	1,020152E+6	12,000000E+0
448	885,000000E+0	16,140000E+0	30,686000E+0	1,020319E+6	12,000000E+0
449	885,000000E+0	16,140000E+0	30,228000E+0	1,020485E+6	12,000000E+0
450	885,000000E+0	16,140000E+0	30,228000E+0	1,020652E+6	12,000000E+0
451	885,000000E+0	16,140000E+0	30,228000E+0	1,020819E+6	12,000000E+0
452	885,000000E+0	16,140000E+0	29,999000E+0	1,020986E+6	12,000000E+0
453	885,000000E+0	16,140000E+0	30,457000E+0	1,021155E+6	12,000000E+0
454	885,000000E+0	16,140000E+0	30,228000E+0	1,021322E+6	12,000000E+0
455	885,000000E+0	16,140000E+0	30,457000E+0	1,021487E+6	12,000000E+0
456	885,000000E+0	16,140000E+0	30,915000E+0	1,021656E+6	12,000000E+0
457	885,000000E+0	16,140000E+0	30,915000E+0	1,021824E+6	12,000000E+0
458	885,000000E+0	16,140000E+0	31,144000E+0	1,021992E+6	12,000000E+0
459	885,000000E+0	16,140000E+0	31,144000E+0	1,022160E+6	12,000000E+0
460	885,000000E+0	16,140000E+0	30,915000E+0	1,022324E+6	12,000000E+0
461	885,000000E+0	16,140000E+0	30,686000E+0	1,022493E+6	12,000000E+0
462	885,000000E+0	16,140000E+0	30,457000E+0	1,022661E+6	12,000000E+0
463	885,000000E+0	16,140000E+0	30,228000E+0	1,022827E+6	12,000000E+0
464	885,000000E+0	16,140000E+0	30,228000E+0	1,022996E+6	12,000000E+0
465	885,000000E+0	16,140000E+0	30,228000E+0	1,023166E+6	12,000000E+0
466	885,000000E+0	16,140000E+0	30,228000E+0	1,023331E+6	12,000000E+0
467	885,000000E+0	16,140000E+0	30,228000E+0	1,023500E+6	12,000000E+0
468	885,000000E+0	16,140000E+0	30,457000E+0	1,023666E+6	12,000000E+0
469	885,000000E+0	16,140000E+0	30,686000E+0	1,023834E+6	12,000000E+0
470	885,000000E+0	16,140000E+0	30,686000E+0	1,024002E+6	12,000000E+0
471	885,000000E+0	16,140000E+0	30,686000E+0	1,024167E+6	12,000000E+0
472	885,000000E+0	16,140000E+0	30,686000E+0	1,024335E+6	12,000000E+0
473	885,000000E+0	16,140000E+0	30,457000E+0	1,024501E+6	12,000000E+0
474	885,000000E+0	16,140000E+0	30,228000E+0	1,024668E+6	12,000000E+0
475	885,000000E+0	16,140000E+0	30,228000E+0	1,024834E+6	12,000000E+0
476	885,000000E+0	16,140000E+0	30,228000E+0	1,025001E+6	12,000000E+0
477	885,000000E+0	16,140000E+0	30,228000E+0	1,025167E+6	12,000000E+0
478	885,000000E+0	16,140000E+0	30,228000E+0	1,025337E+6	12,000000E+0
479	885,000000E+0	16,140000E+0	30,457000E+0	1,025505E+6	12,000000E+0
480	885,000000E+0	16,140000E+0	30,686000E+0	1,025672E+6	12,000000E+0
481	885,000000E+0	16,140000E+0	30,915000E+0	1,025839E+6	12,000000E+0
482	885,000000E+0	16,140000E+0	31,144000E+0	1,026008E+6	12,000000E+0
483	885,000000E+0	16,140000E+0	31,144000E+0	1,026176E+6	12,000000E+0
484	885,000000E+0	16,140000E+0	31,144000E+0	1,026344E+6	12,000000E+0
485	885,000000E+0	16,140000E+0	30,915000E+0	1,026511E+6	12,000000E+0
486	885,000000E+0	16,140000E+0	30,457000E+0	1,026679E+6	12,000000E+0
487	885,000000E+0	16,140000E+0	30,228000E+0	1,026846E+6	12,000000E+0
488	885,000000E+0	16,140000E+0	30,228000E+0	1,027011E+6	12,000000E+0
489	885,000000E+0	16,140000E+0	30,228000E+0	1,027180E+6	12,000000E+0
490	885,000000E+0	16,140000E+0	30,228000E+0	1,027348E+6	12,000000E+0
491	885,000000E+0	16,140000E+0	30,228000E+0	1,027515E+6	12,000000E+0
492	885,000000E+0	16,140000E+0	30,457000E+0	1,027684E+6	12,000000E+0
493	885,000000E+0	16,140000E+0	30,457000E+0	1,027851E+6	12,000000E+0
494	885,000000E+0	16,140000E+0	30,686000E+0	1,028018E+6	12,000000E+0
495	885,000000E+0	16,140000E+0	30,686000E+0	1,028184E+6	12,000000E+0
496	885,000000E+0	16,140000E+0	30,686000E+0	1,028351E+6	12,000000E+0
497	885,000000E+0	16,140000E+0	30,686000E+0	1,028518E+6	12,000000E+0
498	885,000000E+0	16,140000E+0	30,457000E+0	1,028685E+6	12,000000E+0
499	885,000000E+0	16,140000E+0	30,228000E+0	1,028851E+6	12,000000E+0
500	885,000000E+0	16,140000E+0	29,999000E+0	1,029018E+6	12,000000E+0
501	885,000000E+0	16,140000E+0	30,228000E+0	1,029189E+6	12,000000E+0
502	885,000000E+0	16,140000E+0	30,457000E+0	1,029354E+6	12,000000E+0
503	885,000000E+0	16,140000E+0	30,228000E+0	1,029521E+6	12,000000E+0
504	885,000000E+0	16,140000E+0	30,686000E+0	1,029687E+6	12,000000E+0
505	885,000000E+0	16,140000E+0	30,686000E+0	1,029855E+6	12,000000E+0
506	885,000000E+0	16,140000E+0	30,915000E+0	1,030023E+6	12,000000E+0
507	885,000000E+0	16,140000E+0	31,144000E+0	1,030191E+6	12,000000E+0
508	885,000000E+0	16,140000E+0	31,144000E+0	1,030360E+6	12,000000E+0
509	885,000000E+0	16,140000E+0	30,915000E+0	1,030525E+6	12,000000E+0
510	885,000000E+0	16,140000E+0	30,686000E+0	1,030693E+6	12,000000E+0
511	885,000000E+0	16,140000E+0	30,457000E+0	1,030863E+6	12,000000E+0
512	885,000000E+0	16,140000E+0	30,228000E+0	1,031029E+6	12,000000E+0
513	885,000000E+0	16,140000E+0	30,228000E+0	1,031196E+6	12,000000E+0
514	885,000000E+0	16,140000E+0	30,228000E+0	1,031365E+6	12,000000E+0
515	885,000000E+0	16,140000E+0	30,228000E+0	1,031532E+6	12,000000E+0
516	885,000000E+0	16,140000E+0	30,228000E+0	1,031700E+6	12,000000E+0
517	885,000000E+0	16,140000E+0	30,457000E+0	1,031868E+6	12,000000E+0
518	885,000000E+0	16,140000E+0	30,686000E+0	1,032035E+6	12,000000E+0
519	885,000000E+0	16,140000E+0	30,686000E+0	1,032203E+6	12,000000E+0
520	885,000000E+0	16,140000E+0	30,686000E+0	1,032369E+6	12,000000E+0
521	885,000000E+0	16,140000E+0	30,686000E+0	1,032536E+6	12,000000E+0
522	885,000000E+0	16,140000E+0	30,457000E+0	1,032700E+6	12,000000E+0
523	885,000000E+0	16,140000E+0	30,457000E+0	1,032868E+6	12,000000E+0
524	885,000000E+0	16,140000E+0	30,228000E+0	1,033034E+6	12,000000E+0
525	885,000000E+0	16,140000E+0	29,999000E+0	1,033202E+6	12,000000E+0
526	885,000000E+0	16,140000E+0	30,228000E+0	1,033368E+6	12,000000E+0
527	885,000000E+0	16,140000E+0	30,228000E+0	1,033535E+6	12,000000E+0
528	885,000000E+0	16,140000E+0	30,457000E+0	1,033704E+6	12,000000E+0
529	885,000000E+0	16,140000E+0	30,686000E+0	1,033871E+6	12,000000E+0
530	885,000000E+0	16,140000E+0	30,915000E+0	1,034038E+6	12,000000E+0
531	885,000000E+0	16,140000E+0	31,144000E+0	1,034207E+6	12,000000E+0
532	885,000000E+0	16,140000E+0	31,144000E+0	1,034373E+6	12,000000E+0
533	885,000000E+0	16,140000E+0	31,144000E+0	1,034543E+6	12,000000E+0
534	885,000000E+0	16,140000E+0	30,915000E+0	1,034708E+6	12,000000E+0
535	885,000000E+0	16,140000E+0	30,457000E+0	1,034876E+6	12,000000E+0
536	885,000000E+0	16,140000E+0	30,457000E+0	1,035045E+6	12,000000E+0
537	885,000000E+0	16,140000E+0	30,228000E+0	1,035211E+6	12,000000E+0
538	885,000000E+0	16,140000E+0	30,228000E+0	1,035379E+6	12,000000E+0
539	885,000000E+0	16,140000E+0	30,228000E+0	1,035547E+6	12,000000E+0
540	885,000000E+0	16,140000E+0	30,457000E+0	1,035715E+6	12,000000E+0
541	885,000000E+0	16,140000E+0	30,457000E+0	1,035883E+6	12,000000E+0
542	885,000000E+0	16,140000E+0	30,457000E+0	1,036051E+6	12,000000E+0
543	885,000000E+0	16,140000E+0	30,686000E+0	1,036219E+6	12,000000E+0
544	885,000000E+0	16,140000E+0	30,686000E+0	1,036383E+6	12,000000E+0
545	885,000000E+0	16,140000E+0	30,686000E+0	1,036550E+6	12,000000E+0
546	885,000000E+0	16,140000E+0	30,686000E+0	1,036715E+6	12,000000E+0
547	885,000000E+0	16,140000E+0	30,228000E+0	1,036882E+6	12,000000E+0
548	885,000000E+0	16,140000E+0	30,228000E+0	1,037050E+6	12,000000E+0
549	885,000000E+0	16,140000E+0	30,228000E+0	1,037216E+6	12,000000E+0
550	885,000000E+0	16,140000E+0	29,999000E+0	1,037383E+6	12,000000E+0
551	885,000000E+0	16,140000E+0	30,228000E+0	1,037551E+6	12,000000E+0
552	885,000000E+0	16,140000E+0	30,228000E+0	1,037719E+6	12,000000E+0
553	885,000000E+0	16,140000E+0	30,686000E+0	1,037886E+6	12,000000E+0
554	885,000000E+0	16,140000E+0	30,686000E+0	1,038054E+6	12,000000E+0
555	885,000000E+0	16,140000E+0	31,144000E+0	1,038222E+6	12,000000E+0
556	885,000000E+0	16,140000E+0	31,144000E+0	1,038389E+6	12,000000E+0
557	885,000000E+0	16,140000E+0	30,915000E+0	1,038557E+6	12,000000E+0
558	885,000000E+0	16,140000E+0	30,915000E+0	1,038723E+6	12,000000E+0
559	885,000000E+0	16,140000E+0	30,686000E+0	1,038892E+6	12,000000E+0
560	885,000000E+0	16,140000E+0	30,228000E+0	1,039058E+6	12,000000E+0
561	885,000000E+0	16,140000E+0	30,228000E+0	1,039225E+6	12,000000E+0
562	885,000000E+0	16,140000E+0	30,228000E+0	1,039394E+6	12,000000E+0
563	885,000000E+0	16,140000E+0	30,228000E+0	1,039561E+6	12,000000E+0
564	885,000000E+0	16,140000E+0	30,228000E+0	1,039729E+6	12,000000E+0
565	885,000000E+0	16,140000E+0	30,457000E+0	1,039897E+6	12,000000E+0
566	885,000000E+0	16,140000E+0	30,457000E+0	1,040065E+6	12,000000E+0
567	885,000000E+0	16,140000E+0	30,686000E+0	1,040232E+6	12,000000E+0
568	885,000000E+0	16,140000E+0	30,686000E+0	1,040400E+6	12,000000E+0
569	885,000000E+0	16,140000E+0	30,686000E+0	1,040566E+6	12,000000E+0
570	885,000000E+0	16,140000E+0	30,457000E+0	1,040733E+6	12,000000E+0
571	885,000000E+0	16,140000E+0	30,457000E+0	1,040898E+6	12,000000E+0
572	885,000000E+0	16,140000E+0	30,457000E+0	1,041065E+6	12,000000E+0
573	885,000000E+0	16,140000E+0	30,228000E+0	1,041231E+6	12,000000E+0
574	885,000000E+0	16,140000E+0	30,228000E+0	1,041398E+6	12,000000E+0
575	885,000000E+0	18,830000E+0	30,228000E+0	1,041566E+6	12,000000E+0
576	885,000000E+0	16,140000E+0	30,228000E+0	1,041732E+6	12,000000E+0
577	885,000000E+0	16,140000E+0	30,457000E+0	1,041901E+6	12,000000E+0
578	885,000000E+0	16,140000E+0	30,686000E+0	1,042068E+6	12,000000E+0
579	885,000000E+0	16,140000E+0	30,915000E+0	1,042236E+6	12,000000E+0
580	885,000000E+0	16,140000E+0	31,144000E+0	1,042403E+6	12,000000E+0
581	885,000000E+0	16,140000E+0	31,144000E+0	1,042571E+6	12,000000E+0
582	885,000000E+0	16,140000E+0	30,915000E+0	1,042739E+6	12,000000E+0
583	885,000000E+0	16,140000E+0	30,686000E+0	1,042906E+6	12,000000E+0
584	885,000000E+0	16,140000E+0	30,686000E+0	1,043074E+6	12,000000E+0
585	885,000000E+0	16,140000E+0	30,228000E+0	1,043240E+6	12,000000E+0
586	885,000000E+0	16,140000E+0	29,999000E+0	1,043409E+6	12,000000E+0
587	885,000000E+0	16,140000E+0	30,228000E+0	1,043574E+6	12,000000E+0
588	885,000000E+0	16,140000E+0	30,228000E+0	1,043742E+6	12,000000E+0
589	885,000000E+0	16,140000E+0	30,228000E+0	1,043910E+6	12,000000E+0
590	885,000000E+0	16,140000E+0	30,457000E+0	1,044078E+6	12,000000E+0
591	885,000000E+0	16,140000E+0	30,686000E+0	1,044247E+6	12,000000E+0
592	885,000000E+0	16,140000E+0	30,686000E+0	1,044415E+6	12,000000E+0
593	885,000000E+0	16,140000E+0	30,686000E+0	1,044579E+6	12,000000E+0
594	885,000000E+0	16,140000E+0	30,686000E+0	1,044746E+6	12,000000E+0
595	885,000000E+0	16,140000E+0	30,686000E+0	1,044911E+6	12,000000E+0
596	885,000000E+0	16,140000E+0	30,228000E+0	1,045078E+6	12,000000E+0
597	885,000000E+0	16,140000E+0	30,228000E+0	1,045245E+6	12,000000E+0
598	885,000000E+0	16,140000E+0	29,999000E+0	1,045414E+6	12,000000E+0
599	885,000000E+0	16,140000E+0	29,999000E+0	1,045579E+6	12,000000E+0
600	885,000000E+0	16,140000E+0	30,228000E+0	1,045750E+6	12,000000E+0
601	885,000000E+0	16,140000E+0	30,228000E+0	1,045916E+6	12,000000E+0
602	885,000000E+0	16,140000E+0	30,457000E+0	1,046082E+6	12,000000E+0
603	885,000000E+0	16,140000E+0	30,915000E+0	1,046251E+6	12,000000E+0
604	885,000000E+0	16,140000E+0	31,144000E+0	1,046419E+6	12,000000E+0
605	885,000000E+0	16,140000E+0	31,144000E+0	1,046586E+6	12,000000E+0
606	885,000000E+0	16,140000E+0	31,144000E+0	1,046754E+6	12,000000E+0
607	885,000000E+0	16,140000E+0	30,915000E+0	1,046920E+6	12,000000E+0
608	885,000000E+0	16,140000E+0	30,686000E+0	1,047087E+6	12,000000E+0
609	885,000000E+0	16,140000E+0	30,457000E+0	1,047255E+6	12,000000E+0
610	885,000000E+0	16,140000E+0	30,228000E+0	1,047422E+6	12,000000E+0
611	885,000000E+0	16,140000E+0	29,999000E+0	1,047592E+6	12,000000E+0
612	885,000000E+0	16,140000E+0	30,228000E+0	1,047759E+6	12,000000E+0
613	885,000000E+0	16,140000E+0	30,228000E+0	1,047926E+6	12,000000E+0
614	885,000000E+0	16,140000E+0	30,457000E+0	1,048093E+6	12,000000E+0
615	885,000000E+0	16,140000E+0	30,686000E+0	1,048261E+6	12,000000E+0
616	885,000000E+0	16,140000E+0	30,686000E+0	1,048430E+6	12,000000E+0
617	885,000000E+0	16,140000E+0	30,686000E+0	1,048597E+6	12,000000E+0
618	885,000000E+0	16,140000E+0	30,686000E+0	1,048762E+6	12,000000E+0
619	885,000000E+0	16,140000E+0	30,686000E+0	1,048929E+6	12,000000E+0
620	885,000000E+0	16,140000E+0	30,457000E+0	1,049095E+6	12,000000E+0
621	885,000000E+0	16,140000E+0	30,228000E+0	1,049262E+6	12,000000E+0
622	885,000000E+0	16,140000E+0	30,228000E+0	1,049427E+6	12,000000E+0
623	885,000000E+0	16,140000E+0	30,228000E+0	1,049595E+6	12,000000E+0
624	885,000000E+0	16,140000E+0	30,228000E+0	1,049762E+6	12,000000E+0
625	885,000000E+0	16,140000E+0	30,228000E+0	1,049930E+6	12,000000E+0
626	885,000000E+0	16,140000E+0	30,457000E+0	1,050097E+6	12,000000E+0
627	885,000000E+0	16,140000E+0	30,686000E+0	1,050264E+6	12,000000E+0
628	885,000000E+0	16,140000E+0	30,915000E+0	1,050431E+6	12,000000E+0
629	885,000000E+0	16,140000E+0	31,144000E+0	1,050598E+6	12,000000E+0
630	885,000000E+0	16,140000E+0	31,144000E+0	1,050766E+6	12,000000E+0
631	885,000000E+0	16,140000E+0	30,915000E+0	1,050935E+6	12,000000E+0
632	885,000000E+0	16,140000E+0	30,915000E+0	1,051101E+6	12,000000E+0
633	885,000000E+0	16,140000E+0	30,686000E+0	1,051269E+6	12,000000E+0
634	885,000000E+0	16,140000E+0	30,228000E+0	1,051436E+6	12,000000E+0
635	885,000000E+0	16,140000E+0	30,228000E+0	1,051602E+6	12,000000E+0
636	885,000000E+0	16,140000E+0	30,228000E+0	1,051770E+6	12,000000E+0
637	885,000000E+0	16,140000E+0	30,228000E+0	1,051940E+6	12,000000E+0
638	885,000000E+0	16,140000E+0	30,228000E+0	1,052108E+6	12,000000E+0
639	885,000000E+0	16,140000E+0	30,457000E+0	1,052275E+6	12,000000E+0
640	885,000000E+0	16,140000E+0	30,686000E+0	1,052443E+6	12,000000E+0
641	885,000000E+0	16,140000E+0	30,686000E+0	1,052611E+6	12,000000E+0
642	885,000000E+0	16,140000E+0	30,686000E+0	1,052775E+6	12,000000E+0
643	885,000000E+0	16,140000E+0	30,686000E+0	1,052943E+6	12,000000E+0
644	885,000000E+0	16,140000E+0	30,686000E+0	1,053109E+6	12,000000E+0
645	885,000000E+0	16,140000E+0	30,228000E+0	1,053276E+6	12,000000E+0
646	885,000000E+0	16,140000E+0	30,228000E+0	1,053442E+6	12,000000E+0
647	885,000000E+0	16,140000E+0	29,999000E+0	1,053609E+6	12,000000E+0
648	885,000000E+0	16,140000E+0	30,228000E+0	1,053775E+6	12,000000E+0
649	885,000000E+0	16,140000E+0	30,228000E+0	1,053944E+6	12,000000E+0
650	885,000000E+0	16,140000E+0	30,228000E+0	1,054112E+6	12,000000E+0
651	885,000000E+0	16,140000E+0	30,686000E+0	1,054279E+6	12,000000E+0
652	885,000000E+0	16,140000E+0	30,686000E+0	1,054447E+6	12,000000E+0
653	885,000000E+0	16,140000E+0	30,915000E+0	1,054614E+6	12,000000E+0
654	885,000000E+0	16,140000E+0	31,144000E+0	1,054781E+6	12,000000E+0
655	885,000000E+0	16,140000E+0	31,144000E+0	1,054949E+6	12,000000E+0
656	885,000000E+0	16,140000E+0	30,915000E+0	1,055115E+6	12,000000E+0
657	885,000000E+0	16,140000E+0	30,686000E+0	1,055283E+6	12,000000E+0
658	885,000000E+0	16,140000E+0	30,228000E+0	1,055450E+6	12,000000E+0
659	885,000000E+0	16,140000E+0	30,228000E+0	1,055617E+6	12,000000E+0
660	885,000000E+0	16,140000E+0	29,999000E+0	1,055786E+6	12,000000E+0
661	885,000000E+0	16,140000E+0	30,228000E+0	1,055953E+6	12,000000E+0
662	885,000000E+0	16,140000E+0	30,228000E+0	1,056120E+6	12,000000E+0
663	885,000000E+0	16,140000E+0	30,228000E+0	1,056288E+6	12,000000E+0
664	885,000000E+0	16,140000E+0	30,457000E+0	1,056456E+6	12,000000E+0
665	885,000000E+0	16,140000E+0	30,686000E+0	1,056623E+6	12,000000E+0
666	885,000000E+0	16,140000E+0	30,686000E+0	1,056791E+6	12,000000E+0
667	885,000000E+0	16,140000E+0	30,686000E+0	1,056957E+6	12,000000E+0
668	885,000000E+0	16,140000E+0	30,686000E+0	1,057122E+6	12,000000E+0
669	885,000000E+0	16,140000E+0	30,457000E+0	1,057289E+6	12,000000E+0
670	885,000000E+0	16,140000E+0	30,457000E+0	1,057457E+6	12,000000E+0
671	885,000000E+0	16,140000E+0	30,228000E+0	1,057622E+6	12,000000E+0
672	885,000000E+0	16,140000E+0	29,999000E+0	1,057789E+6	12,000000E+0
673	885,000000E+0	16,140000E+0	30,228000E+0	1,057957E+6	12,000000E+0
674	885,000000E+0	16,140000E+0	30,228000E+0	1,058124E+6	12,000000E+0
675	885,000000E+0	16,140000E+0	30,457000E+0	1,058292E+6	12,000000E+0
676	885,000000E+0	16,140000E+0	30,686000E+0	1,058459E+6	12,000000E+0
677	885,000000E+0	16,140000E+0	30,915000E+0	1,058627E+6	12,000000E+0
678	885,000000E+0	16,140000E+0	30,915000E+0	1,058793E+6	12,000000E+0
679	885,000000E+0	16,140000E+0	31,144000E+0	1,058960E+6	12,000000E+0
680	885,000000E+0	16,140000E+0	31,144000E+0	1,059128E+6	12,000000E+0
681	885,000000E+0	16,140000E+0	30,915000E+0	1,059296E+6	12,000000E+0
682	885,000000E+0	16,140000E+0	30,686000E+0	1,059465E+6	12,000000E+0
683	885,000000E+0	16,140000E+0	30,228000E+0	1,059630E+6	12,000000E+0
684	885,000000E+0	16,140000E+0	30,228000E+0	1,059798E+6	12,000000E+0
685	885,000000E+0	16,140000E+0	29,999000E+0	1,059964E+6	12,000000E+0
686	885,000000E+0	16,140000E+0	30,228000E+0	1,060133E+6	12,000000E+0
687	885,000000E+0	16,140000E+0	30,457000E+0	1,060300E+6	12,000000E+0
688	885,000000E+0	16,140000E+0	30,457000E+0	1,060468E+6	12,000000E+0
689	885,000000E+0	16,140000E+0	30,686000E+0	1,060636E+6	12,000000E+0
690	885,000000E+0	16,140000E+0	30,686000E+0	1,060803E+6	12,000000E+0
691	885,000000E+0	16,140000E+0	30,686000E+0	1,060967E+6	12,000000E+0
692	885,000000E+0	16,140000E+0	30,686000E+0	1,061135E+6	12,000000E+0
693	885,000000E+0	16,140000E+0	30,686000E+0	1,061301E+6	12,000000E+0
694	885,000000E+0	16,140000E+0	30,228000E+0	1,061468E+6	12,000000E+0
695	885,000000E+0	16,140000E+0	30,228000E+0	1,061635E+6	12,000000E+0
696	885,000000E+0	16,140000E+0	30,228000E+0	1,061802E+6	12,000000E+0
697	885,000000E+0	16,140000E+0	29,999000E+0	1,061969E+6	12,000000E+0
698	885,000000E+0	16,140000E+0	30,228000E+0	1,062136E+6	12,000000E+0
699	885,000000E+0	16,140000E+0	30,457000E+0	1,062304E+6	12,000000E+0
700	885,000000E+0	16,140000E+0	30,686000E+0	1,062471E+6	12,000000E+0
701	885,000000E+0	16,140000E+0	30,686000E+0	1,062639E+6	12,000000E+0
702	885,000000E+0	16,140000E+0	31,144000E+0	1,062807E+6	12,000000E+0
703	885,000000E+0	16,140000E+0	31,144000E+0	1,062973E+6	12,000000E+0
704	885,000000E+0	16,140000E+0	30,915000E+0	1,063142E+6	12,000000E+0
705	885,000000E+0	16,140000E+0	30,915000E+0	1,063308E+6	12,000000E+0
706	885,000000E+0	16,140000E+0	30,686000E+0	1,063477E+6	12,000000E+0
707	885,000000E+0	16,140000E+0	30,457000E+0	1,063643E+6	12,000000E+0
708	885,000000E+0	16,140000E+0	30,228000E+0	1,063809E+6	12,000000E+0
709	885,000000E+0	16,140000E+0	29,999000E+0	1,063978E+6	12,000000E+0
710	885,000000E+0	16,140000E+0	30,228000E+0	1,064146E+6	12,000000E+0
711	885,000000E+0	16,140000E+0	30,228000E+0	1,064312E+6	12,000000E+0
712	885,000000E+0	16,140000E+0	30,457000E+0	1,064481E+6	12,000000E+0
713	885,000000E+0	16,140000E+0	30,457000E+0	1,064648E+6	12,000000E+0
714	885,000000E+0	16,140000E+0	30,686000E+0	1,064815E+6	12,000000E+0
715	885,000000E+0	16,140000E+0	30,915000E+0	1,064983E+6	12,000000E+0
716	885,000000E+0	16,140000E+0	30,686000E+0	1,065150E+6	12,000000E+0
717	885,000000E+0	16,140000E+0	30,457000E+0	1,065315E+6	12,000000E+0
718	885,000000E+0	16,140000E+0	30,457000E+0	1,065482E+6	12,000000E+0
719	885,000000E+0	16,140000E+0	30,228000E+0	1,065649E+6	12,000000E+0
720	885,000000E+0	16,140000E+0	30,228000E+0	1,065815E+6	12,000000E+0
721	885,000000E+0	16,140000E+0	30,228000E+0	1,065983E+6	12,000000E+0
722	885,000000E+0	16,140000E+0	30,228000E+0	1,066150E+6	12,000000E+0
723	885,000000E+0	16,140000E+0	30,228000E+0	1,066317E+6	12,000000E+0
724	885,000000E+0	16,140000E+0	30,457000E+0	1,066485E+6	12,000000E+0
725	885,000000E+0	16,140000E+0	30,686000E+0	1,066653E+6	12,000000E+0
726	885,000000E+0	16,140000E+0	30,915000E+0	1,066823E+6	12,000000E+0
727	885,000000E+0	16,140000E+0	31,144000E+0	1,066989E+6	12,000000E+0
728	885,000000E+0	16,140000E+0	31,144000E+0	1,067156E+6	12,000000E+0
729	885,000000E+0	16,140000E+0	30,915000E+0	1,067326E+6	12,000000E+0
730	885,000000E+0	16,140000E+0	30,915000E+0	1,067490E+6	12,000000E+0
731	885,000000E+0	16,140000E+0	30,686000E+0	1,067661E+6	12,000000E+0
732	885,000000E+0	16,140000E+0	30,228000E+0	1,067827E+6	12,000000E+0
733	885,000000E+0	16,140000E+0	29,999000E+0	1,067992E+6	12,000000E+0
734	885,000000E+0	16,140000E+0	30,228000E+0	1,068162E+6	12,000000E+0
735	885,000000E+0	16,140000E+0	30,228000E+0	1,068330E+6	12,000000E+0
736	885,000000E+0	16,140000E+0	30,228000E+0	1,068496E+6	12,000000E+0
737	885,000000E+0	16,140000E+0	30,457000E+0	1,068665E+6	12,000000E+0
738	885,000000E+0	16,140000E+0	30,686000E+0	1,068832E+6	12,000000E+0
739	885,000000E+0	16,140000E+0	30,686000E+0	1,069000E+6	12,000000E+0
740	885,000000E+0	16,140000E+0	30,686000E+0	1,069164E+6	12,000000E+0
741	885,000000E+0	16,140000E+0	30,686000E+0	1,069331E+6	12,000000E+0
742	885,000000E+0	16,140000E+0	30,457000E+0	1,069496E+6	12,000000E+0
743	885,000000E+0	16,140000E+0	30,457000E+0	1,069665E+6	12,000000E+0
744	885,000000E+0	16,140000E+0	30,228000E+0	1,069830E+6	12,000000E+0
745	885,000000E+0	16,140000E+0	29,999000E+0	1,069999E+6	12,000000E+0
746	885,000000E+0	16,140000E+0	30,228000E+0	1,070166E+6	12,000000E+0
747	885,000000E+0	16,140000E+0	30,228000E+0	1,070335E+6	12,000000E+0
748	885,000000E+0	16,140000E+0	30,228000E+0	1,070502E+6	12,000000E+0
749	885,000000E+0	16,140000E+0	30,457000E+0	1,070668E+6	12,000000E+0
750	885,000000E+0	16,140000E+0	30,915000E+0	1,070836E+6	12,000000E+0
751	885,000000E+0	16,140000E+0	31,144000E+0	1,071005E+6	12,000000E+0
752	885,000000E+0	16,140000E+0	31,144000E+0	1,071172E+6	12,000000E+0
753	885,000000E+0	16,140000E+0	31,144000E+0	1,071340E+6	12,000000E+0
754	885,000000E+0	16,140000E+0	30,915000E+0	1,071506E+6	12,000000E+0
755	885,000000E+0	16,140000E+0	30,457000E+0	1,071674E+6	12,000000E+0
756	885,000000E+0	16,140000E+0	30,457000E+0	1,071843E+6	12,000000E+0
757	885,000000E+0	16,140000E+0	30,228000E+0	1,072008E+6	12,000000E+0
758	885,000000E+0	16,140000E+0	29,999000E+0	1,072177E+6	12,000000E+0
759	885,000000E+0	16,140000E+0	30,228000E+0	1,072344E+6	12,000000E+0
760	885,000000E+0	16,140000E+0	30,228000E+0	1,072510E+6	12,000000E+0
761	885,000000E+0	16,140000E+0	30,457000E+0	1,072678E+6	12,000000E+0
762	885,000000E+0	16,140000E+0	30,457000E+0	1,072846E+6	12,000000E+0
763	885,000000E+0	16,140000E+0	30,686000E+0	1,073013E+6	12,000000E+0
764	885,000000E+0	16,140000E+0	30,686000E+0	1,073181E+6	12,000000E+0
765	885,000000E+0	16,140000E+0	30,686000E+0	1,073347E+6	12,000000E+0
766	885,000000E+0	16,140000E+0	30,686000E+0	1,073513E+6	12,000000E+0
767	885,000000E+0	16,140000E+0	30,457000E+0	1,073679E+6	12,000000E+0
768	885,000000E+0	16,140000E+0	30,228000E+0	1,073846E+6	12,000000E+0
769	885,000000E+0	16,140000E+0	30,228000E+0	1,074012E+6	12,000000E+0
770	885,000000E+0	16,140000E+0	29,999000E+0	1,074180E+6	12,000000E+0
771	885,000000E+0	16,140000E+0	30,228000E+0	1,074347E+6	12,000000E+0
772	885,000000E+0	16,140000E+0	30,457000E+0	1,074515E+6	12,000000E+0
773	885,000000E+0	16,140000E+0	30,457000E+0	1,074684E+6	12,000000E+0
774	885,000000E+0	16,140000E+0	30,686000E+0	1,074849E+6	12,000000E+0
775	885,000000E+0	16,140000E+0	30,915000E+0	1,075017E+6	12,000000E+0
776	885,000000E+0	16,140000E+0	31,144000E+0	1,075185E+6	12,000000E+0
777	885,000000E+0	16,140000E+0	31,144000E+0	1,075352E+6	12,000000E+0
778	885,000000E+0	16,140000E+0	30,915000E+0	1,075519E+6	12,000000E+0
779	885,000000E+0	16,140000E+0	30,915000E+0	1,075685E+6	12,000000E+0
780	885,000000E+0	16,140000E+0	30,457000E+0	1,075854E+6	12,000000E+0
781	885,000000E+0	16,140000E+0	30,228000E+0	1,076021E+6	12,000000E+0
782	885,000000E+0	16,140000E+0	30,228000E+0	1,076189E+6	12,000000E+0
783	885,000000E+0	16,140000E+0	29,999000E+0	1,076357E+6	12,000000E+0
784	885,000000E+0	16,140000E+0	30,228000E+0	1,076524E+6	12,000000E+0
785	885,000000E+0	16,140000E+0	30,228000E+0	1,076691E+6	12,000000E+0
786	885,000000E+0	16,140000E+0	30,457000E+0	1,076860E+6	12,000000E+0
787	885,000000E+0	16,140000E+0	30,686000E+0	1,077025E+6	12,000000E+0
788	885,000000E+0	16,140000E+0	30,686000E+0	1,077195E+6	12,000000E+0
789	885,000000E+0	16,140000E+0	30,686000E+0	1,077360E+6	12,000000E+0
790	885,000000E+0	16,140000E+0	30,686000E+0	1,077527E+6	12,000000E+0
791	885,000000E+0	16,140000E+0	30,686000E+0	1,077693E+6	12,000000E+0
792	885,000000E+0	16,140000E+0	30,457000E+0	1,077861E+6	12,000000E+0
793	885,000000E+0	16,140000E+0	30,228000E+0	1,078026E+6	12,000000E+0
794	885,000000E+0	16,140000E+0	29,999000E+0	1,078194E+6	12,000000E+0
795	885,000000E+0	16,140000E+0	30,228000E+0	1,078360E+6	12,000000E+0
796	885,000000E+0	16,140000E+0	30,228000E+0	1,078528E+6	12,000000E+0
797	885,000000E+0	16,140000E+0	30,457000E+0	1,078696E+6	12,000000E+0
798	885,000000E+0	16,140000E+0	30,686000E+0	1,078863E+6	12,000000E+0
799	885,000000E+0	16,140000E+0	30,686000E+0	1,079029E+6	12,000000E+0
800	885,000000E+0	16,140000E+0	30,915000E+0	1,079199E+6	12,000000E+0
801	885,000000E+0	16,140000E+0	31,144000E+0	1,079366E+6	12,000000E+0
802	885,000000E+0	16,140000E+0	31,144000E+0	1,079534E+6	12,000000E+0
803	885,000000E+0	16,140000E+0	30,915000E+0	1,079700E+6	12,000000E+0
804	885,000000E+0	16,140000E+0	30,686000E+0	1,079868E+6	12,000000E+0
805	885,000000E+0	16,140000E+0	30,457000E+0	1,080037E+6	12,000000E+0
806	885,000000E+0	16,140000E+0	29,999000E+0	1,080202E+6	12,000000E+0
807	885,000000E+0	16,140000E+0	30,228000E+0	1,080371E+6	12,000000E+0
808	885,000000E+0	16,140000E+0	30,228000E+0	1,080539E+6	12,000000E+0
809	885,000000E+0	16,140000E+0	30,228000E+0	1,080705E+6	12,000000E+0
810	885,000000E+0	16,140000E+0	30,457000E+0	1,080874E+6	12,000000E+0
811	885,000000E+0	16,140000E+0	30,457000E+0	1,081041E+6	12,000000E+0
812	885,000000E+0	16,140000E+0	30,686000E+0	1,081209E+6	12,000000E+0
813	885,000000E+0	16,140000E+0	30,686000E+0	1,081376E+6	12,000000E+0
814	885,000000E+0	16,140000E+0	30,686000E+0	1,081543E+6	12,000000E+0
815	885,000000E+0	16,140000E+0	30,686000E+0	1,081708E+6	12,000000E+0
816	885,000000E+0	16,140000E+0	30,457000E+0	1,081875E+6	12,000000E+0
817	885,000000E+0	16,140000E+0	30,457000E+0	1,082042E+6	12,000000E+0
818	885,000000E+0	16,140000E+0	30,228000E+0	1,082208E+6	12,000000E+0
819	885,000000E+0	16,140000E+0	29,999000E+0	1,082373E+6	12,000000E+0
820	885,000000E+0	16,140000E+0	30,228000E+0	1,082542E+6	12,000000E+0
821	885,000000E+0	16,140000E+0	30,457000E+0	1,082710E+6	12,000000E+0
822	885,000000E+0	16,140000E+0	30,457000E+0	1,082878E+6	12,000000E+0
823	885,000000E+0	16,140000E+0	30,686000E+0	1,083045E+6	12,000000E+0
824	885,000000E+0	16,140000E+0	30,915000E+0	1,083213E+6	12,000000E+0
825	885,000000E+0	16,140000E+0	31,144000E+0	1,083381E+6	12,000000E+0
826	885,000000E+0	16,140000E+0	31,144000E+0	1,083558E+6	12,000000E+0
827	21,760000E+3	80,570880E+3	-461,037543E+6	1,140851E+9	423,300000E+0
828	885,000000E+0	16,140000E+0	30,915000E+0	1,083881E+6	12,000000E+0
829	885,000000E+0	16,140000E+0	30,457000E+0	1,084051E+6	12,000000E+0
830	885,000000E+0	16,140000E+0	30,228000E+0	1,084218E+6	12,000000E+0
831	885,000000E+0	16,140000E+0	30,228000E+0	1,084385E+6	12,000000E+0
832	885,000000E+0	16,140000E+0	29,999000E+0	1,084552E+6	12,000000E+0
833	885,000000E+0	16,140000E+0	30,228000E+0	1,084720E+6	12,000000E+0
834	885,000000E+0	16,140000E+0	30,228000E+0	1,084887E+6	12,000000E+0
835	885,000000E+0	16,140000E+0	30,457000E+0	1,085055E+6	12,000000E+0
836	885,000000E+0	16,140000E+0	30,686000E+0	1,085223E+6	12,000000E+0
837	885,000000E+0	16,140000E+0	30,686000E+0	1,085392E+6	12,000000E+0
838	885,000000E+0	16,140000E+0	30,686000E+0	1,085556E+6	12,000000E+0
839	885,000000E+0	16,140000E+0	30,686000E+0	1,085724E+6	12,000000E+0
840	885,000000E+0	16,140000E+0	30,686000E+0	1,085890E+6	12,000000E+0
841	885,000000E+0	16,140000E+0	30,457000E+0	1,086058E+6	12,000000E+0
842	885,000000E+0	16,140000E+0	30,228000E+0	1,086223E+6	12,000000E+0
843	885,000000E+0	16,140000E+0	30,228000E+0	1,086391E+6	12,000000E+0
844	885,000000E+0	16,140000E+0	29,999000E+0	1,086557E+6	12,000000E+0
845	885,000000E+0	16,140000E+0	30,228000E+0	1,086725E+6	12,000000E+0
846	885,000000E+0	16,140000E+0	30,457000E+0	1,086893E+6	12,000000E+0
847	885,000000E+0	16,140000E+0	30,457000E+0	1,087060E+6	12,000000E+0
848	885,000000E+0	16,140000E+0	30,915000E+0	1,087226E+6	12,000000E+0
849	885,000000E+0	16,140000E+0	31,144000E+0	1,087395E+6	12,000000E+0
850	885,000000E+0	16,140000E+0	31,144000E+0	1,087562E+6	12,000000E+0
851	885,000000E+0	16,140000E+0	30,915000E+0	1,087730E+6	12,000000E+0
852	885,000000E+0	16,140000E+0	30,915000E+0	1,087897E+6	12,000000E+0
853	885,000000E+0	16,140000E+0	30,686000E+0	1,088065E+6	12,000000E+0
854	885,000000E+0	16,140000E+0	30,457000E+0	1,088233E+6	12,000000E+0
855	885,000000E+0	16,140000E+0	29,999000E+0	1,088398E+6	12,000000E+0
856	885,000000E+0	16,140000E+0	29,999000E+0	1,088567E+6	12,000000E+0
857	885,000000E+0	16,140000E+0	30,228000E+0	1,088735E+6	12,000000E+0
858	885,000000E+0	16,140000E+0	30,228000E+0	1,088902E+6	12,000000E+0
859	885,000000E+0	16,140000E+0	30,457000E+0	1,089070E+6	12,000000E+0
860	885,000000E+0	16,140000E+0	30,457000E+0	1,089237E+6	12,000000E+0
861	885,000000E+0	16,140000E+0	30,686000E+0	1,089405E+6	12,000000E+0
862	885,000000E+0	16,140000E+0	30,915000E+0	1,089572E+6	12,000000E+0
863	885,000000E+0	16,140000E+0	30,686000E+0	1,089739E+6	12,000000E+0
864	885,000000E+0	16,140000E+0	30,686000E+0	1,089904E+6	12,000000E+0
865	885,000000E+0	16,140000E+0	30,457000E+0	1,090071E+6	12,000000E+0
866	885,000000E+0	16,140000E+0	30,228000E+0	1,090237E+6	12,000000E+0
867	885,000000E+0	16,140000E+0	30,228000E+0	1,090403E+6	12,000000E+0
868	885,000000E+0	16,140000E+0	30,228000E+0	1,090570E+6	12,000000E+0
869	885,000000E+0	16,140000E+0	30,228000E+0	1,090739E+6	12,000000E+0
870	885,000000E+0	16,140000E+0	30,228000E+0	1,090904E+6	12,000000E+0
871	885,000000E+0	16,140000E+0	30,457000E+0	1,091074E+6	12,000000E+0
872	885,000000E+0	16,140000E+0	30,686000E+0	1,091240E+6	12,000000E+0
873	885,000000E+0	16,140000E+0	30,915000E+0	1,091408E+6	12,000000E+0
874	885,000000E+0	16,140000E+0	31,144000E+0	1,091575E+6	12,000000E+0
875	885,000000E+0	16,140000E+0	31,144000E+0	1,091743E+6	12,000000E+0
876	885,000000E+0	16,140000E+0	30,915000E+0	1,091910E+6	12,000000E+0
877	885,000000E+0	16,140000E+0	30,915000E+0	1,092076E+6	12,000000E+0
878	885,000000E+0	16,140000E+0	30,686000E+0	1,092247E+6	12,000000E+0
879	885,000000E+0	16,140000E+0	30,228000E+0	1,092413E+6	12,000000E+0
880	885,000000E+0	16,140000E+0	29,999000E+0	1,092580E+6	12,000000E+0
881	885,000000E+0	16,140000E+0	29,999000E+0	1,092747E+6	12,000000E+0
882	885,000000E+0	16,140000E+0	30,228000E+0	1,092915E+6	12,000000E+0
883	885,000000E+0	16,140000E+0	30,228000E+0	1,093083E+6	12,000000E+0
884	885,000000E+0	16,140000E+0	30,457000E+0	1,093250E+6	12,000000E+0
885	885,000000E+0	16,140000E+0	30,686000E+0	1,093418E+6	12,000000E+0
886	885,000000E+0	16,140000E+0	30,686000E+0	1,093585E+6	12,000000E+0
887	885,000000E+0	16,140000E+0	30,915000E+0	1,093751E+6	12,000000E+0
888	885,000000E+0	16,140000E+0	30,686000E+0	1,093919E+6	12,000000E+0
889	885,000000E+0	16,140000E+0	30,457000E+0	1,094083E+6	12,000000E+0
890	885,000000E+0	16,140000E+0	30,228000E+0	1,094251E+6	12,000000E+0
891	885,000000E+0	16,140000E+0	30,228000E+0	1,094417E+6	12,000000E+0
892	885,000000E+0	16,140000E+0	30,228000E+0	1,094585E+6	12,000000E+0
893	885,000000E+0	16,140000E+0	30,228000E+0	1,094753E+6	12,000000E+0
894	885,000000E+0	16,140000E+0	30,228000E+0	1,094920E+6	12,000000E+0
895	885,000000E+0	16,140000E+0	30,457000E+0	1,095087E+6	12,000000E+0
896	885,000000E+0	16,140000E+0	30,457000E+0	1,095254E+6	12,000000E+0
897	885,000000E+0	16,140000E+0	30,915000E+0	1,095419E+6	12,000000E+0
898	885,000000E+0	16,140000E+0	30,915000E+0	1,095587E+6	12,000000E+0
899	885,000000E+0	16,140000E+0	31,144000E+0	1,095756E+6	12,000000E+0
900	885,000000E+0	16,140000E+0	31,144000E+0	1,095924E+6	12,000000E+0
901	885,000000E+0	16,140000E+0	30,915000E+0	1,096089E+6	12,000000E+0
902	885,000000E+0	16,140000E+0	30,457000E+0	1,096257E+6	12,000000E+0
903	885,000000E+0	16,140000E+0	30,457000E+0	1,096427E+6	12,000000E+0
904	885,000000E+0	16,140000E+0	30,228000E+0	1,096591E+6	12,000000E+0
905	885,000000E+0	16,140000E+0	29,999000E+0	1,096760E+6	12,000000E+0
906	885,000000E+0	16,140000E+0	30,228000E+0	1,096928E+6	12,000000E+0
907	885,000000E+0	16,140000E+0	29,999000E+0	1,097094E+6	12,000000E+0
908	885,000000E+0	16,140000E+0	30,457000E+0	1,097262E+6	12,000000E+0
909	885,000000E+0	16,140000E+0	30,457000E+0	1,097429E+6	12,000000E+0
910	885,000000E+0	16,140000E+0	30,686000E+0	1,097597E+6	12,000000E+0
911	885,000000E+0	18,830000E+0	30,686000E+0	1,097763E+6	12,000000E+0
912	885,000000E+0	16,140000E+0	30,686000E+0	1,097930E+6	12,000000E+0
913	885,000000E+0	16,140000E+0	30,686000E+0	1,098096E+6	12,000000E+0
914	885,000000E+0	16,140000E+0	30,228000E+0	1,098261E+6	12,000000E+0
915	885,000000E+0	16,140000E+0	30,228000E+0	1,098430E+6	12,000000E+0
916	885,000000E+0	16,140000E+0	30,228000E+0	1,098597E+6	12,000000E+0
917	885,000000E+0	16,140000E+0	29,999000E+0	1,098763E+6	12,000000E+0
918	885,000000E+0	16,140000E+0	30,228000E+0	1,098931E+6	12,000000E+0
919	885,000000E+0	16,140000E+0	30,228000E+0	1,099099E+6	12,000000E+0
920	885,000000E+0	16,140000E+0	30,457000E+0	1,099266E+6	12,000000E+0
921	885,000000E+0	16,140000E+0	30,686000E+0	1,099432E+6	12,000000E+0
922	885,000000E+0	16,140000E+0	30,915000E+0	1,099601E+6	12,000000E+0
923	885,000000E+0	16,140000E+0	31,144000E+0	1,099769E+6	12,000000E+0
924	885,000000E+0	16,140000E+0	31,144000E+0	1,099935E+6	12,000000E+0
925	885,000000E+0	16,140000E+0	31,144000E+0	1,100103E+6	12,000000E+0
926	885,000000E+0	16,140000E+0	30,915000E+0	1,100269E+6	12,000000E+0
927	885,000000E+0	16,140000E+0	30,457000E+0	1,100437E+6	12,000000E+0
928	885,000000E+0	16,140000E+0	30,457000E+0	1,100605E+6	12,000000E+0
929	885,000000E+0	16,140000E+0	29,999000E+0	1,100773E+6	12,000000E+0
930	885,000000E+0	16,140000E+0	29,999000E+0	1,100939E+6	12,000000E+0
931	885,000000E+0	16,140000E+0	30,228000E+0	1,101107E+6	12,000000E+0
932	885,000000E+0	16,140000E+0	30,228000E+0	1,101274E+6	12,000000E+0
933	885,000000E+0	16,140000E+0	30,457000E+0	1,101443E+6	12,000000E+0
934	885,000000E+0	16,140000E+0	30,457000E+0	1,101609E+6	12,000000E+0
935	885,000000E+0	16,140000E+0	30,686000E+0	1,101777E+6	12,000000E+0
936	885,000000E+0	16,140000E+0	30,915000E+0	1,101941E+6	12,000000E+0
937	885,000000E+0	16,140000E+0	30,686000E+0	1,102111E+6	12,000000E+0
938	885,000000E+0	16,140000E+0	30,686000E+0	1,102277E+6	12,000000E+0
939	885,000000E+0	16,140000E+0	30,457000E+0	1,102445E+6	12,000000E+0
940	885,000000E+0	16,140000E+0	29,999000E+0	1,102609E+6	12,000000E+0
941	885,000000E+0	16,140000E+0	29,999000E+0	1,102777E+6	12,000000E+0
942	885,000000E+0	16,140000E+0	30,228000E+0	1,102943E+6	12,000000E+0
943	885,000000E+0	16,140000E+0	30,228000E+0	1,103112E+6	12,000000E+0
944	885,000000E+0	16,140000E+0	30,457000E+0	1,103279E+6	12,000000E+0
945	885,000000E+0	16,140000E+0	30,457000E+0	1,103446E+6	12,000000E+0
946	885,000000E+0	16,140000E+0	30,915000E+0	1,103611E+6	12,000000E+0
947	885,000000E+0	16,140000E+0	30,915000E+0	1,103778E+6	12,000000E+0
948	885,000000E+0	16,140000E+0	31,144000E+0	1,103948E+6	12,000000E+0
949	885,000000E+0	16,140000E+0	31,144000E+0	1,104115E+6	12,000000E+0
950	885,000000E+0	16,140000E+0	30,915000E+0	1,104280E+6	12,000000E+0
951	885,000000E+0	16,140000E+0	30,686000E+0	1,104451E+6	12,000000E+0
952	885,000000E+0	16,140000E+0	30,228000E+0	1,104620E+6	12,000000E+0
953	885,000000E+0	16,140000E+0	29,999000E+0	1,104784E+6	12,000000E+0
954	885,000000E+0	16,140000E+0	30,228000E+0	1,104955E+6	12,000000E+0
955	885,000000E+0	16,140000E+0	30,228000E+0	1,105121E+6	12,000000E+0
956	885,000000E+0	16,140000E+0	30,228000E+0	1,105287E+6	12,000000E+0
957	885,000000E+0	16,140000E+0	30,457000E+0	1,105456E+6	12,000000E+0
958	885,000000E+0	16,140000E+0	30,457000E+0	1,105623E+6	12,000000E+0
959	885,000000E+0	16,140000E+0	30,686000E+0	1,105791E+6	12,000000E+0
960	885,000000E+0	16,140000E+0	30,686000E+0	1,105957E+6	12,000000E+0
961	885,000000E+0	16,140000E+0	30,686000E+0	1,106125E+6	12,000000E+0
962	885,000000E+0	16,140000E+0	30,686000E+0	1,106291E+6	12,000000E+0
963	885,000000E+0	16,140000E+0	30,457000E+0	1,106457E+6	12,000000E+0
964	885,000000E+0	16,140000E+0	30,457000E+0	1,106624E+6	12,000000E+0
965	885,000000E+0	16,140000E+0	30,228000E+0	1,106791E+6	12,000000E+0
966	885,000000E+0	16,140000E+0	29,999000E+0	1,106955E+6	12,000000E+0
967	885,000000E+0	16,140000E+0	30,228000E+0	1,107124E+6	12,000000E+0
968	885,000000E+0	16,140000E+0	30,228000E+0	1,107292E+6	12,000000E+0
969	885,000000E+0	16,140000E+0	30,457000E+0	1,107460E+6	12,000000E+0
970	885,000000E+0	16,140000E+0	30,686000E+0	1,107628E+6	12,000000E+0
971	885,000000E+0	16,140000E+0	30,915000E+0	1,107794E+6	12,000000E+0
972	885,000000E+0	16,140000E+0	30,915000E+0	1,107961E+6	12,000000E+0
973	885,000000E+0	16,140000E+0	30,915000E+0	1,108129E+6	12,000000E+0
974	885,000000E+0	16,140000E+0	31,144000E+0	1,108298E+6	12,000000E+0
975	885,000000E+0	16,140000E+0	30,915000E+0	1,108464E+6	12,000000E+0
976	885,000000E+0	16,140000E+0	30,457000E+0	1,108632E+6	12,000000E+0
977	885,000000E+0	16,140000E+0	30,228000E+0	1,108800E+6	12,000000E+0
978	885,000000E+0	16,140000E+0	29,999000E+0	1,108966E+6	12,000000E+0
979	885,000000E+0	16,140000E+0	29,999000E+0	1,109133E+6	12,000000E+0
980	885,000000E+0	16,140000E+0	30,228000E+0	1,109301E+6	12,000000E+0
981	885,000000E+0	16,140000E+0	30,228000E+0	1,109468E+6	12,000000E+0
982	885,000000E+0	16,140000E+0	30,457000E+0	1,109644E+6	12,000000E+0
983	21,760000E+3	80,570880E+3	-468,721508E+6	721,420288E+6	433,500000E+0
984	885,000000E+0	16,140000E+0	30,686000E+0	1,109972E+6	12,000000E+0
985	885,000000E+0	16,140000E+0	30,686000E+0	1,110136E+6	12,000000E+0
986	885,000000E+0	16,140000E+0	30,686000E+0	1,110304E+6	12,000000E+0
987	885,000000E+0	16,140000E+0	30,686000E+0	1,110469E+6	12,000000E+0
988	885,000000E+0	16,140000E+0	30,228000E+0	1,110638E+6	12,000000E+0
989	885,000000E+0	16,140000E+0	30,228000E+0	1,110803E+6	12,000000E+0
990	885,000000E+0	16,140000E+0	30,228000E+0	1,110971E+6	12,000000E+0
991	885,000000E+0	16,140000E+0	29,999000E+0	1,111138E+6	12,000000E+0
992	885,000000E+0	16,140000E+0	30,228000E+0	1,111305E+6	12,000000E+0
993	885,000000E+0	16,140000E+0	30,457000E+0	1,111473E+6	12,000000E+0
994	885,000000E+0	16,140000E+0	30,686000E+0	1,111640E+6	12,000000E+0
995	885,000000E+0	16,140000E+0	30,915000E+0	1,111807E+6	12,000000E+0
996	885,000000E+0	16,140000E+0	30,915000E+0	1,111975E+6	12,000000E+0
997	885,000000E+0	16,140000E+0	31,144000E+0	1,112143E+6	12,000000E+0
998	885,000000E+0	16,140000E+0	30,915000E+0	1,112310E+6	12,000000E+0
999	885,000000E+0	16,140000E+0	30,915000E+0	1,112476E+6	12,000000E+0
1000	885,000000E+0	16,140000E+0	30,915000E+0	1,112645E+6	12,000000E+0
1001	885,000000E+0	16,140000E+0	30,457000E+0	1,112813E+6	12,000000E+0
1002	885,000000E+0	16,140000E+0	29,999000E+0	1,112978E+6	12,000000E+0
1003	885,000000E+0	16,140000E+0	29,999000E+0	1,113148E+6	12,000000E+0
1004	885,000000E+0	16,140000E+0	30,228000E+0	1,113315E+6	12,000000E+0
1005	885,000000E+0	16,140000E+0	30,228000E+0	1,113482E+6	12,000000E+0
1006	885,000000E+0	16,140000E+0	30,457000E+0	1,113650E+6	12,000000E+0
1007	885,000000E+0	16,140000E+0	30,457000E+0	1,113817E+6	12,000000E+0
1008	885,000000E+0	16,140000E+0	30,686000E+0	1,113985E+6	12,000000E+0
1009	885,000000E+0	16,140000E+0	30,686000E+0	1,114151E+6	12,000000E+0
1010	885,000000E+0	16,140000E+0	30,686000E+0	1,114319E+6	12,000000E+0
1011	885,000000E+0	16,140000E+0	30,457000E+0	1,114484E+6	12,000000E+0
1012	885,000000E+0	16,140000E+0	30,457000E+0	1,114650E+6	12,000000E+0
1013	885,000000E+0	16,140000E+0	30,228000E+0	1,114818E+6	12,000000E+0
1014	885,000000E+0	16,140000E+0	29,999000E+0	1,114983E+6	12,000000E+0
1015	885,000000E+0	16,140000E+0	30,228000E+0	1,115151E+6	12,000000E+0
1016	885,000000E+0	16,140000E+0	30,228000E+0	1,115317E+6	12,000000E+0
1017	885,000000E+0	16,140000E+0	30,228000E+0	1,115484E+6	12,000000E+0
1018	885,000000E+0	16,140000E+0	30,457000E+0	1,115653E+6	12,000000E+0
1019	885,000000E+0	16,140000E+0	30,686000E+0	1,115820E+6	12,000000E+0
1020	885,000000E+0	16,140000E+0	30,915000E+0	1,115988E+6	12,000000E+0
1021	885,000000E+0	16,140000E+0	31,144000E+0	1,116155E+6	12,000000E+0
1022	885,000000E+0	16,140000E+0	31,144000E+0	1,116322E+6	12,000000E+0
1023	885,000000E+0	16,140000E+0	30,915000E+0	1,116490E+6	12,000000E+0
1024	885,000000E+0	16,140000E+0	30,686000E+0	1,116655E+6	12,000000E+0
1025	885,000000E+0	16,140000E+0	30,686000E+0	1,116826E+6	12,000000E+0
1026	885,000000E+0	16,140000E+0	30,457000E+0	1,116993E+6	12,000000E+0
1027	885,000000E+0	16,140000E+0	29,999000E+0	1,117160E+6	12,000000E+0
1028	885,000000E+0	16,140000E+0	30,228000E+0	1,117326E+6	12,000000E+0
1029	885,000000E+0	16,140000E+0	30,228000E+0	1,117496E+6	12,000000E+0
1030	885,000000E+0	16,140000E+0	30,228000E+0	1,117662E+6	12,000000E+0
1031	885,000000E+0	16,140000E+0	30,457000E+0	1,117831E+6	12,000000E+0
1032	885,000000E+0	16,140000E+0	30,686000E+0	1,117996E+6	12,000000E+0
1033	885,000000E+0	16,140000E+0	30,686000E+0	1,118165E+6	12,000000E+0
1034	885,000000E+0	16,140000E+0	30,915000E+0	1,118330E+6	12,000000E+0
1035	885,000000E+0	16,140000E+0	30,686000E+0	1,118497E+6	12,000000E+0
1036	885,000000E+0	16,140000E+0	30,457000E+0	1,118663E+6	12,000000E+0
1037	885,000000E+0	16,140000E+0	30,228000E+0	1,118831E+6	12,000000E+0
1038	885,000000E+0	16,140000E+0	30,228000E+0	1,118996E+6	12,000000E+0
1039	885,000000E+0	16,140000E+0	29,999000E+0	1,119164E+6	12,000000E+0
1040	885,000000E+0	16,140000E+0	30,228000E+0	1,119331E+6	12,000000E+0
1041	885,000000E+0	16,140000E+0	30,228000E+0	1,119498E+6	12,000000E+0
1042	885,000000E+0	16,140000E+0	30,228000E+0	1,119665E+6	12,000000E+0
1043	885,000000E+0	16,140000E+0	30,457000E+0	1,119831E+6	12,000000E+0
1044	885,000000E+0	16,140000E+0	30,915000E+0	1,119999E+6	12,000000E+0
1045	885,000000E+0	16,140000E+0	30,915000E+0	1,120167E+6	12,000000E+0
1046	885,000000E+0	16,140000E+0	31,144000E+0	1,120336E+6	12,000000E+0
1047	885,000000E+0	16,140000E+0	31,144000E+0	1,120503E+6	12,000000E+0
1048	885,000000E+0	16,140000E+0	30,915000E+0	1,120669E+6	12,000000E+0
1049	885,000000E+0	16,140000E+0	30,686000E+0	1,120837E+6	12,000000E+0
1050	885,000000E+0	16,140000E+0	30,457000E+0	1,121005E+6	12,000000E+0
1051	885,000000E+0	16,140000E+0	30,228000E+0	1,121171E+6	12,000000E+0
1052	885,000000E+0	16,140000E+0	29,999000E+0	1,121340E+6	12,000000E+0
1053	885,000000E+0	16,140000E+0	30,228000E+0	1,121507E+6	12,000000E+0
1054	885,000000E+0	16,140000E+0	30,228000E+0	1,121673E+6	12,000000E+0
1055	885,000000E+0	16,140000E+0	30,228000E+0	1,121842E+6	12,000000E+0
1056	885,000000E+0	16,140000E+0	30,457000E+0	1,122009E+6	12,000000E+0
1057	885,000000E+0	16,140000E+0	30,686000E+0	1,122177E+6	12,000000E+0
1058	885,000000E+0	16,140000E+0	30,686000E+0	1,122342E+6	12,000000E+0
1059	885,000000E+0	16,140000E+0	30,686000E+0	1,122510E+6	12,000000E+0
1060	885,000000E+0	16,140000E+0	30,686000E+0	1,122676E+6	12,000000E+0
1061	885,000000E+0	16,140000E+0	30,457000E+0	1,122842E+6	12,000000E+0
1062	885,000000E+0	16,140000E+0	30,228000E+0	1,123009E+6	12,000000E+0
1063	885,000000E+0	16,140000E+0	30,228000E+0	1,123175E+6	12,000000E+0
1064	885,000000E+0	16,140000E+0	30,228000E+0	1,123342E+6	12,000000E+0
1065	885,000000E+0	16,140000E+0	30,228000E+0	1,123510E+6	12,000000E+0
1066	885,000000E+0	16,140000E+0	30,228000E+0	1,123677E+6	12,000000E+0
1067	885,000000E+0	16,140000E+0	30,457000E+0	1,123846E+6	12,000000E+0
1068	885,000000E+0	16,140000E+0	30,686000E+0	1,124013E+6	12,000000E+0
1069	885,000000E+0	16,140000E+0	30,915000E+0	1,124180E+6	12,000000E+0
1070	885,000000E+0	16,140000E+0	31,144000E+0	1,124348E+6	12,000000E+0
1071	885,000000E+0	16,140000E+0	30,915000E+0	1,124515E+6	12,000000E+0
1072	885,000000E+0	16,140000E+0	31,144000E+0	1,124683E+6	12,000000E+0
1073	885,000000E+0	16,140000E+0	30,686000E+0	1,124848E+6	12,000000E+0
1074	885,000000E+0	16,140000E+0	30,457000E+0	1,125017E+6	12,000000E+0
1075	885,000000E+0	16,140000E+0	30,228000E+0	1,125185E+6	12,000000E+0
1076	885,000000E+0	16,140000E+0	29,999000E+0	1,125351E+6	12,000000E+0
1077	885,000000E+0	16,140000E+0	30,228000E+0	1,125518E+6	12,000000E+0
1078	885,000000E+0	16,140000E+0	29,999000E+0	1,125686E+6	12,000000E+0
1079	885,000000E+0	16,140000E+0	30,228000E+0	1,125853E+6	12,000000E+0
1080	885,000000E+0	16,140000E+0	30,457000E+0	1,126020E+6	12,000000E+0
1081	885,000000E+0	16,140000E+0	30,457000E+0	1,126186E+6	12,000000E+0
1082	885,000000E+0	16,140000E+0	30,915000E+0	1,126355E+6	12,000000E+0
1083	885,000000E+0	16,140000E+0	30,686000E+0	1,126520E+6	12,000000E+0
1084	885,000000E+0	16,140000E+0	30,686000E+0	1,126688E+6	12,000000E+0
1085	885,000000E+0	16,140000E+0	30,686000E+0	1,126854E+6	12,000000E+0
1086	885,000000E+0	16,140000E+0	30,228000E+0	1,127021E+6	12,000000E+0
1087	885,000000E+0	16,140000E+0	30,228000E+0	1,127187E+6	12,000000E+0
1088	885,000000E+0	16,140000E+0	29,999000E+0	1,127355E+6	12,000000E+0
1089	885,000000E+0	16,140000E+0	30,228000E+0	1,127523E+6	12,000000E+0
1090	885,000000E+0	16,140000E+0	30,228000E+0	1,127689E+6	12,000000E+0
1091	885,000000E+0	16,140000E+0	30,228000E+0	1,127857E+6	12,000000E+0
1092	885,000000E+0	16,140000E+0	30,686000E+0	1,128024E+6	12,000000E+0
1093	885,000000E+0	16,140000E+0	30,686000E+0	1,128192E+6	12,000000E+0
1094	885,000000E+0	16,140000E+0	30,915000E+0	1,128359E+6	12,000000E+0
1095	885,000000E+0	16,140000E+0	31,144000E+0	1,128528E+6	12,000000E+0
1096	885,000000E+0	16,140000E+0	31,144000E+0	1,128694E+6	12,000000E+0
1097	885,000000E+0	16,140000E+0	30,915000E+0	1,128860E+6	12,000000E+0
1098	885,000000E+0	16,140000E+0	30,686000E+0	1,129029E+6	12,000000E+0
1099	885,000000E+0	16,140000E+0	30,228000E+0	1,129197E+6	12,000000E+0
1100	885,000000E+0	16,140000E+0	30,228000E+0	1,129362E+6	12,000000E+0
1101	885,000000E+0	16,140000E+0	29,999000E+0	1,129531E+6	12,000000E+0
1102	885,000000E+0	16,140000E+0	30,228000E+0	1,129698E+6	12,000000E+0
1103	885,000000E+0	16,140000E+0	30,228000E+0	1,129863E+6	12,000000E+0
1104	885,000000E+0	16,140000E+0	30,228000E+0	1,130032E+6	12,000000E+0
1105	885,000000E+0	16,140000E+0	30,457000E+0	1,130200E+6	12,000000E+0
1106	885,000000E+0	16,140000E+0	30,686000E+0	1,130367E+6	12,000000E+0
1107	885,000000E+0	16,140000E+0	30,686000E+0	1,130532E+6	12,000000E+0
1108	885,000000E+0	16,140000E+0	30,686000E+0	1,130702E+6	12,000000E+0
1109	885,000000E+0	16,140000E+0	30,686000E+0	1,130866E+6	12,000000E+0
1110	885,000000E+0	16,140000E+0	30,457000E+0	1,131033E+6	12,000000E+0
1111	885,000000E+0	16,140000E+0	30,228000E+0	1,131200E+6	12,000000E+0
1112	885,000000E+0	16,140000E+0	29,999000E+0	1,131366E+6	12,000000E+0
1113	885,000000E+0	16,140000E+0	29,999000E+0	1,131532E+6	12,000000E+0
1114	885,000000E+0	16,140000E+0	30,228000E+0	1,131701E+6	12,000000E+0
1115	885,000000E+0	16,140000E+0	30,457000E+0	1,131868E+6	12,000000E+0
1116	885,000000E+0	16,140000E+0	30,457000E+0	1,132037E+6	12,000000E+0
1117	885,000000E+0	16,140000E+0	30,686000E+0	1,132203E+6	12,000000E+0
1118	885,000000E+0	16,140000E+0	30,915000E+0	1,132372E+6	12,000000E+0
1119	885,000000E+0	16,140000E+0	30,915000E+0	1,132538E+6	12,000000E+0
1120	885,000000E+0	16,140000E+0	31,144000E+0	1,132705E+6	12,000000E+0
1121	885,000000E+0	16,140000E+0	31,144000E+0	1,132874E+6	12,000000E+0
1122	885,000000E+0	16,140000E+0	30,915000E+0	1,133039E+6	12,000000E+0
1123	885,000000E+0	16,140000E+0	30,686000E+0	1,133209E+6	12,000000E+0
1124	885,000000E+0	16,140000E+0	30,228000E+0	1,133376E+6	12,000000E+0
1125	885,000000E+0	16,140000E+0	29,999000E+0	1,133543E+6	12,000000E+0
1126	885,000000E+0	16,140000E+0	30,228000E+0	1,133713E+6	12,000000E+0
1127	885,000000E+0	16,140000E+0	30,228000E+0	1,133878E+6	12,000000E+0
1128	885,000000E+0	16,140000E+0	30,228000E+0	1,134045E+6	12,000000E+0
1129	885,000000E+0	16,140000E+0	30,457000E+0	1,134213E+6	12,000000E+0
1130	885,000000E+0	16,140000E+0	30,686000E+0	1,134380E+6	12,000000E+0
1131	885,000000E+0	16,140000E+0	30,686000E+0	1,134549E+6	12,000000E+0
1132	885,000000E+0	16,140000E+0	30,686000E+0	1,134713E+6	12,000000E+0
1133	885,000000E+0	16,140000E+0	30,686000E+0	1,134881E+6	12,000000E+0
1134	885,000000E+0	16,140000E+0	30,686000E+0	1,135047E+6	12,000000E+0
1135	885,000000E+0	16,140000E+0	30,228000E+0	1,135214E+6	12,000000E+0
1136	885,000000E+0	16,140000E+0	30,228000E+0	1,135380E+6	12,000000E+0
1137	885,000000E+0	16,140000E+0	30,228000E+0	1,135548E+6	12,000000E+0
1138	885,000000E+0	16,140000E+0	30,228000E+0	1,135715E+6	12,000000E+0
1139	885,000000E+0	16,140000E+0	30,228000E+0	1,135882E+6	12,000000E+0
1140	885,000000E+0	16,140000E+0	30,457000E+0	1,136050E+6	12,000000E+0
1141	885,000000E+0	16,140000E+0	30,686000E+0	1,136217E+6	12,000000E+0
1142	885,000000E+0	16,140000E+0	30,915000E+0	1,136384E+6	12,000000E+0
1143	885,000000E+0	16,140000E+0	31,144000E+0	1,136552E+6	12,000000E+0
1144	885,000000E+0	16,140000E+0	31,144000E+0	1,136720E+6	12,000000E+0
1145	885,000000E+0	16,140000E+0	30,915000E+0	1,136886E+6	12,000000E+0
1146	885,000000E+0	16,140000E+0	31,144000E+0	1,137054E+6	12,000000E+0
1147	885,000000E+0	16,140000E+0	30,915000E+0	1,137221E+6	12,000000E+0
1148	885,000000E+0	16,140000E+0	30,457000E+0	1,137391E+6	12,000000E+0
1149	885,000000E+0	16,140000E+0	30,228000E+0	1,137557E+6	12,000000E+0
1150	885,000000E+0	16,140000E+0	29,999000E+0	1,137727E+6	12,000000E+0
1151	885,000000E+0	16,140000E+0	30,228000E+0	1,137893E+6	12,000000E+0
1152	885,000000E+0	16,140000E+0	30,228000E+0	1,138059E+6	12,000000E+0
1153	885,000000E+0	16,140000E+0	30,228000E+0	1,138228E+6	12,000000E+0
1154	885,000000E+0	16,140000E+0	30,686000E+0	1,138395E+6	12,000000E+0
1155	885,000000E+0	16,140000E+0	30,686000E+0	1,138563E+6	12,000000E+0
1156	885,000000E+0	16,140000E+0	30,915000E+0	1,138729E+6	12,000000E+0
1157	885,000000E+0	16,140000E+0	30,686000E+0	1,138897E+6	12,000000E+0
1158	885,000000E+0	16,140000E+0	30,457000E+0	1,139062E+6	12,000000E+0
1159	885,000000E+0	16,140000E+0	30,457000E+0	1,139228E+6	12,000000E+0
1160	885,000000E+0	16,140000E+0	30,228000E+0	1,139395E+6	12,000000E+0
1161	885,000000E+0	16,140000E+0	30,228000E+0	1,139562E+6	12,000000E+0
1162	885,000000E+0	16,140000E+0	30,228000E+0	1,139729E+6	12,000000E+0
1163	885,000000E+0	16,140000E+0	30,228000E+0	1,139896E+6	12,000000E+0
1164	885,000000E+0	16,140000E+0	30,228000E+0	1,140063E+6	12,000000E+0
1165	885,000000E+0	16,140000E+0	30,457000E+0	1,140232E+6	12,000000E+0
1166	885,000000E+0	16,140000E+0	30,686000E+0	1,140400E+6	12,000000E+0
1167	885,000000E+0	16,140000E+0	30,915000E+0	1,140566E+6	12,000000E+0
1168	885,000000E+0	16,140000E+0	31,144000E+0	1,140735E+6	12,000000E+0
1169	885,000000E+0	16,140000E+0	31,144000E+0	1,140901E+6	12,000000E+0
1170	885,000000E+0	16,140000E+0	30,915000E+0	1,141069E+6	12,000000E+0
1171	885,000000E+0	16,140000E+0	30,686000E+0	1,141235E+6	12,000000E+0
1172	885,000000E+0	16,140000E+0	30,686000E+0	1,141405E+6	12,000000E+0
1173	885,000000E+0	16,140000E+0	30,457000E+0	1,141572E+6	12,000000E+0
1174	885,000000E+0	16,140000E+0	29,999000E+0	1,141739E+6	12,000000E+0
1175	885,000000E+0	16,140000E+0	30,228000E+0	1,141907E+6	12,000000E+0
1176	885,000000E+0	16,140000E+0	29,999000E+0	1,142074E+6	12,000000E+0
1177	885,000000E+0	16,140000E+0	30,228000E+0	1,142242E+6	12,000000E+0
1178	885,000000E+0	16,140000E+0	30,457000E+0	1,142409E+6	12,000000E+0
1179	885,000000E+0	16,140000E+0	30,686000E+0	1,142576E+6	12,000000E+0
1180	885,000000E+0	16,140000E+0	30,686000E+0	1,142744E+6	12,000000E+0
1181	885,000000E+0	16,140000E+0	30,686000E+0	1,142909E+6	12,000000E+0
1182	885,000000E+0	16,140000E+0	30,686000E+0	1,143077E+6	12,000000E+0
1183	885,000000E+0	16,140000E+0	30,457000E+0	1,143242E+6	12,000000E+0
1184	885,000000E+0	16,140000E+0	30,228000E+0	1,143410E+6	12,000000E+0
1185	885,000000E+0	16,140000E+0	30,228000E+0	1,143576E+6	12,000000E+0
1186	885,000000E+0	16,140000E+0	29,999000E+0	1,143743E+6	12,000000E+0
1187	885,000000E+0	16,140000E+0	30,228000E+0	1,143914E+6	12,000000E+0
1188	885,000000E+0	16,140000E+0	30,228000E+0	1,144078E+6	12,000000E+0
1189	885,000000E+0	16,140000E+0	30,228000E+0	1,144247E+6	12,000000E+0
1190	885,000000E+0	16,140000E+0	30,686000E+0	1,144412E+6	12,000000E+0
1191	885,000000E+0	16,140000E+0	30,915000E+0	1,144582E+6	12,000000E+0
1192	885,000000E+0	16,140000E+0	31,144000E+0	1,144748E+6	12,000000E+0
1193	885,000000E+0	16,140000E+0	31,144000E+0	1,144918E+6	12,000000E+0
1194	885,000000E+0	16,140000E+0	31,144000E+0	1,145086E+6	12,000000E+0
1195	885,000000E+0	16,140000E+0	30,915000E+0	1,145252E+6	12,000000E+0
1196	885,000000E+0	16,140000E+0	30,686000E+0	1,145418E+6	12,000000E+0
1197	885,000000E+0	16,140000E+0	30,686000E+0	1,145589E+6	12,000000E+0
1198	885,000000E+0	16,140000E+0	30,228000E+0	1,145755E+6	12,000000E+0
1199	885,000000E+0	16,140000E+0	29,999000E+0	1,145921E+6	12,000000E+0
1200	885,000000E+0	16,140000E+0	30,228000E+0	1,146090E+6	12,000000E+0
1201	885,000000E+0	16,140000E+0	29,999000E+0	1,146254E+6	12,000000E+0
1202	885,000000E+0	16,140000E+0	30,228000E+0	1,146423E+6	12,000000E+0
1203	885,000000E+0	16,140000E+0	30,457000E+0	1,146590E+6	12,000000E+0
1204	885,000000E+0	16,140000E+0	30,686000E+0	1,146758E+6	12,000000E+0
1205	885,000000E+0	16,140000E+0	30,686000E+0	1,146925E+6	12,000000E+0
1206	885,000000E+0	16,140000E+0	30,686000E+0	1,147092E+6	12,000000E+0
1207	885,000000E+0	16,140000E+0	30,686000E+0	1,147258E+6	12,000000E+0
1208	885,000000E+0	16,140000E+0	30,457000E+0	1,147425E+6	12,000000E+0
1209	885,000000E+0	16,140000E+0	30,228000E+0	1,147592E+6	12,000000E+0
1210	885,000000E+0	16,140000E+0	30,228000E+0	1,147758E+6	12,000000E+0
1211	885,000000E+0	16,140000E+0	30,228000E+0	1,147925E+6	12,000000E+0
1212	885,000000E+0	16,140000E+0	30,228000E+0	1,148092E+6	12,000000E+0
1213	885,000000E+0	16,140000E+0	30,457000E+0	1,148260E+6	12,000000E+0
1214	885,000000E+0	16,140000E+0	30,457000E+0	1,148426E+6	12,000000E+0
1215	885,000000E+0	16,140000E+0	30,686000E+0	1,148593E+6	12,000000E+0
1216	885,000000E+0	16,140000E+0	30,915000E+0	1,148761E+6	12,000000E+0
1217	885,000000E+0	16,140000E+0	31,144000E+0	1,148928E+6	12,000000E+0
1218	885,000000E+0	16,140000E+0	31,144000E+0	1,149096E+6	12,000000E+0
1219	885,000000E+0	16,140000E+0	30,915000E+0	1,149265E+6	12,000000E+0
1220	885,000000E+0	16,140000E+0	30,915000E+0	1,149430E+6	12,000000E+0
1221	885,000000E+0	16,140000E+0	30,457000E+0	1,149600E+6	12,000000E+0
1222	885,000000E+0	16,140000E+0	30,228000E+0	1,149766E+6	12,000000E+0
1223	885,000000E+0	16,140000E+0	30,228000E+0	1,149934E+6	12,000000E+0
1224	885,000000E+0	16,140000E+0	29,999000E+0	1,150101E+6	12,000000E+0
1225	885,000000E+0	16,140000E+0	29,999000E+0	1,150267E+6	12,000000E+0
1226	885,000000E+0	16,140000E+0	30,457000E+0	1,150436E+6	12,000000E+0
1227	885,000000E+0	16,140000E+0	30,457000E+0	1,150603E+6	12,000000E+0
1228	885,000000E+0	16,140000E+0	30,686000E+0	1,150771E+6	12,000000E+0
1229	885,000000E+0	16,140000E+0	30,686000E+0	1,150938E+6	12,000000E+0
1230	885,000000E+0	16,140000E+0	30,686000E+0	1,151103E+6	12,000000E+0
1231	885,000000E+0	16,140000E+0	30,686000E+0	1,151271E+6	12,000000E+0
1232	885,000000E+0	16,140000E+0	30,686000E+0	1,151437E+6	12,000000E+0
1233	885,000000E+0	16,140000E+0	30,228000E+0	1,151607E+6	12,000000E+0
1234	885,000000E+0	16,140000E+0	30,228000E+0	1,151772E+6	12,000000E+0
1235	885,000000E+0	16,140000E+0	29,999000E+0	1,151939E+6	12,000000E+0
1236	885,000000E+0	16,140000E+0	30,228000E+0	1,152107E+6	12,000000E+0
1237	885,000000E+0	16,140000E+0	30,228000E+0	1,152274E+6	12,000000E+0
1238	885,000000E+0	16,140000E+0	30,457000E+0	1,152441E+6	12,000000E+0
1239	885,000000E+0	16,140000E+0	30,686000E+0	1,152609E+6	12,000000E+0
1240	885,000000E+0	16,140000E+0	30,686000E+0	1,152774E+6	12,000000E+0
1241	885,000000E+0	16,140000E+0	30,915000E+0	1,152942E+6	12,000000E+0
1242	885,000000E+0	16,140000E+0	31,144000E+0	1,153111E+6	12,000000E+0
1243	885,000000E+0	16,140000E+0	30,915000E+0	1,153278E+6	12,000000E+0
1244	885,000000E+0	16,140000E+0	30,915000E+0	1,153445E+6	12,000000E+0
1245	885,000000E+0	16,140000E+0	30,686000E+0	1,153613E+6	12,000000E+0
1246	885,000000E+0	16,140000E+0	30,457000E+0	1,153781E+6	12,000000E+0
1247	885,000000E+0	16,140000E+0	30,228000E+0	1,153946E+6	12,000000E+0
1248	885,000000E+0	16,140000E+0	29,999000E+0	1,154115E+6	12,000000E+0
1249	885,000000E+0	16,140000E+0	30,228000E+0	1,154283E+6	12,000000E+0
