mardi 23 janvier 2024	10:03:56	Sampling Period : 20  ms		
Unities: time [sample], PWM [raw], Current [mA], velocity [rev/min], Position [pulse], Present Input Voltage [V]

t	DXL_PWM		DXL_Current		DXL_Velocity		DXL_Position		DXL_Input_Voltage
0	-3,000000E+0	0,000000E+0	0,000000E+0	2,115000E+3	12,000000E+0
1	-2,000000E+0	0,000000E+0	0,000000E+0	2,116000E+3	12,000000E+0
2	3,000000E+0	0,000000E+0	0,000000E+0	2,115000E+3	12,000000E+0
3	7,000000E+0	0,000000E+0	0,000000E+0	2,115000E+3	12,000000E+0
4	11,000000E+0	0,000000E+0	0,000000E+0	2,116000E+3	12,000000E+0
5	10,000000E+0	0,000000E+0	229,000000E-3	2,118000E+3	12,000000E+0
6	10,000000E+0	0,000000E+0	229,000000E-3	2,119000E+3	12,000000E+0
7	10,000000E+0	0,000000E+0	0,000000E+0	2,121000E+3	12,000000E+0
8	10,000000E+0	0,000000E+0	0,000000E+0	2,122000E+3	12,000000E+0
9	11,000000E+0	0,000000E+0	0,000000E+0	2,123000E+3	12,000000E+0
10	11,000000E+0	0,000000E+0	0,000000E+0	2,124000E+3	12,000000E+0
11	10,000000E+0	0,000000E+0	229,000000E-3	2,125000E+3	12,000000E+0
12	10,000000E+0	0,000000E+0	229,000000E-3	2,127000E+3	12,000000E+0
13	11,000000E+0	0,000000E+0	0,000000E+0	2,128000E+3	12,000000E+0
14	10,000000E+0	0,000000E+0	229,000000E-3	2,129000E+3	12,000000E+0
15	10,000000E+0	0,000000E+0	0,000000E+0	2,130000E+3	12,000000E+0
16	10,000000E+0	0,000000E+0	0,000000E+0	2,131000E+3	12,000000E+0
17	11,000000E+0	0,000000E+0	0,000000E+0	2,133000E+3	12,000000E+0
18	10,000000E+0	0,000000E+0	229,000000E-3	2,134000E+3	12,000000E+0
19	10,000000E+0	0,000000E+0	229,000000E-3	2,135000E+3	12,000000E+0
20	12,000000E+0	0,000000E+0	0,000000E+0	2,136000E+3	12,000000E+0
21	11,000000E+0	0,000000E+0	229,000000E-3	2,137000E+3	12,000000E+0
22	11,000000E+0	0,000000E+0	229,000000E-3	2,139000E+3	12,000000E+0
23	11,000000E+0	0,000000E+0	229,000000E-3	2,140000E+3	12,000000E+0
24	10,000000E+0	0,000000E+0	229,000000E-3	2,142000E+3	12,000000E+0
25	10,000000E+0	0,000000E+0	229,000000E-3	2,143000E+3	12,000000E+0
26	11,000000E+0	0,000000E+0	0,000000E+0	2,144000E+3	12,000000E+0
27	10,000000E+0	0,000000E+0	229,000000E-3	2,145000E+3	12,000000E+0
28	10,000000E+0	0,000000E+0	229,000000E-3	2,147000E+3	12,000000E+0
29	10,000000E+0	0,000000E+0	229,000000E-3	2,148000E+3	12,000000E+0
30	10,000000E+0	0,000000E+0	229,000000E-3	2,150000E+3	12,000000E+0
31	11,000000E+0	0,000000E+0	229,000000E-3	2,152000E+3	12,000000E+0
32	9,000000E+0	0,000000E+0	229,000000E-3	2,153000E+3	12,000000E+0
33	10,000000E+0	0,000000E+0	0,000000E+0	2,154000E+3	12,000000E+0
34	10,000000E+0	0,000000E+0	0,000000E+0	2,156000E+3	12,000000E+0
35	10,000000E+0	0,000000E+0	0,000000E+0	2,157000E+3	12,000000E+0
36	11,000000E+0	0,000000E+0	0,000000E+0	2,158000E+3	12,000000E+0
37	11,000000E+0	0,000000E+0	229,000000E-3	2,159000E+3	12,000000E+0
38	11,000000E+0	0,000000E+0	229,000000E-3	2,160000E+3	12,000000E+0
39	10,000000E+0	0,000000E+0	229,000000E-3	2,161000E+3	12,000000E+0
40	10,000000E+0	0,000000E+0	229,000000E-3	2,162000E+3	12,000000E+0
41	10,000000E+0	0,000000E+0	229,000000E-3	2,163000E+3	12,000000E+0
42	12,000000E+0	0,000000E+0	0,000000E+0	2,164000E+3	12,000000E+0
43	11,000000E+0	0,000000E+0	229,000000E-3	2,166000E+3	12,000000E+0
44	10,000000E+0	0,000000E+0	229,000000E-3	2,167000E+3	12,000000E+0
45	10,000000E+0	0,000000E+0	229,000000E-3	2,169000E+3	12,000000E+0
46	10,000000E+0	0,000000E+0	0,000000E+0	2,170000E+3	12,000000E+0
47	12,000000E+0	0,000000E+0	0,000000E+0	2,171000E+3	12,000000E+0
48	10,000000E+0	0,000000E+0	229,000000E-3	2,173000E+3	12,000000E+0
49	10,000000E+0	0,000000E+0	229,000000E-3	2,175000E+3	12,000000E+0
50	10,000000E+0	0,000000E+0	229,000000E-3	2,176000E+3	12,000000E+0
51	10,000000E+0	0,000000E+0	229,000000E-3	2,177000E+3	12,000000E+0
52	11,000000E+0	0,000000E+0	0,000000E+0	2,178000E+3	12,000000E+0
53	11,000000E+0	0,000000E+0	229,000000E-3	2,180000E+3	12,000000E+0
54	11,000000E+0	0,000000E+0	229,000000E-3	2,181000E+3	12,000000E+0
55	11,000000E+0	0,000000E+0	229,000000E-3	2,183000E+3	12,000000E+0
56	11,000000E+0	0,000000E+0	229,000000E-3	2,184000E+3	12,000000E+0
57	11,000000E+0	0,000000E+0	229,000000E-3	2,186000E+3	12,000000E+0
58	10,000000E+0	0,000000E+0	0,000000E+0	2,188000E+3	12,000000E+0
59	10,000000E+0	0,000000E+0	0,000000E+0	2,189000E+3	12,000000E+0
60	10,000000E+0	0,000000E+0	0,000000E+0	2,190000E+3	12,000000E+0
61	10,000000E+0	0,000000E+0	0,000000E+0	2,191000E+3	12,000000E+0
62	11,000000E+0	0,000000E+0	0,000000E+0	2,192000E+3	12,000000E+0
63	11,000000E+0	0,000000E+0	0,000000E+0	2,193000E+3	12,000000E+0
64	10,000000E+0	0,000000E+0	229,000000E-3	2,195000E+3	12,000000E+0
65	11,000000E+0	0,000000E+0	0,000000E+0	2,196000E+3	12,000000E+0
66	10,000000E+0	0,000000E+0	0,000000E+0	2,198000E+3	12,000000E+0
67	11,000000E+0	0,000000E+0	0,000000E+0	2,199000E+3	12,000000E+0
68	10,000000E+0	0,000000E+0	229,000000E-3	2,200000E+3	12,000000E+0
69	10,000000E+0	0,000000E+0	229,000000E-3	2,201000E+3	12,000000E+0
70	10,000000E+0	0,000000E+0	0,000000E+0	2,203000E+3	12,000000E+0
71	10,000000E+0	0,000000E+0	0,000000E+0	2,204000E+3	12,000000E+0
72	10,000000E+0	0,000000E+0	0,000000E+0	2,205000E+3	12,000000E+0
73	11,000000E+0	0,000000E+0	0,000000E+0	2,206000E+3	12,000000E+0
74	10,000000E+0	0,000000E+0	0,000000E+0	2,207000E+3	12,000000E+0
75	10,000000E+0	0,000000E+0	229,000000E-3	2,209000E+3	12,000000E+0
76	10,000000E+0	0,000000E+0	229,000000E-3	2,210000E+3	12,000000E+0
77	10,000000E+0	0,000000E+0	0,000000E+0	2,212000E+3	12,000000E+0
78	11,000000E+0	0,000000E+0	0,000000E+0	2,212000E+3	12,000000E+0
79	10,000000E+0	0,000000E+0	229,000000E-3	2,214000E+3	12,000000E+0
80	10,000000E+0	0,000000E+0	229,000000E-3	2,215000E+3	12,000000E+0
81	10,000000E+0	0,000000E+0	229,000000E-3	2,216000E+3	12,000000E+0
82	10,000000E+0	0,000000E+0	229,000000E-3	2,218000E+3	12,000000E+0
83	10,000000E+0	0,000000E+0	229,000000E-3	2,219000E+3	12,000000E+0
84	12,000000E+0	0,000000E+0	0,000000E+0	2,220000E+3	12,000000E+0
85	9,000000E+0	0,000000E+0	229,000000E-3	2,221000E+3	12,000000E+0
86	10,000000E+0	0,000000E+0	229,000000E-3	2,223000E+3	12,000000E+0
87	10,000000E+0	0,000000E+0	229,000000E-3	2,224000E+3	12,000000E+0
88	10,000000E+0	0,000000E+0	229,000000E-3	2,226000E+3	12,000000E+0
89	11,000000E+0	0,000000E+0	0,000000E+0	2,226000E+3	12,000000E+0
90	10,000000E+0	0,000000E+0	229,000000E-3	2,228000E+3	12,000000E+0
91	10,000000E+0	0,000000E+0	229,000000E-3	2,229000E+3	12,000000E+0
92	10,000000E+0	0,000000E+0	229,000000E-3	2,230000E+3	12,000000E+0
93	10,000000E+0	0,000000E+0	229,000000E-3	2,232000E+3	12,000000E+0
94	10,000000E+0	0,000000E+0	229,000000E-3	2,233000E+3	12,000000E+0
95	11,000000E+0	0,000000E+0	0,000000E+0	2,234000E+3	12,000000E+0
96	9,000000E+0	0,000000E+0	229,000000E-3	2,235000E+3	12,000000E+0
97	10,000000E+0	0,000000E+0	229,000000E-3	2,237000E+3	12,000000E+0
98	10,000000E+0	0,000000E+0	229,000000E-3	2,238000E+3	12,000000E+0
99	10,000000E+0	0,000000E+0	229,000000E-3	2,240000E+3	12,000000E+0
100	10,000000E+0	0,000000E+0	229,000000E-3	2,241000E+3	12,000000E+0
101	11,000000E+0	0,000000E+0	0,000000E+0	2,242000E+3	12,000000E+0
102	10,000000E+0	0,000000E+0	229,000000E-3	2,243000E+3	12,000000E+0
103	10,000000E+0	0,000000E+0	229,000000E-3	2,245000E+3	12,000000E+0
104	10,000000E+0	0,000000E+0	229,000000E-3	2,246000E+3	12,000000E+0
105	10,000000E+0	0,000000E+0	229,000000E-3	2,247000E+3	12,000000E+0
106	10,000000E+0	0,000000E+0	0,000000E+0	2,248000E+3	12,000000E+0
107	10,000000E+0	0,000000E+0	229,000000E-3	2,250000E+3	12,000000E+0
108	10,000000E+0	0,000000E+0	229,000000E-3	2,251000E+3	12,000000E+0
109	10,000000E+0	0,000000E+0	229,000000E-3	2,252000E+3	12,000000E+0
110	10,000000E+0	0,000000E+0	0,000000E+0	2,253000E+3	12,000000E+0
111	10,000000E+0	0,000000E+0	0,000000E+0	2,255000E+3	12,000000E+0
112	11,000000E+0	0,000000E+0	0,000000E+0	2,255000E+3	12,000000E+0
113	11,000000E+0	0,000000E+0	229,000000E-3	2,257000E+3	12,000000E+0
114	10,000000E+0	0,000000E+0	229,000000E-3	2,258000E+3	12,000000E+0
115	10,000000E+0	0,000000E+0	0,000000E+0	2,260000E+3	12,000000E+0
116	10,000000E+0	0,000000E+0	0,000000E+0	2,261000E+3	12,000000E+0
117	10,000000E+0	0,000000E+0	229,000000E-3	2,262000E+3	12,000000E+0
118	11,000000E+0	0,000000E+0	0,000000E+0	2,263000E+3	12,000000E+0
119	11,000000E+0	0,000000E+0	229,000000E-3	2,265000E+3	12,000000E+0
120	11,000000E+0	0,000000E+0	229,000000E-3	2,266000E+3	12,000000E+0
121	11,000000E+0	0,000000E+0	0,000000E+0	2,268000E+3	12,000000E+0
122	10,000000E+0	0,000000E+0	229,000000E-3	2,269000E+3	12,000000E+0
123	11,000000E+0	0,000000E+0	0,000000E+0	2,270000E+3	12,000000E+0
124	11,000000E+0	0,000000E+0	0,000000E+0	2,271000E+3	12,000000E+0
125	11,000000E+0	0,000000E+0	229,000000E-3	2,272000E+3	12,000000E+0
126	11,000000E+0	0,000000E+0	229,000000E-3	2,273000E+3	12,000000E+0
127	11,000000E+0	0,000000E+0	229,000000E-3	2,275000E+3	12,000000E+0
128	12,000000E+0	0,000000E+0	0,000000E+0	2,275000E+3	12,000000E+0
129	11,000000E+0	0,000000E+0	229,000000E-3	2,277000E+3	12,000000E+0
130	11,000000E+0	0,000000E+0	229,000000E-3	2,278000E+3	12,000000E+0
131	10,000000E+0	0,000000E+0	229,000000E-3	2,280000E+3	12,000000E+0
132	10,000000E+0	0,000000E+0	229,000000E-3	2,282000E+3	12,000000E+0
133	10,000000E+0	0,000000E+0	0,000000E+0	2,282000E+3	12,000000E+0
134	10,000000E+0	0,000000E+0	229,000000E-3	2,284000E+3	12,000000E+0
135	10,000000E+0	0,000000E+0	229,000000E-3	2,285000E+3	12,000000E+0
136	10,000000E+0	0,000000E+0	229,000000E-3	2,286000E+3	12,000000E+0
137	10,000000E+0	0,000000E+0	0,000000E+0	2,287000E+3	12,000000E+0
138	10,000000E+0	0,000000E+0	0,000000E+0	2,289000E+3	12,000000E+0
139	11,000000E+0	0,000000E+0	0,000000E+0	2,290000E+3	12,000000E+0
140	11,000000E+0	0,000000E+0	229,000000E-3	2,291000E+3	12,000000E+0
141	10,000000E+0	0,000000E+0	229,000000E-3	2,292000E+3	12,000000E+0
142	10,000000E+0	0,000000E+0	0,000000E+0	2,294000E+3	12,000000E+0
143	10,000000E+0	0,000000E+0	0,000000E+0	2,295000E+3	12,000000E+0
144	10,000000E+0	0,000000E+0	229,000000E-3	2,296000E+3	12,000000E+0
145	11,000000E+0	0,000000E+0	0,000000E+0	2,298000E+3	12,000000E+0
146	11,000000E+0	0,000000E+0	229,000000E-3	2,299000E+3	12,000000E+0
147	11,000000E+0	0,000000E+0	229,000000E-3	2,301000E+3	12,000000E+0
148	10,000000E+0	0,000000E+0	229,000000E-3	2,302000E+3	12,000000E+0
149	10,000000E+0	0,000000E+0	229,000000E-3	2,303000E+3	12,000000E+0
150	11,000000E+0	0,000000E+0	0,000000E+0	2,304000E+3	12,000000E+0
151	10,000000E+0	0,000000E+0	229,000000E-3	2,305000E+3	12,000000E+0
152	10,000000E+0	0,000000E+0	229,000000E-3	2,307000E+3	12,000000E+0
153	10,000000E+0	0,000000E+0	229,000000E-3	2,308000E+3	12,000000E+0
154	10,000000E+0	0,000000E+0	229,000000E-3	2,309000E+3	12,000000E+0
155	10,000000E+0	0,000000E+0	0,000000E+0	2,310000E+3	12,000000E+0
156	11,000000E+0	0,000000E+0	0,000000E+0	2,312000E+3	12,000000E+0
157	9,000000E+0	0,000000E+0	229,000000E-3	2,313000E+3	12,000000E+0
158	10,000000E+0	0,000000E+0	0,000000E+0	2,314000E+3	12,000000E+0
159	10,000000E+0	0,000000E+0	229,000000E-3	2,316000E+3	12,000000E+0
160	10,000000E+0	0,000000E+0	229,000000E-3	2,317000E+3	12,000000E+0
161	10,000000E+0	0,000000E+0	0,000000E+0	2,318000E+3	12,000000E+0
162	10,000000E+0	0,000000E+0	0,000000E+0	2,319000E+3	12,000000E+0
163	10,000000E+0	0,000000E+0	0,000000E+0	2,320000E+3	12,000000E+0
164	10,000000E+0	0,000000E+0	0,000000E+0	2,322000E+3	12,000000E+0
165	9,000000E+0	0,000000E+0	229,000000E-3	2,323000E+3	12,000000E+0
166	11,000000E+0	0,000000E+0	0,000000E+0	2,324000E+3	12,000000E+0
167	10,000000E+0	0,000000E+0	229,000000E-3	2,325000E+3	12,000000E+0
168	11,000000E+0	0,000000E+0	0,000000E+0	2,327000E+3	12,000000E+0
169	10,000000E+0	0,000000E+0	229,000000E-3	2,328000E+3	12,000000E+0
170	10,000000E+0	0,000000E+0	0,000000E+0	2,329000E+3	12,000000E+0
171	10,000000E+0	0,000000E+0	229,000000E-3	2,331000E+3	12,000000E+0
172	10,000000E+0	0,000000E+0	229,000000E-3	2,332000E+3	12,000000E+0
173	11,000000E+0	0,000000E+0	0,000000E+0	2,333000E+3	12,000000E+0
174	11,000000E+0	0,000000E+0	229,000000E-3	2,334000E+3	12,000000E+0
175	11,000000E+0	0,000000E+0	229,000000E-3	2,336000E+3	12,000000E+0
176	9,000000E+0	0,000000E+0	229,000000E-3	2,338000E+3	12,000000E+0
177	11,000000E+0	0,000000E+0	0,000000E+0	2,338000E+3	12,000000E+0
178	11,000000E+0	0,000000E+0	229,000000E-3	2,340000E+3	12,000000E+0
179	11,000000E+0	0,000000E+0	229,000000E-3	2,341000E+3	12,000000E+0
180	10,000000E+0	0,000000E+0	0,000000E+0	2,343000E+3	12,000000E+0
181	10,000000E+0	0,000000E+0	229,000000E-3	2,344000E+3	12,000000E+0
182	10,000000E+0	0,000000E+0	229,000000E-3	2,345000E+3	12,000000E+0
183	11,000000E+0	0,000000E+0	0,000000E+0	2,346000E+3	12,000000E+0
184	11,000000E+0	0,000000E+0	229,000000E-3	2,347000E+3	12,000000E+0
185	10,000000E+0	0,000000E+0	229,000000E-3	2,349000E+3	12,000000E+0
186	10,000000E+0	0,000000E+0	229,000000E-3	2,350000E+3	12,000000E+0
187	10,000000E+0	0,000000E+0	229,000000E-3	2,352000E+3	12,000000E+0
188	11,000000E+0	0,000000E+0	0,000000E+0	2,353000E+3	12,000000E+0
189	11,000000E+0	0,000000E+0	0,000000E+0	2,354000E+3	12,000000E+0
190	10,000000E+0	0,000000E+0	229,000000E-3	2,356000E+3	12,000000E+0
191	10,000000E+0	0,000000E+0	0,000000E+0	2,357000E+3	12,000000E+0
192	10,000000E+0	0,000000E+0	0,000000E+0	2,358000E+3	12,000000E+0
193	11,000000E+0	0,000000E+0	0,000000E+0	2,359000E+3	12,000000E+0
194	11,000000E+0	0,000000E+0	0,000000E+0	2,360000E+3	12,000000E+0
195	11,000000E+0	0,000000E+0	0,000000E+0	2,361000E+3	12,000000E+0
196	10,000000E+0	0,000000E+0	229,000000E-3	2,362000E+3	12,000000E+0
197	11,000000E+0	0,000000E+0	229,000000E-3	2,364000E+3	12,000000E+0
198	10,000000E+0	0,000000E+0	229,000000E-3	2,365000E+3	12,000000E+0
199	10,000000E+0	0,000000E+0	0,000000E+0	2,367000E+3	12,000000E+0
200	10,000000E+0	0,000000E+0	0,000000E+0	2,368000E+3	12,000000E+0
201	10,000000E+0	0,000000E+0	0,000000E+0	2,369000E+3	12,000000E+0
202	10,000000E+0	0,000000E+0	0,000000E+0	2,370000E+3	12,000000E+0
203	10,000000E+0	0,000000E+0	0,000000E+0	2,371000E+3	12,000000E+0
204	10,000000E+0	0,000000E+0	229,000000E-3	2,373000E+3	12,000000E+0
205	11,000000E+0	0,000000E+0	0,000000E+0	2,374000E+3	12,000000E+0
206	11,000000E+0	0,000000E+0	0,000000E+0	2,375000E+3	12,000000E+0
207	10,000000E+0	0,000000E+0	229,000000E-3	2,377000E+3	12,000000E+0
208	10,000000E+0	0,000000E+0	229,000000E-3	2,378000E+3	12,000000E+0
209	10,000000E+0	0,000000E+0	229,000000E-3	2,379000E+3	12,000000E+0
210	11,000000E+0	0,000000E+0	0,000000E+0	2,381000E+3	12,000000E+0
211	11,000000E+0	0,000000E+0	0,000000E+0	2,382000E+3	12,000000E+0
212	10,000000E+0	0,000000E+0	229,000000E-3	2,383000E+3	12,000000E+0
213	10,000000E+0	0,000000E+0	0,000000E+0	2,384000E+3	12,000000E+0
214	10,000000E+0	0,000000E+0	0,000000E+0	2,385000E+3	12,000000E+0
215	10,000000E+0	0,000000E+0	0,000000E+0	2,386000E+3	12,000000E+0
216	11,000000E+0	0,000000E+0	0,000000E+0	2,387000E+3	12,000000E+0
217	10,000000E+0	0,000000E+0	229,000000E-3	2,388000E+3	12,000000E+0
218	9,000000E+0	0,000000E+0	229,000000E-3	2,390000E+3	12,000000E+0
219	10,000000E+0	0,000000E+0	0,000000E+0	2,391000E+3	12,000000E+0
220	10,000000E+0	0,000000E+0	229,000000E-3	2,392000E+3	12,000000E+0
221	10,000000E+0	0,000000E+0	229,000000E-3	2,393000E+3	12,000000E+0
222	11,000000E+0	0,000000E+0	229,000000E-3	2,395000E+3	12,000000E+0
223	11,000000E+0	0,000000E+0	229,000000E-3	2,396000E+3	12,000000E+0
224	10,000000E+0	0,000000E+0	229,000000E-3	2,397000E+3	12,000000E+0
225	10,000000E+0	0,000000E+0	229,000000E-3	2,399000E+3	12,000000E+0
226	10,000000E+0	0,000000E+0	0,000000E+0	2,400000E+3	12,000000E+0
227	11,000000E+0	0,000000E+0	0,000000E+0	2,401000E+3	12,000000E+0
228	11,000000E+0	0,000000E+0	0,000000E+0	2,403000E+3	12,000000E+0
229	10,000000E+0	0,000000E+0	0,000000E+0	2,403000E+3	12,000000E+0
230	10,000000E+0	0,000000E+0	0,000000E+0	2,405000E+3	12,000000E+0
231	10,000000E+0	0,000000E+0	0,000000E+0	2,406000E+3	12,000000E+0
232	10,000000E+0	0,000000E+0	229,000000E-3	2,407000E+3	12,000000E+0
233	9,000000E+0	0,000000E+0	229,000000E-3	2,409000E+3	12,000000E+0
234	10,000000E+0	0,000000E+0	229,000000E-3	2,410000E+3	12,000000E+0
235	10,000000E+0	0,000000E+0	0,000000E+0	2,411000E+3	12,000000E+0
236	10,000000E+0	0,000000E+0	229,000000E-3	2,412000E+3	12,000000E+0
237	10,000000E+0	0,000000E+0	229,000000E-3	2,414000E+3	12,000000E+0
238	11,000000E+0	0,000000E+0	0,000000E+0	2,414000E+3	12,000000E+0
239	11,000000E+0	0,000000E+0	229,000000E-3	2,416000E+3	12,000000E+0
240	11,000000E+0	0,000000E+0	229,000000E-3	2,418000E+3	12,000000E+0
241	9,000000E+0	0,000000E+0	229,000000E-3	2,420000E+3	12,000000E+0
242	10,000000E+0	0,000000E+0	0,000000E+0	2,421000E+3	12,000000E+0
243	10,000000E+0	0,000000E+0	0,000000E+0	2,422000E+3	12,000000E+0
244	10,000000E+0	0,000000E+0	0,000000E+0	2,423000E+3	12,000000E+0
245	10,000000E+0	0,000000E+0	229,000000E-3	2,424000E+3	12,000000E+0
246	10,000000E+0	0,000000E+0	229,000000E-3	2,425000E+3	12,000000E+0
247	10,000000E+0	0,000000E+0	229,000000E-3	2,427000E+3	12,000000E+0
248	11,000000E+0	0,000000E+0	0,000000E+0	2,428000E+3	12,000000E+0
249	11,000000E+0	0,000000E+0	0,000000E+0	2,429000E+3	12,000000E+0
250	10,000000E+0	0,000000E+0	229,000000E-3	2,430000E+3	12,000000E+0
251	10,000000E+0	0,000000E+0	0,000000E+0	2,432000E+3	12,000000E+0
252	10,000000E+0	0,000000E+0	0,000000E+0	2,433000E+3	12,000000E+0
253	10,000000E+0	0,000000E+0	0,000000E+0	2,434000E+3	12,000000E+0
254	10,000000E+0	0,000000E+0	0,000000E+0	2,435000E+3	12,000000E+0
255	11,000000E+0	0,000000E+0	0,000000E+0	2,436000E+3	12,000000E+0
256	11,000000E+0	0,000000E+0	229,000000E-3	2,438000E+3	12,000000E+0
257	12,000000E+0	0,000000E+0	0,000000E+0	2,439000E+3	12,000000E+0
258	11,000000E+0	0,000000E+0	229,000000E-3	2,441000E+3	12,000000E+0
259	9,000000E+0	0,000000E+0	229,000000E-3	2,442000E+3	12,000000E+0
260	12,000000E+0	0,000000E+0	0,000000E+0	2,443000E+3	12,000000E+0
261	11,000000E+0	0,000000E+0	229,000000E-3	2,444000E+3	12,000000E+0
262	11,000000E+0	0,000000E+0	229,000000E-3	2,445000E+3	12,000000E+0
263	11,000000E+0	0,000000E+0	229,000000E-3	2,447000E+3	12,000000E+0
264	11,000000E+0	0,000000E+0	229,000000E-3	2,448000E+3	12,000000E+0
265	10,000000E+0	0,000000E+0	0,000000E+0	2,449000E+3	12,000000E+0
266	12,000000E+0	0,000000E+0	0,000000E+0	2,451000E+3	12,000000E+0
267	10,000000E+0	0,000000E+0	229,000000E-3	2,452000E+3	12,000000E+0
268	10,000000E+0	0,000000E+0	0,000000E+0	2,454000E+3	12,000000E+0
269	10,000000E+0	0,000000E+0	0,000000E+0	2,455000E+3	12,000000E+0
270	10,000000E+0	0,000000E+0	0,000000E+0	2,456000E+3	12,000000E+0
271	11,000000E+0	0,000000E+0	0,000000E+0	2,457000E+3	12,000000E+0
272	10,000000E+0	0,000000E+0	229,000000E-3	2,458000E+3	12,000000E+0
273	10,000000E+0	0,000000E+0	229,000000E-3	2,459000E+3	12,000000E+0
274	11,000000E+0	0,000000E+0	0,000000E+0	2,461000E+3	12,000000E+0
275	11,000000E+0	0,000000E+0	0,000000E+0	2,462000E+3	12,000000E+0
276	10,000000E+0	0,000000E+0	229,000000E-3	2,463000E+3	12,000000E+0
277	12,000000E+0	0,000000E+0	0,000000E+0	2,465000E+3	12,000000E+0
278	10,000000E+0	0,000000E+0	229,000000E-3	2,466000E+3	12,000000E+0
279	11,000000E+0	0,000000E+0	229,000000E-3	2,467000E+3	12,000000E+0
280	10,000000E+0	0,000000E+0	229,000000E-3	2,469000E+3	12,000000E+0
281	10,000000E+0	0,000000E+0	0,000000E+0	2,470000E+3	12,000000E+0
282	10,000000E+0	0,000000E+0	0,000000E+0	2,471000E+3	12,000000E+0
283	11,000000E+0	0,000000E+0	0,000000E+0	2,472000E+3	12,000000E+0
284	11,000000E+0	0,000000E+0	229,000000E-3	2,474000E+3	12,000000E+0
285	10,000000E+0	0,000000E+0	0,000000E+0	2,474000E+3	12,000000E+0
286	10,000000E+0	0,000000E+0	229,000000E-3	2,476000E+3	12,000000E+0
287	11,000000E+0	0,000000E+0	0,000000E+0	2,477000E+3	12,000000E+0
288	11,000000E+0	0,000000E+0	0,000000E+0	2,479000E+3	12,000000E+0
289	10,000000E+0	0,000000E+0	0,000000E+0	2,479000E+3	12,000000E+0
290	10,000000E+0	0,000000E+0	0,000000E+0	2,481000E+3	12,000000E+0
291	10,000000E+0	0,000000E+0	0,000000E+0	2,482000E+3	12,000000E+0
292	10,000000E+0	0,000000E+0	229,000000E-3	2,484000E+3	12,000000E+0
293	10,000000E+0	0,000000E+0	0,000000E+0	2,484000E+3	12,000000E+0
294	10,000000E+0	0,000000E+0	229,000000E-3	2,485000E+3	12,000000E+0
295	11,000000E+0	0,000000E+0	229,000000E-3	2,487000E+3	12,000000E+0
296	11,000000E+0	0,000000E+0	229,000000E-3	2,488000E+3	12,000000E+0
297	9,000000E+0	0,000000E+0	229,000000E-3	2,490000E+3	12,000000E+0
298	11,000000E+0	0,000000E+0	0,000000E+0	2,491000E+3	12,000000E+0
299	11,000000E+0	0,000000E+0	0,000000E+0	2,492000E+3	12,000000E+0
300	11,000000E+0	0,000000E+0	229,000000E-3	2,494000E+3	12,000000E+0
301	10,000000E+0	0,000000E+0	229,000000E-3	2,495000E+3	12,000000E+0
302	11,000000E+0	0,000000E+0	229,000000E-3	2,497000E+3	12,000000E+0
303	2,560000E+3	0,000000E+0	0,000000E+0	639,232000E+3	3,072000E+3
304	85,000000E+0	29,590000E+0	0,000000E+0	163,708928E+6	0,000000E+0
305	2,816000E+3	0,000000E+0	58,624000E+0	640,000000E+3	3,072000E+3
306	85,000000E+0	24,210000E+0	15,007744E+3	163,971072E+6	0,000000E+0
307	10,000000E+0	0,000000E+0	0,000000E+0	2,503000E+3	12,000000E+0
308	10,000000E+0	0,000000E+0	0,000000E+0	2,504000E+3	12,000000E+0
309	10,000000E+0	0,000000E+0	229,000000E-3	2,505000E+3	12,000000E+0
310	9,000000E+0	0,000000E+0	229,000000E-3	2,507000E+3	12,000000E+0
311	10,000000E+0	0,000000E+0	229,000000E-3	2,508000E+3	12,000000E+0
312	85,000000E+0	26,900000E+0	0,000000E+0	164,429824E+6	0,000000E+0
313	21,760000E+3	6,886400E+3	3,841982E+6	-838,860800E+6	900,000000E-3
314	85,000000E+0	26,900000E+0	0,000000E+0	164,560896E+6	0,000000E+0
315	21,760000E+3	6,886400E+3	3,841982E+6	-788,529152E+6	900,000000E-3
316	85,000000E+0	32,280000E+0	0,000000E+0	164,691968E+6	0,000000E+0
317	21,760000E+3	7,575040E+3	3,841982E+6	-754,974720E+6	900,000000E-3
318	85,000000E+0	29,590000E+0	15,007744E+3	164,954112E+6	0,000000E+0
319	85,000000E+0	26,900000E+0	15,007744E+3	165,019648E+6	0,000000E+0
320	85,000000E+0	26,900000E+0	0,000000E+0	165,085184E+6	0,000000E+0
321	85,000000E+0	26,900000E+0	0,000000E+0	165,150720E+6	0,000000E+0
322	85,000000E+0	32,280000E+0	0,000000E+0	165,281792E+6	0,000000E+0
323	85,000000E+0	29,590000E+0	15,007744E+3	165,347328E+6	0,000000E+0
324	11,000000E+0	0,000000E+0	229,000000E-3	2,524000E+3	12,000000E+0
325	10,000000E+0	0,000000E+0	229,000000E-3	2,526000E+3	12,000000E+0
326	21,760000E+3	7,575040E+3	0,000000E+0	-553,648128E+6	900,000000E-3
327	10,000000E+0	0,000000E+0	229,000000E-3	2,528000E+3	12,000000E+0
328	11,000000E+0	0,000000E+0	0,000000E+0	2,529000E+3	12,000000E+0
329	21,760000E+3	7,575040E+3	0,000000E+0	-520,093696E+6	900,000000E-3
330	11,000000E+0	0,000000E+0	229,000000E-3	2,531000E+3	12,000000E+0
331	21,760000E+3	7,575040E+3	3,841982E+6	-469,762048E+6	900,000000E-3
332	10,000000E+0	0,000000E+0	0,000000E+0	2,533000E+3	12,000000E+0
333	12,000000E+0	0,000000E+0	0,000000E+0	2,534000E+3	12,000000E+0
334	21,760000E+3	6,886400E+3	3,841982E+6	-402,653184E+6	900,000000E-3
335	21,760000E+3	6,886400E+3	0,000000E+0	-385,875968E+6	900,000000E-3
336	21,760000E+3	6,886400E+3	3,841982E+6	-352,321536E+6	900,000000E-3
337	85,000000E+0	29,590000E+0	0,000000E+0	166,461440E+6	0,000000E+0
338	85,000000E+0	29,590000E+0	0,000000E+0	166,526976E+6	0,000000E+0
339	85,000000E+0	26,900000E+0	15,007744E+3	166,592512E+6	0,000000E+0
340	85,000000E+0	29,590000E+0	15,007744E+3	166,723584E+6	0,000000E+0
341	85,000000E+0	29,590000E+0	0,000000E+0	166,789120E+6	0,000000E+0
342	21,760000E+3	6,197760E+3	3,841982E+6	-234,881024E+6	900,000000E-3
343	21,760000E+3	8,263680E+3	0,000000E+0	-218,103808E+6	900,000000E-3
344	21,760000E+3	7,575040E+3	3,841982E+6	-184,549376E+6	900,000000E-3
345	85,000000E+0	29,590000E+0	15,007744E+3	167,116800E+6	0,000000E+0
346	85,000000E+0	26,900000E+0	15,007744E+3	167,182336E+6	0,000000E+0
347	21,760000E+3	6,886400E+3	0,000000E+0	-134,217728E+6	900,000000E-3
348	21,760000E+3	6,886400E+3	0,000000E+0	-117,440512E+6	900,000000E-3
349	11,000000E+0	0,000000E+0	0,000000E+0	2,555000E+3	12,000000E+0
350	10,000000E+0	0,000000E+0	229,000000E-3	2,556000E+3	12,000000E+0
351	30,000000E+0	228,650000E+0	2,290000E+0	0,000000E+0	255,700000E+0
352	11,000000E+0	0,000000E+0	0,000000E+0	2,559000E+3	12,000000E+0
353	10,000000E+0	0,000000E+0	229,000000E-3	2,560000E+3	12,000000E+0
354	30,000000E+0	228,650000E+0	2,519000E+0	0,000000E+0	256,100000E+0
355	11,000000E+0	0,000000E+0	0,000000E+0	2,563000E+3	12,000000E+0
356	30,000000E+0	228,650000E+0	2,290000E+0	1,000000E+0	256,400000E+0
357	21,760000E+3	6,886400E+3	3,841982E+6	83,886080E+6	1,000000E+0
358	10,000000E+0	0,000000E+0	0,000000E+0	2,566000E+3	12,000000E+0
359	30,000000E+0	228,650000E+0	2,290000E+0	0,000000E+0	256,700000E+0
360	30,000000E+0	228,650000E+0	2,519000E+0	1,000000E+0	256,900000E+0
361	11,000000E+0	0,000000E+0	229,000000E-3	2,570000E+3	12,000000E+0
362	11,000000E+0	0,000000E+0	229,000000E-3	2,571000E+3	12,000000E+0
363	10,000000E+0	0,000000E+0	0,000000E+0	2,573000E+3	12,000000E+0
364	30,000000E+0	228,650000E+0	2,061000E+0	1,000000E+0	257,400000E+0
365	21,760000E+3	8,263680E+3	0,000000E+0	251,658240E+6	1,000000E+0
366	21,760000E+3	7,575040E+3	3,841982E+6	268,435456E+6	1,000000E+0
367	21,760000E+3	6,886400E+3	3,841982E+6	301,989888E+6	1,000000E+0
368	21,760000E+3	7,575040E+3	0,000000E+0	318,767104E+6	1,000000E+0
369	30,000000E+0	228,650000E+0	2,519000E+0	0,000000E+0	258,100000E+0
370	11,000000E+0	0,000000E+0	229,000000E-3	2,582000E+3	12,000000E+0
371	11,000000E+0	0,000000E+0	0,000000E+0	2,582000E+3	12,000000E+0
372	30,000000E+0	228,650000E+0	2,519000E+0	1,000000E+0	258,400000E+0
373	30,000000E+0	228,650000E+0	2,061000E+0	1,000000E+0	258,600000E+0
374	30,000000E+0	228,650000E+0	2,290000E+0	1,000000E+0	258,700000E+0
375	21,760000E+3	6,886400E+3	0,000000E+0	469,762048E+6	1,000000E+0
376	11,000000E+0	0,000000E+0	0,000000E+0	2,589000E+3	12,000000E+0
377	11,000000E+0	0,000000E+0	229,000000E-3	2,591000E+3	12,000000E+0
378	10,000000E+0	0,000000E+0	229,000000E-3	2,594000E+3	12,000000E+0
379	10,000000E+0	0,000000E+0	229,000000E-3	2,595000E+3	12,000000E+0
380	11,000000E+0	0,000000E+0	0,000000E+0	2,596000E+3	12,000000E+0
381	10,000000E+0	0,000000E+0	0,000000E+0	2,597000E+3	12,000000E+0
382	11,000000E+0	0,000000E+0	0,000000E+0	2,599000E+3	12,000000E+0
383	10,000000E+0	0,000000E+0	229,000000E-3	2,600000E+3	12,000000E+0
384	11,000000E+0	0,000000E+0	0,000000E+0	2,601000E+3	12,000000E+0
385	9,000000E+0	0,000000E+0	229,000000E-3	2,603000E+3	12,000000E+0
386	10,000000E+0	0,000000E+0	0,000000E+0	2,604000E+3	12,000000E+0
387	12,000000E+0	0,000000E+0	0,000000E+0	2,605000E+3	12,000000E+0
388	11,000000E+0	0,000000E+0	229,000000E-3	2,606000E+3	12,000000E+0
389	10,000000E+0	0,000000E+0	229,000000E-3	2,608000E+3	12,000000E+0
390	10,000000E+0	0,000000E+0	0,000000E+0	2,609000E+3	12,000000E+0
391	10,000000E+0	0,000000E+0	0,000000E+0	2,611000E+3	12,000000E+0
392	11,000000E+0	0,000000E+0	0,000000E+0	2,611000E+3	12,000000E+0
393	11,000000E+0	0,000000E+0	0,000000E+0	2,613000E+3	12,000000E+0
394	11,000000E+0	0,000000E+0	229,000000E-3	2,614000E+3	12,000000E+0
395	11,000000E+0	0,000000E+0	229,000000E-3	2,616000E+3	12,000000E+0
396	11,000000E+0	0,000000E+0	229,000000E-3	2,617000E+3	12,000000E+0
397	11,000000E+0	0,000000E+0	229,000000E-3	2,618000E+3	12,000000E+0
398	11,000000E+0	0,000000E+0	229,000000E-3	2,620000E+3	12,000000E+0
399	10,000000E+0	0,000000E+0	229,000000E-3	2,621000E+3	12,000000E+0
400	10,000000E+0	0,000000E+0	0,000000E+0	2,622000E+3	12,000000E+0
401	10,000000E+0	0,000000E+0	0,000000E+0	2,623000E+3	12,000000E+0
402	10,000000E+0	0,000000E+0	0,000000E+0	2,624000E+3	12,000000E+0
403	11,000000E+0	0,000000E+0	0,000000E+0	2,626000E+3	12,000000E+0
404	10,000000E+0	0,000000E+0	229,000000E-3	2,627000E+3	12,000000E+0
405	10,000000E+0	0,000000E+0	0,000000E+0	2,628000E+3	12,000000E+0
406	10,000000E+0	0,000000E+0	0,000000E+0	2,630000E+3	12,000000E+0
407	10,000000E+0	0,000000E+0	0,000000E+0	2,631000E+3	12,000000E+0
408	11,000000E+0	0,000000E+0	0,000000E+0	2,632000E+3	12,000000E+0
409	12,000000E+0	0,000000E+0	0,000000E+0	2,633000E+3	12,000000E+0
410	12,000000E+0	0,000000E+0	229,000000E-3	2,635000E+3	12,000000E+0
411	10,000000E+0	0,000000E+0	229,000000E-3	2,636000E+3	12,000000E+0
412	10,000000E+0	0,000000E+0	229,000000E-3	2,637000E+3	12,000000E+0
413	11,000000E+0	0,000000E+0	0,000000E+0	2,638000E+3	12,000000E+0
414	11,000000E+0	0,000000E+0	0,000000E+0	2,639000E+3	12,000000E+0
415	10,000000E+0	0,000000E+0	229,000000E-3	2,641000E+3	12,000000E+0
416	10,000000E+0	0,000000E+0	229,000000E-3	2,642000E+3	12,000000E+0
417	10,000000E+0	0,000000E+0	229,000000E-3	2,643000E+3	12,000000E+0
418	10,000000E+0	0,000000E+0	229,000000E-3	2,645000E+3	12,000000E+0
419	11,000000E+0	0,000000E+0	229,000000E-3	2,646000E+3	12,000000E+0
420	11,000000E+0	0,000000E+0	0,000000E+0	2,647000E+3	12,000000E+0
421	10,000000E+0	0,000000E+0	0,000000E+0	2,648000E+3	12,000000E+0
422	10,000000E+0	0,000000E+0	0,000000E+0	2,650000E+3	12,000000E+0
423	10,000000E+0	0,000000E+0	0,000000E+0	2,651000E+3	12,000000E+0
424	10,000000E+0	0,000000E+0	0,000000E+0	2,652000E+3	12,000000E+0
425	10,000000E+0	0,000000E+0	0,000000E+0	2,653000E+3	12,000000E+0
426	12,000000E+0	0,000000E+0	0,000000E+0	2,654000E+3	12,000000E+0
427	11,000000E+0	0,000000E+0	229,000000E-3	2,655000E+3	12,000000E+0
428	11,000000E+0	0,000000E+0	229,000000E-3	2,658000E+3	12,000000E+0
429	10,000000E+0	0,000000E+0	0,000000E+0	2,659000E+3	12,000000E+0
430	10,000000E+0	0,000000E+0	0,000000E+0	2,661000E+3	12,000000E+0
431	11,000000E+0	0,000000E+0	0,000000E+0	2,662000E+3	12,000000E+0
432	11,000000E+0	0,000000E+0	0,000000E+0	2,663000E+3	12,000000E+0
433	11,000000E+0	0,000000E+0	229,000000E-3	2,664000E+3	12,000000E+0
434	10,000000E+0	0,000000E+0	229,000000E-3	2,666000E+3	12,000000E+0
435	10,000000E+0	0,000000E+0	229,000000E-3	2,667000E+3	12,000000E+0
436	10,000000E+0	0,000000E+0	0,000000E+0	2,668000E+3	12,000000E+0
437	12,000000E+0	0,000000E+0	0,000000E+0	2,669000E+3	12,000000E+0
438	11,000000E+0	0,000000E+0	229,000000E-3	2,671000E+3	12,000000E+0
439	10,000000E+0	0,000000E+0	229,000000E-3	2,672000E+3	12,000000E+0
440	10,000000E+0	0,000000E+0	0,000000E+0	2,673000E+3	12,000000E+0
441	10,000000E+0	0,000000E+0	229,000000E-3	2,675000E+3	12,000000E+0
442	12,000000E+0	0,000000E+0	0,000000E+0	2,676000E+3	12,000000E+0
443	11,000000E+0	0,000000E+0	229,000000E-3	2,677000E+3	12,000000E+0
444	10,000000E+0	0,000000E+0	229,000000E-3	2,678000E+3	12,000000E+0
445	11,000000E+0	0,000000E+0	229,000000E-3	2,680000E+3	12,000000E+0
446	10,000000E+0	0,000000E+0	229,000000E-3	2,681000E+3	12,000000E+0
447	10,000000E+0	0,000000E+0	229,000000E-3	2,682000E+3	12,000000E+0
448	11,000000E+0	0,000000E+0	0,000000E+0	2,683000E+3	12,000000E+0
449	9,000000E+0	0,000000E+0	229,000000E-3	2,685000E+3	12,000000E+0
450	10,000000E+0	0,000000E+0	0,000000E+0	2,686000E+3	12,000000E+0
451	10,000000E+0	0,000000E+0	0,000000E+0	2,687000E+3	12,000000E+0
452	10,000000E+0	0,000000E+0	0,000000E+0	2,688000E+3	12,000000E+0
453	10,000000E+0	0,000000E+0	0,000000E+0	2,690000E+3	12,000000E+0
454	11,000000E+0	0,000000E+0	0,000000E+0	2,691000E+3	12,000000E+0
455	11,000000E+0	0,000000E+0	0,000000E+0	2,692000E+3	12,000000E+0
456	11,000000E+0	0,000000E+0	0,000000E+0	2,693000E+3	12,000000E+0
457	10,000000E+0	0,000000E+0	0,000000E+0	2,695000E+3	12,000000E+0
458	10,000000E+0	0,000000E+0	229,000000E-3	2,696000E+3	12,000000E+0
459	10,000000E+0	0,000000E+0	0,000000E+0	2,697000E+3	12,000000E+0
460	11,000000E+0	0,000000E+0	0,000000E+0	2,698000E+3	12,000000E+0
461	10,000000E+0	0,000000E+0	229,000000E-3	2,699000E+3	12,000000E+0
462	10,000000E+0	0,000000E+0	229,000000E-3	2,701000E+3	12,000000E+0
463	10,000000E+0	0,000000E+0	0,000000E+0	2,702000E+3	12,000000E+0
464	10,000000E+0	0,000000E+0	0,000000E+0	2,703000E+3	12,000000E+0
465	11,000000E+0	0,000000E+0	0,000000E+0	2,704000E+3	12,000000E+0
466	11,000000E+0	0,000000E+0	0,000000E+0	2,705000E+3	12,000000E+0
467	10,000000E+0	0,000000E+0	229,000000E-3	2,707000E+3	12,000000E+0
468	11,000000E+0	0,000000E+0	0,000000E+0	2,708000E+3	12,000000E+0
469	9,000000E+0	0,000000E+0	229,000000E-3	2,709000E+3	12,000000E+0
470	10,000000E+0	0,000000E+0	0,000000E+0	2,711000E+3	12,000000E+0
471	11,000000E+0	0,000000E+0	0,000000E+0	2,711000E+3	12,000000E+0
472	11,000000E+0	0,000000E+0	229,000000E-3	2,713000E+3	12,000000E+0
473	11,000000E+0	0,000000E+0	229,000000E-3	2,714000E+3	12,000000E+0
474	11,000000E+0	0,000000E+0	0,000000E+0	2,715000E+3	12,000000E+0
475	11,000000E+0	0,000000E+0	229,000000E-3	2,717000E+3	12,000000E+0
476	11,000000E+0	0,000000E+0	229,000000E-3	2,718000E+3	12,000000E+0
477	11,000000E+0	0,000000E+0	0,000000E+0	2,719000E+3	12,000000E+0
478	11,000000E+0	0,000000E+0	229,000000E-3	2,721000E+3	12,000000E+0
479	10,000000E+0	0,000000E+0	229,000000E-3	2,722000E+3	12,000000E+0
480	10,000000E+0	0,000000E+0	0,000000E+0	2,723000E+3	12,000000E+0
481	10,000000E+0	0,000000E+0	0,000000E+0	2,724000E+3	12,000000E+0
482	11,000000E+0	0,000000E+0	0,000000E+0	2,725000E+3	12,000000E+0
483	12,000000E+0	0,000000E+0	229,000000E-3	2,727000E+3	12,000000E+0
484	11,000000E+0	0,000000E+0	229,000000E-3	2,729000E+3	12,000000E+0
485	11,000000E+0	0,000000E+0	229,000000E-3	2,730000E+3	12,000000E+0
486	10,000000E+0	0,000000E+0	229,000000E-3	2,731000E+3	12,000000E+0
487	10,000000E+0	0,000000E+0	0,000000E+0	2,732000E+3	12,000000E+0
488	11,000000E+0	0,000000E+0	0,000000E+0	2,734000E+3	12,000000E+0
489	11,000000E+0	0,000000E+0	229,000000E-3	2,735000E+3	12,000000E+0
490	11,000000E+0	0,000000E+0	229,000000E-3	2,736000E+3	12,000000E+0
491	10,000000E+0	0,000000E+0	229,000000E-3	2,738000E+3	12,000000E+0
492	10,000000E+0	0,000000E+0	0,000000E+0	2,739000E+3	12,000000E+0
493	12,000000E+0	0,000000E+0	0,000000E+0	2,740000E+3	12,000000E+0
494	11,000000E+0	0,000000E+0	229,000000E-3	2,741000E+3	12,000000E+0
495	11,000000E+0	0,000000E+0	229,000000E-3	2,743000E+3	12,000000E+0
496	11,000000E+0	0,000000E+0	229,000000E-3	2,744000E+3	12,000000E+0
497	11,000000E+0	0,000000E+0	229,000000E-3	2,745000E+3	12,000000E+0
498	11,000000E+0	0,000000E+0	0,000000E+0	2,746000E+3	12,000000E+0
499	11,000000E+0	0,000000E+0	0,000000E+0	2,748000E+3	12,000000E+0
500	10,000000E+0	0,000000E+0	229,000000E-3	2,749000E+3	12,000000E+0
501	11,000000E+0	0,000000E+0	229,000000E-3	2,751000E+3	12,000000E+0
502	10,000000E+0	0,000000E+0	229,000000E-3	2,752000E+3	12,000000E+0
503	10,000000E+0	0,000000E+0	229,000000E-3	2,753000E+3	12,000000E+0
504	12,000000E+0	0,000000E+0	0,000000E+0	2,754000E+3	12,000000E+0
505	9,000000E+0	0,000000E+0	229,000000E-3	2,756000E+3	12,000000E+0
506	10,000000E+0	0,000000E+0	229,000000E-3	2,757000E+3	12,000000E+0
507	10,000000E+0	0,000000E+0	229,000000E-3	2,758000E+3	12,000000E+0
508	10,000000E+0	0,000000E+0	0,000000E+0	2,759000E+3	12,000000E+0
509	11,000000E+0	0,000000E+0	0,000000E+0	2,760000E+3	12,000000E+0
510	11,000000E+0	0,000000E+0	229,000000E-3	2,762000E+3	12,000000E+0
511	11,000000E+0	0,000000E+0	229,000000E-3	2,763000E+3	12,000000E+0
512	11,000000E+0	0,000000E+0	229,000000E-3	2,765000E+3	12,000000E+0
513	11,000000E+0	0,000000E+0	229,000000E-3	2,766000E+3	12,000000E+0
514	10,000000E+0	0,000000E+0	0,000000E+0	2,767000E+3	12,000000E+0
515	12,000000E+0	0,000000E+0	229,000000E-3	2,768000E+3	12,000000E+0
