samedi 20 janvier 2024	15:16:47	Sampling Period : 20  ms		
Unities: time [sample], PWM [raw], Current [mA], velocity [rev/min], Position [pulse], Present Input Voltage [V]

t	DXL_PWM		DXL_Current		DXL_Velocity		DXL_Position		DXL_Input_Voltage
0	0,000000E+0	0,000000E+0	0,000000E+0	417,019000E+3	12,000000E+0
1	23,000000E+0	2,690000E+0	0,000000E+0	417,019000E+3	12,000000E+0
2	93,000000E+0	5,380000E+0	1,374000E+0	417,029000E+3	12,000000E+0
3	147,000000E+0	5,380000E+0	3,435000E+0	417,050000E+3	12,000000E+0
4	178,000000E+0	2,690000E+0	5,038000E+0	417,081000E+3	12,000000E+0
5	210,000000E+0	2,690000E+0	6,183000E+0	417,116000E+3	12,000000E+0
6	213,000000E+0	8,070000E+0	6,870000E+0	417,154000E+3	12,000000E+0
7	221,000000E+0	8,070000E+0	7,557000E+0	417,198000E+3	12,000000E+0
8	234,000000E+0	5,380000E+0	7,786000E+0	417,241000E+3	12,000000E+0
9	242,000000E+0	10,760000E+0	8,244000E+0	417,288000E+3	12,000000E+0
10	259,000000E+0	5,380000E+0	8,244000E+0	417,334000E+3	12,000000E+0
11	263,000000E+0	8,070000E+0	8,702000E+0	417,383000E+3	12,000000E+0
12	256,000000E+0	5,380000E+0	8,702000E+0	417,430000E+3	12,000000E+0
13	267,000000E+0	8,070000E+0	8,931000E+0	417,479000E+3	12,000000E+0
14	265,000000E+0	10,760000E+0	8,702000E+0	417,528000E+3	12,000000E+0
15	259,000000E+0	2,690000E+0	8,931000E+0	417,577000E+3	12,000000E+0
16	256,000000E+0	8,070000E+0	8,931000E+0	417,626000E+3	12,000000E+0
17	274,000000E+0	8,070000E+0	8,931000E+0	417,675000E+3	12,000000E+0
18	251,000000E+0	8,070000E+0	9,160000E+0	417,726000E+3	12,000000E+0
19	251,000000E+0	10,760000E+0	8,931000E+0	417,775000E+3	12,000000E+0
20	272,000000E+0	5,380000E+0	9,160000E+0	417,824000E+3	12,000000E+0
21	270,000000E+0	5,380000E+0	8,931000E+0	417,872000E+3	12,000000E+0
22	271,000000E+0	2,690000E+0	8,931000E+0	417,921000E+3	12,000000E+0
23	256,000000E+0	5,380000E+0	8,931000E+0	417,971000E+3	12,000000E+0
24	251,000000E+0	10,760000E+0	8,931000E+0	418,020000E+3	12,000000E+0
25	253,000000E+0	8,070000E+0	8,931000E+0	418,070000E+3	12,000000E+0
26	248,000000E+0	5,380000E+0	8,931000E+0	418,118000E+3	12,000000E+0
27	253,000000E+0	8,070000E+0	8,702000E+0	418,166000E+3	12,000000E+0
28	254,000000E+0	5,380000E+0	8,702000E+0	418,213000E+3	12,000000E+0
29	257,000000E+0	5,380000E+0	8,702000E+0	418,261000E+3	12,000000E+0
30	245,000000E+0	5,380000E+0	8,702000E+0	418,310000E+3	12,000000E+0
31	251,000000E+0	8,070000E+0	8,702000E+0	418,358000E+3	12,000000E+0
32	250,000000E+0	10,760000E+0	8,702000E+0	418,407000E+3	12,000000E+0
33	254,000000E+0	2,690000E+0	8,702000E+0	418,455000E+3	12,000000E+0
34	251,000000E+0	8,070000E+0	8,702000E+0	418,505000E+3	12,000000E+0
35	269,000000E+0	10,760000E+0	8,931000E+0	418,553000E+3	12,000000E+0
36	257,000000E+0	5,380000E+0	8,931000E+0	418,604000E+3	12,000000E+0
37	263,000000E+0	5,380000E+0	8,931000E+0	418,653000E+3	12,000000E+0
38	253,000000E+0	8,070000E+0	8,931000E+0	418,702000E+3	12,000000E+0
39	263,000000E+0	8,070000E+0	8,931000E+0	418,753000E+3	12,000000E+0
40	256,000000E+0	8,070000E+0	8,931000E+0	418,803000E+3	12,000000E+0
41	251,000000E+0	10,760000E+0	8,931000E+0	418,853000E+3	12,000000E+0
42	268,000000E+0	5,380000E+0	8,931000E+0	418,903000E+3	12,000000E+0
43	254,000000E+0	5,380000E+0	8,931000E+0	418,953000E+3	12,000000E+0
44	274,000000E+0	5,380000E+0	8,931000E+0	419,002000E+3	12,000000E+0
45	259,000000E+0	8,070000E+0	8,931000E+0	419,053000E+3	12,000000E+0
46	272,000000E+0	10,760000E+0	8,931000E+0	419,102000E+3	12,000000E+0
47	266,000000E+0	13,450000E+0	8,931000E+0	419,152000E+3	12,000000E+0
48	258,000000E+0	2,690000E+0	8,931000E+0	419,202000E+3	12,000000E+0
49	252,000000E+0	8,070000E+0	9,160000E+0	419,252000E+3	12,000000E+0
50	253,000000E+0	5,380000E+0	8,931000E+0	419,302000E+3	12,000000E+0
51	277,000000E+0	8,070000E+0	9,160000E+0	419,353000E+3	12,000000E+0
52	257,000000E+0	5,380000E+0	9,160000E+0	419,402000E+3	12,000000E+0
53	276,000000E+0	8,070000E+0	9,160000E+0	419,453000E+3	12,000000E+0
54	260,000000E+0	2,690000E+0	9,160000E+0	419,504000E+3	12,000000E+0
55	267,000000E+0	10,760000E+0	9,389000E+0	419,555000E+3	12,000000E+0
56	260,000000E+0	8,070000E+0	9,389000E+0	419,606000E+3	12,000000E+0
57	283,000000E+0	8,070000E+0	9,389000E+0	419,658000E+3	12,000000E+0
58	258,000000E+0	8,070000E+0	9,389000E+0	419,709000E+3	12,000000E+0
59	282,000000E+0	5,380000E+0	9,389000E+0	419,760000E+3	12,000000E+0
60	259,000000E+0	2,690000E+0	9,389000E+0	419,811000E+3	12,000000E+0
61	278,000000E+0	8,070000E+0	9,389000E+0	419,863000E+3	12,000000E+0
62	262,000000E+0	2,690000E+0	9,389000E+0	419,914000E+3	12,000000E+0
63	262,000000E+0	5,380000E+0	9,618000E+0	419,964000E+3	12,000000E+0
64	260,000000E+0	8,070000E+0	9,389000E+0	420,016000E+3	12,000000E+0
65	281,000000E+0	5,380000E+0	9,389000E+0	420,067000E+3	12,000000E+0
66	275,000000E+0	2,690000E+0	9,389000E+0	420,120000E+3	12,000000E+0
67	264,000000E+0	2,690000E+0	9,389000E+0	420,171000E+3	12,000000E+0
68	266,000000E+0	2,690000E+0	9,618000E+0	420,222000E+3	12,000000E+0
69	276,000000E+0	5,380000E+0	9,389000E+0	420,274000E+3	12,000000E+0
70	268,000000E+0	5,380000E+0	9,618000E+0	420,325000E+3	12,000000E+0
71	280,000000E+0	8,070000E+0	9,160000E+0	420,376000E+3	12,000000E+0
72	263,000000E+0	10,760000E+0	9,389000E+0	420,429000E+3	12,000000E+0
73	282,000000E+0	5,380000E+0	9,389000E+0	420,482000E+3	12,000000E+0
74	283,000000E+0	5,380000E+0	9,389000E+0	420,534000E+3	12,000000E+0
75	266,000000E+0	8,070000E+0	9,389000E+0	420,587000E+3	12,000000E+0
76	278,000000E+0	8,070000E+0	9,160000E+0	420,637000E+3	12,000000E+0
77	272,000000E+0	10,760000E+0	9,389000E+0	420,688000E+3	12,000000E+0
78	261,000000E+0	10,760000E+0	9,160000E+0	420,739000E+3	12,000000E+0
79	282,000000E+0	8,070000E+0	9,389000E+0	420,791000E+3	12,000000E+0
80	272,000000E+0	2,690000E+0	9,160000E+0	420,844000E+3	12,000000E+0
81	277,000000E+0	8,070000E+0	9,160000E+0	420,897000E+3	12,000000E+0
82	286,000000E+0	5,380000E+0	9,389000E+0	420,949000E+3	12,000000E+0
83	266,000000E+0	5,380000E+0	9,160000E+0	421,000000E+3	12,000000E+0
84	278,000000E+0	8,070000E+0	9,389000E+0	421,054000E+3	12,000000E+0
85	277,000000E+0	5,380000E+0	9,389000E+0	421,105000E+3	12,000000E+0
86	265,000000E+0	2,690000E+0	9,160000E+0	421,157000E+3	12,000000E+0
87	283,000000E+0	5,380000E+0	9,618000E+0	421,209000E+3	12,000000E+0
88	282,000000E+0	8,070000E+0	9,160000E+0	421,261000E+3	12,000000E+0
89	269,000000E+0	8,070000E+0	9,389000E+0	421,314000E+3	12,000000E+0
90	260,000000E+0	5,380000E+0	9,160000E+0	421,367000E+3	12,000000E+0
91	283,000000E+0	8,070000E+0	9,389000E+0	421,418000E+3	12,000000E+0
92	279,000000E+0	10,760000E+0	9,389000E+0	421,470000E+3	12,000000E+0
93	275,000000E+0	5,380000E+0	9,389000E+0	421,521000E+3	12,000000E+0
94	264,000000E+0	5,380000E+0	9,618000E+0	421,574000E+3	12,000000E+0
95	267,000000E+0	2,690000E+0	9,389000E+0	421,626000E+3	12,000000E+0
96	266,000000E+0	8,070000E+0	9,389000E+0	421,677000E+3	12,000000E+0
97	262,000000E+0	8,070000E+0	9,389000E+0	421,729000E+3	12,000000E+0
98	279,000000E+0	10,760000E+0	9,389000E+0	421,781000E+3	12,000000E+0
99	276,000000E+0	5,380000E+0	9,389000E+0	421,833000E+3	12,000000E+0
100	282,000000E+0	2,690000E+0	9,389000E+0	421,885000E+3	12,000000E+0
101	277,000000E+0	5,380000E+0	9,389000E+0	421,936000E+3	12,000000E+0
102	266,000000E+0	8,070000E+0	9,389000E+0	421,985000E+3	12,000000E+0
103	271,000000E+0	10,760000E+0	9,389000E+0	422,037000E+3	12,000000E+0
104	270,000000E+0	8,070000E+0	9,389000E+0	422,090000E+3	12,000000E+0
105	266,000000E+0	5,380000E+0	9,389000E+0	422,141000E+3	12,000000E+0
106	273,000000E+0	5,380000E+0	9,389000E+0	422,193000E+3	12,000000E+0
107	257,000000E+0	10,760000E+0	9,160000E+0	422,244000E+3	12,000000E+0
108	272,000000E+0	8,070000E+0	9,389000E+0	422,295000E+3	12,000000E+0
109	273,000000E+0	8,070000E+0	9,389000E+0	422,346000E+3	12,000000E+0
110	273,000000E+0	10,760000E+0	9,160000E+0	422,397000E+3	12,000000E+0
111	262,000000E+0	5,380000E+0	9,160000E+0	422,448000E+3	12,000000E+0
112	260,000000E+0	5,380000E+0	8,931000E+0	422,498000E+3	12,000000E+0
113	259,000000E+0	8,070000E+0	8,931000E+0	422,549000E+3	12,000000E+0
114	273,000000E+0	10,760000E+0	8,931000E+0	422,598000E+3	12,000000E+0
115	269,000000E+0	8,070000E+0	9,160000E+0	422,649000E+3	12,000000E+0
116	280,000000E+0	5,380000E+0	9,160000E+0	422,701000E+3	12,000000E+0
117	271,000000E+0	10,760000E+0	9,160000E+0	422,751000E+3	12,000000E+0
118	270,000000E+0	5,380000E+0	9,160000E+0	422,804000E+3	12,000000E+0
119	271,000000E+0	8,070000E+0	9,160000E+0	422,854000E+3	12,000000E+0
120	283,000000E+0	5,380000E+0	9,160000E+0	422,906000E+3	12,000000E+0
121	272,000000E+0	2,690000E+0	9,389000E+0	422,958000E+3	12,000000E+0
122	279,000000E+0	2,690000E+0	9,389000E+0	423,011000E+3	12,000000E+0
123	266,000000E+0	10,760000E+0	9,389000E+0	423,062000E+3	12,000000E+0
124	277,000000E+0	2,690000E+0	9,389000E+0	423,113000E+3	12,000000E+0
125	269,000000E+0	5,380000E+0	9,389000E+0	423,166000E+3	12,000000E+0
126	285,000000E+0	8,070000E+0	9,389000E+0	423,217000E+3	12,000000E+0
127	279,000000E+0	2,690000E+0	9,389000E+0	423,270000E+3	12,000000E+0
128	282,000000E+0	10,760000E+0	9,389000E+0	423,322000E+3	12,000000E+0
129	286,000000E+0	8,070000E+0	9,389000E+0	423,374000E+3	12,000000E+0
130	286,000000E+0	5,380000E+0	9,389000E+0	423,427000E+3	12,000000E+0
131	277,000000E+0	5,380000E+0	9,389000E+0	423,478000E+3	12,000000E+0
132	273,000000E+0	5,380000E+0	9,389000E+0	423,530000E+3	12,000000E+0
133	263,000000E+0	5,380000E+0	9,389000E+0	423,582000E+3	12,000000E+0
134	278,000000E+0	8,070000E+0	9,389000E+0	423,633000E+3	12,000000E+0
135	276,000000E+0	5,380000E+0	9,389000E+0	423,685000E+3	12,000000E+0
136	278,000000E+0	5,380000E+0	9,618000E+0	423,738000E+3	12,000000E+0
137	268,000000E+0	5,380000E+0	9,618000E+0	423,790000E+3	12,000000E+0
138	270,000000E+0	5,380000E+0	9,618000E+0	423,842000E+3	12,000000E+0
139	264,000000E+0	8,070000E+0	9,618000E+0	423,895000E+3	12,000000E+0
140	282,000000E+0	8,070000E+0	9,618000E+0	423,947000E+3	12,000000E+0
141	266,000000E+0	8,070000E+0	9,618000E+0	424,000000E+3	12,000000E+0
142	276,000000E+0	10,760000E+0	9,618000E+0	424,051000E+3	12,000000E+0
143	288,000000E+0	5,380000E+0	9,618000E+0	424,107000E+3	12,000000E+0
144	276,000000E+0	8,070000E+0	9,618000E+0	424,159000E+3	12,000000E+0
145	272,000000E+0	8,070000E+0	9,618000E+0	424,212000E+3	12,000000E+0
146	269,000000E+0	8,070000E+0	9,847000E+0	424,264000E+3	12,000000E+0
147	286,000000E+0	8,070000E+0	9,847000E+0	424,316000E+3	12,000000E+0
148	285,000000E+0	10,760000E+0	9,618000E+0	424,370000E+3	12,000000E+0
149	285,000000E+0	5,380000E+0	9,847000E+0	424,423000E+3	12,000000E+0
150	274,000000E+0	5,380000E+0	9,618000E+0	424,477000E+3	12,000000E+0
151	293,000000E+0	8,070000E+0	9,847000E+0	424,531000E+3	12,000000E+0
152	282,000000E+0	8,070000E+0	9,618000E+0	424,586000E+3	12,000000E+0
153	273,000000E+0	8,070000E+0	9,389000E+0	424,637000E+3	12,000000E+0
154	284,000000E+0	8,070000E+0	9,618000E+0	424,692000E+3	12,000000E+0
155	281,000000E+0	2,690000E+0	9,389000E+0	424,743000E+3	12,000000E+0
156	279,000000E+0	10,760000E+0	9,618000E+0	424,796000E+3	12,000000E+0
157	274,000000E+0	5,380000E+0	9,389000E+0	424,848000E+3	12,000000E+0
158	280,000000E+0	2,690000E+0	9,389000E+0	424,901000E+3	12,000000E+0
159	272,000000E+0	5,380000E+0	9,389000E+0	424,954000E+3	12,000000E+0
160	267,000000E+0	5,380000E+0	9,160000E+0	425,007000E+3	12,000000E+0
161	290,000000E+0	2,690000E+0	9,618000E+0	425,059000E+3	12,000000E+0
162	291,000000E+0	8,070000E+0	9,389000E+0	425,113000E+3	12,000000E+0
163	268,000000E+0	8,070000E+0	9,389000E+0	425,166000E+3	12,000000E+0
164	285,000000E+0	5,380000E+0	9,618000E+0	425,219000E+3	12,000000E+0
165	279,000000E+0	8,070000E+0	9,389000E+0	425,272000E+3	12,000000E+0
166	270,000000E+0	8,070000E+0	9,618000E+0	425,324000E+3	12,000000E+0
167	275,000000E+0	5,380000E+0	9,618000E+0	425,379000E+3	12,000000E+0
168	281,000000E+0	8,070000E+0	9,389000E+0	425,431000E+3	12,000000E+0
169	269,000000E+0	8,070000E+0	9,618000E+0	425,485000E+3	12,000000E+0
170	283,000000E+0	8,070000E+0	9,389000E+0	425,537000E+3	12,000000E+0
171	280,000000E+0	5,380000E+0	9,389000E+0	425,589000E+3	12,000000E+0
172	288,000000E+0	2,690000E+0	9,389000E+0	425,642000E+3	12,000000E+0
173	277,000000E+0	5,380000E+0	9,389000E+0	425,694000E+3	12,000000E+0
174	281,000000E+0	8,070000E+0	9,618000E+0	425,748000E+3	12,000000E+0
175	278,000000E+0	8,070000E+0	9,389000E+0	425,799000E+3	12,000000E+0
176	283,000000E+0	8,070000E+0	9,618000E+0	425,852000E+3	12,000000E+0
177	274,000000E+0	8,070000E+0	9,618000E+0	425,906000E+3	12,000000E+0
178	285,000000E+0	5,380000E+0	9,847000E+0	425,959000E+3	12,000000E+0
179	279,000000E+0	5,380000E+0	9,847000E+0	426,013000E+3	12,000000E+0
180	278,000000E+0	8,070000E+0	9,618000E+0	426,063000E+3	12,000000E+0
181	274,000000E+0	5,380000E+0	9,618000E+0	426,116000E+3	12,000000E+0
182	290,000000E+0	10,760000E+0	9,618000E+0	426,170000E+3	12,000000E+0
183	285,000000E+0	8,070000E+0	9,618000E+0	426,223000E+3	12,000000E+0
184	272,000000E+0	5,380000E+0	9,618000E+0	426,277000E+3	12,000000E+0
185	285,000000E+0	10,760000E+0	9,618000E+0	426,329000E+3	12,000000E+0
186	286,000000E+0	5,380000E+0	9,618000E+0	426,381000E+3	12,000000E+0
187	290,000000E+0	5,380000E+0	9,618000E+0	426,433000E+3	12,000000E+0
188	275,000000E+0	10,760000E+0	9,618000E+0	426,486000E+3	12,000000E+0
189	284,000000E+0	8,070000E+0	9,618000E+0	426,539000E+3	12,000000E+0
190	277,000000E+0	2,690000E+0	9,389000E+0	426,591000E+3	12,000000E+0
191	272,000000E+0	5,380000E+0	9,389000E+0	426,644000E+3	12,000000E+0
192	274,000000E+0	2,690000E+0	9,389000E+0	426,696000E+3	12,000000E+0
193	264,000000E+0	8,070000E+0	9,389000E+0	426,747000E+3	12,000000E+0
194	280,000000E+0	10,760000E+0	9,160000E+0	426,798000E+3	12,000000E+0
195	277,000000E+0	2,690000E+0	9,160000E+0	426,850000E+3	12,000000E+0
196	277,000000E+0	5,380000E+0	9,389000E+0	426,903000E+3	12,000000E+0
197	284,000000E+0	8,070000E+0	9,389000E+0	426,955000E+3	12,000000E+0
198	267,000000E+0	10,760000E+0	9,389000E+0	427,007000E+3	12,000000E+0
199	278,000000E+0	5,380000E+0	9,389000E+0	427,060000E+3	12,000000E+0
200	272,000000E+0	8,070000E+0	9,618000E+0	427,114000E+3	12,000000E+0
201	288,000000E+0	5,380000E+0	9,618000E+0	427,167000E+3	12,000000E+0
202	276,000000E+0	5,380000E+0	9,618000E+0	427,220000E+3	12,000000E+0
203	293,000000E+0	2,690000E+0	9,618000E+0	427,274000E+3	12,000000E+0
204	279,000000E+0	8,070000E+0	9,618000E+0	427,327000E+3	12,000000E+0
205	285,000000E+0	5,380000E+0	9,618000E+0	427,382000E+3	12,000000E+0
206	274,000000E+0	8,070000E+0	9,847000E+0	427,437000E+3	12,000000E+0
207	287,000000E+0	8,070000E+0	9,618000E+0	427,490000E+3	12,000000E+0
208	283,000000E+0	8,070000E+0	9,847000E+0	427,544000E+3	12,000000E+0
209	282,000000E+0	10,760000E+0	9,847000E+0	427,597000E+3	12,000000E+0
210	277,000000E+0	8,070000E+0	9,847000E+0	427,652000E+3	12,000000E+0
211	288,000000E+0	2,690000E+0	9,847000E+0	427,706000E+3	12,000000E+0
212	295,000000E+0	2,690000E+0	9,847000E+0	427,759000E+3	12,000000E+0
213	290,000000E+0	5,380000E+0	9,847000E+0	427,813000E+3	12,000000E+0
214	275,000000E+0	8,070000E+0	9,847000E+0	427,867000E+3	12,000000E+0
215	294,000000E+0	8,070000E+0	9,847000E+0	427,921000E+3	12,000000E+0
216	276,000000E+0	8,070000E+0	9,847000E+0	427,975000E+3	12,000000E+0
217	288,000000E+0	5,380000E+0	9,847000E+0	428,028000E+3	12,000000E+0
218	279,000000E+0	5,380000E+0	9,847000E+0	428,082000E+3	12,000000E+0
219	293,000000E+0	5,380000E+0	9,847000E+0	428,137000E+3	12,000000E+0
220	281,000000E+0	8,070000E+0	9,847000E+0	428,191000E+3	12,000000E+0
221	285,000000E+0	10,760000E+0	10,076000E+0	428,246000E+3	12,000000E+0
222	286,000000E+0	2,690000E+0	10,076000E+0	428,300000E+3	12,000000E+0
223	295,000000E+0	8,070000E+0	10,076000E+0	428,354000E+3	12,000000E+0
224	274,000000E+0	8,070000E+0	9,847000E+0	428,407000E+3	12,000000E+0
225	290,000000E+0	8,070000E+0	9,847000E+0	428,462000E+3	12,000000E+0
226	279,000000E+0	2,690000E+0	10,076000E+0	428,517000E+3	12,000000E+0
227	289,000000E+0	10,760000E+0	9,847000E+0	428,571000E+3	12,000000E+0
228	284,000000E+0	2,690000E+0	9,847000E+0	428,627000E+3	12,000000E+0
229	299,000000E+0	8,070000E+0	10,076000E+0	428,683000E+3	12,000000E+0
230	296,000000E+0	8,070000E+0	9,618000E+0	428,737000E+3	12,000000E+0
231	293,000000E+0	8,070000E+0	10,076000E+0	428,793000E+3	12,000000E+0
232	274,000000E+0	5,380000E+0	9,618000E+0	428,847000E+3	12,000000E+0
233	291,000000E+0	8,070000E+0	9,618000E+0	428,898000E+3	12,000000E+0
234	276,000000E+0	5,380000E+0	9,847000E+0	428,953000E+3	12,000000E+0
235	276,000000E+0	5,380000E+0	9,389000E+0	429,007000E+3	12,000000E+0
236	287,000000E+0	10,760000E+0	9,847000E+0	429,063000E+3	12,000000E+0
237	281,000000E+0	10,760000E+0	9,618000E+0	429,117000E+3	12,000000E+0
238	290,000000E+0	2,690000E+0	9,847000E+0	429,171000E+3	12,000000E+0
239	281,000000E+0	8,070000E+0	9,847000E+0	429,226000E+3	12,000000E+0
240	286,000000E+0	10,760000E+0	9,618000E+0	429,280000E+3	12,000000E+0
241	279,000000E+0	8,070000E+0	9,847000E+0	429,335000E+3	12,000000E+0
242	283,000000E+0	10,760000E+0	9,847000E+0	429,390000E+3	12,000000E+0
243	280,000000E+0	8,070000E+0	9,847000E+0	429,444000E+3	12,000000E+0
244	297,000000E+0	8,070000E+0	9,847000E+0	429,500000E+3	12,000000E+0
245	286,000000E+0	2,690000E+0	9,847000E+0	429,557000E+3	12,000000E+0
246	305,000000E+0	5,380000E+0	9,847000E+0	429,611000E+3	12,000000E+0
247	294,000000E+0	8,070000E+0	10,076000E+0	429,668000E+3	12,000000E+0
248	288,000000E+0	10,760000E+0	9,847000E+0	429,723000E+3	12,000000E+0
249	282,000000E+0	8,070000E+0	10,076000E+0	429,778000E+3	12,000000E+0
250	293,000000E+0	5,380000E+0	10,076000E+0	429,834000E+3	12,000000E+0
251	277,000000E+0	8,070000E+0	9,847000E+0	429,888000E+3	12,000000E+0
252	288,000000E+0	8,070000E+0	10,076000E+0	429,943000E+3	12,000000E+0
253	291,000000E+0	5,380000E+0	9,847000E+0	429,999000E+3	12,000000E+0
254	286,000000E+0	5,380000E+0	10,076000E+0	430,053000E+3	12,000000E+0
255	277,000000E+0	8,070000E+0	10,076000E+0	430,108000E+3	12,000000E+0
256	290,000000E+0	8,070000E+0	9,847000E+0	430,160000E+3	12,000000E+0
257	291,000000E+0	8,070000E+0	9,847000E+0	430,214000E+3	12,000000E+0
258	279,000000E+0	5,380000E+0	9,847000E+0	430,270000E+3	12,000000E+0
259	278,000000E+0	5,380000E+0	9,847000E+0	430,324000E+3	12,000000E+0
260	287,000000E+0	5,380000E+0	9,847000E+0	430,379000E+3	12,000000E+0
261	292,000000E+0	8,070000E+0	9,847000E+0	430,432000E+3	12,000000E+0
262	283,000000E+0	5,380000E+0	9,847000E+0	430,484000E+3	12,000000E+0
263	282,000000E+0	8,070000E+0	9,618000E+0	430,538000E+3	12,000000E+0
264	287,000000E+0	8,070000E+0	9,618000E+0	430,591000E+3	12,000000E+0
265	289,000000E+0	5,380000E+0	9,618000E+0	430,645000E+3	12,000000E+0
266	283,000000E+0	8,070000E+0	9,618000E+0	430,700000E+3	12,000000E+0
267	282,000000E+0	5,380000E+0	9,618000E+0	430,753000E+3	12,000000E+0
268	290,000000E+0	8,070000E+0	9,618000E+0	430,806000E+3	12,000000E+0
269	279,000000E+0	5,380000E+0	9,618000E+0	430,859000E+3	12,000000E+0
270	288,000000E+0	5,380000E+0	9,618000E+0	430,914000E+3	12,000000E+0
271	271,000000E+0	8,070000E+0	9,389000E+0	430,966000E+3	12,000000E+0
272	280,000000E+0	5,380000E+0	9,389000E+0	431,019000E+3	12,000000E+0
273	288,000000E+0	8,070000E+0	9,389000E+0	431,072000E+3	12,000000E+0
274	277,000000E+0	5,380000E+0	9,389000E+0	431,124000E+3	12,000000E+0
275	276,000000E+0	5,380000E+0	9,618000E+0	431,179000E+3	12,000000E+0
276	286,000000E+0	8,070000E+0	9,618000E+0	431,233000E+3	12,000000E+0
277	277,000000E+0	5,380000E+0	9,618000E+0	431,287000E+3	12,000000E+0
278	277,000000E+0	8,070000E+0	9,618000E+0	431,342000E+3	12,000000E+0
279	280,000000E+0	8,070000E+0	9,847000E+0	431,396000E+3	12,000000E+0
280	284,000000E+0	5,380000E+0	9,847000E+0	431,450000E+3	12,000000E+0
281	276,000000E+0	8,070000E+0	9,847000E+0	431,505000E+3	12,000000E+0
282	289,000000E+0	8,070000E+0	9,847000E+0	431,560000E+3	12,000000E+0
283	296,000000E+0	5,380000E+0	9,847000E+0	431,615000E+3	12,000000E+0
284	283,000000E+0	5,380000E+0	9,847000E+0	431,669000E+3	12,000000E+0
285	289,000000E+0	5,380000E+0	10,076000E+0	431,724000E+3	12,000000E+0
286	284,000000E+0	8,070000E+0	10,076000E+0	431,779000E+3	12,000000E+0
287	292,000000E+0	8,070000E+0	10,076000E+0	431,833000E+3	12,000000E+0
288	281,000000E+0	8,070000E+0	10,076000E+0	431,887000E+3	12,000000E+0
289	286,000000E+0	5,380000E+0	9,847000E+0	431,943000E+3	12,000000E+0
290	290,000000E+0	8,070000E+0	10,076000E+0	431,997000E+3	12,000000E+0
291	286,000000E+0	8,070000E+0	10,076000E+0	432,051000E+3	12,000000E+0
292	299,000000E+0	2,690000E+0	10,076000E+0	432,105000E+3	12,000000E+0
293	280,000000E+0	5,380000E+0	10,076000E+0	432,160000E+3	12,000000E+0
294	290,000000E+0	2,690000E+0	10,076000E+0	432,215000E+3	12,000000E+0
295	291,000000E+0	2,690000E+0	10,076000E+0	432,269000E+3	12,000000E+0
296	278,000000E+0	5,380000E+0	10,076000E+0	432,325000E+3	12,000000E+0
297	294,000000E+0	5,380000E+0	10,076000E+0	432,380000E+3	12,000000E+0
298	285,000000E+0	8,070000E+0	10,076000E+0	432,434000E+3	12,000000E+0
299	277,000000E+0	5,380000E+0	9,847000E+0	432,487000E+3	12,000000E+0
300	281,000000E+0	8,070000E+0	10,076000E+0	432,542000E+3	12,000000E+0
301	283,000000E+0	2,690000E+0	10,076000E+0	432,598000E+3	12,000000E+0
302	297,000000E+0	10,760000E+0	10,076000E+0	432,652000E+3	12,000000E+0
303	290,000000E+0	8,070000E+0	10,076000E+0	432,708000E+3	12,000000E+0
304	287,000000E+0	8,070000E+0	10,076000E+0	432,765000E+3	12,000000E+0
305	298,000000E+0	5,380000E+0	10,076000E+0	432,820000E+3	12,000000E+0
306	286,000000E+0	5,380000E+0	10,305000E+0	432,878000E+3	12,000000E+0
307	298,000000E+0	8,070000E+0	9,847000E+0	432,933000E+3	12,000000E+0
308	298,000000E+0	10,760000E+0	10,076000E+0	432,988000E+3	12,000000E+0
309	296,000000E+0	5,380000E+0	10,076000E+0	433,044000E+3	12,000000E+0
310	304,000000E+0	8,070000E+0	9,847000E+0	433,099000E+3	12,000000E+0
311	296,000000E+0	8,070000E+0	10,076000E+0	433,156000E+3	12,000000E+0
312	285,000000E+0	8,070000E+0	9,618000E+0	433,212000E+3	12,000000E+0
313	282,000000E+0	5,380000E+0	9,847000E+0	433,266000E+3	12,000000E+0
314	297,000000E+0	10,760000E+0	10,076000E+0	433,322000E+3	12,000000E+0
315	299,000000E+0	5,380000E+0	9,847000E+0	433,377000E+3	12,000000E+0
316	286,000000E+0	5,380000E+0	10,076000E+0	433,432000E+3	12,000000E+0
317	282,000000E+0	8,070000E+0	9,847000E+0	433,488000E+3	12,000000E+0
318	281,000000E+0	8,070000E+0	9,847000E+0	433,542000E+3	12,000000E+0
319	286,000000E+0	5,380000E+0	10,076000E+0	433,599000E+3	12,000000E+0
320	301,000000E+0	5,380000E+0	10,076000E+0	433,655000E+3	12,000000E+0
321	284,000000E+0	5,380000E+0	10,076000E+0	433,709000E+3	12,000000E+0
322	297,000000E+0	8,070000E+0	10,076000E+0	433,765000E+3	12,000000E+0
323	289,000000E+0	8,070000E+0	10,076000E+0	433,821000E+3	12,000000E+0
324	287,000000E+0	5,380000E+0	10,076000E+0	433,876000E+3	12,000000E+0
325	299,000000E+0	8,070000E+0	10,305000E+0	433,933000E+3	12,000000E+0
326	279,000000E+0	5,380000E+0	10,076000E+0	433,988000E+3	12,000000E+0
327	298,000000E+0	8,070000E+0	10,076000E+0	434,044000E+3	12,000000E+0
328	297,000000E+0	10,760000E+0	10,076000E+0	434,102000E+3	12,000000E+0
329	276,000000E+0	5,380000E+0	9,847000E+0	434,167000E+3	12,000000E+0
330	284,000000E+0	5,380000E+0	9,847000E+0	434,234000E+3	12,000000E+0
331	282,000000E+0	5,380000E+0	9,847000E+0	434,301000E+3	12,000000E+0
332	276,000000E+0	8,070000E+0	9,847000E+0	434,357000E+3	12,000000E+0
333	283,000000E+0	8,070000E+0	10,076000E+0	434,410000E+3	12,000000E+0
334	297,000000E+0	8,070000E+0	10,076000E+0	434,466000E+3	12,000000E+0
335	298,000000E+0	2,690000E+0	10,076000E+0	434,521000E+3	12,000000E+0
336	295,000000E+0	2,690000E+0	10,076000E+0	434,574000E+3	12,000000E+0
337	289,000000E+0	8,070000E+0	9,847000E+0	434,628000E+3	12,000000E+0
338	284,000000E+0	8,070000E+0	9,847000E+0	434,683000E+3	12,000000E+0
339	277,000000E+0	10,760000E+0	9,847000E+0	434,737000E+3	12,000000E+0
340	297,000000E+0	2,690000E+0	9,847000E+0	434,793000E+3	12,000000E+0
341	277,000000E+0	8,070000E+0	9,847000E+0	434,846000E+3	12,000000E+0
342	279,000000E+0	8,070000E+0	9,618000E+0	434,899000E+3	12,000000E+0
343	288,000000E+0	10,760000E+0	9,847000E+0	434,953000E+3	12,000000E+0
344	290,000000E+0	8,070000E+0	9,618000E+0	435,008000E+3	12,000000E+0
345	288,000000E+0	8,070000E+0	9,618000E+0	435,061000E+3	12,000000E+0
346	279,000000E+0	5,380000E+0	9,618000E+0	435,116000E+3	12,000000E+0
347	293,000000E+0	8,070000E+0	9,618000E+0	435,171000E+3	12,000000E+0
348	276,000000E+0	8,070000E+0	9,618000E+0	435,224000E+3	12,000000E+0
349	294,000000E+0	5,380000E+0	9,847000E+0	435,279000E+3	12,000000E+0
350	280,000000E+0	8,070000E+0	9,847000E+0	435,334000E+3	12,000000E+0
351	296,000000E+0	8,070000E+0	9,847000E+0	435,388000E+3	12,000000E+0
352	297,000000E+0	8,070000E+0	9,847000E+0	435,443000E+3	12,000000E+0
353	301,000000E+0	5,380000E+0	9,847000E+0	435,498000E+3	12,000000E+0
354	294,000000E+0	10,760000E+0	9,847000E+0	435,553000E+3	12,000000E+0
355	295,000000E+0	5,380000E+0	9,847000E+0	435,608000E+3	12,000000E+0
356	287,000000E+0	10,760000E+0	9,847000E+0	435,663000E+3	12,000000E+0
357	281,000000E+0	8,070000E+0	10,076000E+0	435,719000E+3	12,000000E+0
358	299,000000E+0	5,380000E+0	9,847000E+0	435,773000E+3	12,000000E+0
359	301,000000E+0	2,690000E+0	10,076000E+0	435,828000E+3	12,000000E+0
360	301,000000E+0	8,070000E+0	10,076000E+0	435,884000E+3	12,000000E+0
361	286,000000E+0	5,380000E+0	10,076000E+0	435,939000E+3	12,000000E+0
362	296,000000E+0	2,690000E+0	10,076000E+0	435,994000E+3	12,000000E+0
363	285,000000E+0	5,380000E+0	10,076000E+0	436,051000E+3	12,000000E+0
364	283,000000E+0	8,070000E+0	10,305000E+0	436,106000E+3	12,000000E+0
365	301,000000E+0	8,070000E+0	10,305000E+0	436,162000E+3	12,000000E+0
366	295,000000E+0	2,690000E+0	10,076000E+0	436,217000E+3	12,000000E+0
367	295,000000E+0	10,760000E+0	10,305000E+0	436,272000E+3	12,000000E+0
368	297,000000E+0	5,380000E+0	10,076000E+0	436,328000E+3	12,000000E+0
369	289,000000E+0	8,070000E+0	10,076000E+0	436,383000E+3	12,000000E+0
370	284,000000E+0	8,070000E+0	10,076000E+0	436,439000E+3	12,000000E+0
371	295,000000E+0	10,760000E+0	10,076000E+0	436,493000E+3	12,000000E+0
372	278,000000E+0	8,070000E+0	10,076000E+0	436,548000E+3	12,000000E+0
373	299,000000E+0	8,070000E+0	10,076000E+0	436,602000E+3	12,000000E+0
374	302,000000E+0	8,070000E+0	10,076000E+0	436,658000E+3	12,000000E+0
375	296,000000E+0	8,070000E+0	10,076000E+0	436,712000E+3	12,000000E+0
376	279,000000E+0	5,380000E+0	9,847000E+0	436,767000E+3	12,000000E+0
377	278,000000E+0	5,380000E+0	10,076000E+0	436,823000E+3	12,000000E+0
378	293,000000E+0	5,380000E+0	9,847000E+0	436,880000E+3	12,000000E+0
379	289,000000E+0	2,690000E+0	9,847000E+0	436,934000E+3	12,000000E+0
380	300,000000E+0	5,380000E+0	10,076000E+0	436,990000E+3	12,000000E+0
381	286,000000E+0	5,380000E+0	10,076000E+0	437,046000E+3	12,000000E+0
382	290,000000E+0	5,380000E+0	9,847000E+0	437,102000E+3	12,000000E+0
383	296,000000E+0	10,760000E+0	10,076000E+0	437,157000E+3	12,000000E+0
384	303,000000E+0	5,380000E+0	9,847000E+0	437,213000E+3	12,000000E+0
385	283,000000E+0	5,380000E+0	9,847000E+0	437,268000E+3	12,000000E+0
386	297,000000E+0	8,070000E+0	10,076000E+0	437,325000E+3	12,000000E+0
387	295,000000E+0	8,070000E+0	9,618000E+0	437,380000E+3	12,000000E+0
388	290,000000E+0	5,380000E+0	10,076000E+0	437,436000E+3	12,000000E+0
389	300,000000E+0	2,690000E+0	9,847000E+0	437,492000E+3	12,000000E+0
390	278,000000E+0	8,070000E+0	9,847000E+0	437,546000E+3	12,000000E+0
391	281,000000E+0	8,070000E+0	10,076000E+0	437,602000E+3	12,000000E+0
392	285,000000E+0	8,070000E+0	9,847000E+0	437,657000E+3	12,000000E+0
393	300,000000E+0	8,070000E+0	10,076000E+0	437,712000E+3	12,000000E+0
394	291,000000E+0	2,690000E+0	10,076000E+0	437,768000E+3	12,000000E+0
395	283,000000E+0	5,380000E+0	9,847000E+0	437,824000E+3	12,000000E+0
396	299,000000E+0	10,760000E+0	10,076000E+0	437,880000E+3	12,000000E+0
397	303,000000E+0	5,380000E+0	10,076000E+0	437,936000E+3	12,000000E+0
398	285,000000E+0	5,380000E+0	10,076000E+0	437,992000E+3	12,000000E+0
399	293,000000E+0	8,070000E+0	10,305000E+0	438,048000E+3	12,000000E+0
400	300,000000E+0	10,760000E+0	10,076000E+0	438,103000E+3	12,000000E+0
401	287,000000E+0	8,070000E+0	10,076000E+0	438,159000E+3	12,000000E+0
402	288,000000E+0	8,070000E+0	10,305000E+0	438,216000E+3	12,000000E+0
403	295,000000E+0	5,380000E+0	9,847000E+0	438,271000E+3	12,000000E+0
404	295,000000E+0	8,070000E+0	10,076000E+0	438,324000E+3	12,000000E+0
405	276,000000E+0	5,380000E+0	10,076000E+0	438,378000E+3	12,000000E+0
406	280,000000E+0	2,690000E+0	9,847000E+0	438,433000E+3	12,000000E+0
407	283,000000E+0	5,380000E+0	10,076000E+0	438,488000E+3	12,000000E+0
408	273,000000E+0	5,380000E+0	9,847000E+0	438,541000E+3	12,000000E+0
409	279,000000E+0	2,690000E+0	9,847000E+0	438,596000E+3	12,000000E+0
410	288,000000E+0	5,380000E+0	9,847000E+0	438,649000E+3	12,000000E+0
411	279,000000E+0	5,380000E+0	9,847000E+0	438,702000E+3	12,000000E+0
412	293,000000E+0	8,070000E+0	9,847000E+0	438,758000E+3	12,000000E+0
413	287,000000E+0	5,380000E+0	9,847000E+0	438,812000E+3	12,000000E+0
414	282,000000E+0	2,690000E+0	9,847000E+0	438,867000E+3	12,000000E+0
415	289,000000E+0	5,380000E+0	9,847000E+0	438,922000E+3	12,000000E+0
416	295,000000E+0	5,380000E+0	9,618000E+0	438,976000E+3	12,000000E+0
417	279,000000E+0	5,380000E+0	9,847000E+0	439,030000E+3	12,000000E+0
418	292,000000E+0	10,760000E+0	9,847000E+0	439,084000E+3	12,000000E+0
419	281,000000E+0	8,070000E+0	9,847000E+0	439,138000E+3	12,000000E+0
420	286,000000E+0	8,070000E+0	9,847000E+0	439,193000E+3	12,000000E+0
421	280,000000E+0	8,070000E+0	9,618000E+0	439,247000E+3	12,000000E+0
422	288,000000E+0	8,070000E+0	9,618000E+0	439,301000E+3	12,000000E+0
423	277,000000E+0	10,760000E+0	9,847000E+0	439,356000E+3	12,000000E+0
424	284,000000E+0	5,380000E+0	9,847000E+0	439,412000E+3	12,000000E+0
425	284,000000E+0	8,070000E+0	9,847000E+0	439,466000E+3	12,000000E+0
426	275,000000E+0	5,380000E+0	9,847000E+0	439,521000E+3	12,000000E+0
427	279,000000E+0	5,380000E+0	9,847000E+0	439,575000E+3	12,000000E+0
428	275,000000E+0	8,070000E+0	9,847000E+0	439,629000E+3	12,000000E+0
429	284,000000E+0	5,380000E+0	9,847000E+0	439,683000E+3	12,000000E+0
430	278,000000E+0	10,760000E+0	9,847000E+0	439,738000E+3	12,000000E+0
431	286,000000E+0	8,070000E+0	9,847000E+0	439,793000E+3	12,000000E+0
432	291,000000E+0	5,380000E+0	10,076000E+0	439,847000E+3	12,000000E+0
433	287,000000E+0	8,070000E+0	10,076000E+0	439,903000E+3	12,000000E+0
434	296,000000E+0	10,760000E+0	10,076000E+0	439,958000E+3	12,000000E+0
435	289,000000E+0	2,690000E+0	10,076000E+0	440,014000E+3	12,000000E+0
436	300,000000E+0	8,070000E+0	10,076000E+0	440,068000E+3	12,000000E+0
437	299,000000E+0	5,380000E+0	10,076000E+0	440,123000E+3	12,000000E+0
438	298,000000E+0	5,380000E+0	10,076000E+0	440,179000E+3	12,000000E+0
439	300,000000E+0	8,070000E+0	10,076000E+0	440,234000E+3	12,000000E+0
440	298,000000E+0	10,760000E+0	10,305000E+0	440,290000E+3	12,000000E+0
441	284,000000E+0	5,380000E+0	10,305000E+0	440,347000E+3	12,000000E+0
442	295,000000E+0	5,380000E+0	10,305000E+0	440,401000E+3	12,000000E+0
443	282,000000E+0	5,380000E+0	10,305000E+0	440,457000E+3	12,000000E+0
444	300,000000E+0	5,380000E+0	10,076000E+0	440,513000E+3	12,000000E+0
445	298,000000E+0	8,070000E+0	10,076000E+0	440,568000E+3	12,000000E+0
446	302,000000E+0	8,070000E+0	10,305000E+0	440,624000E+3	12,000000E+0
447	286,000000E+0	8,070000E+0	10,076000E+0	440,679000E+3	12,000000E+0
448	296,000000E+0	8,070000E+0	10,305000E+0	440,734000E+3	12,000000E+0
449	287,000000E+0	8,070000E+0	10,076000E+0	440,791000E+3	12,000000E+0
450	298,000000E+0	5,380000E+0	10,076000E+0	440,846000E+3	12,000000E+0
451	287,000000E+0	8,070000E+0	10,076000E+0	440,903000E+3	12,000000E+0
452	287,000000E+0	8,070000E+0	10,076000E+0	440,959000E+3	12,000000E+0
453	298,000000E+0	2,690000E+0	10,076000E+0	441,015000E+3	12,000000E+0
454	289,000000E+0	8,070000E+0	10,076000E+0	441,072000E+3	12,000000E+0
455	290,000000E+0	5,380000E+0	9,847000E+0	441,126000E+3	12,000000E+0
456	295,000000E+0	5,380000E+0	10,076000E+0	441,182000E+3	12,000000E+0
457	285,000000E+0	10,760000E+0	10,076000E+0	441,237000E+3	12,000000E+0
458	284,000000E+0	5,380000E+0	9,847000E+0	441,293000E+3	12,000000E+0
459	295,000000E+0	5,380000E+0	10,076000E+0	441,351000E+3	12,000000E+0
460	292,000000E+0	5,380000E+0	10,076000E+0	441,408000E+3	12,000000E+0
461	295,000000E+0	2,690000E+0	9,847000E+0	441,462000E+3	12,000000E+0
462	289,000000E+0	8,070000E+0	10,305000E+0	441,521000E+3	12,000000E+0
463	295,000000E+0	5,380000E+0	9,847000E+0	441,576000E+3	12,000000E+0
464	290,000000E+0	10,760000E+0	9,847000E+0	441,630000E+3	12,000000E+0
465	293,000000E+0	5,380000E+0	10,076000E+0	441,686000E+3	12,000000E+0
466	294,000000E+0	10,760000E+0	9,618000E+0	441,741000E+3	12,000000E+0
467	289,000000E+0	5,380000E+0	10,076000E+0	441,797000E+3	12,000000E+0
468	294,000000E+0	5,380000E+0	9,847000E+0	441,852000E+3	12,000000E+0
469	291,000000E+0	5,380000E+0	10,076000E+0	441,907000E+3	12,000000E+0
470	292,000000E+0	2,690000E+0	10,076000E+0	441,963000E+3	12,000000E+0
471	286,000000E+0	8,070000E+0	10,076000E+0	442,019000E+3	12,000000E+0
472	299,000000E+0	8,070000E+0	10,076000E+0	442,074000E+3	12,000000E+0
473	284,000000E+0	5,380000E+0	10,076000E+0	442,131000E+3	12,000000E+0
474	296,000000E+0	5,380000E+0	10,076000E+0	442,186000E+3	12,000000E+0
475	305,000000E+0	5,380000E+0	10,076000E+0	442,242000E+3	12,000000E+0
476	294,000000E+0	10,760000E+0	10,076000E+0	442,298000E+3	12,000000E+0
477	284,000000E+0	8,070000E+0	10,076000E+0	442,353000E+3	12,000000E+0
478	283,000000E+0	5,380000E+0	10,076000E+0	442,407000E+3	12,000000E+0
479	281,000000E+0	8,070000E+0	10,076000E+0	442,462000E+3	12,000000E+0
480	293,000000E+0	8,070000E+0	9,847000E+0	442,516000E+3	12,000000E+0
481	303,000000E+0	5,380000E+0	10,076000E+0	442,573000E+3	12,000000E+0
482	284,000000E+0	8,070000E+0	9,847000E+0	442,626000E+3	12,000000E+0
483	295,000000E+0	5,380000E+0	10,076000E+0	442,682000E+3	12,000000E+0
484	295,000000E+0	5,380000E+0	9,847000E+0	442,736000E+3	12,000000E+0
485	285,000000E+0	8,070000E+0	9,847000E+0	442,789000E+3	12,000000E+0
486	279,000000E+0	8,070000E+0	9,847000E+0	442,844000E+3	12,000000E+0
487	289,000000E+0	5,380000E+0	9,618000E+0	442,898000E+3	12,000000E+0
488	287,000000E+0	5,380000E+0	9,847000E+0	442,953000E+3	12,000000E+0
489	283,000000E+0	5,380000E+0	9,847000E+0	443,008000E+3	12,000000E+0
490	285,000000E+0	8,070000E+0	9,847000E+0	443,061000E+3	12,000000E+0
491	300,000000E+0	2,690000E+0	9,847000E+0	443,117000E+3	12,000000E+0
492	303,000000E+0	8,070000E+0	9,847000E+0	443,171000E+3	12,000000E+0
493	293,000000E+0	2,690000E+0	9,847000E+0	443,226000E+3	12,000000E+0
494	286,000000E+0	8,070000E+0	9,847000E+0	443,282000E+3	12,000000E+0
495	298,000000E+0	5,380000E+0	9,847000E+0	443,337000E+3	12,000000E+0
496	298,000000E+0	10,760000E+0	9,847000E+0	443,391000E+3	12,000000E+0
497	298,000000E+0	8,070000E+0	9,847000E+0	443,447000E+3	12,000000E+0
498	296,000000E+0	10,760000E+0	10,076000E+0	443,503000E+3	12,000000E+0
499	290,000000E+0	2,690000E+0	10,076000E+0	443,559000E+3	12,000000E+0
500	288,000000E+0	5,380000E+0	9,847000E+0	443,614000E+3	12,000000E+0
501	280,000000E+0	5,380000E+0	10,076000E+0	443,669000E+3	12,000000E+0
502	282,000000E+0	8,070000E+0	10,076000E+0	443,725000E+3	12,000000E+0
503	284,000000E+0	8,070000E+0	9,847000E+0	443,781000E+3	12,000000E+0
504	284,000000E+0	8,070000E+0	10,076000E+0	443,835000E+3	12,000000E+0
505	281,000000E+0	5,380000E+0	9,847000E+0	443,890000E+3	12,000000E+0
506	287,000000E+0	10,760000E+0	10,076000E+0	443,944000E+3	12,000000E+0
507	294,000000E+0	2,690000E+0	10,076000E+0	444,001000E+3	12,000000E+0
508	288,000000E+0	2,690000E+0	10,305000E+0	444,058000E+3	12,000000E+0
509	300,000000E+0	8,070000E+0	10,305000E+0	444,113000E+3	12,000000E+0
510	301,000000E+0	8,070000E+0	10,305000E+0	444,168000E+3	12,000000E+0
511	295,000000E+0	2,690000E+0	10,305000E+0	444,225000E+3	12,000000E+0
512	295,000000E+0	5,380000E+0	10,305000E+0	444,281000E+3	12,000000E+0
513	300,000000E+0	8,070000E+0	10,305000E+0	444,337000E+3	12,000000E+0
514	290,000000E+0	8,070000E+0	10,305000E+0	444,392000E+3	12,000000E+0
515	288,000000E+0	8,070000E+0	10,305000E+0	444,448000E+3	12,000000E+0
516	303,000000E+0	5,380000E+0	10,305000E+0	444,504000E+3	12,000000E+0
517	282,000000E+0	8,070000E+0	10,305000E+0	444,560000E+3	12,000000E+0
518	292,000000E+0	8,070000E+0	10,305000E+0	444,617000E+3	12,000000E+0
519	303,000000E+0	5,380000E+0	10,305000E+0	444,673000E+3	12,000000E+0
520	295,000000E+0	5,380000E+0	10,305000E+0	444,729000E+3	12,000000E+0
521	288,000000E+0	5,380000E+0	10,305000E+0	444,784000E+3	12,000000E+0
522	287,000000E+0	10,760000E+0	10,305000E+0	444,840000E+3	12,000000E+0
523	293,000000E+0	8,070000E+0	10,305000E+0	444,897000E+3	12,000000E+0
524	282,000000E+0	5,380000E+0	10,076000E+0	444,951000E+3	12,000000E+0
525	291,000000E+0	10,760000E+0	10,076000E+0	445,008000E+3	12,000000E+0
526	297,000000E+0	8,070000E+0	10,076000E+0	445,064000E+3	12,000000E+0
527	295,000000E+0	10,760000E+0	10,076000E+0	445,121000E+3	12,000000E+0
528	298,000000E+0	8,070000E+0	10,076000E+0	445,178000E+3	12,000000E+0
529	303,000000E+0	10,760000E+0	9,847000E+0	445,232000E+3	12,000000E+0
530	301,000000E+0	10,760000E+0	10,076000E+0	445,287000E+3	12,000000E+0
531	290,000000E+0	8,070000E+0	10,076000E+0	445,343000E+3	12,000000E+0
532	295,000000E+0	5,380000E+0	10,076000E+0	445,400000E+3	12,000000E+0
533	293,000000E+0	10,760000E+0	10,076000E+0	445,456000E+3	12,000000E+0
534	297,000000E+0	2,690000E+0	10,076000E+0	445,514000E+3	12,000000E+0
535	295,000000E+0	5,380000E+0	10,076000E+0	445,568000E+3	12,000000E+0
536	307,000000E+0	5,380000E+0	10,305000E+0	445,627000E+3	12,000000E+0
537	292,000000E+0	10,760000E+0	10,076000E+0	445,683000E+3	12,000000E+0
538	305,000000E+0	5,380000E+0	9,847000E+0	445,739000E+3	12,000000E+0
539	290,000000E+0	8,070000E+0	10,305000E+0	445,796000E+3	12,000000E+0
540	306,000000E+0	5,380000E+0	10,076000E+0	445,852000E+3	12,000000E+0
541	299,000000E+0	2,690000E+0	10,076000E+0	445,908000E+3	12,000000E+0
542	294,000000E+0	8,070000E+0	10,305000E+0	445,966000E+3	12,000000E+0
543	291,000000E+0	8,070000E+0	10,076000E+0	446,021000E+3	12,000000E+0
544	297,000000E+0	10,760000E+0	10,305000E+0	446,077000E+3	12,000000E+0
545	301,000000E+0	5,380000E+0	10,076000E+0	446,134000E+3	12,000000E+0
546	285,000000E+0	5,380000E+0	10,305000E+0	446,191000E+3	12,000000E+0
547	299,000000E+0	5,380000E+0	10,305000E+0	446,247000E+3	12,000000E+0
548	293,000000E+0	5,380000E+0	10,305000E+0	446,304000E+3	12,000000E+0
549	304,000000E+0	8,070000E+0	10,305000E+0	446,360000E+3	12,000000E+0
550	304,000000E+0	8,070000E+0	10,305000E+0	446,417000E+3	12,000000E+0
551	308,000000E+0	8,070000E+0	10,305000E+0	446,474000E+3	12,000000E+0
552	296,000000E+0	8,070000E+0	10,305000E+0	446,530000E+3	12,000000E+0
553	302,000000E+0	10,760000E+0	10,305000E+0	446,585000E+3	12,000000E+0
554	302,000000E+0	5,380000E+0	10,305000E+0	446,643000E+3	12,000000E+0
555	297,000000E+0	8,070000E+0	10,305000E+0	446,698000E+3	12,000000E+0
556	300,000000E+0	5,380000E+0	10,305000E+0	446,755000E+3	12,000000E+0
557	295,000000E+0	2,690000E+0	10,076000E+0	446,810000E+3	12,000000E+0
558	285,000000E+0	2,690000E+0	10,305000E+0	446,866000E+3	12,000000E+0
559	300,000000E+0	5,380000E+0	10,076000E+0	446,920000E+3	12,000000E+0
560	290,000000E+0	5,380000E+0	9,847000E+0	446,976000E+3	12,000000E+0
561	284,000000E+0	8,070000E+0	9,847000E+0	447,030000E+3	12,000000E+0
562	284,000000E+0	8,070000E+0	9,618000E+0	447,084000E+3	12,000000E+0
563	283,000000E+0	10,760000E+0	9,618000E+0	447,137000E+3	12,000000E+0
564	289,000000E+0	8,070000E+0	9,618000E+0	447,190000E+3	12,000000E+0
565	292,000000E+0	8,070000E+0	9,618000E+0	447,244000E+3	12,000000E+0
566	283,000000E+0	8,070000E+0	9,847000E+0	447,300000E+3	12,000000E+0
567	301,000000E+0	2,690000E+0	9,847000E+0	447,353000E+3	12,000000E+0
568	293,000000E+0	10,760000E+0	9,847000E+0	447,410000E+3	12,000000E+0
569	293,000000E+0	10,760000E+0	9,847000E+0	447,464000E+3	12,000000E+0
570	303,000000E+0	5,380000E+0	9,847000E+0	447,519000E+3	12,000000E+0
571	288,000000E+0	8,070000E+0	10,076000E+0	447,575000E+3	12,000000E+0
572	301,000000E+0	5,380000E+0	10,076000E+0	447,632000E+3	12,000000E+0
573	281,000000E+0	10,760000E+0	10,076000E+0	447,687000E+3	12,000000E+0
574	291,000000E+0	10,760000E+0	10,076000E+0	447,743000E+3	12,000000E+0
575	284,000000E+0	8,070000E+0	10,076000E+0	447,798000E+3	12,000000E+0
576	289,000000E+0	8,070000E+0	10,076000E+0	447,855000E+3	12,000000E+0
577	286,000000E+0	8,070000E+0	10,076000E+0	447,911000E+3	12,000000E+0
578	287,000000E+0	10,760000E+0	9,847000E+0	447,966000E+3	12,000000E+0
579	287,000000E+0	5,380000E+0	10,076000E+0	448,021000E+3	12,000000E+0
580	295,000000E+0	5,380000E+0	10,076000E+0	448,076000E+3	12,000000E+0
581	289,000000E+0	8,070000E+0	10,076000E+0	448,131000E+3	12,000000E+0
582	290,000000E+0	8,070000E+0	10,076000E+0	448,187000E+3	12,000000E+0
583	287,000000E+0	8,070000E+0	10,076000E+0	448,240000E+3	12,000000E+0
584	279,000000E+0	5,380000E+0	10,076000E+0	448,296000E+3	12,000000E+0
585	290,000000E+0	5,380000E+0	10,076000E+0	448,352000E+3	12,000000E+0
586	297,000000E+0	8,070000E+0	10,305000E+0	448,409000E+3	12,000000E+0
587	294,000000E+0	5,380000E+0	10,305000E+0	448,464000E+3	12,000000E+0
588	303,000000E+0	8,070000E+0	10,305000E+0	448,520000E+3	12,000000E+0
589	298,000000E+0	8,070000E+0	10,305000E+0	448,575000E+3	12,000000E+0
590	304,000000E+0	8,070000E+0	10,305000E+0	448,633000E+3	12,000000E+0
591	292,000000E+0	5,380000E+0	10,305000E+0	448,687000E+3	12,000000E+0
592	293,000000E+0	5,380000E+0	10,305000E+0	448,744000E+3	12,000000E+0
593	288,000000E+0	8,070000E+0	10,305000E+0	448,801000E+3	12,000000E+0
594	302,000000E+0	8,070000E+0	10,305000E+0	448,856000E+3	12,000000E+0
595	292,000000E+0	10,760000E+0	10,534000E+0	448,913000E+3	12,000000E+0
596	291,000000E+0	5,380000E+0	10,305000E+0	448,971000E+3	12,000000E+0
597	305,000000E+0	5,380000E+0	10,305000E+0	449,026000E+3	12,000000E+0
598	305,000000E+0	2,690000E+0	10,534000E+0	449,084000E+3	12,000000E+0
599	294,000000E+0	5,380000E+0	10,076000E+0	449,143000E+3	12,000000E+0
600	293,000000E+0	10,760000E+0	10,076000E+0	449,199000E+3	12,000000E+0
601	285,000000E+0	8,070000E+0	10,305000E+0	449,256000E+3	12,000000E+0
602	305,000000E+0	5,380000E+0	10,076000E+0	449,312000E+3	12,000000E+0
603	302,000000E+0	8,070000E+0	10,305000E+0	449,368000E+3	12,000000E+0
604	288,000000E+0	10,760000E+0	10,076000E+0	449,423000E+3	12,000000E+0
605	288,000000E+0	5,380000E+0	10,076000E+0	449,479000E+3	12,000000E+0
606	293,000000E+0	2,690000E+0	10,076000E+0	449,537000E+3	12,000000E+0
607	300,000000E+0	8,070000E+0	10,076000E+0	449,595000E+3	12,000000E+0
608	297,000000E+0	10,760000E+0	10,076000E+0	449,650000E+3	12,000000E+0
609	293,000000E+0	5,380000E+0	10,076000E+0	449,707000E+3	12,000000E+0
610	285,000000E+0	5,380000E+0	10,076000E+0	449,763000E+3	12,000000E+0
611	305,000000E+0	8,070000E+0	10,076000E+0	449,819000E+3	12,000000E+0
612	309,000000E+0	8,070000E+0	10,305000E+0	449,877000E+3	12,000000E+0
613	296,000000E+0	8,070000E+0	10,076000E+0	449,933000E+3	12,000000E+0
614	293,000000E+0	10,760000E+0	10,305000E+0	449,990000E+3	12,000000E+0
615	300,000000E+0	8,070000E+0	10,305000E+0	450,048000E+3	12,000000E+0
616	291,000000E+0	8,070000E+0	10,076000E+0	450,103000E+3	12,000000E+0
617	295,000000E+0	8,070000E+0	10,305000E+0	450,160000E+3	12,000000E+0
618	295,000000E+0	8,070000E+0	10,076000E+0	450,216000E+3	12,000000E+0
619	295,000000E+0	8,070000E+0	10,076000E+0	450,271000E+3	12,000000E+0
620	286,000000E+0	8,070000E+0	10,305000E+0	450,329000E+3	12,000000E+0
621	304,000000E+0	2,690000E+0	10,076000E+0	450,384000E+3	12,000000E+0
622	293,000000E+0	5,380000E+0	10,305000E+0	450,440000E+3	12,000000E+0
623	299,000000E+0	8,070000E+0	10,305000E+0	450,498000E+3	12,000000E+0
624	297,000000E+0	5,380000E+0	10,305000E+0	450,554000E+3	12,000000E+0
625	301,000000E+0	8,070000E+0	10,305000E+0	450,609000E+3	12,000000E+0
626	290,000000E+0	10,760000E+0	10,305000E+0	450,664000E+3	12,000000E+0
627	305,000000E+0	5,380000E+0	10,305000E+0	450,721000E+3	12,000000E+0
628	289,000000E+0	5,380000E+0	10,305000E+0	450,778000E+3	12,000000E+0
629	303,000000E+0	5,380000E+0	10,305000E+0	450,833000E+3	12,000000E+0
630	305,000000E+0	5,380000E+0	10,305000E+0	450,890000E+3	12,000000E+0
631	295,000000E+0	10,760000E+0	10,305000E+0	450,945000E+3	12,000000E+0
632	297,000000E+0	5,380000E+0	10,076000E+0	451,000000E+3	12,000000E+0
633	287,000000E+0	8,070000E+0	10,076000E+0	451,056000E+3	12,000000E+0
634	302,000000E+0	5,380000E+0	10,076000E+0	451,112000E+3	12,000000E+0
635	294,000000E+0	5,380000E+0	9,847000E+0	451,166000E+3	12,000000E+0
636	286,000000E+0	8,070000E+0	9,847000E+0	451,222000E+3	12,000000E+0
637	296,000000E+0	5,380000E+0	9,847000E+0	451,276000E+3	12,000000E+0
638	273,000000E+0	5,380000E+0	9,618000E+0	451,330000E+3	12,000000E+0
639	283,000000E+0	8,070000E+0	9,618000E+0	451,384000E+3	12,000000E+0
640	285,000000E+0	5,380000E+0	9,618000E+0	451,438000E+3	12,000000E+0
641	282,000000E+0	8,070000E+0	9,847000E+0	451,493000E+3	12,000000E+0
642	288,000000E+0	8,070000E+0	9,847000E+0	451,547000E+3	12,000000E+0
643	280,000000E+0	5,380000E+0	9,847000E+0	451,602000E+3	12,000000E+0
644	279,000000E+0	5,380000E+0	9,847000E+0	451,657000E+3	12,000000E+0
645	293,000000E+0	8,070000E+0	9,847000E+0	451,713000E+3	12,000000E+0
646	285,000000E+0	5,380000E+0	10,076000E+0	451,768000E+3	12,000000E+0
647	287,000000E+0	8,070000E+0	10,076000E+0	451,825000E+3	12,000000E+0
648	290,000000E+0	2,690000E+0	10,076000E+0	451,881000E+3	12,000000E+0
649	303,000000E+0	2,690000E+0	10,076000E+0	451,938000E+3	12,000000E+0
650	298,000000E+0	8,070000E+0	10,305000E+0	451,994000E+3	12,000000E+0
651	286,000000E+0	10,760000E+0	10,076000E+0	452,050000E+3	12,000000E+0
652	287,000000E+0	8,070000E+0	10,076000E+0	452,106000E+3	12,000000E+0
653	299,000000E+0	2,690000E+0	10,076000E+0	452,161000E+3	12,000000E+0
654	298,000000E+0	8,070000E+0	10,076000E+0	452,217000E+3	12,000000E+0
655	297,000000E+0	8,070000E+0	10,305000E+0	452,274000E+3	12,000000E+0
656	290,000000E+0	5,380000E+0	10,076000E+0	452,329000E+3	12,000000E+0
657	295,000000E+0	2,690000E+0	10,305000E+0	452,384000E+3	12,000000E+0
658	304,000000E+0	5,380000E+0	10,305000E+0	452,441000E+3	12,000000E+0
659	284,000000E+0	8,070000E+0	10,305000E+0	452,497000E+3	12,000000E+0
660	303,000000E+0	5,380000E+0	10,305000E+0	452,553000E+3	12,000000E+0
661	288,000000E+0	8,070000E+0	10,305000E+0	452,610000E+3	12,000000E+0
662	295,000000E+0	5,380000E+0	10,305000E+0	452,666000E+3	12,000000E+0
663	291,000000E+0	8,070000E+0	10,305000E+0	452,721000E+3	12,000000E+0
664	297,000000E+0	10,760000E+0	10,305000E+0	452,778000E+3	12,000000E+0
665	289,000000E+0	8,070000E+0	10,305000E+0	452,834000E+3	12,000000E+0
666	304,000000E+0	5,380000E+0	10,305000E+0	452,891000E+3	12,000000E+0
667	289,000000E+0	8,070000E+0	10,305000E+0	452,945000E+3	12,000000E+0
668	294,000000E+0	5,380000E+0	10,305000E+0	453,000000E+3	12,000000E+0
669	300,000000E+0	10,760000E+0	10,305000E+0	453,057000E+3	12,000000E+0
670	286,000000E+0	8,070000E+0	10,305000E+0	453,113000E+3	12,000000E+0
671	300,000000E+0	10,760000E+0	10,305000E+0	453,171000E+3	12,000000E+0
672	288,000000E+0	5,380000E+0	10,076000E+0	453,228000E+3	12,000000E+0
673	294,000000E+0	8,070000E+0	10,305000E+0	453,285000E+3	12,000000E+0
674	298,000000E+0	8,070000E+0	10,305000E+0	453,342000E+3	12,000000E+0
675	306,000000E+0	8,070000E+0	10,076000E+0	453,398000E+3	12,000000E+0
676	290,000000E+0	5,380000E+0	10,305000E+0	453,455000E+3	12,000000E+0
677	296,000000E+0	8,070000E+0	9,847000E+0	453,509000E+3	12,000000E+0
678	289,000000E+0	8,070000E+0	9,847000E+0	453,565000E+3	12,000000E+0
679	295,000000E+0	8,070000E+0	10,076000E+0	453,623000E+3	12,000000E+0
680	295,000000E+0	10,760000E+0	9,847000E+0	453,680000E+3	12,000000E+0
681	298,000000E+0	8,070000E+0	10,305000E+0	453,736000E+3	12,000000E+0
682	306,000000E+0	5,380000E+0	10,076000E+0	453,793000E+3	12,000000E+0
683	301,000000E+0	2,690000E+0	10,076000E+0	453,850000E+3	12,000000E+0
684	291,000000E+0	8,070000E+0	10,305000E+0	453,906000E+3	12,000000E+0
685	292,000000E+0	10,760000E+0	10,305000E+0	453,964000E+3	12,000000E+0
686	303,000000E+0	8,070000E+0	10,305000E+0	454,020000E+3	12,000000E+0
687	301,000000E+0	5,380000E+0	10,305000E+0	454,078000E+3	12,000000E+0
688	316,000000E+0	5,380000E+0	10,305000E+0	454,137000E+3	12,000000E+0
689	295,000000E+0	5,380000E+0	10,305000E+0	454,194000E+3	12,000000E+0
690	300,000000E+0	5,380000E+0	10,534000E+0	454,252000E+3	12,000000E+0
691	299,000000E+0	2,690000E+0	10,305000E+0	454,310000E+3	12,000000E+0
692	314,000000E+0	8,070000E+0	10,305000E+0	454,367000E+3	12,000000E+0
693	307,000000E+0	5,380000E+0	10,534000E+0	454,426000E+3	12,000000E+0
694	297,000000E+0	10,760000E+0	10,305000E+0	454,481000E+3	12,000000E+0
695	300,000000E+0	8,070000E+0	10,305000E+0	454,538000E+3	12,000000E+0
696	289,000000E+0	8,070000E+0	10,305000E+0	454,596000E+3	12,000000E+0
697	308,000000E+0	5,380000E+0	10,305000E+0	454,653000E+3	12,000000E+0
698	303,000000E+0	5,380000E+0	10,534000E+0	454,708000E+3	12,000000E+0
699	298,000000E+0	5,380000E+0	10,534000E+0	454,764000E+3	12,000000E+0
700	304,000000E+0	5,380000E+0	10,305000E+0	454,822000E+3	12,000000E+0
701	293,000000E+0	2,690000E+0	10,305000E+0	454,879000E+3	12,000000E+0
702	295,000000E+0	8,070000E+0	10,305000E+0	454,935000E+3	12,000000E+0
703	302,000000E+0	8,070000E+0	10,305000E+0	454,992000E+3	12,000000E+0
704	290,000000E+0	8,070000E+0	10,305000E+0	455,048000E+3	12,000000E+0
705	303,000000E+0	5,380000E+0	10,305000E+0	455,104000E+3	12,000000E+0
706	302,000000E+0	10,760000E+0	10,076000E+0	455,160000E+3	12,000000E+0
707	289,000000E+0	8,070000E+0	10,076000E+0	455,216000E+3	12,000000E+0
708	298,000000E+0	5,380000E+0	10,076000E+0	455,273000E+3	12,000000E+0
709	306,000000E+0	8,070000E+0	10,076000E+0	455,329000E+3	12,000000E+0
710	305,000000E+0	8,070000E+0	10,076000E+0	455,385000E+3	12,000000E+0
711	301,000000E+0	5,380000E+0	10,076000E+0	455,441000E+3	12,000000E+0
712	300,000000E+0	8,070000E+0	10,076000E+0	455,498000E+3	12,000000E+0
713	296,000000E+0	8,070000E+0	10,076000E+0	455,552000E+3	12,000000E+0
714	288,000000E+0	2,690000E+0	9,847000E+0	455,610000E+3	12,000000E+0
715	290,000000E+0	5,380000E+0	9,847000E+0	455,664000E+3	12,000000E+0
716	305,000000E+0	5,380000E+0	9,847000E+0	455,720000E+3	12,000000E+0
717	294,000000E+0	5,380000E+0	10,076000E+0	455,777000E+3	12,000000E+0
718	296,000000E+0	10,760000E+0	10,076000E+0	455,833000E+3	12,000000E+0
719	296,000000E+0	5,380000E+0	10,076000E+0	455,888000E+3	12,000000E+0
720	299,000000E+0	10,760000E+0	10,076000E+0	455,946000E+3	12,000000E+0
721	295,000000E+0	10,760000E+0	10,076000E+0	456,002000E+3	12,000000E+0
722	292,000000E+0	8,070000E+0	10,305000E+0	456,060000E+3	12,000000E+0
723	302,000000E+0	2,690000E+0	10,305000E+0	456,118000E+3	12,000000E+0
724	290,000000E+0	10,760000E+0	10,305000E+0	456,174000E+3	12,000000E+0
725	290,000000E+0	5,380000E+0	10,305000E+0	456,230000E+3	12,000000E+0
726	306,000000E+0	5,380000E+0	10,534000E+0	456,289000E+3	12,000000E+0
727	301,000000E+0	8,070000E+0	10,534000E+0	456,346000E+3	12,000000E+0
728	291,000000E+0	5,380000E+0	10,534000E+0	456,403000E+3	12,000000E+0
729	308,000000E+0	5,380000E+0	10,534000E+0	456,461000E+3	12,000000E+0
730	295,000000E+0	5,380000E+0	10,534000E+0	456,519000E+3	12,000000E+0
731	300,000000E+0	8,070000E+0	10,534000E+0	456,576000E+3	12,000000E+0
732	306,000000E+0	2,690000E+0	10,534000E+0	456,634000E+3	12,000000E+0
733	307,000000E+0	5,380000E+0	10,534000E+0	456,691000E+3	12,000000E+0
734	295,000000E+0	5,380000E+0	10,534000E+0	456,747000E+3	12,000000E+0
735	295,000000E+0	10,760000E+0	10,534000E+0	456,805000E+3	12,000000E+0
736	295,000000E+0	5,380000E+0	10,534000E+0	456,862000E+3	12,000000E+0
737	294,000000E+0	8,070000E+0	10,534000E+0	456,921000E+3	12,000000E+0
738	295,000000E+0	5,380000E+0	10,534000E+0	456,978000E+3	12,000000E+0
739	305,000000E+0	2,690000E+0	10,534000E+0	457,036000E+3	12,000000E+0
740	310,000000E+0	5,380000E+0	10,534000E+0	457,092000E+3	12,000000E+0
741	297,000000E+0	8,070000E+0	10,534000E+0	457,150000E+3	12,000000E+0
742	305,000000E+0	8,070000E+0	10,534000E+0	457,207000E+3	12,000000E+0
743	309,000000E+0	2,690000E+0	10,534000E+0	457,266000E+3	12,000000E+0
744	314,000000E+0	2,690000E+0	10,305000E+0	457,324000E+3	12,000000E+0
745	312,000000E+0	5,380000E+0	10,534000E+0	457,382000E+3	12,000000E+0
746	299,000000E+0	8,070000E+0	10,534000E+0	457,439000E+3	12,000000E+0
747	297,000000E+0	10,760000E+0	10,305000E+0	457,497000E+3	12,000000E+0
748	307,000000E+0	10,760000E+0	10,534000E+0	457,555000E+3	12,000000E+0
749	296,000000E+0	5,380000E+0	10,305000E+0	457,612000E+3	12,000000E+0
750	294,000000E+0	8,070000E+0	10,076000E+0	457,667000E+3	12,000000E+0
751	296,000000E+0	2,690000E+0	10,305000E+0	457,727000E+3	12,000000E+0
752	304,000000E+0	2,690000E+0	10,076000E+0	457,784000E+3	12,000000E+0
753	285,000000E+0	8,070000E+0	10,305000E+0	457,840000E+3	12,000000E+0
754	303,000000E+0	5,380000E+0	10,305000E+0	457,898000E+3	12,000000E+0
755	308,000000E+0	5,380000E+0	10,076000E+0	457,954000E+3	12,000000E+0
756	303,000000E+0	10,760000E+0	10,305000E+0	458,011000E+3	12,000000E+0
757	297,000000E+0	5,380000E+0	10,305000E+0	458,069000E+3	12,000000E+0
758	315,000000E+0	2,690000E+0	10,305000E+0	458,126000E+3	12,000000E+0
759	305,000000E+0	8,070000E+0	10,305000E+0	458,184000E+3	12,000000E+0
760	289,000000E+0	8,070000E+0	10,305000E+0	458,242000E+3	12,000000E+0
761	298,000000E+0	10,760000E+0	10,305000E+0	458,300000E+3	12,000000E+0
762	300,000000E+0	5,380000E+0	10,534000E+0	458,357000E+3	12,000000E+0
763	295,000000E+0	2,690000E+0	10,534000E+0	458,415000E+3	12,000000E+0
764	295,000000E+0	5,380000E+0	10,305000E+0	458,473000E+3	12,000000E+0
765	297,000000E+0	2,690000E+0	10,534000E+0	458,530000E+3	12,000000E+0
766	309,000000E+0	5,380000E+0	10,534000E+0	458,588000E+3	12,000000E+0
767	302,000000E+0	8,070000E+0	10,305000E+0	458,646000E+3	12,000000E+0
768	297,000000E+0	8,070000E+0	10,534000E+0	458,704000E+3	12,000000E+0
769	296,000000E+0	8,070000E+0	10,305000E+0	458,760000E+3	12,000000E+0
770	285,000000E+0	2,690000E+0	10,305000E+0	458,814000E+3	12,000000E+0
771	300,000000E+0	2,690000E+0	10,305000E+0	458,870000E+3	12,000000E+0
772	293,000000E+0	5,380000E+0	10,305000E+0	458,928000E+3	12,000000E+0
773	289,000000E+0	5,380000E+0	10,305000E+0	458,985000E+3	12,000000E+0
774	308,000000E+0	8,070000E+0	10,305000E+0	459,042000E+3	12,000000E+0
775	303,000000E+0	5,380000E+0	10,305000E+0	459,099000E+3	12,000000E+0
776	288,000000E+0	8,070000E+0	10,305000E+0	459,155000E+3	12,000000E+0
777	290,000000E+0	5,380000E+0	10,305000E+0	459,211000E+3	12,000000E+0
778	306,000000E+0	8,070000E+0	10,305000E+0	459,269000E+3	12,000000E+0
779	290,000000E+0	5,380000E+0	10,305000E+0	459,325000E+3	12,000000E+0
780	308,000000E+0	8,070000E+0	10,305000E+0	459,383000E+3	12,000000E+0
781	295,000000E+0	8,070000E+0	10,305000E+0	459,439000E+3	12,000000E+0
782	291,000000E+0	5,380000E+0	10,305000E+0	459,496000E+3	12,000000E+0
783	292,000000E+0	5,380000E+0	10,305000E+0	459,553000E+3	12,000000E+0
784	295,000000E+0	8,070000E+0	10,305000E+0	459,610000E+3	12,000000E+0
785	300,000000E+0	2,690000E+0	10,305000E+0	459,667000E+3	12,000000E+0
786	292,000000E+0	5,380000E+0	10,076000E+0	459,724000E+3	12,000000E+0
787	309,000000E+0	8,070000E+0	10,076000E+0	459,780000E+3	12,000000E+0
788	283,000000E+0	5,380000E+0	10,076000E+0	459,838000E+3	12,000000E+0
789	285,000000E+0	8,070000E+0	10,076000E+0	459,894000E+3	12,000000E+0
790	293,000000E+0	8,070000E+0	10,076000E+0	459,950000E+3	12,000000E+0
791	307,000000E+0	5,380000E+0	10,305000E+0	460,007000E+3	12,000000E+0
792	304,000000E+0	8,070000E+0	10,305000E+0	460,064000E+3	12,000000E+0
793	311,000000E+0	8,070000E+0	10,305000E+0	460,122000E+3	12,000000E+0
794	304,000000E+0	8,070000E+0	10,305000E+0	460,179000E+3	12,000000E+0
795	307,000000E+0	8,070000E+0	10,305000E+0	460,237000E+3	12,000000E+0
796	307,000000E+0	2,690000E+0	10,534000E+0	460,295000E+3	12,000000E+0
797	312,000000E+0	5,380000E+0	10,534000E+0	460,351000E+3	12,000000E+0
798	312,000000E+0	5,380000E+0	10,534000E+0	460,409000E+3	12,000000E+0
799	309,000000E+0	8,070000E+0	10,534000E+0	460,467000E+3	12,000000E+0
800	293,000000E+0	8,070000E+0	10,534000E+0	460,525000E+3	12,000000E+0
801	299,000000E+0	5,380000E+0	10,534000E+0	460,581000E+3	12,000000E+0
802	295,000000E+0	8,070000E+0	10,534000E+0	460,640000E+3	12,000000E+0
803	314,000000E+0	5,380000E+0	10,534000E+0	460,699000E+3	12,000000E+0
804	312,000000E+0	8,070000E+0	10,763000E+0	460,757000E+3	12,000000E+0
805	313,000000E+0	5,380000E+0	10,763000E+0	460,816000E+3	12,000000E+0
806	293,000000E+0	8,070000E+0	10,763000E+0	460,887000E+3	12,000000E+0
807	306,000000E+0	8,070000E+0	10,763000E+0	460,945000E+3	12,000000E+0
808	13,312000E+3	1,379970E+3	2,696704E+3	118,017024E+6	3,072000E+3
809	294,000000E+0	8,070000E+0	10,534000E+0	461,062000E+3	12,000000E+0
810	299,000000E+0	5,380000E+0	10,763000E+0	461,119000E+3	12,000000E+0
811	310,000000E+0	5,380000E+0	10,534000E+0	461,175000E+3	12,000000E+0
812	315,000000E+0	8,070000E+0	10,534000E+0	461,234000E+3	12,000000E+0
813	304,000000E+0	5,380000E+0	10,534000E+0	461,291000E+3	12,000000E+0
814	308,000000E+0	5,380000E+0	10,534000E+0	461,350000E+3	12,000000E+0
815	310,000000E+0	5,380000E+0	10,534000E+0	461,409000E+3	12,000000E+0
816	306,000000E+0	8,070000E+0	10,534000E+0	461,467000E+3	12,000000E+0
817	14,080000E+3	2,068610E+3	2,638080E+3	118,150144E+6	3,072000E+3
818	306,000000E+0	5,380000E+0	10,534000E+0	461,583000E+3	12,000000E+0
819	311,000000E+0	8,070000E+0	10,534000E+0	461,641000E+3	12,000000E+0
820	304,000000E+0	5,380000E+0	10,305000E+0	461,698000E+3	12,000000E+0
821	288,000000E+0	5,380000E+0	10,305000E+0	461,756000E+3	12,000000E+0
822	296,000000E+0	2,690000E+0	10,534000E+0	461,817000E+3	12,000000E+0
823	311,000000E+0	5,380000E+0	10,305000E+0	461,874000E+3	12,000000E+0
824	301,000000E+0	8,070000E+0	10,305000E+0	461,932000E+3	12,000000E+0
825	9,728000E+3	691,330000E+0	2,696704E+3	118,269440E+6	3,072000E+3
826	306,000000E+0	10,760000E+0	10,076000E+0	462,047000E+3	12,000000E+0
827	306,000000E+0	5,380000E+0	10,534000E+0	462,105000E+3	12,000000E+0
828	311,000000E+0	8,070000E+0	10,305000E+0	462,163000E+3	12,000000E+0
829	308,000000E+0	10,760000E+0	10,305000E+0	462,220000E+3	12,000000E+0
830	308,000000E+0	10,760000E+0	10,534000E+0	462,279000E+3	12,000000E+0
831	302,000000E+0	8,070000E+0	10,534000E+0	462,338000E+3	12,000000E+0
832	296,000000E+0	5,380000E+0	10,534000E+0	462,396000E+3	12,000000E+0
833	13,824000E+3	1,379970E+3	2,755328E+3	118,388480E+6	3,072000E+3
834	316,000000E+0	5,380000E+0	10,534000E+0	462,513000E+3	12,000000E+0
835	319,000000E+0	5,380000E+0	10,534000E+0	462,572000E+3	12,000000E+0
836	312,000000E+0	5,380000E+0	10,763000E+0	462,630000E+3	12,000000E+0
837	311,000000E+0	8,070000E+0	10,763000E+0	462,689000E+3	12,000000E+0
838	301,000000E+0	5,380000E+0	10,534000E+0	462,748000E+3	12,000000E+0
839	296,000000E+0	2,690000E+0	10,763000E+0	462,806000E+3	12,000000E+0
840	298,000000E+0	5,380000E+0	10,534000E+0	462,864000E+3	12,000000E+0
841	298,000000E+0	5,380000E+0	10,534000E+0	462,919000E+3	12,000000E+0
842	311,000000E+0	5,380000E+0	10,763000E+0	462,977000E+3	12,000000E+0
843	291,000000E+0	8,070000E+0	10,534000E+0	463,036000E+3	12,000000E+0
844	290,000000E+0	8,070000E+0	10,305000E+0	463,092000E+3	12,000000E+0
845	296,000000E+0	8,070000E+0	10,305000E+0	463,150000E+3	12,000000E+0
846	294,000000E+0	8,070000E+0	10,305000E+0	463,206000E+3	12,000000E+0
847	288,000000E+0	5,380000E+0	10,305000E+0	463,264000E+3	12,000000E+0
848	295,000000E+0	5,380000E+0	10,305000E+0	463,320000E+3	12,000000E+0
849	298,000000E+0	8,070000E+0	10,305000E+0	463,377000E+3	12,000000E+0
850	291,000000E+0	8,070000E+0	10,305000E+0	463,434000E+3	12,000000E+0
851	85,000000E+0	823,140000E+0	675,349167E+3	310,640640E+6	700,000000E-3
852	304,000000E+0	8,070000E+0	10,305000E+0	463,549000E+3	12,000000E+0
853	307,000000E+0	10,760000E+0	10,305000E+0	463,606000E+3	12,000000E+0
854	11,264000E+3	1,379970E+3	2,579456E+3	118,697728E+6	3,072000E+3
855	10,752000E+3	2,068610E+3	2,638080E+3	118,712320E+6	3,072000E+3
856	295,000000E+0	10,760000E+0	10,305000E+0	463,777000E+3	12,000000E+0
857	296,000000E+0	5,380000E+0	10,305000E+0	463,835000E+3	12,000000E+0
858	291,000000E+0	10,760000E+0	10,305000E+0	463,891000E+3	12,000000E+0
859	304,000000E+0	10,760000E+0	10,305000E+0	463,950000E+3	12,000000E+0
860	12,544000E+3	1,379970E+3	2,638080E+3	118,786048E+6	3,072000E+3
861	304,000000E+0	8,070000E+0	10,305000E+0	464,065000E+3	12,000000E+0
862	301,000000E+0	8,070000E+0	10,305000E+0	464,123000E+3	12,000000E+0
863	312,000000E+0	5,380000E+0	10,305000E+0	464,180000E+3	12,000000E+0
864	291,000000E+0	5,380000E+0	10,305000E+0	464,238000E+3	12,000000E+0
865	21,760000E+3	37,186560E+3	176,731369E+6	-1,476395E+9	181,300000E+0
866	10,752000E+3	691,330000E+0	2,696704E+3	118,874624E+6	3,072000E+3
867	85,000000E+0	828,520000E+0	690,356682E+3	370,933760E+6	700,000000E-3
868	85,000000E+0	836,590000E+0	690,357140E+3	374,734848E+6	700,000000E-3
869	85,000000E+0	839,280000E+0	690,356682E+3	378,601472E+6	700,000000E-3
870	85,000000E+0	847,350000E+0	705,364655E+3	382,402560E+6	700,000000E-3
871	85,000000E+0	831,210000E+0	705,364655E+3	386,138112E+6	700,000000E-3
872	85,000000E+0	796,240000E+0	705,364426E+3	390,004736E+6	700,000000E-3
873	85,000000E+0	817,760000E+0	705,364426E+3	393,805824E+6	700,000000E-3
874	85,000000E+0	833,900000E+0	705,364426E+3	397,606912E+6	700,000000E-3
875	85,000000E+0	798,930000E+0	705,364655E+3	401,473536E+6	700,000000E-3
876	21,760000E+3	37,186560E+3	180,573352E+6	687,865856E+6	181,600000E+0
877	85,000000E+0	852,730000E+0	705,364426E+3	409,141248E+6	700,000000E-3
878	85,000000E+0	823,140000E+0	705,364197E+3	413,007872E+6	700,000000E-3
879	85,000000E+0	839,280000E+0	720,372399E+3	416,874496E+6	700,000000E-3
880	300,000000E+0	5,380000E+0	10,763000E+0	465,172000E+3	12,000000E+0
881	21,760000E+3	27,545600E+3	180,573411E+6	1,291846E+9	181,700000E+0
882	85,000000E+0	804,310000E+0	705,364884E+3	428,212224E+6	700,000000E-3
883	85,000000E+0	793,550000E+0	690,357140E+3	432,013312E+6	700,000000E-3
884	85,000000E+0	825,830000E+0	690,356911E+3	435,748864E+6	700,000000E-3
885	85,000000E+0	793,550000E+0	690,356911E+3	439,681024E+6	700,000000E-3
886	10,496000E+3	1,379970E+3	2,696704E+3	119,173120E+6	3,072000E+3
887	85,000000E+0	793,550000E+0	690,356911E+3	447,283200E+6	700,000000E-3
888	85,000000E+0	796,240000E+0	690,356911E+3	451,149824E+6	700,000000E-3
889	21,760000E+3	39,941120E+3	176,731311E+6	503,316480E+6	181,900000E+0
890	85,000000E+0	825,830000E+0	690,356911E+3	458,686464E+6	700,000000E-3
891	85,000000E+0	823,140000E+0	690,356911E+3	462,487552E+6	700,000000E-3
892	85,000000E+0	807,000000E+0	675,348938E+3	466,288640E+6	700,000000E-3
893	12,288000E+3	2,757250E+3	2,696704E+3	119,277568E+6	3,072000E+3
894	85,000000E+0	841,970000E+0	690,356911E+3	474,152960E+6	700,000000E-3
895	15,104000E+3	691,330000E+0	2,696704E+3	119,307520E+6	3,072000E+3
896	12,800000E+3	2,068610E+3	2,755328E+3	119,322880E+6	3,072000E+3
897	11,264000E+3	2,068610E+3	2,696704E+3	119,337984E+6	3,072000E+3
898	15,104000E+3	1,379970E+3	2,638080E+3	119,352576E+6	3,072000E+3
899	21,760000E+3	30,300160E+3	176,731311E+6	1,744830E+9	182,100000E+0
900	85,000000E+0	804,310000E+0	675,348938E+3	497,156096E+6	700,000000E-3
901	85,000000E+0	804,310000E+0	675,348938E+3	500,957184E+6	700,000000E-3
902	21,760000E+3	38,563840E+3	180,573235E+6	385,875968E+6	182,200000E+0
903	21,760000E+3	41,318400E+3	176,731252E+6	1,358954E+9	182,200000E+0
904	21,760000E+3	37,875200E+3	176,731311E+6	-1,946157E+9	182,200000E+0
905	21,760000E+3	28,922880E+3	176,731369E+6	-973,078528E+6	182,200000E+0
906	85,000000E+0	839,280000E+0	690,356682E+3	520,159232E+6	700,000000E-3
907	85,000000E+0	841,970000E+0	690,356911E+3	523,894784E+6	700,000000E-3
908	21,760000E+3	28,234240E+3	180,573352E+6	1,979711E+9	182,300000E+0
909	85,000000E+0	858,110000E+0	690,356682E+3	531,628032E+6	700,000000E-3
910	21,760000E+3	26,168320E+3	176,731428E+6	-369,098752E+6	182,300000E+0
911	85,000000E+0	850,040000E+0	690,356911E+3	539,164672E+6	700,000000E-3
912	85,000000E+0	801,620000E+0	690,356453E+3	542,900224E+6	700,000000E-3
913	85,000000E+0	804,310000E+0	690,356911E+3	546,570240E+6	700,000000E-3
914	14,336000E+3	1,379970E+3	2,696704E+3	119,590912E+6	3,072000E+3
915	85,000000E+0	825,830000E+0	690,356682E+3	554,237952E+6	700,000000E-3
916	8,448000E+3	1,379970E+3	2,638080E+3	119,620352E+6	3,072000E+3
917	9,216000E+3	2,068610E+3	2,638080E+3	119,634688E+6	3,072000E+3
918	11,264000E+3	2,757250E+3	2,638080E+3	119,649024E+6	3,072000E+3
919	8,448000E+3	2,068610E+3	2,638080E+3	119,663616E+6	3,072000E+3
920	287,000000E+0	5,380000E+0	10,076000E+0	467,492000E+3	12,000000E+0
921	309,000000E+0	10,760000E+0	10,305000E+0	467,548000E+3	12,000000E+0
922	8,448000E+3	1,379970E+3	2,638080E+3	119,707136E+6	3,072000E+3
923	13,056000E+3	2,757250E+3	2,638080E+3	119,721728E+6	3,072000E+3
924	13,056000E+3	1,379970E+3	2,638080E+3	119,736064E+6	3,072000E+3
925	304,000000E+0	5,380000E+0	10,305000E+0	467,778000E+3	12,000000E+0
926	309,000000E+0	8,070000E+0	10,305000E+0	467,835000E+3	12,000000E+0
927	302,000000E+0	10,760000E+0	10,305000E+0	467,894000E+3	12,000000E+0
928	300,000000E+0	10,760000E+0	10,305000E+0	467,951000E+3	12,000000E+0
929	299,000000E+0	5,380000E+0	10,305000E+0	468,009000E+3	12,000000E+0
930	309,000000E+0	5,380000E+0	10,305000E+0	468,068000E+3	12,000000E+0
931	300,000000E+0	5,380000E+0	10,305000E+0	468,125000E+3	12,000000E+0
932	310,000000E+0	8,070000E+0	10,305000E+0	468,183000E+3	12,000000E+0
933	305,000000E+0	2,690000E+0	10,534000E+0	468,242000E+3	12,000000E+0
934	30,000000E+0	228,650000E+0	15,079650E+3	46,000000E+0	954,800000E+0
935	7,681000E+3	58,534400E+3	11,544355E+6	11,520000E+3	3,584000E+3
936	291,000000E+0	5,380000E+0	10,534000E+0	468,430000E+3	12,000000E+0
937	293,000000E+0	8,070000E+0	10,534000E+0	468,503000E+3	12,000000E+0
938	300,000000E+0	5,380000E+0	10,534000E+0	468,560000E+3	12,000000E+0
939	310,000000E+0	8,070000E+0	10,534000E+0	468,618000E+3	12,000000E+0
940	309,000000E+0	10,760000E+0	10,763000E+0	468,677000E+3	12,000000E+0
941	313,000000E+0	8,070000E+0	10,763000E+0	468,734000E+3	12,000000E+0
942	309,000000E+0	8,070000E+0	10,763000E+0	468,793000E+3	12,000000E+0
943	294,000000E+0	8,070000E+0	10,763000E+0	468,851000E+3	12,000000E+0
944	303,000000E+0	8,070000E+0	10,534000E+0	468,909000E+3	12,000000E+0
945	307,000000E+0	5,380000E+0	10,763000E+0	468,967000E+3	12,000000E+0
946	315,000000E+0	5,380000E+0	10,763000E+0	469,025000E+3	12,000000E+0
947	299,000000E+0	8,070000E+0	10,763000E+0	469,098000E+3	12,000000E+0
948	312,000000E+0	2,690000E+0	10,763000E+0	469,156000E+3	12,000000E+0
949	302,000000E+0	10,760000E+0	10,763000E+0	469,216000E+3	12,000000E+0
950	300,000000E+0	8,070000E+0	10,763000E+0	469,275000E+3	12,000000E+0
951	312,000000E+0	8,070000E+0	10,763000E+0	469,332000E+3	12,000000E+0
952	301,000000E+0	8,070000E+0	10,763000E+0	469,391000E+3	12,000000E+0
953	307,000000E+0	10,760000E+0	10,763000E+0	469,450000E+3	12,000000E+0
954	301,000000E+0	5,380000E+0	10,534000E+0	469,508000E+3	12,000000E+0
955	317,000000E+0	5,380000E+0	10,763000E+0	469,567000E+3	12,000000E+0
956	300,000000E+0	5,380000E+0	10,534000E+0	469,627000E+3	12,000000E+0
957	308,000000E+0	5,380000E+0	10,763000E+0	469,685000E+3	12,000000E+0
958	317,000000E+0	5,380000E+0	10,534000E+0	469,745000E+3	12,000000E+0
959	308,000000E+0	8,070000E+0	10,534000E+0	469,803000E+3	12,000000E+0
960	317,000000E+0	5,380000E+0	10,534000E+0	469,861000E+3	12,000000E+0
961	300,000000E+0	5,380000E+0	10,534000E+0	469,919000E+3	12,000000E+0
962	315,000000E+0	5,380000E+0	10,305000E+0	469,978000E+3	12,000000E+0
963	320,000000E+0	5,380000E+0	10,534000E+0	470,038000E+3	12,000000E+0
964	316,000000E+0	10,760000E+0	10,534000E+0	470,098000E+3	12,000000E+0
965	314,000000E+0	10,760000E+0	10,534000E+0	470,156000E+3	12,000000E+0
966	312,000000E+0	8,070000E+0	10,534000E+0	470,217000E+3	12,000000E+0
967	320,000000E+0	8,070000E+0	10,763000E+0	470,276000E+3	12,000000E+0
968	315,000000E+0	5,380000E+0	10,534000E+0	470,335000E+3	12,000000E+0
969	315,000000E+0	10,760000E+0	10,534000E+0	470,393000E+3	12,000000E+0
970	300,000000E+0	8,070000E+0	10,763000E+0	470,453000E+3	12,000000E+0
971	300,000000E+0	2,690000E+0	10,305000E+0	470,512000E+3	12,000000E+0
972	315,000000E+0	8,070000E+0	10,534000E+0	470,570000E+3	12,000000E+0
973	304,000000E+0	5,380000E+0	10,763000E+0	470,630000E+3	12,000000E+0
974	310,000000E+0	8,070000E+0	10,534000E+0	470,688000E+3	12,000000E+0
975	313,000000E+0	8,070000E+0	10,763000E+0	470,747000E+3	12,000000E+0
976	308,000000E+0	5,380000E+0	10,763000E+0	470,807000E+3	12,000000E+0
977	316,000000E+0	5,380000E+0	10,763000E+0	470,866000E+3	12,000000E+0
978	303,000000E+0	8,070000E+0	10,763000E+0	470,925000E+3	12,000000E+0
979	305,000000E+0	5,380000E+0	10,763000E+0	470,985000E+3	12,000000E+0
980	297,000000E+0	8,070000E+0	10,763000E+0	471,043000E+3	12,000000E+0
981	317,000000E+0	5,380000E+0	10,763000E+0	471,099000E+3	12,000000E+0
982	308,000000E+0	5,380000E+0	10,763000E+0	471,158000E+3	12,000000E+0
983	306,000000E+0	5,380000E+0	10,763000E+0	471,218000E+3	12,000000E+0
984	310,000000E+0	2,690000E+0	10,763000E+0	471,276000E+3	12,000000E+0
985	319,000000E+0	5,380000E+0	10,763000E+0	471,335000E+3	12,000000E+0
986	298,000000E+0	8,070000E+0	10,534000E+0	471,392000E+3	12,000000E+0
987	298,000000E+0	10,760000E+0	10,534000E+0	471,450000E+3	12,000000E+0
988	307,000000E+0	5,380000E+0	10,534000E+0	471,507000E+3	12,000000E+0
989	303,000000E+0	8,070000E+0	10,305000E+0	471,564000E+3	12,000000E+0
990	290,000000E+0	10,760000E+0	10,305000E+0	471,621000E+3	12,000000E+0
991	305,000000E+0	8,070000E+0	10,076000E+0	471,678000E+3	12,000000E+0
992	303,000000E+0	10,760000E+0	10,076000E+0	471,733000E+3	12,000000E+0
993	306,000000E+0	10,760000E+0	10,305000E+0	471,790000E+3	12,000000E+0
994	294,000000E+0	8,070000E+0	10,305000E+0	471,847000E+3	12,000000E+0
995	307,000000E+0	5,380000E+0	10,305000E+0	471,904000E+3	12,000000E+0
996	308,000000E+0	8,070000E+0	10,305000E+0	471,962000E+3	12,000000E+0
997	304,000000E+0	8,070000E+0	10,305000E+0	472,019000E+3	12,000000E+0
998	296,000000E+0	5,380000E+0	10,305000E+0	472,076000E+3	12,000000E+0
999	293,000000E+0	8,070000E+0	10,305000E+0	472,134000E+3	12,000000E+0
1000	304,000000E+0	8,070000E+0	10,305000E+0	472,193000E+3	12,000000E+0
1001	296,000000E+0	5,380000E+0	10,305000E+0	472,250000E+3	12,000000E+0
1002	303,000000E+0	5,380000E+0	10,534000E+0	472,309000E+3	12,000000E+0
1003	294,000000E+0	8,070000E+0	10,305000E+0	472,366000E+3	12,000000E+0
1004	302,000000E+0	8,070000E+0	10,534000E+0	472,426000E+3	12,000000E+0
1005	296,000000E+0	8,070000E+0	10,534000E+0	472,484000E+3	12,000000E+0
1006	296,000000E+0	8,070000E+0	10,534000E+0	472,541000E+3	12,000000E+0
1007	297,000000E+0	5,380000E+0	10,534000E+0	472,600000E+3	12,000000E+0
1008	302,000000E+0	10,760000E+0	10,534000E+0	472,656000E+3	12,000000E+0
1009	296,000000E+0	8,070000E+0	10,534000E+0	472,714000E+3	12,000000E+0
1010	293,000000E+0	8,070000E+0	10,534000E+0	472,772000E+3	12,000000E+0
1011	295,000000E+0	8,070000E+0	10,534000E+0	472,829000E+3	12,000000E+0
1012	306,000000E+0	10,760000E+0	10,763000E+0	472,888000E+3	12,000000E+0
1013	298,000000E+0	8,070000E+0	10,763000E+0	472,946000E+3	12,000000E+0
1014	316,000000E+0	5,380000E+0	10,763000E+0	473,004000E+3	12,000000E+0
1015	313,000000E+0	5,380000E+0	10,763000E+0	473,062000E+3	12,000000E+0
1016	315,000000E+0	2,690000E+0	10,763000E+0	473,120000E+3	12,000000E+0
1017	320,000000E+0	5,380000E+0	10,763000E+0	473,180000E+3	12,000000E+0
1018	312,000000E+0	5,380000E+0	10,763000E+0	473,238000E+3	12,000000E+0
1019	298,000000E+0	8,070000E+0	10,763000E+0	473,297000E+3	12,000000E+0
1020	304,000000E+0	8,070000E+0	10,763000E+0	473,356000E+3	12,000000E+0
1021	317,000000E+0	5,380000E+0	10,763000E+0	473,414000E+3	12,000000E+0
1022	310,000000E+0	5,380000E+0	10,763000E+0	473,472000E+3	12,000000E+0
1023	304,000000E+0	10,760000E+0	10,534000E+0	473,530000E+3	12,000000E+0
1024	310,000000E+0	8,070000E+0	10,763000E+0	473,588000E+3	12,000000E+0
1025	297,000000E+0	8,070000E+0	10,763000E+0	473,649000E+3	12,000000E+0
1026	303,000000E+0	5,380000E+0	10,534000E+0	473,708000E+3	12,000000E+0
1027	299,000000E+0	5,380000E+0	10,534000E+0	473,766000E+3	12,000000E+0
1028	301,000000E+0	2,690000E+0	10,534000E+0	473,825000E+3	12,000000E+0
1029	304,000000E+0	5,380000E+0	10,534000E+0	473,883000E+3	12,000000E+0
1030	317,000000E+0	8,070000E+0	10,763000E+0	473,942000E+3	12,000000E+0
1031	320,000000E+0	10,760000E+0	10,534000E+0	474,000000E+3	12,000000E+0
1032	300,000000E+0	5,380000E+0	10,305000E+0	474,057000E+3	12,000000E+0
1033	316,000000E+0	5,380000E+0	10,534000E+0	474,118000E+3	12,000000E+0
1034	308,000000E+0	8,070000E+0	10,305000E+0	474,177000E+3	12,000000E+0
1035	310,000000E+0	5,380000E+0	10,534000E+0	474,235000E+3	12,000000E+0
1036	316,000000E+0	8,070000E+0	10,534000E+0	474,296000E+3	12,000000E+0
1037	305,000000E+0	8,070000E+0	10,534000E+0	474,354000E+3	12,000000E+0
1038	303,000000E+0	5,380000E+0	10,534000E+0	474,413000E+3	12,000000E+0
1039	316,000000E+0	8,070000E+0	10,763000E+0	474,472000E+3	12,000000E+0
1040	318,000000E+0	10,760000E+0	10,534000E+0	474,531000E+3	12,000000E+0
1041	308,000000E+0	8,070000E+0	10,534000E+0	474,589000E+3	12,000000E+0
1042	306,000000E+0	10,760000E+0	10,763000E+0	474,649000E+3	12,000000E+0
1043	303,000000E+0	5,380000E+0	10,534000E+0	474,708000E+3	12,000000E+0
1044	300,000000E+0	2,690000E+0	10,534000E+0	474,766000E+3	12,000000E+0
1045	308,000000E+0	8,070000E+0	10,763000E+0	474,826000E+3	12,000000E+0
1046	315,000000E+0	8,070000E+0	10,534000E+0	474,885000E+3	12,000000E+0
1047	307,000000E+0	8,070000E+0	10,534000E+0	474,942000E+3	12,000000E+0
1048	311,000000E+0	10,760000E+0	10,763000E+0	475,002000E+3	12,000000E+0
1049	308,000000E+0	2,690000E+0	10,763000E+0	475,061000E+3	12,000000E+0
1050	296,000000E+0	5,380000E+0	10,763000E+0	475,120000E+3	12,000000E+0
1051	307,000000E+0	2,690000E+0	10,763000E+0	475,177000E+3	12,000000E+0
1052	298,000000E+0	5,380000E+0	10,763000E+0	475,234000E+3	12,000000E+0
1053	304,000000E+0	8,070000E+0	10,763000E+0	475,293000E+3	12,000000E+0
1054	298,000000E+0	5,380000E+0	10,763000E+0	475,353000E+3	12,000000E+0
1055	298,000000E+0	5,380000E+0	10,534000E+0	475,410000E+3	12,000000E+0
1056	294,000000E+0	8,070000E+0	10,534000E+0	475,468000E+3	12,000000E+0
1057	296,000000E+0	10,760000E+0	10,534000E+0	475,525000E+3	12,000000E+0
1058	293,000000E+0	8,070000E+0	10,534000E+0	475,582000E+3	12,000000E+0
1059	303,000000E+0	8,070000E+0	10,305000E+0	475,641000E+3	12,000000E+0
1060	299,000000E+0	10,760000E+0	10,305000E+0	475,698000E+3	12,000000E+0
1061	300,000000E+0	5,380000E+0	10,305000E+0	475,756000E+3	12,000000E+0
1062	288,000000E+0	8,070000E+0	10,305000E+0	475,813000E+3	12,000000E+0
1063	309,000000E+0	5,380000E+0	10,076000E+0	475,869000E+3	12,000000E+0
1064	291,000000E+0	2,690000E+0	10,076000E+0	475,927000E+3	12,000000E+0
1065	21,760000E+3	29,611520E+3	169,047405E+6	1,291846E+9	185,900000E+0
1066	292,000000E+0	13,450000E+0	10,076000E+0	476,037000E+3	12,000000E+0
1067	314,000000E+0	2,690000E+0	10,305000E+0	476,096000E+3	12,000000E+0
1068	308,000000E+0	8,070000E+0	10,305000E+0	476,152000E+3	12,000000E+0
1069	306,000000E+0	8,070000E+0	10,305000E+0	476,211000E+3	12,000000E+0
1070	302,000000E+0	2,690000E+0	10,305000E+0	476,269000E+3	12,000000E+0
1071	307,000000E+0	8,070000E+0	10,305000E+0	476,327000E+3	12,000000E+0
1072	317,000000E+0	2,690000E+0	10,305000E+0	476,385000E+3	12,000000E+0
1073	306,000000E+0	5,380000E+0	10,534000E+0	476,443000E+3	12,000000E+0
1074	318,000000E+0	8,070000E+0	10,534000E+0	476,500000E+3	12,000000E+0
1075	308,000000E+0	2,690000E+0	10,534000E+0	476,560000E+3	12,000000E+0
1076	293,000000E+0	8,070000E+0	10,534000E+0	476,617000E+3	12,000000E+0
1077	317,000000E+0	5,380000E+0	10,763000E+0	476,677000E+3	12,000000E+0
1078	312,000000E+0	5,380000E+0	10,534000E+0	476,734000E+3	12,000000E+0
1079	314,000000E+0	8,070000E+0	10,763000E+0	476,793000E+3	12,000000E+0
1080	303,000000E+0	5,380000E+0	10,763000E+0	476,852000E+3	12,000000E+0
1081	318,000000E+0	8,070000E+0	10,763000E+0	476,910000E+3	12,000000E+0
1082	290,000000E+0	5,380000E+0	10,763000E+0	476,969000E+3	12,000000E+0
1083	302,000000E+0	2,690000E+0	10,763000E+0	477,027000E+3	12,000000E+0
1084	312,000000E+0	5,380000E+0	10,763000E+0	477,087000E+3	12,000000E+0
1085	306,000000E+0	8,070000E+0	10,763000E+0	477,146000E+3	12,000000E+0
1086	310,000000E+0	2,690000E+0	10,763000E+0	477,204000E+3	12,000000E+0
1087	297,000000E+0	8,070000E+0	10,763000E+0	477,263000E+3	12,000000E+0
1088	297,000000E+0	10,760000E+0	10,763000E+0	477,321000E+3	12,000000E+0
1089	299,000000E+0	10,760000E+0	10,763000E+0	477,380000E+3	12,000000E+0
1090	306,000000E+0	5,380000E+0	10,763000E+0	477,439000E+3	12,000000E+0
1091	316,000000E+0	5,380000E+0	10,763000E+0	477,497000E+3	12,000000E+0
1092	319,000000E+0	5,380000E+0	10,763000E+0	477,555000E+3	12,000000E+0
1093	306,000000E+0	8,070000E+0	10,763000E+0	477,615000E+3	12,000000E+0
1094	315,000000E+0	5,380000E+0	10,763000E+0	477,673000E+3	12,000000E+0
1095	312,000000E+0	5,380000E+0	10,763000E+0	477,733000E+3	12,000000E+0
1096	312,000000E+0	8,070000E+0	10,763000E+0	477,793000E+3	12,000000E+0
1097	310,000000E+0	2,690000E+0	10,763000E+0	477,852000E+3	12,000000E+0
1098	311,000000E+0	10,760000E+0	10,534000E+0	477,911000E+3	12,000000E+0
1099	296,000000E+0	10,760000E+0	10,534000E+0	477,970000E+3	12,000000E+0
1100	300,000000E+0	8,070000E+0	10,763000E+0	478,029000E+3	12,000000E+0
1101	316,000000E+0	8,070000E+0	10,305000E+0	478,086000E+3	12,000000E+0
1102	308,000000E+0	2,690000E+0	10,305000E+0	478,145000E+3	12,000000E+0
1103	303,000000E+0	5,380000E+0	10,534000E+0	478,205000E+3	12,000000E+0
1104	317,000000E+0	2,690000E+0	10,305000E+0	478,263000E+3	12,000000E+0
1105	309,000000E+0	2,690000E+0	10,534000E+0	478,321000E+3	12,000000E+0
1106	303,000000E+0	10,760000E+0	10,534000E+0	478,381000E+3	12,000000E+0
1107	300,000000E+0	8,070000E+0	10,305000E+0	478,439000E+3	12,000000E+0
1108	305,000000E+0	2,690000E+0	10,534000E+0	478,498000E+3	12,000000E+0
1109	311,000000E+0	5,380000E+0	10,534000E+0	478,557000E+3	12,000000E+0
1110	304,000000E+0	2,690000E+0	10,534000E+0	478,615000E+3	12,000000E+0
1111	305,000000E+0	8,070000E+0	10,534000E+0	478,675000E+3	12,000000E+0
1112	324,000000E+0	8,070000E+0	10,763000E+0	478,735000E+3	12,000000E+0
1113	325,000000E+0	8,070000E+0	10,763000E+0	478,795000E+3	12,000000E+0
1114	312,000000E+0	5,380000E+0	10,763000E+0	478,854000E+3	12,000000E+0
1115	316,000000E+0	5,380000E+0	10,992000E+0	478,914000E+3	12,000000E+0
1116	305,000000E+0	5,380000E+0	10,763000E+0	478,974000E+3	12,000000E+0
1117	319,000000E+0	8,070000E+0	10,534000E+0	479,031000E+3	12,000000E+0
1118	299,000000E+0	5,380000E+0	10,763000E+0	479,090000E+3	12,000000E+0
1119	310,000000E+0	10,760000E+0	10,534000E+0	479,150000E+3	12,000000E+0
1120	301,000000E+0	5,380000E+0	10,763000E+0	479,208000E+3	12,000000E+0
1121	309,000000E+0	8,070000E+0	10,763000E+0	479,266000E+3	12,000000E+0
1122	312,000000E+0	8,070000E+0	10,763000E+0	479,325000E+3	12,000000E+0
1123	314,000000E+0	8,070000E+0	10,763000E+0	479,383000E+3	12,000000E+0
1124	309,000000E+0	8,070000E+0	10,763000E+0	479,444000E+3	12,000000E+0
1125	313,000000E+0	10,760000E+0	10,763000E+0	479,501000E+3	12,000000E+0
1126	305,000000E+0	5,380000E+0	10,763000E+0	479,560000E+3	12,000000E+0
1127	315,000000E+0	5,380000E+0	10,763000E+0	479,618000E+3	12,000000E+0
1128	305,000000E+0	10,760000E+0	10,763000E+0	479,675000E+3	12,000000E+0
1129	316,000000E+0	8,070000E+0	10,534000E+0	479,734000E+3	12,000000E+0
1130	316,000000E+0	8,070000E+0	10,534000E+0	479,793000E+3	12,000000E+0
1131	298,000000E+0	8,070000E+0	10,534000E+0	479,852000E+3	12,000000E+0
1132	301,000000E+0	2,690000E+0	10,534000E+0	479,910000E+3	12,000000E+0
1133	314,000000E+0	5,380000E+0	10,534000E+0	479,968000E+3	12,000000E+0
1134	313,000000E+0	5,380000E+0	10,305000E+0	480,025000E+3	12,000000E+0
1135	313,000000E+0	8,070000E+0	10,305000E+0	480,083000E+3	12,000000E+0
1136	313,000000E+0	8,070000E+0	10,305000E+0	480,140000E+3	12,000000E+0
1137	294,000000E+0	8,070000E+0	10,305000E+0	480,199000E+3	12,000000E+0
1138	293,000000E+0	5,380000E+0	10,305000E+0	480,256000E+3	12,000000E+0
1139	302,000000E+0	5,380000E+0	10,305000E+0	480,313000E+3	12,000000E+0
1140	312,000000E+0	5,380000E+0	10,305000E+0	480,372000E+3	12,000000E+0
1141	303,000000E+0	10,760000E+0	10,534000E+0	480,430000E+3	12,000000E+0
1142	319,000000E+0	8,070000E+0	10,534000E+0	480,489000E+3	12,000000E+0
1143	315,000000E+0	8,070000E+0	10,534000E+0	480,547000E+3	12,000000E+0
1144	309,000000E+0	2,690000E+0	10,534000E+0	480,606000E+3	12,000000E+0
1145	316,000000E+0	2,690000E+0	10,534000E+0	480,665000E+3	12,000000E+0
1146	309,000000E+0	5,380000E+0	10,534000E+0	480,724000E+3	12,000000E+0
1147	315,000000E+0	2,690000E+0	10,763000E+0	480,783000E+3	12,000000E+0
1148	309,000000E+0	5,380000E+0	10,763000E+0	480,841000E+3	12,000000E+0
1149	299,000000E+0	10,760000E+0	10,763000E+0	480,901000E+3	12,000000E+0
1150	301,000000E+0	5,380000E+0	10,992000E+0	480,962000E+3	12,000000E+0
1151	311,000000E+0	8,070000E+0	10,763000E+0	481,019000E+3	12,000000E+0
1152	298,000000E+0	10,760000E+0	10,992000E+0	481,079000E+3	12,000000E+0
1153	310,000000E+0	5,380000E+0	10,992000E+0	481,138000E+3	12,000000E+0
1154	310,000000E+0	8,070000E+0	10,763000E+0	481,196000E+3	12,000000E+0
1155	301,000000E+0	8,070000E+0	10,763000E+0	481,256000E+3	12,000000E+0
1156	308,000000E+0	8,070000E+0	10,992000E+0	481,315000E+3	12,000000E+0
1157	317,000000E+0	5,380000E+0	10,992000E+0	481,374000E+3	12,000000E+0
1158	315,000000E+0	5,380000E+0	10,763000E+0	481,433000E+3	12,000000E+0
1159	304,000000E+0	5,380000E+0	10,992000E+0	481,493000E+3	12,000000E+0
1160	315,000000E+0	5,380000E+0	10,992000E+0	481,552000E+3	12,000000E+0
1161	305,000000E+0	8,070000E+0	10,992000E+0	481,612000E+3	12,000000E+0
1162	322,000000E+0	8,070000E+0	10,992000E+0	481,670000E+3	12,000000E+0
1163	325,000000E+0	8,070000E+0	10,763000E+0	481,730000E+3	12,000000E+0
1164	305,000000E+0	2,690000E+0	10,763000E+0	481,789000E+3	12,000000E+0
1165	309,000000E+0	8,070000E+0	10,992000E+0	481,851000E+3	12,000000E+0
1166	314,000000E+0	10,760000E+0	10,763000E+0	481,911000E+3	12,000000E+0
1167	325,000000E+0	8,070000E+0	10,763000E+0	481,971000E+3	12,000000E+0
1168	323,000000E+0	8,070000E+0	10,992000E+0	482,033000E+3	12,000000E+0
1169	306,000000E+0	5,380000E+0	10,763000E+0	482,093000E+3	12,000000E+0
1170	323,000000E+0	8,070000E+0	10,763000E+0	482,152000E+3	12,000000E+0
1171	323,000000E+0	5,380000E+0	10,992000E+0	482,213000E+3	12,000000E+0
1172	312,000000E+0	2,690000E+0	10,534000E+0	482,273000E+3	12,000000E+0
1173	307,000000E+0	5,380000E+0	10,763000E+0	482,332000E+3	12,000000E+0
1174	321,000000E+0	8,070000E+0	10,992000E+0	482,394000E+3	12,000000E+0
1175	327,000000E+0	5,380000E+0	10,763000E+0	482,454000E+3	12,000000E+0
1176	308,000000E+0	5,380000E+0	10,763000E+0	482,514000E+3	12,000000E+0
1177	309,000000E+0	2,690000E+0	10,763000E+0	482,574000E+3	12,000000E+0
1178	326,000000E+0	8,070000E+0	10,763000E+0	482,634000E+3	12,000000E+0
1179	320,000000E+0	5,380000E+0	10,763000E+0	482,694000E+3	12,000000E+0
1180	325,000000E+0	5,380000E+0	10,992000E+0	482,755000E+3	12,000000E+0
1181	321,000000E+0	5,380000E+0	10,763000E+0	482,816000E+3	12,000000E+0
1182	322,000000E+0	8,070000E+0	10,763000E+0	482,875000E+3	12,000000E+0
1183	326,000000E+0	2,690000E+0	10,992000E+0	482,936000E+3	12,000000E+0
1184	307,000000E+0	8,070000E+0	10,992000E+0	482,996000E+3	12,000000E+0
1185	314,000000E+0	5,380000E+0	10,763000E+0	483,056000E+3	12,000000E+0
1186	315,000000E+0	5,380000E+0	10,763000E+0	483,114000E+3	12,000000E+0
1187	299,000000E+0	5,380000E+0	10,763000E+0	483,174000E+3	12,000000E+0
1188	313,000000E+0	5,380000E+0	10,763000E+0	483,233000E+3	12,000000E+0
1189	300,000000E+0	5,380000E+0	10,763000E+0	483,292000E+3	12,000000E+0
1190	303,000000E+0	10,760000E+0	10,763000E+0	483,352000E+3	12,000000E+0
1191	302,000000E+0	8,070000E+0	10,534000E+0	483,407000E+3	12,000000E+0
1192	306,000000E+0	5,380000E+0	10,763000E+0	483,465000E+3	12,000000E+0
1193	305,000000E+0	8,070000E+0	10,763000E+0	483,526000E+3	12,000000E+0
1194	303,000000E+0	8,070000E+0	10,763000E+0	483,584000E+3	12,000000E+0
1195	311,000000E+0	10,760000E+0	10,763000E+0	483,642000E+3	12,000000E+0
1196	303,000000E+0	8,070000E+0	10,763000E+0	483,700000E+3	12,000000E+0
1197	318,000000E+0	5,380000E+0	10,763000E+0	483,758000E+3	12,000000E+0
1198	304,000000E+0	10,760000E+0	10,534000E+0	483,817000E+3	12,000000E+0
1199	314,000000E+0	8,070000E+0	10,534000E+0	483,875000E+3	12,000000E+0
1200	308,000000E+0	8,070000E+0	10,534000E+0	483,933000E+3	12,000000E+0
1201	305,000000E+0	2,690000E+0	10,534000E+0	483,992000E+3	12,000000E+0
1202	312,000000E+0	10,760000E+0	10,534000E+0	484,050000E+3	12,000000E+0
1203	301,000000E+0	2,690000E+0	10,534000E+0	484,109000E+3	12,000000E+0
1204	302,000000E+0	5,380000E+0	10,534000E+0	484,169000E+3	12,000000E+0
1205	309,000000E+0	8,070000E+0	10,534000E+0	484,226000E+3	12,000000E+0
1206	309,000000E+0	8,070000E+0	10,534000E+0	484,286000E+3	12,000000E+0
1207	309,000000E+0	10,760000E+0	10,534000E+0	484,344000E+3	12,000000E+0
1208	304,000000E+0	5,380000E+0	10,534000E+0	484,403000E+3	12,000000E+0
1209	299,000000E+0	2,690000E+0	10,534000E+0	484,462000E+3	12,000000E+0
1210	309,000000E+0	2,690000E+0	10,534000E+0	484,520000E+3	12,000000E+0
1211	303,000000E+0	8,070000E+0	10,534000E+0	484,579000E+3	12,000000E+0
1212	313,000000E+0	2,690000E+0	10,534000E+0	484,638000E+3	12,000000E+0
1213	314,000000E+0	8,070000E+0	10,534000E+0	484,696000E+3	12,000000E+0
1214	303,000000E+0	5,380000E+0	10,534000E+0	484,755000E+3	12,000000E+0
1215	314,000000E+0	5,380000E+0	10,534000E+0	484,814000E+3	12,000000E+0
1216	306,000000E+0	5,380000E+0	10,763000E+0	484,874000E+3	12,000000E+0
1217	306,000000E+0	10,760000E+0	10,763000E+0	484,932000E+3	12,000000E+0
1218	314,000000E+0	8,070000E+0	10,763000E+0	484,991000E+3	12,000000E+0
1219	304,000000E+0	8,070000E+0	10,763000E+0	485,051000E+3	12,000000E+0
1220	304,000000E+0	5,380000E+0	10,763000E+0	485,108000E+3	12,000000E+0
1221	319,000000E+0	10,760000E+0	10,992000E+0	485,169000E+3	12,000000E+0
1222	310,000000E+0	5,380000E+0	10,992000E+0	485,228000E+3	12,000000E+0
1223	318,000000E+0	8,070000E+0	10,992000E+0	485,288000E+3	12,000000E+0
1224	312,000000E+0	5,380000E+0	10,992000E+0	485,348000E+3	12,000000E+0
1225	316,000000E+0	8,070000E+0	11,221000E+0	485,408000E+3	12,000000E+0
1226	305,000000E+0	8,070000E+0	10,992000E+0	485,468000E+3	12,000000E+0
1227	322,000000E+0	2,690000E+0	10,992000E+0	485,527000E+3	12,000000E+0
1228	318,000000E+0	5,380000E+0	10,992000E+0	485,588000E+3	12,000000E+0
1229	303,000000E+0	5,380000E+0	10,992000E+0	485,647000E+3	12,000000E+0
1230	301,000000E+0	5,380000E+0	10,992000E+0	485,706000E+3	12,000000E+0
1231	302,000000E+0	2,690000E+0	10,992000E+0	485,764000E+3	12,000000E+0
1232	319,000000E+0	5,380000E+0	10,763000E+0	485,823000E+3	12,000000E+0
1233	318,000000E+0	2,690000E+0	10,763000E+0	485,882000E+3	12,000000E+0
1234	315,000000E+0	8,070000E+0	10,763000E+0	485,943000E+3	12,000000E+0
1235	317,000000E+0	10,760000E+0	10,763000E+0	486,003000E+3	12,000000E+0
1236	319,000000E+0	10,760000E+0	10,763000E+0	486,062000E+3	12,000000E+0
1237	316,000000E+0	5,380000E+0	10,763000E+0	486,123000E+3	12,000000E+0
1238	305,000000E+0	5,380000E+0	10,763000E+0	486,182000E+3	12,000000E+0
1239	306,000000E+0	8,070000E+0	10,763000E+0	486,241000E+3	12,000000E+0
1240	313,000000E+0	10,760000E+0	10,992000E+0	486,301000E+3	12,000000E+0
1241	303,000000E+0	5,380000E+0	10,534000E+0	486,361000E+3	12,000000E+0
1242	308,000000E+0	8,070000E+0	10,534000E+0	486,421000E+3	12,000000E+0
1243	319,000000E+0	8,070000E+0	10,992000E+0	486,482000E+3	12,000000E+0
1244	303,000000E+0	5,380000E+0	10,534000E+0	486,539000E+3	12,000000E+0
1245	308,000000E+0	8,070000E+0	10,763000E+0	486,599000E+3	12,000000E+0
1246	307,000000E+0	5,380000E+0	10,534000E+0	486,658000E+3	12,000000E+0
1247	316,000000E+0	8,070000E+0	10,305000E+0	486,717000E+3	12,000000E+0
1248	305,000000E+0	5,380000E+0	10,763000E+0	486,776000E+3	12,000000E+0
1249	316,000000E+0	2,690000E+0	10,763000E+0	486,837000E+3	12,000000E+0
1250	313,000000E+0	5,380000E+0	10,763000E+0	486,897000E+3	12,000000E+0
1251	123,000000E+0	-80,700000E+0	10,534000E+0	486,954000E+3	12,000000E+0
