mardi 23 janvier 2024	10:10:51	Sampling Period : 20  ms		
Unities: time [sample], PWM [raw], Current [mA], velocity [rev/min], Position [pulse], Present Input Voltage [V]

t	DXL_PWM		DXL_Current		DXL_Velocity		DXL_Position		DXL_Input_Voltage
0	0,000000E+0	-2,690000E+0	0,000000E+0	12,982000E+3	12,000000E+0
1	10,000000E+0	0,000000E+0	0,000000E+0	12,982000E+3	12,000000E+0
2	38,000000E+0	0,000000E+0	458,000000E-3	12,986000E+3	12,000000E+0
3	51,000000E+0	0,000000E+0	1,145000E+0	12,993000E+3	12,000000E+0
4	54,000000E+0	0,000000E+0	1,603000E+0	13,003000E+3	12,000000E+0
5	57,000000E+0	0,000000E+0	1,603000E+0	13,013000E+3	12,000000E+0
6	57,000000E+0	0,000000E+0	1,603000E+0	13,022000E+3	12,000000E+0
7	57,000000E+0	0,000000E+0	1,832000E+0	13,032000E+3	12,000000E+0
8	58,000000E+0	0,000000E+0	1,603000E+0	13,042000E+3	12,000000E+0
9	58,000000E+0	0,000000E+0	1,603000E+0	13,052000E+3	12,000000E+0
10	58,000000E+0	0,000000E+0	1,603000E+0	13,062000E+3	12,000000E+0
11	58,000000E+0	0,000000E+0	1,603000E+0	13,072000E+3	12,000000E+0
12	57,000000E+0	0,000000E+0	1,832000E+0	13,082000E+3	12,000000E+0
13	57,000000E+0	0,000000E+0	1,832000E+0	13,094000E+3	12,000000E+0
14	57,000000E+0	0,000000E+0	1,603000E+0	13,103000E+3	12,000000E+0
15	57,000000E+0	0,000000E+0	1,603000E+0	13,113000E+3	12,000000E+0
16	58,000000E+0	0,000000E+0	1,603000E+0	13,123000E+3	12,000000E+0
17	59,000000E+0	0,000000E+0	1,603000E+0	13,133000E+3	12,000000E+0
18	58,000000E+0	0,000000E+0	1,832000E+0	13,143000E+3	12,000000E+0
19	58,000000E+0	0,000000E+0	1,603000E+0	13,153000E+3	12,000000E+0
20	58,000000E+0	0,000000E+0	1,832000E+0	13,164000E+3	12,000000E+0
21	58,000000E+0	0,000000E+0	1,603000E+0	13,174000E+3	12,000000E+0
22	58,000000E+0	0,000000E+0	1,603000E+0	13,184000E+3	12,000000E+0
23	57,000000E+0	0,000000E+0	1,832000E+0	13,194000E+3	12,000000E+0
24	58,000000E+0	0,000000E+0	1,603000E+0	13,205000E+3	12,000000E+0
25	58,000000E+0	0,000000E+0	1,603000E+0	13,214000E+3	12,000000E+0
26	59,000000E+0	0,000000E+0	1,603000E+0	13,224000E+3	12,000000E+0
27	58,000000E+0	0,000000E+0	1,832000E+0	13,236000E+3	12,000000E+0
28	58,000000E+0	0,000000E+0	1,832000E+0	13,246000E+3	12,000000E+0
29	58,000000E+0	0,000000E+0	1,832000E+0	13,256000E+3	12,000000E+0
30	58,000000E+0	0,000000E+0	1,832000E+0	13,267000E+3	12,000000E+0
31	58,000000E+0	0,000000E+0	1,832000E+0	13,276000E+3	12,000000E+0
32	58,000000E+0	0,000000E+0	1,832000E+0	13,286000E+3	12,000000E+0
33	56,000000E+0	0,000000E+0	1,832000E+0	13,297000E+3	12,000000E+0
34	57,000000E+0	0,000000E+0	1,832000E+0	13,307000E+3	12,000000E+0
35	57,000000E+0	0,000000E+0	1,603000E+0	13,317000E+3	12,000000E+0
36	58,000000E+0	0,000000E+0	1,603000E+0	13,327000E+3	12,000000E+0
37	58,000000E+0	0,000000E+0	1,832000E+0	13,337000E+3	12,000000E+0
38	57,000000E+0	0,000000E+0	1,603000E+0	13,348000E+3	12,000000E+0
39	57,000000E+0	0,000000E+0	1,832000E+0	13,358000E+3	12,000000E+0
40	56,000000E+0	0,000000E+0	1,832000E+0	13,368000E+3	12,000000E+0
41	57,000000E+0	0,000000E+0	1,603000E+0	13,378000E+3	12,000000E+0
42	57,000000E+0	0,000000E+0	1,832000E+0	13,388000E+3	12,000000E+0
43	57,000000E+0	0,000000E+0	1,603000E+0	13,398000E+3	12,000000E+0
44	58,000000E+0	0,000000E+0	1,603000E+0	13,409000E+3	12,000000E+0
45	57,000000E+0	0,000000E+0	1,832000E+0	13,419000E+3	12,000000E+0
46	57,000000E+0	0,000000E+0	1,832000E+0	13,429000E+3	12,000000E+0
47	57,000000E+0	0,000000E+0	1,832000E+0	13,439000E+3	12,000000E+0
48	57,000000E+0	0,000000E+0	1,832000E+0	13,449000E+3	12,000000E+0
49	57,000000E+0	0,000000E+0	1,603000E+0	13,459000E+3	12,000000E+0
50	57,000000E+0	0,000000E+0	1,832000E+0	13,469000E+3	12,000000E+0
51	57,000000E+0	0,000000E+0	1,832000E+0	13,480000E+3	12,000000E+0
52	57,000000E+0	0,000000E+0	1,603000E+0	13,489000E+3	12,000000E+0
53	58,000000E+0	0,000000E+0	1,603000E+0	13,499000E+3	12,000000E+0
54	57,000000E+0	0,000000E+0	1,832000E+0	13,510000E+3	12,000000E+0
55	57,000000E+0	0,000000E+0	1,603000E+0	13,520000E+3	12,000000E+0
56	57,000000E+0	0,000000E+0	1,832000E+0	13,530000E+3	12,000000E+0
57	57,000000E+0	0,000000E+0	1,603000E+0	13,540000E+3	12,000000E+0
58	57,000000E+0	0,000000E+0	1,832000E+0	13,551000E+3	12,000000E+0
59	57,000000E+0	0,000000E+0	1,832000E+0	13,561000E+3	12,000000E+0
60	57,000000E+0	0,000000E+0	1,832000E+0	13,571000E+3	12,000000E+0
61	57,000000E+0	0,000000E+0	1,603000E+0	13,581000E+3	12,000000E+0
62	57,000000E+0	0,000000E+0	1,603000E+0	13,591000E+3	12,000000E+0
63	57,000000E+0	0,000000E+0	1,603000E+0	13,601000E+3	12,000000E+0
64	57,000000E+0	0,000000E+0	1,832000E+0	13,611000E+3	12,000000E+0
65	57,000000E+0	0,000000E+0	1,832000E+0	13,621000E+3	12,000000E+0
66	57,000000E+0	0,000000E+0	1,832000E+0	13,631000E+3	12,000000E+0
67	57,000000E+0	0,000000E+0	1,832000E+0	13,641000E+3	12,000000E+0
68	57,000000E+0	0,000000E+0	1,832000E+0	13,651000E+3	12,000000E+0
69	57,000000E+0	0,000000E+0	1,832000E+0	13,661000E+3	12,000000E+0
70	57,000000E+0	0,000000E+0	1,832000E+0	13,672000E+3	12,000000E+0
71	57,000000E+0	0,000000E+0	1,603000E+0	13,682000E+3	12,000000E+0
72	57,000000E+0	0,000000E+0	1,832000E+0	13,692000E+3	12,000000E+0
73	56,000000E+0	0,000000E+0	1,603000E+0	13,702000E+3	12,000000E+0
74	57,000000E+0	0,000000E+0	1,603000E+0	13,712000E+3	12,000000E+0
75	57,000000E+0	0,000000E+0	1,832000E+0	13,723000E+3	12,000000E+0
76	57,000000E+0	0,000000E+0	1,603000E+0	13,732000E+3	12,000000E+0
77	56,000000E+0	0,000000E+0	1,832000E+0	13,743000E+3	12,000000E+0
78	56,000000E+0	0,000000E+0	1,603000E+0	13,752000E+3	12,000000E+0
79	57,000000E+0	0,000000E+0	1,603000E+0	13,762000E+3	12,000000E+0
80	57,000000E+0	0,000000E+0	1,832000E+0	13,773000E+3	12,000000E+0
81	57,000000E+0	0,000000E+0	1,832000E+0	13,783000E+3	12,000000E+0
82	57,000000E+0	0,000000E+0	1,832000E+0	13,793000E+3	12,000000E+0
83	57,000000E+0	0,000000E+0	1,603000E+0	13,803000E+3	12,000000E+0
84	57,000000E+0	0,000000E+0	1,832000E+0	13,814000E+3	12,000000E+0
85	57,000000E+0	0,000000E+0	1,832000E+0	13,823000E+3	12,000000E+0
86	56,000000E+0	0,000000E+0	1,832000E+0	13,833000E+3	12,000000E+0
87	56,000000E+0	0,000000E+0	1,603000E+0	13,843000E+3	12,000000E+0
88	56,000000E+0	0,000000E+0	1,603000E+0	13,853000E+3	12,000000E+0
89	57,000000E+0	0,000000E+0	1,832000E+0	13,862000E+3	12,000000E+0
90	57,000000E+0	0,000000E+0	1,603000E+0	13,872000E+3	12,000000E+0
91	56,000000E+0	0,000000E+0	1,832000E+0	13,883000E+3	12,000000E+0
92	56,000000E+0	0,000000E+0	1,832000E+0	13,893000E+3	12,000000E+0
93	55,000000E+0	0,000000E+0	1,832000E+0	13,903000E+3	12,000000E+0
94	56,000000E+0	0,000000E+0	1,832000E+0	13,913000E+3	12,000000E+0
95	56,000000E+0	0,000000E+0	1,603000E+0	13,923000E+3	12,000000E+0
96	56,000000E+0	0,000000E+0	1,603000E+0	13,933000E+3	12,000000E+0
97	56,000000E+0	0,000000E+0	1,603000E+0	13,942000E+3	12,000000E+0
98	56,000000E+0	0,000000E+0	1,832000E+0	13,952000E+3	12,000000E+0
99	56,000000E+0	0,000000E+0	1,603000E+0	13,963000E+3	12,000000E+0
100	56,000000E+0	0,000000E+0	1,832000E+0	13,973000E+3	12,000000E+0
101	56,000000E+0	0,000000E+0	1,603000E+0	13,983000E+3	12,000000E+0
102	56,000000E+0	0,000000E+0	1,832000E+0	13,993000E+3	12,000000E+0
103	56,000000E+0	0,000000E+0	1,832000E+0	14,003000E+3	12,000000E+0
104	56,000000E+0	0,000000E+0	1,832000E+0	14,013000E+3	12,000000E+0
105	56,000000E+0	0,000000E+0	1,603000E+0	14,023000E+3	12,000000E+0
106	56,000000E+0	0,000000E+0	1,603000E+0	14,032000E+3	12,000000E+0
107	56,000000E+0	0,000000E+0	1,832000E+0	14,042000E+3	12,000000E+0
108	56,000000E+0	0,000000E+0	1,603000E+0	14,052000E+3	12,000000E+0
109	56,000000E+0	0,000000E+0	1,832000E+0	14,062000E+3	12,000000E+0
110	56,000000E+0	0,000000E+0	1,832000E+0	14,072000E+3	12,000000E+0
111	55,000000E+0	0,000000E+0	1,832000E+0	14,082000E+3	12,000000E+0
112	55,000000E+0	0,000000E+0	1,603000E+0	14,092000E+3	12,000000E+0
113	55,000000E+0	0,000000E+0	1,603000E+0	14,102000E+3	12,000000E+0
114	56,000000E+0	0,000000E+0	1,603000E+0	14,112000E+3	12,000000E+0
115	56,000000E+0	0,000000E+0	1,603000E+0	14,122000E+3	12,000000E+0
116	56,000000E+0	0,000000E+0	1,832000E+0	14,132000E+3	12,000000E+0
117	56,000000E+0	0,000000E+0	1,832000E+0	14,142000E+3	12,000000E+0
118	56,000000E+0	0,000000E+0	1,603000E+0	14,152000E+3	12,000000E+0
119	56,000000E+0	0,000000E+0	1,832000E+0	14,162000E+3	12,000000E+0
120	56,000000E+0	0,000000E+0	1,832000E+0	14,173000E+3	12,000000E+0
121	55,000000E+0	0,000000E+0	1,832000E+0	14,182000E+3	12,000000E+0
122	55,000000E+0	0,000000E+0	1,603000E+0	14,192000E+3	12,000000E+0
123	56,000000E+0	0,000000E+0	1,603000E+0	14,201000E+3	12,000000E+0
124	56,000000E+0	0,000000E+0	1,603000E+0	14,211000E+3	12,000000E+0
125	56,000000E+0	0,000000E+0	1,832000E+0	14,222000E+3	12,000000E+0
126	56,000000E+0	0,000000E+0	1,832000E+0	14,232000E+3	12,000000E+0
127	55,000000E+0	0,000000E+0	1,832000E+0	14,241000E+3	12,000000E+0
128	56,000000E+0	0,000000E+0	1,832000E+0	14,251000E+3	12,000000E+0
129	55,000000E+0	0,000000E+0	1,832000E+0	14,261000E+3	12,000000E+0
130	55,000000E+0	0,000000E+0	1,832000E+0	14,271000E+3	12,000000E+0
131	55,000000E+0	0,000000E+0	1,832000E+0	14,281000E+3	12,000000E+0
132	56,000000E+0	0,000000E+0	1,603000E+0	14,291000E+3	12,000000E+0
133	56,000000E+0	0,000000E+0	1,832000E+0	14,301000E+3	12,000000E+0
134	56,000000E+0	0,000000E+0	1,603000E+0	14,310000E+3	12,000000E+0
135	56,000000E+0	0,000000E+0	1,603000E+0	14,321000E+3	12,000000E+0
136	56,000000E+0	0,000000E+0	1,832000E+0	14,331000E+3	12,000000E+0
137	56,000000E+0	0,000000E+0	1,832000E+0	14,341000E+3	12,000000E+0
138	55,000000E+0	0,000000E+0	1,832000E+0	14,351000E+3	12,000000E+0
139	55,000000E+0	0,000000E+0	1,832000E+0	14,361000E+3	12,000000E+0
140	55,000000E+0	0,000000E+0	1,603000E+0	14,370000E+3	12,000000E+0
141	56,000000E+0	0,000000E+0	1,603000E+0	14,380000E+3	12,000000E+0
142	56,000000E+0	0,000000E+0	1,603000E+0	14,389000E+3	12,000000E+0
143	56,000000E+0	0,000000E+0	1,832000E+0	14,400000E+3	12,000000E+0
144	55,000000E+0	0,000000E+0	1,832000E+0	14,410000E+3	12,000000E+0
145	55,000000E+0	0,000000E+0	1,832000E+0	14,419000E+3	12,000000E+0
146	55,000000E+0	0,000000E+0	1,832000E+0	14,429000E+3	12,000000E+0
147	55,000000E+0	0,000000E+0	1,832000E+0	14,439000E+3	12,000000E+0
148	55,000000E+0	0,000000E+0	1,603000E+0	14,448000E+3	12,000000E+0
149	55,000000E+0	0,000000E+0	1,603000E+0	14,458000E+3	12,000000E+0
150	56,000000E+0	0,000000E+0	1,603000E+0	14,468000E+3	12,000000E+0
151	56,000000E+0	0,000000E+0	1,603000E+0	14,478000E+3	12,000000E+0
152	56,000000E+0	0,000000E+0	1,832000E+0	14,488000E+3	12,000000E+0
153	56,000000E+0	0,000000E+0	1,832000E+0	14,498000E+3	12,000000E+0
154	56,000000E+0	0,000000E+0	1,832000E+0	14,508000E+3	12,000000E+0
155	55,000000E+0	0,000000E+0	1,832000E+0	14,519000E+3	12,000000E+0
156	55,000000E+0	0,000000E+0	1,832000E+0	14,529000E+3	12,000000E+0
157	56,000000E+0	0,000000E+0	1,603000E+0	14,538000E+3	12,000000E+0
158	55,000000E+0	0,000000E+0	1,832000E+0	14,549000E+3	12,000000E+0
159	55,000000E+0	0,000000E+0	1,603000E+0	14,558000E+3	12,000000E+0
160	56,000000E+0	0,000000E+0	1,603000E+0	14,567000E+3	12,000000E+0
161	55,000000E+0	0,000000E+0	1,832000E+0	14,577000E+3	12,000000E+0
162	56,000000E+0	0,000000E+0	1,603000E+0	14,587000E+3	12,000000E+0
163	56,000000E+0	0,000000E+0	1,832000E+0	14,597000E+3	12,000000E+0
164	56,000000E+0	0,000000E+0	1,832000E+0	14,608000E+3	12,000000E+0
165	56,000000E+0	0,000000E+0	1,832000E+0	14,618000E+3	12,000000E+0
166	55,000000E+0	0,000000E+0	1,832000E+0	14,627000E+3	12,000000E+0
167	55,000000E+0	0,000000E+0	1,603000E+0	14,637000E+3	12,000000E+0
168	56,000000E+0	0,000000E+0	1,603000E+0	14,647000E+3	12,000000E+0
169	56,000000E+0	0,000000E+0	1,603000E+0	14,657000E+3	12,000000E+0
170	55,000000E+0	0,000000E+0	1,832000E+0	14,666000E+3	12,000000E+0
171	56,000000E+0	0,000000E+0	1,603000E+0	14,675000E+3	12,000000E+0
172	56,000000E+0	0,000000E+0	1,832000E+0	14,686000E+3	12,000000E+0
173	56,000000E+0	0,000000E+0	1,832000E+0	14,695000E+3	12,000000E+0
174	56,000000E+0	0,000000E+0	1,832000E+0	14,704000E+3	12,000000E+0
175	54,000000E+0	0,000000E+0	1,832000E+0	14,715000E+3	12,000000E+0
176	55,000000E+0	0,000000E+0	1,603000E+0	14,725000E+3	12,000000E+0
177	56,000000E+0	0,000000E+0	1,603000E+0	14,734000E+3	12,000000E+0
178	56,000000E+0	0,000000E+0	1,603000E+0	14,744000E+3	12,000000E+0
179	56,000000E+0	0,000000E+0	1,603000E+0	14,755000E+3	12,000000E+0
180	56,000000E+0	0,000000E+0	1,603000E+0	14,765000E+3	12,000000E+0
181	56,000000E+0	0,000000E+0	1,603000E+0	14,775000E+3	12,000000E+0
182	56,000000E+0	0,000000E+0	1,603000E+0	14,784000E+3	12,000000E+0
183	57,000000E+0	0,000000E+0	1,603000E+0	14,795000E+3	12,000000E+0
184	57,000000E+0	0,000000E+0	1,603000E+0	14,804000E+3	12,000000E+0
185	56,000000E+0	0,000000E+0	1,832000E+0	14,815000E+3	12,000000E+0
186	56,000000E+0	0,000000E+0	1,603000E+0	14,824000E+3	12,000000E+0
187	56,000000E+0	0,000000E+0	1,603000E+0	14,834000E+3	12,000000E+0
188	57,000000E+0	0,000000E+0	1,603000E+0	14,844000E+3	12,000000E+0
189	57,000000E+0	0,000000E+0	1,603000E+0	14,854000E+3	12,000000E+0
190	57,000000E+0	0,000000E+0	1,603000E+0	14,863000E+3	12,000000E+0
191	56,000000E+0	0,000000E+0	1,832000E+0	14,874000E+3	12,000000E+0
192	56,000000E+0	0,000000E+0	1,603000E+0	14,885000E+3	12,000000E+0
193	56,000000E+0	0,000000E+0	1,832000E+0	14,895000E+3	12,000000E+0
194	55,000000E+0	0,000000E+0	1,832000E+0	14,905000E+3	12,000000E+0
195	56,000000E+0	0,000000E+0	1,603000E+0	14,915000E+3	12,000000E+0
196	57,000000E+0	0,000000E+0	1,603000E+0	14,925000E+3	12,000000E+0
197	57,000000E+0	0,000000E+0	1,603000E+0	14,934000E+3	12,000000E+0
198	55,000000E+0	0,000000E+0	1,832000E+0	14,946000E+3	12,000000E+0
199	56,000000E+0	0,000000E+0	1,832000E+0	14,956000E+3	12,000000E+0
200	56,000000E+0	0,000000E+0	1,832000E+0	14,966000E+3	12,000000E+0
201	56,000000E+0	0,000000E+0	1,832000E+0	14,976000E+3	12,000000E+0
202	56,000000E+0	0,000000E+0	1,832000E+0	14,987000E+3	12,000000E+0
203	56,000000E+0	0,000000E+0	1,603000E+0	14,997000E+3	12,000000E+0
204	56,000000E+0	0,000000E+0	1,603000E+0	15,006000E+3	12,000000E+0
205	59,000000E+0	0,000000E+0	1,603000E+0	15,016000E+3	12,000000E+0
206	58,000000E+0	0,000000E+0	1,832000E+0	15,027000E+3	12,000000E+0
207	57,000000E+0	0,000000E+0	1,832000E+0	15,037000E+3	12,000000E+0
208	55,000000E+0	0,000000E+0	1,832000E+0	15,046000E+3	12,000000E+0
209	55,000000E+0	0,000000E+0	1,832000E+0	15,057000E+3	12,000000E+0
210	55,000000E+0	0,000000E+0	1,603000E+0	15,067000E+3	12,000000E+0
211	55,000000E+0	0,000000E+0	1,603000E+0	15,078000E+3	12,000000E+0
212	56,000000E+0	0,000000E+0	1,603000E+0	15,087000E+3	12,000000E+0
213	57,000000E+0	0,000000E+0	1,603000E+0	15,097000E+3	12,000000E+0
214	58,000000E+0	0,000000E+0	1,603000E+0	15,106000E+3	12,000000E+0
215	58,000000E+0	0,000000E+0	1,832000E+0	15,116000E+3	12,000000E+0
216	58,000000E+0	0,000000E+0	1,832000E+0	15,127000E+3	12,000000E+0
217	57,000000E+0	0,000000E+0	1,832000E+0	15,138000E+3	12,000000E+0
218	55,000000E+0	0,000000E+0	1,832000E+0	15,148000E+3	12,000000E+0
219	55,000000E+0	0,000000E+0	1,832000E+0	15,158000E+3	12,000000E+0
220	56,000000E+0	0,000000E+0	1,603000E+0	15,168000E+3	12,000000E+0
221	56,000000E+0	0,000000E+0	1,603000E+0	15,177000E+3	12,000000E+0
222	58,000000E+0	0,000000E+0	1,603000E+0	15,187000E+3	12,000000E+0
223	59,000000E+0	0,000000E+0	1,603000E+0	15,197000E+3	12,000000E+0
224	59,000000E+0	0,000000E+0	1,832000E+0	15,207000E+3	12,000000E+0
225	58,000000E+0	0,000000E+0	1,832000E+0	15,218000E+3	12,000000E+0
226	55,000000E+0	0,000000E+0	1,832000E+0	15,228000E+3	12,000000E+0
227	56,000000E+0	0,000000E+0	1,832000E+0	15,238000E+3	12,000000E+0
228	55,000000E+0	0,000000E+0	1,832000E+0	15,248000E+3	12,000000E+0
229	56,000000E+0	0,000000E+0	1,603000E+0	15,258000E+3	12,000000E+0
230	57,000000E+0	0,000000E+0	1,603000E+0	15,268000E+3	12,000000E+0
231	59,000000E+0	0,000000E+0	1,603000E+0	15,278000E+3	12,000000E+0
232	58,000000E+0	0,000000E+0	1,832000E+0	15,288000E+3	12,000000E+0
233	58,000000E+0	0,000000E+0	1,603000E+0	15,299000E+3	12,000000E+0
234	58,000000E+0	0,000000E+0	1,832000E+0	15,308000E+3	12,000000E+0
235	56,000000E+0	0,000000E+0	1,832000E+0	15,320000E+3	12,000000E+0
236	56,000000E+0	0,000000E+0	1,832000E+0	15,330000E+3	12,000000E+0
237	56,000000E+0	0,000000E+0	1,832000E+0	15,340000E+3	12,000000E+0
238	56,000000E+0	0,000000E+0	1,603000E+0	15,351000E+3	12,000000E+0
239	57,000000E+0	0,000000E+0	1,603000E+0	15,360000E+3	12,000000E+0
240	58,000000E+0	0,000000E+0	1,603000E+0	15,371000E+3	12,000000E+0
241	58,000000E+0	0,000000E+0	1,603000E+0	15,381000E+3	12,000000E+0
242	57,000000E+0	0,000000E+0	1,832000E+0	15,394000E+3	12,000000E+0
243	58,000000E+0	0,000000E+0	1,603000E+0	15,404000E+3	12,000000E+0
244	57,000000E+0	0,000000E+0	1,832000E+0	15,414000E+3	12,000000E+0
245	56,000000E+0	0,000000E+0	1,832000E+0	15,425000E+3	12,000000E+0
246	56,000000E+0	0,000000E+0	1,832000E+0	15,435000E+3	12,000000E+0
247	56,000000E+0	0,000000E+0	1,832000E+0	15,444000E+3	12,000000E+0
248	57,000000E+0	0,000000E+0	1,603000E+0	15,455000E+3	12,000000E+0
249	57,000000E+0	0,000000E+0	1,603000E+0	15,464000E+3	12,000000E+0
250	57,000000E+0	0,000000E+0	1,603000E+0	15,474000E+3	12,000000E+0
251	57,000000E+0	0,000000E+0	1,603000E+0	15,485000E+3	12,000000E+0
252	57,000000E+0	0,000000E+0	1,603000E+0	15,495000E+3	12,000000E+0
253	57,000000E+0	0,000000E+0	1,832000E+0	15,506000E+3	12,000000E+0
254	56,000000E+0	0,000000E+0	1,832000E+0	15,516000E+3	12,000000E+0
255	56,000000E+0	0,000000E+0	1,832000E+0	15,526000E+3	12,000000E+0
256	56,000000E+0	0,000000E+0	1,832000E+0	15,537000E+3	12,000000E+0
257	57,000000E+0	0,000000E+0	1,603000E+0	15,547000E+3	12,000000E+0
258	57,000000E+0	0,000000E+0	1,603000E+0	15,557000E+3	12,000000E+0
259	58,000000E+0	0,000000E+0	1,603000E+0	15,566000E+3	12,000000E+0
260	57,000000E+0	0,000000E+0	1,832000E+0	15,577000E+3	12,000000E+0
261	57,000000E+0	0,000000E+0	1,603000E+0	15,587000E+3	12,000000E+0
262	57,000000E+0	0,000000E+0	1,603000E+0	15,596000E+3	12,000000E+0
263	57,000000E+0	0,000000E+0	1,603000E+0	15,607000E+3	12,000000E+0
264	55,000000E+0	0,000000E+0	1,832000E+0	15,617000E+3	12,000000E+0
265	57,000000E+0	0,000000E+0	1,603000E+0	15,627000E+3	12,000000E+0
266	58,000000E+0	0,000000E+0	1,603000E+0	15,636000E+3	12,000000E+0
267	58,000000E+0	0,000000E+0	1,832000E+0	15,647000E+3	12,000000E+0
268	58,000000E+0	0,000000E+0	1,603000E+0	15,658000E+3	12,000000E+0
269	57,000000E+0	0,000000E+0	1,832000E+0	15,668000E+3	12,000000E+0
270	57,000000E+0	0,000000E+0	1,832000E+0	15,678000E+3	12,000000E+0
271	57,000000E+0	0,000000E+0	1,832000E+0	15,688000E+3	12,000000E+0
272	57,000000E+0	0,000000E+0	1,832000E+0	15,698000E+3	12,000000E+0
273	56,000000E+0	0,000000E+0	1,832000E+0	15,708000E+3	12,000000E+0
274	57,000000E+0	0,000000E+0	1,603000E+0	15,718000E+3	12,000000E+0
275	57,000000E+0	0,000000E+0	1,603000E+0	15,729000E+3	12,000000E+0
276	57,000000E+0	0,000000E+0	1,603000E+0	15,738000E+3	12,000000E+0
277	57,000000E+0	0,000000E+0	1,832000E+0	15,748000E+3	12,000000E+0
278	57,000000E+0	0,000000E+0	1,832000E+0	15,758000E+3	12,000000E+0
279	57,000000E+0	0,000000E+0	1,832000E+0	15,768000E+3	12,000000E+0
280	56,000000E+0	0,000000E+0	1,832000E+0	15,779000E+3	12,000000E+0
281	56,000000E+0	0,000000E+0	1,832000E+0	15,790000E+3	12,000000E+0
282	56,000000E+0	0,000000E+0	1,832000E+0	15,800000E+3	12,000000E+0
283	57,000000E+0	0,000000E+0	1,603000E+0	15,810000E+3	12,000000E+0
284	57,000000E+0	0,000000E+0	1,603000E+0	15,819000E+3	12,000000E+0
285	57,000000E+0	0,000000E+0	1,603000E+0	15,829000E+3	12,000000E+0
286	57,000000E+0	0,000000E+0	1,832000E+0	15,839000E+3	12,000000E+0
287	57,000000E+0	0,000000E+0	1,832000E+0	15,850000E+3	12,000000E+0
288	57,000000E+0	0,000000E+0	1,832000E+0	15,861000E+3	12,000000E+0
289	56,000000E+0	0,000000E+0	1,832000E+0	15,871000E+3	12,000000E+0
290	57,000000E+0	0,000000E+0	1,603000E+0	15,880000E+3	12,000000E+0
291	55,000000E+0	0,000000E+0	1,832000E+0	15,891000E+3	12,000000E+0
292	58,000000E+0	0,000000E+0	1,603000E+0	15,900000E+3	12,000000E+0
293	58,000000E+0	0,000000E+0	1,603000E+0	15,911000E+3	12,000000E+0
294	58,000000E+0	0,000000E+0	1,832000E+0	15,921000E+3	12,000000E+0
295	57,000000E+0	0,000000E+0	1,832000E+0	15,931000E+3	12,000000E+0
296	56,000000E+0	0,000000E+0	1,832000E+0	15,941000E+3	12,000000E+0
297	56,000000E+0	0,000000E+0	1,603000E+0	15,951000E+3	12,000000E+0
298	56,000000E+0	0,000000E+0	1,832000E+0	15,961000E+3	12,000000E+0
299	56,000000E+0	0,000000E+0	1,832000E+0	15,971000E+3	12,000000E+0
300	56,000000E+0	0,000000E+0	1,603000E+0	15,981000E+3	12,000000E+0
301	57,000000E+0	0,000000E+0	1,603000E+0	15,991000E+3	12,000000E+0
302	57,000000E+0	0,000000E+0	1,603000E+0	16,001000E+3	12,000000E+0
303	57,000000E+0	0,000000E+0	1,832000E+0	16,011000E+3	12,000000E+0
304	57,000000E+0	0,000000E+0	1,832000E+0	16,021000E+3	12,000000E+0
305	57,000000E+0	0,000000E+0	1,832000E+0	16,032000E+3	12,000000E+0
306	56,000000E+0	0,000000E+0	1,832000E+0	16,042000E+3	12,000000E+0
307	56,000000E+0	0,000000E+0	1,832000E+0	16,052000E+3	12,000000E+0
308	55,000000E+0	0,000000E+0	1,603000E+0	16,062000E+3	12,000000E+0
309	56,000000E+0	0,000000E+0	1,603000E+0	16,071000E+3	12,000000E+0
310	57,000000E+0	0,000000E+0	1,603000E+0	16,081000E+3	12,000000E+0
311	57,000000E+0	0,000000E+0	1,603000E+0	16,091000E+3	12,000000E+0
312	57,000000E+0	0,000000E+0	1,832000E+0	16,101000E+3	12,000000E+0
313	54,000000E+0	0,000000E+0	1,832000E+0	16,111000E+3	12,000000E+0
314	55,000000E+0	0,000000E+0	1,832000E+0	16,122000E+3	12,000000E+0
315	55,000000E+0	0,000000E+0	1,603000E+0	16,132000E+3	12,000000E+0
316	55,000000E+0	0,000000E+0	1,603000E+0	16,141000E+3	12,000000E+0
317	56,000000E+0	0,000000E+0	1,603000E+0	16,152000E+3	12,000000E+0
318	56,000000E+0	0,000000E+0	1,603000E+0	16,160000E+3	12,000000E+0
319	57,000000E+0	0,000000E+0	1,603000E+0	16,170000E+3	12,000000E+0
320	57,000000E+0	0,000000E+0	1,603000E+0	16,180000E+3	12,000000E+0
321	57,000000E+0	0,000000E+0	1,603000E+0	16,190000E+3	12,000000E+0
322	57,000000E+0	0,000000E+0	1,603000E+0	16,201000E+3	12,000000E+0
323	56,000000E+0	0,000000E+0	1,832000E+0	16,211000E+3	12,000000E+0
324	55,000000E+0	0,000000E+0	1,832000E+0	16,221000E+3	12,000000E+0
325	55,000000E+0	0,000000E+0	1,603000E+0	16,231000E+3	12,000000E+0
326	55,000000E+0	0,000000E+0	1,832000E+0	16,241000E+3	12,000000E+0
327	56,000000E+0	0,000000E+0	1,603000E+0	16,251000E+3	12,000000E+0
328	57,000000E+0	0,000000E+0	1,603000E+0	16,260000E+3	12,000000E+0
329	57,000000E+0	0,000000E+0	1,603000E+0	16,270000E+3	12,000000E+0
330	55,000000E+0	0,000000E+0	1,832000E+0	16,281000E+3	12,000000E+0
331	56,000000E+0	0,000000E+0	1,832000E+0	16,291000E+3	12,000000E+0
332	56,000000E+0	0,000000E+0	1,832000E+0	16,301000E+3	12,000000E+0
333	56,000000E+0	0,000000E+0	1,603000E+0	16,311000E+3	12,000000E+0
334	55,000000E+0	0,000000E+0	1,832000E+0	16,321000E+3	12,000000E+0
335	55,000000E+0	0,000000E+0	1,832000E+0	16,331000E+3	12,000000E+0
336	57,000000E+0	0,000000E+0	1,603000E+0	16,341000E+3	12,000000E+0
337	58,000000E+0	0,000000E+0	1,603000E+0	16,351000E+3	12,000000E+0
338	57,000000E+0	0,000000E+0	1,832000E+0	16,361000E+3	12,000000E+0
339	57,000000E+0	0,000000E+0	1,832000E+0	16,371000E+3	12,000000E+0
340	56,000000E+0	0,000000E+0	1,832000E+0	16,382000E+3	12,000000E+0
341	55,000000E+0	0,000000E+0	1,603000E+0	16,392000E+3	12,000000E+0
342	55,000000E+0	0,000000E+0	1,603000E+0	16,400000E+3	12,000000E+0
343	55,000000E+0	0,000000E+0	1,603000E+0	16,410000E+3	12,000000E+0
344	55,000000E+0	0,000000E+0	1,603000E+0	16,419000E+3	12,000000E+0
345	57,000000E+0	0,000000E+0	1,603000E+0	16,429000E+3	12,000000E+0
346	57,000000E+0	0,000000E+0	1,832000E+0	16,438000E+3	12,000000E+0
347	57,000000E+0	0,000000E+0	1,832000E+0	16,448000E+3	12,000000E+0
348	56,000000E+0	0,000000E+0	1,832000E+0	16,458000E+3	12,000000E+0
349	56,000000E+0	0,000000E+0	1,832000E+0	16,468000E+3	12,000000E+0
350	56,000000E+0	0,000000E+0	1,603000E+0	16,479000E+3	12,000000E+0
351	56,000000E+0	0,000000E+0	1,832000E+0	16,488000E+3	12,000000E+0
352	56,000000E+0	0,000000E+0	1,603000E+0	16,498000E+3	12,000000E+0
353	56,000000E+0	0,000000E+0	1,603000E+0	16,508000E+3	12,000000E+0
354	56,000000E+0	0,000000E+0	1,603000E+0	16,517000E+3	12,000000E+0
355	57,000000E+0	0,000000E+0	1,603000E+0	16,527000E+3	12,000000E+0
356	56,000000E+0	0,000000E+0	1,832000E+0	16,538000E+3	12,000000E+0
357	56,000000E+0	0,000000E+0	1,832000E+0	16,549000E+3	12,000000E+0
358	56,000000E+0	0,000000E+0	1,832000E+0	16,559000E+3	12,000000E+0
359	56,000000E+0	0,000000E+0	1,832000E+0	16,569000E+3	12,000000E+0
360	56,000000E+0	0,000000E+0	1,832000E+0	16,579000E+3	12,000000E+0
361	56,000000E+0	0,000000E+0	1,832000E+0	16,589000E+3	12,000000E+0
362	56,000000E+0	0,000000E+0	1,832000E+0	16,599000E+3	12,000000E+0
363	56,000000E+0	0,000000E+0	1,603000E+0	16,608000E+3	12,000000E+0
364	56,000000E+0	0,000000E+0	1,603000E+0	16,618000E+3	12,000000E+0
365	56,000000E+0	0,000000E+0	1,832000E+0	16,628000E+3	12,000000E+0
366	56,000000E+0	0,000000E+0	1,832000E+0	16,638000E+3	12,000000E+0
367	56,000000E+0	0,000000E+0	1,832000E+0	16,648000E+3	12,000000E+0
368	56,000000E+0	0,000000E+0	1,832000E+0	16,659000E+3	12,000000E+0
369	56,000000E+0	0,000000E+0	1,832000E+0	16,668000E+3	12,000000E+0
370	56,000000E+0	0,000000E+0	1,832000E+0	16,679000E+3	12,000000E+0
371	56,000000E+0	0,000000E+0	1,603000E+0	16,688000E+3	12,000000E+0
372	56,000000E+0	0,000000E+0	1,603000E+0	16,698000E+3	12,000000E+0
373	56,000000E+0	0,000000E+0	1,603000E+0	16,708000E+3	12,000000E+0
374	56,000000E+0	0,000000E+0	1,603000E+0	16,718000E+3	12,000000E+0
375	57,000000E+0	0,000000E+0	1,603000E+0	16,728000E+3	12,000000E+0
376	57,000000E+0	0,000000E+0	1,832000E+0	16,737000E+3	12,000000E+0
377	57,000000E+0	0,000000E+0	1,603000E+0	16,748000E+3	12,000000E+0
378	56,000000E+0	0,000000E+0	1,832000E+0	16,757000E+3	12,000000E+0
379	56,000000E+0	0,000000E+0	1,603000E+0	16,767000E+3	12,000000E+0
380	56,000000E+0	0,000000E+0	1,603000E+0	16,777000E+3	12,000000E+0
381	57,000000E+0	0,000000E+0	1,603000E+0	16,787000E+3	12,000000E+0
382	57,000000E+0	0,000000E+0	1,832000E+0	16,797000E+3	12,000000E+0
383	56,000000E+0	0,000000E+0	1,832000E+0	16,806000E+3	12,000000E+0
384	56,000000E+0	0,000000E+0	1,832000E+0	16,817000E+3	12,000000E+0
385	57,000000E+0	0,000000E+0	1,603000E+0	16,827000E+3	12,000000E+0
386	56,000000E+0	0,000000E+0	1,832000E+0	16,837000E+3	12,000000E+0
387	56,000000E+0	0,000000E+0	1,603000E+0	16,847000E+3	12,000000E+0
388	57,000000E+0	0,000000E+0	1,603000E+0	16,856000E+3	12,000000E+0
389	57,000000E+0	0,000000E+0	1,832000E+0	16,867000E+3	12,000000E+0
390	57,000000E+0	0,000000E+0	1,832000E+0	16,878000E+3	12,000000E+0
391	58,000000E+0	0,000000E+0	1,603000E+0	16,887000E+3	12,000000E+0
392	58,000000E+0	0,000000E+0	1,832000E+0	16,897000E+3	12,000000E+0
393	57,000000E+0	0,000000E+0	1,832000E+0	16,908000E+3	12,000000E+0
394	57,000000E+0	0,000000E+0	1,832000E+0	16,918000E+3	12,000000E+0
395	57,000000E+0	0,000000E+0	1,603000E+0	16,927000E+3	12,000000E+0
396	57,000000E+0	0,000000E+0	1,832000E+0	16,938000E+3	12,000000E+0
397	57,000000E+0	0,000000E+0	1,832000E+0	16,948000E+3	12,000000E+0
398	57,000000E+0	0,000000E+0	1,603000E+0	16,957000E+3	12,000000E+0
399	58,000000E+0	0,000000E+0	1,603000E+0	16,967000E+3	12,000000E+0
400	58,000000E+0	0,000000E+0	1,832000E+0	16,978000E+3	12,000000E+0
401	57,000000E+0	0,000000E+0	1,832000E+0	16,987000E+3	12,000000E+0
402	57,000000E+0	0,000000E+0	1,832000E+0	16,999000E+3	12,000000E+0
403	58,000000E+0	0,000000E+0	1,603000E+0	17,009000E+3	12,000000E+0
404	57,000000E+0	0,000000E+0	1,832000E+0	17,019000E+3	12,000000E+0
405	57,000000E+0	0,000000E+0	1,832000E+0	17,029000E+3	12,000000E+0
406	57,000000E+0	0,000000E+0	1,832000E+0	17,039000E+3	12,000000E+0
407	58,000000E+0	0,000000E+0	1,603000E+0	17,049000E+3	12,000000E+0
408	58,000000E+0	0,000000E+0	1,832000E+0	17,059000E+3	12,000000E+0
409	58,000000E+0	0,000000E+0	1,832000E+0	17,069000E+3	12,000000E+0
410	58,000000E+0	0,000000E+0	1,832000E+0	17,079000E+3	12,000000E+0
411	57,000000E+0	0,000000E+0	1,832000E+0	17,089000E+3	12,000000E+0
412	57,000000E+0	0,000000E+0	1,832000E+0	17,099000E+3	12,000000E+0
413	56,000000E+0	0,000000E+0	1,832000E+0	17,110000E+3	12,000000E+0
414	57,000000E+0	0,000000E+0	1,603000E+0	17,120000E+3	12,000000E+0
415	57,000000E+0	0,000000E+0	1,603000E+0	17,130000E+3	12,000000E+0
416	57,000000E+0	0,000000E+0	1,603000E+0	17,140000E+3	12,000000E+0
417	58,000000E+0	0,000000E+0	1,603000E+0	17,149000E+3	12,000000E+0
418	58,000000E+0	0,000000E+0	1,832000E+0	17,160000E+3	12,000000E+0
419	57,000000E+0	0,000000E+0	1,832000E+0	17,170000E+3	12,000000E+0
420	57,000000E+0	0,000000E+0	1,832000E+0	17,180000E+3	12,000000E+0
421	57,000000E+0	0,000000E+0	1,832000E+0	17,191000E+3	12,000000E+0
422	57,000000E+0	0,000000E+0	1,603000E+0	17,201000E+3	12,000000E+0
423	58,000000E+0	0,000000E+0	1,603000E+0	17,211000E+3	12,000000E+0
424	57,000000E+0	0,000000E+0	1,832000E+0	17,221000E+3	12,000000E+0
425	58,000000E+0	0,000000E+0	1,603000E+0	17,231000E+3	12,000000E+0
426	58,000000E+0	0,000000E+0	1,603000E+0	17,241000E+3	12,000000E+0
427	57,000000E+0	0,000000E+0	1,832000E+0	17,251000E+3	12,000000E+0
428	57,000000E+0	0,000000E+0	1,603000E+0	17,261000E+3	12,000000E+0
429	58,000000E+0	0,000000E+0	1,603000E+0	17,271000E+3	12,000000E+0
430	57,000000E+0	0,000000E+0	1,832000E+0	17,281000E+3	12,000000E+0
431	57,000000E+0	0,000000E+0	1,832000E+0	17,291000E+3	12,000000E+0
432	57,000000E+0	0,000000E+0	1,603000E+0	17,302000E+3	12,000000E+0
433	57,000000E+0	0,000000E+0	1,603000E+0	17,312000E+3	12,000000E+0
434	58,000000E+0	0,000000E+0	1,603000E+0	17,322000E+3	12,000000E+0
435	58,000000E+0	0,000000E+0	1,832000E+0	17,333000E+3	12,000000E+0
436	14,592000E+3	0,000000E+0	468,992000E+0	4,439808E+6	3,072000E+3
437	85,000000E+0	153,330000E+0	120,061952E+3	1,137312E+9	0,000000E+0
438	57,000000E+0	0,000000E+0	1,603000E+0	17,363000E+3	12,000000E+0
439	57,000000E+0	0,000000E+0	1,832000E+0	17,374000E+3	12,000000E+0
440	57,000000E+0	0,000000E+0	1,832000E+0	17,384000E+3	12,000000E+0
441	57,000000E+0	0,000000E+0	1,603000E+0	17,394000E+3	12,000000E+0
442	58,000000E+0	0,000000E+0	1,603000E+0	17,403000E+3	12,000000E+0
443	58,000000E+0	0,000000E+0	1,832000E+0	17,413000E+3	12,000000E+0
444	58,000000E+0	0,000000E+0	1,603000E+0	17,423000E+3	12,000000E+0
445	58,000000E+0	0,000000E+0	1,603000E+0	17,434000E+3	12,000000E+0
446	58,000000E+0	0,000000E+0	1,832000E+0	17,445000E+3	12,000000E+0
447	57,000000E+0	0,000000E+0	1,832000E+0	17,455000E+3	12,000000E+0
448	57,000000E+0	0,000000E+0	1,832000E+0	17,465000E+3	12,000000E+0
449	57,000000E+0	0,000000E+0	1,832000E+0	17,475000E+3	12,000000E+0
450	57,000000E+0	0,000000E+0	1,603000E+0	17,485000E+3	12,000000E+0
451	85,000000E+0	156,020000E+0	105,054208E+3	1,146552E+9	0,000000E+0
452	57,000000E+0	0,000000E+0	1,832000E+0	17,507000E+3	12,000000E+0
453	58,000000E+0	0,000000E+0	1,603000E+0	17,516000E+3	12,000000E+0
454	57,000000E+0	0,000000E+0	1,832000E+0	17,526000E+3	12,000000E+0
455	57,000000E+0	0,000000E+0	1,832000E+0	17,536000E+3	12,000000E+0
456	57,000000E+0	0,000000E+0	1,832000E+0	17,546000E+3	12,000000E+0
457	57,000000E+0	0,000000E+0	1,603000E+0	17,556000E+3	12,000000E+0
458	57,000000E+0	0,000000E+0	1,832000E+0	17,566000E+3	12,000000E+0
459	57,000000E+0	0,000000E+0	1,832000E+0	17,577000E+3	12,000000E+0
460	57,000000E+0	0,000000E+0	1,832000E+0	17,586000E+3	12,000000E+0
461	57,000000E+0	0,000000E+0	1,603000E+0	17,596000E+3	12,000000E+0
462	57,000000E+0	0,000000E+0	1,832000E+0	17,606000E+3	12,000000E+0
463	57,000000E+0	0,000000E+0	1,832000E+0	17,616000E+3	12,000000E+0
464	56,000000E+0	0,000000E+0	1,832000E+0	17,627000E+3	12,000000E+0
465	85,000000E+0	153,330000E+0	120,061952E+3	1,155924E+9	0,000000E+0
466	14,592000E+3	0,000000E+0	468,992000E+0	4,517888E+6	3,072000E+3
467	85,000000E+0	153,330000E+0	120,061952E+3	1,157235E+9	0,000000E+0
468	56,000000E+0	0,000000E+0	1,832000E+0	17,668000E+3	12,000000E+0
469	57,000000E+0	0,000000E+0	1,603000E+0	17,678000E+3	12,000000E+0
470	57,000000E+0	0,000000E+0	1,603000E+0	17,688000E+3	12,000000E+0
471	57,000000E+0	0,000000E+0	1,832000E+0	17,698000E+3	12,000000E+0
472	57,000000E+0	0,000000E+0	1,832000E+0	17,708000E+3	12,000000E+0
473	57,000000E+0	0,000000E+0	1,832000E+0	17,718000E+3	12,000000E+0
474	57,000000E+0	0,000000E+0	1,603000E+0	17,728000E+3	12,000000E+0
475	57,000000E+0	0,000000E+0	1,832000E+0	17,738000E+3	12,000000E+0
476	56,000000E+0	0,000000E+0	1,832000E+0	17,748000E+3	12,000000E+0
477	57,000000E+0	0,000000E+0	1,603000E+0	17,758000E+3	12,000000E+0
478	57,000000E+0	0,000000E+0	1,832000E+0	17,769000E+3	12,000000E+0
479	57,000000E+0	0,000000E+0	1,832000E+0	17,779000E+3	12,000000E+0
480	57,000000E+0	0,000000E+0	1,603000E+0	17,789000E+3	12,000000E+0
481	57,000000E+0	0,000000E+0	1,603000E+0	17,799000E+3	12,000000E+0
482	57,000000E+0	0,000000E+0	1,832000E+0	17,809000E+3	12,000000E+0
483	57,000000E+0	0,000000E+0	1,603000E+0	17,819000E+3	12,000000E+0
484	57,000000E+0	0,000000E+0	1,832000E+0	17,829000E+3	12,000000E+0
485	57,000000E+0	0,000000E+0	1,832000E+0	17,840000E+3	12,000000E+0
486	57,000000E+0	0,000000E+0	1,603000E+0	17,849000E+3	12,000000E+0
487	57,000000E+0	0,000000E+0	1,603000E+0	17,860000E+3	12,000000E+0
488	57,000000E+0	0,000000E+0	1,603000E+0	17,870000E+3	12,000000E+0
489	57,000000E+0	0,000000E+0	1,832000E+0	17,880000E+3	12,000000E+0
490	56,000000E+0	0,000000E+0	1,832000E+0	17,890000E+3	12,000000E+0
491	57,000000E+0	0,000000E+0	1,603000E+0	17,899000E+3	12,000000E+0
492	57,000000E+0	0,000000E+0	1,832000E+0	17,910000E+3	12,000000E+0
493	56,000000E+0	0,000000E+0	1,832000E+0	17,920000E+3	12,000000E+0
494	56,000000E+0	0,000000E+0	1,832000E+0	17,931000E+3	12,000000E+0
495	56,000000E+0	0,000000E+0	1,603000E+0	17,940000E+3	12,000000E+0
496	56,000000E+0	0,000000E+0	1,603000E+0	17,950000E+3	12,000000E+0
497	56,000000E+0	0,000000E+0	1,603000E+0	17,959000E+3	12,000000E+0
498	56,000000E+0	0,000000E+0	1,603000E+0	17,969000E+3	12,000000E+0
499	56,000000E+0	0,000000E+0	1,832000E+0	17,979000E+3	12,000000E+0
500	56,000000E+0	0,000000E+0	1,832000E+0	17,989000E+3	12,000000E+0
501	56,000000E+0	0,000000E+0	1,832000E+0	17,999000E+3	12,000000E+0
502	56,000000E+0	0,000000E+0	1,832000E+0	18,009000E+3	12,000000E+0
503	56,000000E+0	0,000000E+0	1,832000E+0	18,019000E+3	12,000000E+0
504	56,000000E+0	0,000000E+0	1,603000E+0	18,029000E+3	12,000000E+0
505	14,592000E+3	0,000000E+0	410,368000E+0	4,617984E+6	3,072000E+3
506	57,000000E+0	0,000000E+0	1,832000E+0	18,049000E+3	12,000000E+0
507	56,000000E+0	0,000000E+0	1,832000E+0	18,059000E+3	12,000000E+0
508	57,000000E+0	0,000000E+0	1,603000E+0	18,069000E+3	12,000000E+0
509	57,000000E+0	0,000000E+0	1,832000E+0	18,079000E+3	12,000000E+0
510	56,000000E+0	0,000000E+0	1,832000E+0	18,089000E+3	12,000000E+0
511	56,000000E+0	0,000000E+0	1,832000E+0	18,099000E+3	12,000000E+0
512	56,000000E+0	0,000000E+0	1,603000E+0	18,109000E+3	12,000000E+0
513	56,000000E+0	0,000000E+0	1,603000E+0	18,119000E+3	12,000000E+0
514	56,000000E+0	0,000000E+0	1,603000E+0	18,129000E+3	12,000000E+0
515	57,000000E+0	0,000000E+0	1,603000E+0	18,138000E+3	12,000000E+0
516	56,000000E+0	0,000000E+0	1,832000E+0	18,149000E+3	12,000000E+0
517	56,000000E+0	0,000000E+0	1,832000E+0	18,159000E+3	12,000000E+0
518	14,336000E+3	0,000000E+0	410,368000E+0	4,651008E+6	3,072000E+3
519	14,336000E+3	0,000000E+0	468,992000E+0	4,653568E+6	3,072000E+3
520	14,080000E+3	0,000000E+0	468,992000E+0	4,656384E+6	3,072000E+3
521	55,000000E+0	0,000000E+0	1,832000E+0	18,199000E+3	12,000000E+0
522	55,000000E+0	0,000000E+0	1,603000E+0	18,208000E+3	12,000000E+0
523	56,000000E+0	0,000000E+0	1,603000E+0	18,218000E+3	12,000000E+0
524	56,000000E+0	0,000000E+0	1,603000E+0	18,228000E+3	12,000000E+0
525	56,000000E+0	0,000000E+0	1,603000E+0	18,239000E+3	12,000000E+0
526	56,000000E+0	0,000000E+0	1,603000E+0	18,248000E+3	12,000000E+0
527	56,000000E+0	0,000000E+0	1,832000E+0	18,259000E+3	12,000000E+0
528	55,000000E+0	0,000000E+0	1,832000E+0	18,269000E+3	12,000000E+0
529	55,000000E+0	0,000000E+0	1,603000E+0	18,278000E+3	12,000000E+0
530	14,080000E+3	0,000000E+0	468,992000E+0	4,681728E+6	3,072000E+3
531	56,000000E+0	0,000000E+0	1,603000E+0	18,298000E+3	12,000000E+0
532	56,000000E+0	0,000000E+0	1,603000E+0	18,307000E+3	12,000000E+0
533	55,000000E+0	0,000000E+0	1,832000E+0	18,318000E+3	12,000000E+0
534	55,000000E+0	0,000000E+0	1,603000E+0	18,328000E+3	12,000000E+0
535	56,000000E+0	0,000000E+0	1,603000E+0	18,337000E+3	12,000000E+0
536	55,000000E+0	0,000000E+0	1,832000E+0	18,347000E+3	12,000000E+0
537	55,000000E+0	0,000000E+0	1,603000E+0	18,357000E+3	12,000000E+0
538	55,000000E+0	0,000000E+0	1,832000E+0	18,367000E+3	12,000000E+0
539	55,000000E+0	0,000000E+0	1,832000E+0	18,377000E+3	12,000000E+0
540	56,000000E+0	0,000000E+0	1,603000E+0	18,387000E+3	12,000000E+0
541	56,000000E+0	0,000000E+0	1,832000E+0	18,399000E+3	12,000000E+0
542	56,000000E+0	0,000000E+0	1,832000E+0	18,411000E+3	12,000000E+0
543	56,000000E+0	0,000000E+0	1,603000E+0	18,421000E+3	12,000000E+0
544	56,000000E+0	0,000000E+0	1,832000E+0	18,431000E+3	12,000000E+0
545	54,000000E+0	0,000000E+0	1,832000E+0	18,442000E+3	12,000000E+0
546	54,000000E+0	0,000000E+0	1,603000E+0	18,452000E+3	12,000000E+0
547	54,000000E+0	0,000000E+0	1,603000E+0	18,461000E+3	12,000000E+0
548	55,000000E+0	0,000000E+0	1,603000E+0	18,470000E+3	12,000000E+0
549	56,000000E+0	0,000000E+0	1,603000E+0	18,480000E+3	12,000000E+0
550	56,000000E+0	0,000000E+0	1,832000E+0	18,490000E+3	12,000000E+0
551	56,000000E+0	0,000000E+0	1,603000E+0	18,500000E+3	12,000000E+0
552	56,000000E+0	0,000000E+0	1,832000E+0	18,510000E+3	12,000000E+0
553	55,000000E+0	0,000000E+0	1,832000E+0	18,519000E+3	12,000000E+0
554	55,000000E+0	0,000000E+0	1,603000E+0	18,529000E+3	12,000000E+0
555	54,000000E+0	0,000000E+0	1,832000E+0	18,540000E+3	12,000000E+0
556	55,000000E+0	0,000000E+0	1,832000E+0	18,549000E+3	12,000000E+0
557	56,000000E+0	0,000000E+0	1,603000E+0	18,558000E+3	12,000000E+0
558	56,000000E+0	0,000000E+0	1,603000E+0	18,568000E+3	12,000000E+0
559	56,000000E+0	0,000000E+0	1,603000E+0	18,578000E+3	12,000000E+0
560	56,000000E+0	0,000000E+0	1,832000E+0	18,589000E+3	12,000000E+0
561	56,000000E+0	0,000000E+0	1,603000E+0	18,598000E+3	12,000000E+0
562	56,000000E+0	0,000000E+0	1,832000E+0	18,608000E+3	12,000000E+0
563	56,000000E+0	0,000000E+0	1,603000E+0	18,618000E+3	12,000000E+0
564	56,000000E+0	0,000000E+0	1,603000E+0	18,628000E+3	12,000000E+0
565	55,000000E+0	0,000000E+0	1,832000E+0	18,639000E+3	12,000000E+0
566	56,000000E+0	0,000000E+0	1,603000E+0	18,649000E+3	12,000000E+0
567	56,000000E+0	0,000000E+0	1,603000E+0	18,658000E+3	12,000000E+0
568	56,000000E+0	0,000000E+0	1,603000E+0	18,667000E+3	12,000000E+0
569	56,000000E+0	0,000000E+0	1,832000E+0	18,678000E+3	12,000000E+0
570	56,000000E+0	0,000000E+0	1,832000E+0	18,688000E+3	12,000000E+0
571	56,000000E+0	0,000000E+0	1,603000E+0	18,698000E+3	12,000000E+0
572	56,000000E+0	0,000000E+0	1,832000E+0	18,708000E+3	12,000000E+0
573	55,000000E+0	0,000000E+0	1,832000E+0	18,718000E+3	12,000000E+0
574	55,000000E+0	0,000000E+0	1,832000E+0	18,727000E+3	12,000000E+0
575	55,000000E+0	0,000000E+0	1,603000E+0	18,737000E+3	12,000000E+0
576	56,000000E+0	0,000000E+0	1,603000E+0	18,747000E+3	12,000000E+0
577	56,000000E+0	0,000000E+0	1,832000E+0	18,757000E+3	12,000000E+0
578	56,000000E+0	0,000000E+0	1,603000E+0	18,767000E+3	12,000000E+0
579	56,000000E+0	0,000000E+0	1,603000E+0	18,776000E+3	12,000000E+0
580	56,000000E+0	0,000000E+0	1,832000E+0	18,786000E+3	12,000000E+0
581	55,000000E+0	0,000000E+0	1,832000E+0	18,796000E+3	12,000000E+0
582	56,000000E+0	0,000000E+0	1,603000E+0	18,805000E+3	12,000000E+0
583	56,000000E+0	0,000000E+0	1,832000E+0	18,815000E+3	12,000000E+0
584	55,000000E+0	0,000000E+0	1,832000E+0	18,825000E+3	12,000000E+0
585	56,000000E+0	0,000000E+0	1,603000E+0	18,835000E+3	12,000000E+0
586	56,000000E+0	0,000000E+0	1,603000E+0	18,845000E+3	12,000000E+0
587	56,000000E+0	0,000000E+0	1,832000E+0	18,855000E+3	12,000000E+0
588	56,000000E+0	0,000000E+0	1,603000E+0	18,865000E+3	12,000000E+0
589	56,000000E+0	0,000000E+0	1,603000E+0	18,875000E+3	12,000000E+0
590	57,000000E+0	0,000000E+0	1,603000E+0	18,885000E+3	12,000000E+0
591	56,000000E+0	0,000000E+0	1,832000E+0	18,895000E+3	12,000000E+0
592	56,000000E+0	0,000000E+0	1,603000E+0	18,905000E+3	12,000000E+0
593	56,000000E+0	0,000000E+0	1,603000E+0	18,914000E+3	12,000000E+0
594	56,000000E+0	0,000000E+0	1,603000E+0	18,924000E+3	12,000000E+0
595	57,000000E+0	0,000000E+0	1,603000E+0	18,934000E+3	12,000000E+0
596	57,000000E+0	0,000000E+0	1,603000E+0	18,944000E+3	12,000000E+0
597	56,000000E+0	0,000000E+0	1,832000E+0	18,954000E+3	12,000000E+0
598	56,000000E+0	0,000000E+0	1,832000E+0	18,964000E+3	12,000000E+0
599	56,000000E+0	0,000000E+0	1,603000E+0	18,974000E+3	12,000000E+0
600	56,000000E+0	0,000000E+0	1,603000E+0	18,985000E+3	12,000000E+0
601	56,000000E+0	0,000000E+0	1,832000E+0	18,995000E+3	12,000000E+0
602	56,000000E+0	0,000000E+0	1,832000E+0	19,005000E+3	12,000000E+0
603	56,000000E+0	0,000000E+0	1,832000E+0	19,015000E+3	12,000000E+0
604	56,000000E+0	0,000000E+0	1,603000E+0	19,025000E+3	12,000000E+0
605	56,000000E+0	0,000000E+0	1,603000E+0	19,035000E+3	12,000000E+0
606	56,000000E+0	0,000000E+0	1,603000E+0	19,045000E+3	12,000000E+0
607	56,000000E+0	0,000000E+0	1,832000E+0	19,056000E+3	12,000000E+0
608	57,000000E+0	0,000000E+0	1,603000E+0	19,066000E+3	12,000000E+0
609	57,000000E+0	0,000000E+0	1,603000E+0	19,076000E+3	12,000000E+0
610	56,000000E+0	0,000000E+0	1,832000E+0	19,086000E+3	12,000000E+0
611	56,000000E+0	0,000000E+0	1,832000E+0	19,096000E+3	12,000000E+0
612	57,000000E+0	0,000000E+0	1,603000E+0	19,106000E+3	12,000000E+0
613	57,000000E+0	0,000000E+0	1,603000E+0	19,116000E+3	12,000000E+0
614	58,000000E+0	0,000000E+0	1,603000E+0	19,125000E+3	12,000000E+0
615	57,000000E+0	0,000000E+0	1,832000E+0	19,136000E+3	12,000000E+0
616	57,000000E+0	0,000000E+0	1,832000E+0	19,146000E+3	12,000000E+0
617	57,000000E+0	0,000000E+0	1,832000E+0	19,156000E+3	12,000000E+0
618	57,000000E+0	0,000000E+0	1,832000E+0	19,166000E+3	12,000000E+0
619	56,000000E+0	0,000000E+0	1,832000E+0	19,177000E+3	12,000000E+0
620	57,000000E+0	0,000000E+0	1,603000E+0	19,187000E+3	12,000000E+0
621	58,000000E+0	0,000000E+0	1,603000E+0	19,197000E+3	12,000000E+0
622	58,000000E+0	0,000000E+0	1,603000E+0	19,207000E+3	12,000000E+0
623	58,000000E+0	0,000000E+0	1,832000E+0	19,217000E+3	12,000000E+0
624	57,000000E+0	0,000000E+0	1,832000E+0	19,227000E+3	12,000000E+0
625	57,000000E+0	0,000000E+0	1,832000E+0	19,238000E+3	12,000000E+0
626	55,000000E+0	0,000000E+0	1,832000E+0	19,248000E+3	12,000000E+0
627	56,000000E+0	0,000000E+0	1,832000E+0	19,258000E+3	12,000000E+0
628	56,000000E+0	0,000000E+0	1,603000E+0	19,268000E+3	12,000000E+0
629	56,000000E+0	0,000000E+0	1,603000E+0	19,277000E+3	12,000000E+0
630	58,000000E+0	0,000000E+0	1,603000E+0	19,287000E+3	12,000000E+0
631	59,000000E+0	0,000000E+0	1,603000E+0	19,297000E+3	12,000000E+0
632	56,000000E+0	0,000000E+0	1,832000E+0	19,307000E+3	12,000000E+0
633	57,000000E+0	0,000000E+0	1,832000E+0	19,318000E+3	12,000000E+0
634	55,000000E+0	0,000000E+0	1,832000E+0	19,328000E+3	12,000000E+0
635	55,000000E+0	0,000000E+0	1,832000E+0	19,338000E+3	12,000000E+0
636	56,000000E+0	0,000000E+0	1,603000E+0	19,349000E+3	12,000000E+0
637	56,000000E+0	0,000000E+0	1,603000E+0	19,358000E+3	12,000000E+0
638	58,000000E+0	0,000000E+0	1,603000E+0	19,368000E+3	12,000000E+0
639	59,000000E+0	0,000000E+0	1,603000E+0	19,378000E+3	12,000000E+0
640	59,000000E+0	0,000000E+0	1,832000E+0	19,388000E+3	12,000000E+0
641	58,000000E+0	0,000000E+0	1,832000E+0	19,399000E+3	12,000000E+0
642	57,000000E+0	0,000000E+0	1,832000E+0	19,410000E+3	12,000000E+0
643	56,000000E+0	0,000000E+0	1,832000E+0	19,420000E+3	12,000000E+0
644	56,000000E+0	0,000000E+0	1,832000E+0	19,431000E+3	12,000000E+0
645	56,000000E+0	0,000000E+0	1,832000E+0	19,441000E+3	12,000000E+0
646	56,000000E+0	0,000000E+0	1,603000E+0	19,451000E+3	12,000000E+0
647	58,000000E+0	0,000000E+0	1,603000E+0	19,461000E+3	12,000000E+0
648	60,000000E+0	0,000000E+0	1,603000E+0	19,471000E+3	12,000000E+0
649	59,000000E+0	0,000000E+0	1,832000E+0	19,481000E+3	12,000000E+0
650	59,000000E+0	0,000000E+0	1,832000E+0	19,492000E+3	12,000000E+0
651	56,000000E+0	0,000000E+0	1,832000E+0	19,503000E+3	12,000000E+0
652	56,000000E+0	0,000000E+0	1,832000E+0	19,513000E+3	12,000000E+0
653	55,000000E+0	0,000000E+0	1,832000E+0	19,523000E+3	12,000000E+0
654	56,000000E+0	0,000000E+0	1,603000E+0	19,533000E+3	12,000000E+0
655	56,000000E+0	0,000000E+0	1,603000E+0	19,542000E+3	12,000000E+0
656	58,000000E+0	0,000000E+0	1,603000E+0	19,552000E+3	12,000000E+0
657	58,000000E+0	0,000000E+0	1,603000E+0	19,562000E+3	12,000000E+0
658	58,000000E+0	0,000000E+0	1,603000E+0	19,572000E+3	12,000000E+0
659	58,000000E+0	0,000000E+0	1,832000E+0	19,582000E+3	12,000000E+0
660	56,000000E+0	0,000000E+0	1,832000E+0	19,593000E+3	12,000000E+0
661	56,000000E+0	0,000000E+0	1,832000E+0	19,604000E+3	12,000000E+0
662	55,000000E+0	0,000000E+0	1,832000E+0	19,614000E+3	12,000000E+0
663	56,000000E+0	0,000000E+0	1,603000E+0	19,624000E+3	12,000000E+0
664	57,000000E+0	0,000000E+0	1,603000E+0	19,634000E+3	12,000000E+0
665	58,000000E+0	0,000000E+0	1,603000E+0	19,644000E+3	12,000000E+0
666	58,000000E+0	0,000000E+0	1,832000E+0	19,654000E+3	12,000000E+0
667	58,000000E+0	0,000000E+0	1,832000E+0	19,664000E+3	12,000000E+0
668	57,000000E+0	0,000000E+0	1,832000E+0	19,675000E+3	12,000000E+0
669	58,000000E+0	0,000000E+0	1,603000E+0	19,684000E+3	12,000000E+0
670	57,000000E+0	0,000000E+0	1,832000E+0	19,695000E+3	12,000000E+0
671	56,000000E+0	0,000000E+0	1,832000E+0	19,705000E+3	12,000000E+0
672	57,000000E+0	0,000000E+0	1,603000E+0	19,715000E+3	12,000000E+0
673	57,000000E+0	0,000000E+0	1,603000E+0	19,725000E+3	12,000000E+0
674	58,000000E+0	0,000000E+0	1,603000E+0	19,734000E+3	12,000000E+0
675	58,000000E+0	0,000000E+0	1,603000E+0	19,746000E+3	12,000000E+0
676	58,000000E+0	0,000000E+0	1,832000E+0	19,755000E+3	12,000000E+0
677	58,000000E+0	0,000000E+0	1,832000E+0	19,766000E+3	12,000000E+0
678	58,000000E+0	0,000000E+0	1,832000E+0	19,776000E+3	12,000000E+0
679	57,000000E+0	0,000000E+0	1,832000E+0	19,786000E+3	12,000000E+0
680	56,000000E+0	0,000000E+0	1,832000E+0	19,796000E+3	12,000000E+0
681	56,000000E+0	0,000000E+0	1,603000E+0	19,807000E+3	12,000000E+0
682	57,000000E+0	0,000000E+0	1,603000E+0	19,816000E+3	12,000000E+0
683	58,000000E+0	0,000000E+0	1,603000E+0	19,826000E+3	12,000000E+0
684	57,000000E+0	0,000000E+0	1,832000E+0	19,837000E+3	12,000000E+0
685	58,000000E+0	0,000000E+0	1,603000E+0	19,847000E+3	12,000000E+0
686	57,000000E+0	0,000000E+0	1,832000E+0	19,857000E+3	12,000000E+0
687	57,000000E+0	0,000000E+0	1,832000E+0	19,867000E+3	12,000000E+0
688	56,000000E+0	0,000000E+0	1,832000E+0	19,878000E+3	12,000000E+0
689	56,000000E+0	0,000000E+0	1,832000E+0	19,888000E+3	12,000000E+0
690	56,000000E+0	0,000000E+0	1,603000E+0	19,898000E+3	12,000000E+0
691	57,000000E+0	0,000000E+0	1,603000E+0	19,908000E+3	12,000000E+0
692	57,000000E+0	0,000000E+0	1,603000E+0	19,918000E+3	12,000000E+0
693	57,000000E+0	0,000000E+0	1,603000E+0	19,928000E+3	12,000000E+0
694	57,000000E+0	0,000000E+0	1,603000E+0	19,939000E+3	12,000000E+0
695	57,000000E+0	0,000000E+0	1,832000E+0	19,949000E+3	12,000000E+0
696	57,000000E+0	0,000000E+0	1,603000E+0	19,959000E+3	12,000000E+0
697	56,000000E+0	0,000000E+0	1,603000E+0	19,968000E+3	12,000000E+0
698	56,000000E+0	0,000000E+0	1,832000E+0	19,979000E+3	12,000000E+0
699	56,000000E+0	0,000000E+0	1,603000E+0	19,989000E+3	12,000000E+0
700	57,000000E+0	0,000000E+0	1,603000E+0	19,998000E+3	12,000000E+0
701	58,000000E+0	0,000000E+0	1,832000E+0	20,008000E+3	12,000000E+0
702	57,000000E+0	0,000000E+0	1,832000E+0	20,018000E+3	12,000000E+0
703	57,000000E+0	0,000000E+0	1,832000E+0	20,030000E+3	12,000000E+0
704	57,000000E+0	0,000000E+0	1,832000E+0	20,039000E+3	12,000000E+0
705	57,000000E+0	0,000000E+0	1,832000E+0	20,049000E+3	12,000000E+0
706	56,000000E+0	0,000000E+0	1,832000E+0	20,059000E+3	12,000000E+0
707	56,000000E+0	0,000000E+0	1,832000E+0	20,069000E+3	12,000000E+0
708	57,000000E+0	0,000000E+0	1,603000E+0	20,079000E+3	12,000000E+0
709	57,000000E+0	0,000000E+0	1,832000E+0	20,089000E+3	12,000000E+0
710	57,000000E+0	0,000000E+0	1,832000E+0	20,099000E+3	12,000000E+0
711	57,000000E+0	0,000000E+0	1,832000E+0	20,110000E+3	12,000000E+0
712	57,000000E+0	0,000000E+0	1,832000E+0	20,120000E+3	12,000000E+0
713	55,000000E+0	0,000000E+0	1,832000E+0	20,130000E+3	12,000000E+0
714	56,000000E+0	0,000000E+0	1,832000E+0	20,140000E+3	12,000000E+0
715	56,000000E+0	0,000000E+0	1,603000E+0	20,150000E+3	12,000000E+0
716	56,000000E+0	0,000000E+0	1,832000E+0	20,160000E+3	12,000000E+0
717	56,000000E+0	0,000000E+0	1,603000E+0	20,170000E+3	12,000000E+0
718	57,000000E+0	0,000000E+0	1,603000E+0	20,180000E+3	12,000000E+0
719	56,000000E+0	0,000000E+0	1,832000E+0	20,190000E+3	12,000000E+0
720	56,000000E+0	0,000000E+0	1,832000E+0	20,200000E+3	12,000000E+0
721	56,000000E+0	0,000000E+0	1,832000E+0	20,210000E+3	12,000000E+0
722	56,000000E+0	0,000000E+0	1,603000E+0	20,220000E+3	12,000000E+0
723	56,000000E+0	0,000000E+0	1,603000E+0	20,230000E+3	12,000000E+0
724	56,000000E+0	0,000000E+0	1,832000E+0	20,240000E+3	12,000000E+0
725	56,000000E+0	0,000000E+0	1,832000E+0	20,250000E+3	12,000000E+0
726	57,000000E+0	0,000000E+0	1,603000E+0	20,259000E+3	12,000000E+0
727	57,000000E+0	0,000000E+0	1,603000E+0	20,269000E+3	12,000000E+0
728	57,000000E+0	0,000000E+0	1,832000E+0	20,279000E+3	12,000000E+0
729	57,000000E+0	0,000000E+0	1,832000E+0	20,289000E+3	12,000000E+0
730	57,000000E+0	0,000000E+0	1,832000E+0	20,299000E+3	12,000000E+0
731	55,000000E+0	0,000000E+0	1,832000E+0	20,310000E+3	12,000000E+0
732	55,000000E+0	0,000000E+0	1,832000E+0	20,320000E+3	12,000000E+0
733	55,000000E+0	0,000000E+0	1,832000E+0	20,330000E+3	12,000000E+0
734	56,000000E+0	0,000000E+0	1,603000E+0	20,340000E+3	12,000000E+0
735	56,000000E+0	0,000000E+0	1,603000E+0	20,349000E+3	12,000000E+0
736	57,000000E+0	0,000000E+0	1,603000E+0	20,359000E+3	12,000000E+0
737	57,000000E+0	0,000000E+0	1,832000E+0	20,370000E+3	12,000000E+0
738	56,000000E+0	0,000000E+0	1,832000E+0	20,380000E+3	12,000000E+0
739	55,000000E+0	0,000000E+0	1,832000E+0	20,390000E+3	12,000000E+0
740	55,000000E+0	0,000000E+0	1,832000E+0	20,400000E+3	12,000000E+0
741	55,000000E+0	0,000000E+0	1,832000E+0	20,410000E+3	12,000000E+0
742	55,000000E+0	0,000000E+0	1,832000E+0	20,420000E+3	12,000000E+0
743	56,000000E+0	0,000000E+0	1,603000E+0	20,430000E+3	12,000000E+0
744	57,000000E+0	0,000000E+0	1,603000E+0	20,439000E+3	12,000000E+0
745	58,000000E+0	0,000000E+0	1,603000E+0	20,449000E+3	12,000000E+0
746	56,000000E+0	0,000000E+0	1,832000E+0	20,460000E+3	12,000000E+0
747	56,000000E+0	0,000000E+0	1,832000E+0	20,470000E+3	12,000000E+0
748	55,000000E+0	0,000000E+0	1,832000E+0	20,482000E+3	12,000000E+0
749	55,000000E+0	0,000000E+0	1,603000E+0	20,491000E+3	12,000000E+0
750	55,000000E+0	0,000000E+0	1,603000E+0	20,502000E+3	12,000000E+0
751	55,000000E+0	0,000000E+0	1,603000E+0	20,511000E+3	12,000000E+0
752	56,000000E+0	0,000000E+0	1,603000E+0	20,520000E+3	12,000000E+0
753	57,000000E+0	0,000000E+0	1,603000E+0	20,530000E+3	12,000000E+0
754	57,000000E+0	0,000000E+0	1,603000E+0	20,538000E+3	12,000000E+0
755	57,000000E+0	0,000000E+0	1,603000E+0	20,549000E+3	12,000000E+0
756	57,000000E+0	0,000000E+0	1,832000E+0	20,559000E+3	12,000000E+0
757	56,000000E+0	0,000000E+0	1,832000E+0	20,570000E+3	12,000000E+0
758	55,000000E+0	0,000000E+0	1,832000E+0	20,579000E+3	12,000000E+0
759	56,000000E+0	0,000000E+0	1,603000E+0	20,588000E+3	12,000000E+0
760	55,000000E+0	0,000000E+0	1,603000E+0	20,598000E+3	12,000000E+0
761	56,000000E+0	0,000000E+0	1,603000E+0	20,608000E+3	12,000000E+0
762	58,000000E+0	0,000000E+0	1,603000E+0	20,618000E+3	12,000000E+0
763	56,000000E+0	0,000000E+0	1,832000E+0	20,628000E+3	12,000000E+0
764	57,000000E+0	0,000000E+0	1,832000E+0	20,638000E+3	12,000000E+0
765	57,000000E+0	0,000000E+0	1,832000E+0	20,650000E+3	12,000000E+0
766	56,000000E+0	0,000000E+0	1,832000E+0	20,659000E+3	12,000000E+0
767	56,000000E+0	0,000000E+0	1,832000E+0	20,669000E+3	12,000000E+0
768	55,000000E+0	0,000000E+0	1,832000E+0	20,680000E+3	12,000000E+0
769	55,000000E+0	0,000000E+0	1,832000E+0	20,689000E+3	12,000000E+0
770	57,000000E+0	0,000000E+0	1,603000E+0	20,699000E+3	12,000000E+0
771	57,000000E+0	0,000000E+0	1,832000E+0	20,708000E+3	12,000000E+0
772	57,000000E+0	0,000000E+0	1,832000E+0	20,719000E+3	12,000000E+0
773	57,000000E+0	0,000000E+0	1,603000E+0	20,729000E+3	12,000000E+0
774	56,000000E+0	0,000000E+0	1,832000E+0	20,739000E+3	12,000000E+0
775	56,000000E+0	0,000000E+0	1,603000E+0	20,749000E+3	12,000000E+0
776	56,000000E+0	0,000000E+0	1,832000E+0	20,759000E+3	12,000000E+0
777	56,000000E+0	0,000000E+0	1,832000E+0	20,769000E+3	12,000000E+0
778	57,000000E+0	0,000000E+0	1,603000E+0	20,779000E+3	12,000000E+0
779	57,000000E+0	0,000000E+0	1,603000E+0	20,788000E+3	12,000000E+0
780	57,000000E+0	0,000000E+0	1,603000E+0	20,798000E+3	12,000000E+0
781	57,000000E+0	0,000000E+0	1,603000E+0	20,809000E+3	12,000000E+0
782	57,000000E+0	0,000000E+0	1,832000E+0	20,819000E+3	12,000000E+0
783	57,000000E+0	0,000000E+0	1,832000E+0	20,829000E+3	12,000000E+0
784	57,000000E+0	0,000000E+0	1,832000E+0	20,838000E+3	12,000000E+0
785	56,000000E+0	0,000000E+0	1,832000E+0	20,848000E+3	12,000000E+0
786	56,000000E+0	0,000000E+0	1,603000E+0	20,858000E+3	12,000000E+0
787	56,000000E+0	0,000000E+0	1,832000E+0	20,868000E+3	12,000000E+0
788	56,000000E+0	0,000000E+0	1,603000E+0	20,878000E+3	12,000000E+0
789	56,000000E+0	0,000000E+0	1,603000E+0	20,888000E+3	12,000000E+0
790	57,000000E+0	0,000000E+0	1,832000E+0	20,897000E+3	12,000000E+0
791	56,000000E+0	0,000000E+0	1,832000E+0	20,908000E+3	12,000000E+0
792	56,000000E+0	0,000000E+0	1,832000E+0	20,917000E+3	12,000000E+0
793	56,000000E+0	0,000000E+0	1,603000E+0	20,927000E+3	12,000000E+0
794	56,000000E+0	0,000000E+0	1,832000E+0	20,937000E+3	12,000000E+0
795	56,000000E+0	0,000000E+0	1,603000E+0	20,948000E+3	12,000000E+0
796	56,000000E+0	0,000000E+0	1,603000E+0	20,957000E+3	12,000000E+0
797	57,000000E+0	0,000000E+0	1,603000E+0	20,968000E+3	12,000000E+0
798	57,000000E+0	0,000000E+0	1,603000E+0	20,978000E+3	12,000000E+0
799	57,000000E+0	0,000000E+0	1,832000E+0	20,988000E+3	12,000000E+0
800	57,000000E+0	0,000000E+0	1,603000E+0	20,998000E+3	12,000000E+0
801	57,000000E+0	0,000000E+0	1,832000E+0	21,008000E+3	12,000000E+0
802	57,000000E+0	0,000000E+0	1,603000E+0	21,018000E+3	12,000000E+0
803	57,000000E+0	0,000000E+0	1,603000E+0	21,028000E+3	12,000000E+0
804	57,000000E+0	0,000000E+0	1,832000E+0	21,038000E+3	12,000000E+0
805	57,000000E+0	0,000000E+0	1,832000E+0	21,048000E+3	12,000000E+0
806	57,000000E+0	0,000000E+0	1,603000E+0	21,058000E+3	12,000000E+0
807	57,000000E+0	0,000000E+0	1,603000E+0	21,068000E+3	12,000000E+0
808	57,000000E+0	0,000000E+0	1,603000E+0	21,078000E+3	12,000000E+0
809	58,000000E+0	0,000000E+0	1,603000E+0	21,089000E+3	12,000000E+0
810	57,000000E+0	0,000000E+0	1,832000E+0	21,099000E+3	12,000000E+0
811	57,000000E+0	0,000000E+0	1,603000E+0	21,109000E+3	12,000000E+0
812	57,000000E+0	0,000000E+0	1,603000E+0	21,120000E+3	12,000000E+0
813	57,000000E+0	0,000000E+0	1,603000E+0	21,129000E+3	12,000000E+0
814	57,000000E+0	0,000000E+0	1,832000E+0	21,139000E+3	12,000000E+0
815	58,000000E+0	0,000000E+0	1,603000E+0	21,150000E+3	12,000000E+0
816	57,000000E+0	0,000000E+0	1,603000E+0	21,159000E+3	12,000000E+0
817	58,000000E+0	0,000000E+0	1,603000E+0	21,169000E+3	12,000000E+0
818	57,000000E+0	0,000000E+0	1,832000E+0	21,180000E+3	12,000000E+0
819	57,000000E+0	0,000000E+0	1,832000E+0	21,190000E+3	12,000000E+0
820	57,000000E+0	0,000000E+0	1,832000E+0	21,200000E+3	12,000000E+0
821	57,000000E+0	0,000000E+0	1,832000E+0	21,210000E+3	12,000000E+0
822	57,000000E+0	0,000000E+0	1,832000E+0	21,220000E+3	12,000000E+0
823	57,000000E+0	0,000000E+0	1,832000E+0	21,230000E+3	12,000000E+0
824	58,000000E+0	0,000000E+0	1,603000E+0	21,240000E+3	12,000000E+0
825	58,000000E+0	0,000000E+0	1,832000E+0	21,250000E+3	12,000000E+0
826	58,000000E+0	0,000000E+0	1,832000E+0	21,260000E+3	12,000000E+0
827	57,000000E+0	0,000000E+0	1,832000E+0	21,270000E+3	12,000000E+0
828	58,000000E+0	0,000000E+0	1,603000E+0	21,281000E+3	12,000000E+0
829	58,000000E+0	0,000000E+0	1,832000E+0	21,291000E+3	12,000000E+0
830	57,000000E+0	0,000000E+0	1,832000E+0	21,301000E+3	12,000000E+0
831	57,000000E+0	0,000000E+0	1,832000E+0	21,312000E+3	12,000000E+0
832	57,000000E+0	0,000000E+0	1,603000E+0	21,322000E+3	12,000000E+0
833	57,000000E+0	0,000000E+0	1,603000E+0	21,331000E+3	12,000000E+0
834	58,000000E+0	0,000000E+0	1,603000E+0	21,341000E+3	12,000000E+0
835	58,000000E+0	0,000000E+0	1,832000E+0	21,351000E+3	12,000000E+0
836	58,000000E+0	0,000000E+0	1,832000E+0	21,361000E+3	12,000000E+0
837	57,000000E+0	0,000000E+0	1,832000E+0	21,372000E+3	12,000000E+0
838	57,000000E+0	0,000000E+0	1,832000E+0	21,382000E+3	12,000000E+0
839	56,000000E+0	0,000000E+0	1,832000E+0	21,393000E+3	12,000000E+0
840	57,000000E+0	0,000000E+0	1,603000E+0	21,403000E+3	12,000000E+0
841	58,000000E+0	0,000000E+0	1,603000E+0	21,413000E+3	12,000000E+0
842	57,000000E+0	0,000000E+0	1,832000E+0	21,422000E+3	12,000000E+0
843	58,000000E+0	0,000000E+0	1,603000E+0	21,433000E+3	12,000000E+0
844	58,000000E+0	0,000000E+0	1,603000E+0	21,444000E+3	12,000000E+0
845	57,000000E+0	0,000000E+0	1,832000E+0	21,454000E+3	12,000000E+0
846	57,000000E+0	0,000000E+0	1,832000E+0	21,464000E+3	12,000000E+0
847	57,000000E+0	0,000000E+0	1,832000E+0	21,474000E+3	12,000000E+0
848	57,000000E+0	0,000000E+0	1,832000E+0	21,484000E+3	12,000000E+0
849	57,000000E+0	0,000000E+0	1,832000E+0	21,494000E+3	12,000000E+0
850	57,000000E+0	0,000000E+0	1,603000E+0	21,504000E+3	12,000000E+0
851	57,000000E+0	0,000000E+0	1,603000E+0	21,514000E+3	12,000000E+0
852	57,000000E+0	0,000000E+0	1,832000E+0	21,524000E+3	12,000000E+0
853	57,000000E+0	0,000000E+0	1,832000E+0	21,534000E+3	12,000000E+0
854	57,000000E+0	0,000000E+0	1,603000E+0	21,545000E+3	12,000000E+0
855	57,000000E+0	0,000000E+0	1,832000E+0	21,555000E+3	12,000000E+0
856	57,000000E+0	0,000000E+0	1,832000E+0	21,566000E+3	12,000000E+0
857	57,000000E+0	0,000000E+0	1,832000E+0	21,576000E+3	12,000000E+0
858	57,000000E+0	0,000000E+0	1,603000E+0	21,586000E+3	12,000000E+0
859	57,000000E+0	0,000000E+0	1,603000E+0	21,595000E+3	12,000000E+0
860	57,000000E+0	0,000000E+0	1,603000E+0	21,606000E+3	12,000000E+0
861	57,000000E+0	0,000000E+0	1,603000E+0	21,616000E+3	12,000000E+0
862	58,000000E+0	0,000000E+0	1,603000E+0	21,626000E+3	12,000000E+0
863	57,000000E+0	0,000000E+0	1,832000E+0	21,636000E+3	12,000000E+0
864	57,000000E+0	0,000000E+0	1,832000E+0	21,646000E+3	12,000000E+0
865	57,000000E+0	0,000000E+0	1,832000E+0	21,657000E+3	12,000000E+0
866	57,000000E+0	0,000000E+0	1,603000E+0	21,666000E+3	12,000000E+0
867	57,000000E+0	0,000000E+0	1,603000E+0	21,676000E+3	12,000000E+0
868	58,000000E+0	0,000000E+0	1,603000E+0	21,686000E+3	12,000000E+0
869	57,000000E+0	0,000000E+0	1,832000E+0	21,696000E+3	12,000000E+0
870	57,000000E+0	0,000000E+0	1,603000E+0	21,706000E+3	12,000000E+0
871	57,000000E+0	0,000000E+0	1,832000E+0	21,716000E+3	12,000000E+0
872	57,000000E+0	0,000000E+0	1,832000E+0	21,727000E+3	12,000000E+0
873	57,000000E+0	0,000000E+0	1,832000E+0	21,738000E+3	12,000000E+0
874	57,000000E+0	0,000000E+0	1,832000E+0	21,748000E+3	12,000000E+0
875	57,000000E+0	0,000000E+0	1,603000E+0	21,759000E+3	12,000000E+0
876	57,000000E+0	0,000000E+0	1,603000E+0	21,768000E+3	12,000000E+0
877	57,000000E+0	0,000000E+0	1,603000E+0	21,778000E+3	12,000000E+0
878	57,000000E+0	0,000000E+0	1,603000E+0	21,788000E+3	12,000000E+0
879	57,000000E+0	0,000000E+0	1,832000E+0	21,798000E+3	12,000000E+0
880	57,000000E+0	0,000000E+0	1,832000E+0	21,808000E+3	12,000000E+0
881	57,000000E+0	0,000000E+0	1,603000E+0	21,818000E+3	12,000000E+0
882	57,000000E+0	0,000000E+0	1,603000E+0	21,828000E+3	12,000000E+0
883	56,000000E+0	0,000000E+0	1,832000E+0	21,838000E+3	12,000000E+0
884	56,000000E+0	0,000000E+0	1,603000E+0	21,848000E+3	12,000000E+0
885	56,000000E+0	0,000000E+0	1,603000E+0	21,859000E+3	12,000000E+0
886	57,000000E+0	0,000000E+0	1,603000E+0	21,869000E+3	12,000000E+0
887	57,000000E+0	0,000000E+0	1,603000E+0	21,879000E+3	12,000000E+0
888	56,000000E+0	0,000000E+0	1,832000E+0	21,889000E+3	12,000000E+0
889	57,000000E+0	0,000000E+0	1,603000E+0	21,899000E+3	12,000000E+0
890	57,000000E+0	0,000000E+0	1,832000E+0	21,909000E+3	12,000000E+0
891	56,000000E+0	0,000000E+0	1,832000E+0	21,920000E+3	12,000000E+0
892	57,000000E+0	0,000000E+0	1,603000E+0	21,929000E+3	12,000000E+0
893	57,000000E+0	0,000000E+0	1,603000E+0	21,939000E+3	12,000000E+0
894	57,000000E+0	0,000000E+0	1,603000E+0	21,949000E+3	12,000000E+0
895	57,000000E+0	0,000000E+0	1,603000E+0	21,959000E+3	12,000000E+0
896	57,000000E+0	0,000000E+0	1,832000E+0	21,969000E+3	12,000000E+0
897	56,000000E+0	0,000000E+0	1,832000E+0	21,980000E+3	12,000000E+0
898	57,000000E+0	0,000000E+0	1,603000E+0	21,990000E+3	12,000000E+0
899	56,000000E+0	0,000000E+0	1,832000E+0	22,000000E+3	12,000000E+0
900	56,000000E+0	0,000000E+0	1,603000E+0	22,010000E+3	12,000000E+0
901	56,000000E+0	0,000000E+0	1,832000E+0	22,020000E+3	12,000000E+0
902	56,000000E+0	0,000000E+0	1,832000E+0	22,030000E+3	12,000000E+0
903	56,000000E+0	0,000000E+0	1,603000E+0	22,040000E+3	12,000000E+0
904	56,000000E+0	0,000000E+0	1,603000E+0	22,049000E+3	12,000000E+0
905	56,000000E+0	0,000000E+0	1,603000E+0	22,059000E+3	12,000000E+0
906	57,000000E+0	0,000000E+0	1,603000E+0	22,069000E+3	12,000000E+0
907	56,000000E+0	0,000000E+0	1,832000E+0	22,079000E+3	12,000000E+0
908	56,000000E+0	0,000000E+0	1,603000E+0	22,089000E+3	12,000000E+0
909	56,000000E+0	0,000000E+0	1,832000E+0	22,099000E+3	12,000000E+0
910	56,000000E+0	0,000000E+0	1,603000E+0	22,109000E+3	12,000000E+0
911	56,000000E+0	0,000000E+0	1,603000E+0	22,119000E+3	12,000000E+0
912	56,000000E+0	0,000000E+0	1,603000E+0	22,129000E+3	12,000000E+0
913	56,000000E+0	0,000000E+0	1,603000E+0	22,138000E+3	12,000000E+0
914	57,000000E+0	0,000000E+0	1,603000E+0	22,149000E+3	12,000000E+0
915	56,000000E+0	0,000000E+0	1,832000E+0	22,159000E+3	12,000000E+0
916	56,000000E+0	0,000000E+0	1,832000E+0	22,169000E+3	12,000000E+0
917	57,000000E+0	0,000000E+0	1,603000E+0	22,179000E+3	12,000000E+0
918	56,000000E+0	0,000000E+0	1,832000E+0	22,189000E+3	12,000000E+0
919	56,000000E+0	0,000000E+0	1,832000E+0	22,199000E+3	12,000000E+0
920	56,000000E+0	0,000000E+0	1,603000E+0	22,210000E+3	12,000000E+0
921	56,000000E+0	0,000000E+0	1,832000E+0	22,219000E+3	12,000000E+0
922	56,000000E+0	0,000000E+0	1,603000E+0	22,228000E+3	12,000000E+0
923	56,000000E+0	0,000000E+0	1,603000E+0	22,238000E+3	12,000000E+0
924	56,000000E+0	0,000000E+0	1,832000E+0	22,248000E+3	12,000000E+0
925	56,000000E+0	0,000000E+0	1,832000E+0	22,258000E+3	12,000000E+0
926	56,000000E+0	0,000000E+0	1,832000E+0	22,268000E+3	12,000000E+0
927	56,000000E+0	0,000000E+0	1,832000E+0	22,277000E+3	12,000000E+0
928	56,000000E+0	0,000000E+0	1,832000E+0	22,288000E+3	12,000000E+0
929	56,000000E+0	0,000000E+0	1,603000E+0	22,298000E+3	12,000000E+0
930	56,000000E+0	0,000000E+0	1,603000E+0	22,308000E+3	12,000000E+0
931	56,000000E+0	0,000000E+0	1,603000E+0	22,318000E+3	12,000000E+0
932	56,000000E+0	0,000000E+0	1,603000E+0	22,328000E+3	12,000000E+0
933	56,000000E+0	0,000000E+0	1,832000E+0	22,338000E+3	12,000000E+0
934	56,000000E+0	0,000000E+0	1,603000E+0	22,348000E+3	12,000000E+0
935	56,000000E+0	0,000000E+0	1,832000E+0	22,358000E+3	12,000000E+0
936	56,000000E+0	0,000000E+0	1,832000E+0	22,368000E+3	12,000000E+0
937	55,000000E+0	0,000000E+0	1,832000E+0	22,378000E+3	12,000000E+0
938	55,000000E+0	0,000000E+0	1,603000E+0	22,387000E+3	12,000000E+0
939	55,000000E+0	0,000000E+0	1,603000E+0	22,397000E+3	12,000000E+0
940	56,000000E+0	0,000000E+0	1,603000E+0	22,407000E+3	12,000000E+0
941	56,000000E+0	0,000000E+0	1,603000E+0	22,417000E+3	12,000000E+0
942	56,000000E+0	0,000000E+0	1,603000E+0	22,428000E+3	12,000000E+0
943	56,000000E+0	0,000000E+0	1,832000E+0	22,436000E+3	12,000000E+0
944	55,000000E+0	0,000000E+0	1,832000E+0	22,447000E+3	12,000000E+0
945	56,000000E+0	0,000000E+0	1,832000E+0	22,457000E+3	12,000000E+0
946	55,000000E+0	0,000000E+0	1,832000E+0	22,467000E+3	12,000000E+0
947	55,000000E+0	0,000000E+0	1,603000E+0	22,477000E+3	12,000000E+0
948	56,000000E+0	0,000000E+0	1,603000E+0	22,486000E+3	12,000000E+0
949	56,000000E+0	0,000000E+0	1,832000E+0	22,496000E+3	12,000000E+0
950	56,000000E+0	0,000000E+0	1,603000E+0	22,505000E+3	12,000000E+0
951	56,000000E+0	0,000000E+0	1,832000E+0	22,516000E+3	12,000000E+0
952	56,000000E+0	0,000000E+0	1,832000E+0	22,526000E+3	12,000000E+0
953	55,000000E+0	0,000000E+0	1,832000E+0	22,536000E+3	12,000000E+0
954	55,000000E+0	0,000000E+0	1,832000E+0	22,546000E+3	12,000000E+0
955	55,000000E+0	0,000000E+0	1,832000E+0	22,557000E+3	12,000000E+0
956	55,000000E+0	0,000000E+0	1,832000E+0	22,566000E+3	12,000000E+0
957	55,000000E+0	0,000000E+0	1,603000E+0	22,575000E+3	12,000000E+0
958	56,000000E+0	0,000000E+0	1,603000E+0	22,585000E+3	12,000000E+0
959	56,000000E+0	0,000000E+0	1,603000E+0	22,595000E+3	12,000000E+0
960	56,000000E+0	0,000000E+0	1,832000E+0	22,605000E+3	12,000000E+0
961	55,000000E+0	0,000000E+0	1,832000E+0	22,615000E+3	12,000000E+0
962	54,000000E+0	0,000000E+0	1,832000E+0	22,624000E+3	12,000000E+0
963	54,000000E+0	0,000000E+0	1,832000E+0	22,635000E+3	12,000000E+0
964	55,000000E+0	0,000000E+0	1,603000E+0	22,644000E+3	12,000000E+0
965	54,000000E+0	0,000000E+0	1,603000E+0	22,653000E+3	12,000000E+0
966	57,000000E+0	0,000000E+0	1,603000E+0	22,663000E+3	12,000000E+0
967	56,000000E+0	0,000000E+0	1,832000E+0	22,673000E+3	12,000000E+0
968	57,000000E+0	0,000000E+0	1,832000E+0	22,684000E+3	12,000000E+0
969	57,000000E+0	0,000000E+0	1,832000E+0	22,694000E+3	12,000000E+0
970	56,000000E+0	0,000000E+0	1,832000E+0	22,704000E+3	12,000000E+0
971	56,000000E+0	0,000000E+0	1,832000E+0	22,714000E+3	12,000000E+0
972	54,000000E+0	0,000000E+0	1,832000E+0	22,724000E+3	12,000000E+0
973	55,000000E+0	0,000000E+0	1,832000E+0	22,735000E+3	12,000000E+0
974	56,000000E+0	0,000000E+0	1,603000E+0	22,744000E+3	12,000000E+0
975	57,000000E+0	0,000000E+0	1,603000E+0	22,753000E+3	12,000000E+0
976	56,000000E+0	0,000000E+0	1,832000E+0	22,763000E+3	12,000000E+0
977	56,000000E+0	0,000000E+0	1,832000E+0	22,774000E+3	12,000000E+0
978	56,000000E+0	0,000000E+0	1,832000E+0	22,784000E+3	12,000000E+0
979	56,000000E+0	0,000000E+0	1,832000E+0	22,794000E+3	12,000000E+0
980	56,000000E+0	0,000000E+0	1,832000E+0	22,804000E+3	12,000000E+0
981	54,000000E+0	0,000000E+0	1,832000E+0	22,814000E+3	12,000000E+0
982	55,000000E+0	0,000000E+0	1,832000E+0	22,823000E+3	12,000000E+0
983	56,000000E+0	0,000000E+0	1,603000E+0	22,832000E+3	12,000000E+0
984	56,000000E+0	0,000000E+0	1,603000E+0	22,843000E+3	12,000000E+0
985	56,000000E+0	0,000000E+0	1,832000E+0	22,853000E+3	12,000000E+0
986	57,000000E+0	0,000000E+0	1,603000E+0	22,863000E+3	12,000000E+0
987	57,000000E+0	0,000000E+0	1,832000E+0	22,872000E+3	12,000000E+0
988	56,000000E+0	0,000000E+0	1,832000E+0	22,882000E+3	12,000000E+0
989	56,000000E+0	0,000000E+0	1,832000E+0	22,892000E+3	12,000000E+0
990	56,000000E+0	0,000000E+0	1,603000E+0	22,901000E+3	12,000000E+0
991	56,000000E+0	0,000000E+0	1,832000E+0	22,911000E+3	12,000000E+0
992	56,000000E+0	0,000000E+0	1,832000E+0	22,922000E+3	12,000000E+0
993	56,000000E+0	0,000000E+0	1,603000E+0	22,932000E+3	12,000000E+0
994	56,000000E+0	0,000000E+0	1,603000E+0	22,942000E+3	12,000000E+0
995	56,000000E+0	0,000000E+0	1,603000E+0	22,951000E+3	12,000000E+0
996	56,000000E+0	0,000000E+0	1,832000E+0	22,961000E+3	12,000000E+0
997	56,000000E+0	0,000000E+0	1,603000E+0	22,971000E+3	12,000000E+0
998	57,000000E+0	0,000000E+0	1,603000E+0	22,982000E+3	12,000000E+0
999	55,000000E+0	0,000000E+0	1,832000E+0	22,992000E+3	12,000000E+0
1000	56,000000E+0	0,000000E+0	1,832000E+0	23,002000E+3	12,000000E+0
1001	56,000000E+0	0,000000E+0	1,603000E+0	23,011000E+3	12,000000E+0
1002	56,000000E+0	0,000000E+0	1,603000E+0	23,020000E+3	12,000000E+0
1003	56,000000E+0	0,000000E+0	1,832000E+0	23,031000E+3	12,000000E+0
1004	57,000000E+0	0,000000E+0	1,603000E+0	23,040000E+3	12,000000E+0
1005	57,000000E+0	0,000000E+0	1,603000E+0	23,050000E+3	12,000000E+0
1006	56,000000E+0	0,000000E+0	1,832000E+0	23,061000E+3	12,000000E+0
1007	56,000000E+0	0,000000E+0	1,832000E+0	23,071000E+3	12,000000E+0
1008	57,000000E+0	0,000000E+0	1,603000E+0	23,082000E+3	12,000000E+0
1009	56,000000E+0	0,000000E+0	1,832000E+0	23,092000E+3	12,000000E+0
1010	56,000000E+0	0,000000E+0	1,603000E+0	23,102000E+3	12,000000E+0
1011	56,000000E+0	0,000000E+0	1,603000E+0	23,112000E+3	12,000000E+0
1012	57,000000E+0	0,000000E+0	1,832000E+0	23,122000E+3	12,000000E+0
1013	56,000000E+0	0,000000E+0	1,603000E+0	23,132000E+3	12,000000E+0
1014	57,000000E+0	0,000000E+0	1,832000E+0	23,143000E+3	12,000000E+0
1015	56,000000E+0	0,000000E+0	1,832000E+0	23,153000E+3	12,000000E+0
1016	56,000000E+0	0,000000E+0	1,603000E+0	23,163000E+3	12,000000E+0
1017	56,000000E+0	0,000000E+0	1,832000E+0	23,173000E+3	12,000000E+0
1018	57,000000E+0	0,000000E+0	1,603000E+0	23,183000E+3	12,000000E+0
1019	57,000000E+0	0,000000E+0	1,603000E+0	23,193000E+3	12,000000E+0
1020	57,000000E+0	0,000000E+0	1,603000E+0	23,203000E+3	12,000000E+0
1021	57,000000E+0	0,000000E+0	1,603000E+0	23,213000E+3	12,000000E+0
1022	57,000000E+0	0,000000E+0	1,603000E+0	23,223000E+3	12,000000E+0
1023	57,000000E+0	0,000000E+0	1,832000E+0	23,233000E+3	12,000000E+0
1024	57,000000E+0	0,000000E+0	1,603000E+0	23,243000E+3	12,000000E+0
1025	57,000000E+0	0,000000E+0	1,832000E+0	23,253000E+3	12,000000E+0
1026	57,000000E+0	0,000000E+0	1,832000E+0	23,263000E+3	12,000000E+0
1027	57,000000E+0	0,000000E+0	1,603000E+0	23,275000E+3	12,000000E+0
1028	57,000000E+0	0,000000E+0	1,603000E+0	23,284000E+3	12,000000E+0
1029	57,000000E+0	0,000000E+0	1,603000E+0	23,295000E+3	12,000000E+0
1030	57,000000E+0	0,000000E+0	1,603000E+0	23,304000E+3	12,000000E+0
1031	57,000000E+0	0,000000E+0	1,832000E+0	23,315000E+3	12,000000E+0
1032	57,000000E+0	0,000000E+0	1,603000E+0	23,324000E+3	12,000000E+0
1033	57,000000E+0	0,000000E+0	1,603000E+0	23,334000E+3	12,000000E+0
1034	57,000000E+0	0,000000E+0	1,832000E+0	23,344000E+3	12,000000E+0
1035	57,000000E+0	0,000000E+0	1,832000E+0	23,354000E+3	12,000000E+0
1036	57,000000E+0	0,000000E+0	1,832000E+0	23,364000E+3	12,000000E+0
1037	57,000000E+0	0,000000E+0	1,603000E+0	23,375000E+3	12,000000E+0
1038	58,000000E+0	0,000000E+0	1,603000E+0	23,384000E+3	12,000000E+0
1039	58,000000E+0	0,000000E+0	1,832000E+0	23,394000E+3	12,000000E+0
1040	58,000000E+0	0,000000E+0	1,603000E+0	23,405000E+3	12,000000E+0
1041	57,000000E+0	0,000000E+0	1,832000E+0	23,415000E+3	12,000000E+0
1042	57,000000E+0	0,000000E+0	1,832000E+0	23,425000E+3	12,000000E+0
1043	56,000000E+0	0,000000E+0	1,832000E+0	23,435000E+3	12,000000E+0
1044	56,000000E+0	0,000000E+0	1,832000E+0	23,445000E+3	12,000000E+0
1045	56,000000E+0	0,000000E+0	1,603000E+0	23,455000E+3	12,000000E+0
1046	58,000000E+0	0,000000E+0	1,603000E+0	23,466000E+3	12,000000E+0
1047	58,000000E+0	0,000000E+0	1,603000E+0	23,476000E+3	12,000000E+0
1048	58,000000E+0	0,000000E+0	1,603000E+0	23,486000E+3	12,000000E+0
1049	58,000000E+0	0,000000E+0	1,832000E+0	23,496000E+3	12,000000E+0
1050	56,000000E+0	0,000000E+0	1,832000E+0	23,507000E+3	12,000000E+0
1051	57,000000E+0	0,000000E+0	1,832000E+0	23,518000E+3	12,000000E+0
1052	56,000000E+0	0,000000E+0	1,832000E+0	23,527000E+3	12,000000E+0
1053	56,000000E+0	0,000000E+0	1,603000E+0	23,539000E+3	12,000000E+0
1054	56,000000E+0	0,000000E+0	1,603000E+0	23,548000E+3	12,000000E+0
1055	59,000000E+0	0,000000E+0	1,603000E+0	23,558000E+3	12,000000E+0
1056	59,000000E+0	0,000000E+0	1,603000E+0	23,568000E+3	12,000000E+0
1057	58,000000E+0	0,000000E+0	1,832000E+0	23,578000E+3	12,000000E+0
1058	57,000000E+0	0,000000E+0	1,832000E+0	23,589000E+3	12,000000E+0
1059	56,000000E+0	0,000000E+0	1,832000E+0	23,599000E+3	12,000000E+0
1060	56,000000E+0	0,000000E+0	1,832000E+0	23,610000E+3	12,000000E+0
1061	57,000000E+0	0,000000E+0	1,603000E+0	23,620000E+3	12,000000E+0
1062	56,000000E+0	0,000000E+0	1,832000E+0	23,630000E+3	12,000000E+0
1063	57,000000E+0	0,000000E+0	1,603000E+0	23,639000E+3	12,000000E+0
1064	57,000000E+0	0,000000E+0	1,603000E+0	23,649000E+3	12,000000E+0
1065	58,000000E+0	0,000000E+0	1,603000E+0	23,659000E+3	12,000000E+0
1066	58,000000E+0	0,000000E+0	1,603000E+0	23,669000E+3	12,000000E+0
1067	58,000000E+0	0,000000E+0	1,832000E+0	23,680000E+3	12,000000E+0
1068	54,000000E+0	0,000000E+0	1,832000E+0	23,691000E+3	12,000000E+0
1069	55,000000E+0	0,000000E+0	1,603000E+0	23,701000E+3	12,000000E+0
1070	56,000000E+0	0,000000E+0	1,603000E+0	23,711000E+3	12,000000E+0
1071	56,000000E+0	0,000000E+0	1,603000E+0	23,721000E+3	12,000000E+0
1072	57,000000E+0	0,000000E+0	1,603000E+0	23,731000E+3	12,000000E+0
1073	59,000000E+0	0,000000E+0	1,603000E+0	23,741000E+3	12,000000E+0
1074	59,000000E+0	0,000000E+0	1,603000E+0	23,751000E+3	12,000000E+0
1075	58,000000E+0	0,000000E+0	1,832000E+0	23,761000E+3	12,000000E+0
1076	56,000000E+0	0,000000E+0	1,832000E+0	23,771000E+3	12,000000E+0
1077	56,000000E+0	0,000000E+0	1,603000E+0	23,781000E+3	12,000000E+0
1078	56,000000E+0	0,000000E+0	1,832000E+0	23,792000E+3	12,000000E+0
1079	56,000000E+0	0,000000E+0	1,832000E+0	23,802000E+3	12,000000E+0
1080	57,000000E+0	0,000000E+0	1,603000E+0	23,811000E+3	12,000000E+0
1081	58,000000E+0	0,000000E+0	1,603000E+0	23,821000E+3	12,000000E+0
1082	58,000000E+0	0,000000E+0	1,603000E+0	23,831000E+3	12,000000E+0
1083	58,000000E+0	0,000000E+0	1,603000E+0	23,842000E+3	12,000000E+0
1084	57,000000E+0	0,000000E+0	1,832000E+0	23,851000E+3	12,000000E+0
1085	57,000000E+0	0,000000E+0	1,832000E+0	23,863000E+3	12,000000E+0
1086	57,000000E+0	0,000000E+0	1,832000E+0	23,872000E+3	12,000000E+0
1087	56,000000E+0	0,000000E+0	1,832000E+0	23,883000E+3	12,000000E+0
1088	56,000000E+0	0,000000E+0	1,603000E+0	23,892000E+3	12,000000E+0
1089	56,000000E+0	0,000000E+0	1,603000E+0	23,902000E+3	12,000000E+0
1090	58,000000E+0	0,000000E+0	1,603000E+0	23,912000E+3	12,000000E+0
1091	57,000000E+0	0,000000E+0	1,832000E+0	23,922000E+3	12,000000E+0
1092	58,000000E+0	0,000000E+0	1,832000E+0	23,933000E+3	12,000000E+0
1093	58,000000E+0	0,000000E+0	1,832000E+0	23,943000E+3	12,000000E+0
1094	58,000000E+0	0,000000E+0	1,832000E+0	23,953000E+3	12,000000E+0
1095	57,000000E+0	0,000000E+0	1,832000E+0	23,963000E+3	12,000000E+0
1096	55,000000E+0	0,000000E+0	1,832000E+0	23,974000E+3	12,000000E+0
1097	56,000000E+0	0,000000E+0	1,603000E+0	23,985000E+3	12,000000E+0
1098	56,000000E+0	0,000000E+0	1,603000E+0	23,994000E+3	12,000000E+0
1099	57,000000E+0	0,000000E+0	1,603000E+0	24,004000E+3	12,000000E+0
1100	57,000000E+0	0,000000E+0	1,603000E+0	24,014000E+3	12,000000E+0
1101	57,000000E+0	0,000000E+0	1,832000E+0	24,024000E+3	12,000000E+0
1102	57,000000E+0	0,000000E+0	1,832000E+0	24,035000E+3	12,000000E+0
1103	57,000000E+0	0,000000E+0	1,832000E+0	24,045000E+3	12,000000E+0
1104	57,000000E+0	0,000000E+0	1,832000E+0	24,055000E+3	12,000000E+0
1105	56,000000E+0	0,000000E+0	1,603000E+0	24,065000E+3	12,000000E+0
1106	56,000000E+0	0,000000E+0	1,832000E+0	24,075000E+3	12,000000E+0
1107	56,000000E+0	0,000000E+0	1,603000E+0	24,085000E+3	12,000000E+0
1108	58,000000E+0	0,000000E+0	1,603000E+0	24,095000E+3	12,000000E+0
1109	57,000000E+0	0,000000E+0	1,832000E+0	24,105000E+3	12,000000E+0
1110	57,000000E+0	0,000000E+0	1,832000E+0	24,115000E+3	12,000000E+0
1111	57,000000E+0	0,000000E+0	1,832000E+0	24,125000E+3	12,000000E+0
1112	57,000000E+0	0,000000E+0	1,832000E+0	24,135000E+3	12,000000E+0
1113	57,000000E+0	0,000000E+0	1,832000E+0	24,145000E+3	12,000000E+0
1114	56,000000E+0	0,000000E+0	1,832000E+0	24,156000E+3	12,000000E+0
1115	56,000000E+0	0,000000E+0	1,603000E+0	24,166000E+3	12,000000E+0
1116	56,000000E+0	0,000000E+0	1,603000E+0	24,175000E+3	12,000000E+0
1117	56,000000E+0	0,000000E+0	1,603000E+0	24,185000E+3	12,000000E+0
1118	57,000000E+0	0,000000E+0	1,603000E+0	24,196000E+3	12,000000E+0
1119	57,000000E+0	0,000000E+0	1,603000E+0	24,206000E+3	12,000000E+0
1120	56,000000E+0	0,000000E+0	1,832000E+0	24,216000E+3	12,000000E+0
1121	56,000000E+0	0,000000E+0	1,603000E+0	24,225000E+3	12,000000E+0
1122	56,000000E+0	0,000000E+0	1,603000E+0	24,235000E+3	12,000000E+0
1123	56,000000E+0	0,000000E+0	1,603000E+0	24,246000E+3	12,000000E+0
1124	56,000000E+0	0,000000E+0	1,832000E+0	24,256000E+3	12,000000E+0
1125	56,000000E+0	0,000000E+0	1,603000E+0	24,266000E+3	12,000000E+0
1126	56,000000E+0	0,000000E+0	1,603000E+0	24,276000E+3	12,000000E+0
1127	57,000000E+0	0,000000E+0	1,603000E+0	24,285000E+3	12,000000E+0
1128	57,000000E+0	0,000000E+0	1,603000E+0	24,295000E+3	12,000000E+0
1129	55,000000E+0	0,000000E+0	1,832000E+0	24,305000E+3	12,000000E+0
1130	56,000000E+0	0,000000E+0	1,603000E+0	24,315000E+3	12,000000E+0
1131	56,000000E+0	0,000000E+0	1,832000E+0	24,326000E+3	12,000000E+0
1132	56,000000E+0	0,000000E+0	1,832000E+0	24,336000E+3	12,000000E+0
1133	55,000000E+0	0,000000E+0	1,832000E+0	24,346000E+3	12,000000E+0
1134	57,000000E+0	0,000000E+0	1,603000E+0	24,354000E+3	12,000000E+0
1135	57,000000E+0	0,000000E+0	1,603000E+0	24,364000E+3	12,000000E+0
1136	57,000000E+0	0,000000E+0	1,603000E+0	24,375000E+3	12,000000E+0
1137	57,000000E+0	0,000000E+0	1,832000E+0	24,385000E+3	12,000000E+0
1138	56,000000E+0	0,000000E+0	1,832000E+0	24,395000E+3	12,000000E+0
1139	56,000000E+0	0,000000E+0	1,603000E+0	24,405000E+3	12,000000E+0
1140	56,000000E+0	0,000000E+0	1,832000E+0	24,415000E+3	12,000000E+0
1141	56,000000E+0	0,000000E+0	1,603000E+0	24,425000E+3	12,000000E+0
1142	56,000000E+0	0,000000E+0	1,832000E+0	24,435000E+3	12,000000E+0
1143	56,000000E+0	0,000000E+0	1,603000E+0	24,445000E+3	12,000000E+0
1144	57,000000E+0	0,000000E+0	1,603000E+0	24,455000E+3	12,000000E+0
1145	56,000000E+0	0,000000E+0	1,832000E+0	24,465000E+3	12,000000E+0
1146	56,000000E+0	0,000000E+0	1,832000E+0	24,475000E+3	12,000000E+0
1147	56,000000E+0	0,000000E+0	1,832000E+0	24,485000E+3	12,000000E+0
1148	56,000000E+0	0,000000E+0	1,832000E+0	24,495000E+3	12,000000E+0
1149	56,000000E+0	0,000000E+0	1,603000E+0	24,505000E+3	12,000000E+0
1150	56,000000E+0	0,000000E+0	1,603000E+0	24,516000E+3	12,000000E+0
1151	56,000000E+0	0,000000E+0	1,832000E+0	24,525000E+3	12,000000E+0
1152	57,000000E+0	0,000000E+0	1,603000E+0	24,535000E+3	12,000000E+0
1153	57,000000E+0	0,000000E+0	1,603000E+0	24,545000E+3	12,000000E+0
1154	56,000000E+0	0,000000E+0	1,832000E+0	24,555000E+3	12,000000E+0
1155	56,000000E+0	0,000000E+0	1,832000E+0	24,566000E+3	12,000000E+0
1156	56,000000E+0	0,000000E+0	1,832000E+0	24,576000E+3	12,000000E+0
1157	56,000000E+0	0,000000E+0	1,832000E+0	24,586000E+3	12,000000E+0
1158	56,000000E+0	0,000000E+0	1,832000E+0	24,595000E+3	12,000000E+0
1159	55,000000E+0	0,000000E+0	1,832000E+0	24,605000E+3	12,000000E+0
1160	56,000000E+0	0,000000E+0	1,603000E+0	24,613000E+3	12,000000E+0
1161	57,000000E+0	0,000000E+0	1,603000E+0	24,624000E+3	12,000000E+0
1162	57,000000E+0	0,000000E+0	1,603000E+0	24,633000E+3	12,000000E+0
1163	57,000000E+0	0,000000E+0	1,832000E+0	24,643000E+3	12,000000E+0
1164	56,000000E+0	0,000000E+0	1,832000E+0	24,653000E+3	12,000000E+0
1165	56,000000E+0	0,000000E+0	1,832000E+0	24,663000E+3	12,000000E+0
1166	56,000000E+0	0,000000E+0	1,832000E+0	24,673000E+3	12,000000E+0
1167	56,000000E+0	0,000000E+0	1,832000E+0	24,682000E+3	12,000000E+0
1168	56,000000E+0	0,000000E+0	1,603000E+0	24,693000E+3	12,000000E+0
1169	56,000000E+0	0,000000E+0	1,603000E+0	24,703000E+3	12,000000E+0
1170	57,000000E+0	0,000000E+0	1,603000E+0	24,712000E+3	12,000000E+0
1171	57,000000E+0	0,000000E+0	1,603000E+0	24,722000E+3	12,000000E+0
1172	57,000000E+0	0,000000E+0	1,832000E+0	24,732000E+3	12,000000E+0
1173	57,000000E+0	0,000000E+0	1,832000E+0	24,743000E+3	12,000000E+0
1174	56,000000E+0	0,000000E+0	1,832000E+0	24,754000E+3	12,000000E+0
1175	55,000000E+0	0,000000E+0	1,832000E+0	24,764000E+3	12,000000E+0
1176	55,000000E+0	0,000000E+0	1,832000E+0	24,774000E+3	12,000000E+0
1177	55,000000E+0	0,000000E+0	1,603000E+0	24,784000E+3	12,000000E+0
1178	56,000000E+0	0,000000E+0	1,603000E+0	24,794000E+3	12,000000E+0
1179	57,000000E+0	0,000000E+0	1,603000E+0	24,802000E+3	12,000000E+0
1180	57,000000E+0	0,000000E+0	1,832000E+0	24,812000E+3	12,000000E+0
1181	57,000000E+0	0,000000E+0	1,832000E+0	24,822000E+3	12,000000E+0
1182	56,000000E+0	0,000000E+0	1,832000E+0	24,833000E+3	12,000000E+0
1183	56,000000E+0	0,000000E+0	1,832000E+0	24,843000E+3	12,000000E+0
1184	55,000000E+0	0,000000E+0	1,832000E+0	24,853000E+3	12,000000E+0
1185	56,000000E+0	0,000000E+0	1,603000E+0	24,863000E+3	12,000000E+0
1186	56,000000E+0	0,000000E+0	1,603000E+0	24,873000E+3	12,000000E+0
1187	57,000000E+0	0,000000E+0	1,603000E+0	24,882000E+3	12,000000E+0
1188	59,000000E+0	0,000000E+0	1,603000E+0	24,892000E+3	12,000000E+0
1189	58,000000E+0	0,000000E+0	1,832000E+0	24,902000E+3	12,000000E+0
1190	57,000000E+0	0,000000E+0	1,832000E+0	24,912000E+3	12,000000E+0
1191	57,000000E+0	0,000000E+0	1,832000E+0	24,923000E+3	12,000000E+0
1192	57,000000E+0	0,000000E+0	1,832000E+0	24,932000E+3	12,000000E+0
1193	57,000000E+0	0,000000E+0	1,832000E+0	24,942000E+3	12,000000E+0
1194	56,000000E+0	0,000000E+0	1,832000E+0	24,953000E+3	12,000000E+0
1195	56,000000E+0	0,000000E+0	1,832000E+0	24,962000E+3	12,000000E+0
1196	57,000000E+0	0,000000E+0	1,603000E+0	24,972000E+3	12,000000E+0
1197	57,000000E+0	0,000000E+0	1,603000E+0	24,982000E+3	12,000000E+0
1198	57,000000E+0	0,000000E+0	1,603000E+0	24,992000E+3	12,000000E+0
1199	56,000000E+0	0,000000E+0	1,832000E+0	25,001000E+3	12,000000E+0
1200	57,000000E+0	0,000000E+0	1,832000E+0	25,012000E+3	12,000000E+0
1201	57,000000E+0	0,000000E+0	1,603000E+0	25,021000E+3	12,000000E+0
1202	57,000000E+0	0,000000E+0	1,603000E+0	25,032000E+3	12,000000E+0
1203	57,000000E+0	0,000000E+0	1,832000E+0	25,042000E+3	12,000000E+0
1204	57,000000E+0	0,000000E+0	1,603000E+0	25,052000E+3	12,000000E+0
1205	57,000000E+0	0,000000E+0	1,603000E+0	25,062000E+3	12,000000E+0
1206	57,000000E+0	0,000000E+0	1,603000E+0	25,072000E+3	12,000000E+0
1207	58,000000E+0	0,000000E+0	1,832000E+0	25,082000E+3	12,000000E+0
1208	57,000000E+0	0,000000E+0	1,603000E+0	25,093000E+3	12,000000E+0
1209	57,000000E+0	0,000000E+0	1,832000E+0	25,103000E+3	12,000000E+0
1210	57,000000E+0	0,000000E+0	1,832000E+0	25,113000E+3	12,000000E+0
1211	55,000000E+0	0,000000E+0	1,832000E+0	25,123000E+3	12,000000E+0
1212	56,000000E+0	0,000000E+0	1,603000E+0	25,133000E+3	12,000000E+0
1213	56,000000E+0	0,000000E+0	1,603000E+0	25,143000E+3	12,000000E+0
1214	56,000000E+0	0,000000E+0	1,603000E+0	25,153000E+3	12,000000E+0
1215	57,000000E+0	0,000000E+0	1,603000E+0	25,162000E+3	12,000000E+0
1216	57,000000E+0	0,000000E+0	1,832000E+0	25,173000E+3	12,000000E+0
1217	57,000000E+0	0,000000E+0	1,832000E+0	25,183000E+3	12,000000E+0
1218	14,336000E+3	0,000000E+0	468,992000E+0	6,449664E+6	3,072000E+3
1219	14,592000E+3	0,000000E+0	410,368000E+0	6,452224E+6	3,072000E+3
1220	14,592000E+3	0,000000E+0	410,368000E+0	6,454784E+6	3,072000E+3
1221	57,000000E+0	0,000000E+0	1,832000E+0	25,225000E+3	12,000000E+0
1222	14,592000E+3	0,000000E+0	468,992000E+0	6,459904E+6	3,072000E+3
1223	14,592000E+3	0,000000E+0	468,992000E+0	6,462464E+6	3,072000E+3
1224	14,592000E+3	0,000000E+0	468,992000E+0	6,465024E+6	3,072000E+3
1225	57,000000E+0	0,000000E+0	1,832000E+0	25,264000E+3	12,000000E+0
1226	58,000000E+0	0,000000E+0	1,603000E+0	25,274000E+3	12,000000E+0
1227	57,000000E+0	0,000000E+0	1,832000E+0	25,284000E+3	12,000000E+0
1228	57,000000E+0	0,000000E+0	1,832000E+0	25,294000E+3	12,000000E+0
1229	56,000000E+0	0,000000E+0	1,832000E+0	25,304000E+3	12,000000E+0
1230	14,592000E+3	0,000000E+0	410,368000E+0	6,480384E+6	3,072000E+3
1231	14,592000E+3	0,000000E+0	410,368000E+0	6,482944E+6	3,072000E+3
1232	57,000000E+0	0,000000E+0	1,603000E+0	25,334000E+3	12,000000E+0
1233	57,000000E+0	0,000000E+0	1,603000E+0	25,344000E+3	12,000000E+0
1234	85,000000E+0	156,020000E+0	105,054208E+3	1,661600E+9	0,000000E+0
1235	14,592000E+3	0,000000E+0	468,992000E+0	6,493184E+6	3,072000E+3
1236	14,592000E+3	0,000000E+0	468,992000E+0	6,495744E+6	3,072000E+3
1237	14,592000E+3	0,000000E+0	410,368000E+0	6,498560E+6	3,072000E+3
1238	14,592000E+3	0,000000E+0	468,992000E+0	6,501376E+6	3,072000E+3
1239	14,592000E+3	0,000000E+0	410,368000E+0	6,503680E+6	3,072000E+3
1240	57,000000E+0	0,000000E+0	1,832000E+0	25,416000E+3	12,000000E+0
1241	14,592000E+3	0,000000E+0	410,368000E+0	6,509056E+6	3,072000E+3
1242	14,848000E+3	0,000000E+0	410,368000E+0	6,511360E+6	3,072000E+3
1243	58,000000E+0	0,000000E+0	1,832000E+0	25,445000E+3	12,000000E+0
1244	57,000000E+0	0,000000E+0	1,832000E+0	25,455000E+3	12,000000E+0
1245	57,000000E+0	0,000000E+0	1,603000E+0	25,465000E+3	12,000000E+0
1246	58,000000E+0	0,000000E+0	1,603000E+0	25,475000E+3	12,000000E+0
1247	58,000000E+0	0,000000E+0	1,832000E+0	25,486000E+3	12,000000E+0
1248	57,000000E+0	0,000000E+0	1,832000E+0	25,497000E+3	12,000000E+0
1249	14,592000E+3	0,000000E+0	410,368000E+0	6,529536E+6	3,072000E+3
1250	14,848000E+3	0,000000E+0	410,368000E+0	6,532096E+6	3,072000E+3
