mardi 23 janvier 2024	10:12:54	Sampling Period : 20  ms		
Unities: time [sample], PWM [raw], Current [mA], velocity [rev/min], Position [pulse], Present Input Voltage [V]

t	DXL_PWM		DXL_Current		DXL_Velocity		DXL_Position		DXL_Input_Voltage
0	0,000000E+0	0,000000E+0	0,000000E+0	25,684000E+3	12,000000E+0
1	22,000000E+0	0,000000E+0	0,000000E+0	25,684000E+3	12,000000E+0
2	78,000000E+0	2,690000E+0	1,145000E+0	25,692000E+3	12,000000E+0
3	101,000000E+0	2,690000E+0	2,519000E+0	25,709000E+3	12,000000E+0
4	106,000000E+0	2,690000E+0	3,206000E+0	25,728000E+3	12,000000E+0
5	109,000000E+0	2,690000E+0	3,435000E+0	25,747000E+3	12,000000E+0
6	110,000000E+0	2,690000E+0	3,435000E+0	25,767000E+3	12,000000E+0
7	110,000000E+0	2,690000E+0	3,435000E+0	25,787000E+3	12,000000E+0
8	111,000000E+0	0,000000E+0	3,435000E+0	25,807000E+3	12,000000E+0
9	110,000000E+0	0,000000E+0	3,664000E+0	25,828000E+3	12,000000E+0
10	109,000000E+0	0,000000E+0	3,664000E+0	25,848000E+3	12,000000E+0
11	110,000000E+0	0,000000E+0	3,435000E+0	25,868000E+3	12,000000E+0
12	111,000000E+0	0,000000E+0	3,435000E+0	25,888000E+3	12,000000E+0
13	110,000000E+0	0,000000E+0	3,664000E+0	25,908000E+3	12,000000E+0
14	110,000000E+0	0,000000E+0	3,664000E+0	25,928000E+3	12,000000E+0
15	109,000000E+0	0,000000E+0	3,435000E+0	25,948000E+3	12,000000E+0
16	112,000000E+0	0,000000E+0	3,435000E+0	25,969000E+3	12,000000E+0
17	111,000000E+0	0,000000E+0	3,664000E+0	25,990000E+3	12,000000E+0
18	110,000000E+0	0,000000E+0	3,664000E+0	26,009000E+3	12,000000E+0
19	108,000000E+0	0,000000E+0	3,664000E+0	26,030000E+3	12,000000E+0
20	111,000000E+0	0,000000E+0	3,435000E+0	26,049000E+3	12,000000E+0
21	110,000000E+0	0,000000E+0	3,664000E+0	26,069000E+3	12,000000E+0
22	110,000000E+0	0,000000E+0	3,664000E+0	26,090000E+3	12,000000E+0
23	110,000000E+0	0,000000E+0	3,664000E+0	26,110000E+3	12,000000E+0
24	109,000000E+0	0,000000E+0	3,664000E+0	26,130000E+3	12,000000E+0
25	109,000000E+0	0,000000E+0	3,435000E+0	26,150000E+3	12,000000E+0
26	108,000000E+0	0,000000E+0	3,664000E+0	26,170000E+3	12,000000E+0
27	108,000000E+0	0,000000E+0	3,435000E+0	26,190000E+3	12,000000E+0
28	108,000000E+0	0,000000E+0	3,664000E+0	26,210000E+3	12,000000E+0
29	109,000000E+0	0,000000E+0	3,435000E+0	26,229000E+3	12,000000E+0
30	109,000000E+0	0,000000E+0	3,664000E+0	26,250000E+3	12,000000E+0
31	107,000000E+0	0,000000E+0	3,664000E+0	26,270000E+3	12,000000E+0
32	108,000000E+0	0,000000E+0	3,435000E+0	26,290000E+3	12,000000E+0
33	108,000000E+0	0,000000E+0	3,435000E+0	26,310000E+3	12,000000E+0
34	108,000000E+0	0,000000E+0	3,664000E+0	26,329000E+3	12,000000E+0
35	108,000000E+0	0,000000E+0	3,435000E+0	26,349000E+3	12,000000E+0
36	108,000000E+0	0,000000E+0	3,664000E+0	26,368000E+3	12,000000E+0
37	108,000000E+0	0,000000E+0	3,664000E+0	26,389000E+3	12,000000E+0
38	108,000000E+0	0,000000E+0	3,435000E+0	26,408000E+3	12,000000E+0
39	108,000000E+0	0,000000E+0	3,435000E+0	26,428000E+3	12,000000E+0
40	107,000000E+0	0,000000E+0	3,664000E+0	26,448000E+3	12,000000E+0
41	107,000000E+0	0,000000E+0	3,435000E+0	26,468000E+3	12,000000E+0
42	107,000000E+0	0,000000E+0	3,664000E+0	26,488000E+3	12,000000E+0
43	108,000000E+0	0,000000E+0	3,435000E+0	26,507000E+3	12,000000E+0
44	108,000000E+0	0,000000E+0	3,435000E+0	26,527000E+3	12,000000E+0
45	107,000000E+0	0,000000E+0	3,664000E+0	26,546000E+3	12,000000E+0
46	107,000000E+0	0,000000E+0	3,435000E+0	26,567000E+3	12,000000E+0
47	108,000000E+0	0,000000E+0	3,435000E+0	26,586000E+3	12,000000E+0
48	108,000000E+0	0,000000E+0	3,435000E+0	26,605000E+3	12,000000E+0
49	108,000000E+0	0,000000E+0	3,435000E+0	26,625000E+3	12,000000E+0
50	108,000000E+0	0,000000E+0	3,664000E+0	26,646000E+3	12,000000E+0
51	107,000000E+0	0,000000E+0	3,664000E+0	26,665000E+3	12,000000E+0
52	107,000000E+0	0,000000E+0	3,435000E+0	26,685000E+3	12,000000E+0
53	107,000000E+0	0,000000E+0	3,435000E+0	26,704000E+3	12,000000E+0
54	107,000000E+0	0,000000E+0	3,664000E+0	26,725000E+3	12,000000E+0
55	106,000000E+0	0,000000E+0	3,664000E+0	26,743000E+3	12,000000E+0
56	107,000000E+0	0,000000E+0	3,435000E+0	26,763000E+3	12,000000E+0
57	108,000000E+0	0,000000E+0	3,435000E+0	26,783000E+3	12,000000E+0
58	108,000000E+0	0,000000E+0	3,664000E+0	26,803000E+3	12,000000E+0
59	106,000000E+0	0,000000E+0	3,664000E+0	26,824000E+3	12,000000E+0
60	106,000000E+0	0,000000E+0	3,664000E+0	26,843000E+3	12,000000E+0
61	108,000000E+0	0,000000E+0	3,435000E+0	26,862000E+3	12,000000E+0
62	108,000000E+0	0,000000E+0	3,435000E+0	26,882000E+3	12,000000E+0
63	108,000000E+0	0,000000E+0	3,664000E+0	26,902000E+3	12,000000E+0
64	105,000000E+0	0,000000E+0	3,664000E+0	26,921000E+3	12,000000E+0
65	108,000000E+0	0,000000E+0	3,435000E+0	26,940000E+3	12,000000E+0
66	109,000000E+0	0,000000E+0	3,435000E+0	26,960000E+3	12,000000E+0
67	109,000000E+0	0,000000E+0	3,664000E+0	26,979000E+3	12,000000E+0
68	105,000000E+0	0,000000E+0	3,664000E+0	27,000000E+3	12,000000E+0
69	106,000000E+0	0,000000E+0	3,435000E+0	27,019000E+3	12,000000E+0
70	110,000000E+0	0,000000E+0	3,435000E+0	27,039000E+3	12,000000E+0
71	108,000000E+0	0,000000E+0	3,664000E+0	27,059000E+3	12,000000E+0
72	109,000000E+0	0,000000E+0	3,664000E+0	27,079000E+3	12,000000E+0
73	108,000000E+0	0,000000E+0	3,664000E+0	27,104000E+3	12,000000E+0
74	110,000000E+0	0,000000E+0	3,435000E+0	27,128000E+3	12,000000E+0
75	109,000000E+0	0,000000E+0	3,664000E+0	27,153000E+3	12,000000E+0
76	109,000000E+0	0,000000E+0	3,664000E+0	27,174000E+3	12,000000E+0
77	109,000000E+0	0,000000E+0	3,664000E+0	27,194000E+3	12,000000E+0
78	109,000000E+0	0,000000E+0	3,435000E+0	27,215000E+3	12,000000E+0
79	109,000000E+0	0,000000E+0	3,435000E+0	27,236000E+3	12,000000E+0
80	109,000000E+0	0,000000E+0	3,664000E+0	27,256000E+3	12,000000E+0
81	109,000000E+0	0,000000E+0	3,664000E+0	27,276000E+3	12,000000E+0
82	109,000000E+0	0,000000E+0	3,435000E+0	27,296000E+3	12,000000E+0
83	109,000000E+0	0,000000E+0	3,435000E+0	27,315000E+3	12,000000E+0
84	110,000000E+0	0,000000E+0	3,435000E+0	27,335000E+3	12,000000E+0
85	109,000000E+0	0,000000E+0	3,664000E+0	27,355000E+3	12,000000E+0
86	109,000000E+0	0,000000E+0	3,664000E+0	27,376000E+3	12,000000E+0
87	110,000000E+0	0,000000E+0	3,435000E+0	27,396000E+3	12,000000E+0
88	110,000000E+0	0,000000E+0	3,435000E+0	27,416000E+3	12,000000E+0
89	110,000000E+0	0,000000E+0	3,664000E+0	27,436000E+3	12,000000E+0
90	110,000000E+0	0,000000E+0	3,664000E+0	27,456000E+3	12,000000E+0
91	111,000000E+0	0,000000E+0	3,435000E+0	27,476000E+3	12,000000E+0
92	111,000000E+0	0,000000E+0	3,435000E+0	27,496000E+3	12,000000E+0
93	110,000000E+0	0,000000E+0	3,664000E+0	27,516000E+3	12,000000E+0
94	110,000000E+0	0,000000E+0	3,664000E+0	27,536000E+3	12,000000E+0
95	109,000000E+0	0,000000E+0	3,664000E+0	27,558000E+3	12,000000E+0
96	111,000000E+0	0,000000E+0	3,435000E+0	27,577000E+3	12,000000E+0
97	111,000000E+0	0,000000E+0	3,435000E+0	27,596000E+3	12,000000E+0
98	110,000000E+0	0,000000E+0	3,664000E+0	27,618000E+3	12,000000E+0
99	110,000000E+0	0,000000E+0	3,664000E+0	27,639000E+3	12,000000E+0
100	111,000000E+0	0,000000E+0	3,435000E+0	27,659000E+3	12,000000E+0
101	112,000000E+0	0,000000E+0	3,435000E+0	27,679000E+3	12,000000E+0
102	110,000000E+0	0,000000E+0	3,664000E+0	27,701000E+3	12,000000E+0
103	110,000000E+0	0,000000E+0	3,664000E+0	27,721000E+3	12,000000E+0
104	109,000000E+0	0,000000E+0	3,664000E+0	27,740000E+3	12,000000E+0
105	112,000000E+0	0,000000E+0	3,435000E+0	27,760000E+3	12,000000E+0
106	110,000000E+0	0,000000E+0	3,664000E+0	27,781000E+3	12,000000E+0
107	109,000000E+0	0,000000E+0	3,664000E+0	27,802000E+3	12,000000E+0
108	108,000000E+0	0,000000E+0	3,664000E+0	27,822000E+3	12,000000E+0
109	112,000000E+0	0,000000E+0	3,435000E+0	27,842000E+3	12,000000E+0
110	111,000000E+0	0,000000E+0	3,664000E+0	27,863000E+3	12,000000E+0
111	109,000000E+0	0,000000E+0	3,664000E+0	27,883000E+3	12,000000E+0
112	109,000000E+0	0,000000E+0	3,664000E+0	27,903000E+3	12,000000E+0
113	111,000000E+0	0,000000E+0	3,435000E+0	27,923000E+3	12,000000E+0
114	113,000000E+0	0,000000E+0	3,435000E+0	27,944000E+3	12,000000E+0
115	109,000000E+0	0,000000E+0	3,664000E+0	27,965000E+3	12,000000E+0
116	109,000000E+0	0,000000E+0	3,664000E+0	27,985000E+3	12,000000E+0
117	109,000000E+0	0,000000E+0	3,435000E+0	28,004000E+3	12,000000E+0
118	112,000000E+0	0,000000E+0	3,435000E+0	28,023000E+3	12,000000E+0
119	110,000000E+0	0,000000E+0	3,664000E+0	28,045000E+3	12,000000E+0
120	108,000000E+0	0,000000E+0	3,664000E+0	28,066000E+3	12,000000E+0
121	108,000000E+0	0,000000E+0	3,435000E+0	28,086000E+3	12,000000E+0
122	111,000000E+0	0,000000E+0	3,435000E+0	28,105000E+3	12,000000E+0
123	112,000000E+0	0,000000E+0	3,435000E+0	28,125000E+3	12,000000E+0
124	109,000000E+0	0,000000E+0	3,664000E+0	28,147000E+3	12,000000E+0
125	108,000000E+0	0,000000E+0	3,664000E+0	28,167000E+3	12,000000E+0
126	110,000000E+0	0,000000E+0	3,435000E+0	28,186000E+3	12,000000E+0
127	112,000000E+0	0,000000E+0	3,435000E+0	28,206000E+3	12,000000E+0
128	111,000000E+0	0,000000E+0	3,664000E+0	28,226000E+3	12,000000E+0
129	109,000000E+0	0,000000E+0	3,664000E+0	28,247000E+3	12,000000E+0
130	108,000000E+0	0,000000E+0	3,435000E+0	28,267000E+3	12,000000E+0
131	111,000000E+0	0,000000E+0	3,435000E+0	28,287000E+3	12,000000E+0
132	109,000000E+0	0,000000E+0	3,664000E+0	28,307000E+3	12,000000E+0
133	109,000000E+0	0,000000E+0	3,664000E+0	28,328000E+3	12,000000E+0
134	106,000000E+0	0,000000E+0	3,664000E+0	28,348000E+3	12,000000E+0
135	108,000000E+0	0,000000E+0	3,435000E+0	28,367000E+3	12,000000E+0
136	110,000000E+0	0,000000E+0	3,435000E+0	28,387000E+3	12,000000E+0
137	108,000000E+0	0,000000E+0	3,664000E+0	28,408000E+3	12,000000E+0
138	108,000000E+0	0,000000E+0	3,435000E+0	28,427000E+3	12,000000E+0
139	107,000000E+0	0,000000E+0	3,664000E+0	28,447000E+3	12,000000E+0
140	109,000000E+0	0,000000E+0	3,435000E+0	28,466000E+3	12,000000E+0
141	109,000000E+0	0,000000E+0	3,435000E+0	28,486000E+3	12,000000E+0
142	109,000000E+0	0,000000E+0	3,435000E+0	28,506000E+3	12,000000E+0
143	106,000000E+0	0,000000E+0	3,664000E+0	28,527000E+3	12,000000E+0
144	109,000000E+0	0,000000E+0	3,435000E+0	28,546000E+3	12,000000E+0
145	109,000000E+0	0,000000E+0	3,435000E+0	28,566000E+3	12,000000E+0
146	108,000000E+0	0,000000E+0	3,664000E+0	28,586000E+3	12,000000E+0
147	108,000000E+0	0,000000E+0	3,664000E+0	28,607000E+3	12,000000E+0
148	108,000000E+0	0,000000E+0	3,435000E+0	28,626000E+3	12,000000E+0
149	109,000000E+0	0,000000E+0	3,435000E+0	28,647000E+3	12,000000E+0
150	109,000000E+0	0,000000E+0	3,664000E+0	28,667000E+3	12,000000E+0
151	108,000000E+0	0,000000E+0	3,664000E+0	28,686000E+3	12,000000E+0
152	108,000000E+0	0,000000E+0	3,664000E+0	28,705000E+3	12,000000E+0
153	109,000000E+0	0,000000E+0	3,435000E+0	28,725000E+3	12,000000E+0
154	109,000000E+0	0,000000E+0	3,664000E+0	28,744000E+3	12,000000E+0
155	108,000000E+0	0,000000E+0	3,664000E+0	28,764000E+3	12,000000E+0
156	108,000000E+0	0,000000E+0	3,435000E+0	28,783000E+3	12,000000E+0
157	109,000000E+0	0,000000E+0	3,435000E+0	28,802000E+3	12,000000E+0
158	110,000000E+0	0,000000E+0	3,435000E+0	28,823000E+3	12,000000E+0
159	109,000000E+0	0,000000E+0	3,664000E+0	28,844000E+3	12,000000E+0
160	108,000000E+0	0,000000E+0	3,664000E+0	28,864000E+3	12,000000E+0
161	107,000000E+0	0,000000E+0	3,664000E+0	28,884000E+3	12,000000E+0
162	109,000000E+0	0,000000E+0	3,435000E+0	28,903000E+3	12,000000E+0
163	108,000000E+0	0,000000E+0	3,664000E+0	28,924000E+3	12,000000E+0
164	108,000000E+0	0,000000E+0	3,664000E+0	28,944000E+3	12,000000E+0
165	108,000000E+0	0,000000E+0	3,664000E+0	28,964000E+3	12,000000E+0
166	109,000000E+0	0,000000E+0	3,435000E+0	28,983000E+3	12,000000E+0
167	110,000000E+0	0,000000E+0	3,435000E+0	29,003000E+3	12,000000E+0
168	110,000000E+0	0,000000E+0	3,664000E+0	29,023000E+3	12,000000E+0
169	109,000000E+0	0,000000E+0	3,664000E+0	29,043000E+3	12,000000E+0
170	107,000000E+0	0,000000E+0	3,435000E+0	29,062000E+3	12,000000E+0
171	110,000000E+0	0,000000E+0	3,435000E+0	29,082000E+3	12,000000E+0
172	110,000000E+0	0,000000E+0	3,664000E+0	29,101000E+3	12,000000E+0
173	108,000000E+0	0,000000E+0	3,664000E+0	29,122000E+3	12,000000E+0
174	108,000000E+0	0,000000E+0	3,664000E+0	29,142000E+3	12,000000E+0
175	110,000000E+0	0,000000E+0	3,435000E+0	29,162000E+3	12,000000E+0
176	112,000000E+0	0,000000E+0	3,435000E+0	29,182000E+3	12,000000E+0
177	111,000000E+0	0,000000E+0	3,664000E+0	29,203000E+3	12,000000E+0
178	108,000000E+0	0,000000E+0	3,664000E+0	29,223000E+3	12,000000E+0
179	109,000000E+0	0,000000E+0	3,435000E+0	29,242000E+3	12,000000E+0
180	112,000000E+0	0,000000E+0	3,435000E+0	29,262000E+3	12,000000E+0
181	111,000000E+0	0,000000E+0	3,664000E+0	29,284000E+3	12,000000E+0
182	111,000000E+0	0,000000E+0	3,664000E+0	29,304000E+3	12,000000E+0
183	110,000000E+0	0,000000E+0	3,664000E+0	29,324000E+3	12,000000E+0
184	110,000000E+0	0,000000E+0	3,664000E+0	29,344000E+3	12,000000E+0
185	110,000000E+0	0,000000E+0	3,435000E+0	29,363000E+3	12,000000E+0
186	110,000000E+0	0,000000E+0	3,435000E+0	29,384000E+3	12,000000E+0
187	110,000000E+0	0,000000E+0	3,435000E+0	29,404000E+3	12,000000E+0
188	110,000000E+0	0,000000E+0	3,664000E+0	29,424000E+3	12,000000E+0
189	110,000000E+0	0,000000E+0	3,435000E+0	29,444000E+3	12,000000E+0
190	110,000000E+0	0,000000E+0	3,664000E+0	29,464000E+3	12,000000E+0
191	110,000000E+0	0,000000E+0	3,664000E+0	29,486000E+3	12,000000E+0
192	110,000000E+0	0,000000E+0	3,664000E+0	29,506000E+3	12,000000E+0
193	110,000000E+0	0,000000E+0	3,435000E+0	29,525000E+3	12,000000E+0
194	110,000000E+0	0,000000E+0	3,435000E+0	29,545000E+3	12,000000E+0
195	110,000000E+0	0,000000E+0	3,435000E+0	29,565000E+3	12,000000E+0
196	110,000000E+0	0,000000E+0	3,664000E+0	29,586000E+3	12,000000E+0
197	111,000000E+0	0,000000E+0	3,435000E+0	29,606000E+3	12,000000E+0
198	111,000000E+0	0,000000E+0	3,664000E+0	29,628000E+3	12,000000E+0
199	111,000000E+0	0,000000E+0	3,664000E+0	29,647000E+3	12,000000E+0
200	111,000000E+0	0,000000E+0	3,664000E+0	29,667000E+3	12,000000E+0
201	110,000000E+0	0,000000E+0	3,664000E+0	29,687000E+3	12,000000E+0
202	110,000000E+0	0,000000E+0	3,664000E+0	29,707000E+3	12,000000E+0
203	111,000000E+0	0,000000E+0	3,435000E+0	29,727000E+3	12,000000E+0
204	110,000000E+0	0,000000E+0	3,664000E+0	29,748000E+3	12,000000E+0
205	110,000000E+0	0,000000E+0	3,664000E+0	29,769000E+3	12,000000E+0
206	110,000000E+0	0,000000E+0	3,435000E+0	29,788000E+3	12,000000E+0
207	110,000000E+0	0,000000E+0	3,664000E+0	29,809000E+3	12,000000E+0
208	111,000000E+0	0,000000E+0	3,435000E+0	29,829000E+3	12,000000E+0
209	111,000000E+0	0,000000E+0	3,664000E+0	29,850000E+3	12,000000E+0
210	110,000000E+0	0,000000E+0	3,664000E+0	29,870000E+3	12,000000E+0
211	110,000000E+0	0,000000E+0	3,435000E+0	29,890000E+3	12,000000E+0
212	110,000000E+0	0,000000E+0	3,664000E+0	29,910000E+3	12,000000E+0
213	110,000000E+0	0,000000E+0	3,664000E+0	29,931000E+3	12,000000E+0
214	109,000000E+0	0,000000E+0	3,664000E+0	29,951000E+3	12,000000E+0
215	110,000000E+0	0,000000E+0	3,435000E+0	29,971000E+3	12,000000E+0
216	110,000000E+0	0,000000E+0	3,664000E+0	29,991000E+3	12,000000E+0
217	110,000000E+0	0,000000E+0	3,664000E+0	30,011000E+3	12,000000E+0
218	109,000000E+0	0,000000E+0	3,664000E+0	30,032000E+3	12,000000E+0
219	109,000000E+0	0,000000E+0	3,435000E+0	30,052000E+3	12,000000E+0
220	110,000000E+0	0,000000E+0	3,435000E+0	30,072000E+3	12,000000E+0
221	109,000000E+0	0,000000E+0	3,664000E+0	30,093000E+3	12,000000E+0
222	109,000000E+0	0,000000E+0	3,664000E+0	30,113000E+3	12,000000E+0
223	109,000000E+0	0,000000E+0	3,664000E+0	30,133000E+3	12,000000E+0
224	111,000000E+0	0,000000E+0	3,435000E+0	30,153000E+3	12,000000E+0
225	111,000000E+0	0,000000E+0	3,664000E+0	30,173000E+3	12,000000E+0
226	109,000000E+0	0,000000E+0	3,664000E+0	30,193000E+3	12,000000E+0
227	108,000000E+0	0,000000E+0	3,664000E+0	30,214000E+3	12,000000E+0
228	109,000000E+0	0,000000E+0	3,435000E+0	30,234000E+3	12,000000E+0
229	109,000000E+0	0,000000E+0	3,435000E+0	30,252000E+3	12,000000E+0
230	109,000000E+0	0,000000E+0	3,664000E+0	30,272000E+3	12,000000E+0
231	108,000000E+0	0,000000E+0	3,664000E+0	30,293000E+3	12,000000E+0
232	107,000000E+0	0,000000E+0	3,435000E+0	30,313000E+3	12,000000E+0
233	109,000000E+0	0,000000E+0	3,435000E+0	30,333000E+3	12,000000E+0
234	107,000000E+0	0,000000E+0	3,664000E+0	30,353000E+3	12,000000E+0
235	108,000000E+0	0,000000E+0	3,664000E+0	30,373000E+3	12,000000E+0
236	108,000000E+0	0,000000E+0	3,664000E+0	30,394000E+3	12,000000E+0
237	108,000000E+0	0,000000E+0	3,435000E+0	30,413000E+3	12,000000E+0
238	108,000000E+0	0,000000E+0	3,435000E+0	30,432000E+3	12,000000E+0
239	108,000000E+0	0,000000E+0	3,664000E+0	30,451000E+3	12,000000E+0
240	106,000000E+0	0,000000E+0	3,664000E+0	30,472000E+3	12,000000E+0
241	107,000000E+0	0,000000E+0	3,664000E+0	30,492000E+3	12,000000E+0
242	108,000000E+0	0,000000E+0	3,435000E+0	30,512000E+3	12,000000E+0
243	107,000000E+0	0,000000E+0	3,664000E+0	30,532000E+3	12,000000E+0
244	107,000000E+0	0,000000E+0	3,664000E+0	30,552000E+3	12,000000E+0
245	105,000000E+0	0,000000E+0	3,664000E+0	30,571000E+3	12,000000E+0
246	107,000000E+0	0,000000E+0	3,435000E+0	30,591000E+3	12,000000E+0
247	107,000000E+0	0,000000E+0	3,664000E+0	30,611000E+3	12,000000E+0
248	106,000000E+0	0,000000E+0	3,664000E+0	30,630000E+3	12,000000E+0
249	106,000000E+0	0,000000E+0	3,664000E+0	30,650000E+3	12,000000E+0
250	107,000000E+0	0,000000E+0	3,664000E+0	30,670000E+3	12,000000E+0
251	108,000000E+0	0,000000E+0	3,435000E+0	30,689000E+3	12,000000E+0
252	108,000000E+0	0,000000E+0	3,664000E+0	30,709000E+3	12,000000E+0
253	107,000000E+0	0,000000E+0	3,664000E+0	30,729000E+3	12,000000E+0
254	107,000000E+0	0,000000E+0	3,664000E+0	30,749000E+3	12,000000E+0
255	107,000000E+0	0,000000E+0	3,435000E+0	30,768000E+3	12,000000E+0
256	107,000000E+0	0,000000E+0	3,435000E+0	30,788000E+3	12,000000E+0
257	107,000000E+0	0,000000E+0	3,435000E+0	30,807000E+3	12,000000E+0
258	107,000000E+0	0,000000E+0	3,435000E+0	30,827000E+3	12,000000E+0
259	106,000000E+0	0,000000E+0	3,664000E+0	30,846000E+3	12,000000E+0
260	107,000000E+0	0,000000E+0	3,435000E+0	30,866000E+3	12,000000E+0
261	107,000000E+0	0,000000E+0	3,435000E+0	30,886000E+3	12,000000E+0
262	107,000000E+0	0,000000E+0	3,435000E+0	30,906000E+3	12,000000E+0
263	107,000000E+0	0,000000E+0	3,664000E+0	30,926000E+3	12,000000E+0
264	106,000000E+0	0,000000E+0	3,435000E+0	30,945000E+3	12,000000E+0
265	108,000000E+0	0,000000E+0	3,435000E+0	30,965000E+3	12,000000E+0
266	108,000000E+0	0,000000E+0	3,664000E+0	30,985000E+3	12,000000E+0
267	107,000000E+0	0,000000E+0	3,664000E+0	31,005000E+3	12,000000E+0
268	105,000000E+0	0,000000E+0	3,664000E+0	31,024000E+3	12,000000E+0
269	107,000000E+0	0,000000E+0	3,435000E+0	31,044000E+3	12,000000E+0
270	109,000000E+0	0,000000E+0	3,435000E+0	31,062000E+3	12,000000E+0
271	107,000000E+0	0,000000E+0	3,664000E+0	31,084000E+3	12,000000E+0
272	106,000000E+0	0,000000E+0	3,664000E+0	31,103000E+3	12,000000E+0
273	106,000000E+0	0,000000E+0	3,435000E+0	31,122000E+3	12,000000E+0
274	109,000000E+0	0,000000E+0	3,435000E+0	31,142000E+3	12,000000E+0
275	108,000000E+0	0,000000E+0	3,664000E+0	31,162000E+3	12,000000E+0
276	106,000000E+0	0,000000E+0	3,664000E+0	31,183000E+3	12,000000E+0
277	106,000000E+0	0,000000E+0	3,664000E+0	31,201000E+3	12,000000E+0
278	109,000000E+0	0,000000E+0	3,435000E+0	31,221000E+3	12,000000E+0
279	111,000000E+0	0,000000E+0	3,435000E+0	31,241000E+3	12,000000E+0
280	107,000000E+0	0,000000E+0	3,664000E+0	31,261000E+3	12,000000E+0
281	106,000000E+0	0,000000E+0	3,664000E+0	31,283000E+3	12,000000E+0
282	108,000000E+0	0,000000E+0	3,435000E+0	31,302000E+3	12,000000E+0
283	111,000000E+0	0,000000E+0	3,435000E+0	31,322000E+3	12,000000E+0
284	109,000000E+0	0,000000E+0	3,664000E+0	31,343000E+3	12,000000E+0
285	109,000000E+0	0,000000E+0	3,664000E+0	31,364000E+3	12,000000E+0
286	107,000000E+0	0,000000E+0	3,435000E+0	31,383000E+3	12,000000E+0
287	110,000000E+0	0,000000E+0	3,435000E+0	31,403000E+3	12,000000E+0
288	110,000000E+0	0,000000E+0	3,664000E+0	31,423000E+3	12,000000E+0
289	110,000000E+0	0,000000E+0	3,664000E+0	31,443000E+3	12,000000E+0
290	108,000000E+0	0,000000E+0	3,664000E+0	31,465000E+3	12,000000E+0
291	109,000000E+0	0,000000E+0	3,435000E+0	31,484000E+3	12,000000E+0
292	110,000000E+0	0,000000E+0	3,435000E+0	31,504000E+3	12,000000E+0
293	110,000000E+0	0,000000E+0	3,435000E+0	31,524000E+3	12,000000E+0
294	110,000000E+0	0,000000E+0	3,664000E+0	31,545000E+3	12,000000E+0
295	110,000000E+0	0,000000E+0	3,435000E+0	31,564000E+3	12,000000E+0
296	110,000000E+0	0,000000E+0	3,435000E+0	31,585000E+3	12,000000E+0
297	110,000000E+0	0,000000E+0	3,435000E+0	31,605000E+3	12,000000E+0
298	110,000000E+0	0,000000E+0	3,664000E+0	31,624000E+3	12,000000E+0
299	108,000000E+0	0,000000E+0	3,664000E+0	31,645000E+3	12,000000E+0
300	110,000000E+0	0,000000E+0	3,435000E+0	31,665000E+3	12,000000E+0
301	111,000000E+0	0,000000E+0	3,435000E+0	31,685000E+3	12,000000E+0
302	111,000000E+0	0,000000E+0	3,664000E+0	31,706000E+3	12,000000E+0
303	111,000000E+0	0,000000E+0	3,664000E+0	31,727000E+3	12,000000E+0
304	110,000000E+0	0,000000E+0	3,664000E+0	31,748000E+3	12,000000E+0
305	111,000000E+0	0,000000E+0	3,435000E+0	31,767000E+3	12,000000E+0
306	111,000000E+0	0,000000E+0	3,664000E+0	31,789000E+3	12,000000E+0
307	110,000000E+0	0,000000E+0	3,664000E+0	31,809000E+3	12,000000E+0
308	108,000000E+0	0,000000E+0	3,664000E+0	31,829000E+3	12,000000E+0
309	110,000000E+0	0,000000E+0	3,435000E+0	31,848000E+3	12,000000E+0
310	111,000000E+0	0,000000E+0	3,664000E+0	31,869000E+3	12,000000E+0
311	109,000000E+0	0,000000E+0	3,664000E+0	31,891000E+3	12,000000E+0
312	109,000000E+0	0,000000E+0	3,664000E+0	31,911000E+3	12,000000E+0
313	109,000000E+0	0,000000E+0	3,435000E+0	31,931000E+3	12,000000E+0
314	112,000000E+0	0,000000E+0	3,435000E+0	31,951000E+3	12,000000E+0
315	110,000000E+0	0,000000E+0	3,664000E+0	31,971000E+3	12,000000E+0
316	109,000000E+0	0,000000E+0	3,664000E+0	31,991000E+3	12,000000E+0
317	109,000000E+0	0,000000E+0	3,435000E+0	32,011000E+3	12,000000E+0
318	112,000000E+0	0,000000E+0	3,435000E+0	32,031000E+3	12,000000E+0
319	110,000000E+0	0,000000E+0	3,664000E+0	32,052000E+3	12,000000E+0
320	108,000000E+0	0,000000E+0	3,664000E+0	32,073000E+3	12,000000E+0
321	108,000000E+0	0,000000E+0	3,664000E+0	32,093000E+3	12,000000E+0
322	111,000000E+0	0,000000E+0	3,435000E+0	32,112000E+3	12,000000E+0
323	111,000000E+0	0,000000E+0	3,664000E+0	32,132000E+3	12,000000E+0
324	108,000000E+0	0,000000E+0	3,664000E+0	32,153000E+3	12,000000E+0
325	107,000000E+0	0,000000E+0	3,435000E+0	32,174000E+3	12,000000E+0
326	109,000000E+0	0,000000E+0	3,435000E+0	32,193000E+3	12,000000E+0
327	112,000000E+0	0,000000E+0	3,435000E+0	32,213000E+3	12,000000E+0
328	109,000000E+0	0,000000E+0	3,664000E+0	32,235000E+3	12,000000E+0
329	107,000000E+0	0,000000E+0	3,664000E+0	32,255000E+3	12,000000E+0
330	108,000000E+0	0,000000E+0	3,435000E+0	32,274000E+3	12,000000E+0
331	111,000000E+0	0,000000E+0	3,435000E+0	32,293000E+3	12,000000E+0
332	112,000000E+0	0,000000E+0	3,435000E+0	32,314000E+3	12,000000E+0
333	107,000000E+0	0,000000E+0	3,664000E+0	32,335000E+3	12,000000E+0
334	108,000000E+0	0,000000E+0	3,664000E+0	32,355000E+3	12,000000E+0
335	109,000000E+0	0,000000E+0	3,435000E+0	32,375000E+3	12,000000E+0
336	110,000000E+0	0,000000E+0	3,435000E+0	32,394000E+3	12,000000E+0
337	109,000000E+0	0,000000E+0	3,664000E+0	32,415000E+3	12,000000E+0
338	108,000000E+0	0,000000E+0	3,664000E+0	32,435000E+3	12,000000E+0
339	108,000000E+0	0,000000E+0	3,435000E+0	32,455000E+3	12,000000E+0
340	109,000000E+0	0,000000E+0	3,435000E+0	32,474000E+3	12,000000E+0
341	108,000000E+0	0,000000E+0	3,664000E+0	32,495000E+3	12,000000E+0
342	108,000000E+0	0,000000E+0	3,664000E+0	32,515000E+3	12,000000E+0
343	108,000000E+0	0,000000E+0	3,664000E+0	32,536000E+3	12,000000E+0
344	109,000000E+0	0,000000E+0	3,435000E+0	32,554000E+3	12,000000E+0
345	109,000000E+0	0,000000E+0	3,664000E+0	32,574000E+3	12,000000E+0
346	109,000000E+0	0,000000E+0	3,664000E+0	32,595000E+3	12,000000E+0
347	107,000000E+0	0,000000E+0	3,664000E+0	32,615000E+3	12,000000E+0
348	107,000000E+0	0,000000E+0	3,435000E+0	32,635000E+3	12,000000E+0
349	109,000000E+0	0,000000E+0	3,435000E+0	32,655000E+3	12,000000E+0
350	108,000000E+0	0,000000E+0	3,664000E+0	32,675000E+3	12,000000E+0
351	108,000000E+0	0,000000E+0	3,664000E+0	32,695000E+3	12,000000E+0
352	108,000000E+0	0,000000E+0	3,664000E+0	32,715000E+3	12,000000E+0
353	108,000000E+0	0,000000E+0	3,435000E+0	32,735000E+3	12,000000E+0
354	108,000000E+0	0,000000E+0	3,435000E+0	32,755000E+3	12,000000E+0
355	108,000000E+0	0,000000E+0	3,664000E+0	32,776000E+3	12,000000E+0
356	107,000000E+0	0,000000E+0	3,664000E+0	32,794000E+3	12,000000E+0
357	108,000000E+0	0,000000E+0	3,435000E+0	32,813000E+3	12,000000E+0
358	108,000000E+0	0,000000E+0	3,435000E+0	32,832000E+3	12,000000E+0
359	109,000000E+0	0,000000E+0	3,664000E+0	32,852000E+3	12,000000E+0
360	108,000000E+0	0,000000E+0	3,664000E+0	32,871000E+3	12,000000E+0
361	108,000000E+0	0,000000E+0	3,664000E+0	32,891000E+3	12,000000E+0
362	108,000000E+0	0,000000E+0	3,435000E+0	32,911000E+3	12,000000E+0
363	108,000000E+0	0,000000E+0	3,435000E+0	32,932000E+3	12,000000E+0
364	108,000000E+0	0,000000E+0	3,664000E+0	32,952000E+3	12,000000E+0
365	108,000000E+0	0,000000E+0	3,664000E+0	32,972000E+3	12,000000E+0
366	108,000000E+0	0,000000E+0	3,435000E+0	32,992000E+3	12,000000E+0
367	108,000000E+0	0,000000E+0	3,435000E+0	33,011000E+3	12,000000E+0
368	108,000000E+0	0,000000E+0	3,664000E+0	33,031000E+3	12,000000E+0
369	108,000000E+0	0,000000E+0	3,664000E+0	33,051000E+3	12,000000E+0
370	108,000000E+0	0,000000E+0	3,435000E+0	33,071000E+3	12,000000E+0
371	110,000000E+0	0,000000E+0	3,435000E+0	33,091000E+3	12,000000E+0
372	110,000000E+0	0,000000E+0	3,664000E+0	33,111000E+3	12,000000E+0
373	109,000000E+0	0,000000E+0	3,664000E+0	33,130000E+3	12,000000E+0
374	108,000000E+0	0,000000E+0	3,664000E+0	33,151000E+3	12,000000E+0
375	109,000000E+0	0,000000E+0	3,435000E+0	33,170000E+3	12,000000E+0
376	109,000000E+0	0,000000E+0	3,664000E+0	33,190000E+3	12,000000E+0
377	109,000000E+0	0,000000E+0	3,664000E+0	33,210000E+3	12,000000E+0
378	109,000000E+0	0,000000E+0	3,664000E+0	33,229000E+3	12,000000E+0
379	109,000000E+0	0,000000E+0	3,435000E+0	33,251000E+3	12,000000E+0
380	111,000000E+0	0,000000E+0	3,435000E+0	33,270000E+3	12,000000E+0
381	110,000000E+0	0,000000E+0	3,664000E+0	33,291000E+3	12,000000E+0
382	108,000000E+0	0,000000E+0	3,664000E+0	33,311000E+3	12,000000E+0
383	108,000000E+0	0,000000E+0	3,664000E+0	33,331000E+3	12,000000E+0
384	111,000000E+0	0,000000E+0	3,435000E+0	33,350000E+3	12,000000E+0
385	110,000000E+0	0,000000E+0	3,664000E+0	33,370000E+3	12,000000E+0
386	110,000000E+0	0,000000E+0	3,664000E+0	33,392000E+3	12,000000E+0
387	109,000000E+0	0,000000E+0	3,664000E+0	33,412000E+3	12,000000E+0
388	109,000000E+0	0,000000E+0	3,435000E+0	33,431000E+3	12,000000E+0
389	111,000000E+0	0,000000E+0	3,435000E+0	33,452000E+3	12,000000E+0
390	111,000000E+0	0,000000E+0	3,664000E+0	33,471000E+3	12,000000E+0
391	109,000000E+0	0,000000E+0	3,664000E+0	33,492000E+3	12,000000E+0
392	110,000000E+0	0,000000E+0	3,664000E+0	33,512000E+3	12,000000E+0
393	110,000000E+0	0,000000E+0	3,435000E+0	33,532000E+3	12,000000E+0
394	110,000000E+0	0,000000E+0	3,435000E+0	33,553000E+3	12,000000E+0
395	110,000000E+0	0,000000E+0	3,664000E+0	33,573000E+3	12,000000E+0
396	110,000000E+0	0,000000E+0	3,435000E+0	33,593000E+3	12,000000E+0
397	110,000000E+0	0,000000E+0	3,664000E+0	33,613000E+3	12,000000E+0
398	110,000000E+0	0,000000E+0	3,435000E+0	33,633000E+3	12,000000E+0
399	110,000000E+0	0,000000E+0	3,435000E+0	33,653000E+3	12,000000E+0
400	110,000000E+0	0,000000E+0	3,435000E+0	33,673000E+3	12,000000E+0
401	110,000000E+0	0,000000E+0	3,664000E+0	33,695000E+3	12,000000E+0
402	110,000000E+0	0,000000E+0	3,435000E+0	33,715000E+3	12,000000E+0
403	110,000000E+0	0,000000E+0	3,435000E+0	33,735000E+3	12,000000E+0
404	110,000000E+0	0,000000E+0	3,435000E+0	33,755000E+3	12,000000E+0
405	110,000000E+0	0,000000E+0	3,664000E+0	33,775000E+3	12,000000E+0
406	110,000000E+0	0,000000E+0	3,664000E+0	33,795000E+3	12,000000E+0
407	110,000000E+0	0,000000E+0	3,664000E+0	33,815000E+3	12,000000E+0
408	110,000000E+0	0,000000E+0	3,664000E+0	33,837000E+3	12,000000E+0
409	110,000000E+0	0,000000E+0	3,664000E+0	33,857000E+3	12,000000E+0
410	110,000000E+0	0,000000E+0	3,435000E+0	33,877000E+3	12,000000E+0
411	110,000000E+0	0,000000E+0	3,435000E+0	33,898000E+3	12,000000E+0
412	110,000000E+0	0,000000E+0	3,435000E+0	33,918000E+3	12,000000E+0
413	110,000000E+0	0,000000E+0	3,435000E+0	33,938000E+3	12,000000E+0
414	110,000000E+0	0,000000E+0	3,664000E+0	33,958000E+3	12,000000E+0
415	110,000000E+0	0,000000E+0	3,435000E+0	33,978000E+3	12,000000E+0
416	110,000000E+0	0,000000E+0	3,435000E+0	33,998000E+3	12,000000E+0
417	110,000000E+0	0,000000E+0	3,664000E+0	34,019000E+3	12,000000E+0
418	110,000000E+0	0,000000E+0	3,664000E+0	34,040000E+3	12,000000E+0
419	110,000000E+0	0,000000E+0	3,664000E+0	34,060000E+3	12,000000E+0
420	110,000000E+0	0,000000E+0	3,664000E+0	34,080000E+3	12,000000E+0
421	109,000000E+0	0,000000E+0	3,664000E+0	34,100000E+3	12,000000E+0
422	109,000000E+0	0,000000E+0	3,435000E+0	34,120000E+3	12,000000E+0
423	109,000000E+0	0,000000E+0	3,664000E+0	34,140000E+3	12,000000E+0
424	110,000000E+0	0,000000E+0	3,435000E+0	34,161000E+3	12,000000E+0
425	109,000000E+0	0,000000E+0	3,664000E+0	34,181000E+3	12,000000E+0
426	109,000000E+0	0,000000E+0	3,435000E+0	34,201000E+3	12,000000E+0
427	108,000000E+0	0,000000E+0	3,664000E+0	34,222000E+3	12,000000E+0
428	110,000000E+0	0,000000E+0	3,435000E+0	34,240000E+3	12,000000E+0
429	110,000000E+0	0,000000E+0	3,664000E+0	34,261000E+3	12,000000E+0
430	110,000000E+0	0,000000E+0	3,664000E+0	34,282000E+3	12,000000E+0
431	107,000000E+0	0,000000E+0	3,664000E+0	34,302000E+3	12,000000E+0
432	107,000000E+0	0,000000E+0	3,435000E+0	34,322000E+3	12,000000E+0
433	109,000000E+0	0,000000E+0	3,435000E+0	34,341000E+3	12,000000E+0
434	109,000000E+0	0,000000E+0	3,664000E+0	34,360000E+3	12,000000E+0
435	108,000000E+0	0,000000E+0	3,664000E+0	34,381000E+3	12,000000E+0
436	107,000000E+0	0,000000E+0	3,664000E+0	34,401000E+3	12,000000E+0
437	108,000000E+0	0,000000E+0	3,435000E+0	34,421000E+3	12,000000E+0
438	108,000000E+0	0,000000E+0	3,435000E+0	34,441000E+3	12,000000E+0
439	108,000000E+0	0,000000E+0	3,664000E+0	34,461000E+3	12,000000E+0
440	106,000000E+0	0,000000E+0	3,664000E+0	34,482000E+3	12,000000E+0
441	107,000000E+0	0,000000E+0	3,435000E+0	34,501000E+3	12,000000E+0
442	109,000000E+0	0,000000E+0	3,435000E+0	34,520000E+3	12,000000E+0
443	109,000000E+0	0,000000E+0	3,664000E+0	34,541000E+3	12,000000E+0
444	108,000000E+0	0,000000E+0	3,664000E+0	34,560000E+3	12,000000E+0
445	106,000000E+0	0,000000E+0	3,664000E+0	34,580000E+3	12,000000E+0
446	107,000000E+0	0,000000E+0	3,435000E+0	34,600000E+3	12,000000E+0
447	107,000000E+0	0,000000E+0	3,435000E+0	34,620000E+3	12,000000E+0
448	107,000000E+0	0,000000E+0	3,435000E+0	34,640000E+3	12,000000E+0
449	107,000000E+0	0,000000E+0	3,664000E+0	34,659000E+3	12,000000E+0
450	106,000000E+0	0,000000E+0	3,664000E+0	34,679000E+3	12,000000E+0
451	107,000000E+0	0,000000E+0	3,435000E+0	34,699000E+3	12,000000E+0
452	107,000000E+0	0,000000E+0	3,664000E+0	34,719000E+3	12,000000E+0
453	106,000000E+0	0,000000E+0	3,664000E+0	34,739000E+3	12,000000E+0
454	106,000000E+0	0,000000E+0	3,664000E+0	34,759000E+3	12,000000E+0
455	107,000000E+0	0,000000E+0	3,435000E+0	34,778000E+3	12,000000E+0
456	107,000000E+0	0,000000E+0	3,664000E+0	34,797000E+3	12,000000E+0
457	107,000000E+0	0,000000E+0	3,664000E+0	34,817000E+3	12,000000E+0
458	107,000000E+0	0,000000E+0	3,664000E+0	34,838000E+3	12,000000E+0
459	107,000000E+0	0,000000E+0	3,664000E+0	34,857000E+3	12,000000E+0
460	107,000000E+0	0,000000E+0	3,435000E+0	34,877000E+3	12,000000E+0
461	107,000000E+0	0,000000E+0	3,435000E+0	34,896000E+3	12,000000E+0
462	106,000000E+0	0,000000E+0	3,664000E+0	34,916000E+3	12,000000E+0
463	106,000000E+0	0,000000E+0	3,435000E+0	34,935000E+3	12,000000E+0
464	107,000000E+0	0,000000E+0	3,435000E+0	34,955000E+3	12,000000E+0
465	107,000000E+0	0,000000E+0	3,435000E+0	34,975000E+3	12,000000E+0
466	107,000000E+0	0,000000E+0	3,664000E+0	34,994000E+3	12,000000E+0
467	107,000000E+0	0,000000E+0	3,435000E+0	35,015000E+3	12,000000E+0
468	107,000000E+0	0,000000E+0	3,664000E+0	35,035000E+3	12,000000E+0
469	107,000000E+0	0,000000E+0	3,435000E+0	35,054000E+3	12,000000E+0
470	107,000000E+0	0,000000E+0	3,664000E+0	35,074000E+3	12,000000E+0
471	107,000000E+0	0,000000E+0	3,435000E+0	35,094000E+3	12,000000E+0
472	107,000000E+0	0,000000E+0	3,435000E+0	35,113000E+3	12,000000E+0
473	107,000000E+0	0,000000E+0	3,435000E+0	35,133000E+3	12,000000E+0
474	107,000000E+0	0,000000E+0	3,435000E+0	35,152000E+3	12,000000E+0
475	108,000000E+0	0,000000E+0	3,435000E+0	35,172000E+3	12,000000E+0
476	108,000000E+0	0,000000E+0	3,664000E+0	35,191000E+3	12,000000E+0
477	106,000000E+0	0,000000E+0	3,664000E+0	35,211000E+3	12,000000E+0
478	108,000000E+0	0,000000E+0	3,435000E+0	35,231000E+3	12,000000E+0
479	108,000000E+0	0,000000E+0	3,435000E+0	35,251000E+3	12,000000E+0
480	107,000000E+0	0,000000E+0	3,664000E+0	35,271000E+3	12,000000E+0
481	106,000000E+0	0,000000E+0	3,664000E+0	35,291000E+3	12,000000E+0
482	107,000000E+0	0,000000E+0	3,435000E+0	35,310000E+3	12,000000E+0
483	111,000000E+0	0,000000E+0	3,435000E+0	35,329000E+3	12,000000E+0
484	108,000000E+0	0,000000E+0	3,664000E+0	35,350000E+3	12,000000E+0
485	106,000000E+0	0,000000E+0	3,664000E+0	35,371000E+3	12,000000E+0
486	107,000000E+0	0,000000E+0	3,435000E+0	35,391000E+3	12,000000E+0
487	110,000000E+0	0,000000E+0	3,435000E+0	35,411000E+3	12,000000E+0
488	111,000000E+0	0,000000E+0	3,435000E+0	35,432000E+3	12,000000E+0
489	107,000000E+0	0,000000E+0	3,664000E+0	35,453000E+3	12,000000E+0
490	106,000000E+0	0,000000E+0	3,664000E+0	35,472000E+3	12,000000E+0
491	108,000000E+0	0,000000E+0	3,435000E+0	35,491000E+3	12,000000E+0
492	111,000000E+0	0,000000E+0	3,435000E+0	35,511000E+3	12,000000E+0
493	108,000000E+0	0,000000E+0	3,664000E+0	35,531000E+3	12,000000E+0
494	106,000000E+0	0,000000E+0	3,664000E+0	35,553000E+3	12,000000E+0
495	108,000000E+0	0,000000E+0	3,435000E+0	35,572000E+3	12,000000E+0
496	112,000000E+0	0,000000E+0	3,435000E+0	35,592000E+3	12,000000E+0
497	112,000000E+0	0,000000E+0	3,664000E+0	35,612000E+3	12,000000E+0
498	108,000000E+0	0,000000E+0	3,664000E+0	35,633000E+3	12,000000E+0
499	108,000000E+0	0,000000E+0	3,435000E+0	35,653000E+3	12,000000E+0
500	110,000000E+0	0,000000E+0	3,435000E+0	35,672000E+3	12,000000E+0
501	111,000000E+0	0,000000E+0	3,435000E+0	35,692000E+3	12,000000E+0
502	109,000000E+0	0,000000E+0	3,664000E+0	35,712000E+3	12,000000E+0
503	107,000000E+0	0,000000E+0	3,664000E+0	35,733000E+3	12,000000E+0
504	109,000000E+0	0,000000E+0	3,435000E+0	35,753000E+3	12,000000E+0
505	111,000000E+0	0,000000E+0	3,435000E+0	35,773000E+3	12,000000E+0
506	111,000000E+0	0,000000E+0	3,664000E+0	35,795000E+3	12,000000E+0
507	111,000000E+0	0,000000E+0	3,664000E+0	35,815000E+3	12,000000E+0
508	108,000000E+0	0,000000E+0	3,664000E+0	35,837000E+3	12,000000E+0
509	111,000000E+0	0,000000E+0	3,435000E+0	35,855000E+3	12,000000E+0
510	111,000000E+0	0,000000E+0	3,664000E+0	35,877000E+3	12,000000E+0
511	111,000000E+0	0,000000E+0	3,664000E+0	35,897000E+3	12,000000E+0
512	109,000000E+0	0,000000E+0	3,664000E+0	35,918000E+3	12,000000E+0
513	109,000000E+0	0,000000E+0	3,435000E+0	35,937000E+3	12,000000E+0
514	110,000000E+0	0,000000E+0	3,435000E+0	35,957000E+3	12,000000E+0
515	110,000000E+0	0,000000E+0	3,664000E+0	35,977000E+3	12,000000E+0
516	110,000000E+0	0,000000E+0	3,664000E+0	35,998000E+3	12,000000E+0
517	108,000000E+0	0,000000E+0	3,664000E+0	36,019000E+3	12,000000E+0
518	110,000000E+0	0,000000E+0	3,435000E+0	36,039000E+3	12,000000E+0
519	110,000000E+0	0,000000E+0	3,664000E+0	36,059000E+3	12,000000E+0
520	110,000000E+0	0,000000E+0	3,435000E+0	36,079000E+3	12,000000E+0
521	108,000000E+0	0,000000E+0	3,664000E+0	36,100000E+3	12,000000E+0
522	109,000000E+0	0,000000E+0	3,435000E+0	36,119000E+3	12,000000E+0
523	111,000000E+0	0,000000E+0	3,435000E+0	36,140000E+3	12,000000E+0
524	110,000000E+0	0,000000E+0	3,664000E+0	36,160000E+3	12,000000E+0
525	110,000000E+0	0,000000E+0	3,664000E+0	36,180000E+3	12,000000E+0
526	110,000000E+0	0,000000E+0	3,435000E+0	36,200000E+3	12,000000E+0
527	110,000000E+0	0,000000E+0	3,435000E+0	36,220000E+3	12,000000E+0
528	110,000000E+0	0,000000E+0	3,664000E+0	36,240000E+3	12,000000E+0
529	109,000000E+0	0,000000E+0	3,664000E+0	36,262000E+3	12,000000E+0
530	109,000000E+0	0,000000E+0	3,664000E+0	36,282000E+3	12,000000E+0
531	110,000000E+0	0,000000E+0	3,435000E+0	36,301000E+3	12,000000E+0
532	110,000000E+0	0,000000E+0	3,664000E+0	36,323000E+3	12,000000E+0
533	108,000000E+0	0,000000E+0	3,664000E+0	36,344000E+3	12,000000E+0
534	107,000000E+0	0,000000E+0	3,664000E+0	36,363000E+3	12,000000E+0
535	110,000000E+0	0,000000E+0	3,435000E+0	36,382000E+3	12,000000E+0
536	112,000000E+0	0,000000E+0	3,435000E+0	36,403000E+3	12,000000E+0
537	108,000000E+0	0,000000E+0	3,664000E+0	36,423000E+3	12,000000E+0
538	107,000000E+0	0,000000E+0	3,664000E+0	36,444000E+3	12,000000E+0
539	108,000000E+0	0,000000E+0	3,435000E+0	36,463000E+3	12,000000E+0
540	111,000000E+0	0,000000E+0	3,435000E+0	36,482000E+3	12,000000E+0
541	110,000000E+0	0,000000E+0	3,664000E+0	36,503000E+3	12,000000E+0
542	107,000000E+0	0,000000E+0	3,664000E+0	36,524000E+3	12,000000E+0
543	107,000000E+0	0,000000E+0	3,664000E+0	36,544000E+3	12,000000E+0
544	109,000000E+0	0,000000E+0	3,435000E+0	36,563000E+3	12,000000E+0
545	110,000000E+0	0,000000E+0	3,664000E+0	36,583000E+3	12,000000E+0
546	106,000000E+0	0,000000E+0	3,664000E+0	36,604000E+3	12,000000E+0
547	107,000000E+0	0,000000E+0	3,664000E+0	36,624000E+3	12,000000E+0
548	107,000000E+0	0,000000E+0	3,435000E+0	36,642000E+3	12,000000E+0
549	110,000000E+0	0,000000E+0	3,435000E+0	36,662000E+3	12,000000E+0
550	109,000000E+0	0,000000E+0	3,664000E+0	36,683000E+3	12,000000E+0
551	107,000000E+0	0,000000E+0	3,664000E+0	36,703000E+3	12,000000E+0
552	107,000000E+0	0,000000E+0	3,435000E+0	36,723000E+3	12,000000E+0
553	109,000000E+0	0,000000E+0	3,435000E+0	36,743000E+3	12,000000E+0
554	109,000000E+0	0,000000E+0	3,435000E+0	36,763000E+3	12,000000E+0
555	108,000000E+0	0,000000E+0	3,664000E+0	36,783000E+3	12,000000E+0
556	107,000000E+0	0,000000E+0	3,664000E+0	36,804000E+3	12,000000E+0
557	108,000000E+0	0,000000E+0	3,435000E+0	36,823000E+3	12,000000E+0
558	109,000000E+0	0,000000E+0	3,435000E+0	36,843000E+3	12,000000E+0
559	108,000000E+0	0,000000E+0	3,664000E+0	36,863000E+3	12,000000E+0
560	107,000000E+0	0,000000E+0	3,664000E+0	36,883000E+3	12,000000E+0
561	107,000000E+0	0,000000E+0	3,435000E+0	36,902000E+3	12,000000E+0
562	107,000000E+0	0,000000E+0	3,435000E+0	36,921000E+3	12,000000E+0
563	108,000000E+0	0,000000E+0	3,664000E+0	36,941000E+3	12,000000E+0
564	107,000000E+0	0,000000E+0	3,664000E+0	36,960000E+3	12,000000E+0
565	107,000000E+0	0,000000E+0	3,664000E+0	36,980000E+3	12,000000E+0
566	108,000000E+0	0,000000E+0	3,435000E+0	36,999000E+3	12,000000E+0
567	108,000000E+0	0,000000E+0	3,435000E+0	37,019000E+3	12,000000E+0
568	108,000000E+0	0,000000E+0	3,664000E+0	37,041000E+3	12,000000E+0
569	108,000000E+0	0,000000E+0	3,664000E+0	37,066000E+3	12,000000E+0
570	108,000000E+0	0,000000E+0	3,664000E+0	37,085000E+3	12,000000E+0
571	108,000000E+0	0,000000E+0	3,435000E+0	37,104000E+3	12,000000E+0
572	108,000000E+0	0,000000E+0	3,664000E+0	37,125000E+3	12,000000E+0
573	27,648000E+3	0,000000E+0	937,984000E+0	9,509120E+6	3,072000E+3
574	107,000000E+0	0,000000E+0	3,435000E+0	37,165000E+3	12,000000E+0
575	108,000000E+0	0,000000E+0	3,435000E+0	37,184000E+3	12,000000E+0
576	108,000000E+0	0,000000E+0	3,435000E+0	37,204000E+3	12,000000E+0
577	108,000000E+0	0,000000E+0	3,435000E+0	37,223000E+3	12,000000E+0
578	108,000000E+0	0,000000E+0	3,435000E+0	37,244000E+3	12,000000E+0
579	109,000000E+0	0,000000E+0	3,435000E+0	37,263000E+3	12,000000E+0
580	109,000000E+0	0,000000E+0	3,435000E+0	37,282000E+3	12,000000E+0
581	109,000000E+0	0,000000E+0	3,435000E+0	37,302000E+3	12,000000E+0
582	109,000000E+0	0,000000E+0	3,435000E+0	37,322000E+3	12,000000E+0
583	109,000000E+0	0,000000E+0	3,664000E+0	37,342000E+3	12,000000E+0
584	110,000000E+0	0,000000E+0	3,435000E+0	37,363000E+3	12,000000E+0
585	109,000000E+0	0,000000E+0	3,664000E+0	37,383000E+3	12,000000E+0
586	110,000000E+0	0,000000E+0	3,664000E+0	37,403000E+3	12,000000E+0
587	108,000000E+0	0,000000E+0	3,664000E+0	37,424000E+3	12,000000E+0
588	109,000000E+0	0,000000E+0	3,435000E+0	37,443000E+3	12,000000E+0
589	109,000000E+0	0,000000E+0	3,435000E+0	37,463000E+3	12,000000E+0
590	109,000000E+0	0,000000E+0	3,435000E+0	37,484000E+3	12,000000E+0
591	109,000000E+0	0,000000E+0	3,664000E+0	37,504000E+3	12,000000E+0
592	109,000000E+0	0,000000E+0	3,435000E+0	37,524000E+3	12,000000E+0
593	110,000000E+0	0,000000E+0	3,435000E+0	37,544000E+3	12,000000E+0
594	110,000000E+0	0,000000E+0	3,435000E+0	37,564000E+3	12,000000E+0
595	110,000000E+0	0,000000E+0	3,664000E+0	37,584000E+3	12,000000E+0
596	109,000000E+0	0,000000E+0	3,664000E+0	37,604000E+3	12,000000E+0
597	110,000000E+0	0,000000E+0	3,435000E+0	37,624000E+3	12,000000E+0
598	110,000000E+0	0,000000E+0	3,664000E+0	37,644000E+3	12,000000E+0
599	110,000000E+0	0,000000E+0	3,664000E+0	37,666000E+3	12,000000E+0
600	109,000000E+0	0,000000E+0	3,435000E+0	37,685000E+3	12,000000E+0
601	110,000000E+0	0,000000E+0	3,435000E+0	37,705000E+3	12,000000E+0
602	110,000000E+0	0,000000E+0	3,435000E+0	37,725000E+3	12,000000E+0
603	109,000000E+0	0,000000E+0	3,664000E+0	37,745000E+3	12,000000E+0
604	110,000000E+0	0,000000E+0	3,664000E+0	37,766000E+3	12,000000E+0
605	110,000000E+0	0,000000E+0	3,435000E+0	37,786000E+3	12,000000E+0
606	111,000000E+0	0,000000E+0	3,435000E+0	37,807000E+3	12,000000E+0
607	111,000000E+0	0,000000E+0	3,664000E+0	37,828000E+3	12,000000E+0
608	111,000000E+0	0,000000E+0	3,435000E+0	37,848000E+3	12,000000E+0
609	110,000000E+0	0,000000E+0	3,664000E+0	37,868000E+3	12,000000E+0
610	109,000000E+0	0,000000E+0	3,435000E+0	37,888000E+3	12,000000E+0
611	110,000000E+0	0,000000E+0	3,435000E+0	37,908000E+3	12,000000E+0
612	110,000000E+0	0,000000E+0	3,664000E+0	37,929000E+3	12,000000E+0
613	109,000000E+0	0,000000E+0	3,664000E+0	37,949000E+3	12,000000E+0
614	109,000000E+0	0,000000E+0	3,664000E+0	37,969000E+3	12,000000E+0
615	109,000000E+0	0,000000E+0	3,435000E+0	37,990000E+3	12,000000E+0
616	109,000000E+0	0,000000E+0	3,435000E+0	38,011000E+3	12,000000E+0
617	109,000000E+0	0,000000E+0	3,664000E+0	38,030000E+3	12,000000E+0
618	109,000000E+0	0,000000E+0	3,435000E+0	38,050000E+3	12,000000E+0
619	109,000000E+0	0,000000E+0	3,435000E+0	38,070000E+3	12,000000E+0
620	109,000000E+0	0,000000E+0	3,435000E+0	38,090000E+3	12,000000E+0
621	110,000000E+0	0,000000E+0	3,664000E+0	38,110000E+3	12,000000E+0
622	109,000000E+0	0,000000E+0	3,664000E+0	38,131000E+3	12,000000E+0
623	109,000000E+0	0,000000E+0	3,435000E+0	38,151000E+3	12,000000E+0
624	110,000000E+0	0,000000E+0	3,435000E+0	38,171000E+3	12,000000E+0
625	108,000000E+0	0,000000E+0	3,664000E+0	38,192000E+3	12,000000E+0
626	109,000000E+0	0,000000E+0	3,664000E+0	38,212000E+3	12,000000E+0
627	109,000000E+0	0,000000E+0	3,664000E+0	38,237000E+3	12,000000E+0
628	109,000000E+0	0,000000E+0	3,435000E+0	38,263000E+3	12,000000E+0
629	109,000000E+0	0,000000E+0	3,435000E+0	38,283000E+3	12,000000E+0
630	109,000000E+0	0,000000E+0	3,435000E+0	38,302000E+3	12,000000E+0
631	109,000000E+0	0,000000E+0	3,435000E+0	38,323000E+3	12,000000E+0
632	109,000000E+0	0,000000E+0	3,435000E+0	38,342000E+3	12,000000E+0
633	109,000000E+0	0,000000E+0	3,664000E+0	38,363000E+3	12,000000E+0
634	109,000000E+0	0,000000E+0	3,435000E+0	38,388000E+3	12,000000E+0
635	108,000000E+0	0,000000E+0	3,664000E+0	38,408000E+3	12,000000E+0
636	108,000000E+0	0,000000E+0	3,435000E+0	38,428000E+3	12,000000E+0
637	108,000000E+0	0,000000E+0	3,435000E+0	38,447000E+3	12,000000E+0
638	108,000000E+0	0,000000E+0	3,664000E+0	38,467000E+3	12,000000E+0
639	107,000000E+0	0,000000E+0	3,664000E+0	38,488000E+3	12,000000E+0
640	107,000000E+0	0,000000E+0	3,435000E+0	38,507000E+3	12,000000E+0
641	108,000000E+0	0,000000E+0	3,435000E+0	38,527000E+3	12,000000E+0
642	108,000000E+0	0,000000E+0	3,664000E+0	38,547000E+3	12,000000E+0
643	105,000000E+0	0,000000E+0	3,664000E+0	38,568000E+3	12,000000E+0
644	106,000000E+0	0,000000E+0	3,664000E+0	38,588000E+3	12,000000E+0
645	107,000000E+0	0,000000E+0	3,435000E+0	38,607000E+3	12,000000E+0
646	107,000000E+0	0,000000E+0	3,664000E+0	38,626000E+3	12,000000E+0
647	108,000000E+0	0,000000E+0	3,664000E+0	38,646000E+3	12,000000E+0
648	107,000000E+0	0,000000E+0	3,664000E+0	38,666000E+3	12,000000E+0
649	106,000000E+0	0,000000E+0	3,664000E+0	38,686000E+3	12,000000E+0
650	107,000000E+0	0,000000E+0	3,435000E+0	38,706000E+3	12,000000E+0
651	107,000000E+0	0,000000E+0	3,435000E+0	38,726000E+3	12,000000E+0
652	107,000000E+0	0,000000E+0	3,664000E+0	38,746000E+3	12,000000E+0
653	106,000000E+0	0,000000E+0	3,664000E+0	38,765000E+3	12,000000E+0
654	107,000000E+0	0,000000E+0	3,435000E+0	38,785000E+3	12,000000E+0
655	107,000000E+0	0,000000E+0	3,435000E+0	38,805000E+3	12,000000E+0
656	107,000000E+0	0,000000E+0	3,664000E+0	38,824000E+3	12,000000E+0
657	106,000000E+0	0,000000E+0	3,664000E+0	38,844000E+3	12,000000E+0
658	106,000000E+0	0,000000E+0	3,435000E+0	38,864000E+3	12,000000E+0
659	108,000000E+0	0,000000E+0	3,435000E+0	38,883000E+3	12,000000E+0
660	107,000000E+0	0,000000E+0	3,664000E+0	38,904000E+3	12,000000E+0
661	107,000000E+0	0,000000E+0	3,664000E+0	38,924000E+3	12,000000E+0
662	105,000000E+0	0,000000E+0	3,664000E+0	38,944000E+3	12,000000E+0
663	107,000000E+0	0,000000E+0	3,435000E+0	38,963000E+3	12,000000E+0
664	107,000000E+0	0,000000E+0	3,435000E+0	38,983000E+3	12,000000E+0
665	106,000000E+0	0,000000E+0	3,664000E+0	39,002000E+3	12,000000E+0
666	105,000000E+0	0,000000E+0	3,664000E+0	39,022000E+3	12,000000E+0
667	106,000000E+0	0,000000E+0	3,435000E+0	39,041000E+3	12,000000E+0
668	107,000000E+0	0,000000E+0	3,435000E+0	39,061000E+3	12,000000E+0
669	107,000000E+0	0,000000E+0	3,435000E+0	39,081000E+3	12,000000E+0
670	106,000000E+0	0,000000E+0	3,664000E+0	39,101000E+3	12,000000E+0
671	106,000000E+0	0,000000E+0	3,664000E+0	39,121000E+3	12,000000E+0
672	106,000000E+0	0,000000E+0	3,435000E+0	39,139000E+3	12,000000E+0
673	107,000000E+0	0,000000E+0	3,664000E+0	39,160000E+3	12,000000E+0
674	106,000000E+0	0,000000E+0	3,435000E+0	39,180000E+3	12,000000E+0
675	107,000000E+0	0,000000E+0	3,435000E+0	39,200000E+3	12,000000E+0
676	107,000000E+0	0,000000E+0	3,435000E+0	39,219000E+3	12,000000E+0
677	107,000000E+0	0,000000E+0	3,435000E+0	39,239000E+3	12,000000E+0
678	107,000000E+0	0,000000E+0	3,435000E+0	39,257000E+3	12,000000E+0
679	107,000000E+0	0,000000E+0	3,664000E+0	39,278000E+3	12,000000E+0
680	107,000000E+0	0,000000E+0	3,664000E+0	39,297000E+3	12,000000E+0
681	107,000000E+0	0,000000E+0	3,435000E+0	39,317000E+3	12,000000E+0
682	107,000000E+0	0,000000E+0	3,435000E+0	39,336000E+3	12,000000E+0
683	108,000000E+0	0,000000E+0	3,435000E+0	39,356000E+3	12,000000E+0
684	108,000000E+0	0,000000E+0	3,435000E+0	39,377000E+3	12,000000E+0
685	108,000000E+0	0,000000E+0	3,664000E+0	39,395000E+3	12,000000E+0
686	108,000000E+0	0,000000E+0	3,435000E+0	39,415000E+3	12,000000E+0
687	109,000000E+0	0,000000E+0	3,435000E+0	39,435000E+3	12,000000E+0
688	109,000000E+0	0,000000E+0	3,664000E+0	39,455000E+3	12,000000E+0
689	107,000000E+0	0,000000E+0	3,664000E+0	39,477000E+3	12,000000E+0
690	108,000000E+0	0,000000E+0	3,435000E+0	39,496000E+3	12,000000E+0
691	111,000000E+0	0,000000E+0	3,435000E+0	39,516000E+3	12,000000E+0
692	109,000000E+0	0,000000E+0	3,664000E+0	39,538000E+3	12,000000E+0
693	107,000000E+0	0,000000E+0	3,664000E+0	39,558000E+3	12,000000E+0
694	107,000000E+0	0,000000E+0	3,435000E+0	39,578000E+3	12,000000E+0
695	110,000000E+0	0,000000E+0	3,435000E+0	39,597000E+3	12,000000E+0
696	110,000000E+0	0,000000E+0	3,664000E+0	39,618000E+3	12,000000E+0
697	107,000000E+0	0,000000E+0	3,664000E+0	39,638000E+3	12,000000E+0
698	107,000000E+0	0,000000E+0	3,664000E+0	39,660000E+3	12,000000E+0
699	109,000000E+0	0,000000E+0	3,435000E+0	39,679000E+3	12,000000E+0
700	112,000000E+0	0,000000E+0	3,435000E+0	39,698000E+3	12,000000E+0
701	110,000000E+0	0,000000E+0	3,664000E+0	39,719000E+3	12,000000E+0
702	107,000000E+0	0,000000E+0	3,664000E+0	39,740000E+3	12,000000E+0
703	108,000000E+0	0,000000E+0	3,435000E+0	39,759000E+3	12,000000E+0
704	112,000000E+0	0,000000E+0	3,435000E+0	39,777000E+3	12,000000E+0
705	112,000000E+0	0,000000E+0	3,664000E+0	39,799000E+3	12,000000E+0
706	106,000000E+0	0,000000E+0	3,893000E+0	39,820000E+3	12,000000E+0
707	107,000000E+0	0,000000E+0	3,435000E+0	39,839000E+3	12,000000E+0
708	112,000000E+0	0,000000E+0	3,435000E+0	39,859000E+3	12,000000E+0
709	113,000000E+0	0,000000E+0	3,435000E+0	39,879000E+3	12,000000E+0
710	108,000000E+0	0,000000E+0	3,664000E+0	39,901000E+3	12,000000E+0
711	108,000000E+0	0,000000E+0	3,664000E+0	39,922000E+3	12,000000E+0
712	110,000000E+0	0,000000E+0	3,435000E+0	39,942000E+3	12,000000E+0
713	112,000000E+0	0,000000E+0	3,435000E+0	39,961000E+3	12,000000E+0
714	111,000000E+0	0,000000E+0	3,664000E+0	39,983000E+3	12,000000E+0
715	108,000000E+0	0,000000E+0	3,664000E+0	40,004000E+3	12,000000E+0
716	108,000000E+0	0,000000E+0	3,664000E+0	40,024000E+3	12,000000E+0
717	110,000000E+0	0,000000E+0	3,435000E+0	40,042000E+3	12,000000E+0
718	111,000000E+0	0,000000E+0	3,664000E+0	40,063000E+3	12,000000E+0
719	110,000000E+0	0,000000E+0	3,664000E+0	40,084000E+3	12,000000E+0
720	108,000000E+0	0,000000E+0	3,664000E+0	40,105000E+3	12,000000E+0
721	109,000000E+0	0,000000E+0	3,435000E+0	40,125000E+3	12,000000E+0
722	111,000000E+0	0,000000E+0	3,435000E+0	40,145000E+3	12,000000E+0
723	110,000000E+0	0,000000E+0	3,435000E+0	40,165000E+3	12,000000E+0
724	109,000000E+0	0,000000E+0	3,664000E+0	40,186000E+3	12,000000E+0
725	109,000000E+0	0,000000E+0	3,435000E+0	40,205000E+3	12,000000E+0
726	110,000000E+0	0,000000E+0	3,435000E+0	40,226000E+3	12,000000E+0
727	110,000000E+0	0,000000E+0	3,664000E+0	40,246000E+3	12,000000E+0
728	110,000000E+0	0,000000E+0	3,664000E+0	40,266000E+3	12,000000E+0
729	109,000000E+0	0,000000E+0	3,664000E+0	40,286000E+3	12,000000E+0
730	110,000000E+0	0,000000E+0	3,435000E+0	40,306000E+3	12,000000E+0
731	111,000000E+0	0,000000E+0	3,435000E+0	40,326000E+3	12,000000E+0
732	110,000000E+0	0,000000E+0	3,664000E+0	40,346000E+3	12,000000E+0
733	106,000000E+0	0,000000E+0	3,664000E+0	40,368000E+3	12,000000E+0
734	108,000000E+0	0,000000E+0	3,435000E+0	40,387000E+3	12,000000E+0
735	110,000000E+0	0,000000E+0	3,435000E+0	40,407000E+3	12,000000E+0
736	109,000000E+0	0,000000E+0	3,664000E+0	40,429000E+3	12,000000E+0
737	108,000000E+0	0,000000E+0	3,664000E+0	40,449000E+3	12,000000E+0
738	108,000000E+0	0,000000E+0	3,664000E+0	40,469000E+3	12,000000E+0
739	111,000000E+0	0,000000E+0	3,435000E+0	40,489000E+3	12,000000E+0
740	109,000000E+0	0,000000E+0	3,664000E+0	40,509000E+3	12,000000E+0
741	108,000000E+0	0,000000E+0	3,664000E+0	40,529000E+3	12,000000E+0
742	108,000000E+0	0,000000E+0	3,664000E+0	40,549000E+3	12,000000E+0
743	110,000000E+0	0,000000E+0	3,435000E+0	40,568000E+3	12,000000E+0
744	110,000000E+0	0,000000E+0	3,664000E+0	40,589000E+3	12,000000E+0
745	108,000000E+0	0,000000E+0	3,664000E+0	40,609000E+3	12,000000E+0
746	108,000000E+0	0,000000E+0	3,664000E+0	40,630000E+3	12,000000E+0
747	108,000000E+0	0,000000E+0	3,664000E+0	40,650000E+3	12,000000E+0
748	110,000000E+0	0,000000E+0	3,435000E+0	40,669000E+3	12,000000E+0
749	107,000000E+0	0,000000E+0	3,664000E+0	40,692000E+3	12,000000E+0
750	107,000000E+0	0,000000E+0	3,664000E+0	40,715000E+3	12,000000E+0
751	107,000000E+0	0,000000E+0	3,435000E+0	40,735000E+3	12,000000E+0
752	110,000000E+0	0,000000E+0	3,435000E+0	40,753000E+3	12,000000E+0
753	110,000000E+0	0,000000E+0	3,664000E+0	40,774000E+3	12,000000E+0
754	106,000000E+0	0,000000E+0	3,664000E+0	40,795000E+3	12,000000E+0
755	21,760000E+3	72,995840E+3	57,629737E+6	1,862271E+9	15,900000E+0
756	21,760000E+3	74,373120E+3	57,629737E+6	-2,130706E+9	15,900000E+0
757	21,760000E+3	75,061760E+3	57,629737E+6	-1,778385E+9	15,900000E+0
758	21,760000E+3	74,373120E+3	61,471719E+6	-1,442841E+9	15,900000E+0
759	21,760000E+3	72,995840E+3	61,471719E+6	-1,090519E+9	15,900000E+0
760	21,760000E+3	74,373120E+3	57,629737E+6	-771,751936E+6	15,900000E+0
761	85,000000E+0	295,900000E+0	225,116160E+3	-1,612317E+9	0,000000E+0
762	21,760000E+3	74,373120E+3	61,471719E+6	-83,886080E+6	15,900000E+0
763	21,760000E+3	73,684480E+3	61,471719E+6	218,103808E+6	16,000000E+0
764	107,000000E+0	0,000000E+0	3,664000E+0	40,993000E+3	12,000000E+0
765	109,000000E+0	0,000000E+0	3,435000E+0	41,012000E+3	12,000000E+0
766	21,760000E+3	75,061760E+3	61,471719E+6	1,207960E+9	16,000000E+0
767	21,760000E+3	73,684480E+3	61,471719E+6	1,543504E+9	16,000000E+0
768	21,760000E+3	74,373120E+3	61,471719E+6	1,862271E+9	16,000000E+0
769	30,000000E+0	228,650000E+0	24,732000E+0	15,000000E+0	4,109100E+3
770	30,000000E+0	228,650000E+0	24,732000E+0	15,000000E+0	4,111100E+3
771	30,000000E+0	228,650000E+0	24,732000E+0	16,000000E+0	4,113200E+3
772	30,000000E+0	228,650000E+0	24,732000E+0	16,000000E+0	4,115200E+3
773	30,000000E+0	228,650000E+0	24,274000E+0	16,000000E+0	4,117300E+3
774	21,760000E+3	74,373120E+3	57,629737E+6	-419,430400E+6	16,000000E+0
775	21,760000E+3	74,373120E+3	61,471719E+6	-67,108864E+6	16,000000E+0
776	21,760000E+3	74,373120E+3	61,471719E+6	251,658240E+6	16,100000E+0
777	30,000000E+0	228,650000E+0	24,732000E+0	15,000000E+0	4,125200E+3
778	30,000000E+0	228,650000E+0	24,732000E+0	16,000000E+0	4,127200E+3
779	30,000000E+0	228,650000E+0	24,732000E+0	15,000000E+0	4,129200E+3
780	108,000000E+0	0,000000E+0	3,435000E+0	41,315000E+3	12,000000E+0
781	108,000000E+0	0,000000E+0	3,664000E+0	41,341000E+3	12,000000E+0
782	108,000000E+0	0,000000E+0	3,664000E+0	41,361000E+3	12,000000E+0
783	108,000000E+0	0,000000E+0	3,435000E+0	41,379000E+3	12,000000E+0
784	108,000000E+0	0,000000E+0	3,435000E+0	41,399000E+3	12,000000E+0
785	108,000000E+0	0,000000E+0	3,435000E+0	41,419000E+3	12,000000E+0
786	109,000000E+0	0,000000E+0	3,435000E+0	41,439000E+3	12,000000E+0
787	110,000000E+0	0,000000E+0	3,435000E+0	41,460000E+3	12,000000E+0
788	109,000000E+0	0,000000E+0	3,664000E+0	41,480000E+3	12,000000E+0
789	109,000000E+0	0,000000E+0	3,664000E+0	41,500000E+3	12,000000E+0
790	109,000000E+0	0,000000E+0	3,664000E+0	41,520000E+3	12,000000E+0
791	109,000000E+0	0,000000E+0	3,435000E+0	41,540000E+3	12,000000E+0
792	110,000000E+0	0,000000E+0	3,664000E+0	41,560000E+3	12,000000E+0
793	110,000000E+0	0,000000E+0	3,664000E+0	41,582000E+3	12,000000E+0
794	110,000000E+0	0,000000E+0	3,664000E+0	41,601000E+3	12,000000E+0
795	109,000000E+0	0,000000E+0	3,664000E+0	41,622000E+3	12,000000E+0
796	110,000000E+0	0,000000E+0	3,435000E+0	41,641000E+3	12,000000E+0
797	110,000000E+0	0,000000E+0	3,435000E+0	41,661000E+3	12,000000E+0
798	110,000000E+0	0,000000E+0	3,664000E+0	41,681000E+3	12,000000E+0
799	109,000000E+0	0,000000E+0	3,664000E+0	41,701000E+3	12,000000E+0
800	110,000000E+0	0,000000E+0	3,435000E+0	41,721000E+3	12,000000E+0
801	110,000000E+0	0,000000E+0	3,664000E+0	41,742000E+3	12,000000E+0
802	109,000000E+0	0,000000E+0	3,664000E+0	41,763000E+3	12,000000E+0
803	109,000000E+0	0,000000E+0	3,435000E+0	41,782000E+3	12,000000E+0
804	109,000000E+0	0,000000E+0	3,664000E+0	41,803000E+3	12,000000E+0
805	110,000000E+0	0,000000E+0	3,435000E+0	41,822000E+3	12,000000E+0
806	110,000000E+0	0,000000E+0	3,664000E+0	41,842000E+3	12,000000E+0
807	110,000000E+0	0,000000E+0	3,664000E+0	41,863000E+3	12,000000E+0
808	109,000000E+0	0,000000E+0	3,435000E+0	41,883000E+3	12,000000E+0
809	110,000000E+0	0,000000E+0	3,435000E+0	41,903000E+3	12,000000E+0
810	111,000000E+0	0,000000E+0	3,435000E+0	41,924000E+3	12,000000E+0
811	110,000000E+0	0,000000E+0	3,664000E+0	41,945000E+3	12,000000E+0
812	109,000000E+0	0,000000E+0	3,664000E+0	41,964000E+3	12,000000E+0
813	110,000000E+0	0,000000E+0	3,435000E+0	41,984000E+3	12,000000E+0
814	110,000000E+0	0,000000E+0	3,435000E+0	42,004000E+3	12,000000E+0
815	110,000000E+0	0,000000E+0	3,664000E+0	42,025000E+3	12,000000E+0
816	109,000000E+0	0,000000E+0	3,664000E+0	42,051000E+3	12,000000E+0
817	109,000000E+0	0,000000E+0	3,435000E+0	42,071000E+3	12,000000E+0
818	109,000000E+0	0,000000E+0	3,435000E+0	42,091000E+3	12,000000E+0
819	109,000000E+0	0,000000E+0	3,435000E+0	42,111000E+3	12,000000E+0
820	109,000000E+0	0,000000E+0	3,435000E+0	42,132000E+3	12,000000E+0
821	109,000000E+0	0,000000E+0	3,435000E+0	42,152000E+3	12,000000E+0
822	110,000000E+0	0,000000E+0	3,435000E+0	42,171000E+3	12,000000E+0
823	109,000000E+0	0,000000E+0	3,664000E+0	42,192000E+3	12,000000E+0
824	109,000000E+0	0,000000E+0	3,664000E+0	42,212000E+3	12,000000E+0
825	109,000000E+0	0,000000E+0	3,664000E+0	42,232000E+3	12,000000E+0
826	109,000000E+0	0,000000E+0	3,435000E+0	42,253000E+3	12,000000E+0
827	109,000000E+0	0,000000E+0	3,435000E+0	42,273000E+3	12,000000E+0
828	108,000000E+0	0,000000E+0	3,664000E+0	42,293000E+3	12,000000E+0
829	109,000000E+0	0,000000E+0	3,664000E+0	42,313000E+3	12,000000E+0
830	109,000000E+0	0,000000E+0	3,664000E+0	42,333000E+3	12,000000E+0
831	109,000000E+0	0,000000E+0	3,664000E+0	42,359000E+3	12,000000E+0
832	27,648000E+3	0,000000E+0	937,984000E+0	10,849024E+6	3,072000E+3
833	109,000000E+0	0,000000E+0	3,664000E+0	42,401000E+3	12,000000E+0
834	109,000000E+0	0,000000E+0	3,435000E+0	42,424000E+3	12,000000E+0
835	109,000000E+0	0,000000E+0	3,435000E+0	42,449000E+3	12,000000E+0
836	108,000000E+0	0,000000E+0	3,664000E+0	42,469000E+3	12,000000E+0
837	109,000000E+0	0,000000E+0	3,435000E+0	42,490000E+3	12,000000E+0
838	107,000000E+0	0,000000E+0	3,664000E+0	42,510000E+3	12,000000E+0
839	108,000000E+0	0,000000E+0	3,435000E+0	42,529000E+3	12,000000E+0
840	108,000000E+0	0,000000E+0	3,664000E+0	42,549000E+3	12,000000E+0
841	108,000000E+0	0,000000E+0	3,435000E+0	42,569000E+3	12,000000E+0
842	108,000000E+0	0,000000E+0	3,664000E+0	42,589000E+3	12,000000E+0
843	108,000000E+0	0,000000E+0	3,435000E+0	42,614000E+3	12,000000E+0
844	108,000000E+0	0,000000E+0	3,435000E+0	42,634000E+3	12,000000E+0
845	108,000000E+0	0,000000E+0	3,435000E+0	42,654000E+3	12,000000E+0
846	108,000000E+0	0,000000E+0	3,664000E+0	42,674000E+3	12,000000E+0
847	107,000000E+0	0,000000E+0	3,664000E+0	42,695000E+3	12,000000E+0
848	108,000000E+0	0,000000E+0	3,435000E+0	42,714000E+3	12,000000E+0
849	108,000000E+0	0,000000E+0	3,435000E+0	42,734000E+3	12,000000E+0
850	106,000000E+0	0,000000E+0	3,664000E+0	42,753000E+3	12,000000E+0
851	105,000000E+0	0,000000E+0	3,664000E+0	42,773000E+3	12,000000E+0
852	106,000000E+0	0,000000E+0	3,435000E+0	42,793000E+3	12,000000E+0
853	107,000000E+0	0,000000E+0	3,435000E+0	42,812000E+3	12,000000E+0
854	107,000000E+0	0,000000E+0	3,435000E+0	42,833000E+3	12,000000E+0
855	106,000000E+0	0,000000E+0	3,664000E+0	42,852000E+3	12,000000E+0
856	106,000000E+0	0,000000E+0	3,664000E+0	42,873000E+3	12,000000E+0
857	107,000000E+0	0,000000E+0	3,435000E+0	42,892000E+3	12,000000E+0
858	107,000000E+0	0,000000E+0	3,664000E+0	42,912000E+3	12,000000E+0
859	105,000000E+0	0,000000E+0	3,664000E+0	42,932000E+3	12,000000E+0
860	106,000000E+0	0,000000E+0	3,664000E+0	42,952000E+3	12,000000E+0
861	107,000000E+0	0,000000E+0	3,435000E+0	42,971000E+3	12,000000E+0
862	107,000000E+0	0,000000E+0	3,435000E+0	42,990000E+3	12,000000E+0
863	107,000000E+0	0,000000E+0	3,435000E+0	43,010000E+3	12,000000E+0
864	105,000000E+0	0,000000E+0	3,664000E+0	43,031000E+3	12,000000E+0
865	106,000000E+0	0,000000E+0	3,435000E+0	43,049000E+3	12,000000E+0
866	108,000000E+0	0,000000E+0	3,435000E+0	43,069000E+3	12,000000E+0
867	107,000000E+0	0,000000E+0	3,664000E+0	43,089000E+3	12,000000E+0
868	106,000000E+0	0,000000E+0	3,664000E+0	43,110000E+3	12,000000E+0
869	105,000000E+0	0,000000E+0	3,664000E+0	43,129000E+3	12,000000E+0
870	107,000000E+0	0,000000E+0	3,435000E+0	43,148000E+3	12,000000E+0
871	107,000000E+0	0,000000E+0	3,435000E+0	43,168000E+3	12,000000E+0
872	107,000000E+0	0,000000E+0	3,664000E+0	43,188000E+3	12,000000E+0
873	107,000000E+0	0,000000E+0	3,664000E+0	43,208000E+3	12,000000E+0
874	106,000000E+0	0,000000E+0	3,664000E+0	43,229000E+3	12,000000E+0
875	107,000000E+0	0,000000E+0	3,435000E+0	43,247000E+3	12,000000E+0
876	107,000000E+0	0,000000E+0	3,435000E+0	43,267000E+3	12,000000E+0
877	107,000000E+0	0,000000E+0	3,664000E+0	43,288000E+3	12,000000E+0
878	106,000000E+0	0,000000E+0	3,664000E+0	43,307000E+3	12,000000E+0
879	107,000000E+0	0,000000E+0	3,435000E+0	43,326000E+3	12,000000E+0
880	107,000000E+0	0,000000E+0	3,435000E+0	43,346000E+3	12,000000E+0
881	107,000000E+0	0,000000E+0	3,435000E+0	43,365000E+3	12,000000E+0
882	107,000000E+0	0,000000E+0	3,435000E+0	43,384000E+3	12,000000E+0
883	107,000000E+0	0,000000E+0	3,664000E+0	43,404000E+3	12,000000E+0
884	107,000000E+0	0,000000E+0	3,664000E+0	43,425000E+3	12,000000E+0
885	107,000000E+0	0,000000E+0	3,435000E+0	43,444000E+3	12,000000E+0
886	107,000000E+0	0,000000E+0	3,435000E+0	43,464000E+3	12,000000E+0
887	107,000000E+0	0,000000E+0	3,435000E+0	43,484000E+3	12,000000E+0
888	108,000000E+0	0,000000E+0	3,435000E+0	43,503000E+3	12,000000E+0
889	108,000000E+0	0,000000E+0	3,435000E+0	43,523000E+3	12,000000E+0
890	108,000000E+0	0,000000E+0	3,435000E+0	43,542000E+3	12,000000E+0
891	108,000000E+0	0,000000E+0	3,664000E+0	43,564000E+3	12,000000E+0
892	108,000000E+0	0,000000E+0	3,435000E+0	43,584000E+3	12,000000E+0
893	108,000000E+0	0,000000E+0	3,435000E+0	43,604000E+3	12,000000E+0
894	108,000000E+0	0,000000E+0	3,664000E+0	43,625000E+3	12,000000E+0
895	108,000000E+0	0,000000E+0	3,435000E+0	43,644000E+3	12,000000E+0
896	108,000000E+0	0,000000E+0	3,435000E+0	43,665000E+3	12,000000E+0
897	108,000000E+0	0,000000E+0	3,435000E+0	43,684000E+3	12,000000E+0
898	109,000000E+0	0,000000E+0	3,435000E+0	43,704000E+3	12,000000E+0
899	109,000000E+0	0,000000E+0	3,664000E+0	43,725000E+3	12,000000E+0
900	109,000000E+0	0,000000E+0	3,664000E+0	43,746000E+3	12,000000E+0
901	109,000000E+0	0,000000E+0	3,435000E+0	43,765000E+3	12,000000E+0
902	111,000000E+0	0,000000E+0	3,435000E+0	43,785000E+3	12,000000E+0
903	110,000000E+0	0,000000E+0	3,664000E+0	43,806000E+3	12,000000E+0
904	107,000000E+0	0,000000E+0	3,664000E+0	43,826000E+3	12,000000E+0
905	107,000000E+0	0,000000E+0	3,435000E+0	43,846000E+3	12,000000E+0
906	110,000000E+0	0,000000E+0	3,435000E+0	43,865000E+3	12,000000E+0
907	112,000000E+0	0,000000E+0	3,435000E+0	43,885000E+3	12,000000E+0
908	109,000000E+0	0,000000E+0	3,664000E+0	43,906000E+3	12,000000E+0
909	107,000000E+0	0,000000E+0	3,664000E+0	43,927000E+3	12,000000E+0
910	109,000000E+0	0,000000E+0	3,435000E+0	43,946000E+3	12,000000E+0
911	112,000000E+0	0,000000E+0	3,435000E+0	43,966000E+3	12,000000E+0
912	110,000000E+0	0,000000E+0	3,664000E+0	43,988000E+3	12,000000E+0
913	107,000000E+0	0,000000E+0	3,664000E+0	44,009000E+3	12,000000E+0
914	107,000000E+0	0,000000E+0	3,435000E+0	44,029000E+3	12,000000E+0
915	112,000000E+0	0,000000E+0	3,435000E+0	44,048000E+3	12,000000E+0
916	112,000000E+0	0,000000E+0	3,664000E+0	44,070000E+3	12,000000E+0
917	108,000000E+0	0,000000E+0	3,664000E+0	44,091000E+3	12,000000E+0
918	107,000000E+0	0,000000E+0	3,664000E+0	44,110000E+3	12,000000E+0
919	110,000000E+0	0,000000E+0	3,435000E+0	44,129000E+3	12,000000E+0
920	113,000000E+0	0,000000E+0	3,435000E+0	44,150000E+3	12,000000E+0
921	109,000000E+0	0,000000E+0	3,664000E+0	44,170000E+3	12,000000E+0
922	107,000000E+0	0,000000E+0	3,664000E+0	44,192000E+3	12,000000E+0
923	108,000000E+0	0,000000E+0	3,435000E+0	44,212000E+3	12,000000E+0
924	112,000000E+0	0,000000E+0	3,435000E+0	44,232000E+3	12,000000E+0
925	111,000000E+0	0,000000E+0	3,664000E+0	44,252000E+3	12,000000E+0
926	109,000000E+0	0,000000E+0	3,664000E+0	44,272000E+3	12,000000E+0
927	109,000000E+0	0,000000E+0	3,664000E+0	44,293000E+3	12,000000E+0
928	110,000000E+0	0,000000E+0	3,435000E+0	44,312000E+3	12,000000E+0
929	110,000000E+0	0,000000E+0	3,435000E+0	44,333000E+3	12,000000E+0
930	110,000000E+0	0,000000E+0	3,435000E+0	44,353000E+3	12,000000E+0
931	108,000000E+0	0,000000E+0	3,664000E+0	44,374000E+3	12,000000E+0
932	108,000000E+0	0,000000E+0	3,435000E+0	44,393000E+3	12,000000E+0
933	110,000000E+0	0,000000E+0	3,435000E+0	44,413000E+3	12,000000E+0
934	110,000000E+0	0,000000E+0	3,435000E+0	44,433000E+3	12,000000E+0
935	109,000000E+0	0,000000E+0	3,664000E+0	44,455000E+3	12,000000E+0
936	108,000000E+0	0,000000E+0	3,664000E+0	44,475000E+3	12,000000E+0
937	109,000000E+0	0,000000E+0	3,435000E+0	44,495000E+3	12,000000E+0
938	110,000000E+0	0,000000E+0	3,435000E+0	44,515000E+3	12,000000E+0
939	108,000000E+0	0,000000E+0	3,664000E+0	44,536000E+3	12,000000E+0
940	107,000000E+0	0,000000E+0	3,664000E+0	44,561000E+3	12,000000E+0
941	110,000000E+0	0,000000E+0	3,435000E+0	44,585000E+3	12,000000E+0
942	110,000000E+0	0,000000E+0	3,664000E+0	44,611000E+3	12,000000E+0
943	109,000000E+0	0,000000E+0	3,664000E+0	44,631000E+3	12,000000E+0
944	107,000000E+0	0,000000E+0	3,664000E+0	44,651000E+3	12,000000E+0
945	109,000000E+0	0,000000E+0	3,435000E+0	44,671000E+3	12,000000E+0
946	109,000000E+0	0,000000E+0	3,664000E+0	44,691000E+3	12,000000E+0
947	108,000000E+0	0,000000E+0	3,664000E+0	44,711000E+3	12,000000E+0
948	108,000000E+0	0,000000E+0	3,664000E+0	44,731000E+3	12,000000E+0
949	108,000000E+0	0,000000E+0	3,435000E+0	44,751000E+3	12,000000E+0
950	108,000000E+0	0,000000E+0	3,435000E+0	44,771000E+3	12,000000E+0
951	108,000000E+0	0,000000E+0	3,664000E+0	44,791000E+3	12,000000E+0
952	108,000000E+0	0,000000E+0	3,664000E+0	44,812000E+3	12,000000E+0
953	108,000000E+0	0,000000E+0	3,435000E+0	44,831000E+3	12,000000E+0
954	109,000000E+0	0,000000E+0	3,435000E+0	44,851000E+3	12,000000E+0
955	109,000000E+0	0,000000E+0	3,664000E+0	44,870000E+3	12,000000E+0
956	108,000000E+0	0,000000E+0	3,664000E+0	44,891000E+3	12,000000E+0
957	107,000000E+0	0,000000E+0	3,664000E+0	44,911000E+3	12,000000E+0
958	108,000000E+0	0,000000E+0	3,435000E+0	44,931000E+3	12,000000E+0
959	109,000000E+0	0,000000E+0	3,435000E+0	44,951000E+3	12,000000E+0
960	107,000000E+0	0,000000E+0	3,664000E+0	44,971000E+3	12,000000E+0
961	106,000000E+0	0,000000E+0	3,435000E+0	44,991000E+3	12,000000E+0
962	107,000000E+0	0,000000E+0	3,435000E+0	45,010000E+3	12,000000E+0
963	109,000000E+0	0,000000E+0	3,435000E+0	45,031000E+3	12,000000E+0
964	108,000000E+0	0,000000E+0	3,664000E+0	45,051000E+3	12,000000E+0
965	106,000000E+0	0,000000E+0	3,664000E+0	45,070000E+3	12,000000E+0
966	106,000000E+0	0,000000E+0	3,664000E+0	45,089000E+3	12,000000E+0
967	109,000000E+0	0,000000E+0	3,435000E+0	45,109000E+3	12,000000E+0
968	109,000000E+0	0,000000E+0	3,664000E+0	45,128000E+3	12,000000E+0
969	106,000000E+0	0,000000E+0	3,664000E+0	45,149000E+3	12,000000E+0
970	107,000000E+0	0,000000E+0	3,664000E+0	45,168000E+3	12,000000E+0
971	107,000000E+0	0,000000E+0	3,435000E+0	45,187000E+3	12,000000E+0
972	110,000000E+0	0,000000E+0	3,435000E+0	45,206000E+3	12,000000E+0
973	109,000000E+0	0,000000E+0	3,664000E+0	45,229000E+3	12,000000E+0
974	107,000000E+0	0,000000E+0	3,664000E+0	45,249000E+3	12,000000E+0
975	107,000000E+0	0,000000E+0	3,435000E+0	45,269000E+3	12,000000E+0
976	108,000000E+0	0,000000E+0	3,435000E+0	45,288000E+3	12,000000E+0
977	108,000000E+0	0,000000E+0	3,664000E+0	45,308000E+3	12,000000E+0
978	108,000000E+0	0,000000E+0	3,435000E+0	45,328000E+3	12,000000E+0
979	108,000000E+0	0,000000E+0	3,664000E+0	45,348000E+3	12,000000E+0
980	108,000000E+0	0,000000E+0	3,435000E+0	45,368000E+3	12,000000E+0
981	108,000000E+0	0,000000E+0	3,435000E+0	45,388000E+3	12,000000E+0
982	108,000000E+0	0,000000E+0	3,435000E+0	45,408000E+3	12,000000E+0
983	107,000000E+0	0,000000E+0	3,664000E+0	45,427000E+3	12,000000E+0
984	108,000000E+0	0,000000E+0	3,664000E+0	45,447000E+3	12,000000E+0
985	108,000000E+0	0,000000E+0	3,435000E+0	45,467000E+3	12,000000E+0
986	108,000000E+0	0,000000E+0	3,435000E+0	45,486000E+3	12,000000E+0
987	108,000000E+0	0,000000E+0	3,664000E+0	45,506000E+3	12,000000E+0
988	108,000000E+0	0,000000E+0	3,435000E+0	45,526000E+3	12,000000E+0
989	108,000000E+0	0,000000E+0	3,435000E+0	45,547000E+3	12,000000E+0
990	109,000000E+0	0,000000E+0	3,435000E+0	45,567000E+3	12,000000E+0
991	109,000000E+0	0,000000E+0	3,435000E+0	45,587000E+3	12,000000E+0
992	108,000000E+0	0,000000E+0	3,664000E+0	45,607000E+3	12,000000E+0
993	108,000000E+0	0,000000E+0	3,435000E+0	45,627000E+3	12,000000E+0
994	109,000000E+0	0,000000E+0	3,435000E+0	45,647000E+3	12,000000E+0
995	110,000000E+0	0,000000E+0	3,435000E+0	45,668000E+3	12,000000E+0
996	109,000000E+0	0,000000E+0	3,435000E+0	45,688000E+3	12,000000E+0
997	109,000000E+0	0,000000E+0	3,435000E+0	45,708000E+3	12,000000E+0
998	110,000000E+0	0,000000E+0	3,435000E+0	45,727000E+3	12,000000E+0
999	110,000000E+0	0,000000E+0	3,435000E+0	45,748000E+3	12,000000E+0
1000	110,000000E+0	0,000000E+0	3,664000E+0	45,767000E+3	12,000000E+0
1001	110,000000E+0	0,000000E+0	3,435000E+0	45,788000E+3	12,000000E+0
1002	110,000000E+0	0,000000E+0	3,664000E+0	45,807000E+3	12,000000E+0
1003	110,000000E+0	0,000000E+0	3,664000E+0	45,827000E+3	12,000000E+0
1004	110,000000E+0	0,000000E+0	3,664000E+0	45,848000E+3	12,000000E+0
1005	110,000000E+0	0,000000E+0	3,664000E+0	45,869000E+3	12,000000E+0
1006	110,000000E+0	0,000000E+0	3,664000E+0	45,889000E+3	12,000000E+0
1007	110,000000E+0	0,000000E+0	3,664000E+0	45,909000E+3	12,000000E+0
1008	110,000000E+0	0,000000E+0	3,435000E+0	45,929000E+3	12,000000E+0
1009	110,000000E+0	0,000000E+0	3,435000E+0	45,949000E+3	12,000000E+0
1010	110,000000E+0	0,000000E+0	3,664000E+0	45,970000E+3	12,000000E+0
1011	110,000000E+0	0,000000E+0	3,435000E+0	45,991000E+3	12,000000E+0
1012	110,000000E+0	0,000000E+0	3,435000E+0	46,011000E+3	12,000000E+0
1013	110,000000E+0	0,000000E+0	3,435000E+0	46,031000E+3	12,000000E+0
1014	110,000000E+0	0,000000E+0	3,435000E+0	46,051000E+3	12,000000E+0
1015	110,000000E+0	0,000000E+0	3,664000E+0	46,071000E+3	12,000000E+0
1016	110,000000E+0	0,000000E+0	3,664000E+0	46,092000E+3	12,000000E+0
1017	110,000000E+0	0,000000E+0	3,664000E+0	46,113000E+3	12,000000E+0
1018	108,000000E+0	0,000000E+0	3,664000E+0	46,133000E+3	12,000000E+0
1019	109,000000E+0	0,000000E+0	3,664000E+0	46,153000E+3	12,000000E+0
1020	109,000000E+0	0,000000E+0	3,664000E+0	46,173000E+3	12,000000E+0
1021	109,000000E+0	0,000000E+0	3,664000E+0	46,194000E+3	12,000000E+0
1022	109,000000E+0	0,000000E+0	3,435000E+0	46,214000E+3	12,000000E+0
1023	109,000000E+0	0,000000E+0	3,664000E+0	46,235000E+3	12,000000E+0
1024	109,000000E+0	0,000000E+0	3,664000E+0	46,254000E+3	12,000000E+0
1025	110,000000E+0	0,000000E+0	3,435000E+0	46,274000E+3	12,000000E+0
1026	109,000000E+0	0,000000E+0	3,664000E+0	46,294000E+3	12,000000E+0
1027	109,000000E+0	0,000000E+0	3,435000E+0	46,316000E+3	12,000000E+0
1028	109,000000E+0	0,000000E+0	3,435000E+0	46,335000E+3	12,000000E+0
1029	110,000000E+0	0,000000E+0	3,435000E+0	46,355000E+3	12,000000E+0
1030	110,000000E+0	0,000000E+0	3,435000E+0	46,375000E+3	12,000000E+0
1031	110,000000E+0	0,000000E+0	3,664000E+0	46,396000E+3	12,000000E+0
1032	109,000000E+0	0,000000E+0	3,664000E+0	46,417000E+3	12,000000E+0
1033	109,000000E+0	0,000000E+0	3,664000E+0	46,437000E+3	12,000000E+0
1034	109,000000E+0	0,000000E+0	3,435000E+0	46,457000E+3	12,000000E+0
1035	108,000000E+0	0,000000E+0	3,664000E+0	46,477000E+3	12,000000E+0
1036	108,000000E+0	0,000000E+0	3,664000E+0	46,497000E+3	12,000000E+0
1037	108,000000E+0	0,000000E+0	3,664000E+0	46,517000E+3	12,000000E+0
1038	109,000000E+0	0,000000E+0	3,435000E+0	46,537000E+3	12,000000E+0
1039	109,000000E+0	0,000000E+0	3,664000E+0	46,557000E+3	12,000000E+0
1040	108,000000E+0	0,000000E+0	3,664000E+0	46,577000E+3	12,000000E+0
1041	108,000000E+0	0,000000E+0	3,664000E+0	46,598000E+3	12,000000E+0
1042	107,000000E+0	0,000000E+0	3,435000E+0	46,617000E+3	12,000000E+0
1043	108,000000E+0	0,000000E+0	3,435000E+0	46,636000E+3	12,000000E+0
1044	108,000000E+0	0,000000E+0	3,435000E+0	46,657000E+3	12,000000E+0
1045	107,000000E+0	0,000000E+0	3,664000E+0	46,677000E+3	12,000000E+0
1046	107,000000E+0	0,000000E+0	3,664000E+0	46,697000E+3	12,000000E+0
1047	109,000000E+0	0,000000E+0	3,435000E+0	46,717000E+3	12,000000E+0
1048	107,000000E+0	0,000000E+0	3,664000E+0	46,737000E+3	12,000000E+0
1049	108,000000E+0	0,000000E+0	3,435000E+0	46,757000E+3	12,000000E+0
1050	107,000000E+0	0,000000E+0	3,664000E+0	46,777000E+3	12,000000E+0
1051	106,000000E+0	0,000000E+0	3,664000E+0	46,797000E+3	12,000000E+0
1052	107,000000E+0	0,000000E+0	3,435000E+0	46,816000E+3	12,000000E+0
1053	107,000000E+0	0,000000E+0	3,664000E+0	46,835000E+3	12,000000E+0
1054	107,000000E+0	0,000000E+0	3,664000E+0	46,855000E+3	12,000000E+0
1055	107,000000E+0	0,000000E+0	3,664000E+0	46,875000E+3	12,000000E+0
1056	107,000000E+0	0,000000E+0	3,435000E+0	46,895000E+3	12,000000E+0
1057	107,000000E+0	0,000000E+0	3,664000E+0	46,915000E+3	12,000000E+0
1058	107,000000E+0	0,000000E+0	3,435000E+0	46,935000E+3	12,000000E+0
1059	106,000000E+0	0,000000E+0	3,664000E+0	46,955000E+3	12,000000E+0
1060	106,000000E+0	0,000000E+0	3,664000E+0	46,975000E+3	12,000000E+0
1061	107,000000E+0	0,000000E+0	3,435000E+0	46,994000E+3	12,000000E+0
1062	107,000000E+0	0,000000E+0	3,664000E+0	47,013000E+3	12,000000E+0
1063	106,000000E+0	0,000000E+0	3,664000E+0	47,034000E+3	12,000000E+0
1064	106,000000E+0	0,000000E+0	3,435000E+0	47,054000E+3	12,000000E+0
1065	106,000000E+0	0,000000E+0	3,435000E+0	47,073000E+3	12,000000E+0
1066	106,000000E+0	0,000000E+0	3,435000E+0	47,092000E+3	12,000000E+0
1067	106,000000E+0	0,000000E+0	3,435000E+0	47,112000E+3	12,000000E+0
1068	105,000000E+0	0,000000E+0	3,664000E+0	47,133000E+3	12,000000E+0
1069	106,000000E+0	0,000000E+0	3,435000E+0	47,151000E+3	12,000000E+0
1070	107,000000E+0	0,000000E+0	3,664000E+0	47,171000E+3	12,000000E+0
1071	105,000000E+0	0,000000E+0	3,664000E+0	47,191000E+3	12,000000E+0
1072	105,000000E+0	0,000000E+0	3,664000E+0	47,211000E+3	12,000000E+0
1073	105,000000E+0	0,000000E+0	3,664000E+0	47,230000E+3	12,000000E+0
1074	107,000000E+0	0,000000E+0	3,435000E+0	47,249000E+3	12,000000E+0
1075	108,000000E+0	0,000000E+0	3,435000E+0	47,269000E+3	12,000000E+0
1076	107,000000E+0	0,000000E+0	3,664000E+0	47,289000E+3	12,000000E+0
1077	105,000000E+0	0,000000E+0	3,664000E+0	47,310000E+3	12,000000E+0
1078	106,000000E+0	0,000000E+0	3,435000E+0	47,328000E+3	12,000000E+0
1079	108,000000E+0	0,000000E+0	3,435000E+0	47,348000E+3	12,000000E+0
1080	108,000000E+0	0,000000E+0	3,664000E+0	47,369000E+3	12,000000E+0
1081	105,000000E+0	0,000000E+0	3,664000E+0	47,389000E+3	12,000000E+0
1082	105,000000E+0	0,000000E+0	3,435000E+0	47,408000E+3	12,000000E+0
1083	109,000000E+0	0,000000E+0	3,435000E+0	47,428000E+3	12,000000E+0
1084	108,000000E+0	0,000000E+0	3,664000E+0	47,447000E+3	12,000000E+0
1085	108,000000E+0	0,000000E+0	3,664000E+0	47,467000E+3	12,000000E+0
1086	107,000000E+0	0,000000E+0	3,664000E+0	47,486000E+3	12,000000E+0
1087	106,000000E+0	0,000000E+0	3,435000E+0	47,506000E+3	12,000000E+0
1088	107,000000E+0	0,000000E+0	3,435000E+0	47,526000E+3	12,000000E+0
1089	107,000000E+0	0,000000E+0	3,435000E+0	47,546000E+3	12,000000E+0
1090	107,000000E+0	0,000000E+0	3,664000E+0	47,566000E+3	12,000000E+0
1091	106,000000E+0	0,000000E+0	3,664000E+0	47,585000E+3	12,000000E+0
1092	107,000000E+0	0,000000E+0	3,435000E+0	47,605000E+3	12,000000E+0
1093	108,000000E+0	0,000000E+0	3,435000E+0	47,625000E+3	12,000000E+0
1094	108,000000E+0	0,000000E+0	3,664000E+0	47,645000E+3	12,000000E+0
1095	108,000000E+0	0,000000E+0	3,435000E+0	47,666000E+3	12,000000E+0
1096	108,000000E+0	0,000000E+0	3,435000E+0	47,686000E+3	12,000000E+0
1097	108,000000E+0	0,000000E+0	3,435000E+0	47,706000E+3	12,000000E+0
1098	108,000000E+0	0,000000E+0	3,435000E+0	47,726000E+3	12,000000E+0
1099	108,000000E+0	0,000000E+0	3,435000E+0	47,747000E+3	12,000000E+0
1100	107,000000E+0	0,000000E+0	3,435000E+0	47,767000E+3	12,000000E+0
1101	109,000000E+0	0,000000E+0	3,435000E+0	47,787000E+3	12,000000E+0
1102	109,000000E+0	0,000000E+0	3,435000E+0	47,807000E+3	12,000000E+0
1103	109,000000E+0	0,000000E+0	3,435000E+0	47,827000E+3	12,000000E+0
1104	109,000000E+0	0,000000E+0	3,664000E+0	47,848000E+3	12,000000E+0
1105	108,000000E+0	0,000000E+0	3,664000E+0	47,867000E+3	12,000000E+0
1106	110,000000E+0	0,000000E+0	3,435000E+0	47,887000E+3	12,000000E+0
1107	110,000000E+0	0,000000E+0	3,664000E+0	47,907000E+3	12,000000E+0
1108	110,000000E+0	0,000000E+0	3,664000E+0	47,928000E+3	12,000000E+0
1109	109,000000E+0	0,000000E+0	3,435000E+0	47,948000E+3	12,000000E+0
1110	111,000000E+0	0,000000E+0	3,435000E+0	47,967000E+3	12,000000E+0
1111	111,000000E+0	0,000000E+0	3,664000E+0	47,987000E+3	12,000000E+0
1112	110,000000E+0	0,000000E+0	3,664000E+0	48,008000E+3	12,000000E+0
1113	108,000000E+0	0,000000E+0	3,664000E+0	48,028000E+3	12,000000E+0
1114	109,000000E+0	0,000000E+0	3,435000E+0	48,048000E+3	12,000000E+0
1115	111,000000E+0	0,000000E+0	3,435000E+0	48,069000E+3	12,000000E+0
1116	109,000000E+0	0,000000E+0	3,664000E+0	48,090000E+3	12,000000E+0
1117	108,000000E+0	0,000000E+0	3,664000E+0	48,110000E+3	12,000000E+0
1118	108,000000E+0	0,000000E+0	3,435000E+0	48,131000E+3	12,000000E+0
1119	112,000000E+0	0,000000E+0	3,435000E+0	48,150000E+3	12,000000E+0
1120	110,000000E+0	0,000000E+0	3,664000E+0	48,172000E+3	12,000000E+0
1121	107,000000E+0	0,000000E+0	3,664000E+0	48,193000E+3	12,000000E+0
1122	107,000000E+0	0,000000E+0	3,664000E+0	48,212000E+3	12,000000E+0
1123	111,000000E+0	0,000000E+0	3,435000E+0	48,232000E+3	12,000000E+0
1124	112,000000E+0	0,000000E+0	3,435000E+0	48,252000E+3	12,000000E+0
1125	107,000000E+0	0,000000E+0	3,664000E+0	48,274000E+3	12,000000E+0
1126	108,000000E+0	0,000000E+0	3,664000E+0	48,294000E+3	12,000000E+0
1127	110,000000E+0	0,000000E+0	3,435000E+0	48,314000E+3	12,000000E+0
1128	113,000000E+0	0,000000E+0	3,435000E+0	48,333000E+3	12,000000E+0
1129	109,000000E+0	0,000000E+0	3,664000E+0	48,355000E+3	12,000000E+0
1130	108,000000E+0	0,000000E+0	3,664000E+0	48,375000E+3	12,000000E+0
1131	109,000000E+0	0,000000E+0	3,435000E+0	48,395000E+3	12,000000E+0
1132	112,000000E+0	0,000000E+0	3,435000E+0	48,414000E+3	12,000000E+0
1133	110,000000E+0	0,000000E+0	3,664000E+0	48,435000E+3	12,000000E+0
1134	109,000000E+0	0,000000E+0	3,664000E+0	48,456000E+3	12,000000E+0
1135	108,000000E+0	0,000000E+0	3,435000E+0	48,476000E+3	12,000000E+0
1136	110,000000E+0	0,000000E+0	3,435000E+0	48,495000E+3	12,000000E+0
1137	111,000000E+0	0,000000E+0	3,435000E+0	48,516000E+3	12,000000E+0
1138	109,000000E+0	0,000000E+0	3,664000E+0	48,536000E+3	12,000000E+0
1139	108,000000E+0	0,000000E+0	3,664000E+0	48,557000E+3	12,000000E+0
1140	108,000000E+0	0,000000E+0	3,435000E+0	48,577000E+3	12,000000E+0
1141	110,000000E+0	0,000000E+0	3,435000E+0	48,597000E+3	12,000000E+0
1142	110,000000E+0	0,000000E+0	3,664000E+0	48,619000E+3	12,000000E+0
1143	107,000000E+0	0,000000E+0	3,664000E+0	48,639000E+3	12,000000E+0
1144	107,000000E+0	0,000000E+0	3,664000E+0	48,659000E+3	12,000000E+0
1145	110,000000E+0	0,000000E+0	3,435000E+0	48,678000E+3	12,000000E+0
1146	110,000000E+0	0,000000E+0	3,435000E+0	48,698000E+3	12,000000E+0
1147	108,000000E+0	0,000000E+0	3,664000E+0	48,719000E+3	12,000000E+0
1148	107,000000E+0	0,000000E+0	3,664000E+0	48,739000E+3	12,000000E+0
1149	109,000000E+0	0,000000E+0	3,435000E+0	48,759000E+3	12,000000E+0
1150	109,000000E+0	0,000000E+0	3,435000E+0	48,778000E+3	12,000000E+0
1151	109,000000E+0	0,000000E+0	3,664000E+0	48,798000E+3	12,000000E+0
1152	108,000000E+0	0,000000E+0	3,664000E+0	48,819000E+3	12,000000E+0
1153	107,000000E+0	0,000000E+0	3,664000E+0	48,839000E+3	12,000000E+0
1154	109,000000E+0	0,000000E+0	3,435000E+0	48,859000E+3	12,000000E+0
1155	108,000000E+0	0,000000E+0	3,664000E+0	48,879000E+3	12,000000E+0
1156	107,000000E+0	0,000000E+0	3,664000E+0	48,899000E+3	12,000000E+0
1157	107,000000E+0	0,000000E+0	3,664000E+0	48,919000E+3	12,000000E+0
1158	107,000000E+0	0,000000E+0	3,435000E+0	48,938000E+3	12,000000E+0
1159	108,000000E+0	0,000000E+0	3,435000E+0	48,958000E+3	12,000000E+0
1160	108,000000E+0	0,000000E+0	3,664000E+0	48,978000E+3	12,000000E+0
1161	106,000000E+0	0,000000E+0	3,664000E+0	48,999000E+3	12,000000E+0
1162	107,000000E+0	0,000000E+0	3,435000E+0	49,018000E+3	12,000000E+0
1163	109,000000E+0	0,000000E+0	3,435000E+0	49,038000E+3	12,000000E+0
1164	108,000000E+0	0,000000E+0	3,664000E+0	49,059000E+3	12,000000E+0
1165	108,000000E+0	0,000000E+0	3,435000E+0	49,078000E+3	12,000000E+0
1166	108,000000E+0	0,000000E+0	3,664000E+0	49,099000E+3	12,000000E+0
1167	109,000000E+0	0,000000E+0	3,435000E+0	49,118000E+3	12,000000E+0
1168	109,000000E+0	0,000000E+0	3,664000E+0	49,139000E+3	12,000000E+0
1169	106,000000E+0	0,000000E+0	3,664000E+0	49,159000E+3	12,000000E+0
1170	106,000000E+0	0,000000E+0	3,664000E+0	49,178000E+3	12,000000E+0
1171	107,000000E+0	0,000000E+0	3,435000E+0	49,196000E+3	12,000000E+0
1172	109,000000E+0	0,000000E+0	3,435000E+0	49,216000E+3	12,000000E+0
1173	107,000000E+0	0,000000E+0	3,664000E+0	49,236000E+3	12,000000E+0
1174	107,000000E+0	0,000000E+0	3,664000E+0	49,255000E+3	12,000000E+0
1175	107,000000E+0	0,000000E+0	3,435000E+0	49,275000E+3	12,000000E+0
1176	109,000000E+0	0,000000E+0	3,435000E+0	49,294000E+3	12,000000E+0
1177	109,000000E+0	0,000000E+0	3,664000E+0	49,316000E+3	12,000000E+0
1178	107,000000E+0	0,000000E+0	3,664000E+0	49,336000E+3	12,000000E+0
1179	106,000000E+0	0,000000E+0	3,664000E+0	49,357000E+3	12,000000E+0
1180	108,000000E+0	0,000000E+0	3,435000E+0	49,376000E+3	12,000000E+0
1181	110,000000E+0	0,000000E+0	3,435000E+0	49,395000E+3	12,000000E+0
1182	107,000000E+0	0,000000E+0	3,664000E+0	49,415000E+3	12,000000E+0
1183	106,000000E+0	0,000000E+0	3,664000E+0	49,435000E+3	12,000000E+0
1184	107,000000E+0	0,000000E+0	3,435000E+0	49,455000E+3	12,000000E+0
1185	110,000000E+0	0,000000E+0	3,435000E+0	49,474000E+3	12,000000E+0
1186	110,000000E+0	0,000000E+0	3,664000E+0	49,495000E+3	12,000000E+0
1187	108,000000E+0	0,000000E+0	3,664000E+0	49,514000E+3	12,000000E+0
1188	107,000000E+0	0,000000E+0	3,664000E+0	49,534000E+3	12,000000E+0
1189	109,000000E+0	0,000000E+0	3,435000E+0	49,554000E+3	12,000000E+0
1190	110,000000E+0	0,000000E+0	3,664000E+0	49,573000E+3	12,000000E+0
1191	109,000000E+0	0,000000E+0	3,664000E+0	49,593000E+3	12,000000E+0
1192	109,000000E+0	0,000000E+0	3,664000E+0	49,613000E+3	12,000000E+0
1193	109,000000E+0	0,000000E+0	3,435000E+0	49,634000E+3	12,000000E+0
1194	110,000000E+0	0,000000E+0	3,435000E+0	49,654000E+3	12,000000E+0
1195	110,000000E+0	0,000000E+0	3,664000E+0	49,674000E+3	12,000000E+0
1196	110,000000E+0	0,000000E+0	3,664000E+0	49,695000E+3	12,000000E+0
1197	108,000000E+0	0,000000E+0	3,664000E+0	49,715000E+3	12,000000E+0
1198	108,000000E+0	0,000000E+0	3,435000E+0	49,735000E+3	12,000000E+0
1199	108,000000E+0	0,000000E+0	3,664000E+0	49,755000E+3	12,000000E+0
1200	109,000000E+0	0,000000E+0	3,435000E+0	49,775000E+3	12,000000E+0
1201	109,000000E+0	0,000000E+0	3,435000E+0	49,796000E+3	12,000000E+0
1202	108,000000E+0	0,000000E+0	3,664000E+0	49,816000E+3	12,000000E+0
1203	110,000000E+0	0,000000E+0	3,435000E+0	49,836000E+3	12,000000E+0
1204	110,000000E+0	0,000000E+0	3,435000E+0	49,855000E+3	12,000000E+0
1205	110,000000E+0	0,000000E+0	3,664000E+0	49,876000E+3	12,000000E+0
1206	109,000000E+0	0,000000E+0	3,664000E+0	49,895000E+3	12,000000E+0
1207	109,000000E+0	0,000000E+0	3,435000E+0	49,916000E+3	12,000000E+0
1208	110,000000E+0	0,000000E+0	3,435000E+0	49,936000E+3	12,000000E+0
1209	110,000000E+0	0,000000E+0	3,664000E+0	49,957000E+3	12,000000E+0
1210	110,000000E+0	0,000000E+0	3,435000E+0	49,977000E+3	12,000000E+0
1211	110,000000E+0	0,000000E+0	3,664000E+0	49,997000E+3	12,000000E+0
1212	110,000000E+0	0,000000E+0	3,435000E+0	50,016000E+3	12,000000E+0
1213	110,000000E+0	0,000000E+0	3,435000E+0	50,037000E+3	12,000000E+0
1214	110,000000E+0	0,000000E+0	3,435000E+0	50,057000E+3	12,000000E+0
1215	110,000000E+0	0,000000E+0	3,664000E+0	50,078000E+3	12,000000E+0
1216	111,000000E+0	0,000000E+0	3,435000E+0	50,099000E+3	12,000000E+0
1217	111,000000E+0	0,000000E+0	3,664000E+0	50,119000E+3	12,000000E+0
1218	111,000000E+0	0,000000E+0	3,664000E+0	50,139000E+3	12,000000E+0
1219	110,000000E+0	0,000000E+0	3,664000E+0	50,159000E+3	12,000000E+0
1220	110,000000E+0	0,000000E+0	3,435000E+0	50,179000E+3	12,000000E+0
1221	110,000000E+0	0,000000E+0	3,435000E+0	50,199000E+3	12,000000E+0
1222	110,000000E+0	0,000000E+0	3,664000E+0	50,220000E+3	12,000000E+0
1223	110,000000E+0	0,000000E+0	3,664000E+0	50,241000E+3	12,000000E+0
1224	110,000000E+0	0,000000E+0	3,664000E+0	50,261000E+3	12,000000E+0
1225	110,000000E+0	0,000000E+0	3,664000E+0	50,282000E+3	12,000000E+0
1226	109,000000E+0	0,000000E+0	3,664000E+0	50,302000E+3	12,000000E+0
1227	109,000000E+0	0,000000E+0	3,664000E+0	50,322000E+3	12,000000E+0
1228	109,000000E+0	0,000000E+0	3,664000E+0	50,342000E+3	12,000000E+0
1229	109,000000E+0	0,000000E+0	3,435000E+0	50,362000E+3	12,000000E+0
1230	109,000000E+0	0,000000E+0	3,435000E+0	50,382000E+3	12,000000E+0
1231	109,000000E+0	0,000000E+0	3,664000E+0	50,403000E+3	12,000000E+0
1232	109,000000E+0	0,000000E+0	3,664000E+0	50,423000E+3	12,000000E+0
1233	109,000000E+0	0,000000E+0	3,435000E+0	50,443000E+3	12,000000E+0
1234	110,000000E+0	0,000000E+0	3,435000E+0	50,464000E+3	12,000000E+0
1235	109,000000E+0	0,000000E+0	3,664000E+0	50,483000E+3	12,000000E+0
1236	109,000000E+0	0,000000E+0	3,664000E+0	50,504000E+3	12,000000E+0
1237	109,000000E+0	0,000000E+0	3,664000E+0	50,524000E+3	12,000000E+0
1238	110,000000E+0	0,000000E+0	3,435000E+0	50,545000E+3	12,000000E+0
1239	108,000000E+0	0,000000E+0	3,664000E+0	50,565000E+3	12,000000E+0
1240	109,000000E+0	0,000000E+0	3,435000E+0	50,585000E+3	12,000000E+0
1241	107,000000E+0	0,000000E+0	3,664000E+0	50,605000E+3	12,000000E+0
1242	109,000000E+0	0,000000E+0	3,435000E+0	50,624000E+3	12,000000E+0
1243	110,000000E+0	0,000000E+0	3,435000E+0	50,645000E+3	12,000000E+0
1244	109,000000E+0	0,000000E+0	3,664000E+0	50,665000E+3	12,000000E+0
1245	109,000000E+0	0,000000E+0	3,664000E+0	50,686000E+3	12,000000E+0
1246	108,000000E+0	0,000000E+0	3,664000E+0	50,705000E+3	12,000000E+0
1247	109,000000E+0	0,000000E+0	3,435000E+0	50,724000E+3	12,000000E+0
1248	108,000000E+0	0,000000E+0	3,664000E+0	50,744000E+3	12,000000E+0
1249	108,000000E+0	0,000000E+0	3,664000E+0	50,765000E+3	12,000000E+0
1250	107,000000E+0	0,000000E+0	3,664000E+0	50,785000E+3	12,000000E+0
1251	107,000000E+0	0,000000E+0	3,435000E+0	50,805000E+3	12,000000E+0
1252	107,000000E+0	0,000000E+0	3,664000E+0	50,825000E+3	12,000000E+0
