vendredi 12 janvier 2024	12:15:41	Sampling Period : 40  ms		
Unities: time [sample], PWM [raw], Current [mA], velocity [rev/min], Position [pulse], Present Input Voltage [V]

t	DXL_PWM		DXL_Current		DXL_Velocity		DXL_Position		DXL_Input_Voltage
0	65,528000E+3	176,289150E+3	0,000000E+0	1,057000E+3	12,000000E+0
1	65,170000E+3	45,730000E+0	-5,954000E+0	1,001000E+3	11,900000E+0
2	65,212000E+3	72,630000E+0	-6,641000E+0	898,000000E+0	11,900000E+0
3	65,205000E+3	43,040000E+0	-6,641000E+0	803,000000E+0	11,900000E+0
4	65,205000E+3	5,380000E+0	-5,954000E+0	710,000000E+0	11,900000E+0
5	65,226000E+3	18,830000E+0	-6,183000E+0	619,000000E+0	11,900000E+0
6	65,219000E+3	176,281080E+3	-5,496000E+0	534,000000E+0	11,900000E+0
7	65,233000E+3	176,289150E+3	-5,267000E+0	452,000000E+0	11,900000E+0
8	65,240000E+3	176,264940E+3	-4,809000E+0	378,000000E+0	11,900000E+0
9	65,268000E+3	176,281080E+3	-4,351000E+0	309,000000E+0	11,900000E+0
10	65,275000E+3	176,248800E+3	-3,435000E+0	249,000000E+0	11,900000E+0
11	65,311000E+3	176,254180E+3	-3,206000E+0	193,000000E+0	11,900000E+0
12	65,332000E+3	176,248800E+3	-2,748000E+0	147,000000E+0	11,900000E+0
13	65,367000E+3	176,224590E+3	-1,832000E+0	112,000000E+0	11,900000E+0
14	65,381000E+3	176,213830E+3	-1,145000E+0	84,000000E+0	11,900000E+0
15	65,423000E+3	176,211140E+3	-687,000000E-3	66,000000E+0	11,900000E+0
16	65,451000E+3	176,170790E+3	0,000000E+0	58,000000E+0	11,900000E+0
17	65,500000E+3	176,235350E+3	0,000000E+0	58,000000E+0	11,900000E+0
18	21,000000E+0	176,235350E+3	687,000000E-3	65,000000E+0	11,900000E+0
19	63,000000E+0	176,216520E+3	1,374000E+0	86,000000E+0	11,900000E+0
20	84,000000E+0	176,200380E+3	1,832000E+0	118,000000E+0	11,900000E+0
21	112,000000E+0	176,200380E+3	2,519000E+0	158,000000E+0	11,900000E+0
22	140,000000E+0	176,189620E+3	2,977000E+0	206,000000E+0	11,900000E+0
23	161,000000E+0	176,181550E+3	3,435000E+0	263,000000E+0	11,900000E+0
24	189,000000E+0	176,157340E+3	3,893000E+0	329,000000E+0	11,900000E+0
25	210,000000E+0	176,157340E+3	4,351000E+0	401,000000E+0	11,900000E+0
26	232,000000E+0	176,149270E+3	4,809000E+0	477,000000E+0	11,900000E+0
27	246,000000E+0	176,143890E+3	5,496000E+0	562,000000E+0	11,900000E+0
28	274,000000E+0	176,151960E+3	5,725000E+0	650,000000E+0	11,900000E+0
29	281,000000E+0	176,143890E+3	5,954000E+0	743,000000E+0	11,900000E+0
30	288,000000E+0	176,162720E+3	6,183000E+0	837,000000E+0	11,900000E+0
31	302,000000E+0	176,157340E+3	6,870000E+0	933,000000E+0	11,900000E+0
32	309,000000E+0	176,181550E+3	6,641000E+0	1,029000E+3	11,900000E+0
33	316,000000E+0	176,189620E+3	6,641000E+0	1,126000E+3	11,900000E+0
34	316,000000E+0	176,197690E+3	6,870000E+0	1,223000E+3	11,900000E+0
35	330,000000E+0	176,221900E+3	6,183000E+0	1,315000E+3	11,900000E+0
36	316,000000E+0	176,227280E+3	6,183000E+0	1,407000E+3	11,900000E+0
37	316,000000E+0	176,248800E+3	5,496000E+0	1,494000E+3	11,900000E+0
38	295,000000E+0	176,256870E+3	5,496000E+0	1,576000E+3	11,900000E+0
39	295,000000E+0	176,267630E+3	5,038000E+0	1,653000E+3	11,900000E+0
40	281,000000E+0	0,000000E+0	4,351000E+0	1,722000E+3	11,900000E+0
41	267,000000E+0	2,690000E+0	3,893000E+0	1,787000E+3	11,900000E+0
42	239,000000E+0	13,450000E+0	3,206000E+0	1,841000E+3	11,900000E+0
43	210,000000E+0	16,140000E+0	2,748000E+0	1,888000E+3	11,900000E+0
44	182,000000E+0	40,350000E+0	2,290000E+0	1,929000E+3	11,900000E+0
45	154,000000E+0	56,490000E+0	1,603000E+0	1,957000E+3	11,900000E+0
46	126,000000E+0	72,630000E+0	916,000000E-3	1,977000E+3	11,900000E+0
47	91,000000E+0	88,770000E+0	229,000000E-3	1,988000E+3	11,900000E+0
48	49,000000E+0	61,870000E+0	0,000000E+0	1,990000E+3	11,900000E+0
49	65,528000E+3	21,520000E+0	-458,000000E-3	1,985000E+3	11,900000E+0
50	65,486000E+3	64,560000E+0	-1,374000E+0	1,968000E+3	12,000000E+0
51	65,458000E+3	78,010000E+0	-2,061000E+0	1,938000E+3	11,900000E+0
52	65,430000E+3	78,010000E+0	-2,290000E+0	1,901000E+3	11,900000E+0
53	65,409000E+3	94,150000E+0	-2,977000E+0	1,853000E+3	11,900000E+0
54	65,367000E+3	102,220000E+0	-3,206000E+0	1,799000E+3	11,900000E+0
55	65,360000E+3	115,670000E+0	-3,893000E+0	1,735000E+3	11,900000E+0
56	65,332000E+3	131,810000E+0	-4,809000E+0	1,665000E+3	11,900000E+0
57	65,303000E+3	134,500000E+0	-4,809000E+0	1,590000E+3	11,900000E+0
58	65,275000E+3	123,740000E+0	-5,038000E+0	1,508000E+3	11,900000E+0
59	65,282000E+3	139,880000E+0	-6,183000E+0	1,419000E+3	11,900000E+0
60	65,247000E+3	131,810000E+0	-5,954000E+0	1,330000E+3	11,900000E+0
61	65,233000E+3	121,050000E+0	-6,183000E+0	1,236000E+3	11,900000E+0
62	65,219000E+3	107,600000E+0	-6,641000E+0	1,140000E+3	11,900000E+0
63	65,219000E+3	86,080000E+0	-6,641000E+0	1,044000E+3	11,900000E+0
64	65,212000E+3	69,940000E+0	-6,870000E+0	945,000000E+0	11,900000E+0
65	65,198000E+3	59,180000E+0	-6,183000E+0	851,000000E+0	11,900000E+0
66	65,205000E+3	48,420000E+0	-6,412000E+0	758,000000E+0	11,900000E+0
67	65,205000E+3	13,450000E+0	-6,183000E+0	665,000000E+0	11,900000E+0
68	65,219000E+3	8,070000E+0	-5,954000E+0	577,000000E+0	11,900000E+0
69	65,219000E+3	0,000000E+0	-5,267000E+0	494,000000E+0	11,900000E+0
70	65,226000E+3	0,000000E+0	-4,809000E+0	416,000000E+0	11,900000E+0
71	65,254000E+3	176,275700E+3	-4,580000E+0	343,000000E+0	11,900000E+0
72	65,282000E+3	176,270320E+3	-4,122000E+0	276,000000E+0	11,900000E+0
73	65,296000E+3	176,262250E+3	-3,206000E+0	218,000000E+0	11,900000E+0
74	65,318000E+3	176,256870E+3	-2,748000E+0	170,000000E+0	11,900000E+0
75	65,346000E+3	176,248800E+3	-2,290000E+0	128,000000E+0	11,900000E+0
76	65,374000E+3	176,227280E+3	-1,603000E+0	97,000000E+0	11,900000E+0
77	65,402000E+3	176,221900E+3	-1,145000E+0	74,000000E+0	11,900000E+0
78	65,437000E+3	176,195000E+3	-229,000000E-3	61,000000E+0	11,900000E+0
79	65,472000E+3	176,203070E+3	0,000000E+0	57,000000E+0	11,900000E+0
80	65,528000E+3	176,248800E+3	229,000000E-3	60,000000E+0	11,900000E+0
81	42,000000E+0	176,221900E+3	1,145000E+0	74,000000E+0	11,900000E+0
82	70,000000E+0	176,208450E+3	1,603000E+0	101,000000E+0	11,900000E+0
83	98,000000E+0	176,192310E+3	2,290000E+0	137,000000E+0	11,900000E+0
84	126,000000E+0	176,186930E+3	2,748000E+0	181,000000E+0	11,900000E+0
85	147,000000E+0	176,184240E+3	3,206000E+0	235,000000E+0	11,900000E+0
86	168,000000E+0	176,162720E+3	3,893000E+0	297,000000E+0	11,900000E+0
87	189,000000E+0	176,162720E+3	4,122000E+0	364,000000E+0	11,900000E+0
88	217,000000E+0	176,143890E+3	4,809000E+0	439,000000E+0	11,900000E+0
89	239,000000E+0	176,157340E+3	4,809000E+0	519,000000E+0	11,900000E+0
90	253,000000E+0	176,143890E+3	5,496000E+0	606,000000E+0	11,900000E+0
91	281,000000E+0	176,149270E+3	5,496000E+0	694,000000E+0	11,900000E+0
92	288,000000E+0	176,151960E+3	6,183000E+0	789,000000E+0	11,900000E+0
93	302,000000E+0	176,162720E+3	6,183000E+0	884,000000E+0	11,900000E+0
94	309,000000E+0	176,178860E+3	6,641000E+0	980,000000E+0	11,900000E+0
95	316,000000E+0	176,192310E+3	6,412000E+0	1,078000E+3	11,900000E+0
96	330,000000E+0	176,211140E+3	6,412000E+0	1,174000E+3	11,900000E+0
97	323,000000E+0	176,216520E+3	6,641000E+0	1,269000E+3	11,900000E+0
98	337,000000E+0	176,227280E+3	5,725000E+0	1,360000E+3	11,900000E+0
99	337,000000E+0	176,246110E+3	5,725000E+0	1,449000E+3	11,900000E+0
100	323,000000E+0	176,256870E+3	5,267000E+0	1,533000E+3	11,900000E+0
101	281,000000E+0	176,270320E+3	5,725000E+0	1,617000E+3	11,900000E+0
102	274,000000E+0	176,286460E+3	5,038000E+0	1,689000E+3	11,900000E+0
103	267,000000E+0	0,000000E+0	3,893000E+0	1,755000E+3	11,900000E+0
104	253,000000E+0	0,000000E+0	3,664000E+0	1,815000E+3	11,900000E+0
105	232,000000E+0	13,450000E+0	2,977000E+0	1,867000E+3	11,900000E+0
106	196,000000E+0	21,520000E+0	2,290000E+0	1,910000E+3	11,900000E+0
107	175,000000E+0	45,730000E+0	1,832000E+0	1,945000E+3	11,900000E+0
108	133,000000E+0	61,870000E+0	1,145000E+0	1,969000E+3	11,900000E+0
109	105,000000E+0	78,010000E+0	687,000000E-3	1,984000E+3	11,900000E+0
110	84,000000E+0	104,910000E+0	0,000000E+0	1,989000E+3	11,900000E+0
111	21,000000E+0	18,830000E+0	0,000000E+0	1,989000E+3	11,900000E+0
112	65,500000E+3	53,800000E+0	-916,000000E-3	1,979000E+3	11,900000E+0
113	65,472000E+3	75,320000E+0	-1,603000E+0	1,954000E+3	11,900000E+0
114	65,451000E+3	86,080000E+0	-2,290000E+0	1,920000E+3	11,900000E+0
115	65,416000E+3	86,080000E+0	-2,519000E+0	1,878000E+3	11,900000E+0
116	65,381000E+3	104,910000E+0	-3,206000E+0	1,827000E+3	11,900000E+0
117	65,367000E+3	112,980000E+0	-3,664000E+0	1,768000E+3	11,900000E+0
118	65,339000E+3	118,360000E+0	-4,122000E+0	1,702000E+3	11,900000E+0
119	65,325000E+3	137,190000E+0	-4,809000E+0	1,628000E+3	11,900000E+0
120	65,289000E+3	123,740000E+0	-4,809000E+0	1,549000E+3	11,900000E+0
121	65,275000E+3	137,190000E+0	-5,496000E+0	1,465000E+3	11,900000E+0
122	65,268000E+3	131,810000E+0	-5,954000E+0	1,375000E+3	11,900000E+0
123	65,247000E+3	126,430000E+0	-6,412000E+0	1,283000E+3	11,900000E+0
124	65,226000E+3	115,670000E+0	-6,412000E+0	1,187000E+3	11,900000E+0
125	65,219000E+3	99,530000E+0	-6,870000E+0	1,092000E+3	11,900000E+0
126	65,212000E+3	78,010000E+0	-6,412000E+0	995,000000E+0	11,900000E+0
127	65,205000E+3	67,250000E+0	-6,412000E+0	899,000000E+0	11,900000E+0
128	65,198000E+3	21,520000E+0	-6,183000E+0	804,000000E+0	11,900000E+0
129	65,219000E+3	34,970000E+0	-6,412000E+0	708,000000E+0	11,900000E+0
130	65,205000E+3	0,000000E+0	-5,954000E+0	620,000000E+0	11,900000E+0
131	65,219000E+3	0,000000E+0	-5,496000E+0	534,000000E+0	11,900000E+0
132	65,233000E+3	176,281080E+3	-5,267000E+0	452,000000E+0	11,900000E+0
133	65,240000E+3	176,283770E+3	-4,580000E+0	378,000000E+0	11,900000E+0
134	65,268000E+3	176,281080E+3	-4,351000E+0	309,000000E+0	11,900000E+0
135	65,282000E+3	176,262250E+3	-3,664000E+0	248,000000E+0	11,900000E+0
136	65,311000E+3	176,259560E+3	-3,206000E+0	192,000000E+0	11,900000E+0
137	65,339000E+3	176,262250E+3	-2,748000E+0	147,000000E+0	11,900000E+0
138	65,374000E+3	176,238040E+3	-1,832000E+0	111,000000E+0	11,900000E+0
139	65,381000E+3	176,219210E+3	-1,374000E+0	84,000000E+0	11,900000E+0
140	65,423000E+3	176,216520E+3	-687,000000E-3	65,000000E+0	11,900000E+0
141	65,451000E+3	176,173480E+3	0,000000E+0	59,000000E+0	11,900000E+0
142	65,500000E+3	176,248800E+3	0,000000E+0	57,000000E+0	11,900000E+0
143	21,000000E+0	176,229970E+3	687,000000E-3	65,000000E+0	11,900000E+0
144	56,000000E+0	176,211140E+3	1,603000E+0	86,000000E+0	11,900000E+0
145	84,000000E+0	176,192310E+3	2,061000E+0	118,000000E+0	11,900000E+0
146	112,000000E+0	176,192310E+3	2,519000E+0	157,000000E+0	11,900000E+0
147	133,000000E+0	176,192310E+3	2,977000E+0	206,000000E+0	11,900000E+0
148	161,000000E+0	176,189620E+3	3,206000E+0	263,000000E+0	11,900000E+0
149	182,000000E+0	176,162720E+3	4,122000E+0	329,000000E+0	11,900000E+0
150	210,000000E+0	176,157340E+3	4,351000E+0	401,000000E+0	11,900000E+0
151	225,000000E+0	176,143890E+3	5,038000E+0	477,000000E+0	11,900000E+0
152	246,000000E+0	176,154650E+3	5,496000E+0	562,000000E+0	11,900000E+0
153	267,000000E+0	176,146580E+3	5,954000E+0	650,000000E+0	11,900000E+0
154	281,000000E+0	176,146580E+3	5,954000E+0	742,000000E+0	11,900000E+0
155	295,000000E+0	176,162720E+3	5,954000E+0	836,000000E+0	11,900000E+0
156	323,000000E+0	176,162720E+3	6,183000E+0	931,000000E+0	11,900000E+0
157	302,000000E+0	176,184240E+3	6,641000E+0	1,030000E+3	11,900000E+0
158	316,000000E+0	176,192310E+3	6,870000E+0	1,127000E+3	11,900000E+0
159	323,000000E+0	176,205760E+3	6,641000E+0	1,222000E+3	11,900000E+0
160	323,000000E+0	176,219210E+3	6,641000E+0	1,316000E+3	11,900000E+0
161	316,000000E+0	176,238040E+3	5,954000E+0	1,407000E+3	11,900000E+0
162	316,000000E+0	176,240730E+3	5,954000E+0	1,494000E+3	11,900000E+0
163	302,000000E+0	176,259560E+3	5,267000E+0	1,575000E+3	11,900000E+0
164	302,000000E+0	176,273010E+3	4,809000E+0	1,651000E+3	11,900000E+0
165	274,000000E+0	176,286460E+3	4,351000E+0	1,723000E+3	11,900000E+0
166	267,000000E+0	0,000000E+0	3,893000E+0	1,786000E+3	11,900000E+0
167	232,000000E+0	5,380000E+0	3,435000E+0	1,842000E+3	11,900000E+0
168	217,000000E+0	21,520000E+0	2,519000E+0	1,888000E+3	11,900000E+0
169	182,000000E+0	34,970000E+0	2,290000E+0	1,929000E+3	11,900000E+0
170	154,000000E+0	59,180000E+0	1,603000E+0	1,958000E+3	11,900000E+0
171	126,000000E+0	69,940000E+0	916,000000E-3	1,977000E+3	11,900000E+0
172	91,000000E+0	94,150000E+0	229,000000E-3	1,988000E+3	11,900000E+0
173	56,000000E+0	67,250000E+0	0,000000E+0	1,990000E+3	11,900000E+0
174	65,528000E+3	18,830000E+0	-458,000000E-3	1,985000E+3	11,900000E+0
175	65,486000E+3	64,560000E+0	-1,374000E+0	1,968000E+3	11,900000E+0
176	65,458000E+3	78,010000E+0	-1,832000E+0	1,938000E+3	11,900000E+0
177	65,430000E+3	80,700000E+0	-2,290000E+0	1,901000E+3	11,900000E+0
178	65,402000E+3	91,460000E+0	-2,977000E+0	1,853000E+3	11,900000E+0
179	65,374000E+3	102,220000E+0	-3,435000E+0	1,799000E+3	11,900000E+0
180	65,353000E+3	115,670000E+0	-3,893000E+0	1,736000E+3	11,900000E+0
181	65,325000E+3	129,120000E+0	-4,580000E+0	1,666000E+3	11,900000E+0
182	65,311000E+3	142,570000E+0	-5,038000E+0	1,588000E+3	11,900000E+0
183	65,289000E+3	134,500000E+0	-5,496000E+0	1,506000E+3	11,900000E+0
184	65,275000E+3	137,190000E+0	-5,954000E+0	1,419000E+3	11,900000E+0
185	65,254000E+3	131,810000E+0	-5,954000E+0	1,330000E+3	11,900000E+0
186	65,247000E+3	126,430000E+0	-6,183000E+0	1,236000E+3	11,900000E+0
187	65,219000E+3	110,290000E+0	-6,412000E+0	1,140000E+3	11,900000E+0
188	65,219000E+3	88,770000E+0	-6,412000E+0	1,043000E+3	11,900000E+0
189	65,198000E+3	67,250000E+0	-6,641000E+0	947,000000E+0	11,900000E+0
190	65,205000E+3	61,870000E+0	-6,183000E+0	851,000000E+0	11,900000E+0
191	65,191000E+3	34,970000E+0	-6,183000E+0	758,000000E+0	11,900000E+0
192	65,191000E+3	16,140000E+0	-5,725000E+0	666,000000E+0	11,900000E+0
193	65,205000E+3	2,690000E+0	-5,725000E+0	578,000000E+0	11,900000E+0
194	65,212000E+3	0,000000E+0	-5,038000E+0	495,000000E+0	11,900000E+0
195	65,219000E+3	0,000000E+0	-4,809000E+0	417,000000E+0	11,900000E+0
196	65,254000E+3	176,270320E+3	-4,809000E+0	342,000000E+0	11,900000E+0
197	65,275000E+3	176,270320E+3	-4,122000E+0	276,000000E+0	11,900000E+0
198	65,296000E+3	176,259560E+3	-3,435000E+0	218,000000E+0	11,900000E+0
199	65,318000E+3	176,259560E+3	-2,977000E+0	169,000000E+0	11,900000E+0
200	65,346000E+3	176,248800E+3	-2,290000E+0	128,000000E+0	11,900000E+0
201	65,374000E+3	176,232660E+3	-1,603000E+0	97,000000E+0	11,900000E+0
202	65,402000E+3	176,224590E+3	-1,145000E+0	74,000000E+0	11,900000E+0
203	65,437000E+3	176,200380E+3	-229,000000E-3	61,000000E+0	11,900000E+0
204	65,472000E+3	176,200380E+3	0,000000E+0	57,000000E+0	11,900000E+0
205	65,528000E+3	176,251490E+3	229,000000E-3	60,000000E+0	11,900000E+0
206	42,000000E+0	176,224590E+3	1,145000E+0	74,000000E+0	11,900000E+0
207	63,000000E+0	176,203070E+3	1,603000E+0	101,000000E+0	11,900000E+0
208	98,000000E+0	176,192310E+3	2,290000E+0	136,000000E+0	11,900000E+0
209	119,000000E+0	176,184240E+3	2,977000E+0	182,000000E+0	11,900000E+0
210	154,000000E+0	176,186930E+3	2,977000E+0	234,000000E+0	11,900000E+0
211	168,000000E+0	176,160030E+3	3,893000E+0	296,000000E+0	11,900000E+0
212	196,000000E+0	176,149270E+3	4,122000E+0	364,000000E+0	11,900000E+0
213	225,000000E+0	176,154650E+3	4,580000E+0	438,000000E+0	11,900000E+0
214	239,000000E+0	176,154650E+3	4,809000E+0	519,000000E+0	11,900000E+0
215	260,000000E+0	176,151960E+3	5,496000E+0	605,000000E+0	11,900000E+0
216	281,000000E+0	176,149270E+3	5,725000E+0	694,000000E+0	11,900000E+0
217	288,000000E+0	176,146580E+3	6,183000E+0	789,000000E+0	11,900000E+0
218	295,000000E+0	176,160030E+3	6,183000E+0	885,000000E+0	11,900000E+0
219	316,000000E+0	176,176170E+3	6,412000E+0	980,000000E+0	12,000000E+0
220	316,000000E+0	176,186930E+3	6,641000E+0	1,079000E+3	11,900000E+0
221	330,000000E+0	176,205760E+3	6,412000E+0	1,175000E+3	11,900000E+0
222	323,000000E+0	176,208450E+3	6,412000E+0	1,270000E+3	11,900000E+0
223	316,000000E+0	176,219210E+3	6,183000E+0	1,361000E+3	11,900000E+0
224	330,000000E+0	176,238040E+3	5,725000E+0	1,449000E+3	11,900000E+0
225	309,000000E+0	176,246110E+3	5,725000E+0	1,535000E+3	11,900000E+0
226	302,000000E+0	176,270320E+3	5,038000E+0	1,614000E+3	11,900000E+0
227	281,000000E+0	176,286460E+3	4,809000E+0	1,689000E+3	11,900000E+0
228	267,000000E+0	0,000000E+0	4,122000E+0	1,755000E+3	11,900000E+0
229	260,000000E+0	0,000000E+0	3,664000E+0	1,814000E+3	11,900000E+0
230	225,000000E+0	21,520000E+0	2,977000E+0	1,866000E+3	11,900000E+0
231	196,000000E+0	29,590000E+0	2,290000E+0	1,910000E+3	11,900000E+0
232	175,000000E+0	48,420000E+0	1,832000E+0	1,945000E+3	11,900000E+0
233	140,000000E+0	69,940000E+0	916,000000E-3	1,968000E+3	11,900000E+0
234	105,000000E+0	78,010000E+0	687,000000E-3	1,984000E+3	11,900000E+0
235	77,000000E+0	99,530000E+0	0,000000E+0	1,990000E+3	11,900000E+0
236	21,000000E+0	18,830000E+0	0,000000E+0	1,989000E+3	11,900000E+0
237	65,500000E+3	56,490000E+0	-916,000000E-3	1,979000E+3	11,900000E+0
238	65,465000E+3	72,630000E+0	-1,374000E+0	1,955000E+3	11,900000E+0
239	65,437000E+3	78,010000E+0	-1,832000E+0	1,921000E+3	11,900000E+0
240	65,409000E+3	78,010000E+0	-2,290000E+0	1,879000E+3	11,900000E+0
241	65,388000E+3	104,910000E+0	-3,206000E+0	1,827000E+3	11,900000E+0
242	65,367000E+3	110,290000E+0	-3,664000E+0	1,768000E+3	11,900000E+0
243	65,339000E+3	118,360000E+0	-3,893000E+0	1,702000E+3	11,900000E+0
244	65,318000E+3	131,810000E+0	-5,038000E+0	1,628000E+3	11,900000E+0
245	65,296000E+3	131,810000E+0	-5,038000E+0	1,549000E+3	11,900000E+0
246	65,268000E+3	131,810000E+0	-5,496000E+0	1,465000E+3	11,900000E+0
247	65,261000E+3	134,500000E+0	-5,954000E+0	1,375000E+3	11,900000E+0
248	65,233000E+3	123,740000E+0	-6,183000E+0	1,285000E+3	11,900000E+0
249	65,219000E+3	121,050000E+0	-6,412000E+0	1,188000E+3	11,900000E+0
