vendredi 12 janvier 2024	12:58:03	Sampling Period : 40  ms		
Unities: time [sample], PWM [raw], Current [mA], velocity [rev/min], Position [pulse], Present Input Voltage [V]

t	DXL_PWM		DXL_Current		DXL_Velocity		DXL_Position		DXL_Input_Voltage
0	7,000000E+0	0,000000E+0	0,000000E+0	990,000000E+0	11,900000E+0
1	513,000000E+0	225,960000E+0	229,000000E-3	1,002000E+3	11,700000E+0
2	639,000000E+0	274,380000E+0	13,282000E+0	1,083000E+3	11,600000E+0
3	611,000000E+0	239,410000E+0	17,175000E+0	1,181000E+3	11,700000E+0
4	632,000000E+0	279,760000E+0	16,259000E+0	1,275000E+3	11,600000E+0
5	597,000000E+0	277,070000E+0	16,488000E+0	1,368000E+3	11,700000E+0
6	576,000000E+0	285,140000E+0	15,801000E+0	1,458000E+3	11,700000E+0
7	555,000000E+0	303,970000E+0	14,885000E+0	1,540000E+3	11,700000E+0
8	520,000000E+0	269,000000E+0	14,427000E+0	1,621000E+3	11,700000E+0
9	485,000000E+0	266,310000E+0	13,053000E+0	1,695000E+3	11,700000E+0
10	442,000000E+0	260,930000E+0	12,137000E+0	1,760000E+3	11,700000E+0
11	386,000000E+0	244,790000E+0	10,763000E+0	1,820000E+3	11,700000E+0
12	337,000000E+0	212,510000E+0	9,160000E+0	1,872000E+3	11,800000E+0
13	288,000000E+0	204,440000E+0	8,015000E+0	1,913000E+3	11,800000E+0
14	217,000000E+0	156,020000E+0	6,412000E+0	1,948000E+3	11,800000E+0
15	161,000000E+0	137,190000E+0	4,351000E+0	1,971000E+3	11,900000E+0
16	112,000000E+0	112,980000E+0	2,519000E+0	1,986000E+3	11,900000E+0
17	49,000000E+0	61,870000E+0	1,145000E+0	1,991000E+3	11,900000E+0
18	65,493000E+3	8,070000E+0	0,000000E+0	1,989000E+3	11,900000E+0
19	65,423000E+3	176,273010E+3	-1,832000E+0	1,977000E+3	11,900000E+0
20	65,360000E+3	176,248800E+3	-3,893000E+0	1,953000E+3	11,900000E+0
21	65,296000E+3	176,219210E+3	-5,725000E+0	1,919000E+3	11,800000E+0
22	65,247000E+3	176,203070E+3	-7,557000E+0	1,876000E+3	11,800000E+0
23	65,198000E+3	176,192310E+3	-8,931000E+0	1,825000E+3	11,800000E+0
24	65,142000E+3	176,176170E+3	-10,534000E+0	1,766000E+3	11,800000E+0
25	65,093000E+3	176,154650E+3	-12,137000E+0	1,699000E+3	11,700000E+0
26	65,050000E+3	176,135820E+3	-13,511000E+0	1,625000E+3	11,800000E+0
27	65,008000E+3	176,125060E+3	-14,427000E+0	1,545000E+3	11,700000E+0
28	65,008000E+3	176,135820E+3	-15,343000E+0	1,459000E+3	11,700000E+0
29	64,966000E+3	176,116990E+3	-15,572000E+0	1,370000E+3	11,600000E+0
30	64,945000E+3	176,095470E+3	-16,488000E+0	1,279000E+3	11,700000E+0
31	64,917000E+3	176,095470E+3	-16,946000E+0	1,182000E+3	11,600000E+0
32	64,917000E+3	176,100850E+3	-17,404000E+0	1,085000E+3	11,700000E+0
33	64,931000E+3	176,116990E+3	-17,404000E+0	987,000000E+0	11,600000E+0
34	64,917000E+3	176,049740E+3	-16,946000E+0	891,000000E+0	11,700000E+0
35	64,931000E+3	176,044360E+3	-16,717000E+0	795,000000E+0	11,700000E+0
36	64,952000E+3	176,030910E+3	-16,259000E+0	702,000000E+0	11,600000E+0
37	64,966000E+3	176,025530E+3	-15,801000E+0	612,000000E+0	11,600000E+0
38	65,001000E+3	176,025530E+3	-15,114000E+0	526,000000E+0	11,700000E+0
39	65,022000E+3	176,030910E+3	-14,198000E+0	444,000000E+0	11,700000E+0
40	65,057000E+3	176,030910E+3	-13,282000E+0	370,000000E+0	11,700000E+0
41	65,107000E+3	176,052430E+3	-12,366000E+0	301,000000E+0	11,800000E+0
42	65,149000E+3	176,057810E+3	-10,763000E+0	241,000000E+0	11,800000E+0
43	65,198000E+3	176,073950E+3	-9,389000E+0	187,000000E+0	11,800000E+0
44	65,247000E+3	176,092780E+3	-8,015000E+0	142,000000E+0	11,800000E+0
45	65,303000E+3	176,122370E+3	-6,641000E+0	107,000000E+0	11,800000E+0
46	65,353000E+3	176,133130E+3	-4,809000E+0	81,000000E+0	11,900000E+0
47	65,409000E+3	176,173480E+3	-3,206000E+0	64,000000E+0	11,900000E+0
48	65,472000E+3	176,203070E+3	-1,374000E+0	57,000000E+0	11,900000E+0
49	14,000000E+0	176,275700E+3	0,000000E+0	58,000000E+0	11,900000E+0
50	105,000000E+0	18,830000E+0	916,000000E-3	66,000000E+0	11,900000E+0
51	161,000000E+0	34,970000E+0	3,664000E+0	88,000000E+0	11,900000E+0
52	225,000000E+0	59,180000E+0	5,267000E+0	119,000000E+0	11,900000E+0
53	274,000000E+0	72,630000E+0	7,328000E+0	160,000000E+0	11,800000E+0
54	330,000000E+0	86,080000E+0	8,473000E+0	208,000000E+0	11,800000E+0
55	379,000000E+0	99,530000E+0	10,305000E+0	266,000000E+0	11,800000E+0
56	421,000000E+0	126,430000E+0	11,679000E+0	331,000000E+0	11,800000E+0
57	471,000000E+0	142,570000E+0	12,595000E+0	403,000000E+0	11,800000E+0
58	499,000000E+0	142,570000E+0	13,969000E+0	482,000000E+0	11,700000E+0
59	541,000000E+0	158,710000E+0	14,885000E+0	565,000000E+0	11,700000E+0
60	562,000000E+0	172,160000E+0	15,801000E+0	652,000000E+0	11,700000E+0
61	597,000000E+0	188,300000E+0	16,259000E+0	744,000000E+0	11,700000E+0
62	597,000000E+0	182,920000E+0	16,717000E+0	842,000000E+0	11,700000E+0
63	611,000000E+0	166,780000E+0	17,175000E+0	938,000000E+0	11,600000E+0
64	618,000000E+0	225,960000E+0	16,946000E+0	1,035000E+3	11,700000E+0
65	611,000000E+0	231,340000E+0	16,946000E+0	1,133000E+3	11,600000E+0
66	618,000000E+0	260,930000E+0	16,946000E+0	1,228000E+3	11,700000E+0
67	597,000000E+0	260,930000E+0	16,259000E+0	1,323000E+3	11,700000E+0
68	576,000000E+0	263,620000E+0	16,030000E+0	1,413000E+3	11,600000E+0
69	562,000000E+0	277,070000E+0	15,572000E+0	1,500000E+3	11,600000E+0
70	527,000000E+0	274,380000E+0	14,656000E+0	1,582000E+3	11,700000E+0
71	499,000000E+0	279,760000E+0	13,740000E+0	1,658000E+3	11,700000E+0
72	464,000000E+0	269,000000E+0	12,595000E+0	1,728000E+3	11,700000E+0
73	414,000000E+0	250,170000E+0	11,679000E+0	1,791000E+3	11,800000E+0
74	372,000000E+0	244,790000E+0	10,076000E+0	1,847000E+3	11,800000E+0
75	309,000000E+0	212,510000E+0	8,931000E+0	1,894000E+3	11,800000E+0
76	267,000000E+0	190,990000E+0	6,870000E+0	1,931000E+3	11,800000E+0
77	189,000000E+0	131,810000E+0	5,496000E+0	1,962000E+3	11,900000E+0
78	140,000000E+0	126,430000E+0	3,435000E+0	1,979000E+3	11,900000E+0
79	77,000000E+0	88,770000E+0	1,832000E+0	1,989000E+3	11,900000E+0
80	14,000000E+0	26,900000E+0	229,000000E-3	1,990000E+3	11,900000E+0
81	65,451000E+3	176,286460E+3	-458,000000E-3	1,986000E+3	11,900000E+0
82	65,388000E+3	176,262250E+3	-2,977000E+0	1,966000E+3	11,900000E+0
83	65,332000E+3	176,240730E+3	-5,038000E+0	1,936000E+3	11,900000E+0
84	65,268000E+3	176,211140E+3	-6,641000E+0	1,898000E+3	11,800000E+0
85	65,219000E+3	176,192310E+3	-8,244000E+0	1,852000E+3	11,800000E+0
86	65,163000E+3	176,186930E+3	-9,847000E+0	1,796000E+3	11,800000E+0
87	65,121000E+3	176,160030E+3	-11,450000E+0	1,733000E+3	11,800000E+0
88	65,071000E+3	176,143890E+3	-12,595000E+0	1,663000E+3	11,700000E+0
89	65,043000E+3	176,135820E+3	-13,740000E+0	1,586000E+3	11,700000E+0
90	65,008000E+3	176,116990E+3	-14,656000E+0	1,504000E+3	11,700000E+0
91	64,980000E+3	176,116990E+3	-15,572000E+0	1,416000E+3	11,700000E+0
92	64,938000E+3	176,098160E+3	-16,259000E+0	1,327000E+3	11,700000E+0
93	64,931000E+3	176,092780E+3	-16,946000E+0	1,231000E+3	11,600000E+0
94	64,924000E+3	176,092780E+3	-17,175000E+0	1,134000E+3	11,700000E+0
95	64,931000E+3	176,116990E+3	-17,404000E+0	1,035000E+3	11,700000E+0
96	64,931000E+3	176,090090E+3	-16,946000E+0	938,000000E+0	11,600000E+0
97	64,952000E+3	176,092780E+3	-16,488000E+0	840,000000E+0	11,700000E+0
98	64,952000E+3	176,055120E+3	-15,801000E+0	747,000000E+0	11,600000E+0
99	64,959000E+3	176,028220E+3	-15,801000E+0	655,000000E+0	11,700000E+0
100	64,994000E+3	176,044360E+3	-15,343000E+0	567,000000E+0	11,700000E+0
101	65,001000E+3	176,022840E+3	-14,656000E+0	485,000000E+0	11,700000E+0
102	65,036000E+3	176,028220E+3	-13,740000E+0	406,000000E+0	11,700000E+0
103	65,071000E+3	176,022840E+3	-12,824000E+0	335,000000E+0	11,700000E+0
104	65,128000E+3	176,052430E+3	-11,679000E+0	270,000000E+0	11,800000E+0
105	65,163000E+3	176,055120E+3	-10,076000E+0	213,000000E+0	11,800000E+0
106	65,212000E+3	176,079330E+3	-8,931000E+0	164,000000E+0	11,800000E+0
107	65,275000E+3	176,103540E+3	-7,557000E+0	123,000000E+0	11,800000E+0
108	65,325000E+3	176,133130E+3	-5,496000E+0	93,000000E+0	11,800000E+0
109	65,374000E+3	176,133130E+3	-4,122000E+0	72,000000E+0	11,900000E+0
110	65,444000E+3	176,189620E+3	-2,290000E+0	59,000000E+0	11,900000E+0
111	65,507000E+3	176,251490E+3	-687,000000E-3	56,000000E+0	11,900000E+0
112	63,000000E+0	0,000000E+0	229,000000E-3	59,000000E+0	11,900000E+0
113	133,000000E+0	26,900000E+0	2,519000E+0	75,000000E+0	11,900000E+0
114	189,000000E+0	48,420000E+0	4,580000E+0	102,000000E+0	11,900000E+0
115	246,000000E+0	61,870000E+0	6,183000E+0	139,000000E+0	11,900000E+0
116	302,000000E+0	80,700000E+0	7,786000E+0	183,000000E+0	11,800000E+0
117	351,000000E+0	88,770000E+0	9,389000E+0	236,000000E+0	11,800000E+0
118	407,000000E+0	110,290000E+0	10,992000E+0	298,000000E+0	11,800000E+0
119	450,000000E+0	126,430000E+0	12,366000E+0	367,000000E+0	11,700000E+0
120	485,000000E+0	142,570000E+0	13,511000E+0	441,000000E+0	11,700000E+0
121	520,000000E+0	147,950000E+0	14,427000E+0	523,000000E+0	11,700000E+0
122	555,000000E+0	172,160000E+0	15,343000E+0	608,000000E+0	11,700000E+0
123	583,000000E+0	188,300000E+0	16,030000E+0	699,000000E+0	11,700000E+0
124	590,000000E+0	190,990000E+0	16,717000E+0	792,000000E+0	11,700000E+0
125	618,000000E+0	212,510000E+0	16,946000E+0	888,000000E+0	11,700000E+0
126	625,000000E+0	215,200000E+0	17,175000E+0	985,000000E+0	11,600000E+0
127	632,000000E+0	236,720000E+0	16,946000E+0	1,083000E+3	11,600000E+0
128	611,000000E+0	242,100000E+0	16,946000E+0	1,180000E+3	11,700000E+0
129	618,000000E+0	279,760000E+0	16,488000E+0	1,276000E+3	11,600000E+0
130	583,000000E+0	260,930000E+0	16,488000E+0	1,369000E+3	11,600000E+0
131	590,000000E+0	317,420000E+0	15,343000E+0	1,455000E+3	11,700000E+0
132	548,000000E+0	298,590000E+0	15,343000E+0	1,541000E+3	11,700000E+0
133	506,000000E+0	269,000000E+0	14,427000E+0	1,622000E+3	11,700000E+0
134	478,000000E+0	279,760000E+0	13,053000E+0	1,694000E+3	11,700000E+0
135	428,000000E+0	255,550000E+0	12,366000E+0	1,761000E+3	11,700000E+0
136	386,000000E+0	258,240000E+0	10,763000E+0	1,819000E+3	11,700000E+0
137	337,000000E+0	215,200000E+0	9,389000E+0	1,872000E+3	11,800000E+0
138	288,000000E+0	209,820000E+0	7,786000E+0	1,913000E+3	11,800000E+0
139	217,000000E+0	153,330000E+0	6,412000E+0	1,948000E+3	11,800000E+0
140	168,000000E+0	137,190000E+0	4,351000E+0	1,971000E+3	11,900000E+0
141	105,000000E+0	110,290000E+0	2,748000E+0	1,986000E+3	11,900000E+0
142	49,000000E+0	64,560000E+0	916,000000E-3	1,991000E+3	11,900000E+0
143	65,500000E+3	10,760000E+0	0,000000E+0	1,990000E+3	11,900000E+0
144	65,423000E+3	176,275700E+3	-1,832000E+0	1,977000E+3	11,900000E+0
145	65,367000E+3	176,259560E+3	-4,122000E+0	1,952000E+3	11,800000E+0
146	65,296000E+3	176,219210E+3	-5,725000E+0	1,918000E+3	11,800000E+0
147	65,247000E+3	176,203070E+3	-7,557000E+0	1,876000E+3	11,800000E+0
148	65,198000E+3	176,200380E+3	-8,931000E+0	1,824000E+3	11,800000E+0
149	65,142000E+3	176,186930E+3	-10,534000E+0	1,765000E+3	11,800000E+0
150	65,086000E+3	176,141200E+3	-12,137000E+0	1,699000E+3	11,800000E+0
151	65,064000E+3	176,151960E+3	-13,282000E+0	1,624000E+3	11,700000E+0
152	65,015000E+3	176,125060E+3	-14,198000E+0	1,545000E+3	11,700000E+0
153	65,001000E+3	176,125060E+3	-15,343000E+0	1,460000E+3	11,700000E+0
154	64,952000E+3	176,114300E+3	-15,801000E+0	1,370000E+3	11,700000E+0
155	64,945000E+3	176,100850E+3	-16,717000E+0	1,279000E+3	11,600000E+0
156	64,924000E+3	176,084710E+3	-16,946000E+0	1,183000E+3	11,700000E+0
157	64,917000E+3	176,100850E+3	-17,404000E+0	1,085000E+3	11,700000E+0
158	64,924000E+3	176,111610E+3	-17,404000E+0	987,000000E+0	11,600000E+0
159	64,924000E+3	176,055120E+3	-16,946000E+0	891,000000E+0	11,600000E+0
160	64,938000E+3	176,057810E+3	-16,717000E+0	794,000000E+0	11,700000E+0
161	64,959000E+3	176,041670E+3	-16,259000E+0	701,000000E+0	11,600000E+0
162	64,973000E+3	176,033600E+3	-15,572000E+0	611,000000E+0	11,600000E+0
163	65,001000E+3	176,033600E+3	-15,114000E+0	525,000000E+0	11,700000E+0
164	65,029000E+3	176,033600E+3	-13,969000E+0	444,000000E+0	11,700000E+0
165	65,057000E+3	176,038980E+3	-13,282000E+0	370,000000E+0	11,700000E+0
166	65,100000E+3	176,044360E+3	-12,137000E+0	302,000000E+0	11,700000E+0
167	65,149000E+3	176,068570E+3	-10,992000E+0	240,000000E+0	11,800000E+0
168	65,191000E+3	176,071260E+3	-9,618000E+0	187,000000E+0	11,800000E+0
169	65,247000E+3	176,098160E+3	-8,015000E+0	143,000000E+0	11,800000E+0
170	65,303000E+3	176,119680E+3	-6,641000E+0	107,000000E+0	11,900000E+0
171	65,353000E+3	176,138510E+3	-4,809000E+0	81,000000E+0	11,800000E+0
172	65,416000E+3	176,173480E+3	-3,206000E+0	64,000000E+0	11,900000E+0
173	65,472000E+3	176,205760E+3	-1,374000E+0	57,000000E+0	11,900000E+0
174	14,000000E+0	176,275700E+3	0,000000E+0	58,000000E+0	11,900000E+0
175	98,000000E+0	13,450000E+0	916,000000E-3	66,000000E+0	11,900000E+0
176	161,000000E+0	34,970000E+0	3,664000E+0	87,000000E+0	11,900000E+0
177	217,000000E+0	53,800000E+0	5,267000E+0	119,000000E+0	11,900000E+0
178	274,000000E+0	78,010000E+0	7,328000E+0	159,000000E+0	11,800000E+0
179	330,000000E+0	88,770000E+0	8,473000E+0	208,000000E+0	11,800000E+0
180	379,000000E+0	104,910000E+0	10,305000E+0	266,000000E+0	11,800000E+0
181	428,000000E+0	129,120000E+0	11,679000E+0	332,000000E+0	11,800000E+0
182	464,000000E+0	137,190000E+0	12,824000E+0	403,000000E+0	11,800000E+0
183	499,000000E+0	153,330000E+0	13,740000E+0	481,000000E+0	11,700000E+0
184	541,000000E+0	161,400000E+0	14,885000E+0	565,000000E+0	11,700000E+0
185	569,000000E+0	174,850000E+0	15,801000E+0	652,000000E+0	11,700000E+0
186	604,000000E+0	193,680000E+0	16,259000E+0	744,000000E+0	11,700000E+0
187	618,000000E+0	207,130000E+0	16,946000E+0	840,000000E+0	11,600000E+0
188	625,000000E+0	185,610000E+0	17,404000E+0	937,000000E+0	11,600000E+0
189	632,000000E+0	231,340000E+0	16,946000E+0	1,035000E+3	11,600000E+0
190	625,000000E+0	236,720000E+0	16,946000E+0	1,132000E+3	11,600000E+0
191	611,000000E+0	244,790000E+0	16,946000E+0	1,229000E+3	11,700000E+0
192	604,000000E+0	266,310000E+0	16,259000E+0	1,323000E+3	11,700000E+0
193	576,000000E+0	260,930000E+0	16,030000E+0	1,413000E+3	11,600000E+0
194	562,000000E+0	279,760000E+0	15,343000E+0	1,500000E+3	11,700000E+0
195	527,000000E+0	274,380000E+0	14,656000E+0	1,582000E+3	11,700000E+0
196	492,000000E+0	274,380000E+0	13,511000E+0	1,659000E+3	11,700000E+0
197	464,000000E+0	274,380000E+0	12,595000E+0	1,728000E+3	11,700000E+0
198	414,000000E+0	250,170000E+0	11,679000E+0	1,791000E+3	11,700000E+0
199	379,000000E+0	250,170000E+0	10,076000E+0	1,846000E+3	11,800000E+0
200	302,000000E+0	209,820000E+0	8,931000E+0	1,895000E+3	11,800000E+0
201	267,000000E+0	196,370000E+0	6,641000E+0	1,931000E+3	11,800000E+0
202	189,000000E+0	131,810000E+0	5,725000E+0	1,962000E+3	11,900000E+0
203	140,000000E+0	129,120000E+0	3,435000E+0	1,980000E+3	11,900000E+0
204	84,000000E+0	91,460000E+0	1,832000E+0	1,989000E+3	11,900000E+0
205	14,000000E+0	26,900000E+0	229,000000E-3	1,990000E+3	11,900000E+0
206	65,458000E+3	176,289150E+3	-458,000000E-3	1,985000E+3	11,900000E+0
207	65,395000E+3	176,273010E+3	-2,977000E+0	1,966000E+3	11,900000E+0
208	65,332000E+3	176,238040E+3	-4,809000E+0	1,937000E+3	11,900000E+0
209	65,268000E+3	176,211140E+3	-6,641000E+0	1,898000E+3	11,800000E+0
210	65,219000E+3	176,195000E+3	-8,244000E+0	1,852000E+3	11,800000E+0
211	65,163000E+3	176,181550E+3	-10,076000E+0	1,796000E+3	11,800000E+0
212	65,114000E+3	176,160030E+3	-11,450000E+0	1,733000E+3	11,800000E+0
213	65,071000E+3	176,151960E+3	-12,595000E+0	1,662000E+3	11,700000E+0
214	65,043000E+3	176,143890E+3	-13,740000E+0	1,585000E+3	11,800000E+0
215	65,015000E+3	176,130440E+3	-14,427000E+0	1,504000E+3	11,700000E+0
216	64,973000E+3	176,114300E+3	-15,572000E+0	1,416000E+3	11,700000E+0
217	64,938000E+3	176,106230E+3	-16,259000E+0	1,326000E+3	11,600000E+0
218	64,924000E+3	176,092780E+3	-16,946000E+0	1,231000E+3	11,600000E+0
219	64,910000E+3	176,092780E+3	-17,404000E+0	1,133000E+3	11,600000E+0
220	64,931000E+3	176,130440E+3	-17,404000E+0	1,034000E+3	11,700000E+0
221	64,917000E+3	176,079330E+3	-16,946000E+0	939,000000E+0	11,700000E+0
222	64,938000E+3	176,073950E+3	-16,946000E+0	842,000000E+0	11,600000E+0
223	64,945000E+3	176,055120E+3	-16,259000E+0	748,000000E+0	11,600000E+0
224	64,952000E+3	176,028220E+3	-16,030000E+0	655,000000E+0	11,700000E+0
225	64,987000E+3	176,038980E+3	-15,572000E+0	567,000000E+0	11,700000E+0
226	65,008000E+3	176,022840E+3	-14,427000E+0	485,000000E+0	11,700000E+0
227	65,043000E+3	176,038980E+3	-13,740000E+0	406,000000E+0	11,700000E+0
228	65,078000E+3	176,033600E+3	-12,824000E+0	335,000000E+0	11,700000E+0
229	65,128000E+3	176,060500E+3	-11,679000E+0	270,000000E+0	11,700000E+0
230	65,163000E+3	176,063190E+3	-10,076000E+0	213,000000E+0	11,700000E+0
231	65,212000E+3	176,073950E+3	-8,931000E+0	164,000000E+0	11,800000E+0
232	65,275000E+3	176,103540E+3	-7,557000E+0	123,000000E+0	11,800000E+0
233	65,325000E+3	176,135820E+3	-5,496000E+0	93,000000E+0	11,800000E+0
234	65,381000E+3	176,149270E+3	-4,122000E+0	71,000000E+0	11,900000E+0
235	65,444000E+3	176,178860E+3	-2,290000E+0	59,000000E+0	11,900000E+0
236	65,507000E+3	176,248800E+3	-687,000000E-3	56,000000E+0	11,900000E+0
237	63,000000E+0	0,000000E+0	0,000000E+0	59,000000E+0	11,900000E+0
238	133,000000E+0	26,900000E+0	2,519000E+0	75,000000E+0	11,900000E+0
239	189,000000E+0	48,420000E+0	4,580000E+0	102,000000E+0	11,800000E+0
240	246,000000E+0	67,250000E+0	6,183000E+0	138,000000E+0	11,800000E+0
241	302,000000E+0	86,080000E+0	7,786000E+0	183,000000E+0	11,800000E+0
242	351,000000E+0	91,460000E+0	9,389000E+0	237,000000E+0	11,800000E+0
243	400,000000E+0	107,600000E+0	10,992000E+0	298,000000E+0	11,800000E+0
244	450,000000E+0	137,190000E+0	12,366000E+0	366,000000E+0	11,700000E+0
245	492,000000E+0	153,330000E+0	13,511000E+0	441,000000E+0	11,800000E+0
246	520,000000E+0	158,710000E+0	14,427000E+0	522,000000E+0	11,700000E+0
247	555,000000E+0	172,160000E+0	15,343000E+0	608,000000E+0	11,700000E+0
248	583,000000E+0	188,300000E+0	16,030000E+0	699,000000E+0	11,700000E+0
249	597,000000E+0	190,990000E+0	16,717000E+0	791,000000E+0	11,700000E+0
250	618,000000E+0	207,130000E+0	16,946000E+0	888,000000E+0	11,700000E+0
251	7,000000E+0	176,262250E+3	16,717000E+0	974,000000E+0	11,900000E+0
