vendredi 12 janvier 2024	12:46:45	Sampling Period : 40  ms		
Unities: time [sample], PWM [raw], Current [mA], velocity [rev/min], Position [pulse], Present Input Voltage [V]

t	DXL_PWM		DXL_Current		DXL_Velocity		DXL_Position		DXL_Input_Voltage
0	7,000000E+0	0,000000E+0	0,000000E+0	1,023000E+3	12,000000E+0
1	611,000000E+0	174,850000E+0	229,000000E-3	1,034000E+3	12,000000E+0
2	745,000000E+0	150,640000E+0	13,053000E+0	1,112000E+3	11,900000E+0
3	752,000000E+0	142,570000E+0	16,259000E+0	1,207000E+3	12,000000E+0
4	738,000000E+0	131,810000E+0	16,717000E+0	1,301000E+3	12,000000E+0
5	724,000000E+0	131,810000E+0	16,259000E+0	1,393000E+3	12,000000E+0
6	689,000000E+0	123,740000E+0	15,801000E+0	1,483000E+3	12,000000E+0
7	639,000000E+0	126,430000E+0	15,343000E+0	1,567000E+3	12,000000E+0
8	583,000000E+0	94,150000E+0	14,198000E+0	1,646000E+3	12,000000E+0
9	534,000000E+0	86,080000E+0	13,053000E+0	1,719000E+3	12,000000E+0
10	471,000000E+0	91,460000E+0	11,908000E+0	1,783000E+3	12,000000E+0
11	414,000000E+0	69,940000E+0	10,534000E+0	1,842000E+3	12,000000E+0
12	330,000000E+0	51,110000E+0	9,160000E+0	1,890000E+3	12,000000E+0
13	267,000000E+0	43,040000E+0	7,328000E+0	1,931000E+3	12,000000E+0
14	182,000000E+0	26,900000E+0	5,954000E+0	1,962000E+3	12,000000E+0
15	105,000000E+0	8,070000E+0	4,122000E+0	1,984000E+3	12,000000E+0
16	35,000000E+0	0,000000E+0	2,290000E+0	1,996000E+3	12,000000E+0
17	65,493000E+3	176,278390E+3	687,000000E-3	1,998000E+3	12,000000E+0
18	65,409000E+3	176,256870E+3	-916,000000E-3	1,992000E+3	12,000000E+0
19	65,325000E+3	176,232660E+3	-2,519000E+0	1,975000E+3	12,000000E+0
20	65,254000E+3	176,224590E+3	-4,580000E+0	1,948000E+3	12,000000E+0
21	65,177000E+3	176,208450E+3	-6,183000E+0	1,911000E+3	12,000000E+0
22	65,114000E+3	176,203070E+3	-7,786000E+0	1,866000E+3	12,000000E+0
23	65,050000E+3	176,170790E+3	-9,389000E+0	1,813000E+3	12,000000E+0
24	64,994000E+3	176,181550E+3	-10,992000E+0	1,750000E+3	12,000000E+0
25	64,938000E+3	176,170790E+3	-12,137000E+0	1,682000E+3	12,000000E+0
26	64,889000E+3	176,143890E+3	-13,282000E+0	1,606000E+3	12,000000E+0
27	64,853000E+3	176,149270E+3	-14,427000E+0	1,525000E+3	12,000000E+0
28	64,825000E+3	176,143890E+3	-15,114000E+0	1,439000E+3	12,000000E+0
29	64,790000E+3	176,141200E+3	-15,801000E+0	1,349000E+3	12,000000E+0
30	64,762000E+3	176,146580E+3	-16,488000E+0	1,255000E+3	12,000000E+0
31	64,755000E+3	176,133130E+3	-16,946000E+0	1,159000E+3	12,000000E+0
32	64,748000E+3	176,141200E+3	-16,946000E+0	1,061000E+3	12,000000E+0
33	64,762000E+3	176,141200E+3	-17,404000E+0	964,000000E+0	12,000000E+0
34	64,776000E+3	176,154650E+3	-17,175000E+0	865,000000E+0	12,000000E+0
35	64,783000E+3	176,154650E+3	-16,717000E+0	769,000000E+0	12,000000E+0
36	64,804000E+3	176,149270E+3	-16,717000E+0	677,000000E+0	12,000000E+0
37	64,846000E+3	176,157340E+3	-16,030000E+0	586,000000E+0	12,000000E+0
38	64,882000E+3	176,149270E+3	-15,114000E+0	502,000000E+0	12,000000E+0
39	64,931000E+3	176,184240E+3	-14,427000E+0	420,000000E+0	12,000000E+0
40	64,980000E+3	176,184240E+3	-13,511000E+0	347,000000E+0	12,000000E+0
41	65,050000E+3	176,195000E+3	-12,366000E+0	279,000000E+0	12,000000E+0
42	65,107000E+3	176,192310E+3	-10,763000E+0	221,000000E+0	12,000000E+0
43	65,184000E+3	176,224590E+3	-9,389000E+0	169,000000E+0	12,000000E+0
44	65,254000E+3	176,235350E+3	-7,786000E+0	126,000000E+0	12,000000E+0
45	65,325000E+3	176,259560E+3	-6,183000E+0	93,000000E+0	12,000000E+0
46	65,409000E+3	176,273010E+3	-4,580000E+0	67,000000E+0	12,000000E+0
47	65,486000E+3	0,000000E+0	-2,748000E+0	53,000000E+0	12,000000E+0
48	28,000000E+0	2,690000E+0	-916,000000E-3	48,000000E+0	12,000000E+0
49	112,000000E+0	24,210000E+0	458,000000E-3	53,000000E+0	12,000000E+0
50	189,000000E+0	40,350000E+0	2,290000E+0	67,000000E+0	12,000000E+0
51	260,000000E+0	51,110000E+0	4,122000E+0	93,000000E+0	12,000000E+0
52	330,000000E+0	64,560000E+0	5,725000E+0	126,000000E+0	12,000000E+0
53	414,000000E+0	91,460000E+0	7,099000E+0	169,000000E+0	12,000000E+0
54	471,000000E+0	96,840000E+0	9,160000E+0	221,000000E+0	12,000000E+0
55	541,000000E+0	107,600000E+0	10,305000E+0	280,000000E+0	12,000000E+0
56	590,000000E+0	112,980000E+0	11,908000E+0	348,000000E+0	12,000000E+0
57	625,000000E+0	107,600000E+0	13,053000E+0	421,000000E+0	12,000000E+0
58	675,000000E+0	129,120000E+0	13,740000E+0	501,000000E+0	12,000000E+0
59	717,000000E+0	150,640000E+0	14,885000E+0	585,000000E+0	12,000000E+0
60	759,000000E+0	139,880000E+0	15,801000E+0	676,000000E+0	12,000000E+0
61	710,000000E+0	37,660000E+0	16,259000E+0	776,000000E+0	12,000000E+0
62	717,000000E+0	150,640000E+0	12,824000E+0	871,000000E+0	12,000000E+0
63	710,000000E+0	137,190000E+0	12,137000E+0	972,000000E+0	12,000000E+0
64	710,000000E+0	142,570000E+0	12,137000E+0	1,070000E+3	12,000000E+0
65	745,000000E+0	126,430000E+0	15,572000E+0	1,161000E+3	12,000000E+0
66	745,000000E+0	121,050000E+0	16,488000E+0	1,255000E+3	12,000000E+0
67	717,000000E+0	115,670000E+0	16,488000E+0	1,349000E+3	12,000000E+0
68	689,000000E+0	112,980000E+0	16,030000E+0	1,440000E+3	12,000000E+0
69	667,000000E+0	118,360000E+0	15,572000E+0	1,526000E+3	12,000000E+0
70	604,000000E+0	94,150000E+0	14,656000E+0	1,608000E+3	12,000000E+0
71	562,000000E+0	94,150000E+0	13,511000E+0	1,683000E+3	12,000000E+0
72	506,000000E+0	86,080000E+0	12,595000E+0	1,752000E+3	12,000000E+0
73	428,000000E+0	69,940000E+0	11,450000E+0	1,813000E+3	12,000000E+0
74	372,000000E+0	61,870000E+0	9,618000E+0	1,867000E+3	12,000000E+0
75	309,000000E+0	48,420000E+0	8,244000E+0	1,911000E+3	12,000000E+0
76	225,000000E+0	34,970000E+0	6,870000E+0	1,948000E+3	12,000000E+0
77	147,000000E+0	16,140000E+0	5,038000E+0	1,974000E+3	12,000000E+0
78	70,000000E+0	0,000000E+0	3,206000E+0	1,991000E+3	12,000000E+0
79	0,000000E+0	176,283770E+3	1,374000E+0	1,998000E+3	12,000000E+0
80	65,444000E+3	176,267630E+3	0,000000E+0	1,997000E+3	12,000000E+0
81	65,374000E+3	176,251490E+3	-1,832000E+0	1,984000E+3	12,000000E+0
82	65,289000E+3	176,238040E+3	-3,435000E+0	1,962000E+3	12,000000E+0
83	65,219000E+3	176,213830E+3	-5,496000E+0	1,930000E+3	12,000000E+0
84	65,156000E+3	176,211140E+3	-7,099000E+0	1,889000E+3	12,000000E+0
85	65,078000E+3	176,181550E+3	-8,473000E+0	1,841000E+3	12,000000E+0
86	65,015000E+3	176,184240E+3	-10,076000E+0	1,782000E+3	12,000000E+0
87	64,959000E+3	176,165410E+3	-11,679000E+0	1,718000E+3	12,000000E+0
88	64,917000E+3	176,170790E+3	-12,824000E+0	1,644000E+3	12,000000E+0
89	64,875000E+3	176,151960E+3	-13,740000E+0	1,566000E+3	12,000000E+0
90	64,832000E+3	176,157340E+3	-14,885000E+0	1,482000E+3	12,000000E+0
91	64,804000E+3	176,141200E+3	-15,343000E+0	1,394000E+3	12,000000E+0
92	64,783000E+3	176,130440E+3	-16,030000E+0	1,303000E+3	12,000000E+0
93	64,769000E+3	176,135820E+3	-16,717000E+0	1,207000E+3	12,000000E+0
94	64,755000E+3	176,130440E+3	-17,175000E+0	1,110000E+3	12,000000E+0
95	64,762000E+3	176,149270E+3	-17,175000E+0	1,011000E+3	12,000000E+0
96	64,762000E+3	176,146580E+3	-17,175000E+0	915,000000E+0	12,000000E+0
97	64,776000E+3	176,141200E+3	-17,175000E+0	818,000000E+0	12,000000E+0
98	64,797000E+3	176,160030E+3	-16,717000E+0	722,000000E+0	12,000000E+0
99	64,832000E+3	176,149270E+3	-16,259000E+0	631,000000E+0	12,000000E+0
100	64,868000E+3	176,160030E+3	-15,801000E+0	544,000000E+0	12,000000E+0
101	64,917000E+3	176,181550E+3	-14,656000E+0	459,000000E+0	12,000000E+0
102	64,959000E+3	176,184240E+3	-13,969000E+0	383,000000E+0	12,000000E+0
103	65,022000E+3	176,189620E+3	-13,053000E+0	313,000000E+0	12,000000E+0
104	65,078000E+3	176,208450E+3	-11,450000E+0	249,000000E+0	12,000000E+0
105	65,156000E+3	176,219210E+3	-10,076000E+0	193,000000E+0	12,000000E+0
106	65,226000E+3	176,243420E+3	-8,473000E+0	145,000000E+0	12,000000E+0
107	65,289000E+3	176,246110E+3	-6,870000E+0	107,000000E+0	12,000000E+0
108	65,367000E+3	176,264940E+3	-5,496000E+0	79,000000E+0	12,000000E+0
109	65,444000E+3	176,283770E+3	-3,893000E+0	59,000000E+0	12,000000E+0
110	65,521000E+3	0,000000E+0	-1,832000E+0	50,000000E+0	12,000000E+0
111	70,000000E+0	13,450000E+0	-229,000000E-3	50,000000E+0	12,000000E+0
112	147,000000E+0	29,590000E+0	1,374000E+0	59,000000E+0	12,000000E+0
113	232,000000E+0	53,800000E+0	3,206000E+0	79,000000E+0	12,000000E+0
114	302,000000E+0	61,870000E+0	5,038000E+0	108,000000E+0	12,000000E+0
115	358,000000E+0	64,560000E+0	6,641000E+0	146,000000E+0	12,000000E+0
116	435,000000E+0	72,630000E+0	8,015000E+0	195,000000E+0	12,000000E+0
117	499,000000E+0	88,770000E+0	9,618000E+0	250,000000E+0	12,000000E+0
118	562,000000E+0	112,980000E+0	11,221000E+0	312,000000E+0	12,000000E+0
119	618,000000E+0	118,360000E+0	12,366000E+0	384,000000E+0	12,000000E+0
120	653,000000E+0	123,740000E+0	13,740000E+0	460,000000E+0	12,000000E+0
121	689,000000E+0	129,120000E+0	14,427000E+0	543,000000E+0	12,000000E+0
122	717,000000E+0	112,980000E+0	15,114000E+0	632,000000E+0	12,000000E+0
123	752,000000E+0	137,190000E+0	15,801000E+0	722,000000E+0	12,000000E+0
124	780,000000E+0	142,570000E+0	16,717000E+0	816,000000E+0	12,000000E+0
125	780,000000E+0	129,120000E+0	17,175000E+0	913,000000E+0	12,000000E+0
126	773,000000E+0	137,190000E+0	17,175000E+0	1,011000E+3	12,000000E+0
127	780,000000E+0	145,260000E+0	17,175000E+0	1,108000E+3	12,000000E+0
128	752,000000E+0	123,740000E+0	17,175000E+0	1,206000E+3	12,000000E+0
129	738,000000E+0	121,050000E+0	16,946000E+0	1,302000E+3	12,000000E+0
130	724,000000E+0	118,360000E+0	16,259000E+0	1,394000E+3	12,000000E+0
131	682,000000E+0	134,500000E+0	16,030000E+0	1,483000E+3	12,000000E+0
132	625,000000E+0	86,080000E+0	15,343000E+0	1,568000E+3	12,000000E+0
133	590,000000E+0	107,600000E+0	14,198000E+0	1,646000E+3	12,000000E+0
134	534,000000E+0	83,390000E+0	13,053000E+0	1,719000E+3	12,000000E+0
135	471,000000E+0	80,700000E+0	11,908000E+0	1,783000E+3	12,000000E+0
136	414,000000E+0	78,010000E+0	10,534000E+0	1,841000E+3	12,000000E+0
137	330,000000E+0	45,730000E+0	9,160000E+0	1,891000E+3	12,000000E+0
138	267,000000E+0	43,040000E+0	7,328000E+0	1,931000E+3	12,000000E+0
139	182,000000E+0	21,520000E+0	5,954000E+0	1,962000E+3	12,000000E+0
140	105,000000E+0	8,070000E+0	4,122000E+0	1,984000E+3	12,000000E+0
141	35,000000E+0	0,000000E+0	2,290000E+0	1,996000E+3	12,000000E+0
142	65,486000E+3	176,275700E+3	687,000000E-3	1,998000E+3	12,000000E+0
143	65,409000E+3	176,254180E+3	-916,000000E-3	1,991000E+3	12,000000E+0
144	65,325000E+3	176,232660E+3	-2,748000E+0	1,975000E+3	12,000000E+0
145	65,254000E+3	176,232660E+3	-4,580000E+0	1,948000E+3	12,000000E+0
146	65,177000E+3	176,203070E+3	-6,412000E+0	1,911000E+3	12,000000E+0
147	65,114000E+3	176,197690E+3	-7,786000E+0	1,866000E+3	12,000000E+0
148	65,043000E+3	176,176170E+3	-9,389000E+0	1,813000E+3	12,000000E+0
149	64,994000E+3	176,170790E+3	-10,763000E+0	1,751000E+3	12,000000E+0
150	64,938000E+3	176,162720E+3	-12,137000E+0	1,682000E+3	12,000000E+0
151	64,889000E+3	176,168100E+3	-13,282000E+0	1,605000E+3	12,000000E+0
152	64,853000E+3	176,149270E+3	-14,427000E+0	1,525000E+3	12,000000E+0
153	64,811000E+3	176,127750E+3	-15,343000E+0	1,440000E+3	12,000000E+0
154	64,790000E+3	176,141200E+3	-15,801000E+0	1,349000E+3	12,000000E+0
155	64,769000E+3	176,146580E+3	-16,488000E+0	1,255000E+3	12,000000E+0
156	64,755000E+3	176,135820E+3	-17,175000E+0	1,159000E+3	12,000000E+0
157	64,741000E+3	176,141200E+3	-17,175000E+0	1,062000E+3	12,000000E+0
158	64,762000E+3	176,149270E+3	-17,404000E+0	962,000000E+0	12,000000E+0
159	64,769000E+3	176,141200E+3	-16,946000E+0	865,000000E+0	12,000000E+0
160	64,797000E+3	176,176170E+3	-16,717000E+0	767,000000E+0	12,000000E+0
161	64,811000E+3	176,138510E+3	-16,488000E+0	677,000000E+0	12,000000E+0
162	64,853000E+3	176,160030E+3	-16,030000E+0	586,000000E+0	12,000000E+0
163	64,889000E+3	176,162720E+3	-15,114000E+0	501,000000E+0	12,000000E+0
164	64,931000E+3	176,184240E+3	-14,427000E+0	420,000000E+0	12,000000E+0
165	64,980000E+3	176,181550E+3	-13,511000E+0	347,000000E+0	12,000000E+0
166	65,050000E+3	176,195000E+3	-12,137000E+0	279,000000E+0	12,000000E+0
167	65,114000E+3	176,208450E+3	-10,763000E+0	220,000000E+0	12,000000E+0
168	65,191000E+3	176,219210E+3	-9,389000E+0	169,000000E+0	12,000000E+0
169	65,254000E+3	176,235350E+3	-7,786000E+0	126,000000E+0	12,000000E+0
170	65,325000E+3	176,256870E+3	-6,183000E+0	92,000000E+0	12,000000E+0
171	65,402000E+3	176,270320E+3	-4,580000E+0	68,000000E+0	12,000000E+0
172	65,486000E+3	0,000000E+0	-2,748000E+0	53,000000E+0	12,000000E+0
173	28,000000E+0	2,690000E+0	-916,000000E-3	48,000000E+0	12,000000E+0
174	112,000000E+0	26,900000E+0	458,000000E-3	53,000000E+0	12,000000E+0
175	189,000000E+0	37,660000E+0	2,290000E+0	67,000000E+0	12,000000E+0
176	260,000000E+0	45,730000E+0	4,122000E+0	93,000000E+0	12,000000E+0
177	330,000000E+0	67,250000E+0	5,725000E+0	126,000000E+0	12,000000E+0
178	400,000000E+0	75,320000E+0	7,099000E+0	170,000000E+0	12,000000E+0
179	506,000000E+0	88,770000E+0	8,702000E+0	215,000000E+0	12,000000E+0
180	555,000000E+0	102,220000E+0	10,534000E+0	278,000000E+0	12,000000E+0
181	597,000000E+0	123,740000E+0	12,366000E+0	347,000000E+0	12,000000E+0
182	618,000000E+0	94,150000E+0	13,282000E+0	422,000000E+0	12,000000E+0
183	675,000000E+0	115,670000E+0	13,740000E+0	501,000000E+0	12,000000E+0
184	710,000000E+0	134,500000E+0	14,885000E+0	585,000000E+0	12,000000E+0
185	738,000000E+0	123,740000E+0	15,801000E+0	676,000000E+0	12,000000E+0
186	766,000000E+0	139,880000E+0	16,488000E+0	768,000000E+0	12,000000E+0
187	773,000000E+0	139,880000E+0	16,717000E+0	864,000000E+0	12,000000E+0
188	780,000000E+0	145,260000E+0	17,175000E+0	962,000000E+0	12,000000E+0
189	780,000000E+0	142,570000E+0	17,175000E+0	1,060000E+3	12,000000E+0
190	766,000000E+0	123,740000E+0	17,175000E+0	1,159000E+3	12,000000E+0
191	759,000000E+0	147,950000E+0	16,946000E+0	1,253000E+3	12,000000E+0
192	724,000000E+0	112,980000E+0	16,946000E+0	1,349000E+3	12,000000E+0
193	696,000000E+0	112,980000E+0	16,030000E+0	1,440000E+3	12,000000E+0
194	660,000000E+0	118,360000E+0	15,572000E+0	1,526000E+3	12,000000E+0
195	604,000000E+0	107,600000E+0	14,656000E+0	1,607000E+3	12,000000E+0
196	562,000000E+0	94,150000E+0	13,511000E+0	1,683000E+3	12,000000E+0
197	506,000000E+0	96,840000E+0	12,595000E+0	1,751000E+3	12,000000E+0
198	428,000000E+0	64,560000E+0	11,450000E+0	1,814000E+3	12,000000E+0
199	372,000000E+0	64,560000E+0	9,618000E+0	1,867000E+3	12,000000E+0
200	302,000000E+0	45,730000E+0	8,473000E+0	1,912000E+3	12,000000E+0
201	217,000000E+0	18,830000E+0	6,870000E+0	1,949000E+3	12,000000E+0
202	147,000000E+0	13,450000E+0	5,038000E+0	1,975000E+3	12,000000E+0
203	70,000000E+0	0,000000E+0	3,206000E+0	1,992000E+3	12,000000E+0
204	0,000000E+0	176,286460E+3	1,374000E+0	1,998000E+3	12,000000E+0
205	65,444000E+3	176,267630E+3	0,000000E+0	1,997000E+3	12,000000E+0
206	65,374000E+3	176,251490E+3	-1,832000E+0	1,984000E+3	12,000000E+0
207	65,289000E+3	176,227280E+3	-3,664000E+0	1,962000E+3	12,000000E+0
208	65,219000E+3	176,213830E+3	-5,496000E+0	1,930000E+3	12,000000E+0
209	65,156000E+3	176,203070E+3	-7,099000E+0	1,889000E+3	12,000000E+0
210	65,086000E+3	176,197690E+3	-8,473000E+0	1,840000E+3	12,000000E+0
211	65,015000E+3	176,173480E+3	-10,076000E+0	1,782000E+3	12,000000E+0
212	64,966000E+3	176,165410E+3	-11,679000E+0	1,718000E+3	12,000000E+0
213	64,910000E+3	176,157340E+3	-12,824000E+0	1,644000E+3	12,000000E+0
214	64,875000E+3	176,168100E+3	-13,969000E+0	1,566000E+3	12,000000E+0
215	64,846000E+3	176,160030E+3	-14,885000E+0	1,481000E+3	12,000000E+0
216	64,811000E+3	176,130440E+3	-15,343000E+0	1,395000E+3	12,000000E+0
217	64,790000E+3	176,157340E+3	-16,259000E+0	1,301000E+3	12,000000E+0
218	64,762000E+3	176,135820E+3	-16,717000E+0	1,206000E+3	12,000000E+0
219	64,755000E+3	176,146580E+3	-17,175000E+0	1,109000E+3	12,000000E+0
220	64,762000E+3	176,149270E+3	-17,175000E+0	1,011000E+3	12,000000E+0
221	64,762000E+3	176,149270E+3	-17,175000E+0	914,000000E+0	12,000000E+0
222	64,776000E+3	176,141200E+3	-16,946000E+0	818,000000E+0	12,000000E+0
223	64,797000E+3	176,146580E+3	-16,717000E+0	723,000000E+0	12,000000E+0
224	64,825000E+3	176,151960E+3	-16,259000E+0	631,000000E+0	12,000000E+0
225	64,882000E+3	176,176170E+3	-15,801000E+0	542,000000E+0	12,000000E+0
226	64,910000E+3	176,178860E+3	-14,885000E+0	459,000000E+0	12,000000E+0
227	64,966000E+3	176,184240E+3	-13,740000E+0	383,000000E+0	12,000000E+0
228	65,022000E+3	176,197690E+3	-13,053000E+0	312,000000E+0	12,000000E+0
229	65,078000E+3	176,208450E+3	-11,450000E+0	248,000000E+0	12,000000E+0
230	65,156000E+3	176,227280E+3	-10,076000E+0	193,000000E+0	12,000000E+0
231	65,226000E+3	176,235350E+3	-8,473000E+0	145,000000E+0	12,000000E+0
232	65,289000E+3	176,248800E+3	-6,870000E+0	108,000000E+0	12,000000E+0
233	65,367000E+3	176,264940E+3	-5,496000E+0	79,000000E+0	12,000000E+0
234	65,444000E+3	176,283770E+3	-3,664000E+0	59,000000E+0	12,000000E+0
235	65,521000E+3	0,000000E+0	-1,832000E+0	50,000000E+0	12,000000E+0
236	70,000000E+0	13,450000E+0	-229,000000E-3	50,000000E+0	12,000000E+0
237	147,000000E+0	32,280000E+0	1,374000E+0	59,000000E+0	12,000000E+0
238	232,000000E+0	51,110000E+0	3,206000E+0	79,000000E+0	12,000000E+0
239	302,000000E+0	61,870000E+0	5,038000E+0	108,000000E+0	12,000000E+0
240	365,000000E+0	72,630000E+0	6,412000E+0	146,000000E+0	12,000000E+0
241	442,000000E+0	102,220000E+0	8,015000E+0	194,000000E+0	12,000000E+0
242	499,000000E+0	88,770000E+0	9,618000E+0	250,000000E+0	12,000000E+0
243	555,000000E+0	102,220000E+0	11,221000E+0	314,000000E+0	12,000000E+0
244	604,000000E+0	104,910000E+0	12,366000E+0	384,000000E+0	12,000000E+0
245	653,000000E+0	126,430000E+0	13,511000E+0	460,000000E+0	12,000000E+0
246	696,000000E+0	142,570000E+0	14,427000E+0	542,000000E+0	12,000000E+0
247	724,000000E+0	110,290000E+0	15,343000E+0	631,000000E+0	12,000000E+0
248	759,000000E+0	139,880000E+0	16,030000E+0	721,000000E+0	12,000000E+0
249	780,000000E+0	142,570000E+0	16,717000E+0	816,000000E+0	12,000000E+0
250	773,000000E+0	118,360000E+0	16,946000E+0	914,000000E+0	12,000000E+0
