vendredi 12 janvier 2024	13:00:49	Sampling Period : 40  ms		
Unities: time [sample], PWM [raw], Current [mA], velocity [rev/min], Position [pulse], Present Input Voltage [V]

t	DXL_PWM		DXL_Current		DXL_Velocity		DXL_Position		DXL_Input_Voltage
0	65,528000E+3	176,289150E+3	0,000000E+0	1,025000E+3	12,000000E+0
1	64,938000E+3	176,028220E+3	-687,000000E-3	1,008000E+3	11,700000E+0
2	64,651000E+3	175,866820E+3	-15,572000E+0	914,000000E+0	11,500000E+0
3	64,651000E+3	175,923310E+3	-32,289000E+0	733,000000E+0	11,600000E+0
4	64,651000E+3	175,904480E+3	-33,205000E+0	552,000000E+0	11,600000E+0
5	64,651000E+3	175,866820E+3	-29,999000E+0	388,000000E+0	11,600000E+0
6	64,825000E+3	175,958280E+3	-24,961000E+0	251,000000E+0	11,600000E+0
7	65,043000E+3	176,022840E+3	-18,549000E+0	150,000000E+0	11,800000E+0
8	65,268000E+3	176,095470E+3	-12,366000E+0	86,000000E+0	11,900000E+0
9	65,521000E+3	176,262250E+3	-5,725000E+0	58,000000E+0	11,900000E+0
10	260,000000E+0	78,010000E+0	229,000000E-3	65,000000E+0	11,900000E+0
11	492,000000E+0	161,400000E+0	8,015000E+0	116,000000E+0	11,800000E+0
12	696,000000E+0	225,960000E+0	14,656000E+0	202,000000E+0	11,700000E+0
13	885,000000E+0	317,420000E+0	20,152000E+0	320,000000E+0	11,600000E+0
14	885,000000E+0	322,800000E+0	25,419000E+0	463,000000E+0	11,600000E+0
15	885,000000E+0	293,210000E+0	29,770000E+0	631,000000E+0	11,600000E+0
16	885,000000E+0	293,210000E+0	33,205000E+0	813,000000E+0	11,600000E+0
17	885,000000E+0	309,350000E+0	35,266000E+0	1,002000E+3	11,600000E+0
18	885,000000E+0	330,870000E+0	36,411000E+0	1,196000E+3	11,700000E+0
19	885,000000E+0	347,010000E+0	35,266000E+0	1,385000E+3	11,700000E+0
20	885,000000E+0	363,150000E+0	32,976000E+0	1,561000E+3	11,600000E+0
21	864,000000E+0	403,500000E+0	28,854000E+0	1,716000E+3	11,600000E+0
22	639,000000E+0	303,970000E+0	22,900000E+0	1,839000E+3	11,600000E+0
23	414,000000E+0	228,650000E+0	16,488000E+0	1,926000E+3	11,800000E+0
24	168,000000E+0	115,670000E+0	10,076000E+0	1,977000E+3	11,900000E+0
25	65,465000E+3	176,286460E+3	2,977000E+0	1,989000E+3	11,900000E+0
26	65,170000E+3	176,149270E+3	-2,748000E+0	1,969000E+3	11,800000E+0
27	64,945000E+3	176,063190E+3	-10,992000E+0	1,904000E+3	11,700000E+0
28	64,741000E+3	175,963660E+3	-16,946000E+0	1,805000E+3	11,600000E+0
29	64,651000E+3	175,912550E+3	-22,442000E+0	1,677000E+3	11,600000E+0
30	64,651000E+3	175,950210E+3	-27,709000E+0	1,523000E+3	11,600000E+0
31	64,651000E+3	175,974420E+3	-31,602000E+0	1,351000E+3	11,600000E+0
32	64,651000E+3	175,955590E+3	-34,350000E+0	1,165000E+3	11,600000E+0
33	64,651000E+3	175,942140E+3	-35,724000E+0	973,000000E+0	11,600000E+0
34	64,651000E+3	175,942140E+3	-35,495000E+0	780,000000E+0	11,700000E+0
35	64,651000E+3	175,926000E+3	-33,892000E+0	595,000000E+0	11,600000E+0
36	64,651000E+3	175,885650E+3	-30,686000E+0	426,000000E+0	11,600000E+0
37	64,762000E+3	175,915240E+3	-26,564000E+0	282,000000E+0	11,600000E+0
38	65,001000E+3	176,014770E+3	-20,152000E+0	171,000000E+0	11,700000E+0
39	65,212000E+3	176,065880E+3	-13,969000E+0	98,000000E+0	11,800000E+0
40	65,458000E+3	176,208450E+3	-7,557000E+0	61,000000E+0	11,900000E+0
41	168,000000E+0	40,350000E+0	-458,000000E-3	64,000000E+0	11,900000E+0
42	442,000000E+0	150,640000E+0	5,267000E+0	100,000000E+0	11,800000E+0
43	653,000000E+0	215,200000E+0	12,824000E+0	177,000000E+0	11,700000E+0
44	871,000000E+0	328,180000E+0	19,007000E+0	287,000000E+0	11,600000E+0
45	885,000000E+0	298,590000E+0	24,503000E+0	425,000000E+0	11,600000E+0
46	885,000000E+0	290,520000E+0	28,854000E+0	587,000000E+0	11,600000E+0
47	885,000000E+0	303,970000E+0	32,289000E+0	764,000000E+0	11,600000E+0
48	885,000000E+0	303,970000E+0	34,808000E+0	954,000000E+0	11,600000E+0
49	885,000000E+0	330,870000E+0	36,182000E+0	1,148000E+3	11,600000E+0
50	885,000000E+0	352,390000E+0	35,724000E+0	1,338000E+3	11,600000E+0
51	885,000000E+0	363,150000E+0	33,434000E+0	1,520000E+3	11,700000E+0
52	885,000000E+0	425,020000E+0	29,999000E+0	1,680000E+3	11,600000E+0
53	710,000000E+0	349,700000E+0	24,503000E+0	1,809000E+3	11,600000E+0
54	478,000000E+0	242,100000E+0	18,778000E+0	1,908000E+3	11,700000E+0
55	225,000000E+0	139,880000E+0	11,679000E+0	1,969000E+3	11,900000E+0
56	65,521000E+3	13,450000E+0	4,580000E+0	1,990000E+3	11,900000E+0
57	65,219000E+3	176,149270E+3	-916,000000E-3	1,980000E+3	11,900000E+0
58	65,008000E+3	176,084710E+3	-9,618000E+0	1,924000E+3	11,800000E+0
59	64,790000E+3	175,990560E+3	-15,572000E+0	1,832000E+3	11,600000E+0
60	64,651000E+3	175,899100E+3	-21,297000E+0	1,711000E+3	11,600000E+0
61	64,651000E+3	175,942140E+3	-26,564000E+0	1,564000E+3	11,600000E+0
62	64,651000E+3	175,969040E+3	-30,915000E+0	1,395000E+3	11,600000E+0
63	64,651000E+3	175,974420E+3	-33,663000E+0	1,212000E+3	11,600000E+0
64	64,651000E+3	175,969040E+3	-35,724000E+0	1,020000E+3	11,600000E+0
65	64,651000E+3	175,993250E+3	-35,266000E+0	819,000000E+0	11,600000E+0
66	64,651000E+3	175,928690E+3	-34,350000E+0	639,000000E+0	11,600000E+0
67	64,651000E+3	175,901790E+3	-31,602000E+0	465,000000E+0	11,600000E+0
68	64,727000E+3	175,899100E+3	-27,709000E+0	314,000000E+0	11,600000E+0
69	64,938000E+3	175,977110E+3	-21,755000E+0	194,000000E+0	11,700000E+0
70	65,170000E+3	176,071260E+3	-15,572000E+0	112,000000E+0	11,800000E+0
71	65,395000E+3	176,186930E+3	-8,702000E+0	66,000000E+0	11,900000E+0
72	98,000000E+0	8,070000E+0	-2,061000E+0	60,000000E+0	11,900000E+0
73	379,000000E+0	115,670000E+0	3,435000E+0	85,000000E+0	11,800000E+0
74	611,000000E+0	209,820000E+0	11,450000E+0	154,000000E+0	11,700000E+0
75	822,000000E+0	298,590000E+0	17,862000E+0	258,000000E+0	11,600000E+0
76	885,000000E+0	328,180000E+0	23,358000E+0	389,000000E+0	11,600000E+0
77	885,000000E+0	303,970000E+0	27,938000E+0	545,000000E+0	11,600000E+0
78	885,000000E+0	314,730000E+0	31,831000E+0	719,000000E+0	11,600000E+0
79	885,000000E+0	293,210000E+0	34,350000E+0	908,000000E+0	11,600000E+0
80	885,000000E+0	312,040000E+0	35,953000E+0	1,101000E+3	11,600000E+0
81	885,000000E+0	336,250000E+0	36,182000E+0	1,292000E+3	11,600000E+0
82	885,000000E+0	363,150000E+0	34,121000E+0	1,475000E+3	11,600000E+0
83	885,000000E+0	408,880000E+0	31,373000E+0	1,641000E+3	11,600000E+0
84	752,000000E+0	368,530000E+0	26,335000E+0	1,782000E+3	11,600000E+0
85	527,000000E+0	274,380000E+0	19,923000E+0	1,888000E+3	11,800000E+0
86	288,000000E+0	177,540000E+0	13,282000E+0	1,957000E+3	11,900000E+0
87	49,000000E+0	56,490000E+0	6,412000E+0	1,988000E+3	11,900000E+0
88	65,325000E+3	176,232660E+3	0,000000E+0	1,983000E+3	11,900000E+0
89	65,057000E+3	176,106230E+3	-6,641000E+0	1,941000E+3	11,800000E+0
90	64,832000E+3	176,006700E+3	-14,198000E+0	1,858000E+3	11,600000E+0
91	64,651000E+3	175,904480E+3	-20,152000E+0	1,744000E+3	11,600000E+0
92	64,651000E+3	175,909860E+3	-25,419000E+0	1,603000E+3	11,600000E+0
93	64,651000E+3	175,944830E+3	-29,999000E+0	1,440000E+3	11,600000E+0
94	64,651000E+3	175,955590E+3	-33,205000E+0	1,260000E+3	11,600000E+0
95	64,651000E+3	175,960970E+3	-35,495000E+0	1,069000E+3	11,600000E+0
96	64,651000E+3	175,952900E+3	-35,953000E+0	876,000000E+0	11,600000E+0
97	64,651000E+3	175,939450E+3	-34,808000E+0	686,000000E+0	11,600000E+0
98	64,651000E+3	175,944830E+3	-32,289000E+0	502,000000E+0	11,600000E+0
99	64,657000E+3	175,858750E+3	-28,854000E+0	350,000000E+0	11,600000E+0
100	64,882000E+3	175,974420E+3	-23,587000E+0	220,000000E+0	11,700000E+0
101	65,100000E+3	176,047050E+3	-17,175000E+0	129,000000E+0	11,800000E+0
102	65,332000E+3	176,143890E+3	-10,534000E+0	74,000000E+0	11,900000E+0
103	42,000000E+0	0,000000E+0	-3,893000E+0	57,000000E+0	11,900000E+0
104	323,000000E+0	102,220000E+0	1,832000E+0	72,000000E+0	11,800000E+0
105	562,000000E+0	182,920000E+0	9,847000E+0	133,000000E+0	11,700000E+0
106	759,000000E+0	252,860000E+0	16,488000E+0	230,000000E+0	11,600000E+0
107	885,000000E+0	320,110000E+0	21,526000E+0	355,000000E+0	11,600000E+0
108	885,000000E+0	322,800000E+0	26,793000E+0	503,000000E+0	11,600000E+0
109	885,000000E+0	301,280000E+0	30,686000E+0	674,000000E+0	11,600000E+0
110	885,000000E+0	287,830000E+0	33,892000E+0	861,000000E+0	11,700000E+0
111	885,000000E+0	306,660000E+0	35,495000E+0	1,051000E+3	11,700000E+0
112	885,000000E+0	333,560000E+0	36,182000E+0	1,245000E+3	11,600000E+0
113	885,000000E+0	357,770000E+0	34,579000E+0	1,431000E+3	11,600000E+0
114	885,000000E+0	403,500000E+0	31,831000E+0	1,602000E+3	11,600000E+0
115	808,000000E+0	392,740000E+0	27,480000E+0	1,750000E+3	11,600000E+0
116	576,000000E+0	309,350000E+0	21,526000E+0	1,864000E+3	11,700000E+0
117	351,000000E+0	215,200000E+0	14,885000E+0	1,943000E+3	11,800000E+0
118	105,000000E+0	91,460000E+0	8,244000E+0	1,984000E+3	11,900000E+0
119	65,409000E+3	176,264940E+3	1,145000E+0	1,986000E+3	11,900000E+0
120	65,114000E+3	176,130440E+3	-4,351000E+0	1,956000E+3	11,800000E+0
121	64,882000E+3	176,030910E+3	-12,366000E+0	1,882000E+3	11,700000E+0
122	64,699000E+3	175,909860E+3	-19,007000E+0	1,773000E+3	11,600000E+0
123	64,651000E+3	175,923310E+3	-23,587000E+0	1,639000E+3	11,600000E+0
124	64,651000E+3	175,958280E+3	-28,854000E+0	1,481000E+3	11,600000E+0
125	64,651000E+3	175,963660E+3	-32,289000E+0	1,305000E+3	11,600000E+0
126	64,651000E+3	175,963660E+3	-34,808000E+0	1,117000E+3	11,600000E+0
127	64,651000E+3	175,960970E+3	-35,953000E+0	924,000000E+0	11,600000E+0
128	64,651000E+3	175,944830E+3	-35,266000E+0	731,000000E+0	11,600000E+0
129	64,651000E+3	175,909860E+3	-32,976000E+0	551,000000E+0	11,600000E+0
130	64,651000E+3	175,874890E+3	-29,770000E+0	388,000000E+0	11,600000E+0
131	64,832000E+3	175,947520E+3	-25,190000E+0	250,000000E+0	11,600000E+0
132	65,050000E+3	176,038980E+3	-18,778000E+0	149,000000E+0	11,800000E+0
133	65,275000E+3	176,111610E+3	-12,137000E+0	84,000000E+0	11,900000E+0
134	65,514000E+3	176,264940E+3	-5,496000E+0	58,000000E+0	11,900000E+0
135	267,000000E+0	83,390000E+0	229,000000E-3	64,000000E+0	11,900000E+0
136	471,000000E+0	126,430000E+0	8,015000E+0	119,000000E+0	11,800000E+0
137	717,000000E+0	239,410000E+0	14,885000E+0	202,000000E+0	11,600000E+0
138	885,000000E+0	322,800000E+0	20,610000E+0	320,000000E+0	11,600000E+0
139	885,000000E+0	317,420000E+0	25,877000E+0	463,000000E+0	11,600000E+0
140	885,000000E+0	309,350000E+0	29,770000E+0	631,000000E+0	11,600000E+0
141	885,000000E+0	309,350000E+0	32,976000E+0	812,000000E+0	11,600000E+0
142	885,000000E+0	306,660000E+0	35,495000E+0	1,003000E+3	11,600000E+0
143	885,000000E+0	312,040000E+0	36,182000E+0	1,198000E+3	11,600000E+0
144	885,000000E+0	347,010000E+0	35,037000E+0	1,386000E+3	11,600000E+0
145	885,000000E+0	379,290000E+0	32,976000E+0	1,561000E+3	11,600000E+0
146	871,000000E+0	427,710000E+0	28,854000E+0	1,716000E+3	11,600000E+0
147	639,000000E+0	330,870000E+0	23,129000E+0	1,839000E+3	11,700000E+0
148	421,000000E+0	242,100000E+0	16,717000E+0	1,927000E+3	11,800000E+0
149	168,000000E+0	121,050000E+0	10,305000E+0	1,977000E+3	11,900000E+0
150	65,465000E+3	176,289150E+3	2,977000E+0	1,989000E+3	11,900000E+0
151	65,170000E+3	176,160030E+3	-2,748000E+0	1,968000E+3	11,800000E+0
152	64,966000E+3	176,095470E+3	-10,763000E+0	1,901000E+3	11,700000E+0
153	64,741000E+3	175,955590E+3	-16,717000E+0	1,805000E+3	11,600000E+0
154	64,651000E+3	175,909860E+3	-22,671000E+0	1,677000E+3	11,600000E+0
155	64,651000E+3	175,931380E+3	-27,709000E+0	1,523000E+3	11,600000E+0
156	64,651000E+3	175,950210E+3	-31,602000E+0	1,351000E+3	11,700000E+0
157	64,651000E+3	175,947520E+3	-34,579000E+0	1,166000E+3	11,600000E+0
158	64,651000E+3	175,947520E+3	-35,724000E+0	973,000000E+0	11,600000E+0
159	64,651000E+3	175,944830E+3	-35,724000E+0	781,000000E+0	11,600000E+0
160	64,651000E+3	175,920620E+3	-34,121000E+0	595,000000E+0	11,600000E+0
161	64,651000E+3	175,880270E+3	-30,915000E+0	425,000000E+0	11,600000E+0
162	64,776000E+3	175,926000E+3	-26,564000E+0	280,000000E+0	11,600000E+0
163	64,994000E+3	175,998630E+3	-20,152000E+0	171,000000E+0	11,700000E+0
164	65,219000E+3	176,076640E+3	-13,969000E+0	98,000000E+0	11,800000E+0
165	65,458000E+3	176,213830E+3	-7,557000E+0	61,000000E+0	11,900000E+0
166	168,000000E+0	40,350000E+0	-458,000000E-3	63,000000E+0	11,900000E+0
167	428,000000E+0	142,570000E+0	5,496000E+0	100,000000E+0	11,800000E+0
168	646,000000E+0	217,890000E+0	13,053000E+0	178,000000E+0	11,700000E+0
169	864,000000E+0	344,320000E+0	18,778000E+0	287,000000E+0	11,600000E+0
170	885,000000E+0	325,490000E+0	24,503000E+0	425,000000E+0	11,600000E+0
171	885,000000E+0	290,520000E+0	29,083000E+0	587,000000E+0	11,600000E+0
172	885,000000E+0	274,380000E+0	32,518000E+0	768,000000E+0	11,600000E+0
173	885,000000E+0	282,450000E+0	34,808000E+0	956,000000E+0	11,600000E+0
174	885,000000E+0	303,970000E+0	35,953000E+0	1,149000E+3	11,600000E+0
175	885,000000E+0	328,180000E+0	35,724000E+0	1,339000E+3	11,600000E+0
176	885,000000E+0	363,150000E+0	33,663000E+0	1,520000E+3	11,600000E+0
177	885,000000E+0	419,640000E+0	29,999000E+0	1,681000E+3	11,600000E+0
178	689,000000E+0	341,630000E+0	24,274000E+0	1,811000E+3	11,600000E+0
179	485,000000E+0	266,310000E+0	18,549000E+0	1,907000E+3	11,800000E+0
180	232,000000E+0	158,710000E+0	11,908000E+0	1,969000E+3	11,900000E+0
181	65,521000E+3	13,450000E+0	4,809000E+0	1,990000E+3	11,900000E+0
182	65,226000E+3	176,186930E+3	-916,000000E-3	1,979000E+3	11,800000E+0
183	65,001000E+3	176,082020E+3	-9,160000E+0	1,923000E+3	11,800000E+0
184	64,776000E+3	175,985180E+3	-15,572000E+0	1,832000E+3	11,600000E+0
185	64,651000E+3	175,909860E+3	-21,297000E+0	1,710000E+3	11,600000E+0
186	64,651000E+3	175,947520E+3	-26,564000E+0	1,562000E+3	11,600000E+0
187	64,651000E+3	175,960970E+3	-30,915000E+0	1,395000E+3	11,700000E+0
188	64,651000E+3	175,960970E+3	-33,892000E+0	1,213000E+3	11,600000E+0
189	64,651000E+3	175,958280E+3	-35,724000E+0	1,020000E+3	11,600000E+0
190	64,651000E+3	175,950210E+3	-35,953000E+0	828,000000E+0	11,700000E+0
191	64,651000E+3	175,899100E+3	-34,350000E+0	641,000000E+0	11,600000E+0
192	64,651000E+3	175,901790E+3	-31,602000E+0	466,000000E+0	11,600000E+0
193	64,713000E+3	175,885650E+3	-27,938000E+0	315,000000E+0	11,600000E+0
194	64,931000E+3	175,966350E+3	-21,984000E+0	195,000000E+0	11,700000E+0
195	65,163000E+3	176,060500E+3	-15,572000E+0	112,000000E+0	11,800000E+0
196	65,395000E+3	176,178860E+3	-8,931000E+0	66,000000E+0	11,900000E+0
197	98,000000E+0	8,070000E+0	-2,061000E+0	60,000000E+0	11,900000E+0
198	379,000000E+0	121,050000E+0	3,435000E+0	84,000000E+0	11,800000E+0
199	604,000000E+0	215,200000E+0	11,450000E+0	154,000000E+0	11,700000E+0
200	808,000000E+0	287,830000E+0	17,862000E+0	258,000000E+0	11,700000E+0
201	885,000000E+0	322,800000E+0	23,129000E+0	390,000000E+0	11,600000E+0
202	885,000000E+0	306,660000E+0	27,709000E+0	546,000000E+0	11,600000E+0
203	885,000000E+0	317,420000E+0	31,831000E+0	719,000000E+0	11,700000E+0
204	885,000000E+0	303,970000E+0	34,121000E+0	907,000000E+0	11,600000E+0
205	885,000000E+0	312,040000E+0	35,953000E+0	1,100000E+3	11,700000E+0
206	885,000000E+0	333,560000E+0	36,182000E+0	1,292000E+3	11,600000E+0
207	885,000000E+0	368,530000E+0	34,121000E+0	1,475000E+3	11,600000E+0
208	885,000000E+0	403,500000E+0	31,144000E+0	1,642000E+3	11,600000E+0
209	752,000000E+0	360,460000E+0	26,106000E+0	1,784000E+3	11,600000E+0
210	534,000000E+0	279,760000E+0	19,923000E+0	1,888000E+3	11,700000E+0
211	295,000000E+0	180,230000E+0	13,511000E+0	1,957000E+3	11,800000E+0
212	49,000000E+0	56,490000E+0	6,641000E+0	1,988000E+3	11,900000E+0
213	65,325000E+3	176,224590E+3	0,000000E+0	1,984000E+3	11,900000E+0
214	65,050000E+3	176,098160E+3	-6,641000E+0	1,942000E+3	11,800000E+0
215	64,839000E+3	176,006700E+3	-14,198000E+0	1,857000E+3	11,700000E+0
216	64,651000E+3	175,909860E+3	-20,152000E+0	1,743000E+3	11,600000E+0
217	64,651000E+3	175,915240E+3	-25,419000E+0	1,603000E+3	11,600000E+0
218	64,651000E+3	175,952900E+3	-29,999000E+0	1,438000E+3	11,600000E+0
219	64,651000E+3	175,960970E+3	-33,205000E+0	1,258000E+3	11,600000E+0
220	64,651000E+3	175,963660E+3	-35,266000E+0	1,068000E+3	11,600000E+0
221	64,651000E+3	175,960970E+3	-35,724000E+0	875,000000E+0	11,600000E+0
222	64,651000E+3	175,944830E+3	-34,808000E+0	684,000000E+0	11,600000E+0
223	64,651000E+3	175,888340E+3	-32,747000E+0	508,000000E+0	11,600000E+0
224	64,664000E+3	175,856060E+3	-28,625000E+0	350,000000E+0	11,600000E+0
225	64,875000E+3	175,960970E+3	-23,816000E+0	221,000000E+0	11,700000E+0
226	65,107000E+3	176,047050E+3	-17,175000E+0	129,000000E+0	11,800000E+0
227	65,332000E+3	176,141200E+3	-10,763000E+0	74,000000E+0	11,900000E+0
228	42,000000E+0	0,000000E+0	-3,893000E+0	58,000000E+0	11,900000E+0
229	323,000000E+0	96,840000E+0	1,832000E+0	73,000000E+0	11,800000E+0
230	562,000000E+0	180,230000E+0	9,847000E+0	133,000000E+0	11,700000E+0
231	752,000000E+0	250,170000E+0	16,488000E+0	230,000000E+0	11,600000E+0
232	885,000000E+0	320,110000E+0	21,526000E+0	355,000000E+0	11,600000E+0
233	885,000000E+0	320,110000E+0	26,793000E+0	504,000000E+0	11,600000E+0
234	885,000000E+0	298,590000E+0	30,686000E+0	674,000000E+0	11,600000E+0
235	885,000000E+0	293,210000E+0	33,892000E+0	860,000000E+0	11,600000E+0
236	885,000000E+0	306,660000E+0	35,495000E+0	1,052000E+3	11,600000E+0
237	885,000000E+0	336,250000E+0	36,182000E+0	1,245000E+3	11,700000E+0
238	885,000000E+0	360,460000E+0	34,808000E+0	1,431000E+3	11,600000E+0
239	885,000000E+0	398,120000E+0	31,831000E+0	1,602000E+3	11,600000E+0
240	815,000000E+0	381,980000E+0	27,938000E+0	1,752000E+3	11,500000E+0
241	576,000000E+0	301,280000E+0	21,297000E+0	1,865000E+3	11,700000E+0
242	351,000000E+0	209,820000E+0	14,885000E+0	1,943000E+3	11,800000E+0
243	105,000000E+0	94,150000E+0	8,244000E+0	1,984000E+3	11,900000E+0
244	65,409000E+3	176,264940E+3	1,145000E+0	1,985000E+3	11,900000E+0
245	65,114000E+3	176,130440E+3	-4,351000E+0	1,956000E+3	11,800000E+0
246	64,882000E+3	176,025530E+3	-12,366000E+0	1,882000E+3	11,700000E+0
247	64,692000E+3	175,912550E+3	-19,007000E+0	1,773000E+3	11,600000E+0
248	64,651000E+3	175,923310E+3	-23,816000E+0	1,641000E+3	11,700000E+0
249	64,651000E+3	175,952900E+3	-28,854000E+0	1,483000E+3	11,600000E+0
250	64,651000E+3	175,955590E+3	-32,518000E+0	1,306000E+3	11,600000E+0
251	65,458000E+3	56,490000E+0	-34,350000E+0	1,133000E+3	12,000000E+0
