vendredi 12 janvier 2024	12:26:46	Sampling Period : 40  ms		
Unities: time [sample], PWM [raw], Current [mA], velocity [rev/min], Position [pulse], Present Input Voltage [V]

t	DXL_PWM		DXL_Current		DXL_Velocity		DXL_Position		DXL_Input_Voltage
0	65,528000E+3	176,289150E+3	0,000000E+0	1,025000E+3	12,000000E+0
1	65,374000E+3	0,000000E+0	-2,290000E+0	1,002000E+3	11,900000E+0
2	65,374000E+3	0,000000E+0	-2,748000E+0	960,000000E+0	11,900000E+0
3	65,381000E+3	0,000000E+0	-2,977000E+0	917,000000E+0	11,900000E+0
4	65,381000E+3	176,289150E+3	-2,519000E+0	876,000000E+0	11,900000E+0
5	65,388000E+3	0,000000E+0	-2,748000E+0	835,000000E+0	11,900000E+0
6	65,381000E+3	176,267630E+3	-2,290000E+0	799,000000E+0	11,900000E+0
7	65,402000E+3	176,275700E+3	-2,290000E+0	762,000000E+0	11,900000E+0
8	65,402000E+3	176,259560E+3	-2,061000E+0	730,000000E+0	11,900000E+0
9	65,409000E+3	176,259560E+3	-2,061000E+0	700,000000E+0	11,900000E+0
10	65,416000E+3	176,256870E+3	-1,603000E+0	674,000000E+0	11,900000E+0
11	65,423000E+3	176,246110E+3	-1,374000E+0	651,000000E+0	11,900000E+0
12	65,430000E+3	176,238040E+3	-1,145000E+0	632,000000E+0	11,900000E+0
13	65,444000E+3	176,238040E+3	-916,000000E-3	618,000000E+0	11,900000E+0
14	65,465000E+3	176,235350E+3	-458,000000E-3	605,000000E+0	11,900000E+0
15	65,479000E+3	176,232660E+3	-229,000000E-3	598,000000E+0	11,900000E+0
16	65,493000E+3	176,235350E+3	0,000000E+0	596,000000E+0	11,900000E+0
17	65,514000E+3	176,267630E+3	0,000000E+0	596,000000E+0	11,900000E+0
18	14,000000E+0	176,267630E+3	229,000000E-3	600,000000E+0	11,900000E+0
19	28,000000E+0	176,264940E+3	687,000000E-3	610,000000E+0	11,900000E+0
20	42,000000E+0	176,262250E+3	916,000000E-3	625,000000E+0	11,900000E+0
21	49,000000E+0	176,256870E+3	1,145000E+0	644,000000E+0	11,900000E+0
22	63,000000E+0	176,251490E+3	1,374000E+0	666,000000E+0	11,900000E+0
23	77,000000E+0	176,243420E+3	1,832000E+0	692,000000E+0	11,900000E+0
24	84,000000E+0	176,238040E+3	2,061000E+0	722,000000E+0	11,900000E+0
25	91,000000E+0	176,235350E+3	2,061000E+0	755,000000E+0	11,900000E+0
26	112,000000E+0	176,238040E+3	2,290000E+0	790,000000E+0	11,900000E+0
27	112,000000E+0	176,229970E+3	2,519000E+0	829,000000E+0	11,900000E+0
28	112,000000E+0	176,235350E+3	2,290000E+0	868,000000E+0	11,900000E+0
29	126,000000E+0	176,235350E+3	2,519000E+0	908,000000E+0	11,900000E+0
30	133,000000E+0	176,238040E+3	2,748000E+0	951,000000E+0	11,900000E+0
31	140,000000E+0	176,248800E+3	2,748000E+0	994,000000E+0	11,900000E+0
32	133,000000E+0	176,251490E+3	2,977000E+0	1,038000E+3	11,900000E+0
33	147,000000E+0	176,256870E+3	2,977000E+0	1,080000E+3	11,900000E+0
34	147,000000E+0	176,264940E+3	2,977000E+0	1,121000E+3	11,900000E+0
35	154,000000E+0	176,275700E+3	2,748000E+0	1,163000E+3	11,900000E+0
36	140,000000E+0	176,281080E+3	2,519000E+0	1,203000E+3	11,900000E+0
37	140,000000E+0	176,289150E+3	2,748000E+0	1,242000E+3	11,900000E+0
38	140,000000E+0	0,000000E+0	2,290000E+0	1,276000E+3	11,900000E+0
39	140,000000E+0	0,000000E+0	2,290000E+0	1,311000E+3	11,900000E+0
40	133,000000E+0	13,450000E+0	1,832000E+0	1,340000E+3	11,900000E+0
41	112,000000E+0	13,450000E+0	1,832000E+0	1,370000E+3	11,900000E+0
42	105,000000E+0	24,210000E+0	1,374000E+0	1,392000E+3	11,900000E+0
43	112,000000E+0	37,660000E+0	916,000000E-3	1,411000E+3	11,900000E+0
44	91,000000E+0	34,970000E+0	687,000000E-3	1,427000E+3	11,900000E+0
45	84,000000E+0	43,040000E+0	687,000000E-3	1,439000E+3	11,900000E+0
46	63,000000E+0	45,730000E+0	229,000000E-3	1,448000E+3	11,900000E+0
47	49,000000E+0	59,180000E+0	0,000000E+0	1,451000E+3	11,900000E+0
48	28,000000E+0	29,590000E+0	0,000000E+0	1,451000E+3	11,900000E+0
49	0,000000E+0	10,760000E+0	-229,000000E-3	1,449000E+3	11,900000E+0
50	65,507000E+3	13,450000E+0	-458,000000E-3	1,440000E+3	11,900000E+0
51	65,493000E+3	18,830000E+0	-916,000000E-3	1,427000E+3	11,900000E+0
52	65,486000E+3	26,900000E+0	-1,145000E+0	1,409000E+3	11,900000E+0
53	65,479000E+3	37,660000E+0	-1,374000E+0	1,386000E+3	11,900000E+0
54	65,465000E+3	45,730000E+0	-1,603000E+0	1,361000E+3	11,900000E+0
55	65,451000E+3	43,040000E+0	-1,832000E+0	1,332000E+3	11,900000E+0
56	65,437000E+3	43,040000E+0	-2,061000E+0	1,301000E+3	11,900000E+0
57	65,437000E+3	45,730000E+0	-2,290000E+0	1,266000E+3	11,900000E+0
58	65,416000E+3	37,660000E+0	-2,061000E+0	1,230000E+3	11,900000E+0
59	65,402000E+3	32,280000E+0	-2,290000E+0	1,190000E+3	11,900000E+0
60	65,409000E+3	34,970000E+0	-2,519000E+0	1,150000E+3	11,900000E+0
61	65,395000E+3	32,280000E+0	-2,748000E+0	1,108000E+3	11,900000E+0
62	65,388000E+3	18,830000E+0	-2,519000E+0	1,066000E+3	11,900000E+0
63	65,395000E+3	26,900000E+0	-2,977000E+0	1,022000E+3	11,900000E+0
64	65,381000E+3	0,000000E+0	-2,977000E+0	979,000000E+0	11,900000E+0
65	65,381000E+3	13,450000E+0	-2,748000E+0	936,000000E+0	11,900000E+0
66	65,388000E+3	176,289150E+3	-2,977000E+0	895,000000E+0	11,900000E+0
67	65,388000E+3	0,000000E+0	-2,748000E+0	854,000000E+0	11,900000E+0
68	65,388000E+3	176,273010E+3	-2,748000E+0	816,000000E+0	11,900000E+0
69	65,381000E+3	176,278390E+3	-2,290000E+0	781,000000E+0	11,900000E+0
70	65,395000E+3	176,267630E+3	-2,290000E+0	746,000000E+0	11,900000E+0
71	65,402000E+3	176,256870E+3	-1,832000E+0	715,000000E+0	11,900000E+0
72	65,409000E+3	176,259560E+3	-1,832000E+0	686,000000E+0	11,900000E+0
73	65,423000E+3	176,248800E+3	-1,374000E+0	662,000000E+0	11,900000E+0
74	65,430000E+3	176,246110E+3	-1,374000E+0	641,000000E+0	11,900000E+0
75	65,437000E+3	176,238040E+3	-916,000000E-3	624,000000E+0	11,900000E+0
76	65,458000E+3	176,240730E+3	-687,000000E-3	611,000000E+0	11,900000E+0
77	65,465000E+3	176,235350E+3	-229,000000E-3	602,000000E+0	11,900000E+0
78	65,479000E+3	176,229970E+3	0,000000E+0	597,000000E+0	11,900000E+0
79	65,507000E+3	176,256870E+3	0,000000E+0	595,000000E+0	11,900000E+0
80	0,000000E+0	176,273010E+3	0,000000E+0	597,000000E+0	11,900000E+0
81	21,000000E+0	176,267630E+3	458,000000E-3	604,000000E+0	11,900000E+0
82	35,000000E+0	176,262250E+3	687,000000E-3	617,000000E+0	11,900000E+0
83	49,000000E+0	176,256870E+3	1,145000E+0	634,000000E+0	11,900000E+0
84	56,000000E+0	176,251490E+3	1,374000E+0	655,000000E+0	12,000000E+0
85	70,000000E+0	176,251490E+3	1,603000E+0	679,000000E+0	12,000000E+0
86	77,000000E+0	176,243420E+3	1,832000E+0	707,000000E+0	12,000000E+0
87	91,000000E+0	176,235350E+3	2,061000E+0	739,000000E+0	12,000000E+0
88	98,000000E+0	176,232660E+3	2,290000E+0	773,000000E+0	11,900000E+0
89	112,000000E+0	176,232660E+3	2,290000E+0	809,000000E+0	11,900000E+0
90	119,000000E+0	176,238040E+3	2,290000E+0	848,000000E+0	11,900000E+0
91	119,000000E+0	176,238040E+3	2,519000E+0	888,000000E+0	11,900000E+0
92	126,000000E+0	176,235350E+3	2,977000E+0	930,000000E+0	11,900000E+0
93	133,000000E+0	176,243420E+3	2,748000E+0	973,000000E+0	11,900000E+0
94	133,000000E+0	176,243420E+3	2,977000E+0	1,016000E+3	11,900000E+0
95	140,000000E+0	176,256870E+3	2,748000E+0	1,058000E+3	11,900000E+0
96	147,000000E+0	176,256870E+3	2,977000E+0	1,101000E+3	11,900000E+0
97	140,000000E+0	176,275700E+3	2,977000E+0	1,143000E+3	11,900000E+0
98	154,000000E+0	176,278390E+3	2,748000E+0	1,184000E+3	11,900000E+0
99	147,000000E+0	176,286460E+3	2,519000E+0	1,223000E+3	11,900000E+0
100	140,000000E+0	0,000000E+0	2,290000E+0	1,259000E+3	11,900000E+0
101	140,000000E+0	0,000000E+0	2,061000E+0	1,294000E+3	11,900000E+0
102	140,000000E+0	5,380000E+0	1,832000E+0	1,325000E+3	11,900000E+0
103	133,000000E+0	16,140000E+0	1,603000E+0	1,354000E+3	11,900000E+0
104	112,000000E+0	13,450000E+0	1,374000E+0	1,381000E+3	11,900000E+0
105	105,000000E+0	34,970000E+0	1,145000E+0	1,402000E+3	11,900000E+0
106	98,000000E+0	40,350000E+0	916,000000E-3	1,419000E+3	11,900000E+0
107	84,000000E+0	37,660000E+0	687,000000E-3	1,434000E+3	11,900000E+0
108	70,000000E+0	40,350000E+0	458,000000E-3	1,444000E+3	11,900000E+0
109	56,000000E+0	53,800000E+0	0,000000E+0	1,449000E+3	11,900000E+0
110	42,000000E+0	48,420000E+0	0,000000E+0	1,451000E+3	11,900000E+0
111	14,000000E+0	2,690000E+0	0,000000E+0	1,451000E+3	12,000000E+0
112	65,514000E+3	13,450000E+0	-229,000000E-3	1,446000E+3	12,000000E+0
113	65,500000E+3	13,450000E+0	-687,000000E-3	1,434000E+3	12,000000E+0
114	65,486000E+3	26,900000E+0	-916,000000E-3	1,419000E+3	12,000000E+0
115	65,479000E+3	34,970000E+0	-1,145000E+0	1,398000E+3	12,000000E+0
116	65,465000E+3	45,730000E+0	-1,603000E+0	1,374000E+3	11,900000E+0
117	65,458000E+3	45,730000E+0	-1,832000E+0	1,348000E+3	11,900000E+0
118	65,444000E+3	45,730000E+0	-2,061000E+0	1,317000E+3	11,900000E+0
119	65,444000E+3	51,110000E+0	-2,290000E+0	1,283000E+3	11,900000E+0
120	65,430000E+3	40,350000E+0	-2,290000E+0	1,248000E+3	11,900000E+0
121	65,423000E+3	37,660000E+0	-2,519000E+0	1,210000E+3	11,900000E+0
122	65,402000E+3	40,350000E+0	-2,290000E+0	1,170000E+3	11,900000E+0
123	65,395000E+3	26,900000E+0	-2,977000E+0	1,129000E+3	11,900000E+0
124	65,395000E+3	32,280000E+0	-2,748000E+0	1,086000E+3	11,900000E+0
125	65,395000E+3	24,210000E+0	-2,977000E+0	1,044000E+3	11,900000E+0
126	65,381000E+3	5,380000E+0	-2,748000E+0	1,002000E+3	11,900000E+0
127	65,381000E+3	2,690000E+0	-2,977000E+0	958,000000E+0	11,900000E+0
128	65,381000E+3	0,000000E+0	-2,748000E+0	917,000000E+0	11,900000E+0
129	65,388000E+3	0,000000E+0	-2,748000E+0	876,000000E+0	11,900000E+0
130	65,381000E+3	176,289150E+3	-2,519000E+0	836,000000E+0	11,900000E+0
131	65,388000E+3	176,273010E+3	-2,290000E+0	798,000000E+0	11,900000E+0
132	65,402000E+3	176,275700E+3	-2,519000E+0	762,000000E+0	11,900000E+0
133	65,402000E+3	176,259560E+3	-2,061000E+0	730,000000E+0	11,900000E+0
134	65,402000E+3	176,259560E+3	-1,832000E+0	700,000000E+0	11,900000E+0
135	65,416000E+3	176,256870E+3	-1,603000E+0	674,000000E+0	11,900000E+0
136	65,430000E+3	176,251490E+3	-1,603000E+0	650,000000E+0	11,900000E+0
137	65,430000E+3	176,238040E+3	-1,145000E+0	633,000000E+0	12,000000E+0
138	65,444000E+3	176,235350E+3	-916,000000E-3	618,000000E+0	12,000000E+0
139	65,458000E+3	176,232660E+3	-458,000000E-3	606,000000E+0	12,000000E+0
140	65,472000E+3	176,232660E+3	-229,000000E-3	598,000000E+0	11,900000E+0
141	65,493000E+3	176,238040E+3	0,000000E+0	596,000000E+0	11,900000E+0
142	65,514000E+3	176,267630E+3	0,000000E+0	596,000000E+0	11,900000E+0
143	14,000000E+0	176,267630E+3	458,000000E-3	600,000000E+0	11,900000E+0
144	21,000000E+0	176,267630E+3	458,000000E-3	611,000000E+0	11,900000E+0
145	49,000000E+0	176,262250E+3	916,000000E-3	625,000000E+0	11,900000E+0
146	49,000000E+0	176,254180E+3	1,145000E+0	645,000000E+0	11,900000E+0
147	63,000000E+0	176,251490E+3	1,374000E+0	667,000000E+0	11,900000E+0
148	77,000000E+0	176,243420E+3	1,603000E+0	692,000000E+0	11,900000E+0
149	84,000000E+0	176,238040E+3	2,061000E+0	722,000000E+0	11,900000E+0
150	98,000000E+0	176,235350E+3	2,061000E+0	755,000000E+0	11,900000E+0
151	112,000000E+0	176,235350E+3	2,290000E+0	789,000000E+0	11,900000E+0
152	105,000000E+0	176,229970E+3	2,519000E+0	829,000000E+0	11,900000E+0
153	112,000000E+0	176,238040E+3	2,290000E+0	868,000000E+0	11,900000E+0
154	126,000000E+0	176,235350E+3	2,748000E+0	908,000000E+0	11,900000E+0
155	140,000000E+0	176,240730E+3	2,748000E+0	950,000000E+0	11,900000E+0
156	140,000000E+0	176,248800E+3	2,748000E+0	994,000000E+0	11,900000E+0
157	140,000000E+0	176,254180E+3	2,748000E+0	1,037000E+3	11,900000E+0
158	147,000000E+0	176,256870E+3	2,977000E+0	1,080000E+3	11,900000E+0
159	147,000000E+0	176,264940E+3	2,977000E+0	1,122000E+3	11,900000E+0
160	154,000000E+0	176,275700E+3	2,748000E+0	1,163000E+3	11,900000E+0
161	140,000000E+0	176,281080E+3	2,519000E+0	1,203000E+3	11,900000E+0
162	147,000000E+0	176,286460E+3	2,290000E+0	1,241000E+3	11,900000E+0
163	140,000000E+0	0,000000E+0	2,290000E+0	1,277000E+3	11,900000E+0
164	133,000000E+0	0,000000E+0	2,290000E+0	1,311000E+3	11,900000E+0
165	133,000000E+0	16,140000E+0	1,832000E+0	1,340000E+3	11,900000E+0
166	119,000000E+0	13,450000E+0	1,603000E+0	1,369000E+3	12,000000E+0
167	105,000000E+0	24,210000E+0	1,374000E+0	1,392000E+3	12,000000E+0
168	105,000000E+0	34,970000E+0	1,145000E+0	1,411000E+3	12,000000E+0
169	91,000000E+0	32,280000E+0	916,000000E-3	1,428000E+3	11,900000E+0
170	77,000000E+0	43,040000E+0	687,000000E-3	1,440000E+3	11,900000E+0
171	63,000000E+0	45,730000E+0	229,000000E-3	1,448000E+3	11,900000E+0
172	49,000000E+0	59,180000E+0	0,000000E+0	1,451000E+3	11,900000E+0
173	28,000000E+0	26,900000E+0	0,000000E+0	1,451000E+3	11,900000E+0
174	0,000000E+0	8,070000E+0	-229,000000E-3	1,449000E+3	11,900000E+0
175	65,507000E+3	13,450000E+0	-458,000000E-3	1,441000E+3	12,000000E+0
176	65,493000E+3	18,830000E+0	-916,000000E-3	1,427000E+3	12,000000E+0
177	65,486000E+3	26,900000E+0	-1,145000E+0	1,409000E+3	12,000000E+0
178	65,479000E+3	37,660000E+0	-1,603000E+0	1,386000E+3	12,000000E+0
179	65,465000E+3	45,730000E+0	-1,603000E+0	1,361000E+3	12,000000E+0
180	65,458000E+3	43,040000E+0	-1,832000E+0	1,332000E+3	12,000000E+0
181	65,437000E+3	45,730000E+0	-2,061000E+0	1,301000E+3	11,900000E+0
182	65,437000E+3	48,420000E+0	-2,290000E+0	1,265000E+3	11,900000E+0
183	65,423000E+3	45,730000E+0	-2,290000E+0	1,229000E+3	11,900000E+0
184	65,402000E+3	32,280000E+0	-2,290000E+0	1,190000E+3	11,900000E+0
185	65,409000E+3	34,970000E+0	-2,519000E+0	1,150000E+3	11,900000E+0
186	65,395000E+3	32,280000E+0	-2,977000E+0	1,108000E+3	11,900000E+0
187	65,395000E+3	18,830000E+0	-2,748000E+0	1,065000E+3	11,900000E+0
188	65,395000E+3	26,900000E+0	-2,977000E+0	1,022000E+3	11,900000E+0
189	65,381000E+3	0,000000E+0	-2,977000E+0	979,000000E+0	11,900000E+0
190	65,381000E+3	10,760000E+0	-2,977000E+0	937,000000E+0	11,900000E+0
191	65,381000E+3	0,000000E+0	-2,748000E+0	896,000000E+0	11,900000E+0
192	65,395000E+3	0,000000E+0	-2,748000E+0	854,000000E+0	11,900000E+0
193	65,395000E+3	176,273010E+3	-2,748000E+0	816,000000E+0	11,900000E+0
194	65,388000E+3	176,281080E+3	-2,519000E+0	780,000000E+0	11,900000E+0
195	65,395000E+3	176,267630E+3	-2,290000E+0	747,000000E+0	11,900000E+0
196	65,402000E+3	176,256870E+3	-1,832000E+0	715,000000E+0	11,900000E+0
197	65,416000E+3	176,262250E+3	-1,832000E+0	686,000000E+0	11,900000E+0
198	65,423000E+3	176,248800E+3	-1,603000E+0	662,000000E+0	11,900000E+0
199	65,430000E+3	176,246110E+3	-1,145000E+0	641,000000E+0	11,900000E+0
200	65,437000E+3	176,240730E+3	-916,000000E-3	625,000000E+0	11,900000E+0
201	65,451000E+3	176,240730E+3	-687,000000E-3	611,000000E+0	11,900000E+0
202	65,465000E+3	176,232660E+3	-458,000000E-3	602,000000E+0	11,900000E+0
203	65,479000E+3	176,232660E+3	0,000000E+0	597,000000E+0	11,900000E+0
204	65,507000E+3	176,256870E+3	0,000000E+0	595,000000E+0	11,900000E+0
205	0,000000E+0	176,273010E+3	0,000000E+0	597,000000E+0	12,000000E+0
206	21,000000E+0	176,267630E+3	458,000000E-3	604,000000E+0	12,000000E+0
207	35,000000E+0	176,259560E+3	687,000000E-3	617,000000E+0	12,000000E+0
208	49,000000E+0	176,254180E+3	1,145000E+0	633,000000E+0	11,900000E+0
209	56,000000E+0	176,248800E+3	1,374000E+0	655,000000E+0	11,900000E+0
210	70,000000E+0	176,248800E+3	1,603000E+0	679,000000E+0	11,900000E+0
211	84,000000E+0	176,246110E+3	1,603000E+0	707,000000E+0	11,900000E+0
212	84,000000E+0	176,232660E+3	2,061000E+0	739,000000E+0	11,900000E+0
213	98,000000E+0	176,229970E+3	2,290000E+0	772,000000E+0	11,900000E+0
214	105,000000E+0	176,232660E+3	2,519000E+0	808,000000E+0	11,900000E+0
215	119,000000E+0	176,235350E+3	2,519000E+0	848,000000E+0	11,900000E+0
216	119,000000E+0	176,235350E+3	2,519000E+0	889,000000E+0	11,900000E+0
217	126,000000E+0	176,235350E+3	2,977000E+0	930,000000E+0	11,900000E+0
218	133,000000E+0	176,243420E+3	2,748000E+0	973,000000E+0	11,900000E+0
219	133,000000E+0	176,243420E+3	3,206000E+0	1,016000E+3	11,900000E+0
220	140,000000E+0	176,254180E+3	2,748000E+0	1,058000E+3	11,900000E+0
221	147,000000E+0	176,254180E+3	2,977000E+0	1,101000E+3	11,900000E+0
222	147,000000E+0	176,275700E+3	2,748000E+0	1,142000E+3	11,900000E+0
223	154,000000E+0	176,275700E+3	2,748000E+0	1,184000E+3	11,900000E+0
224	140,000000E+0	176,283770E+3	2,748000E+0	1,223000E+3	11,900000E+0
225	147,000000E+0	0,000000E+0	2,290000E+0	1,259000E+3	11,900000E+0
226	140,000000E+0	0,000000E+0	2,290000E+0	1,294000E+3	11,900000E+0
227	140,000000E+0	2,690000E+0	1,832000E+0	1,325000E+3	11,900000E+0
228	133,000000E+0	13,450000E+0	1,603000E+0	1,354000E+3	11,900000E+0
229	112,000000E+0	8,070000E+0	1,603000E+0	1,380000E+3	11,900000E+0
230	112,000000E+0	32,280000E+0	1,145000E+0	1,401000E+3	11,900000E+0
231	98,000000E+0	37,660000E+0	916,000000E-3	1,419000E+3	11,900000E+0
232	91,000000E+0	37,660000E+0	687,000000E-3	1,433000E+3	11,900000E+0
233	70,000000E+0	40,350000E+0	458,000000E-3	1,444000E+3	11,900000E+0
234	63,000000E+0	53,800000E+0	0,000000E+0	1,450000E+3	11,900000E+0
235	42,000000E+0	48,420000E+0	0,000000E+0	1,451000E+3	11,900000E+0
236	7,000000E+0	0,000000E+0	0,000000E+0	1,450000E+3	11,900000E+0
237	65,521000E+3	13,450000E+0	-458,000000E-3	1,445000E+3	11,900000E+0
238	65,500000E+3	16,140000E+0	-687,000000E-3	1,434000E+3	12,000000E+0
239	65,493000E+3	24,210000E+0	-916,000000E-3	1,419000E+3	12,000000E+0
240	65,479000E+3	34,970000E+0	-1,145000E+0	1,398000E+3	12,000000E+0
241	65,465000E+3	45,730000E+0	-1,603000E+0	1,374000E+3	11,900000E+0
242	65,458000E+3	48,420000E+0	-1,832000E+0	1,347000E+3	11,900000E+0
243	65,444000E+3	45,730000E+0	-2,061000E+0	1,317000E+3	11,900000E+0
244	65,437000E+3	45,730000E+0	-2,061000E+0	1,283000E+3	11,900000E+0
245	65,430000E+3	40,350000E+0	-2,290000E+0	1,247000E+3	11,900000E+0
246	65,416000E+3	40,350000E+0	-2,290000E+0	1,210000E+3	11,900000E+0
247	65,409000E+3	43,040000E+0	-2,519000E+0	1,170000E+3	11,900000E+0
248	65,402000E+3	29,590000E+0	-2,977000E+0	1,129000E+3	11,900000E+0
249	65,395000E+3	29,590000E+0	-2,748000E+0	1,087000E+3	11,900000E+0
