vendredi 12 janvier 2024	12:57:18	Sampling Period : 40  ms		
Unities: time [sample], PWM [raw], Current [mA], velocity [rev/min], Position [pulse], Present Input Voltage [V]

t	DXL_PWM		DXL_Current		DXL_Velocity		DXL_Position		DXL_Input_Voltage
0	14,000000E+0	0,000000E+0	0,000000E+0	1,022000E+3	11,900000E+0
1	77,000000E+0	43,040000E+0	0,000000E+0	1,024000E+3	11,900000E+0
2	274,000000E+0	134,500000E+0	1,832000E+0	1,040000E+3	11,800000E+0
3	288,000000E+0	121,050000E+0	7,099000E+0	1,082000E+3	11,800000E+0
4	274,000000E+0	126,430000E+0	7,786000E+0	1,125000E+3	11,800000E+0
5	274,000000E+0	118,360000E+0	7,099000E+0	1,166000E+3	11,800000E+0
6	253,000000E+0	123,740000E+0	7,099000E+0	1,207000E+3	11,900000E+0
7	246,000000E+0	126,430000E+0	6,412000E+0	1,243000E+3	11,800000E+0
8	239,000000E+0	126,430000E+0	6,183000E+0	1,280000E+3	11,800000E+0
9	232,000000E+0	123,740000E+0	5,954000E+0	1,313000E+3	11,800000E+0
10	210,000000E+0	118,360000E+0	5,496000E+0	1,342000E+3	11,900000E+0
11	189,000000E+0	118,360000E+0	4,580000E+0	1,370000E+3	11,900000E+0
12	175,000000E+0	118,360000E+0	4,122000E+0	1,392000E+3	11,800000E+0
13	147,000000E+0	96,840000E+0	3,435000E+0	1,413000E+3	11,900000E+0
14	119,000000E+0	99,530000E+0	2,748000E+0	1,428000E+3	11,900000E+0
15	98,000000E+0	80,700000E+0	2,061000E+0	1,441000E+3	11,900000E+0
16	77,000000E+0	80,700000E+0	1,145000E+0	1,447000E+3	11,900000E+0
17	49,000000E+0	61,870000E+0	458,000000E-3	1,450000E+3	11,900000E+0
18	14,000000E+0	16,140000E+0	0,000000E+0	1,450000E+3	11,900000E+0
19	65,500000E+3	2,690000E+0	0,000000E+0	1,448000E+3	11,900000E+0
20	65,479000E+3	0,000000E+0	-1,374000E+0	1,438000E+3	11,900000E+0
21	65,437000E+3	176,275700E+3	-2,061000E+0	1,425000E+3	11,900000E+0
22	65,423000E+3	176,275700E+3	-2,977000E+0	1,406000E+3	11,900000E+0
23	65,388000E+3	176,259560E+3	-3,435000E+0	1,386000E+3	11,900000E+0
24	65,381000E+3	176,256870E+3	-4,580000E+0	1,359000E+3	11,900000E+0
25	65,339000E+3	176,240730E+3	-4,809000E+0	1,331000E+3	11,900000E+0
26	65,325000E+3	176,238040E+3	-5,725000E+0	1,298000E+3	11,900000E+0
27	65,318000E+3	176,238040E+3	-6,183000E+0	1,264000E+3	11,900000E+0
28	65,303000E+3	176,224590E+3	-6,183000E+0	1,227000E+3	11,800000E+0
29	65,289000E+3	176,227280E+3	-6,870000E+0	1,188000E+3	11,800000E+0
30	65,261000E+3	176,205760E+3	-7,099000E+0	1,148000E+3	11,900000E+0
31	65,275000E+3	176,216520E+3	-8,015000E+0	1,104000E+3	11,800000E+0
32	65,254000E+3	176,203070E+3	-7,557000E+0	1,063000E+3	11,800000E+0
33	65,254000E+3	176,205760E+3	-7,786000E+0	1,019000E+3	11,800000E+0
34	65,254000E+3	176,211140E+3	-7,786000E+0	976,000000E+0	11,900000E+0
35	65,261000E+3	176,186930E+3	-7,557000E+0	934,000000E+0	11,800000E+0
36	65,268000E+3	176,184240E+3	-7,328000E+0	892,000000E+0	11,800000E+0
37	65,282000E+3	176,186930E+3	-7,328000E+0	849,000000E+0	11,900000E+0
38	65,296000E+3	176,181550E+3	-6,641000E+0	811,000000E+0	11,800000E+0
39	65,303000E+3	176,178860E+3	-6,183000E+0	775,000000E+0	11,800000E+0
40	65,318000E+3	176,192310E+3	-5,725000E+0	742,000000E+0	11,800000E+0
41	65,332000E+3	176,189620E+3	-5,496000E+0	711,000000E+0	11,900000E+0
42	65,360000E+3	176,200380E+3	-5,038000E+0	683,000000E+0	11,800000E+0
43	65,367000E+3	176,200380E+3	-4,122000E+0	658,000000E+0	11,900000E+0
44	65,395000E+3	176,208450E+3	-3,664000E+0	638,000000E+0	11,900000E+0
45	65,416000E+3	176,211140E+3	-2,748000E+0	621,000000E+0	11,900000E+0
46	65,444000E+3	176,216520E+3	-2,290000E+0	608,000000E+0	11,900000E+0
47	65,465000E+3	176,232660E+3	-1,374000E+0	600,000000E+0	11,900000E+0
48	65,500000E+3	176,251490E+3	-687,000000E-3	596,000000E+0	11,900000E+0
49	65,521000E+3	176,275700E+3	0,000000E+0	595,000000E+0	11,900000E+0
50	42,000000E+0	0,000000E+0	0,000000E+0	597,000000E+0	11,900000E+0
51	63,000000E+0	2,690000E+0	1,374000E+0	605,000000E+0	11,900000E+0
52	91,000000E+0	16,140000E+0	2,061000E+0	618,000000E+0	11,900000E+0
53	112,000000E+0	18,830000E+0	2,748000E+0	636,000000E+0	11,900000E+0
54	126,000000E+0	24,210000E+0	3,435000E+0	656,000000E+0	11,900000E+0
55	161,000000E+0	37,660000E+0	3,893000E+0	681,000000E+0	11,900000E+0
56	182,000000E+0	43,040000E+0	4,809000E+0	708,000000E+0	11,900000E+0
57	210,000000E+0	56,490000E+0	5,267000E+0	739,000000E+0	11,800000E+0
58	225,000000E+0	64,560000E+0	5,954000E+0	772,000000E+0	11,900000E+0
59	246,000000E+0	75,320000E+0	6,412000E+0	809,000000E+0	11,900000E+0
60	253,000000E+0	78,010000E+0	7,099000E+0	849,000000E+0	11,900000E+0
61	267,000000E+0	80,700000E+0	7,328000E+0	889,000000E+0	11,800000E+0
62	274,000000E+0	80,700000E+0	7,557000E+0	930,000000E+0	11,900000E+0
63	288,000000E+0	83,390000E+0	7,557000E+0	973,000000E+0	11,800000E+0
64	281,000000E+0	112,980000E+0	7,557000E+0	1,016000E+3	11,800000E+0
65	281,000000E+0	94,150000E+0	7,328000E+0	1,061000E+3	11,800000E+0
66	281,000000E+0	115,670000E+0	7,557000E+0	1,104000E+3	11,900000E+0
67	274,000000E+0	121,050000E+0	7,328000E+0	1,145000E+3	11,800000E+0
68	260,000000E+0	121,050000E+0	7,099000E+0	1,186000E+3	11,800000E+0
69	253,000000E+0	121,050000E+0	6,641000E+0	1,225000E+3	11,800000E+0
70	253,000000E+0	137,190000E+0	6,183000E+0	1,262000E+3	11,900000E+0
71	239,000000E+0	134,500000E+0	6,183000E+0	1,296000E+3	11,800000E+0
72	217,000000E+0	112,980000E+0	5,725000E+0	1,328000E+3	11,900000E+0
73	203,000000E+0	115,670000E+0	5,267000E+0	1,357000E+3	11,900000E+0
74	182,000000E+0	112,980000E+0	4,351000E+0	1,382000E+3	11,900000E+0
75	161,000000E+0	107,600000E+0	3,664000E+0	1,403000E+3	11,900000E+0
76	133,000000E+0	96,840000E+0	3,206000E+0	1,421000E+3	11,900000E+0
77	112,000000E+0	86,080000E+0	2,290000E+0	1,434000E+3	11,900000E+0
78	84,000000E+0	75,320000E+0	1,603000E+0	1,445000E+3	11,900000E+0
79	56,000000E+0	67,250000E+0	916,000000E-3	1,449000E+3	11,900000E+0
80	35,000000E+0	34,970000E+0	0,000000E+0	1,451000E+3	11,900000E+0
81	65,521000E+3	10,760000E+0	0,000000E+0	1,449000E+3	11,900000E+0
82	65,493000E+3	0,000000E+0	-687,000000E-3	1,444000E+3	11,900000E+0
83	65,451000E+3	176,286460E+3	-1,603000E+0	1,433000E+3	11,900000E+0
84	65,437000E+3	176,281080E+3	-2,748000E+0	1,416000E+3	11,900000E+0
85	65,402000E+3	176,259560E+3	-3,206000E+0	1,396000E+3	11,900000E+0
86	65,388000E+3	176,262250E+3	-4,122000E+0	1,371000E+3	11,900000E+0
87	65,360000E+3	176,248800E+3	-4,580000E+0	1,345000E+3	11,900000E+0
88	65,339000E+3	176,243420E+3	-5,267000E+0	1,315000E+3	11,900000E+0
89	65,325000E+3	176,235350E+3	-5,954000E+0	1,282000E+3	11,900000E+0
90	65,318000E+3	176,232660E+3	-6,183000E+0	1,246000E+3	11,800000E+0
91	65,282000E+3	176,224590E+3	-6,412000E+0	1,208000E+3	11,900000E+0
92	65,275000E+3	176,208450E+3	-7,099000E+0	1,169000E+3	11,900000E+0
93	65,268000E+3	176,211140E+3	-7,557000E+0	1,125000E+3	11,800000E+0
94	65,275000E+3	176,213830E+3	-7,786000E+0	1,083000E+3	11,900000E+0
95	65,254000E+3	176,203070E+3	-7,557000E+0	1,041000E+3	11,900000E+0
96	65,247000E+3	176,197690E+3	-8,015000E+0	999,000000E+0	11,800000E+0
97	65,261000E+3	176,203070E+3	-7,786000E+0	955,000000E+0	11,800000E+0
98	65,261000E+3	176,178860E+3	-7,328000E+0	912,000000E+0	11,800000E+0
99	65,275000E+3	176,184240E+3	-7,328000E+0	870,000000E+0	11,900000E+0
100	65,289000E+3	176,178860E+3	-6,870000E+0	832,000000E+0	11,900000E+0
101	65,296000E+3	176,181550E+3	-6,412000E+0	793,000000E+0	11,900000E+0
102	65,311000E+3	176,184240E+3	-6,183000E+0	758,000000E+0	11,800000E+0
103	65,325000E+3	176,189620E+3	-5,725000E+0	725,000000E+0	11,800000E+0
104	65,346000E+3	176,192310E+3	-5,038000E+0	696,000000E+0	11,900000E+0
105	65,367000E+3	176,200380E+3	-4,351000E+0	670,000000E+0	11,900000E+0
106	65,381000E+3	176,200380E+3	-3,893000E+0	648,000000E+0	11,900000E+0
107	65,409000E+3	176,213830E+3	-3,206000E+0	629,000000E+0	11,900000E+0
108	65,423000E+3	176,208450E+3	-2,519000E+0	615,000000E+0	11,900000E+0
109	65,451000E+3	176,221900E+3	-2,061000E+0	604,000000E+0	11,900000E+0
110	65,479000E+3	176,235350E+3	-1,145000E+0	597,000000E+0	11,900000E+0
111	65,514000E+3	176,264940E+3	-458,000000E-3	595,000000E+0	11,900000E+0
112	7,000000E+0	176,289150E+3	0,000000E+0	595,000000E+0	11,900000E+0
113	49,000000E+0	0,000000E+0	458,000000E-3	600,000000E+0	11,900000E+0
114	84,000000E+0	13,450000E+0	1,603000E+0	611,000000E+0	11,900000E+0
115	98,000000E+0	13,450000E+0	2,519000E+0	626,000000E+0	11,900000E+0
116	126,000000E+0	21,520000E+0	2,977000E+0	645,000000E+0	11,900000E+0
117	140,000000E+0	26,900000E+0	3,893000E+0	668,000000E+0	11,900000E+0
118	168,000000E+0	40,350000E+0	4,351000E+0	694,000000E+0	11,900000E+0
119	196,000000E+0	51,110000E+0	5,038000E+0	723,000000E+0	11,900000E+0
120	210,000000E+0	53,800000E+0	5,725000E+0	756,000000E+0	11,900000E+0
121	232,000000E+0	64,560000E+0	5,954000E+0	791,000000E+0	11,900000E+0
122	246,000000E+0	67,250000E+0	6,641000E+0	829,000000E+0	11,800000E+0
123	281,000000E+0	75,320000E+0	7,099000E+0	865,000000E+0	11,900000E+0
124	295,000000E+0	91,460000E+0	7,786000E+0	908,000000E+0	11,900000E+0
125	281,000000E+0	83,390000E+0	8,015000E+0	952,000000E+0	11,800000E+0
126	288,000000E+0	94,150000E+0	7,557000E+0	995,000000E+0	11,800000E+0
127	281,000000E+0	99,530000E+0	7,557000E+0	1,039000E+3	11,900000E+0
128	288,000000E+0	110,290000E+0	7,557000E+0	1,082000E+3	11,900000E+0
129	274,000000E+0	121,050000E+0	7,557000E+0	1,124000E+3	11,800000E+0
130	274,000000E+0	115,670000E+0	7,328000E+0	1,166000E+3	11,900000E+0
131	267,000000E+0	131,810000E+0	6,870000E+0	1,206000E+3	11,900000E+0
132	246,000000E+0	118,360000E+0	6,641000E+0	1,244000E+3	11,800000E+0
133	246,000000E+0	129,120000E+0	5,954000E+0	1,280000E+3	11,800000E+0
134	232,000000E+0	126,430000E+0	5,954000E+0	1,312000E+3	11,900000E+0
135	210,000000E+0	118,360000E+0	5,496000E+0	1,343000E+3	11,900000E+0
136	189,000000E+0	115,670000E+0	4,809000E+0	1,370000E+3	11,900000E+0
137	175,000000E+0	115,670000E+0	4,122000E+0	1,393000E+3	11,900000E+0
138	140,000000E+0	94,150000E+0	3,435000E+0	1,413000E+3	11,900000E+0
139	126,000000E+0	96,840000E+0	2,748000E+0	1,428000E+3	11,900000E+0
140	98,000000E+0	80,700000E+0	2,061000E+0	1,441000E+3	11,900000E+0
141	77,000000E+0	75,320000E+0	1,374000E+0	1,447000E+3	11,900000E+0
142	49,000000E+0	64,560000E+0	458,000000E-3	1,450000E+3	11,900000E+0
143	14,000000E+0	13,450000E+0	0,000000E+0	1,450000E+3	11,900000E+0
144	65,500000E+3	2,690000E+0	0,000000E+0	1,448000E+3	11,900000E+0
145	65,479000E+3	0,000000E+0	-1,374000E+0	1,438000E+3	11,900000E+0
146	65,437000E+3	176,278390E+3	-2,061000E+0	1,425000E+3	11,900000E+0
147	65,423000E+3	176,275700E+3	-2,977000E+0	1,406000E+3	11,900000E+0
148	65,388000E+3	176,259560E+3	-3,435000E+0	1,386000E+3	11,900000E+0
149	65,381000E+3	176,254180E+3	-4,580000E+0	1,359000E+3	11,800000E+0
150	65,339000E+3	176,238040E+3	-4,809000E+0	1,332000E+3	11,900000E+0
151	65,325000E+3	176,240730E+3	-5,725000E+0	1,298000E+3	11,900000E+0
152	65,318000E+3	176,227280E+3	-6,183000E+0	1,265000E+3	11,900000E+0
153	65,296000E+3	176,216520E+3	-6,183000E+0	1,228000E+3	11,900000E+0
154	65,289000E+3	176,221900E+3	-6,870000E+0	1,187000E+3	11,800000E+0
155	65,261000E+3	176,203070E+3	-7,099000E+0	1,148000E+3	11,800000E+0
156	65,275000E+3	176,224590E+3	-8,015000E+0	1,104000E+3	11,900000E+0
157	65,254000E+3	176,203070E+3	-7,557000E+0	1,064000E+3	11,900000E+0
158	65,247000E+3	176,197690E+3	-7,557000E+0	1,020000E+3	11,800000E+0
159	65,261000E+3	176,213830E+3	-7,786000E+0	976,000000E+0	11,800000E+0
160	65,261000E+3	176,192310E+3	-7,557000E+0	934,000000E+0	11,800000E+0
161	65,268000E+3	176,189620E+3	-7,099000E+0	891,000000E+0	11,800000E+0
162	65,282000E+3	176,184240E+3	-7,328000E+0	850,000000E+0	11,800000E+0
163	65,296000E+3	176,184240E+3	-6,641000E+0	812,000000E+0	11,900000E+0
164	65,303000E+3	176,178860E+3	-6,183000E+0	775,000000E+0	11,900000E+0
165	65,318000E+3	176,186930E+3	-5,725000E+0	742,000000E+0	11,800000E+0
166	65,332000E+3	176,192310E+3	-5,496000E+0	710,000000E+0	11,900000E+0
167	65,353000E+3	176,197690E+3	-5,038000E+0	683,000000E+0	11,900000E+0
168	65,374000E+3	176,205760E+3	-4,122000E+0	658,000000E+0	11,900000E+0
169	65,395000E+3	176,205760E+3	-3,664000E+0	638,000000E+0	11,900000E+0
170	65,416000E+3	176,216520E+3	-2,748000E+0	621,000000E+0	11,900000E+0
171	65,444000E+3	176,219210E+3	-2,290000E+0	608,000000E+0	11,900000E+0
172	65,465000E+3	176,229970E+3	-1,374000E+0	600,000000E+0	11,900000E+0
173	65,493000E+3	176,251490E+3	-687,000000E-3	596,000000E+0	11,900000E+0
174	65,514000E+3	176,273010E+3	0,000000E+0	596,000000E+0	11,900000E+0
175	42,000000E+0	0,000000E+0	0,000000E+0	596,000000E+0	11,900000E+0
176	56,000000E+0	0,000000E+0	1,374000E+0	606,000000E+0	11,900000E+0
177	91,000000E+0	13,450000E+0	1,832000E+0	618,000000E+0	11,900000E+0
178	119,000000E+0	37,660000E+0	2,748000E+0	634,000000E+0	11,900000E+0
179	126,000000E+0	24,210000E+0	3,435000E+0	656,000000E+0	11,900000E+0
180	168,000000E+0	45,730000E+0	4,122000E+0	680,000000E+0	11,900000E+0
181	189,000000E+0	48,420000E+0	4,809000E+0	708,000000E+0	11,900000E+0
182	203,000000E+0	48,420000E+0	5,267000E+0	740,000000E+0	11,900000E+0
183	225,000000E+0	61,870000E+0	5,954000E+0	773,000000E+0	11,800000E+0
184	246,000000E+0	69,940000E+0	6,412000E+0	810,000000E+0	11,900000E+0
185	246,000000E+0	72,630000E+0	7,099000E+0	849,000000E+0	11,900000E+0
186	260,000000E+0	80,700000E+0	7,099000E+0	889,000000E+0	11,800000E+0
187	274,000000E+0	86,080000E+0	7,557000E+0	930,000000E+0	11,800000E+0
188	288,000000E+0	94,150000E+0	7,557000E+0	972,000000E+0	11,800000E+0
189	288,000000E+0	115,670000E+0	7,557000E+0	1,016000E+3	11,900000E+0
190	281,000000E+0	96,840000E+0	7,328000E+0	1,060000E+3	11,800000E+0
191	281,000000E+0	115,670000E+0	7,557000E+0	1,104000E+3	11,800000E+0
192	274,000000E+0	115,670000E+0	7,328000E+0	1,145000E+3	11,800000E+0
193	260,000000E+0	123,740000E+0	7,099000E+0	1,186000E+3	11,800000E+0
194	253,000000E+0	123,740000E+0	6,641000E+0	1,224000E+3	11,900000E+0
195	253,000000E+0	134,500000E+0	6,183000E+0	1,262000E+3	11,800000E+0
196	246,000000E+0	139,880000E+0	6,183000E+0	1,296000E+3	11,800000E+0
197	225,000000E+0	123,740000E+0	5,725000E+0	1,328000E+3	11,800000E+0
198	203,000000E+0	118,360000E+0	5,038000E+0	1,357000E+3	11,900000E+0
199	182,000000E+0	112,980000E+0	4,351000E+0	1,382000E+3	11,900000E+0
200	161,000000E+0	107,600000E+0	3,664000E+0	1,403000E+3	11,900000E+0
201	133,000000E+0	96,840000E+0	3,206000E+0	1,421000E+3	11,900000E+0
202	112,000000E+0	88,770000E+0	2,290000E+0	1,435000E+3	11,900000E+0
203	84,000000E+0	75,320000E+0	1,603000E+0	1,445000E+3	11,900000E+0
204	56,000000E+0	67,250000E+0	916,000000E-3	1,450000E+3	11,900000E+0
205	35,000000E+0	34,970000E+0	0,000000E+0	1,450000E+3	11,900000E+0
206	65,521000E+3	10,760000E+0	0,000000E+0	1,450000E+3	11,900000E+0
207	65,486000E+3	0,000000E+0	-687,000000E-3	1,445000E+3	11,900000E+0
208	65,451000E+3	176,281080E+3	-1,603000E+0	1,433000E+3	11,900000E+0
209	65,437000E+3	176,278390E+3	-2,748000E+0	1,416000E+3	11,900000E+0
210	65,402000E+3	176,259560E+3	-3,206000E+0	1,397000E+3	11,900000E+0
211	65,388000E+3	176,256870E+3	-4,122000E+0	1,372000E+3	11,900000E+0
212	65,360000E+3	176,246110E+3	-4,580000E+0	1,345000E+3	11,900000E+0
213	65,339000E+3	176,243420E+3	-5,267000E+0	1,315000E+3	11,800000E+0
214	65,325000E+3	176,229970E+3	-5,725000E+0	1,282000E+3	11,900000E+0
215	65,318000E+3	176,235350E+3	-6,183000E+0	1,245000E+3	11,800000E+0
216	65,282000E+3	176,211140E+3	-6,412000E+0	1,209000E+3	11,900000E+0
217	65,275000E+3	176,211140E+3	-7,099000E+0	1,169000E+3	11,900000E+0
218	65,268000E+3	176,211140E+3	-7,557000E+0	1,126000E+3	11,900000E+0
219	65,275000E+3	176,211140E+3	-7,786000E+0	1,083000E+3	11,800000E+0
220	65,254000E+3	176,203070E+3	-7,557000E+0	1,041000E+3	11,800000E+0
221	65,254000E+3	176,205760E+3	-8,015000E+0	998,000000E+0	11,800000E+0
222	65,261000E+3	176,197690E+3	-7,786000E+0	955,000000E+0	11,800000E+0
223	65,261000E+3	176,173480E+3	-7,328000E+0	913,000000E+0	11,900000E+0
224	65,275000E+3	176,181550E+3	-7,328000E+0	870,000000E+0	11,900000E+0
225	65,296000E+3	176,184240E+3	-6,870000E+0	831,000000E+0	11,800000E+0
226	65,296000E+3	176,181550E+3	-6,183000E+0	794,000000E+0	11,800000E+0
227	65,303000E+3	176,181550E+3	-5,954000E+0	759,000000E+0	11,900000E+0
228	65,325000E+3	176,181550E+3	-5,954000E+0	726,000000E+0	11,900000E+0
229	65,353000E+3	176,197690E+3	-5,038000E+0	696,000000E+0	11,900000E+0
230	65,367000E+3	176,203070E+3	-4,351000E+0	670,000000E+0	11,900000E+0
231	65,381000E+3	176,200380E+3	-3,893000E+0	648,000000E+0	11,900000E+0
232	65,409000E+3	176,213830E+3	-3,435000E+0	629,000000E+0	11,900000E+0
233	65,423000E+3	176,211140E+3	-2,519000E+0	615,000000E+0	11,900000E+0
234	65,451000E+3	176,221900E+3	-2,061000E+0	604,000000E+0	11,900000E+0
235	65,479000E+3	176,238040E+3	-1,145000E+0	597,000000E+0	11,900000E+0
236	65,507000E+3	176,264940E+3	-458,000000E-3	595,000000E+0	11,900000E+0
237	14,000000E+0	176,283770E+3	0,000000E+0	595,000000E+0	11,900000E+0
238	49,000000E+0	2,690000E+0	458,000000E-3	600,000000E+0	11,900000E+0
239	77,000000E+0	10,760000E+0	1,603000E+0	611,000000E+0	11,900000E+0
240	98,000000E+0	10,760000E+0	2,519000E+0	626,000000E+0	11,900000E+0
241	126,000000E+0	21,520000E+0	3,206000E+0	645,000000E+0	11,900000E+0
242	140,000000E+0	21,520000E+0	3,893000E+0	669,000000E+0	11,900000E+0
243	168,000000E+0	40,350000E+0	4,122000E+0	694,000000E+0	11,900000E+0
244	196,000000E+0	51,110000E+0	5,038000E+0	723,000000E+0	11,800000E+0
245	217,000000E+0	56,490000E+0	5,725000E+0	756,000000E+0	11,900000E+0
246	239,000000E+0	72,630000E+0	6,183000E+0	790,000000E+0	11,900000E+0
247	246,000000E+0	67,250000E+0	6,641000E+0	829,000000E+0	11,900000E+0
248	246,000000E+0	67,250000E+0	7,099000E+0	870,000000E+0	11,800000E+0
249	274,000000E+0	72,630000E+0	7,328000E+0	910,000000E+0	11,800000E+0
250	274,000000E+0	75,320000E+0	7,786000E+0	952,000000E+0	11,900000E+0
251	21,000000E+0	0,000000E+0	7,328000E+0	989,000000E+0	11,900000E+0
