vendredi 12 janvier 2024	12:11:05	Sampling Period : 40  ms		
Unities: time [sample], PWM [raw], Current [mA], velocity [rev/min], Position [pulse], Present Input Voltage [V]

t	DXL_PWM		DXL_Current		DXL_Velocity		DXL_Position		DXL_Input_Voltage
0	65,402000E+3	176,232660E+3	-1,603000E+0	422,000000E+0	11,900000E+0
1	65,423000E+3	176,235350E+3	-916,000000E-3	402,000000E+0	11,900000E+0
2	65,444000E+3	176,216520E+3	-687,000000E-3	389,000000E+0	11,900000E+0
3	65,465000E+3	176,208450E+3	-229,000000E-3	382,000000E+0	11,900000E+0
4	65,493000E+3	176,238040E+3	0,000000E+0	381,000000E+0	11,900000E+0
5	0,000000E+0	176,251490E+3	229,000000E-3	384,000000E+0	11,900000E+0
6	28,000000E+0	176,251490E+3	687,000000E-3	395,000000E+0	11,900000E+0
7	56,000000E+0	176,235350E+3	1,145000E+0	414,000000E+0	11,900000E+0
8	70,000000E+0	176,229970E+3	1,603000E+0	439,000000E+0	11,900000E+0
9	77,000000E+0	176,216520E+3	2,061000E+0	470,000000E+0	11,900000E+0
10	105,000000E+0	176,200380E+3	2,519000E+0	507,000000E+0	11,900000E+0
11	112,000000E+0	176,208450E+3	2,748000E+0	550,000000E+0	11,900000E+0
12	140,000000E+0	176,203070E+3	2,748000E+0	595,000000E+0	11,900000E+0
13	147,000000E+0	176,197690E+3	3,435000E+0	648,000000E+0	11,900000E+0
14	154,000000E+0	176,195000E+3	3,664000E+0	702,000000E+0	11,900000E+0
15	168,000000E+0	176,189620E+3	3,664000E+0	760,000000E+0	11,900000E+0
16	175,000000E+0	176,200380E+3	4,351000E+0	821,000000E+0	11,900000E+0
17	189,000000E+0	176,203070E+3	4,122000E+0	884,000000E+0	11,900000E+0
18	210,000000E+0	176,211140E+3	4,122000E+0	946,000000E+0	11,900000E+0
19	203,000000E+0	176,216520E+3	4,351000E+0	1,012000E+3	11,900000E+0
20	203,000000E+0	176,224590E+3	4,122000E+0	1,076000E+3	11,900000E+0
21	203,000000E+0	176,238040E+3	4,809000E+0	1,141000E+3	11,900000E+0
22	232,000000E+0	176,248800E+3	4,122000E+0	1,201000E+3	11,900000E+0
23	217,000000E+0	176,264940E+3	4,122000E+0	1,264000E+3	11,900000E+0
24	217,000000E+0	176,270320E+3	3,893000E+0	1,321000E+3	11,900000E+0
25	196,000000E+0	176,283770E+3	3,893000E+0	1,379000E+3	11,900000E+0
26	203,000000E+0	0,000000E+0	3,206000E+0	1,430000E+3	11,900000E+0
27	189,000000E+0	0,000000E+0	2,977000E+0	1,478000E+3	11,900000E+0
28	189,000000E+0	10,760000E+0	2,519000E+0	1,520000E+3	11,900000E+0
29	168,000000E+0	18,830000E+0	2,519000E+0	1,560000E+3	11,900000E+0
30	154,000000E+0	37,660000E+0	1,832000E+0	1,591000E+3	11,900000E+0
31	140,000000E+0	40,350000E+0	1,603000E+0	1,619000E+3	11,900000E+0
32	119,000000E+0	56,490000E+0	1,145000E+0	1,641000E+3	11,900000E+0
33	98,000000E+0	67,250000E+0	687,000000E-3	1,655000E+3	11,900000E+0
34	84,000000E+0	94,150000E+0	229,000000E-3	1,663000E+3	11,900000E+0
35	63,000000E+0	83,390000E+0	0,000000E+0	1,665000E+3	11,900000E+0
36	14,000000E+0	10,760000E+0	0,000000E+0	1,665000E+3	11,900000E+0
37	65,507000E+3	26,900000E+0	-687,000000E-3	1,657000E+3	11,900000E+0
38	65,486000E+3	37,660000E+0	-1,145000E+0	1,640000E+3	11,900000E+0
39	65,465000E+3	56,490000E+0	-1,603000E+0	1,616000E+3	11,900000E+0
40	65,458000E+3	61,870000E+0	-1,832000E+0	1,585000E+3	11,900000E+0
41	65,437000E+3	59,180000E+0	-2,290000E+0	1,549000E+3	11,900000E+0
42	65,416000E+3	69,940000E+0	-2,748000E+0	1,509000E+3	11,900000E+0
43	65,409000E+3	83,390000E+0	-2,977000E+0	1,463000E+3	11,900000E+0
44	65,388000E+3	69,940000E+0	-3,206000E+0	1,413000E+3	11,900000E+0
45	65,388000E+3	80,700000E+0	-3,435000E+0	1,359000E+3	11,900000E+0
46	65,360000E+3	75,320000E+0	-4,122000E+0	1,303000E+3	11,900000E+0
47	65,353000E+3	80,700000E+0	-3,893000E+0	1,242000E+3	11,900000E+0
48	65,339000E+3	83,390000E+0	-4,122000E+0	1,181000E+3	11,900000E+0
49	65,311000E+3	56,490000E+0	-4,122000E+0	1,119000E+3	11,900000E+0
50	65,318000E+3	51,110000E+0	-4,122000E+0	1,053000E+3	11,900000E+0
51	65,318000E+3	34,970000E+0	-4,580000E+0	988,000000E+0	11,900000E+0
52	65,318000E+3	32,280000E+0	-4,580000E+0	925,000000E+0	11,900000E+0
53	65,303000E+3	8,070000E+0	-3,893000E+0	862,000000E+0	11,900000E+0
54	65,325000E+3	0,000000E+0	-4,351000E+0	799,000000E+0	11,900000E+0
55	65,318000E+3	176,289150E+3	-3,893000E+0	742,000000E+0	11,900000E+0
56	65,318000E+3	176,283770E+3	-3,893000E+0	684,000000E+0	11,900000E+0
57	65,339000E+3	176,273010E+3	-3,435000E+0	631,000000E+0	11,900000E+0
58	65,332000E+3	176,270320E+3	-3,206000E+0	582,000000E+0	11,900000E+0
59	65,346000E+3	176,259560E+3	-2,748000E+0	537,000000E+0	11,900000E+0
60	65,367000E+3	176,251490E+3	-2,519000E+0	498,000000E+0	11,900000E+0
61	65,381000E+3	176,243420E+3	-2,061000E+0	463,000000E+0	11,900000E+0
62	65,388000E+3	176,232660E+3	-1,374000E+0	435,000000E+0	11,900000E+0
63	65,416000E+3	176,229970E+3	-1,145000E+0	412,000000E+0	11,900000E+0
64	65,430000E+3	176,224590E+3	-687,000000E-3	396,000000E+0	11,900000E+0
65	65,451000E+3	176,208450E+3	-458,000000E-3	385,000000E+0	11,900000E+0
66	65,472000E+3	176,203070E+3	0,000000E+0	381,000000E+0	11,900000E+0
67	65,514000E+3	176,262250E+3	0,000000E+0	382,000000E+0	11,900000E+0
68	21,000000E+0	176,248800E+3	687,000000E-3	389,000000E+0	11,900000E+0
69	42,000000E+0	176,243420E+3	916,000000E-3	403,000000E+0	11,900000E+0
70	63,000000E+0	176,235350E+3	1,374000E+0	426,000000E+0	11,900000E+0
71	84,000000E+0	176,221900E+3	1,832000E+0	454,000000E+0	11,900000E+0
72	84,000000E+0	176,221900E+3	2,290000E+0	488,000000E+0	11,900000E+0
73	112,000000E+0	176,205760E+3	2,519000E+0	528,000000E+0	11,900000E+0
74	126,000000E+0	176,203070E+3	2,748000E+0	573,000000E+0	11,900000E+0
75	147,000000E+0	176,205760E+3	2,977000E+0	621,000000E+0	11,900000E+0
76	154,000000E+0	176,197690E+3	3,435000E+0	675,000000E+0	11,900000E+0
77	168,000000E+0	176,200380E+3	3,435000E+0	730,000000E+0	11,900000E+0
78	182,000000E+0	176,195000E+3	3,893000E+0	790,000000E+0	11,900000E+0
79	189,000000E+0	176,197690E+3	3,893000E+0	851,000000E+0	11,900000E+0
80	196,000000E+0	176,203070E+3	4,122000E+0	917,000000E+0	11,900000E+0
81	210,000000E+0	176,216520E+3	3,893000E+0	978,000000E+0	11,900000E+0
82	210,000000E+0	176,219210E+3	4,122000E+0	1,044000E+3	11,900000E+0
83	203,000000E+0	176,229970E+3	4,580000E+0	1,110000E+3	11,900000E+0
84	225,000000E+0	176,246110E+3	4,351000E+0	1,172000E+3	11,900000E+0
85	210,000000E+0	176,254180E+3	4,351000E+0	1,234000E+3	11,900000E+0
86	210,000000E+0	176,256870E+3	4,122000E+0	1,294000E+3	11,900000E+0
87	217,000000E+0	176,278390E+3	3,664000E+0	1,349000E+3	11,900000E+0
88	203,000000E+0	176,286460E+3	3,435000E+0	1,405000E+3	11,900000E+0
89	196,000000E+0	0,000000E+0	3,206000E+0	1,455000E+3	11,900000E+0
90	189,000000E+0	0,000000E+0	2,977000E+0	1,501000E+3	11,900000E+0
91	175,000000E+0	5,380000E+0	2,519000E+0	1,541000E+3	11,900000E+0
92	161,000000E+0	21,520000E+0	2,290000E+0	1,577000E+3	11,900000E+0
93	147,000000E+0	40,350000E+0	1,832000E+0	1,606000E+3	11,900000E+0
94	126,000000E+0	48,420000E+0	1,374000E+0	1,631000E+3	11,900000E+0
95	112,000000E+0	59,180000E+0	916,000000E-3	1,648000E+3	11,900000E+0
96	91,000000E+0	75,320000E+0	458,000000E-3	1,660000E+3	11,900000E+0
97	77,000000E+0	99,530000E+0	0,000000E+0	1,664000E+3	11,900000E+0
98	49,000000E+0	56,490000E+0	0,000000E+0	1,665000E+3	11,900000E+0
99	0,000000E+0	18,830000E+0	-229,000000E-3	1,661000E+3	11,900000E+0
100	65,500000E+3	37,660000E+0	-916,000000E-3	1,649000E+3	11,900000E+0
101	65,479000E+3	56,490000E+0	-1,374000E+0	1,628000E+3	11,900000E+0
102	65,465000E+3	59,180000E+0	-1,603000E+0	1,600000E+3	12,000000E+0
103	65,451000E+3	67,250000E+0	-2,061000E+0	1,568000E+3	11,900000E+0
104	65,430000E+3	64,560000E+0	-2,290000E+0	1,530000E+3	11,900000E+0
105	65,416000E+3	80,700000E+0	-2,977000E+0	1,487000E+3	11,900000E+0
106	65,395000E+3	75,320000E+0	-2,977000E+0	1,439000E+3	11,900000E+0
107	65,381000E+3	80,700000E+0	-3,435000E+0	1,387000E+3	11,900000E+0
108	65,367000E+3	80,700000E+0	-3,664000E+0	1,331000E+3	11,900000E+0
109	65,360000E+3	83,390000E+0	-4,122000E+0	1,272000E+3	11,900000E+0
110	65,346000E+3	75,320000E+0	-3,893000E+0	1,212000E+3	11,900000E+0
111	65,332000E+3	69,940000E+0	-4,122000E+0	1,150000E+3	11,900000E+0
112	65,325000E+3	64,560000E+0	-4,351000E+0	1,086000E+3	11,900000E+0
113	65,325000E+3	51,110000E+0	-4,351000E+0	1,020000E+3	11,900000E+0
114	65,311000E+3	24,210000E+0	-4,351000E+0	957,000000E+0	11,900000E+0
115	65,318000E+3	16,140000E+0	-4,351000E+0	893,000000E+0	11,900000E+0
116	65,318000E+3	0,000000E+0	-4,580000E+0	829,000000E+0	11,900000E+0
117	65,303000E+3	0,000000E+0	-3,893000E+0	770,000000E+0	11,900000E+0
118	65,325000E+3	176,286460E+3	-4,122000E+0	710,000000E+0	11,900000E+0
119	65,332000E+3	176,278390E+3	-3,893000E+0	656,000000E+0	11,900000E+0
120	65,332000E+3	176,273010E+3	-3,206000E+0	606,000000E+0	11,900000E+0
121	65,346000E+3	176,262250E+3	-2,977000E+0	559,000000E+0	11,900000E+0
122	65,353000E+3	176,256870E+3	-2,519000E+0	517,000000E+0	11,900000E+0
123	65,374000E+3	176,248800E+3	-2,290000E+0	481,000000E+0	11,900000E+0
124	65,381000E+3	176,232660E+3	-1,832000E+0	449,000000E+0	11,900000E+0
125	65,402000E+3	176,229970E+3	-1,374000E+0	422,000000E+0	11,900000E+0
126	65,423000E+3	176,229970E+3	-916,000000E-3	403,000000E+0	12,000000E+0
127	65,444000E+3	176,216520E+3	-687,000000E-3	390,000000E+0	12,000000E+0
128	65,465000E+3	176,205760E+3	0,000000E+0	382,000000E+0	12,000000E+0
129	65,493000E+3	176,238040E+3	0,000000E+0	381,000000E+0	12,000000E+0
130	0,000000E+0	176,248800E+3	229,000000E-3	384,000000E+0	12,000000E+0
131	28,000000E+0	176,248800E+3	687,000000E-3	395,000000E+0	12,000000E+0
132	49,000000E+0	176,232660E+3	1,374000E+0	415,000000E+0	12,000000E+0
133	70,000000E+0	176,229970E+3	1,603000E+0	439,000000E+0	12,000000E+0
134	84,000000E+0	176,219210E+3	1,832000E+0	470,000000E+0	11,900000E+0
135	105,000000E+0	176,205760E+3	2,290000E+0	507,000000E+0	11,900000E+0
136	112,000000E+0	176,208450E+3	2,748000E+0	551,000000E+0	11,900000E+0
137	133,000000E+0	176,203070E+3	2,977000E+0	596,000000E+0	11,900000E+0
138	147,000000E+0	176,197690E+3	3,206000E+0	647,000000E+0	11,900000E+0
139	161,000000E+0	176,200380E+3	3,435000E+0	702,000000E+0	11,900000E+0
140	175,000000E+0	176,197690E+3	3,664000E+0	760,000000E+0	11,900000E+0
141	189,000000E+0	176,205760E+3	3,893000E+0	819,000000E+0	11,900000E+0
142	189,000000E+0	176,200380E+3	4,122000E+0	883,000000E+0	11,900000E+0
143	196,000000E+0	176,205760E+3	4,351000E+0	947,000000E+0	11,900000E+0
144	210,000000E+0	176,219210E+3	4,122000E+0	1,012000E+3	11,900000E+0
145	210,000000E+0	176,227280E+3	4,351000E+0	1,076000E+3	11,900000E+0
146	203,000000E+0	176,232660E+3	4,809000E+0	1,141000E+3	11,900000E+0
147	225,000000E+0	176,240730E+3	4,351000E+0	1,202000E+3	11,900000E+0
148	225,000000E+0	176,264940E+3	3,893000E+0	1,263000E+3	11,900000E+0
149	203,000000E+0	176,273010E+3	4,122000E+0	1,323000E+3	11,900000E+0
150	210,000000E+0	176,275700E+3	3,664000E+0	1,379000E+3	11,900000E+0
151	210,000000E+0	0,000000E+0	2,977000E+0	1,428000E+3	11,900000E+0
152	189,000000E+0	0,000000E+0	3,206000E+0	1,479000E+3	11,900000E+0
153	182,000000E+0	10,760000E+0	2,519000E+0	1,520000E+3	11,900000E+0
154	168,000000E+0	18,830000E+0	2,290000E+0	1,560000E+3	11,900000E+0
155	154,000000E+0	37,660000E+0	1,832000E+0	1,591000E+3	11,900000E+0
156	140,000000E+0	40,350000E+0	1,603000E+0	1,619000E+3	11,900000E+0
157	119,000000E+0	56,490000E+0	1,145000E+0	1,640000E+3	11,900000E+0
158	98,000000E+0	67,250000E+0	687,000000E-3	1,655000E+3	11,900000E+0
159	84,000000E+0	86,080000E+0	229,000000E-3	1,663000E+3	11,900000E+0
160	63,000000E+0	83,390000E+0	0,000000E+0	1,665000E+3	11,900000E+0
161	14,000000E+0	10,760000E+0	0,000000E+0	1,664000E+3	11,900000E+0
162	65,500000E+3	29,590000E+0	-687,000000E-3	1,657000E+3	11,900000E+0
163	65,486000E+3	37,660000E+0	-1,145000E+0	1,640000E+3	11,900000E+0
164	65,465000E+3	59,180000E+0	-1,603000E+0	1,616000E+3	11,900000E+0
165	65,458000E+3	61,870000E+0	-1,832000E+0	1,585000E+3	11,900000E+0
166	65,437000E+3	61,870000E+0	-2,290000E+0	1,549000E+3	11,900000E+0
167	65,416000E+3	69,940000E+0	-2,519000E+0	1,508000E+3	11,900000E+0
168	65,409000E+3	80,700000E+0	-2,977000E+0	1,463000E+3	11,900000E+0
169	65,388000E+3	75,320000E+0	-3,206000E+0	1,413000E+3	11,900000E+0
170	65,388000E+3	78,010000E+0	-3,664000E+0	1,359000E+3	11,900000E+0
171	65,360000E+3	80,700000E+0	-3,664000E+0	1,304000E+3	11,900000E+0
172	65,346000E+3	78,010000E+0	-3,893000E+0	1,243000E+3	11,900000E+0
173	65,346000E+3	83,390000E+0	-4,122000E+0	1,181000E+3	11,900000E+0
174	65,325000E+3	59,180000E+0	-4,351000E+0	1,118000E+3	11,900000E+0
175	65,325000E+3	51,110000E+0	-4,122000E+0	1,053000E+3	11,900000E+0
176	65,318000E+3	37,660000E+0	-4,580000E+0	988,000000E+0	11,900000E+0
177	65,311000E+3	29,590000E+0	-4,351000E+0	925,000000E+0	11,900000E+0
178	65,311000E+3	13,450000E+0	-4,351000E+0	861,000000E+0	11,900000E+0
179	65,311000E+3	0,000000E+0	-4,122000E+0	800,000000E+0	11,900000E+0
180	65,325000E+3	0,000000E+0	-4,122000E+0	740,000000E+0	11,900000E+0
181	65,318000E+3	176,281080E+3	-3,664000E+0	685,000000E+0	11,900000E+0
182	65,339000E+3	176,275700E+3	-3,435000E+0	631,000000E+0	11,900000E+0
183	65,339000E+3	176,267630E+3	-3,206000E+0	582,000000E+0	11,900000E+0
184	65,325000E+3	176,256870E+3	-2,061000E+0	540,000000E+0	11,900000E+0
185	65,367000E+3	176,248800E+3	-2,519000E+0	497,000000E+0	11,900000E+0
186	65,381000E+3	176,240730E+3	-2,061000E+0	463,000000E+0	11,900000E+0
187	65,388000E+3	176,232660E+3	-1,603000E+0	435,000000E+0	11,900000E+0
188	65,416000E+3	176,229970E+3	-1,374000E+0	412,000000E+0	11,900000E+0
189	65,430000E+3	176,224590E+3	-687,000000E-3	396,000000E+0	11,900000E+0
190	65,451000E+3	176,205760E+3	-458,000000E-3	385,000000E+0	12,000000E+0
191	65,472000E+3	176,200380E+3	0,000000E+0	381,000000E+0	12,000000E+0
192	65,514000E+3	176,262250E+3	0,000000E+0	381,000000E+0	11,900000E+0
193	21,000000E+0	176,248800E+3	687,000000E-3	389,000000E+0	11,900000E+0
194	42,000000E+0	176,243420E+3	916,000000E-3	404,000000E+0	11,900000E+0
195	56,000000E+0	176,232660E+3	1,374000E+0	426,000000E+0	11,900000E+0
196	77,000000E+0	176,224590E+3	1,832000E+0	454,000000E+0	11,900000E+0
197	91,000000E+0	176,221900E+3	2,061000E+0	488,000000E+0	11,900000E+0
198	112,000000E+0	176,203070E+3	2,519000E+0	527,000000E+0	11,900000E+0
199	119,000000E+0	176,200380E+3	2,977000E+0	573,000000E+0	11,900000E+0
200	140,000000E+0	176,205760E+3	2,977000E+0	621,000000E+0	11,900000E+0
201	154,000000E+0	176,197690E+3	3,206000E+0	675,000000E+0	11,900000E+0
202	168,000000E+0	176,195000E+3	3,435000E+0	731,000000E+0	11,900000E+0
203	182,000000E+0	176,197690E+3	3,893000E+0	790,000000E+0	11,900000E+0
204	182,000000E+0	176,195000E+3	4,122000E+0	853,000000E+0	11,900000E+0
205	189,000000E+0	176,205760E+3	4,351000E+0	916,000000E+0	11,900000E+0
206	210,000000E+0	176,216520E+3	3,893000E+0	978,000000E+0	11,900000E+0
207	203,000000E+0	176,213830E+3	4,351000E+0	1,044000E+3	11,900000E+0
208	210,000000E+0	176,227280E+3	4,580000E+0	1,109000E+3	11,900000E+0
209	210,000000E+0	176,243420E+3	4,580000E+0	1,173000E+3	11,900000E+0
210	210,000000E+0	176,248800E+3	4,351000E+0	1,234000E+3	11,900000E+0
211	225,000000E+0	176,254180E+3	3,664000E+0	1,293000E+3	11,900000E+0
212	210,000000E+0	176,275700E+3	3,893000E+0	1,351000E+3	11,900000E+0
213	203,000000E+0	176,283770E+3	3,664000E+0	1,405000E+3	11,900000E+0
214	196,000000E+0	0,000000E+0	3,206000E+0	1,454000E+3	11,900000E+0
215	189,000000E+0	0,000000E+0	2,977000E+0	1,501000E+3	11,900000E+0
216	168,000000E+0	5,380000E+0	2,519000E+0	1,542000E+3	11,900000E+0
217	154,000000E+0	21,520000E+0	2,290000E+0	1,577000E+3	11,900000E+0
218	147,000000E+0	37,660000E+0	1,603000E+0	1,606000E+3	11,900000E+0
219	126,000000E+0	43,040000E+0	1,374000E+0	1,631000E+3	11,900000E+0
220	112,000000E+0	56,490000E+0	916,000000E-3	1,648000E+3	11,900000E+0
221	91,000000E+0	75,320000E+0	458,000000E-3	1,660000E+3	11,900000E+0
222	77,000000E+0	96,840000E+0	0,000000E+0	1,664000E+3	11,900000E+0
223	42,000000E+0	53,800000E+0	0,000000E+0	1,664000E+3	11,900000E+0
224	65,528000E+3	16,140000E+0	-229,000000E-3	1,662000E+3	11,900000E+0
225	65,500000E+3	37,660000E+0	-916,000000E-3	1,649000E+3	11,900000E+0
226	65,479000E+3	59,180000E+0	-1,374000E+0	1,628000E+3	11,900000E+0
227	65,465000E+3	56,490000E+0	-1,603000E+0	1,601000E+3	11,900000E+0
228	65,444000E+3	64,560000E+0	-2,061000E+0	1,568000E+3	12,000000E+0
229	65,430000E+3	67,250000E+0	-2,290000E+0	1,530000E+3	11,900000E+0
230	65,416000E+3	80,700000E+0	-2,977000E+0	1,486000E+3	11,900000E+0
231	65,395000E+3	72,630000E+0	-2,977000E+0	1,439000E+3	11,900000E+0
232	65,388000E+3	83,390000E+0	-3,664000E+0	1,386000E+3	11,900000E+0
233	65,367000E+3	80,700000E+0	-3,664000E+0	1,331000E+3	11,900000E+0
234	65,360000E+3	80,700000E+0	-3,893000E+0	1,273000E+3	11,900000E+0
235	65,346000E+3	78,010000E+0	-3,893000E+0	1,213000E+3	11,900000E+0
236	65,332000E+3	69,940000E+0	-4,122000E+0	1,150000E+3	11,900000E+0
237	65,325000E+3	64,560000E+0	-4,351000E+0	1,086000E+3	11,900000E+0
