vendredi 12 janvier 2024	12:33:11	Sampling Period : 40  ms		
Unities: time [sample], PWM [raw], Current [mA], velocity [rev/min], Position [pulse], Present Input Voltage [V]

t	DXL_PWM		DXL_Current		DXL_Velocity		DXL_Position		DXL_Input_Voltage
0	65,521000E+3	176,283770E+3	0,000000E+0	1,025000E+3	12,000000E+0
1	65,521000E+3	176,283770E+3	0,000000E+0	1,026000E+3	12,000000E+0
2	65,050000E+3	176,186930E+3	-3,435000E+0	993,000000E+0	11,900000E+0
3	65,036000E+3	176,221900E+3	-6,183000E+0	898,000000E+0	11,900000E+0
4	65,043000E+3	176,200380E+3	-6,870000E+0	803,000000E+0	11,900000E+0
5	65,043000E+3	176,157340E+3	-7,557000E+0	710,000000E+0	11,900000E+0
6	65,050000E+3	176,108920E+3	-7,099000E+0	621,000000E+0	11,900000E+0
7	65,043000E+3	176,076640E+3	-6,412000E+0	539,000000E+0	11,900000E+0
8	65,064000E+3	176,103540E+3	-6,412000E+0	458,000000E+0	11,900000E+0
9	65,064000E+3	176,063190E+3	-5,038000E+0	388,000000E+0	11,900000E+0
10	65,093000E+3	176,073950E+3	-5,038000E+0	319,000000E+0	11,900000E+0
11	65,114000E+3	176,047050E+3	-4,122000E+0	258,000000E+0	11,900000E+0
12	65,149000E+3	176,020150E+3	-3,664000E+0	205,000000E+0	11,900000E+0
13	65,184000E+3	176,041670E+3	-2,977000E+0	161,000000E+0	11,900000E+0
14	65,233000E+3	175,987870E+3	-2,519000E+0	124,000000E+0	11,900000E+0
15	65,261000E+3	176,012080E+3	-2,061000E+0	99,000000E+0	11,900000E+0
16	65,303000E+3	176,036290E+3	-1,374000E+0	80,000000E+0	11,900000E+0
17	65,346000E+3	176,014770E+3	-458,000000E-3	73,000000E+0	11,900000E+0
18	65,402000E+3	176,098160E+3	0,000000E+0	73,000000E+0	11,900000E+0
19	65,507000E+3	176,176170E+3	458,000000E-3	78,000000E+0	12,000000E+0
20	42,000000E+0	176,165410E+3	1,374000E+0	95,000000E+0	12,000000E+0
21	84,000000E+0	176,146580E+3	2,290000E+0	128,000000E+0	12,000000E+0
22	126,000000E+0	176,146580E+3	2,748000E+0	168,000000E+0	12,000000E+0
23	168,000000E+0	176,165410E+3	3,206000E+0	215,000000E+0	12,000000E+0
24	203,000000E+0	176,176170E+3	3,893000E+0	273,000000E+0	12,000000E+0
25	246,000000E+0	176,192310E+3	4,122000E+0	337,000000E+0	12,000000E+0
26	274,000000E+0	176,200380E+3	4,809000E+0	409,000000E+0	12,000000E+0
27	309,000000E+0	176,211140E+3	5,267000E+0	487,000000E+0	12,000000E+0
28	344,000000E+0	176,219210E+3	5,725000E+0	570,000000E+0	11,900000E+0
29	379,000000E+0	176,229970E+3	6,183000E+0	656,000000E+0	11,900000E+0
30	414,000000E+0	176,256870E+3	6,412000E+0	747,000000E+0	12,000000E+0
31	435,000000E+0	176,262250E+3	6,870000E+0	841,000000E+0	11,900000E+0
32	457,000000E+0	176,275700E+3	6,870000E+0	935,000000E+0	11,900000E+0
33	464,000000E+0	176,283770E+3	6,870000E+0	1,032000E+3	11,900000E+0
34	485,000000E+0	2,690000E+0	6,641000E+0	1,127000E+3	11,900000E+0
35	485,000000E+0	8,070000E+0	6,870000E+0	1,224000E+3	11,900000E+0
36	485,000000E+0	53,800000E+0	7,099000E+0	1,317000E+3	11,900000E+0
37	478,000000E+0	118,360000E+0	7,099000E+0	1,407000E+3	11,900000E+0
38	478,000000E+0	153,330000E+0	6,412000E+0	1,491000E+3	11,900000E+0
39	471,000000E+0	182,920000E+0	5,954000E+0	1,571000E+3	11,900000E+0
40	464,000000E+0	190,990000E+0	5,496000E+0	1,645000E+3	11,900000E+0
41	442,000000E+0	204,440000E+0	4,809000E+0	1,715000E+3	11,900000E+0
42	421,000000E+0	266,310000E+0	4,122000E+0	1,775000E+3	11,900000E+0
43	393,000000E+0	269,000000E+0	3,664000E+0	1,831000E+3	11,900000E+0
44	365,000000E+0	282,450000E+0	3,206000E+0	1,877000E+3	11,900000E+0
45	316,000000E+0	279,760000E+0	2,748000E+0	1,916000E+3	11,900000E+0
46	288,000000E+0	303,970000E+0	1,832000E+0	1,943000E+3	11,900000E+0
47	246,000000E+0	293,210000E+0	1,374000E+0	1,963000E+3	11,900000E+0
48	196,000000E+0	269,000000E+0	687,000000E-3	1,973000E+3	11,900000E+0
49	154,000000E+0	220,580000E+0	0,000000E+0	1,973000E+3	12,000000E+0
50	49,000000E+0	94,150000E+0	0,000000E+0	1,972000E+3	12,000000E+0
51	65,493000E+3	91,460000E+0	-916,000000E-3	1,960000E+3	12,000000E+0
52	65,451000E+3	99,530000E+0	-1,832000E+0	1,930000E+3	12,000000E+0
53	65,409000E+3	102,220000E+0	-2,519000E+0	1,891000E+3	12,000000E+0
54	65,381000E+3	94,150000E+0	-2,977000E+0	1,844000E+3	12,000000E+0
55	65,332000E+3	94,150000E+0	-3,664000E+0	1,790000E+3	12,000000E+0
56	65,289000E+3	80,700000E+0	-4,351000E+0	1,727000E+3	12,000000E+0
57	65,254000E+3	67,250000E+0	-4,809000E+0	1,657000E+3	12,000000E+0
58	65,219000E+3	51,110000E+0	-5,038000E+0	1,582000E+3	11,900000E+0
59	65,177000E+3	40,350000E+0	-5,496000E+0	1,501000E+3	11,900000E+0
60	65,135000E+3	24,210000E+0	-5,954000E+0	1,416000E+3	11,900000E+0
61	65,114000E+3	21,520000E+0	-5,954000E+0	1,327000E+3	11,900000E+0
62	65,093000E+3	18,830000E+0	-6,412000E+0	1,234000E+3	11,900000E+0
63	65,064000E+3	0,000000E+0	-6,412000E+0	1,138000E+3	11,900000E+0
64	65,064000E+3	0,000000E+0	-6,870000E+0	1,041000E+3	11,900000E+0
65	65,050000E+3	176,264940E+3	-6,870000E+0	945,000000E+0	11,900000E+0
66	65,043000E+3	176,243420E+3	-7,328000E+0	851,000000E+0	11,900000E+0
67	65,078000E+3	176,176170E+3	-8,015000E+0	752,000000E+0	11,900000E+0
68	65,043000E+3	176,138510E+3	-7,328000E+0	666,000000E+0	11,900000E+0
69	65,043000E+3	176,090090E+3	-6,870000E+0	580,000000E+0	11,900000E+0
70	65,043000E+3	176,076640E+3	-6,412000E+0	499,000000E+0	11,900000E+0
71	65,071000E+3	176,071260E+3	-6,183000E+0	421,000000E+0	11,900000E+0
72	65,078000E+3	176,055120E+3	-5,496000E+0	351,000000E+0	11,900000E+0
73	65,107000E+3	176,036290E+3	-5,038000E+0	286,000000E+0	11,900000E+0
74	65,142000E+3	176,060500E+3	-4,580000E+0	230,000000E+0	11,900000E+0
75	65,170000E+3	176,041670E+3	-3,664000E+0	181,000000E+0	11,900000E+0
76	65,205000E+3	176,041670E+3	-2,748000E+0	142,000000E+0	11,900000E+0
77	65,240000E+3	176,041670E+3	-2,290000E+0	111,000000E+0	11,900000E+0
78	65,268000E+3	176,012080E+3	-1,145000E+0	90,000000E+0	11,900000E+0
79	65,318000E+3	176,014770E+3	-687,000000E-3	76,000000E+0	11,900000E+0
80	65,374000E+3	176,057810E+3	0,000000E+0	73,000000E+0	11,900000E+0
81	65,465000E+3	176,186930E+3	0,000000E+0	73,000000E+0	12,000000E+0
82	35,000000E+0	176,184240E+3	916,000000E-3	82,000000E+0	12,000000E+0
83	56,000000E+0	176,165410E+3	1,832000E+0	111,000000E+0	12,000000E+0
84	105,000000E+0	176,151960E+3	2,290000E+0	145,000000E+0	12,000000E+0
85	147,000000E+0	176,165410E+3	3,206000E+0	191,000000E+0	12,000000E+0
86	175,000000E+0	176,170790E+3	3,893000E+0	245,000000E+0	12,000000E+0
87	225,000000E+0	176,184240E+3	4,351000E+0	306,000000E+0	12,000000E+0
88	253,000000E+0	176,186930E+3	5,038000E+0	375,000000E+0	12,000000E+0
89	288,000000E+0	176,197690E+3	5,267000E+0	449,000000E+0	12,000000E+0
90	316,000000E+0	176,211140E+3	5,954000E+0	528,000000E+0	12,000000E+0
91	365,000000E+0	176,240730E+3	6,183000E+0	613,000000E+0	12,000000E+0
92	393,000000E+0	176,243420E+3	6,412000E+0	700,000000E+0	12,000000E+0
93	421,000000E+0	176,254180E+3	6,870000E+0	794,000000E+0	11,900000E+0
94	450,000000E+0	176,267630E+3	6,641000E+0	887,000000E+0	11,900000E+0
95	464,000000E+0	176,278390E+3	6,870000E+0	984,000000E+0	11,900000E+0
96	485,000000E+0	0,000000E+0	6,641000E+0	1,079000E+3	11,900000E+0
97	478,000000E+0	13,450000E+0	6,870000E+0	1,176000E+3	11,900000E+0
98	478,000000E+0	29,590000E+0	7,099000E+0	1,271000E+3	11,900000E+0
99	492,000000E+0	88,770000E+0	6,870000E+0	1,362000E+3	11,900000E+0
100	485,000000E+0	134,500000E+0	6,641000E+0	1,448000E+3	11,900000E+0
101	478,000000E+0	156,020000E+0	5,954000E+0	1,531000E+3	11,900000E+0
102	471,000000E+0	182,920000E+0	5,496000E+0	1,608000E+3	11,900000E+0
103	450,000000E+0	209,820000E+0	5,038000E+0	1,681000E+3	11,900000E+0
104	435,000000E+0	242,100000E+0	4,580000E+0	1,746000E+3	11,900000E+0
105	400,000000E+0	247,480000E+0	4,122000E+0	1,805000E+3	11,900000E+0
106	372,000000E+0	269,000000E+0	3,664000E+0	1,856000E+3	11,900000E+0
107	344,000000E+0	258,240000E+0	2,977000E+0	1,898000E+3	11,900000E+0
108	302,000000E+0	298,590000E+0	2,061000E+0	1,931000E+3	11,900000E+0
109	274,000000E+0	277,070000E+0	1,374000E+0	1,954000E+3	11,900000E+0
110	225,000000E+0	287,830000E+0	687,000000E-3	1,969000E+3	11,900000E+0
111	175,000000E+0	250,170000E+0	0,000000E+0	1,974000E+3	11,900000E+0
112	98,000000E+0	137,190000E+0	0,000000E+0	1,974000E+3	12,000000E+0
113	0,000000E+0	112,980000E+0	-687,000000E-3	1,968000E+3	12,000000E+0
114	65,472000E+3	107,600000E+0	-1,374000E+0	1,946000E+3	12,000000E+0
115	65,437000E+3	104,910000E+0	-2,290000E+0	1,912000E+3	12,000000E+0
116	65,374000E+3	104,910000E+0	-2,748000E+0	1,871000E+3	12,000000E+0
117	65,360000E+3	96,840000E+0	-3,664000E+0	1,816000E+3	12,000000E+0
118	65,311000E+3	88,770000E+0	-4,122000E+0	1,759000E+3	12,000000E+0
119	65,275000E+3	80,700000E+0	-4,580000E+0	1,693000E+3	12,000000E+0
120	65,233000E+3	64,560000E+0	-5,038000E+0	1,620000E+3	12,000000E+0
121	65,205000E+3	56,490000E+0	-5,496000E+0	1,541000E+3	12,000000E+0
122	65,149000E+3	29,590000E+0	-5,954000E+0	1,460000E+3	12,000000E+0
123	65,114000E+3	24,210000E+0	-5,954000E+0	1,373000E+3	11,900000E+0
124	65,093000E+3	24,210000E+0	-6,412000E+0	1,280000E+3	11,900000E+0
125	65,078000E+3	5,380000E+0	-6,183000E+0	1,187000E+3	11,900000E+0
126	65,050000E+3	176,286460E+3	-6,412000E+0	1,091000E+3	11,900000E+0
127	65,050000E+3	176,273010E+3	-6,641000E+0	994,000000E+0	11,900000E+0
128	65,043000E+3	176,246110E+3	-6,870000E+0	898,000000E+0	11,900000E+0
129	65,043000E+3	176,208450E+3	-7,328000E+0	803,000000E+0	11,900000E+0
130	65,043000E+3	176,170790E+3	-7,328000E+0	710,000000E+0	11,900000E+0
131	65,043000E+3	176,111610E+3	-7,099000E+0	622,000000E+0	11,900000E+0
132	65,050000E+3	176,079330E+3	-6,641000E+0	538,000000E+0	11,900000E+0
133	65,057000E+3	176,076640E+3	-6,412000E+0	460,000000E+0	11,900000E+0
134	65,078000E+3	176,073950E+3	-5,954000E+0	385,000000E+0	11,900000E+0
135	65,093000E+3	176,068570E+3	-5,267000E+0	318,000000E+0	11,900000E+0
136	65,114000E+3	176,049740E+3	-4,580000E+0	258,000000E+0	11,900000E+0
137	65,163000E+3	176,049740E+3	-4,122000E+0	204,000000E+0	11,900000E+0
138	65,184000E+3	176,076640E+3	-3,206000E+0	161,000000E+0	11,900000E+0
139	65,233000E+3	176,041670E+3	-2,519000E+0	124,000000E+0	11,900000E+0
140	65,261000E+3	176,025530E+3	-1,603000E+0	99,000000E+0	11,900000E+0
141	65,296000E+3	176,036290E+3	-1,145000E+0	82,000000E+0	11,900000E+0
142	65,346000E+3	176,017460E+3	-458,000000E-3	74,000000E+0	11,900000E+0
143	65,402000E+3	176,095470E+3	0,000000E+0	74,000000E+0	12,000000E+0
144	65,507000E+3	176,184240E+3	229,000000E-3	78,000000E+0	12,000000E+0
145	42,000000E+0	176,170790E+3	1,374000E+0	95,000000E+0	12,000000E+0
146	84,000000E+0	176,157340E+3	2,290000E+0	128,000000E+0	12,000000E+0
147	119,000000E+0	176,151960E+3	2,748000E+0	168,000000E+0	12,000000E+0
148	168,000000E+0	176,165410E+3	3,435000E+0	216,000000E+0	12,000000E+0
149	203,000000E+0	176,173480E+3	4,122000E+0	273,000000E+0	12,000000E+0
150	239,000000E+0	176,173480E+3	4,580000E+0	339,000000E+0	12,000000E+0
151	274,000000E+0	176,192310E+3	5,038000E+0	410,000000E+0	12,000000E+0
152	302,000000E+0	176,200380E+3	5,725000E+0	488,000000E+0	12,000000E+0
153	337,000000E+0	176,213830E+3	5,954000E+0	571,000000E+0	12,000000E+0
154	379,000000E+0	176,243420E+3	6,412000E+0	656,000000E+0	11,900000E+0
155	414,000000E+0	176,248800E+3	6,412000E+0	746,000000E+0	11,900000E+0
156	435,000000E+0	176,262250E+3	6,870000E+0	841,000000E+0	11,900000E+0
157	464,000000E+0	176,273010E+3	6,870000E+0	936,000000E+0	11,900000E+0
158	471,000000E+0	176,283770E+3	6,870000E+0	1,031000E+3	11,900000E+0
159	485,000000E+0	0,000000E+0	6,641000E+0	1,127000E+3	11,900000E+0
160	492,000000E+0	16,140000E+0	6,870000E+0	1,223000E+3	11,900000E+0
161	492,000000E+0	48,420000E+0	7,099000E+0	1,316000E+3	11,900000E+0
162	478,000000E+0	115,670000E+0	6,870000E+0	1,406000E+3	11,900000E+0
163	478,000000E+0	153,330000E+0	6,412000E+0	1,490000E+3	11,900000E+0
164	478,000000E+0	169,470000E+0	5,725000E+0	1,570000E+3	11,900000E+0
165	464,000000E+0	190,990000E+0	5,496000E+0	1,645000E+3	11,900000E+0
166	442,000000E+0	207,130000E+0	5,038000E+0	1,716000E+3	11,900000E+0
167	414,000000E+0	244,790000E+0	4,351000E+0	1,776000E+3	11,900000E+0
168	386,000000E+0	260,930000E+0	3,893000E+0	1,831000E+3	11,900000E+0
169	365,000000E+0	266,310000E+0	3,206000E+0	1,877000E+3	11,900000E+0
170	323,000000E+0	282,450000E+0	2,519000E+0	1,916000E+3	11,900000E+0
171	295,000000E+0	301,280000E+0	1,832000E+0	1,942000E+3	11,900000E+0
172	246,000000E+0	274,380000E+0	1,145000E+0	1,963000E+3	11,900000E+0
173	203,000000E+0	285,140000E+0	229,000000E-3	1,972000E+3	11,900000E+0
174	161,000000E+0	225,960000E+0	0,000000E+0	1,972000E+3	11,900000E+0
175	63,000000E+0	102,220000E+0	0,000000E+0	1,970000E+3	12,000000E+0
176	65,493000E+3	91,460000E+0	-916,000000E-3	1,960000E+3	12,000000E+0
177	65,444000E+3	104,910000E+0	-1,832000E+0	1,930000E+3	12,000000E+0
178	65,402000E+3	107,600000E+0	-2,519000E+0	1,891000E+3	12,000000E+0
179	65,381000E+3	99,530000E+0	-3,206000E+0	1,845000E+3	12,000000E+0
180	65,339000E+3	96,840000E+0	-3,893000E+0	1,790000E+3	12,000000E+0
181	65,296000E+3	86,080000E+0	-4,351000E+0	1,727000E+3	12,000000E+0
182	65,261000E+3	75,320000E+0	-4,809000E+0	1,656000E+3	12,000000E+0
183	65,219000E+3	64,560000E+0	-5,267000E+0	1,581000E+3	11,900000E+0
184	65,170000E+3	48,420000E+0	-5,267000E+0	1,502000E+3	12,000000E+0
185	65,142000E+3	32,280000E+0	-6,183000E+0	1,416000E+3	12,000000E+0
186	65,121000E+3	26,900000E+0	-6,183000E+0	1,326000E+3	12,000000E+0
187	65,093000E+3	13,450000E+0	-6,412000E+0	1,234000E+3	11,900000E+0
188	65,071000E+3	0,000000E+0	-6,641000E+0	1,138000E+3	11,900000E+0
189	65,050000E+3	176,286460E+3	-6,641000E+0	1,042000E+3	11,900000E+0
190	65,043000E+3	176,264940E+3	-6,641000E+0	946,000000E+0	11,900000E+0
191	65,036000E+3	176,235350E+3	-7,099000E+0	851,000000E+0	11,900000E+0
192	65,043000E+3	176,203070E+3	-7,328000E+0	757,000000E+0	11,900000E+0
193	65,036000E+3	176,135820E+3	-7,328000E+0	666,000000E+0	11,900000E+0
194	65,050000E+3	176,090090E+3	-6,870000E+0	579,000000E+0	11,900000E+0
195	65,050000E+3	176,079330E+3	-6,412000E+0	499,000000E+0	11,900000E+0
196	65,064000E+3	176,068570E+3	-6,183000E+0	422,000000E+0	11,900000E+0
197	65,086000E+3	176,057810E+3	-5,725000E+0	351,000000E+0	11,900000E+0
198	65,114000E+3	176,033600E+3	-5,038000E+0	286,000000E+0	11,900000E+0
199	65,135000E+3	176,052430E+3	-4,580000E+0	230,000000E+0	11,900000E+0
200	65,170000E+3	176,049740E+3	-3,664000E+0	181,000000E+0	11,900000E+0
201	65,212000E+3	176,063190E+3	-2,977000E+0	141,000000E+0	11,900000E+0
202	65,233000E+3	176,041670E+3	-2,061000E+0	111,000000E+0	11,900000E+0
203	65,275000E+3	176,017460E+3	-1,374000E+0	89,000000E+0	11,900000E+0
204	65,325000E+3	176,014770E+3	-916,000000E-3	76,000000E+0	11,900000E+0
205	65,374000E+3	176,055120E+3	0,000000E+0	73,000000E+0	11,900000E+0
206	65,458000E+3	176,184240E+3	0,000000E+0	74,000000E+0	12,000000E+0
207	35,000000E+0	176,184240E+3	687,000000E-3	82,000000E+0	12,000000E+0
208	56,000000E+0	176,168100E+3	1,832000E+0	111,000000E+0	12,000000E+0
209	105,000000E+0	176,151960E+3	2,519000E+0	145,000000E+0	12,000000E+0
210	147,000000E+0	176,165410E+3	3,206000E+0	191,000000E+0	12,000000E+0
211	175,000000E+0	176,170790E+3	3,893000E+0	245,000000E+0	12,000000E+0
212	225,000000E+0	176,181550E+3	4,351000E+0	306,000000E+0	12,000000E+0
213	253,000000E+0	176,181550E+3	4,809000E+0	375,000000E+0	12,000000E+0
214	288,000000E+0	176,197690E+3	5,496000E+0	449,000000E+0	12,000000E+0
215	316,000000E+0	176,205760E+3	5,725000E+0	529,000000E+0	12,000000E+0
216	372,000000E+0	176,240730E+3	6,183000E+0	612,000000E+0	12,000000E+0
217	393,000000E+0	176,246110E+3	6,412000E+0	701,000000E+0	12,000000E+0
218	421,000000E+0	176,251490E+3	6,870000E+0	793,000000E+0	11,900000E+0
219	442,000000E+0	176,264940E+3	6,870000E+0	887,000000E+0	12,000000E+0
220	464,000000E+0	176,275700E+3	6,870000E+0	983,000000E+0	11,900000E+0
221	471,000000E+0	0,000000E+0	6,870000E+0	1,080000E+3	11,900000E+0
222	485,000000E+0	5,380000E+0	6,412000E+0	1,175000E+3	11,900000E+0
223	492,000000E+0	34,970000E+0	6,870000E+0	1,269000E+3	11,900000E+0
224	485,000000E+0	83,390000E+0	7,099000E+0	1,362000E+3	11,900000E+0
225	485,000000E+0	131,810000E+0	6,412000E+0	1,448000E+3	11,900000E+0
226	478,000000E+0	158,710000E+0	6,183000E+0	1,531000E+3	11,900000E+0
227	471,000000E+0	188,300000E+0	5,725000E+0	1,608000E+3	11,900000E+0
228	450,000000E+0	209,820000E+0	5,267000E+0	1,681000E+3	11,900000E+0
229	435,000000E+0	247,480000E+0	4,809000E+0	1,747000E+3	11,900000E+0
230	400,000000E+0	250,170000E+0	4,122000E+0	1,804000E+3	11,900000E+0
231	379,000000E+0	277,070000E+0	3,664000E+0	1,856000E+3	11,900000E+0
232	344,000000E+0	263,620000E+0	2,977000E+0	1,897000E+3	11,900000E+0
233	302,000000E+0	298,590000E+0	2,061000E+0	1,931000E+3	11,900000E+0
234	274,000000E+0	277,070000E+0	1,145000E+0	1,953000E+3	11,900000E+0
235	232,000000E+0	295,900000E+0	687,000000E-3	1,968000E+3	11,900000E+0
236	175,000000E+0	252,860000E+0	0,000000E+0	1,974000E+3	11,900000E+0
237	98,000000E+0	137,190000E+0	0,000000E+0	1,974000E+3	12,000000E+0
238	0,000000E+0	112,980000E+0	-687,000000E-3	1,968000E+3	12,000000E+0
239	65,472000E+3	110,290000E+0	-1,374000E+0	1,946000E+3	12,000000E+0
240	65,437000E+3	104,910000E+0	-2,061000E+0	1,912000E+3	12,000000E+0
241	65,388000E+3	107,600000E+0	-2,977000E+0	1,870000E+3	12,000000E+0
242	65,360000E+3	96,840000E+0	-3,664000E+0	1,817000E+3	12,000000E+0
243	65,318000E+3	94,150000E+0	-4,122000E+0	1,759000E+3	12,000000E+0
244	65,275000E+3	80,700000E+0	-4,580000E+0	1,693000E+3	12,000000E+0
245	65,240000E+3	64,560000E+0	-5,038000E+0	1,620000E+3	12,000000E+0
246	65,205000E+3	56,490000E+0	-5,496000E+0	1,541000E+3	12,000000E+0
247	65,149000E+3	32,280000E+0	-5,725000E+0	1,460000E+3	12,000000E+0
248	65,128000E+3	29,590000E+0	-6,183000E+0	1,372000E+3	12,000000E+0
249	65,100000E+3	21,520000E+0	-6,412000E+0	1,279000E+3	11,900000E+0
250	65,086000E+3	10,760000E+0	-6,412000E+0	1,186000E+3	11,900000E+0
