samedi 20 janvier 2024	15:29:02	Sampling Period : 20  ms		
Unities: time [sample], PWM [raw], Current [mA], velocity [rev/min], Position [pulse], Present Input Voltage [V]

t	DXL_PWM		DXL_Current		DXL_Velocity		DXL_Position		DXL_Input_Voltage
0	1,000000E+0	0,000000E+0	0,000000E+0	1,363358E+6	12,000000E+0
1	268,000000E+0	126,430000E+0	0,000000E+0	1,363363E+6	12,000000E+0
2	885,000000E+0	37,660000E+0	17,404000E+0	1,363477E+6	12,000000E+0
3	885,000000E+0	21,520000E+0	29,999000E+0	1,363644E+6	12,000000E+0
4	885,000000E+0	21,520000E+0	30,457000E+0	1,363810E+6	12,000000E+0
5	885,000000E+0	21,520000E+0	30,686000E+0	1,363978E+6	12,000000E+0
6	885,000000E+0	21,520000E+0	30,686000E+0	1,364143E+6	12,000000E+0
7	885,000000E+0	18,830000E+0	30,457000E+0	1,364309E+6	12,000000E+0
8	885,000000E+0	18,830000E+0	30,457000E+0	1,364474E+6	12,000000E+0
9	885,000000E+0	18,830000E+0	30,228000E+0	1,364641E+6	12,000000E+0
10	885,000000E+0	18,830000E+0	30,228000E+0	1,364806E+6	12,000000E+0
11	885,000000E+0	18,830000E+0	29,999000E+0	1,364972E+6	12,000000E+0
12	885,000000E+0	18,830000E+0	30,228000E+0	1,365140E+6	12,000000E+0
13	885,000000E+0	18,830000E+0	30,228000E+0	1,365306E+6	12,000000E+0
14	885,000000E+0	18,830000E+0	30,228000E+0	1,365474E+6	12,000000E+0
15	885,000000E+0	18,830000E+0	30,457000E+0	1,365641E+6	12,000000E+0
16	885,000000E+0	18,830000E+0	30,915000E+0	1,365808E+6	12,000000E+0
17	885,000000E+0	18,830000E+0	31,144000E+0	1,365976E+6	12,000000E+0
18	885,000000E+0	18,830000E+0	31,144000E+0	1,366143E+6	12,000000E+0
19	885,000000E+0	18,830000E+0	30,915000E+0	1,366309E+6	12,000000E+0
20	885,000000E+0	16,140000E+0	30,686000E+0	1,366475E+6	12,000000E+0
21	885,000000E+0	16,140000E+0	30,457000E+0	1,366643E+6	12,000000E+0
22	885,000000E+0	16,140000E+0	30,457000E+0	1,366810E+6	12,000000E+0
23	885,000000E+0	16,140000E+0	30,228000E+0	1,366976E+6	12,000000E+0
24	885,000000E+0	16,140000E+0	30,228000E+0	1,367145E+6	12,000000E+0
25	885,000000E+0	16,140000E+0	30,228000E+0	1,367314E+6	12,000000E+0
26	885,000000E+0	16,140000E+0	30,228000E+0	1,367481E+6	12,000000E+0
27	885,000000E+0	16,140000E+0	30,228000E+0	1,367649E+6	12,000000E+0
28	885,000000E+0	16,140000E+0	30,457000E+0	1,367815E+6	12,000000E+0
29	885,000000E+0	16,140000E+0	30,686000E+0	1,367985E+6	12,000000E+0
30	885,000000E+0	18,830000E+0	30,457000E+0	1,368147E+6	12,000000E+0
31	885,000000E+0	18,830000E+0	30,686000E+0	1,368314E+6	12,000000E+0
32	885,000000E+0	16,140000E+0	30,686000E+0	1,368480E+6	12,000000E+0
33	885,000000E+0	16,140000E+0	30,228000E+0	1,368647E+6	12,000000E+0
34	885,000000E+0	16,140000E+0	30,228000E+0	1,368813E+6	12,000000E+0
35	885,000000E+0	16,140000E+0	29,999000E+0	1,368980E+6	12,000000E+0
36	885,000000E+0	16,140000E+0	29,999000E+0	1,369147E+6	12,000000E+0
37	885,000000E+0	16,140000E+0	30,228000E+0	1,369314E+6	12,000000E+0
38	885,000000E+0	16,140000E+0	30,228000E+0	1,369481E+6	12,000000E+0
39	885,000000E+0	16,140000E+0	30,457000E+0	1,369647E+6	12,000000E+0
40	885,000000E+0	16,140000E+0	30,686000E+0	1,369813E+6	12,000000E+0
41	885,000000E+0	16,140000E+0	30,915000E+0	1,369982E+6	12,000000E+0
42	885,000000E+0	16,140000E+0	31,144000E+0	1,370150E+6	12,000000E+0
43	885,000000E+0	16,140000E+0	30,915000E+0	1,370317E+6	12,000000E+0
44	885,000000E+0	16,140000E+0	30,915000E+0	1,370482E+6	12,000000E+0
45	885,000000E+0	16,140000E+0	30,686000E+0	1,370649E+6	12,000000E+0
46	885,000000E+0	16,140000E+0	30,457000E+0	1,370817E+6	12,000000E+0
47	885,000000E+0	16,140000E+0	30,457000E+0	1,370984E+6	12,000000E+0
48	885,000000E+0	16,140000E+0	30,228000E+0	1,371152E+6	12,000000E+0
49	885,000000E+0	16,140000E+0	30,228000E+0	1,371321E+6	12,000000E+0
50	885,000000E+0	16,140000E+0	30,228000E+0	1,371488E+6	12,000000E+0
51	885,000000E+0	16,140000E+0	30,228000E+0	1,371656E+6	12,000000E+0
52	885,000000E+0	16,140000E+0	30,457000E+0	1,371823E+6	12,000000E+0
53	885,000000E+0	16,140000E+0	30,457000E+0	1,371989E+6	12,000000E+0
54	885,000000E+0	16,140000E+0	30,686000E+0	1,372157E+6	12,000000E+0
55	885,000000E+0	16,140000E+0	30,686000E+0	1,372323E+6	12,000000E+0
56	885,000000E+0	16,140000E+0	30,686000E+0	1,372489E+6	12,000000E+0
57	885,000000E+0	16,140000E+0	30,686000E+0	1,372656E+6	12,000000E+0
58	885,000000E+0	16,140000E+0	30,228000E+0	1,372822E+6	12,000000E+0
59	885,000000E+0	16,140000E+0	29,999000E+0	1,372987E+6	12,000000E+0
60	885,000000E+0	16,140000E+0	29,999000E+0	1,373154E+6	12,000000E+0
61	885,000000E+0	16,140000E+0	30,228000E+0	1,373322E+6	12,000000E+0
62	885,000000E+0	16,140000E+0	30,228000E+0	1,373488E+6	12,000000E+0
63	885,000000E+0	16,140000E+0	30,457000E+0	1,373656E+6	12,000000E+0
64	885,000000E+0	16,140000E+0	30,686000E+0	1,373823E+6	12,000000E+0
65	885,000000E+0	16,140000E+0	30,915000E+0	1,373990E+6	12,000000E+0
66	885,000000E+0	16,140000E+0	30,915000E+0	1,374159E+6	12,000000E+0
67	885,000000E+0	16,140000E+0	31,144000E+0	1,374325E+6	12,000000E+0
68	885,000000E+0	16,140000E+0	30,915000E+0	1,374494E+6	12,000000E+0
69	885,000000E+0	16,140000E+0	30,686000E+0	1,374658E+6	12,000000E+0
70	885,000000E+0	16,140000E+0	30,686000E+0	1,374827E+6	12,000000E+0
71	885,000000E+0	16,140000E+0	30,228000E+0	1,374994E+6	12,000000E+0
72	885,000000E+0	16,140000E+0	30,228000E+0	1,375162E+6	12,000000E+0
73	885,000000E+0	16,140000E+0	30,228000E+0	1,375330E+6	12,000000E+0
74	885,000000E+0	16,140000E+0	30,228000E+0	1,375498E+6	12,000000E+0
75	885,000000E+0	16,140000E+0	30,228000E+0	1,375665E+6	12,000000E+0
76	885,000000E+0	16,140000E+0	30,228000E+0	1,375832E+6	12,000000E+0
77	885,000000E+0	16,140000E+0	30,457000E+0	1,375999E+6	12,000000E+0
78	885,000000E+0	16,140000E+0	30,686000E+0	1,376166E+6	12,000000E+0
79	885,000000E+0	16,140000E+0	30,686000E+0	1,376331E+6	12,000000E+0
80	885,000000E+0	16,140000E+0	30,686000E+0	1,376498E+6	12,000000E+0
81	885,000000E+0	16,140000E+0	30,457000E+0	1,376665E+6	12,000000E+0
82	885,000000E+0	16,140000E+0	30,457000E+0	1,376831E+6	12,000000E+0
83	885,000000E+0	16,140000E+0	30,228000E+0	1,376999E+6	12,000000E+0
84	885,000000E+0	16,140000E+0	29,999000E+0	1,377164E+6	12,000000E+0
85	885,000000E+0	16,140000E+0	29,999000E+0	1,377331E+6	12,000000E+0
86	885,000000E+0	16,140000E+0	30,228000E+0	1,377497E+6	12,000000E+0
87	885,000000E+0	16,140000E+0	30,228000E+0	1,377665E+6	12,000000E+0
88	885,000000E+0	16,140000E+0	30,457000E+0	1,377832E+6	12,000000E+0
89	885,000000E+0	16,140000E+0	30,686000E+0	1,378000E+6	12,000000E+0
90	885,000000E+0	16,140000E+0	30,915000E+0	1,378168E+6	12,000000E+0
91	885,000000E+0	16,140000E+0	30,915000E+0	1,378336E+6	12,000000E+0
92	885,000000E+0	16,140000E+0	31,144000E+0	1,378503E+6	12,000000E+0
93	885,000000E+0	16,140000E+0	30,915000E+0	1,378670E+6	12,000000E+0
94	885,000000E+0	16,140000E+0	30,686000E+0	1,378837E+6	12,000000E+0
95	885,000000E+0	16,140000E+0	30,457000E+0	1,379005E+6	12,000000E+0
96	885,000000E+0	16,140000E+0	30,228000E+0	1,379172E+6	12,000000E+0
97	885,000000E+0	16,140000E+0	29,999000E+0	1,379340E+6	12,000000E+0
98	885,000000E+0	16,140000E+0	30,228000E+0	1,379509E+6	12,000000E+0
99	885,000000E+0	16,140000E+0	30,228000E+0	1,379675E+6	12,000000E+0
100	885,000000E+0	16,140000E+0	30,228000E+0	1,379843E+6	12,000000E+0
101	885,000000E+0	16,140000E+0	30,457000E+0	1,380009E+6	12,000000E+0
102	885,000000E+0	16,140000E+0	30,686000E+0	1,380176E+6	12,000000E+0
103	885,000000E+0	16,140000E+0	30,686000E+0	1,380345E+6	12,000000E+0
104	885,000000E+0	16,140000E+0	30,686000E+0	1,380507E+6	12,000000E+0
105	885,000000E+0	16,140000E+0	30,686000E+0	1,380675E+6	12,000000E+0
106	885,000000E+0	16,140000E+0	30,686000E+0	1,380842E+6	12,000000E+0
107	885,000000E+0	16,140000E+0	30,228000E+0	1,381009E+6	12,000000E+0
108	885,000000E+0	16,140000E+0	30,228000E+0	1,381175E+6	12,000000E+0
109	885,000000E+0	16,140000E+0	29,999000E+0	1,381342E+6	12,000000E+0
110	885,000000E+0	16,140000E+0	29,999000E+0	1,381508E+6	12,000000E+0
111	885,000000E+0	16,140000E+0	30,228000E+0	1,381675E+6	12,000000E+0
112	885,000000E+0	16,140000E+0	30,457000E+0	1,381843E+6	12,000000E+0
113	885,000000E+0	16,140000E+0	30,686000E+0	1,382009E+6	12,000000E+0
114	885,000000E+0	16,140000E+0	30,915000E+0	1,382177E+6	12,000000E+0
115	885,000000E+0	16,140000E+0	31,144000E+0	1,382345E+6	12,000000E+0
116	885,000000E+0	16,140000E+0	31,144000E+0	1,382514E+6	12,000000E+0
117	885,000000E+0	16,140000E+0	30,915000E+0	1,382682E+6	12,000000E+0
118	885,000000E+0	16,140000E+0	30,915000E+0	1,382848E+6	12,000000E+0
119	885,000000E+0	16,140000E+0	30,686000E+0	1,383016E+6	12,000000E+0
120	885,000000E+0	16,140000E+0	30,228000E+0	1,383184E+6	12,000000E+0
121	885,000000E+0	16,140000E+0	30,228000E+0	1,383349E+6	12,000000E+0
122	885,000000E+0	16,140000E+0	29,999000E+0	1,383518E+6	12,000000E+0
123	885,000000E+0	16,140000E+0	30,228000E+0	1,383684E+6	12,000000E+0
124	885,000000E+0	16,140000E+0	30,228000E+0	1,383852E+6	12,000000E+0
125	885,000000E+0	16,140000E+0	30,228000E+0	1,384020E+6	12,000000E+0
126	885,000000E+0	16,140000E+0	30,457000E+0	1,384187E+6	12,000000E+0
127	885,000000E+0	16,140000E+0	30,686000E+0	1,384354E+6	12,000000E+0
128	885,000000E+0	16,140000E+0	30,686000E+0	1,384519E+6	12,000000E+0
129	885,000000E+0	16,140000E+0	30,686000E+0	1,384686E+6	12,000000E+0
130	885,000000E+0	16,140000E+0	30,457000E+0	1,384853E+6	12,000000E+0
131	885,000000E+0	16,140000E+0	30,457000E+0	1,385018E+6	12,000000E+0
132	885,000000E+0	16,140000E+0	30,228000E+0	1,385185E+6	12,000000E+0
133	885,000000E+0	16,140000E+0	29,999000E+0	1,385350E+6	12,000000E+0
134	885,000000E+0	16,140000E+0	30,228000E+0	1,385519E+6	12,000000E+0
135	885,000000E+0	16,140000E+0	30,228000E+0	1,385686E+6	12,000000E+0
136	885,000000E+0	16,140000E+0	30,228000E+0	1,385854E+6	12,000000E+0
137	885,000000E+0	16,140000E+0	30,457000E+0	1,386021E+6	12,000000E+0
138	885,000000E+0	16,140000E+0	30,686000E+0	1,386189E+6	12,000000E+0
139	885,000000E+0	16,140000E+0	31,144000E+0	1,386355E+6	12,000000E+0
140	885,000000E+0	16,140000E+0	31,144000E+0	1,386524E+6	12,000000E+0
141	885,000000E+0	16,140000E+0	31,144000E+0	1,386692E+6	12,000000E+0
142	885,000000E+0	16,140000E+0	30,915000E+0	1,386857E+6	12,000000E+0
143	885,000000E+0	16,140000E+0	30,686000E+0	1,387030E+6	12,000000E+0
144	885,000000E+0	16,140000E+0	30,686000E+0	1,387192E+6	12,000000E+0
145	885,000000E+0	16,140000E+0	30,228000E+0	1,387359E+6	12,000000E+0
146	885,000000E+0	16,140000E+0	30,228000E+0	1,387527E+6	12,000000E+0
147	885,000000E+0	16,140000E+0	30,228000E+0	1,387695E+6	12,000000E+0
148	885,000000E+0	16,140000E+0	30,228000E+0	1,387863E+6	12,000000E+0
149	885,000000E+0	16,140000E+0	30,228000E+0	1,388030E+6	12,000000E+0
150	885,000000E+0	16,140000E+0	30,457000E+0	1,388197E+6	12,000000E+0
151	885,000000E+0	16,140000E+0	30,457000E+0	1,388363E+6	12,000000E+0
152	885,000000E+0	16,140000E+0	30,686000E+0	1,388532E+6	12,000000E+0
153	885,000000E+0	16,140000E+0	30,915000E+0	1,388698E+6	12,000000E+0
154	885,000000E+0	16,140000E+0	30,686000E+0	1,388865E+6	12,000000E+0
155	885,000000E+0	16,140000E+0	30,457000E+0	1,389030E+6	12,000000E+0
156	885,000000E+0	16,140000E+0	30,228000E+0	1,389197E+6	12,000000E+0
157	885,000000E+0	16,140000E+0	30,228000E+0	1,389364E+6	12,000000E+0
158	885,000000E+0	16,140000E+0	29,999000E+0	1,389530E+6	12,000000E+0
159	885,000000E+0	16,140000E+0	30,228000E+0	1,389699E+6	12,000000E+0
160	885,000000E+0	16,140000E+0	30,228000E+0	1,389866E+6	12,000000E+0
161	885,000000E+0	16,140000E+0	30,228000E+0	1,390033E+6	12,000000E+0
162	885,000000E+0	16,140000E+0	30,686000E+0	1,390199E+6	12,000000E+0
163	885,000000E+0	16,140000E+0	30,915000E+0	1,390367E+6	12,000000E+0
164	885,000000E+0	16,140000E+0	31,144000E+0	1,390535E+6	12,000000E+0
165	885,000000E+0	16,140000E+0	31,144000E+0	1,390703E+6	12,000000E+0
166	885,000000E+0	16,140000E+0	30,915000E+0	1,390871E+6	12,000000E+0
167	885,000000E+0	16,140000E+0	30,686000E+0	1,391036E+6	12,000000E+0
168	885,000000E+0	16,140000E+0	30,686000E+0	1,391203E+6	12,000000E+0
169	885,000000E+0	16,140000E+0	30,457000E+0	1,391371E+6	12,000000E+0
170	885,000000E+0	16,140000E+0	30,228000E+0	1,391537E+6	12,000000E+0
171	885,000000E+0	16,140000E+0	30,228000E+0	1,391706E+6	12,000000E+0
172	885,000000E+0	16,140000E+0	30,228000E+0	1,391873E+6	12,000000E+0
173	885,000000E+0	16,140000E+0	30,228000E+0	1,392041E+6	12,000000E+0
174	885,000000E+0	16,140000E+0	30,228000E+0	1,392207E+6	12,000000E+0
175	885,000000E+0	16,140000E+0	30,457000E+0	1,392376E+6	12,000000E+0
176	885,000000E+0	16,140000E+0	30,686000E+0	1,392543E+6	12,000000E+0
177	885,000000E+0	16,140000E+0	30,686000E+0	1,392708E+6	12,000000E+0
178	885,000000E+0	16,140000E+0	30,686000E+0	1,392875E+6	12,000000E+0
179	885,000000E+0	16,140000E+0	30,686000E+0	1,393043E+6	12,000000E+0
180	885,000000E+0	16,140000E+0	30,457000E+0	1,393207E+6	12,000000E+0
181	885,000000E+0	16,140000E+0	30,228000E+0	1,393374E+6	12,000000E+0
182	885,000000E+0	16,140000E+0	30,228000E+0	1,393542E+6	12,000000E+0
183	885,000000E+0	16,140000E+0	29,999000E+0	1,393710E+6	12,000000E+0
184	885,000000E+0	16,140000E+0	30,228000E+0	1,393876E+6	12,000000E+0
185	885,000000E+0	16,140000E+0	30,457000E+0	1,394045E+6	12,000000E+0
186	885,000000E+0	16,140000E+0	30,457000E+0	1,394210E+6	12,000000E+0
187	885,000000E+0	16,140000E+0	30,686000E+0	1,394380E+6	12,000000E+0
188	885,000000E+0	16,140000E+0	31,144000E+0	1,394546E+6	12,000000E+0
189	885,000000E+0	16,140000E+0	31,144000E+0	1,394714E+6	12,000000E+0
190	885,000000E+0	16,140000E+0	31,144000E+0	1,394881E+6	12,000000E+0
191	885,000000E+0	16,140000E+0	30,915000E+0	1,395048E+6	12,000000E+0
192	885,000000E+0	16,140000E+0	30,686000E+0	1,395214E+6	12,000000E+0
193	885,000000E+0	16,140000E+0	30,457000E+0	1,395382E+6	12,000000E+0
194	885,000000E+0	16,140000E+0	30,228000E+0	1,395550E+6	12,000000E+0
195	885,000000E+0	16,140000E+0	30,228000E+0	1,395718E+6	12,000000E+0
196	885,000000E+0	16,140000E+0	30,228000E+0	1,395887E+6	12,000000E+0
197	885,000000E+0	16,140000E+0	29,999000E+0	1,396052E+6	12,000000E+0
198	885,000000E+0	16,140000E+0	30,228000E+0	1,396220E+6	12,000000E+0
199	885,000000E+0	16,140000E+0	30,457000E+0	1,396387E+6	12,000000E+0
200	885,000000E+0	16,140000E+0	30,686000E+0	1,396553E+6	12,000000E+0
201	885,000000E+0	16,140000E+0	30,686000E+0	1,396722E+6	12,000000E+0
202	885,000000E+0	13,450000E+0	30,686000E+0	1,396886E+6	12,000000E+0
203	885,000000E+0	13,450000E+0	30,686000E+0	1,397054E+6	12,000000E+0
204	885,000000E+0	16,140000E+0	30,686000E+0	1,397221E+6	12,000000E+0
205	885,000000E+0	16,140000E+0	30,228000E+0	1,397388E+6	12,000000E+0
206	885,000000E+0	16,140000E+0	30,228000E+0	1,397554E+6	12,000000E+0
207	885,000000E+0	16,140000E+0	29,999000E+0	1,397720E+6	12,000000E+0
208	885,000000E+0	16,140000E+0	30,228000E+0	1,397888E+6	12,000000E+0
209	885,000000E+0	16,140000E+0	30,228000E+0	1,398055E+6	12,000000E+0
210	885,000000E+0	16,140000E+0	30,457000E+0	1,398223E+6	12,000000E+0
211	885,000000E+0	16,140000E+0	30,686000E+0	1,398390E+6	12,000000E+0
212	885,000000E+0	16,140000E+0	30,915000E+0	1,398558E+6	12,000000E+0
213	885,000000E+0	16,140000E+0	30,915000E+0	1,398726E+6	12,000000E+0
214	885,000000E+0	16,140000E+0	31,144000E+0	1,398894E+6	12,000000E+0
215	885,000000E+0	16,140000E+0	30,915000E+0	1,399061E+6	12,000000E+0
216	885,000000E+0	16,140000E+0	30,915000E+0	1,399227E+6	12,000000E+0
217	885,000000E+0	16,140000E+0	30,686000E+0	1,399396E+6	12,000000E+0
218	885,000000E+0	16,140000E+0	30,457000E+0	1,399563E+6	12,000000E+0
219	885,000000E+0	16,140000E+0	30,228000E+0	1,399729E+6	12,000000E+0
220	885,000000E+0	16,140000E+0	30,228000E+0	1,399898E+6	12,000000E+0
221	885,000000E+0	16,140000E+0	30,228000E+0	1,400065E+6	12,000000E+0
222	885,000000E+0	16,140000E+0	30,228000E+0	1,400233E+6	12,000000E+0
223	885,000000E+0	16,140000E+0	30,457000E+0	1,400400E+6	12,000000E+0
224	885,000000E+0	16,140000E+0	30,457000E+0	1,400568E+6	12,000000E+0
225	885,000000E+0	16,140000E+0	30,686000E+0	1,400735E+6	12,000000E+0
226	885,000000E+0	16,140000E+0	30,686000E+0	1,400900E+6	12,000000E+0
227	885,000000E+0	16,140000E+0	30,686000E+0	1,401067E+6	12,000000E+0
228	885,000000E+0	16,140000E+0	30,686000E+0	1,401234E+6	12,000000E+0
229	885,000000E+0	16,140000E+0	30,457000E+0	1,401401E+6	12,000000E+0
230	885,000000E+0	16,140000E+0	30,228000E+0	1,401568E+6	12,000000E+0
231	885,000000E+0	16,140000E+0	29,999000E+0	1,401732E+6	12,000000E+0
232	885,000000E+0	16,140000E+0	29,999000E+0	1,401900E+6	12,000000E+0
233	885,000000E+0	16,140000E+0	30,228000E+0	1,402067E+6	12,000000E+0
234	885,000000E+0	16,140000E+0	30,457000E+0	1,402235E+6	12,000000E+0
235	885,000000E+0	16,140000E+0	30,457000E+0	1,402401E+6	12,000000E+0
236	885,000000E+0	16,140000E+0	30,915000E+0	1,402571E+6	12,000000E+0
237	885,000000E+0	16,140000E+0	30,915000E+0	1,402737E+6	12,000000E+0
238	885,000000E+0	16,140000E+0	30,915000E+0	1,402905E+6	12,000000E+0
239	885,000000E+0	16,140000E+0	31,144000E+0	1,403072E+6	12,000000E+0
240	885,000000E+0	16,140000E+0	30,915000E+0	1,403239E+6	12,000000E+0
241	885,000000E+0	16,140000E+0	30,686000E+0	1,403407E+6	12,000000E+0
242	885,000000E+0	16,140000E+0	30,457000E+0	1,403576E+6	12,000000E+0
243	885,000000E+0	16,140000E+0	30,228000E+0	1,403743E+6	12,000000E+0
244	885,000000E+0	16,140000E+0	30,228000E+0	1,403911E+6	12,000000E+0
245	885,000000E+0	16,140000E+0	30,228000E+0	1,404078E+6	12,000000E+0
246	885,000000E+0	16,140000E+0	30,228000E+0	1,404245E+6	12,000000E+0
247	885,000000E+0	16,140000E+0	30,228000E+0	1,404413E+6	12,000000E+0
248	885,000000E+0	16,140000E+0	30,228000E+0	1,404579E+6	12,000000E+0
249	885,000000E+0	16,140000E+0	30,686000E+0	1,404746E+6	12,000000E+0
250	885,000000E+0	16,140000E+0	30,686000E+0	1,404915E+6	12,000000E+0
251	885,000000E+0	16,140000E+0	30,686000E+0	1,405078E+6	12,000000E+0
252	885,000000E+0	16,140000E+0	30,686000E+0	1,405246E+6	12,000000E+0
253	885,000000E+0	16,140000E+0	30,457000E+0	1,405413E+6	12,000000E+0
254	885,000000E+0	16,140000E+0	30,228000E+0	1,405580E+6	12,000000E+0
255	885,000000E+0	16,140000E+0	30,228000E+0	1,405746E+6	12,000000E+0
256	885,000000E+0	16,140000E+0	29,999000E+0	1,405913E+6	12,000000E+0
257	885,000000E+0	16,140000E+0	29,999000E+0	1,406080E+6	12,000000E+0
258	885,000000E+0	16,140000E+0	30,228000E+0	1,406249E+6	12,000000E+0
259	885,000000E+0	16,140000E+0	30,457000E+0	1,406456E+6	12,000000E+0
260	30,000000E+0	228,650000E+0	90,249129E+3	134,000000E+0	3,036800E+3
261	30,000000E+0	228,650000E+0	90,249129E+3	135,000000E+0	3,053600E+3
262	21,760000E+3	80,570880E+3	-464,879526E+6	-301,989888E+6	549,500000E+0
263	30,000000E+0	228,650000E+0	90,249129E+3	136,000000E+0	3,087000E+3
264	30,000000E+0	228,650000E+0	90,249129E+3	135,000000E+0	3,103700E+3
265	30,000000E+0	228,650000E+0	90,249129E+3	135,000000E+0	3,120400E+3
266	7,681000E+3	58,534400E+3	23,103777E+6	34,048000E+3	3,609600E+3
267	30,000000E+0	228,650000E+0	90,249129E+3	132,000000E+0	3,153900E+3
268	7,681000E+3	58,534400E+3	23,103777E+6	33,536000E+3	5,580800E+3
269	7,681000E+3	58,534400E+3	23,103777E+6	33,536000E+3	3,328000E+3
270	7,681000E+3	58,534400E+3	23,103777E+6	33,792000E+3	1,049600E+3
271	7,681000E+3	58,534400E+3	23,103777E+6	33,792000E+3	5,324800E+3
272	30,000000E+0	228,650000E+0	90,249129E+3	133,000000E+0	3,237600E+3
273	30,000000E+0	228,650000E+0	90,249129E+3	134,000000E+0	3,254400E+3
274	30,000000E+0	228,650000E+0	90,249129E+3	134,000000E+0	3,271200E+3
275	30,000000E+0	228,650000E+0	90,249129E+3	134,000000E+0	3,287600E+3
276	30,000000E+0	228,650000E+0	90,249129E+3	134,000000E+0	3,304300E+3
277	21,760000E+3	80,570880E+3	-472,563491E+6	-1,191182E+9	550,500000E+0
278	30,000000E+0	228,650000E+0	90,249129E+3	133,000000E+0	3,337700E+3
279	30,000000E+0	228,650000E+0	90,249129E+3	132,000000E+0	3,354200E+3
280	7,681000E+3	58,534400E+3	23,103777E+6	33,792000E+3	4,428800E+3
281	7,681000E+3	58,534400E+3	23,103777E+6	33,792000E+3	2,150400E+3
282	7,681000E+3	58,534400E+3	23,103777E+6	33,792000E+3	6,451200E+3
283	7,681000E+3	58,534400E+3	23,103777E+6	33,792000E+3	4,172800E+3
284	7,681000E+3	58,534400E+3	23,103777E+6	34,048000E+3	1,843200E+3
285	885,000000E+0	16,140000E+0	30,915000E+0	1,410801E+6	12,000000E+0
286	885,000000E+0	16,140000E+0	31,144000E+0	1,411010E+6	12,000000E+0
287	885,000000E+0	16,140000E+0	31,144000E+0	1,411219E+6	12,000000E+0
288	885,000000E+0	16,140000E+0	30,915000E+0	1,411388E+6	12,000000E+0
289	885,000000E+0	16,140000E+0	30,686000E+0	1,411552E+6	12,000000E+0
290	885,000000E+0	16,140000E+0	30,686000E+0	1,411762E+6	12,000000E+0
291	885,000000E+0	16,140000E+0	30,228000E+0	1,411931E+6	12,000000E+0
292	885,000000E+0	16,140000E+0	30,228000E+0	1,412101E+6	12,000000E+0
293	885,000000E+0	16,140000E+0	30,228000E+0	1,412267E+6	12,000000E+0
294	885,000000E+0	16,140000E+0	30,228000E+0	1,412434E+6	12,000000E+0
295	885,000000E+0	16,140000E+0	30,228000E+0	1,412601E+6	12,000000E+0
296	885,000000E+0	16,140000E+0	30,457000E+0	1,412768E+6	12,000000E+0
297	885,000000E+0	16,140000E+0	30,686000E+0	1,412934E+6	12,000000E+0
298	885,000000E+0	16,140000E+0	30,686000E+0	1,413102E+6	12,000000E+0
299	885,000000E+0	16,140000E+0	30,915000E+0	1,413266E+6	12,000000E+0
300	885,000000E+0	16,140000E+0	30,686000E+0	1,413434E+6	12,000000E+0
301	885,000000E+0	16,140000E+0	30,457000E+0	1,413599E+6	12,000000E+0
302	885,000000E+0	16,140000E+0	30,228000E+0	1,413767E+6	12,000000E+0
303	885,000000E+0	16,140000E+0	30,228000E+0	1,413934E+6	12,000000E+0
304	885,000000E+0	16,140000E+0	29,999000E+0	1,414100E+6	12,000000E+0
305	885,000000E+0	16,140000E+0	30,228000E+0	1,414268E+6	12,000000E+0
306	885,000000E+0	16,140000E+0	30,228000E+0	1,414434E+6	12,000000E+0
307	885,000000E+0	16,140000E+0	30,228000E+0	1,414608E+6	12,000000E+0
308	885,000000E+0	16,140000E+0	30,686000E+0	1,414767E+6	12,000000E+0
309	885,000000E+0	16,140000E+0	30,915000E+0	1,414937E+6	12,000000E+0
310	885,000000E+0	16,140000E+0	31,144000E+0	1,415106E+6	12,000000E+0
311	885,000000E+0	16,140000E+0	31,144000E+0	1,415273E+6	12,000000E+0
312	885,000000E+0	16,140000E+0	31,144000E+0	1,415441E+6	12,000000E+0
313	885,000000E+0	16,140000E+0	30,686000E+0	1,415607E+6	12,000000E+0
314	885,000000E+0	16,140000E+0	30,457000E+0	1,415774E+6	12,000000E+0
315	885,000000E+0	16,140000E+0	30,457000E+0	1,415943E+6	12,000000E+0
316	885,000000E+0	16,140000E+0	30,228000E+0	1,416109E+6	12,000000E+0
317	885,000000E+0	16,140000E+0	30,228000E+0	1,416276E+6	12,000000E+0
318	885,000000E+0	16,140000E+0	30,228000E+0	1,416443E+6	12,000000E+0
319	885,000000E+0	16,140000E+0	29,999000E+0	1,416610E+6	12,000000E+0
320	885,000000E+0	16,140000E+0	30,457000E+0	1,416777E+6	12,000000E+0
321	885,000000E+0	16,140000E+0	30,457000E+0	1,416947E+6	12,000000E+0
322	885,000000E+0	16,140000E+0	30,686000E+0	1,417114E+6	12,000000E+0
323	885,000000E+0	16,140000E+0	30,686000E+0	1,417280E+6	12,000000E+0
324	885,000000E+0	16,140000E+0	30,686000E+0	1,417447E+6	12,000000E+0
325	885,000000E+0	16,140000E+0	30,686000E+0	1,417614E+6	12,000000E+0
326	885,000000E+0	16,140000E+0	30,457000E+0	1,417780E+6	12,000000E+0
327	885,000000E+0	16,140000E+0	30,228000E+0	1,417946E+6	12,000000E+0
328	885,000000E+0	16,140000E+0	30,228000E+0	1,418112E+6	12,000000E+0
329	885,000000E+0	16,140000E+0	29,999000E+0	1,418281E+6	12,000000E+0
330	885,000000E+0	16,140000E+0	30,228000E+0	1,418447E+6	12,000000E+0
331	885,000000E+0	16,140000E+0	30,457000E+0	1,418616E+6	12,000000E+0
332	885,000000E+0	16,140000E+0	30,457000E+0	1,418783E+6	12,000000E+0
333	885,000000E+0	16,140000E+0	30,686000E+0	1,418949E+6	12,000000E+0
334	885,000000E+0	16,140000E+0	30,915000E+0	1,419116E+6	12,000000E+0
335	885,000000E+0	16,140000E+0	31,144000E+0	1,419285E+6	12,000000E+0
336	885,000000E+0	16,140000E+0	31,144000E+0	1,419452E+6	12,000000E+0
337	885,000000E+0	16,140000E+0	30,915000E+0	1,419618E+6	12,000000E+0
338	885,000000E+0	16,140000E+0	30,686000E+0	1,419785E+6	12,000000E+0
339	885,000000E+0	16,140000E+0	30,457000E+0	1,419954E+6	12,000000E+0
340	885,000000E+0	16,140000E+0	30,228000E+0	1,420122E+6	12,000000E+0
341	885,000000E+0	16,140000E+0	30,228000E+0	1,420290E+6	12,000000E+0
342	885,000000E+0	16,140000E+0	30,228000E+0	1,420458E+6	12,000000E+0
343	885,000000E+0	16,140000E+0	29,999000E+0	1,420625E+6	12,000000E+0
344	885,000000E+0	16,140000E+0	30,228000E+0	1,420791E+6	12,000000E+0
345	885,000000E+0	16,140000E+0	30,457000E+0	1,420958E+6	12,000000E+0
346	885,000000E+0	16,140000E+0	30,457000E+0	1,421124E+6	12,000000E+0
347	885,000000E+0	16,140000E+0	30,686000E+0	1,421293E+6	12,000000E+0
348	885,000000E+0	16,140000E+0	30,915000E+0	1,421458E+6	12,000000E+0
349	885,000000E+0	16,140000E+0	30,686000E+0	1,421626E+6	12,000000E+0
350	885,000000E+0	16,140000E+0	30,686000E+0	1,421793E+6	12,000000E+0
351	885,000000E+0	16,140000E+0	30,457000E+0	1,421960E+6	12,000000E+0
352	885,000000E+0	16,140000E+0	29,999000E+0	1,422126E+6	12,000000E+0
353	885,000000E+0	16,140000E+0	29,999000E+0	1,422292E+6	12,000000E+0
354	885,000000E+0	16,140000E+0	30,228000E+0	1,422459E+6	12,000000E+0
355	885,000000E+0	16,140000E+0	30,228000E+0	1,422627E+6	12,000000E+0
356	885,000000E+0	16,140000E+0	30,457000E+0	1,422794E+6	12,000000E+0
357	885,000000E+0	16,140000E+0	30,686000E+0	1,422962E+6	12,000000E+0
358	885,000000E+0	16,140000E+0	30,915000E+0	1,423129E+6	12,000000E+0
359	885,000000E+0	16,140000E+0	30,915000E+0	1,423297E+6	12,000000E+0
360	885,000000E+0	16,140000E+0	31,144000E+0	1,423465E+6	12,000000E+0
361	885,000000E+0	16,140000E+0	30,915000E+0	1,423633E+6	12,000000E+0
362	885,000000E+0	16,140000E+0	30,686000E+0	1,423798E+6	12,000000E+0
363	885,000000E+0	16,140000E+0	30,686000E+0	1,423965E+6	12,000000E+0
364	885,000000E+0	16,140000E+0	30,457000E+0	1,424134E+6	12,000000E+0
365	885,000000E+0	16,140000E+0	30,228000E+0	1,424300E+6	12,000000E+0
366	885,000000E+0	13,450000E+0	30,228000E+0	1,424469E+6	12,000000E+0
367	885,000000E+0	13,450000E+0	30,228000E+0	1,424636E+6	12,000000E+0
368	885,000000E+0	16,140000E+0	29,999000E+0	1,424803E+6	12,000000E+0
369	885,000000E+0	16,140000E+0	30,457000E+0	1,424971E+6	12,000000E+0
370	885,000000E+0	16,140000E+0	30,457000E+0	1,425138E+6	12,000000E+0
371	885,000000E+0	16,140000E+0	30,686000E+0	1,425305E+6	12,000000E+0
372	885,000000E+0	16,140000E+0	30,686000E+0	1,425470E+6	12,000000E+0
373	885,000000E+0	16,140000E+0	30,686000E+0	1,425638E+6	12,000000E+0
374	885,000000E+0	16,140000E+0	30,686000E+0	1,425805E+6	12,000000E+0
375	885,000000E+0	16,140000E+0	30,457000E+0	1,425973E+6	12,000000E+0
376	885,000000E+0	16,140000E+0	30,228000E+0	1,426139E+6	12,000000E+0
377	885,000000E+0	16,140000E+0	29,999000E+0	1,426304E+6	12,000000E+0
378	885,000000E+0	16,140000E+0	29,999000E+0	1,426472E+6	12,000000E+0
379	885,000000E+0	16,140000E+0	30,228000E+0	1,426638E+6	12,000000E+0
380	885,000000E+0	16,140000E+0	30,457000E+0	1,426808E+6	12,000000E+0
381	885,000000E+0	16,140000E+0	30,457000E+0	1,426974E+6	12,000000E+0
382	885,000000E+0	16,140000E+0	30,915000E+0	1,427142E+6	12,000000E+0
383	885,000000E+0	16,140000E+0	30,915000E+0	1,427309E+6	12,000000E+0
384	885,000000E+0	16,140000E+0	31,144000E+0	1,427477E+6	12,000000E+0
385	885,000000E+0	16,140000E+0	31,144000E+0	1,427644E+6	12,000000E+0
386	885,000000E+0	16,140000E+0	30,915000E+0	1,427810E+6	12,000000E+0
387	885,000000E+0	16,140000E+0	30,686000E+0	1,427977E+6	12,000000E+0
388	885,000000E+0	16,140000E+0	30,457000E+0	1,428147E+6	12,000000E+0
389	885,000000E+0	16,140000E+0	30,228000E+0	1,428313E+6	12,000000E+0
390	885,000000E+0	16,140000E+0	30,228000E+0	1,428481E+6	12,000000E+0
391	885,000000E+0	16,140000E+0	30,228000E+0	1,428649E+6	12,000000E+0
392	885,000000E+0	16,140000E+0	30,228000E+0	1,428816E+6	12,000000E+0
393	885,000000E+0	16,140000E+0	30,228000E+0	1,428985E+6	12,000000E+0
394	885,000000E+0	16,140000E+0	30,457000E+0	1,429150E+6	12,000000E+0
395	885,000000E+0	16,140000E+0	30,686000E+0	1,429317E+6	12,000000E+0
396	885,000000E+0	16,140000E+0	30,686000E+0	1,429485E+6	12,000000E+0
397	885,000000E+0	16,140000E+0	30,686000E+0	1,429649E+6	12,000000E+0
398	885,000000E+0	16,140000E+0	30,686000E+0	1,429818E+6	12,000000E+0
399	885,000000E+0	16,140000E+0	30,686000E+0	1,429983E+6	12,000000E+0
400	885,000000E+0	16,140000E+0	30,228000E+0	1,430151E+6	12,000000E+0
401	885,000000E+0	16,140000E+0	30,228000E+0	1,430317E+6	12,000000E+0
402	885,000000E+0	16,140000E+0	29,999000E+0	1,430484E+6	12,000000E+0
403	885,000000E+0	16,140000E+0	29,999000E+0	1,430651E+6	12,000000E+0
404	885,000000E+0	16,140000E+0	30,228000E+0	1,430817E+6	12,000000E+0
405	885,000000E+0	16,140000E+0	30,457000E+0	1,430986E+6	12,000000E+0
406	885,000000E+0	16,140000E+0	30,686000E+0	1,431152E+6	12,000000E+0
407	885,000000E+0	16,140000E+0	30,915000E+0	1,431320E+6	12,000000E+0
408	885,000000E+0	16,140000E+0	31,144000E+0	1,431489E+6	12,000000E+0
409	885,000000E+0	16,140000E+0	31,144000E+0	1,431656E+6	12,000000E+0
410	885,000000E+0	16,140000E+0	30,915000E+0	1,431823E+6	12,000000E+0
411	885,000000E+0	16,140000E+0	30,915000E+0	1,431989E+6	12,000000E+0
412	885,000000E+0	16,140000E+0	30,686000E+0	1,432157E+6	12,000000E+0
413	885,000000E+0	16,140000E+0	30,457000E+0	1,432326E+6	12,000000E+0
414	885,000000E+0	16,140000E+0	30,228000E+0	1,432493E+6	12,000000E+0
415	885,000000E+0	16,140000E+0	30,228000E+0	1,432661E+6	12,000000E+0
416	885,000000E+0	16,140000E+0	30,228000E+0	1,432828E+6	12,000000E+0
417	885,000000E+0	16,140000E+0	30,228000E+0	1,432996E+6	12,000000E+0
418	885,000000E+0	16,140000E+0	30,228000E+0	1,433164E+6	12,000000E+0
419	885,000000E+0	16,140000E+0	30,457000E+0	1,433331E+6	12,000000E+0
420	885,000000E+0	16,140000E+0	30,686000E+0	1,433499E+6	12,000000E+0
421	885,000000E+0	16,140000E+0	30,686000E+0	1,433665E+6	12,000000E+0
422	885,000000E+0	16,140000E+0	30,686000E+0	1,433831E+6	12,000000E+0
423	885,000000E+0	16,140000E+0	30,457000E+0	1,433998E+6	12,000000E+0
424	885,000000E+0	16,140000E+0	30,457000E+0	1,434164E+6	12,000000E+0
425	885,000000E+0	16,140000E+0	30,228000E+0	1,434330E+6	12,000000E+0
426	885,000000E+0	16,140000E+0	30,228000E+0	1,434498E+6	12,000000E+0
427	885,000000E+0	16,140000E+0	30,228000E+0	1,434665E+6	12,000000E+0
428	885,000000E+0	16,140000E+0	30,228000E+0	1,434831E+6	12,000000E+0
429	885,000000E+0	16,140000E+0	30,228000E+0	1,434999E+6	12,000000E+0
430	885,000000E+0	16,140000E+0	30,457000E+0	1,435166E+6	12,000000E+0
431	885,000000E+0	16,140000E+0	30,915000E+0	1,435335E+6	12,000000E+0
432	885,000000E+0	16,140000E+0	30,915000E+0	1,435501E+6	12,000000E+0
433	885,000000E+0	16,140000E+0	31,144000E+0	1,435671E+6	12,000000E+0
434	885,000000E+0	16,140000E+0	31,144000E+0	1,435838E+6	12,000000E+0
435	885,000000E+0	16,140000E+0	30,915000E+0	1,436002E+6	12,000000E+0
436	885,000000E+0	16,140000E+0	30,686000E+0	1,436169E+6	12,000000E+0
437	885,000000E+0	16,140000E+0	30,686000E+0	1,436338E+6	12,000000E+0
438	885,000000E+0	16,140000E+0	30,457000E+0	1,436506E+6	12,000000E+0
439	885,000000E+0	16,140000E+0	30,228000E+0	1,436674E+6	12,000000E+0
440	885,000000E+0	16,140000E+0	29,999000E+0	1,436841E+6	12,000000E+0
441	885,000000E+0	16,140000E+0	30,228000E+0	1,437008E+6	12,000000E+0
442	885,000000E+0	16,140000E+0	30,228000E+0	1,437176E+6	12,000000E+0
443	885,000000E+0	16,140000E+0	30,457000E+0	1,437344E+6	12,000000E+0
444	885,000000E+0	16,140000E+0	30,457000E+0	1,437509E+6	12,000000E+0
445	885,000000E+0	16,140000E+0	30,686000E+0	1,437678E+6	12,000000E+0
446	885,000000E+0	16,140000E+0	30,915000E+0	1,437843E+6	12,000000E+0
447	885,000000E+0	16,140000E+0	30,686000E+0	1,438011E+6	12,000000E+0
448	885,000000E+0	16,140000E+0	30,457000E+0	1,438174E+6	12,000000E+0
449	885,000000E+0	16,140000E+0	30,228000E+0	1,438342E+6	12,000000E+0
450	885,000000E+0	16,140000E+0	30,228000E+0	1,438509E+6	12,000000E+0
451	885,000000E+0	16,140000E+0	29,999000E+0	1,438675E+6	12,000000E+0
452	885,000000E+0	16,140000E+0	30,228000E+0	1,438843E+6	12,000000E+0
453	885,000000E+0	16,140000E+0	30,228000E+0	1,439010E+6	12,000000E+0
454	885,000000E+0	16,140000E+0	30,228000E+0	1,439178E+6	12,000000E+0
455	885,000000E+0	16,140000E+0	30,686000E+0	1,439345E+6	12,000000E+0
456	885,000000E+0	16,140000E+0	30,915000E+0	1,439512E+6	12,000000E+0
457	885,000000E+0	16,140000E+0	31,144000E+0	1,439681E+6	12,000000E+0
458	885,000000E+0	16,140000E+0	31,144000E+0	1,439847E+6	12,000000E+0
459	885,000000E+0	16,140000E+0	31,144000E+0	1,440016E+6	12,000000E+0
460	885,000000E+0	16,140000E+0	30,686000E+0	1,440181E+6	12,000000E+0
461	885,000000E+0	16,140000E+0	30,686000E+0	1,440349E+6	12,000000E+0
462	885,000000E+0	13,450000E+0	30,457000E+0	1,440518E+6	12,000000E+0
463	885,000000E+0	13,450000E+0	30,228000E+0	1,440686E+6	12,000000E+0
464	885,000000E+0	16,140000E+0	30,228000E+0	1,440852E+6	12,000000E+0
465	885,000000E+0	16,140000E+0	29,999000E+0	1,441020E+6	12,000000E+0
466	885,000000E+0	16,140000E+0	30,228000E+0	1,441187E+6	12,000000E+0
467	885,000000E+0	16,140000E+0	30,228000E+0	1,441354E+6	12,000000E+0
468	885,000000E+0	16,140000E+0	30,457000E+0	1,441523E+6	12,000000E+0
469	885,000000E+0	16,140000E+0	30,686000E+0	1,441689E+6	12,000000E+0
470	885,000000E+0	16,140000E+0	30,686000E+0	1,441853E+6	12,000000E+0
471	885,000000E+0	16,140000E+0	30,686000E+0	1,442022E+6	12,000000E+0
472	885,000000E+0	16,140000E+0	30,686000E+0	1,442188E+6	12,000000E+0
473	885,000000E+0	16,140000E+0	30,228000E+0	1,442355E+6	12,000000E+0
474	885,000000E+0	16,140000E+0	30,228000E+0	1,442520E+6	12,000000E+0
475	885,000000E+0	16,140000E+0	30,228000E+0	1,442688E+6	12,000000E+0
476	885,000000E+0	16,140000E+0	30,228000E+0	1,442854E+6	12,000000E+0
477	885,000000E+0	16,140000E+0	30,228000E+0	1,443023E+6	12,000000E+0
478	885,000000E+0	16,140000E+0	30,228000E+0	1,443192E+6	12,000000E+0
479	885,000000E+0	16,140000E+0	30,457000E+0	1,443358E+6	12,000000E+0
480	885,000000E+0	16,140000E+0	30,686000E+0	1,443525E+6	12,000000E+0
481	885,000000E+0	16,140000E+0	30,915000E+0	1,443693E+6	12,000000E+0
482	885,000000E+0	16,140000E+0	31,144000E+0	1,443862E+6	12,000000E+0
483	885,000000E+0	16,140000E+0	31,144000E+0	1,444028E+6	12,000000E+0
484	885,000000E+0	16,140000E+0	30,915000E+0	1,444195E+6	12,000000E+0
485	885,000000E+0	16,140000E+0	30,686000E+0	1,444361E+6	12,000000E+0
486	885,000000E+0	16,140000E+0	30,457000E+0	1,444530E+6	12,000000E+0
487	885,000000E+0	16,140000E+0	30,457000E+0	1,444696E+6	12,000000E+0
488	885,000000E+0	16,140000E+0	30,228000E+0	1,444866E+6	12,000000E+0
489	885,000000E+0	16,140000E+0	30,228000E+0	1,445032E+6	12,000000E+0
490	885,000000E+0	16,140000E+0	29,999000E+0	1,445200E+6	12,000000E+0
491	885,000000E+0	16,140000E+0	30,228000E+0	1,445367E+6	12,000000E+0
492	885,000000E+0	16,140000E+0	30,457000E+0	1,445534E+6	12,000000E+0
493	885,000000E+0	16,140000E+0	30,457000E+0	1,445700E+6	12,000000E+0
494	885,000000E+0	16,140000E+0	30,686000E+0	1,445868E+6	12,000000E+0
495	885,000000E+0	16,140000E+0	30,686000E+0	1,446033E+6	12,000000E+0
496	885,000000E+0	16,140000E+0	30,686000E+0	1,446203E+6	12,000000E+0
497	885,000000E+0	16,140000E+0	30,686000E+0	1,446370E+6	12,000000E+0
498	885,000000E+0	16,140000E+0	30,228000E+0	1,446537E+6	12,000000E+0
499	885,000000E+0	16,140000E+0	29,999000E+0	1,446702E+6	12,000000E+0
500	885,000000E+0	16,140000E+0	29,999000E+0	1,446870E+6	12,000000E+0
501	885,000000E+0	16,140000E+0	30,228000E+0	1,447037E+6	12,000000E+0
502	885,000000E+0	16,140000E+0	30,228000E+0	1,447203E+6	12,000000E+0
503	885,000000E+0	16,140000E+0	30,457000E+0	1,447371E+6	12,000000E+0
504	885,000000E+0	16,140000E+0	30,686000E+0	1,447537E+6	12,000000E+0
505	885,000000E+0	16,140000E+0	30,915000E+0	1,447707E+6	12,000000E+0
506	885,000000E+0	16,140000E+0	30,915000E+0	1,447875E+6	12,000000E+0
507	885,000000E+0	16,140000E+0	31,144000E+0	1,448043E+6	12,000000E+0
508	885,000000E+0	16,140000E+0	30,915000E+0	1,448208E+6	12,000000E+0
509	885,000000E+0	16,140000E+0	30,686000E+0	1,448374E+6	12,000000E+0
510	885,000000E+0	16,140000E+0	30,686000E+0	1,448542E+6	12,000000E+0
511	885,000000E+0	16,140000E+0	30,457000E+0	1,448710E+6	12,000000E+0
512	885,000000E+0	16,140000E+0	29,999000E+0	1,448876E+6	12,000000E+0
513	885,000000E+0	16,140000E+0	30,228000E+0	1,449046E+6	12,000000E+0
514	885,000000E+0	16,140000E+0	30,228000E+0	1,449213E+6	12,000000E+0
515	885,000000E+0	16,140000E+0	30,228000E+0	1,449380E+6	12,000000E+0
516	885,000000E+0	16,140000E+0	30,228000E+0	1,449547E+6	12,000000E+0
517	885,000000E+0	16,140000E+0	30,457000E+0	1,449715E+6	12,000000E+0
518	885,000000E+0	16,140000E+0	30,686000E+0	1,449882E+6	12,000000E+0
519	885,000000E+0	16,140000E+0	30,686000E+0	1,450047E+6	12,000000E+0
520	885,000000E+0	16,140000E+0	30,686000E+0	1,450217E+6	12,000000E+0
521	885,000000E+0	16,140000E+0	30,686000E+0	1,450380E+6	12,000000E+0
522	885,000000E+0	13,450000E+0	30,457000E+0	1,450548E+6	12,000000E+0
523	885,000000E+0	13,450000E+0	30,457000E+0	1,450715E+6	12,000000E+0
524	885,000000E+0	13,450000E+0	29,999000E+0	1,450880E+6	12,000000E+0
525	885,000000E+0	13,450000E+0	29,999000E+0	1,451046E+6	12,000000E+0
526	885,000000E+0	16,140000E+0	30,228000E+0	1,451214E+6	12,000000E+0
527	885,000000E+0	16,140000E+0	30,228000E+0	1,451382E+6	12,000000E+0
528	885,000000E+0	16,140000E+0	30,457000E+0	1,451549E+6	12,000000E+0
529	885,000000E+0	16,140000E+0	30,915000E+0	1,451720E+6	12,000000E+0
530	885,000000E+0	16,140000E+0	30,915000E+0	1,451885E+6	12,000000E+0
531	885,000000E+0	16,140000E+0	30,915000E+0	1,452052E+6	12,000000E+0
532	885,000000E+0	16,140000E+0	31,144000E+0	1,452219E+6	12,000000E+0
533	885,000000E+0	16,140000E+0	30,915000E+0	1,452386E+6	12,000000E+0
534	885,000000E+0	16,140000E+0	30,686000E+0	1,452552E+6	12,000000E+0
535	885,000000E+0	16,140000E+0	30,457000E+0	1,452722E+6	12,000000E+0
536	885,000000E+0	16,140000E+0	30,228000E+0	1,452889E+6	12,000000E+0
537	885,000000E+0	16,140000E+0	29,999000E+0	1,453056E+6	12,000000E+0
538	885,000000E+0	16,140000E+0	30,228000E+0	1,453224E+6	12,000000E+0
539	885,000000E+0	16,140000E+0	30,228000E+0	1,453391E+6	12,000000E+0
540	885,000000E+0	16,140000E+0	30,228000E+0	1,453559E+6	12,000000E+0
541	885,000000E+0	16,140000E+0	30,457000E+0	1,453725E+6	12,000000E+0
542	885,000000E+0	16,140000E+0	30,686000E+0	1,453893E+6	12,000000E+0
543	885,000000E+0	16,140000E+0	30,686000E+0	1,454061E+6	12,000000E+0
544	885,000000E+0	16,140000E+0	30,686000E+0	1,454225E+6	12,000000E+0
545	885,000000E+0	16,140000E+0	30,686000E+0	1,454393E+6	12,000000E+0
546	885,000000E+0	16,140000E+0	30,686000E+0	1,454559E+6	12,000000E+0
547	885,000000E+0	16,140000E+0	30,228000E+0	1,454726E+6	12,000000E+0
548	885,000000E+0	16,140000E+0	30,228000E+0	1,454892E+6	12,000000E+0
549	885,000000E+0	16,140000E+0	29,999000E+0	1,455059E+6	12,000000E+0
550	885,000000E+0	16,140000E+0	29,999000E+0	1,455226E+6	12,000000E+0
551	885,000000E+0	16,140000E+0	30,228000E+0	1,455393E+6	12,000000E+0
552	885,000000E+0	16,140000E+0	30,457000E+0	1,455560E+6	12,000000E+0
553	885,000000E+0	16,140000E+0	30,686000E+0	1,455727E+6	12,000000E+0
554	885,000000E+0	16,140000E+0	30,915000E+0	1,455895E+6	12,000000E+0
555	885,000000E+0	16,140000E+0	31,144000E+0	1,456063E+6	12,000000E+0
556	885,000000E+0	16,140000E+0	31,144000E+0	1,456230E+6	12,000000E+0
557	885,000000E+0	16,140000E+0	30,915000E+0	1,456397E+6	12,000000E+0
558	885,000000E+0	16,140000E+0	30,915000E+0	1,456565E+6	12,000000E+0
559	885,000000E+0	16,140000E+0	30,686000E+0	1,456732E+6	12,000000E+0
560	885,000000E+0	16,140000E+0	30,457000E+0	1,456901E+6	12,000000E+0
561	885,000000E+0	16,140000E+0	30,228000E+0	1,457069E+6	12,000000E+0
562	885,000000E+0	16,140000E+0	29,999000E+0	1,457236E+6	12,000000E+0
563	885,000000E+0	16,140000E+0	30,228000E+0	1,457402E+6	12,000000E+0
564	885,000000E+0	16,140000E+0	30,228000E+0	1,457570E+6	12,000000E+0
565	885,000000E+0	16,140000E+0	30,228000E+0	1,457738E+6	12,000000E+0
566	885,000000E+0	16,140000E+0	30,457000E+0	1,457905E+6	12,000000E+0
567	885,000000E+0	16,140000E+0	30,686000E+0	1,458072E+6	12,000000E+0
568	885,000000E+0	16,140000E+0	30,686000E+0	1,458237E+6	12,000000E+0
569	885,000000E+0	16,140000E+0	30,686000E+0	1,458405E+6	12,000000E+0
570	885,000000E+0	16,140000E+0	30,457000E+0	1,458571E+6	12,000000E+0
571	885,000000E+0	16,140000E+0	30,457000E+0	1,458738E+6	12,000000E+0
572	885,000000E+0	16,140000E+0	30,228000E+0	1,458904E+6	12,000000E+0
573	885,000000E+0	16,140000E+0	30,228000E+0	1,459069E+6	12,000000E+0
574	885,000000E+0	16,140000E+0	30,228000E+0	1,459237E+6	12,000000E+0
575	885,000000E+0	16,140000E+0	30,228000E+0	1,459405E+6	12,000000E+0
576	885,000000E+0	16,140000E+0	30,228000E+0	1,459572E+6	12,000000E+0
577	885,000000E+0	16,140000E+0	30,686000E+0	1,459740E+6	12,000000E+0
578	885,000000E+0	16,140000E+0	30,686000E+0	1,459908E+6	12,000000E+0
579	885,000000E+0	16,140000E+0	31,144000E+0	1,460075E+6	12,000000E+0
580	885,000000E+0	16,140000E+0	31,144000E+0	1,460244E+6	12,000000E+0
581	885,000000E+0	16,140000E+0	31,144000E+0	1,460409E+6	12,000000E+0
582	885,000000E+0	16,140000E+0	30,915000E+0	1,460576E+6	12,000000E+0
583	885,000000E+0	16,140000E+0	30,686000E+0	1,460742E+6	12,000000E+0
584	885,000000E+0	16,140000E+0	30,686000E+0	1,460914E+6	12,000000E+0
585	885,000000E+0	16,140000E+0	30,457000E+0	1,461079E+6	12,000000E+0
586	885,000000E+0	16,140000E+0	29,999000E+0	1,461250E+6	12,000000E+0
587	885,000000E+0	16,140000E+0	30,228000E+0	1,461415E+6	12,000000E+0
588	885,000000E+0	16,140000E+0	30,228000E+0	1,461581E+6	12,000000E+0
589	885,000000E+0	16,140000E+0	30,228000E+0	1,461751E+6	12,000000E+0
590	885,000000E+0	16,140000E+0	30,457000E+0	1,461919E+6	12,000000E+0
591	885,000000E+0	16,140000E+0	30,457000E+0	1,462085E+6	12,000000E+0
592	885,000000E+0	16,140000E+0	30,686000E+0	1,462253E+6	12,000000E+0
593	885,000000E+0	16,140000E+0	30,915000E+0	1,462418E+6	12,000000E+0
594	885,000000E+0	16,140000E+0	30,686000E+0	1,462586E+6	12,000000E+0
595	885,000000E+0	16,140000E+0	30,457000E+0	1,462751E+6	12,000000E+0
596	885,000000E+0	16,140000E+0	30,228000E+0	1,462919E+6	12,000000E+0
597	885,000000E+0	16,140000E+0	30,228000E+0	1,463086E+6	12,000000E+0
598	885,000000E+0	16,140000E+0	29,999000E+0	1,463252E+6	12,000000E+0
599	885,000000E+0	16,140000E+0	30,228000E+0	1,463420E+6	12,000000E+0
600	885,000000E+0	16,140000E+0	30,228000E+0	1,463587E+6	12,000000E+0
601	885,000000E+0	16,140000E+0	30,228000E+0	1,463753E+6	12,000000E+0
602	885,000000E+0	16,140000E+0	30,457000E+0	1,463919E+6	12,000000E+0
603	885,000000E+0	16,140000E+0	30,915000E+0	1,464089E+6	12,000000E+0
604	885,000000E+0	16,140000E+0	30,915000E+0	1,464256E+6	12,000000E+0
605	885,000000E+0	16,140000E+0	31,144000E+0	1,464425E+6	12,000000E+0
606	885,000000E+0	16,140000E+0	31,144000E+0	1,464591E+6	12,000000E+0
607	885,000000E+0	16,140000E+0	30,915000E+0	1,464756E+6	12,000000E+0
608	885,000000E+0	16,140000E+0	30,686000E+0	1,464924E+6	12,000000E+0
609	885,000000E+0	16,140000E+0	30,457000E+0	1,465093E+6	12,000000E+0
610	885,000000E+0	16,140000E+0	30,228000E+0	1,465259E+6	12,000000E+0
611	885,000000E+0	16,140000E+0	29,999000E+0	1,465428E+6	12,000000E+0
612	885,000000E+0	16,140000E+0	30,228000E+0	1,465595E+6	12,000000E+0
613	885,000000E+0	16,140000E+0	30,228000E+0	1,465763E+6	12,000000E+0
614	885,000000E+0	16,140000E+0	30,228000E+0	1,465929E+6	12,000000E+0
615	885,000000E+0	16,140000E+0	30,457000E+0	1,466097E+6	12,000000E+0
616	885,000000E+0	16,140000E+0	30,686000E+0	1,466265E+6	12,000000E+0
617	885,000000E+0	16,140000E+0	30,686000E+0	1,466429E+6	12,000000E+0
618	885,000000E+0	16,140000E+0	30,686000E+0	1,466597E+6	12,000000E+0
619	885,000000E+0	16,140000E+0	30,686000E+0	1,466764E+6	12,000000E+0
620	885,000000E+0	16,140000E+0	30,457000E+0	1,466930E+6	12,000000E+0
621	885,000000E+0	16,140000E+0	30,228000E+0	1,467096E+6	12,000000E+0
622	885,000000E+0	16,140000E+0	30,228000E+0	1,467262E+6	12,000000E+0
623	885,000000E+0	16,140000E+0	29,999000E+0	1,467430E+6	12,000000E+0
624	885,000000E+0	16,140000E+0	30,228000E+0	1,467597E+6	12,000000E+0
625	885,000000E+0	16,140000E+0	30,457000E+0	1,467765E+6	12,000000E+0
626	885,000000E+0	16,140000E+0	30,457000E+0	1,467933E+6	12,000000E+0
627	885,000000E+0	16,140000E+0	30,686000E+0	1,468100E+6	12,000000E+0
628	885,000000E+0	16,140000E+0	31,144000E+0	1,468267E+6	12,000000E+0
629	885,000000E+0	16,140000E+0	31,144000E+0	1,468435E+6	12,000000E+0
630	885,000000E+0	16,140000E+0	31,144000E+0	1,468602E+6	12,000000E+0
631	885,000000E+0	16,140000E+0	30,915000E+0	1,468769E+6	12,000000E+0
632	885,000000E+0	16,140000E+0	30,686000E+0	1,468935E+6	12,000000E+0
633	885,000000E+0	16,140000E+0	30,457000E+0	1,469104E+6	12,000000E+0
634	885,000000E+0	16,140000E+0	30,457000E+0	1,469271E+6	12,000000E+0
635	885,000000E+0	16,140000E+0	30,228000E+0	1,469439E+6	12,000000E+0
636	885,000000E+0	16,140000E+0	30,228000E+0	1,469607E+6	12,000000E+0
637	885,000000E+0	16,140000E+0	29,999000E+0	1,469773E+6	12,000000E+0
638	885,000000E+0	16,140000E+0	30,228000E+0	1,469942E+6	12,000000E+0
639	885,000000E+0	16,140000E+0	30,457000E+0	1,470109E+6	12,000000E+0
640	885,000000E+0	13,450000E+0	30,457000E+0	1,470275E+6	12,000000E+0
641	885,000000E+0	16,140000E+0	30,915000E+0	1,470444E+6	12,000000E+0
642	885,000000E+0	16,140000E+0	30,686000E+0	1,470608E+6	12,000000E+0
643	885,000000E+0	16,140000E+0	30,686000E+0	1,470776E+6	12,000000E+0
644	885,000000E+0	16,140000E+0	30,686000E+0	1,470942E+6	12,000000E+0
645	885,000000E+0	16,140000E+0	30,228000E+0	1,471110E+6	12,000000E+0
646	885,000000E+0	16,140000E+0	30,228000E+0	1,471275E+6	12,000000E+0
647	885,000000E+0	16,140000E+0	29,999000E+0	1,471441E+6	12,000000E+0
648	885,000000E+0	16,140000E+0	30,228000E+0	1,471609E+6	12,000000E+0
649	885,000000E+0	16,140000E+0	30,228000E+0	1,471776E+6	12,000000E+0
650	885,000000E+0	16,140000E+0	30,457000E+0	1,471946E+6	12,000000E+0
651	885,000000E+0	16,140000E+0	30,686000E+0	1,472113E+6	12,000000E+0
652	885,000000E+0	16,140000E+0	30,686000E+0	1,472280E+6	12,000000E+0
653	885,000000E+0	16,140000E+0	30,915000E+0	1,472448E+6	12,000000E+0
654	885,000000E+0	16,140000E+0	31,373000E+0	1,472639E+6	12,000000E+0
655	885,000000E+0	16,140000E+0	31,144000E+0	1,472825E+6	12,000000E+0
656	885,000000E+0	16,140000E+0	30,686000E+0	1,473031E+6	12,000000E+0
657	885,000000E+0	16,140000E+0	30,457000E+0	1,473242E+6	12,000000E+0
658	885,000000E+0	16,140000E+0	30,228000E+0	1,473408E+6	12,000000E+0
659	885,000000E+0	16,140000E+0	30,228000E+0	1,473577E+6	12,000000E+0
660	885,000000E+0	16,140000E+0	30,228000E+0	1,473745E+6	12,000000E+0
661	885,000000E+0	16,140000E+0	30,228000E+0	1,473912E+6	12,000000E+0
662	885,000000E+0	16,140000E+0	30,457000E+0	1,474080E+6	12,000000E+0
663	885,000000E+0	16,140000E+0	30,457000E+0	1,474248E+6	12,000000E+0
664	885,000000E+0	16,140000E+0	30,686000E+0	1,474415E+6	12,000000E+0
665	885,000000E+0	16,140000E+0	30,686000E+0	1,474582E+6	12,000000E+0
666	885,000000E+0	16,140000E+0	30,686000E+0	1,474748E+6	12,000000E+0
667	885,000000E+0	16,140000E+0	30,686000E+0	1,474916E+6	12,000000E+0
668	885,000000E+0	16,140000E+0	30,457000E+0	1,475081E+6	12,000000E+0
669	885,000000E+0	16,140000E+0	30,457000E+0	1,475248E+6	12,000000E+0
670	885,000000E+0	16,140000E+0	30,228000E+0	1,475414E+6	12,000000E+0
671	885,000000E+0	16,140000E+0	29,999000E+0	1,475580E+6	12,000000E+0
672	885,000000E+0	16,140000E+0	30,228000E+0	1,475748E+6	12,000000E+0
673	885,000000E+0	16,140000E+0	30,228000E+0	1,475916E+6	12,000000E+0
674	885,000000E+0	16,140000E+0	30,457000E+0	1,476083E+6	12,000000E+0
675	885,000000E+0	16,140000E+0	30,686000E+0	1,476250E+6	12,000000E+0
676	885,000000E+0	16,140000E+0	30,915000E+0	1,476417E+6	12,000000E+0
677	885,000000E+0	16,140000E+0	30,915000E+0	1,476585E+6	12,000000E+0
678	885,000000E+0	16,140000E+0	31,144000E+0	1,476752E+6	12,000000E+0
679	885,000000E+0	16,140000E+0	31,144000E+0	1,476919E+6	12,000000E+0
680	885,000000E+0	16,140000E+0	30,915000E+0	1,477088E+6	12,000000E+0
681	885,000000E+0	13,450000E+0	30,457000E+0	1,477255E+6	12,000000E+0
682	885,000000E+0	16,140000E+0	30,228000E+0	1,477421E+6	12,000000E+0
683	885,000000E+0	16,140000E+0	30,228000E+0	1,477588E+6	12,000000E+0
684	885,000000E+0	16,140000E+0	29,999000E+0	1,477755E+6	12,000000E+0
685	885,000000E+0	16,140000E+0	30,228000E+0	1,477925E+6	12,000000E+0
686	885,000000E+0	16,140000E+0	30,228000E+0	1,478092E+6	12,000000E+0
687	885,000000E+0	16,140000E+0	30,457000E+0	1,478259E+6	12,000000E+0
688	885,000000E+0	16,140000E+0	30,686000E+0	1,478427E+6	12,000000E+0
689	885,000000E+0	16,140000E+0	30,686000E+0	1,478593E+6	12,000000E+0
690	885,000000E+0	16,140000E+0	30,686000E+0	1,478758E+6	12,000000E+0
691	885,000000E+0	16,140000E+0	30,686000E+0	1,478927E+6	12,000000E+0
692	885,000000E+0	16,140000E+0	30,457000E+0	1,479092E+6	12,000000E+0
693	885,000000E+0	16,140000E+0	30,457000E+0	1,479259E+6	12,000000E+0
694	885,000000E+0	16,140000E+0	30,228000E+0	1,479426E+6	12,000000E+0
695	885,000000E+0	16,140000E+0	30,228000E+0	1,479592E+6	12,000000E+0
696	885,000000E+0	16,140000E+0	29,999000E+0	1,479760E+6	12,000000E+0
697	885,000000E+0	16,140000E+0	29,999000E+0	1,479927E+6	12,000000E+0
698	885,000000E+0	16,140000E+0	30,228000E+0	1,480095E+6	12,000000E+0
699	885,000000E+0	16,140000E+0	30,457000E+0	1,480261E+6	12,000000E+0
700	885,000000E+0	16,140000E+0	30,686000E+0	1,480429E+6	12,000000E+0
701	885,000000E+0	16,140000E+0	31,144000E+0	1,480597E+6	12,000000E+0
702	885,000000E+0	16,140000E+0	31,144000E+0	1,480764E+6	12,000000E+0
703	885,000000E+0	16,140000E+0	30,915000E+0	1,480931E+6	12,000000E+0
704	885,000000E+0	16,140000E+0	30,915000E+0	1,481097E+6	12,000000E+0
705	885,000000E+0	16,140000E+0	30,686000E+0	1,481266E+6	12,000000E+0
706	885,000000E+0	16,140000E+0	30,457000E+0	1,481433E+6	12,000000E+0
707	885,000000E+0	16,140000E+0	30,228000E+0	1,481598E+6	12,000000E+0
708	885,000000E+0	16,140000E+0	29,999000E+0	1,481767E+6	12,000000E+0
709	885,000000E+0	16,140000E+0	30,228000E+0	1,481935E+6	12,000000E+0
710	885,000000E+0	16,140000E+0	30,228000E+0	1,482102E+6	12,000000E+0
711	885,000000E+0	16,140000E+0	30,457000E+0	1,482270E+6	12,000000E+0
712	885,000000E+0	16,140000E+0	30,457000E+0	1,482438E+6	12,000000E+0
713	885,000000E+0	16,140000E+0	30,686000E+0	1,482605E+6	12,000000E+0
714	885,000000E+0	16,140000E+0	30,915000E+0	1,482773E+6	12,000000E+0
715	885,000000E+0	16,140000E+0	30,686000E+0	1,482938E+6	12,000000E+0
716	885,000000E+0	16,140000E+0	30,457000E+0	1,483104E+6	12,000000E+0
717	885,000000E+0	16,140000E+0	30,457000E+0	1,483270E+6	12,000000E+0
718	885,000000E+0	16,140000E+0	30,228000E+0	1,483437E+6	12,000000E+0
719	885,000000E+0	16,140000E+0	30,228000E+0	1,483604E+6	12,000000E+0
720	885,000000E+0	16,140000E+0	29,999000E+0	1,483770E+6	12,000000E+0
721	885,000000E+0	16,140000E+0	30,228000E+0	1,483938E+6	12,000000E+0
722	885,000000E+0	16,140000E+0	30,228000E+0	1,484105E+6	12,000000E+0
723	885,000000E+0	16,140000E+0	30,228000E+0	1,484273E+6	12,000000E+0
724	885,000000E+0	16,140000E+0	30,686000E+0	1,484440E+6	12,000000E+0
725	885,000000E+0	16,140000E+0	30,915000E+0	1,484608E+6	12,000000E+0
726	885,000000E+0	16,140000E+0	31,144000E+0	1,484775E+6	12,000000E+0
727	885,000000E+0	16,140000E+0	31,144000E+0	1,484943E+6	12,000000E+0
728	885,000000E+0	16,140000E+0	30,915000E+0	1,485110E+6	12,000000E+0
729	885,000000E+0	16,140000E+0	30,915000E+0	1,485277E+6	12,000000E+0
730	885,000000E+0	16,140000E+0	30,457000E+0	1,485446E+6	12,000000E+0
731	885,000000E+0	16,140000E+0	30,228000E+0	1,485612E+6	12,000000E+0
732	885,000000E+0	16,140000E+0	29,999000E+0	1,485778E+6	12,000000E+0
733	885,000000E+0	16,140000E+0	30,228000E+0	1,485946E+6	12,000000E+0
734	885,000000E+0	16,140000E+0	30,228000E+0	1,486115E+6	12,000000E+0
735	885,000000E+0	16,140000E+0	30,228000E+0	1,486281E+6	12,000000E+0
736	885,000000E+0	16,140000E+0	30,457000E+0	1,486453E+6	12,000000E+0
737	885,000000E+0	16,140000E+0	30,686000E+0	1,486617E+6	12,000000E+0
738	885,000000E+0	16,140000E+0	30,686000E+0	1,486785E+6	12,000000E+0
739	885,000000E+0	16,140000E+0	30,686000E+0	1,486948E+6	12,000000E+0
740	885,000000E+0	16,140000E+0	30,686000E+0	1,487117E+6	12,000000E+0
741	885,000000E+0	16,140000E+0	30,457000E+0	1,487282E+6	12,000000E+0
742	885,000000E+0	16,140000E+0	30,228000E+0	1,487448E+6	12,000000E+0
743	885,000000E+0	16,140000E+0	30,228000E+0	1,487616E+6	12,000000E+0
744	885,000000E+0	16,140000E+0	30,228000E+0	1,487783E+6	12,000000E+0
745	885,000000E+0	16,140000E+0	30,228000E+0	1,487949E+6	12,000000E+0
746	885,000000E+0	16,140000E+0	30,228000E+0	1,488117E+6	12,000000E+0
747	885,000000E+0	16,140000E+0	30,228000E+0	1,488284E+6	12,000000E+0
748	885,000000E+0	16,140000E+0	30,457000E+0	1,488451E+6	12,000000E+0
749	885,000000E+0	16,140000E+0	30,915000E+0	1,488618E+6	12,000000E+0
750	885,000000E+0	16,140000E+0	31,144000E+0	1,488787E+6	12,000000E+0
751	885,000000E+0	16,140000E+0	31,144000E+0	1,488954E+6	12,000000E+0
752	885,000000E+0	16,140000E+0	31,144000E+0	1,489122E+6	12,000000E+0
753	885,000000E+0	16,140000E+0	30,915000E+0	1,489288E+6	12,000000E+0
754	885,000000E+0	16,140000E+0	30,457000E+0	1,489455E+6	12,000000E+0
755	885,000000E+0	16,140000E+0	30,457000E+0	1,489623E+6	12,000000E+0
756	885,000000E+0	16,140000E+0	30,228000E+0	1,489790E+6	12,000000E+0
757	885,000000E+0	16,140000E+0	29,999000E+0	1,489958E+6	12,000000E+0
758	885,000000E+0	16,140000E+0	30,228000E+0	1,490126E+6	12,000000E+0
759	885,000000E+0	16,140000E+0	30,228000E+0	1,490293E+6	12,000000E+0
760	885,000000E+0	16,140000E+0	30,457000E+0	1,490461E+6	12,000000E+0
761	885,000000E+0	16,140000E+0	30,457000E+0	1,490629E+6	12,000000E+0
762	885,000000E+0	16,140000E+0	30,686000E+0	1,490796E+6	12,000000E+0
763	885,000000E+0	16,140000E+0	30,686000E+0	1,490964E+6	12,000000E+0
764	885,000000E+0	16,140000E+0	30,686000E+0	1,491129E+6	12,000000E+0
765	885,000000E+0	16,140000E+0	30,686000E+0	1,491296E+6	12,000000E+0
766	885,000000E+0	16,140000E+0	30,457000E+0	1,491462E+6	12,000000E+0
767	885,000000E+0	16,140000E+0	30,228000E+0	1,491629E+6	12,000000E+0
768	885,000000E+0	16,140000E+0	30,228000E+0	1,491795E+6	12,000000E+0
769	885,000000E+0	16,140000E+0	29,999000E+0	1,491962E+6	12,000000E+0
770	885,000000E+0	16,140000E+0	30,228000E+0	1,492130E+6	12,000000E+0
771	885,000000E+0	16,140000E+0	30,228000E+0	1,492298E+6	12,000000E+0
772	885,000000E+0	16,140000E+0	30,457000E+0	1,492465E+6	12,000000E+0
773	885,000000E+0	16,140000E+0	30,686000E+0	1,492632E+6	12,000000E+0
774	885,000000E+0	16,140000E+0	30,915000E+0	1,492799E+6	12,000000E+0
775	885,000000E+0	16,140000E+0	31,144000E+0	1,492968E+6	12,000000E+0
776	885,000000E+0	16,140000E+0	31,144000E+0	1,493134E+6	12,000000E+0
777	885,000000E+0	13,450000E+0	30,915000E+0	1,493303E+6	12,000000E+0
778	885,000000E+0	13,450000E+0	30,915000E+0	1,493469E+6	12,000000E+0
779	885,000000E+0	13,450000E+0	30,457000E+0	1,493637E+6	12,000000E+0
780	885,000000E+0	13,450000E+0	30,228000E+0	1,493804E+6	12,000000E+0
781	885,000000E+0	16,140000E+0	30,228000E+0	1,493972E+6	12,000000E+0
782	885,000000E+0	16,140000E+0	29,999000E+0	1,494138E+6	12,000000E+0
783	885,000000E+0	16,140000E+0	30,228000E+0	1,494308E+6	12,000000E+0
784	885,000000E+0	13,450000E+0	30,228000E+0	1,494474E+6	12,000000E+0
785	885,000000E+0	16,140000E+0	30,457000E+0	1,494642E+6	12,000000E+0
786	885,000000E+0	16,140000E+0	30,686000E+0	1,494810E+6	12,000000E+0
787	885,000000E+0	16,140000E+0	30,686000E+0	1,494978E+6	12,000000E+0
788	885,000000E+0	16,140000E+0	30,686000E+0	1,495142E+6	12,000000E+0
789	885,000000E+0	16,140000E+0	30,686000E+0	1,495310E+6	12,000000E+0
790	885,000000E+0	16,140000E+0	30,686000E+0	1,495476E+6	12,000000E+0
791	885,000000E+0	16,140000E+0	30,457000E+0	1,495644E+6	12,000000E+0
792	885,000000E+0	16,140000E+0	30,228000E+0	1,495809E+6	12,000000E+0
793	885,000000E+0	16,140000E+0	29,999000E+0	1,495976E+6	12,000000E+0
794	885,000000E+0	16,140000E+0	30,228000E+0	1,496144E+6	12,000000E+0
795	885,000000E+0	16,140000E+0	30,228000E+0	1,496312E+6	12,000000E+0
796	885,000000E+0	16,140000E+0	30,457000E+0	1,496479E+6	12,000000E+0
797	885,000000E+0	16,140000E+0	30,457000E+0	1,496646E+6	12,000000E+0
798	885,000000E+0	16,140000E+0	30,686000E+0	1,496813E+6	12,000000E+0
799	885,000000E+0	16,140000E+0	30,915000E+0	1,496981E+6	12,000000E+0
800	885,000000E+0	16,140000E+0	31,144000E+0	1,497149E+6	12,000000E+0
801	885,000000E+0	16,140000E+0	31,144000E+0	1,497315E+6	12,000000E+0
802	885,000000E+0	16,140000E+0	30,915000E+0	1,497482E+6	12,000000E+0
803	885,000000E+0	16,140000E+0	30,686000E+0	1,497650E+6	12,000000E+0
804	885,000000E+0	16,140000E+0	30,457000E+0	1,497818E+6	12,000000E+0
805	885,000000E+0	16,140000E+0	29,999000E+0	1,497984E+6	12,000000E+0
806	885,000000E+0	16,140000E+0	30,228000E+0	1,498153E+6	12,000000E+0
807	885,000000E+0	16,140000E+0	30,228000E+0	1,498321E+6	12,000000E+0
808	885,000000E+0	16,140000E+0	30,228000E+0	1,498488E+6	12,000000E+0
809	885,000000E+0	16,140000E+0	30,457000E+0	1,498656E+6	12,000000E+0
810	885,000000E+0	16,140000E+0	30,457000E+0	1,498823E+6	12,000000E+0
811	885,000000E+0	16,140000E+0	30,686000E+0	1,498991E+6	12,000000E+0
812	885,000000E+0	16,140000E+0	30,686000E+0	1,499158E+6	12,000000E+0
813	885,000000E+0	16,140000E+0	30,686000E+0	1,499325E+6	12,000000E+0
814	885,000000E+0	16,140000E+0	30,686000E+0	1,499490E+6	12,000000E+0
815	885,000000E+0	16,140000E+0	30,457000E+0	1,499657E+6	12,000000E+0
816	885,000000E+0	16,140000E+0	30,457000E+0	1,499825E+6	12,000000E+0
817	885,000000E+0	16,140000E+0	30,228000E+0	1,499991E+6	12,000000E+0
818	885,000000E+0	16,140000E+0	29,999000E+0	1,500157E+6	12,000000E+0
819	885,000000E+0	16,140000E+0	30,228000E+0	1,500326E+6	12,000000E+0
820	885,000000E+0	16,140000E+0	30,228000E+0	1,500492E+6	12,000000E+0
821	885,000000E+0	16,140000E+0	30,457000E+0	1,500660E+6	12,000000E+0
822	885,000000E+0	16,140000E+0	30,686000E+0	1,500828E+6	12,000000E+0
823	885,000000E+0	16,140000E+0	30,915000E+0	1,500995E+6	12,000000E+0
824	885,000000E+0	16,140000E+0	31,144000E+0	1,501162E+6	12,000000E+0
825	885,000000E+0	16,140000E+0	31,144000E+0	1,501330E+6	12,000000E+0
826	885,000000E+0	16,140000E+0	31,144000E+0	1,501498E+6	12,000000E+0
827	885,000000E+0	16,140000E+0	30,915000E+0	1,501664E+6	12,000000E+0
828	885,000000E+0	16,140000E+0	30,457000E+0	1,501833E+6	12,000000E+0
829	885,000000E+0	16,140000E+0	30,228000E+0	1,502001E+6	12,000000E+0
830	885,000000E+0	16,140000E+0	30,228000E+0	1,502166E+6	12,000000E+0
831	885,000000E+0	16,140000E+0	30,228000E+0	1,502333E+6	12,000000E+0
832	885,000000E+0	16,140000E+0	30,457000E+0	1,502502E+6	12,000000E+0
833	885,000000E+0	16,140000E+0	30,228000E+0	1,502671E+6	12,000000E+0
834	885,000000E+0	16,140000E+0	30,457000E+0	1,502837E+6	12,000000E+0
835	885,000000E+0	16,140000E+0	30,686000E+0	1,503005E+6	12,000000E+0
836	885,000000E+0	16,140000E+0	30,686000E+0	1,503172E+6	12,000000E+0
837	885,000000E+0	16,140000E+0	30,686000E+0	1,503336E+6	12,000000E+0
838	885,000000E+0	16,140000E+0	30,686000E+0	1,503504E+6	12,000000E+0
839	885,000000E+0	16,140000E+0	30,686000E+0	1,503670E+6	12,000000E+0
840	885,000000E+0	16,140000E+0	30,228000E+0	1,503837E+6	12,000000E+0
841	885,000000E+0	16,140000E+0	30,228000E+0	1,504003E+6	12,000000E+0
842	885,000000E+0	16,140000E+0	30,228000E+0	1,504171E+6	12,000000E+0
843	885,000000E+0	16,140000E+0	29,999000E+0	1,504337E+6	12,000000E+0
844	885,000000E+0	16,140000E+0	30,228000E+0	1,504504E+6	12,000000E+0
845	885,000000E+0	16,140000E+0	30,457000E+0	1,504672E+6	12,000000E+0
846	885,000000E+0	16,140000E+0	30,457000E+0	1,504839E+6	12,000000E+0
847	885,000000E+0	16,140000E+0	30,915000E+0	1,505007E+6	12,000000E+0
848	885,000000E+0	16,140000E+0	31,144000E+0	1,505175E+6	12,000000E+0
849	885,000000E+0	16,140000E+0	31,144000E+0	1,505342E+6	12,000000E+0
850	885,000000E+0	16,140000E+0	30,915000E+0	1,505511E+6	12,000000E+0
851	885,000000E+0	16,140000E+0	30,915000E+0	1,505678E+6	12,000000E+0
852	885,000000E+0	16,140000E+0	30,686000E+0	1,505847E+6	12,000000E+0
853	885,000000E+0	16,140000E+0	30,457000E+0	1,506014E+6	12,000000E+0
854	885,000000E+0	16,140000E+0	29,999000E+0	1,506180E+6	12,000000E+0
855	885,000000E+0	16,140000E+0	29,999000E+0	1,506349E+6	12,000000E+0
856	885,000000E+0	16,140000E+0	30,228000E+0	1,506516E+6	12,000000E+0
857	885,000000E+0	16,140000E+0	30,228000E+0	1,506683E+6	12,000000E+0
858	885,000000E+0	16,140000E+0	30,457000E+0	1,506852E+6	12,000000E+0
859	885,000000E+0	16,140000E+0	30,457000E+0	1,507019E+6	12,000000E+0
860	885,000000E+0	16,140000E+0	30,686000E+0	1,507186E+6	12,000000E+0
861	885,000000E+0	16,140000E+0	30,686000E+0	1,507353E+6	12,000000E+0
862	885,000000E+0	16,140000E+0	30,686000E+0	1,507519E+6	12,000000E+0
863	885,000000E+0	16,140000E+0	30,686000E+0	1,507685E+6	12,000000E+0
864	885,000000E+0	16,140000E+0	30,457000E+0	1,507850E+6	12,000000E+0
865	885,000000E+0	16,140000E+0	30,457000E+0	1,508018E+6	12,000000E+0
866	885,000000E+0	16,140000E+0	30,228000E+0	1,508184E+6	12,000000E+0
867	885,000000E+0	16,140000E+0	30,228000E+0	1,508351E+6	12,000000E+0
868	885,000000E+0	16,140000E+0	30,228000E+0	1,508519E+6	12,000000E+0
869	885,000000E+0	16,140000E+0	30,228000E+0	1,508686E+6	12,000000E+0
870	885,000000E+0	16,140000E+0	30,457000E+0	1,508854E+6	12,000000E+0
871	885,000000E+0	16,140000E+0	30,686000E+0	1,509021E+6	12,000000E+0
872	885,000000E+0	16,140000E+0	30,915000E+0	1,509188E+6	12,000000E+0
873	885,000000E+0	16,140000E+0	31,144000E+0	1,509355E+6	12,000000E+0
874	885,000000E+0	16,140000E+0	31,144000E+0	1,509523E+6	12,000000E+0
875	885,000000E+0	16,140000E+0	30,915000E+0	1,509690E+6	12,000000E+0
876	885,000000E+0	16,140000E+0	30,686000E+0	1,509856E+6	12,000000E+0
877	885,000000E+0	16,140000E+0	30,686000E+0	1,510026E+6	12,000000E+0
878	885,000000E+0	16,140000E+0	30,228000E+0	1,510194E+6	12,000000E+0
879	885,000000E+0	16,140000E+0	29,999000E+0	1,510359E+6	12,000000E+0
880	885,000000E+0	16,140000E+0	30,228000E+0	1,510526E+6	12,000000E+0
881	885,000000E+0	16,140000E+0	30,228000E+0	1,510697E+6	12,000000E+0
882	885,000000E+0	16,140000E+0	30,228000E+0	1,510862E+6	12,000000E+0
883	885,000000E+0	16,140000E+0	30,457000E+0	1,511031E+6	12,000000E+0
884	885,000000E+0	16,140000E+0	30,686000E+0	1,511199E+6	12,000000E+0
885	885,000000E+0	16,140000E+0	30,686000E+0	1,511366E+6	12,000000E+0
886	885,000000E+0	16,140000E+0	30,915000E+0	1,511531E+6	12,000000E+0
887	885,000000E+0	16,140000E+0	30,686000E+0	1,511699E+6	12,000000E+0
888	885,000000E+0	16,140000E+0	30,457000E+0	1,511864E+6	12,000000E+0
889	885,000000E+0	16,140000E+0	30,228000E+0	1,512031E+6	12,000000E+0
890	885,000000E+0	16,140000E+0	30,228000E+0	1,512197E+6	12,000000E+0
891	885,000000E+0	16,140000E+0	30,228000E+0	1,512365E+6	12,000000E+0
892	885,000000E+0	16,140000E+0	30,228000E+0	1,512532E+6	12,000000E+0
893	885,000000E+0	16,140000E+0	30,457000E+0	1,512701E+6	12,000000E+0
894	885,000000E+0	16,140000E+0	30,228000E+0	1,512867E+6	12,000000E+0
895	885,000000E+0	16,140000E+0	30,457000E+0	1,513034E+6	12,000000E+0
896	885,000000E+0	16,140000E+0	30,915000E+0	1,513201E+6	12,000000E+0
897	885,000000E+0	16,140000E+0	30,915000E+0	1,513374E+6	12,000000E+0
898	885,000000E+0	16,140000E+0	31,144000E+0	1,513538E+6	12,000000E+0
899	885,000000E+0	16,140000E+0	31,144000E+0	1,513706E+6	12,000000E+0
900	885,000000E+0	16,140000E+0	30,915000E+0	1,513872E+6	12,000000E+0
901	885,000000E+0	16,140000E+0	30,686000E+0	1,514040E+6	12,000000E+0
902	885,000000E+0	16,140000E+0	30,457000E+0	1,514207E+6	12,000000E+0
903	885,000000E+0	16,140000E+0	30,228000E+0	1,514374E+6	12,000000E+0
904	885,000000E+0	16,140000E+0	29,999000E+0	1,514542E+6	12,000000E+0
905	885,000000E+0	16,140000E+0	30,228000E+0	1,514711E+6	12,000000E+0
906	885,000000E+0	16,140000E+0	30,228000E+0	1,514876E+6	12,000000E+0
907	885,000000E+0	16,140000E+0	30,457000E+0	1,515045E+6	12,000000E+0
908	885,000000E+0	16,140000E+0	30,457000E+0	1,515212E+6	12,000000E+0
909	885,000000E+0	16,140000E+0	30,915000E+0	1,515380E+6	12,000000E+0
910	885,000000E+0	16,140000E+0	30,686000E+0	1,515547E+6	12,000000E+0
911	885,000000E+0	16,140000E+0	30,686000E+0	1,515713E+6	12,000000E+0
912	885,000000E+0	16,140000E+0	30,686000E+0	1,515880E+6	12,000000E+0
913	885,000000E+0	16,140000E+0	30,457000E+0	1,516046E+6	12,000000E+0
914	885,000000E+0	16,140000E+0	30,228000E+0	1,516213E+6	12,000000E+0
915	885,000000E+0	16,140000E+0	30,228000E+0	1,516379E+6	12,000000E+0
916	885,000000E+0	16,140000E+0	29,999000E+0	1,516546E+6	12,000000E+0
917	885,000000E+0	16,140000E+0	30,228000E+0	1,516714E+6	12,000000E+0
918	885,000000E+0	16,140000E+0	30,228000E+0	1,516881E+6	12,000000E+0
919	885,000000E+0	16,140000E+0	30,457000E+0	1,517049E+6	12,000000E+0
920	885,000000E+0	16,140000E+0	30,457000E+0	1,517216E+6	12,000000E+0
921	885,000000E+0	16,140000E+0	30,915000E+0	1,517384E+6	12,000000E+0
922	885,000000E+0	16,140000E+0	31,144000E+0	1,517552E+6	12,000000E+0
923	885,000000E+0	16,140000E+0	31,144000E+0	1,517719E+6	12,000000E+0
924	885,000000E+0	16,140000E+0	31,144000E+0	1,517887E+6	12,000000E+0
925	885,000000E+0	16,140000E+0	30,915000E+0	1,518052E+6	12,000000E+0
926	885,000000E+0	16,140000E+0	30,457000E+0	1,518222E+6	12,000000E+0
927	885,000000E+0	16,140000E+0	30,228000E+0	1,518388E+6	12,000000E+0
928	885,000000E+0	16,140000E+0	29,999000E+0	1,518555E+6	12,000000E+0
929	885,000000E+0	16,140000E+0	30,228000E+0	1,518723E+6	12,000000E+0
930	885,000000E+0	16,140000E+0	30,228000E+0	1,518891E+6	12,000000E+0
931	885,000000E+0	16,140000E+0	30,228000E+0	1,519058E+6	12,000000E+0
932	885,000000E+0	16,140000E+0	30,457000E+0	1,519226E+6	12,000000E+0
933	885,000000E+0	16,140000E+0	30,457000E+0	1,519393E+6	12,000000E+0
934	885,000000E+0	16,140000E+0	30,686000E+0	1,519561E+6	12,000000E+0
935	885,000000E+0	16,140000E+0	30,915000E+0	1,519726E+6	12,000000E+0
936	885,000000E+0	16,140000E+0	30,686000E+0	1,519894E+6	12,000000E+0
937	885,000000E+0	16,140000E+0	30,686000E+0	1,520060E+6	12,000000E+0
938	885,000000E+0	16,140000E+0	30,228000E+0	1,520228E+6	12,000000E+0
939	885,000000E+0	16,140000E+0	30,228000E+0	1,520393E+6	12,000000E+0
940	885,000000E+0	16,140000E+0	29,999000E+0	1,520561E+6	12,000000E+0
941	885,000000E+0	16,140000E+0	30,228000E+0	1,520728E+6	12,000000E+0
942	885,000000E+0	16,140000E+0	30,228000E+0	1,520895E+6	12,000000E+0
943	885,000000E+0	16,140000E+0	30,457000E+0	1,521063E+6	12,000000E+0
944	885,000000E+0	16,140000E+0	30,686000E+0	1,521230E+6	12,000000E+0
945	885,000000E+0	16,140000E+0	30,915000E+0	1,521396E+6	12,000000E+0
946	885,000000E+0	16,140000E+0	30,915000E+0	1,521564E+6	12,000000E+0
947	885,000000E+0	16,140000E+0	31,144000E+0	1,521734E+6	12,000000E+0
948	885,000000E+0	16,140000E+0	31,144000E+0	1,521902E+6	12,000000E+0
949	885,000000E+0	16,140000E+0	30,915000E+0	1,522069E+6	12,000000E+0
950	885,000000E+0	16,140000E+0	30,686000E+0	1,522237E+6	12,000000E+0
951	885,000000E+0	16,140000E+0	30,228000E+0	1,522406E+6	12,000000E+0
952	885,000000E+0	16,140000E+0	30,228000E+0	1,522570E+6	12,000000E+0
953	885,000000E+0	16,140000E+0	30,228000E+0	1,522740E+6	12,000000E+0
954	885,000000E+0	16,140000E+0	30,228000E+0	1,522907E+6	12,000000E+0
955	885,000000E+0	16,140000E+0	30,228000E+0	1,523074E+6	12,000000E+0
956	885,000000E+0	13,450000E+0	30,228000E+0	1,523242E+6	12,000000E+0
957	885,000000E+0	16,140000E+0	30,686000E+0	1,523410E+6	12,000000E+0
958	885,000000E+0	16,140000E+0	30,686000E+0	1,523577E+6	12,000000E+0
959	885,000000E+0	16,140000E+0	30,686000E+0	1,523744E+6	12,000000E+0
960	885,000000E+0	16,140000E+0	30,915000E+0	1,523911E+6	12,000000E+0
961	885,000000E+0	16,140000E+0	30,686000E+0	1,524076E+6	12,000000E+0
962	885,000000E+0	16,140000E+0	30,457000E+0	1,524242E+6	12,000000E+0
963	885,000000E+0	16,140000E+0	30,457000E+0	1,524411E+6	12,000000E+0
964	885,000000E+0	16,140000E+0	29,999000E+0	1,524575E+6	12,000000E+0
965	885,000000E+0	16,140000E+0	29,999000E+0	1,524742E+6	12,000000E+0
966	885,000000E+0	13,450000E+0	30,228000E+0	1,524911E+6	12,000000E+0
967	885,000000E+0	13,450000E+0	30,457000E+0	1,525078E+6	12,000000E+0
968	885,000000E+0	16,140000E+0	30,457000E+0	1,525246E+6	12,000000E+0
969	885,000000E+0	16,140000E+0	30,686000E+0	1,525413E+6	12,000000E+0
970	885,000000E+0	16,140000E+0	30,915000E+0	1,525581E+6	12,000000E+0
971	885,000000E+0	16,140000E+0	30,915000E+0	1,525748E+6	12,000000E+0
972	885,000000E+0	16,140000E+0	31,144000E+0	1,525915E+6	12,000000E+0
973	885,000000E+0	16,140000E+0	31,144000E+0	1,526083E+6	12,000000E+0
974	885,000000E+0	16,140000E+0	30,915000E+0	1,526250E+6	12,000000E+0
975	885,000000E+0	16,140000E+0	30,457000E+0	1,526418E+6	12,000000E+0
976	885,000000E+0	16,140000E+0	30,228000E+0	1,526585E+6	12,000000E+0
977	885,000000E+0	16,140000E+0	29,999000E+0	1,526752E+6	12,000000E+0
978	885,000000E+0	16,140000E+0	30,228000E+0	1,526919E+6	12,000000E+0
979	885,000000E+0	16,140000E+0	30,228000E+0	1,527088E+6	12,000000E+0
980	885,000000E+0	16,140000E+0	30,228000E+0	1,527255E+6	12,000000E+0
981	885,000000E+0	16,140000E+0	30,457000E+0	1,527423E+6	12,000000E+0
982	885,000000E+0	16,140000E+0	30,686000E+0	1,527590E+6	12,000000E+0
983	885,000000E+0	16,140000E+0	30,686000E+0	1,527758E+6	12,000000E+0
984	885,000000E+0	16,140000E+0	30,686000E+0	1,527922E+6	12,000000E+0
985	885,000000E+0	16,140000E+0	30,686000E+0	1,528090E+6	12,000000E+0
986	885,000000E+0	16,140000E+0	30,686000E+0	1,528257E+6	12,000000E+0
987	885,000000E+0	16,140000E+0	30,228000E+0	1,528424E+6	12,000000E+0
988	885,000000E+0	16,140000E+0	30,228000E+0	1,528590E+6	12,000000E+0
989	885,000000E+0	16,140000E+0	30,228000E+0	1,528758E+6	12,000000E+0
990	885,000000E+0	16,140000E+0	29,999000E+0	1,528924E+6	12,000000E+0
991	885,000000E+0	16,140000E+0	30,228000E+0	1,529092E+6	12,000000E+0
992	885,000000E+0	16,140000E+0	30,457000E+0	1,529260E+6	12,000000E+0
993	885,000000E+0	16,140000E+0	30,686000E+0	1,529427E+6	12,000000E+0
994	885,000000E+0	16,140000E+0	30,915000E+0	1,529594E+6	12,000000E+0
995	885,000000E+0	16,140000E+0	31,144000E+0	1,529763E+6	12,000000E+0
996	885,000000E+0	16,140000E+0	31,144000E+0	1,529932E+6	12,000000E+0
997	885,000000E+0	16,140000E+0	30,915000E+0	1,530097E+6	12,000000E+0
998	885,000000E+0	16,140000E+0	30,915000E+0	1,530264E+6	12,000000E+0
999	885,000000E+0	16,140000E+0	30,915000E+0	1,530433E+6	12,000000E+0
1000	885,000000E+0	16,140000E+0	30,228000E+0	1,530602E+6	12,000000E+0
1001	885,000000E+0	16,140000E+0	30,228000E+0	1,530767E+6	12,000000E+0
1002	885,000000E+0	16,140000E+0	29,999000E+0	1,530935E+6	12,000000E+0
1003	885,000000E+0	16,140000E+0	30,228000E+0	1,531103E+6	12,000000E+0
1004	885,000000E+0	16,140000E+0	30,228000E+0	1,531270E+6	12,000000E+0
1005	885,000000E+0	16,140000E+0	30,457000E+0	1,531438E+6	12,000000E+0
1006	885,000000E+0	16,140000E+0	30,457000E+0	1,531607E+6	12,000000E+0
1007	885,000000E+0	16,140000E+0	30,686000E+0	1,531773E+6	12,000000E+0
1008	885,000000E+0	16,140000E+0	30,686000E+0	1,531941E+6	12,000000E+0
1009	885,000000E+0	16,140000E+0	30,686000E+0	1,532109E+6	12,000000E+0
1010	885,000000E+0	16,140000E+0	30,457000E+0	1,532273E+6	12,000000E+0
1011	885,000000E+0	16,140000E+0	30,457000E+0	1,532441E+6	12,000000E+0
1012	885,000000E+0	16,140000E+0	30,228000E+0	1,532608E+6	12,000000E+0
1013	885,000000E+0	16,140000E+0	29,999000E+0	1,532773E+6	12,000000E+0
1014	885,000000E+0	16,140000E+0	30,228000E+0	1,532948E+6	12,000000E+0
1015	885,000000E+0	16,140000E+0	30,228000E+0	1,533107E+6	12,000000E+0
1016	885,000000E+0	16,140000E+0	30,228000E+0	1,533276E+6	12,000000E+0
1017	885,000000E+0	16,140000E+0	30,457000E+0	1,533445E+6	12,000000E+0
1018	885,000000E+0	16,140000E+0	30,686000E+0	1,533612E+6	12,000000E+0
1019	885,000000E+0	16,140000E+0	30,915000E+0	1,533780E+6	12,000000E+0
1020	885,000000E+0	16,140000E+0	31,144000E+0	1,533945E+6	12,000000E+0
1021	885,000000E+0	16,140000E+0	31,144000E+0	1,534113E+6	12,000000E+0
1022	885,000000E+0	16,140000E+0	30,915000E+0	1,534280E+6	12,000000E+0
1023	885,000000E+0	16,140000E+0	30,686000E+0	1,534448E+6	12,000000E+0
1024	885,000000E+0	16,140000E+0	30,686000E+0	1,534616E+6	12,000000E+0
1025	885,000000E+0	16,140000E+0	30,457000E+0	1,534786E+6	12,000000E+0
1026	885,000000E+0	16,140000E+0	29,999000E+0	1,534950E+6	12,000000E+0
1027	885,000000E+0	16,140000E+0	30,228000E+0	1,535117E+6	12,000000E+0
1028	885,000000E+0	13,450000E+0	30,228000E+0	1,535288E+6	12,000000E+0
1029	885,000000E+0	16,140000E+0	30,228000E+0	1,535454E+6	12,000000E+0
1030	885,000000E+0	16,140000E+0	30,457000E+0	1,535623E+6	12,000000E+0
1031	885,000000E+0	16,140000E+0	30,686000E+0	1,535790E+6	12,000000E+0
1032	885,000000E+0	16,140000E+0	30,915000E+0	1,535957E+6	12,000000E+0
1033	885,000000E+0	16,140000E+0	30,915000E+0	1,536123E+6	12,000000E+0
1034	885,000000E+0	16,140000E+0	30,686000E+0	1,536291E+6	12,000000E+0
1035	885,000000E+0	16,140000E+0	30,457000E+0	1,536456E+6	12,000000E+0
1036	885,000000E+0	16,140000E+0	30,228000E+0	1,536624E+6	12,000000E+0
1037	885,000000E+0	16,140000E+0	30,228000E+0	1,536790E+6	12,000000E+0
1038	885,000000E+0	16,140000E+0	30,228000E+0	1,536958E+6	12,000000E+0
1039	885,000000E+0	16,140000E+0	30,228000E+0	1,537125E+6	12,000000E+0
1040	885,000000E+0	16,140000E+0	30,457000E+0	1,537292E+6	12,000000E+0
1041	885,000000E+0	16,140000E+0	30,228000E+0	1,537458E+6	12,000000E+0
1042	885,000000E+0	16,140000E+0	30,457000E+0	1,537626E+6	12,000000E+0
1043	885,000000E+0	16,140000E+0	30,915000E+0	1,537793E+6	12,000000E+0
1044	885,000000E+0	16,140000E+0	30,915000E+0	1,537961E+6	12,000000E+0
1045	885,000000E+0	16,140000E+0	31,144000E+0	1,538128E+6	12,000000E+0
1046	885,000000E+0	16,140000E+0	31,144000E+0	1,538297E+6	12,000000E+0
1047	885,000000E+0	16,140000E+0	30,915000E+0	1,538463E+6	12,000000E+0
1048	885,000000E+0	16,140000E+0	30,686000E+0	1,538631E+6	12,000000E+0
1049	885,000000E+0	16,140000E+0	30,457000E+0	1,538800E+6	12,000000E+0
1050	885,000000E+0	16,140000E+0	30,228000E+0	1,538966E+6	12,000000E+0
1051	885,000000E+0	16,140000E+0	29,999000E+0	1,539134E+6	12,000000E+0
1052	885,000000E+0	16,140000E+0	30,228000E+0	1,539302E+6	12,000000E+0
1053	885,000000E+0	16,140000E+0	30,228000E+0	1,539468E+6	12,000000E+0
1054	885,000000E+0	16,140000E+0	30,228000E+0	1,539635E+6	12,000000E+0
1055	885,000000E+0	16,140000E+0	30,457000E+0	1,539803E+6	12,000000E+0
1056	885,000000E+0	16,140000E+0	30,686000E+0	1,539971E+6	12,000000E+0
1057	885,000000E+0	16,140000E+0	30,686000E+0	1,540136E+6	12,000000E+0
1058	885,000000E+0	16,140000E+0	30,686000E+0	1,540307E+6	12,000000E+0
1059	885,000000E+0	16,140000E+0	30,686000E+0	1,540472E+6	12,000000E+0
1060	885,000000E+0	16,140000E+0	30,457000E+0	1,540639E+6	12,000000E+0
1061	885,000000E+0	16,140000E+0	30,228000E+0	1,540805E+6	12,000000E+0
1062	885,000000E+0	16,140000E+0	30,228000E+0	1,540971E+6	12,000000E+0
1063	885,000000E+0	16,140000E+0	30,228000E+0	1,541139E+6	12,000000E+0
1064	885,000000E+0	16,140000E+0	30,228000E+0	1,541306E+6	12,000000E+0
1065	885,000000E+0	16,140000E+0	30,457000E+0	1,541475E+6	12,000000E+0
1066	885,000000E+0	16,140000E+0	30,457000E+0	1,541642E+6	12,000000E+0
1067	885,000000E+0	16,140000E+0	30,686000E+0	1,541809E+6	12,000000E+0
1068	885,000000E+0	16,140000E+0	30,915000E+0	1,541977E+6	12,000000E+0
1069	885,000000E+0	16,140000E+0	31,144000E+0	1,542145E+6	12,000000E+0
1070	885,000000E+0	16,140000E+0	31,144000E+0	1,542313E+6	12,000000E+0
1071	885,000000E+0	16,140000E+0	31,144000E+0	1,542480E+6	12,000000E+0
1072	885,000000E+0	16,140000E+0	30,915000E+0	1,542646E+6	12,000000E+0
1073	885,000000E+0	16,140000E+0	30,686000E+0	1,542815E+6	12,000000E+0
1074	885,000000E+0	16,140000E+0	30,228000E+0	1,542982E+6	12,000000E+0
1075	885,000000E+0	16,140000E+0	29,999000E+0	1,543148E+6	12,000000E+0
1076	885,000000E+0	16,140000E+0	30,228000E+0	1,543318E+6	12,000000E+0
1077	885,000000E+0	16,140000E+0	29,999000E+0	1,543484E+6	12,000000E+0
1078	885,000000E+0	16,140000E+0	30,228000E+0	1,543653E+6	12,000000E+0
1079	885,000000E+0	16,140000E+0	30,457000E+0	1,543820E+6	12,000000E+0
1080	885,000000E+0	16,140000E+0	30,457000E+0	1,543987E+6	12,000000E+0
1081	885,000000E+0	16,140000E+0	30,915000E+0	1,544154E+6	12,000000E+0
1082	885,000000E+0	16,140000E+0	30,686000E+0	1,544319E+6	12,000000E+0
1083	885,000000E+0	16,140000E+0	30,686000E+0	1,544487E+6	12,000000E+0
1084	885,000000E+0	16,140000E+0	30,686000E+0	1,544654E+6	12,000000E+0
1085	885,000000E+0	16,140000E+0	30,228000E+0	1,544821E+6	12,000000E+0
1086	885,000000E+0	16,140000E+0	30,228000E+0	1,544986E+6	12,000000E+0
1087	885,000000E+0	16,140000E+0	29,999000E+0	1,545154E+6	12,000000E+0
1088	885,000000E+0	16,140000E+0	30,228000E+0	1,545322E+6	12,000000E+0
1089	885,000000E+0	16,140000E+0	30,228000E+0	1,545489E+6	12,000000E+0
1090	885,000000E+0	16,140000E+0	30,457000E+0	1,545656E+6	12,000000E+0
1091	885,000000E+0	16,140000E+0	30,686000E+0	1,545824E+6	12,000000E+0
1092	885,000000E+0	16,140000E+0	30,686000E+0	1,545990E+6	12,000000E+0
1093	885,000000E+0	16,140000E+0	30,915000E+0	1,546158E+6	12,000000E+0
1094	885,000000E+0	16,140000E+0	31,144000E+0	1,546327E+6	12,000000E+0
1095	885,000000E+0	16,140000E+0	30,915000E+0	1,546493E+6	12,000000E+0
1096	885,000000E+0	16,140000E+0	30,915000E+0	1,546659E+6	12,000000E+0
1097	885,000000E+0	16,140000E+0	30,686000E+0	1,546828E+6	12,000000E+0
1098	885,000000E+0	16,140000E+0	30,457000E+0	1,546996E+6	12,000000E+0
1099	885,000000E+0	16,140000E+0	30,228000E+0	1,547162E+6	12,000000E+0
1100	885,000000E+0	16,140000E+0	29,999000E+0	1,547331E+6	12,000000E+0
1101	885,000000E+0	16,140000E+0	30,228000E+0	1,547498E+6	12,000000E+0
1102	885,000000E+0	16,140000E+0	29,999000E+0	1,547665E+6	12,000000E+0
1103	885,000000E+0	16,140000E+0	30,228000E+0	1,547833E+6	12,000000E+0
1104	885,000000E+0	16,140000E+0	30,686000E+0	1,548001E+6	12,000000E+0
1105	885,000000E+0	16,140000E+0	30,686000E+0	1,548169E+6	12,000000E+0
1106	885,000000E+0	16,140000E+0	30,686000E+0	1,548334E+6	12,000000E+0
1107	885,000000E+0	16,140000E+0	30,915000E+0	1,548502E+6	12,000000E+0
1108	885,000000E+0	16,140000E+0	30,686000E+0	1,548668E+6	12,000000E+0
1109	885,000000E+0	16,140000E+0	30,457000E+0	1,548834E+6	12,000000E+0
1110	885,000000E+0	16,140000E+0	30,228000E+0	1,549001E+6	12,000000E+0
1111	885,000000E+0	16,140000E+0	29,999000E+0	1,549166E+6	12,000000E+0
1112	885,000000E+0	16,140000E+0	29,999000E+0	1,549333E+6	12,000000E+0
1113	885,000000E+0	16,140000E+0	30,228000E+0	1,549502E+6	12,000000E+0
1114	885,000000E+0	16,140000E+0	30,457000E+0	1,549669E+6	12,000000E+0
1115	885,000000E+0	16,140000E+0	30,457000E+0	1,549838E+6	12,000000E+0
1116	885,000000E+0	16,140000E+0	30,686000E+0	1,550004E+6	12,000000E+0
1117	885,000000E+0	16,140000E+0	30,915000E+0	1,550174E+6	12,000000E+0
1118	885,000000E+0	16,140000E+0	30,915000E+0	1,550340E+6	12,000000E+0
1119	885,000000E+0	16,140000E+0	31,144000E+0	1,550508E+6	12,000000E+0
1120	885,000000E+0	16,140000E+0	31,144000E+0	1,550675E+6	12,000000E+0
1121	885,000000E+0	16,140000E+0	30,915000E+0	1,550842E+6	12,000000E+0
1122	885,000000E+0	16,140000E+0	30,686000E+0	1,551012E+6	12,000000E+0
1123	885,000000E+0	16,140000E+0	30,228000E+0	1,551176E+6	12,000000E+0
1124	885,000000E+0	16,140000E+0	29,999000E+0	1,551346E+6	12,000000E+0
1125	885,000000E+0	16,140000E+0	30,228000E+0	1,551514E+6	12,000000E+0
1126	885,000000E+0	16,140000E+0	30,228000E+0	1,551679E+6	12,000000E+0
1127	885,000000E+0	16,140000E+0	30,228000E+0	1,551849E+6	12,000000E+0
1128	885,000000E+0	16,140000E+0	30,457000E+0	1,552015E+6	12,000000E+0
1129	885,000000E+0	16,140000E+0	30,686000E+0	1,552183E+6	12,000000E+0
1130	885,000000E+0	16,140000E+0	30,686000E+0	1,552351E+6	12,000000E+0
1131	885,000000E+0	16,140000E+0	30,686000E+0	1,552515E+6	12,000000E+0
1132	885,000000E+0	16,140000E+0	30,686000E+0	1,552682E+6	12,000000E+0
1133	885,000000E+0	16,140000E+0	30,686000E+0	1,552848E+6	12,000000E+0
1134	885,000000E+0	16,140000E+0	30,228000E+0	1,553016E+6	12,000000E+0
1135	885,000000E+0	16,140000E+0	30,228000E+0	1,553182E+6	12,000000E+0
1136	885,000000E+0	16,140000E+0	29,999000E+0	1,553349E+6	12,000000E+0
1137	885,000000E+0	16,140000E+0	30,228000E+0	1,553516E+6	12,000000E+0
1138	885,000000E+0	16,140000E+0	30,228000E+0	1,553683E+6	12,000000E+0
1139	885,000000E+0	16,140000E+0	30,457000E+0	1,553852E+6	12,000000E+0
1140	885,000000E+0	16,140000E+0	30,686000E+0	1,554019E+6	12,000000E+0
1141	885,000000E+0	16,140000E+0	30,915000E+0	1,554186E+6	12,000000E+0
1142	885,000000E+0	16,140000E+0	31,144000E+0	1,554353E+6	12,000000E+0
1143	885,000000E+0	16,140000E+0	31,144000E+0	1,554521E+6	12,000000E+0
1144	885,000000E+0	16,140000E+0	30,915000E+0	1,554688E+6	12,000000E+0
1145	885,000000E+0	16,140000E+0	30,915000E+0	1,554855E+6	12,000000E+0
1146	885,000000E+0	16,140000E+0	30,915000E+0	1,555023E+6	12,000000E+0
1147	885,000000E+0	16,140000E+0	30,457000E+0	1,555193E+6	12,000000E+0
1148	885,000000E+0	16,140000E+0	30,228000E+0	1,555357E+6	12,000000E+0
1149	885,000000E+0	16,140000E+0	29,999000E+0	1,555525E+6	12,000000E+0
1150	885,000000E+0	16,140000E+0	30,228000E+0	1,555692E+6	12,000000E+0
1151	885,000000E+0	16,140000E+0	30,228000E+0	1,555859E+6	12,000000E+0
1152	885,000000E+0	16,140000E+0	30,228000E+0	1,556028E+6	12,000000E+0
1153	885,000000E+0	16,140000E+0	30,457000E+0	1,556196E+6	12,000000E+0
1154	885,000000E+0	16,140000E+0	30,686000E+0	1,556363E+6	12,000000E+0
1155	885,000000E+0	16,140000E+0	30,915000E+0	1,556530E+6	12,000000E+0
1156	885,000000E+0	16,140000E+0	30,686000E+0	1,556697E+6	12,000000E+0
1157	885,000000E+0	16,140000E+0	30,457000E+0	1,556862E+6	12,000000E+0
1158	885,000000E+0	16,140000E+0	30,457000E+0	1,557030E+6	12,000000E+0
1159	885,000000E+0	16,140000E+0	30,228000E+0	1,557195E+6	12,000000E+0
1160	885,000000E+0	16,140000E+0	30,228000E+0	1,557362E+6	12,000000E+0
1161	885,000000E+0	16,140000E+0	30,228000E+0	1,557529E+6	12,000000E+0
1162	885,000000E+0	16,140000E+0	30,228000E+0	1,557696E+6	12,000000E+0
1163	885,000000E+0	13,450000E+0	30,228000E+0	1,557864E+6	12,000000E+0
1164	885,000000E+0	16,140000E+0	30,457000E+0	1,558032E+6	12,000000E+0
1165	885,000000E+0	16,140000E+0	30,686000E+0	1,558200E+6	12,000000E+0
1166	885,000000E+0	16,140000E+0	30,915000E+0	1,558367E+6	12,000000E+0
1167	885,000000E+0	16,140000E+0	31,144000E+0	1,558535E+6	12,000000E+0
1168	885,000000E+0	16,140000E+0	31,144000E+0	1,558702E+6	12,000000E+0
1169	885,000000E+0	16,140000E+0	30,915000E+0	1,558868E+6	12,000000E+0
1170	885,000000E+0	16,140000E+0	30,915000E+0	1,559035E+6	12,000000E+0
1171	885,000000E+0	16,140000E+0	30,686000E+0	1,559205E+6	12,000000E+0
1172	885,000000E+0	16,140000E+0	30,228000E+0	1,559372E+6	12,000000E+0
1173	885,000000E+0	16,140000E+0	29,999000E+0	1,559540E+6	12,000000E+0
1174	885,000000E+0	16,140000E+0	30,228000E+0	1,559706E+6	12,000000E+0
1175	885,000000E+0	16,140000E+0	29,999000E+0	1,559873E+6	12,000000E+0
1176	885,000000E+0	16,140000E+0	30,228000E+0	1,560041E+6	12,000000E+0
1177	885,000000E+0	16,140000E+0	30,457000E+0	1,560207E+6	12,000000E+0
1178	885,000000E+0	16,140000E+0	30,686000E+0	1,560374E+6	12,000000E+0
1179	885,000000E+0	16,140000E+0	30,686000E+0	1,560543E+6	12,000000E+0
1180	885,000000E+0	16,140000E+0	30,686000E+0	1,560708E+6	12,000000E+0
1181	885,000000E+0	16,140000E+0	30,686000E+0	1,560876E+6	12,000000E+0
1182	885,000000E+0	16,140000E+0	30,457000E+0	1,561041E+6	12,000000E+0
1183	885,000000E+0	16,140000E+0	30,228000E+0	1,561208E+6	12,000000E+0
1184	885,000000E+0	16,140000E+0	30,228000E+0	1,561373E+6	12,000000E+0
1185	885,000000E+0	16,140000E+0	29,999000E+0	1,561540E+6	12,000000E+0
1186	885,000000E+0	16,140000E+0	30,228000E+0	1,561709E+6	12,000000E+0
1187	885,000000E+0	13,450000E+0	30,228000E+0	1,561876E+6	12,000000E+0
1188	885,000000E+0	13,450000E+0	30,228000E+0	1,562043E+6	12,000000E+0
1189	885,000000E+0	16,140000E+0	30,686000E+0	1,562209E+6	12,000000E+0
1190	885,000000E+0	16,140000E+0	30,915000E+0	1,562377E+6	12,000000E+0
1191	885,000000E+0	16,140000E+0	31,144000E+0	1,562545E+6	12,000000E+0
1192	885,000000E+0	16,140000E+0	31,144000E+0	1,562712E+6	12,000000E+0
1193	885,000000E+0	16,140000E+0	30,915000E+0	1,562881E+6	12,000000E+0
1194	885,000000E+0	16,140000E+0	30,915000E+0	1,563047E+6	12,000000E+0
1195	885,000000E+0	16,140000E+0	30,457000E+0	1,563214E+6	12,000000E+0
1196	885,000000E+0	16,140000E+0	30,457000E+0	1,563385E+6	12,000000E+0
1197	885,000000E+0	16,140000E+0	30,228000E+0	1,563551E+6	12,000000E+0
1198	885,000000E+0	16,140000E+0	29,999000E+0	1,563720E+6	12,000000E+0
1199	885,000000E+0	16,140000E+0	30,228000E+0	1,563886E+6	12,000000E+0
1200	885,000000E+0	16,140000E+0	30,228000E+0	1,564052E+6	12,000000E+0
1201	885,000000E+0	16,140000E+0	30,228000E+0	1,564221E+6	12,000000E+0
1202	885,000000E+0	16,140000E+0	30,457000E+0	1,564388E+6	12,000000E+0
1203	885,000000E+0	16,140000E+0	30,686000E+0	1,564555E+6	12,000000E+0
1204	885,000000E+0	16,140000E+0	30,686000E+0	1,564722E+6	12,000000E+0
1205	885,000000E+0	16,140000E+0	30,686000E+0	1,564890E+6	12,000000E+0
1206	885,000000E+0	16,140000E+0	30,686000E+0	1,565055E+6	12,000000E+0
1207	885,000000E+0	16,140000E+0	30,457000E+0	1,565221E+6	12,000000E+0
1208	885,000000E+0	16,140000E+0	30,228000E+0	1,565388E+6	12,000000E+0
1209	885,000000E+0	16,140000E+0	30,228000E+0	1,565553E+6	12,000000E+0
1210	885,000000E+0	16,140000E+0	30,228000E+0	1,565720E+6	12,000000E+0
1211	885,000000E+0	16,140000E+0	30,228000E+0	1,565888E+6	12,000000E+0
1212	885,000000E+0	16,140000E+0	30,457000E+0	1,566057E+6	12,000000E+0
1213	885,000000E+0	13,450000E+0	30,457000E+0	1,566223E+6	12,000000E+0
1214	885,000000E+0	13,450000E+0	30,686000E+0	1,566391E+6	12,000000E+0
1215	885,000000E+0	13,450000E+0	30,915000E+0	1,566558E+6	12,000000E+0
1216	885,000000E+0	16,140000E+0	31,144000E+0	1,566726E+6	12,000000E+0
1217	885,000000E+0	16,140000E+0	31,144000E+0	1,566892E+6	12,000000E+0
1218	885,000000E+0	16,140000E+0	30,915000E+0	1,567060E+6	12,000000E+0
1219	885,000000E+0	16,140000E+0	30,915000E+0	1,567228E+6	12,000000E+0
1220	885,000000E+0	16,140000E+0	30,457000E+0	1,567396E+6	12,000000E+0
1221	885,000000E+0	16,140000E+0	30,228000E+0	1,567564E+6	12,000000E+0
1222	885,000000E+0	16,140000E+0	30,228000E+0	1,567733E+6	12,000000E+0
1223	885,000000E+0	16,140000E+0	29,999000E+0	1,567900E+6	12,000000E+0
1224	885,000000E+0	16,140000E+0	29,999000E+0	1,568066E+6	12,000000E+0
1225	885,000000E+0	16,140000E+0	30,228000E+0	1,568235E+6	12,000000E+0
1226	885,000000E+0	16,140000E+0	30,457000E+0	1,568401E+6	12,000000E+0
1227	885,000000E+0	16,140000E+0	30,686000E+0	1,568568E+6	12,000000E+0
1228	885,000000E+0	16,140000E+0	30,686000E+0	1,568736E+6	12,000000E+0
1229	885,000000E+0	16,140000E+0	30,686000E+0	1,568901E+6	12,000000E+0
1230	885,000000E+0	16,140000E+0	30,686000E+0	1,569070E+6	12,000000E+0
1231	885,000000E+0	16,140000E+0	30,686000E+0	1,569234E+6	12,000000E+0
1232	885,000000E+0	16,140000E+0	30,228000E+0	1,569402E+6	12,000000E+0
1233	885,000000E+0	16,140000E+0	30,228000E+0	1,569567E+6	12,000000E+0
1234	885,000000E+0	16,140000E+0	29,999000E+0	1,569734E+6	12,000000E+0
1235	885,000000E+0	16,140000E+0	30,228000E+0	1,569902E+6	12,000000E+0
1236	885,000000E+0	16,140000E+0	30,228000E+0	1,570072E+6	12,000000E+0
1237	885,000000E+0	16,140000E+0	30,457000E+0	1,570236E+6	12,000000E+0
1238	885,000000E+0	16,140000E+0	30,686000E+0	1,570405E+6	12,000000E+0
1239	885,000000E+0	16,140000E+0	30,686000E+0	1,570572E+6	12,000000E+0
1240	885,000000E+0	16,140000E+0	30,915000E+0	1,570738E+6	12,000000E+0
1241	885,000000E+0	16,140000E+0	31,144000E+0	1,570907E+6	12,000000E+0
1242	885,000000E+0	16,140000E+0	30,915000E+0	1,571075E+6	12,000000E+0
1243	885,000000E+0	16,140000E+0	30,915000E+0	1,571239E+6	12,000000E+0
1244	885,000000E+0	16,140000E+0	30,686000E+0	1,571409E+6	12,000000E+0
1245	885,000000E+0	16,140000E+0	30,457000E+0	1,571578E+6	12,000000E+0
1246	885,000000E+0	16,140000E+0	29,999000E+0	1,571742E+6	12,000000E+0
1247	885,000000E+0	16,140000E+0	30,228000E+0	1,571911E+6	12,000000E+0
1248	885,000000E+0	16,140000E+0	30,228000E+0	1,572080E+6	12,000000E+0
1249	885,000000E+0	16,140000E+0	29,999000E+0	1,572244E+6	12,000000E+0
1250	885,000000E+0	16,140000E+0	30,457000E+0	1,572413E+6	12,000000E+0
