mardi 23 janvier 2024	10:20:10	Sampling Period : 20  ms		
Unities: time [sample], PWM [raw], Current [mA], velocity [rev/min], Position [pulse], Present Input Voltage [V]

t	DXL_PWM		DXL_Current		DXL_Velocity		DXL_Position		DXL_Input_Voltage
0	-1,000000E+0	0,000000E+0	0,000000E+0	227,236000E+3	12,000000E+0
1	185,000000E+0	102,220000E+0	0,000000E+0	227,238000E+3	12,000000E+0
2	604,000000E+0	53,800000E+0	11,221000E+0	227,311000E+3	12,000000E+0
3	751,000000E+0	34,970000E+0	22,900000E+0	227,440000E+3	12,000000E+0
4	800,000000E+0	26,900000E+0	27,251000E+0	227,588000E+3	12,000000E+0
5	816,000000E+0	24,210000E+0	28,625000E+0	227,743000E+3	12,000000E+0
6	822,000000E+0	24,210000E+0	29,083000E+0	227,901000E+3	12,000000E+0
7	831,000000E+0	24,210000E+0	28,625000E+0	228,061000E+3	12,000000E+0
8	838,000000E+0	24,210000E+0	28,854000E+0	228,218000E+3	12,000000E+0
9	843,000000E+0	21,520000E+0	29,083000E+0	228,380000E+3	12,000000E+0
10	842,000000E+0	21,520000E+0	29,312000E+0	228,543000E+3	12,000000E+0
11	842,000000E+0	21,520000E+0	29,312000E+0	228,705000E+3	12,000000E+0
12	842,000000E+0	21,520000E+0	29,312000E+0	228,868000E+3	12,000000E+0
13	837,000000E+0	21,520000E+0	29,312000E+0	229,028000E+3	12,000000E+0
14	834,000000E+0	21,520000E+0	29,312000E+0	229,188000E+3	12,000000E+0
15	828,000000E+0	21,520000E+0	29,541000E+0	229,350000E+3	12,000000E+0
16	827,000000E+0	18,830000E+0	29,312000E+0	229,505000E+3	12,000000E+0
17	829,000000E+0	21,520000E+0	29,083000E+0	229,665000E+3	12,000000E+0
18	830,000000E+0	21,520000E+0	29,083000E+0	229,822000E+3	12,000000E+0
19	834,000000E+0	21,520000E+0	28,854000E+0	229,981000E+3	12,000000E+0
20	837,000000E+0	21,520000E+0	29,083000E+0	230,142000E+3	12,000000E+0
21	841,000000E+0	21,520000E+0	29,083000E+0	230,303000E+3	12,000000E+0
22	842,000000E+0	21,520000E+0	29,083000E+0	230,465000E+3	12,000000E+0
23	841,000000E+0	21,520000E+0	29,312000E+0	230,627000E+3	12,000000E+0
24	841,000000E+0	21,520000E+0	29,083000E+0	230,788000E+3	12,000000E+0
25	834,000000E+0	18,830000E+0	29,541000E+0	230,950000E+3	12,000000E+0
26	828,000000E+0	18,830000E+0	29,541000E+0	231,111000E+3	12,000000E+0
27	823,000000E+0	18,830000E+0	29,541000E+0	231,269000E+3	12,000000E+0
28	819,000000E+0	18,830000E+0	29,312000E+0	231,428000E+3	12,000000E+0
29	818,000000E+0	18,830000E+0	29,083000E+0	231,585000E+3	12,000000E+0
30	818,000000E+0	18,830000E+0	29,083000E+0	231,742000E+3	12,000000E+0
31	823,000000E+0	18,830000E+0	29,083000E+0	231,900000E+3	12,000000E+0
32	826,000000E+0	18,830000E+0	29,083000E+0	232,059000E+3	12,000000E+0
33	833,000000E+0	18,830000E+0	28,854000E+0	232,219000E+3	12,000000E+0
34	839,000000E+0	21,520000E+0	28,854000E+0	232,378000E+3	12,000000E+0
35	841,000000E+0	21,520000E+0	29,312000E+0	232,542000E+3	12,000000E+0
36	843,000000E+0	21,520000E+0	29,083000E+0	232,703000E+3	12,000000E+0
37	842,000000E+0	21,520000E+0	29,312000E+0	232,865000E+3	12,000000E+0
38	838,000000E+0	21,520000E+0	29,312000E+0	233,027000E+3	12,000000E+0
39	834,000000E+0	18,830000E+0	29,312000E+0	233,189000E+3	12,000000E+0
40	831,000000E+0	21,520000E+0	29,312000E+0	233,349000E+3	12,000000E+0
41	828,000000E+0	18,830000E+0	29,312000E+0	233,508000E+3	12,000000E+0
42	826,000000E+0	18,830000E+0	29,312000E+0	233,668000E+3	12,000000E+0
43	828,000000E+0	18,830000E+0	29,083000E+0	233,824000E+3	12,000000E+0
44	833,000000E+0	18,830000E+0	28,854000E+0	233,983000E+3	12,000000E+0
45	836,000000E+0	18,830000E+0	29,083000E+0	234,144000E+3	12,000000E+0
46	839,000000E+0	18,830000E+0	29,083000E+0	234,304000E+3	12,000000E+0
47	843,000000E+0	21,520000E+0	29,083000E+0	234,465000E+3	12,000000E+0
48	843,000000E+0	21,520000E+0	29,312000E+0	234,626000E+3	12,000000E+0
49	839,000000E+0	18,830000E+0	29,312000E+0	234,789000E+3	12,000000E+0
50	838,000000E+0	18,830000E+0	29,312000E+0	234,950000E+3	12,000000E+0
51	834,000000E+0	18,830000E+0	29,312000E+0	235,111000E+3	12,000000E+0
52	826,000000E+0	18,830000E+0	29,541000E+0	235,272000E+3	12,000000E+0
53	821,000000E+0	18,830000E+0	29,312000E+0	235,430000E+3	12,000000E+0
54	818,000000E+0	18,830000E+0	29,312000E+0	235,589000E+3	12,000000E+0
55	817,000000E+0	18,830000E+0	29,312000E+0	235,746000E+3	12,000000E+0
56	819,000000E+0	18,830000E+0	29,083000E+0	235,902000E+3	12,000000E+0
57	825,000000E+0	18,830000E+0	28,854000E+0	236,059000E+3	12,000000E+0
58	829,000000E+0	18,830000E+0	29,083000E+0	236,220000E+3	12,000000E+0
59	833,000000E+0	21,520000E+0	29,083000E+0	236,380000E+3	12,000000E+0
60	840,000000E+0	21,520000E+0	28,854000E+0	236,543000E+3	12,000000E+0
61	842,000000E+0	18,830000E+0	29,083000E+0	236,704000E+3	12,000000E+0
62	842,000000E+0	18,830000E+0	29,083000E+0	236,866000E+3	12,000000E+0
63	841,000000E+0	18,830000E+0	29,312000E+0	237,027000E+3	12,000000E+0
64	837,000000E+0	18,830000E+0	29,312000E+0	237,188000E+3	12,000000E+0
65	833,000000E+0	18,830000E+0	29,312000E+0	237,348000E+3	12,000000E+0
66	827,000000E+0	18,830000E+0	29,541000E+0	237,510000E+3	12,000000E+0
67	827,000000E+0	18,830000E+0	29,312000E+0	237,666000E+3	12,000000E+0
68	826,000000E+0	18,830000E+0	29,312000E+0	237,826000E+3	12,000000E+0
69	827,000000E+0	18,830000E+0	29,083000E+0	237,984000E+3	12,000000E+0
70	834,000000E+0	18,830000E+0	28,854000E+0	238,142000E+3	12,000000E+0
71	838,000000E+0	18,830000E+0	29,083000E+0	238,303000E+3	12,000000E+0
72	842,000000E+0	18,830000E+0	29,083000E+0	238,463000E+3	12,000000E+0
73	842,000000E+0	18,830000E+0	29,083000E+0	238,626000E+3	12,000000E+0
74	842,000000E+0	18,830000E+0	29,312000E+0	238,787000E+3	12,000000E+0
75	837,000000E+0	18,830000E+0	29,312000E+0	238,950000E+3	12,000000E+0
76	835,000000E+0	18,830000E+0	29,312000E+0	239,111000E+3	12,000000E+0
77	831,000000E+0	18,830000E+0	29,312000E+0	239,271000E+3	12,000000E+0
78	823,000000E+0	18,830000E+0	29,541000E+0	239,431000E+3	12,000000E+0
79	819,000000E+0	18,830000E+0	29,541000E+0	239,589000E+3	12,000000E+0
80	815,000000E+0	18,830000E+0	29,312000E+0	239,746000E+3	12,000000E+0
81	818,000000E+0	18,830000E+0	29,083000E+0	239,904000E+3	12,000000E+0
82	819,000000E+0	18,830000E+0	29,083000E+0	240,060000E+3	12,000000E+0
83	826,000000E+0	18,830000E+0	28,854000E+0	240,219000E+3	12,000000E+0
84	833,000000E+0	18,830000E+0	28,854000E+0	240,379000E+3	12,000000E+0
85	836,000000E+0	18,830000E+0	29,083000E+0	240,539000E+3	12,000000E+0
86	841,000000E+0	18,830000E+0	29,083000E+0	240,702000E+3	12,000000E+0
87	841,000000E+0	18,830000E+0	29,083000E+0	240,862000E+3	12,000000E+0
88	842,000000E+0	18,830000E+0	29,312000E+0	241,035000E+3	12,000000E+0
89	839,000000E+0	18,830000E+0	29,312000E+0	241,227000E+3	12,000000E+0
90	834,000000E+0	18,830000E+0	29,312000E+0	241,388000E+3	12,000000E+0
91	831,000000E+0	18,830000E+0	29,312000E+0	241,549000E+3	12,000000E+0
92	30,000000E+0	228,650000E+0	105,243591E+3	128,000000E+0	4,510000E+3
93	21,760000E+3	39,252480E+3	-491,773344E+6	-889,192448E+6	94,400000E+0
94	30,000000E+0	228,650000E+0	105,243820E+3	127,000000E+0	4,541600E+3
95	30,000000E+0	228,650000E+0	105,244278E+3	127,000000E+0	4,557500E+3
96	30,000000E+0	228,650000E+0	105,245423E+3	126,000000E+0	4,573500E+3
97	30,000000E+0	228,650000E+0	105,246568E+3	126,000000E+0	4,589500E+3
98	30,000000E+0	228,650000E+0	105,247484E+3	127,000000E+0	4,605700E+3
99	30,000000E+0	228,650000E+0	105,247026E+3	128,000000E+0	4,621900E+3
100	21,760000E+3	48,893440E+3	-491,773344E+6	754,974720E+6	94,900000E+0
101	21,760000E+3	47,516160E+3	-491,773344E+6	-822,083584E+6	94,900000E+0
102	30,000000E+0	228,650000E+0	105,244507E+3	129,000000E+0	4,670300E+3
103	21,760000E+3	39,941120E+3	-491,773344E+6	234,881024E+6	95,100000E+0
104	21,760000E+3	37,875200E+3	-491,773344E+6	-1,392509E+9	95,100000E+0
105	30,000000E+0	228,650000E+0	105,241301E+3	129,000000E+0	4,718100E+3
106	30,000000E+0	228,650000E+0	105,241301E+3	127,000000E+0	4,733800E+3
107	21,760000E+3	34,432000E+3	487,932184E+6	-2,046820E+9	95,300000E+0
108	21,760000E+3	38,563840E+3	484,090202E+6	603,979776E+6	95,400000E+0
109	30,000000E+0	228,650000E+0	105,244278E+3	126,000000E+0	4,781200E+3
110	30,000000E+0	228,650000E+0	105,245423E+3	127,000000E+0	4,797100E+3
111	30,000000E+0	228,650000E+0	105,246568E+3	127,000000E+0	4,813200E+3
112	21,760000E+3	48,893440E+3	-491,773344E+6	-1,493172E+9	95,600000E+0
113	21,760000E+3	50,270720E+3	487,932184E+6	1,207960E+9	95,700000E+0
114	21,760000E+3	50,270720E+3	487,932184E+6	-352,321536E+6	95,700000E+0
115	30,000000E+0	228,650000E+0	105,245652E+3	129,000000E+0	4,878100E+3
116	7,681000E+3	58,534400E+3	26,942652E+6	32,768000E+3	1,152000E+3
117	21,760000E+3	41,318400E+3	-487,931362E+6	-838,860800E+6	95,900000E+0
118	30,000000E+0	228,650000E+0	105,243591E+3	128,000000E+0	4,925800E+3
119	30,000000E+0	228,650000E+0	105,243362E+3	127,000000E+0	4,941800E+3
120	30,000000E+0	228,650000E+0	105,243820E+3	127,000000E+0	4,957500E+3
121	21,760000E+3	44,072960E+3	484,090202E+6	1,174405E+9	96,200000E+0
122	21,760000E+3	46,138880E+3	487,932184E+6	-419,430400E+6	96,200000E+0
123	21,760000E+3	50,270720E+3	484,090202E+6	-2,063598E+9	96,300000E+0
124	21,760000E+3	53,025280E+3	487,932184E+6	671,088640E+6	96,400000E+0
125	85,000000E+0	2,264980E+3	1,920993E+6	-993,394688E+6	300,000000E-3
126	21,760000E+3	48,204800E+3	-491,773344E+6	1,828717E+9	96,500000E+0
127	21,760000E+3	45,450240E+3	-491,773344E+6	234,881024E+6	96,600000E+0
128	21,760000E+3	42,007040E+3	-487,931362E+6	-1,358954E+9	96,600000E+0
129	85,000000E+0	2,211180E+3	1,936001E+6	-951,123968E+6	300,000000E-3
130	85,000000E+0	2,208490E+3	1,920993E+6	-940,900352E+6	300,000000E-3
131	12,800000E+3	4,828550E+3	7,503872E+3	63,473664E+6	3,072000E+3
132	12,544000E+3	4,828550E+3	7,503872E+3	63,514624E+6	3,072000E+3
133	13,568000E+3	4,828550E+3	7,386624E+3	63,554560E+6	3,072000E+3
134	14,848000E+3	4,828550E+3	7,386624E+3	63,595264E+6	3,072000E+3
135	16,128000E+3	4,828550E+3	7,386624E+3	63,636224E+6	3,072000E+3
136	837,000000E+0	18,830000E+0	28,854000E+0	248,738000E+3	12,000000E+0
137	18,944000E+3	4,828550E+3	7,386624E+3	63,718400E+6	3,072000E+3
138	841,000000E+0	18,830000E+0	29,312000E+0	249,063000E+3	12,000000E+0
139	840,000000E+0	18,830000E+0	29,312000E+0	249,224000E+3	12,000000E+0
140	17,920000E+3	4,828550E+3	7,503872E+3	63,843072E+6	3,072000E+3
141	7,681000E+3	58,534400E+3	26,942770E+6	33,024000E+3	5,248000E+3
142	7,681000E+3	58,534400E+3	26,942477E+6	33,024000E+3	2,790400E+3
143	7,681000E+3	58,534400E+3	26,942359E+6	32,768000E+3	332,800000E+0
144	7,681000E+3	58,534400E+3	26,942418E+6	32,512000E+3	4,403200E+3
145	256,000000E+0	80,700000E+0	12,411424E+6	8,388615E+6	0,000000E+0
146	7,681000E+3	58,534400E+3	26,942477E+6	32,512000E+3	5,939200E+3
147	7,681000E+3	58,534400E+3	26,942770E+6	32,256000E+3	3,456000E+3
148	30,000000E+0	228,650000E+0	105,245881E+3	127,000000E+0	5,405600E+3
149	30,000000E+0	228,650000E+0	105,246797E+3	127,000000E+0	5,421700E+3
150	30,000000E+0	228,650000E+0	105,247484E+3	127,000000E+0	5,437800E+3
151	30,000000E+0	228,650000E+0	105,246797E+3	128,000000E+0	5,454000E+3
152	30,000000E+0	228,650000E+0	105,245881E+3	128,000000E+0	5,470300E+3
153	7,681000E+3	58,534400E+3	26,942652E+6	33,024000E+3	2,022400E+3
154	30,000000E+0	228,650000E+0	90,235847E+3	128,000000E+0	5,502300E+3
155	30,000000E+0	228,650000E+0	90,234244E+3	129,000000E+0	5,518300E+3
156	7,681000E+3	58,534400E+3	23,099791E+6	32,768000E+3	1,152000E+3
157	30,000000E+0	228,650000E+0	105,241530E+3	127,000000E+0	5,549800E+3
158	30,000000E+0	228,650000E+0	105,241988E+3	127,000000E+0	5,565500E+3
159	30,000000E+0	228,650000E+0	105,242446E+3	127,000000E+0	5,581200E+3
160	30,000000E+0	228,650000E+0	105,243362E+3	127,000000E+0	5,597100E+3
161	30,000000E+0	228,650000E+0	105,245194E+3	126,000000E+0	5,613100E+3
162	21,760000E+3	49,582080E+3	484,090202E+6	-486,539264E+6	98,700000E+0
163	30,000000E+0	228,650000E+0	105,247255E+3	127,000000E+0	5,645300E+3
164	30,000000E+0	228,650000E+0	105,247026E+3	127,000000E+0	5,661600E+3
165	21,760000E+3	48,204800E+3	-491,773344E+6	-905,969664E+6	98,900000E+0
166	30,000000E+0	228,650000E+0	105,245652E+3	128,000000E+0	5,694000E+3
167	21,760000E+3	44,072960E+3	-491,773344E+6	218,103808E+6	99,100000E+0
168	21,760000E+3	42,007040E+3	-491,773344E+6	-1,392509E+9	99,100000E+0
169	85,000000E+0	2,221940E+3	1,920993E+6	-532,086784E+6	300,000000E-3
170	85,000000E+0	2,221940E+3	1,920993E+6	-521,666560E+6	300,000000E-3
171	85,000000E+0	2,230010E+3	1,905985E+6	-511,246336E+6	300,000000E-3
172	16,128000E+3	4,828550E+3	7,445248E+3	65,152512E+6	3,072000E+3
173	17,408000E+3	4,828550E+3	7,386624E+3	65,193472E+6	3,072000E+3
174	18,176000E+3	4,828550E+3	7,445248E+3	65,234176E+6	3,072000E+3
175	18,944000E+3	4,828550E+3	7,445248E+3	65,276416E+6	3,072000E+3
176	841,000000E+0	18,830000E+0	29,312000E+0	255,188000E+3	12,000000E+0
177	840,000000E+0	18,830000E+0	29,312000E+0	255,391000E+3	12,000000E+0
178	833,000000E+0	18,830000E+0	29,541000E+0	255,552000E+3	12,000000E+0
179	827,000000E+0	18,830000E+0	29,541000E+0	255,711000E+3	12,000000E+0
180	821,000000E+0	18,830000E+0	29,541000E+0	255,870000E+3	12,000000E+0
181	817,000000E+0	18,830000E+0	29,312000E+0	256,030000E+3	12,000000E+0
182	816,000000E+0	18,830000E+0	29,083000E+0	256,186000E+3	12,000000E+0
183	819,000000E+0	18,830000E+0	29,083000E+0	256,343000E+3	12,000000E+0
184	823,000000E+0	18,830000E+0	29,083000E+0	256,499000E+3	12,000000E+0
185	826,000000E+0	18,830000E+0	29,083000E+0	256,661000E+3	12,000000E+0
186	832,000000E+0	18,830000E+0	28,854000E+0	256,820000E+3	12,000000E+0
187	841,000000E+0	18,830000E+0	28,854000E+0	256,980000E+3	12,000000E+0
188	842,000000E+0	18,830000E+0	29,083000E+0	257,141000E+3	12,000000E+0
189	841,000000E+0	18,830000E+0	29,312000E+0	257,303000E+3	12,000000E+0
190	841,000000E+0	18,830000E+0	29,312000E+0	257,465000E+3	12,000000E+0
191	836,000000E+0	18,830000E+0	29,312000E+0	257,628000E+3	12,000000E+0
192	831,000000E+0	16,140000E+0	29,312000E+0	257,789000E+3	12,000000E+0
193	830,000000E+0	16,140000E+0	29,312000E+0	257,948000E+3	12,000000E+0
194	827,000000E+0	16,140000E+0	29,312000E+0	258,106000E+3	12,000000E+0
195	826,000000E+0	16,140000E+0	29,312000E+0	258,267000E+3	12,000000E+0
196	828,000000E+0	16,140000E+0	29,083000E+0	258,432000E+3	12,000000E+0
197	832,000000E+0	18,830000E+0	28,854000E+0	258,582000E+3	12,000000E+0
198	836,000000E+0	18,830000E+0	29,083000E+0	258,742000E+3	12,000000E+0
199	838,000000E+0	18,830000E+0	29,083000E+0	258,902000E+3	12,000000E+0
200	842,000000E+0	18,830000E+0	29,083000E+0	259,064000E+3	12,000000E+0
201	841,000000E+0	18,830000E+0	29,312000E+0	259,227000E+3	12,000000E+0
202	838,000000E+0	18,830000E+0	29,312000E+0	259,388000E+3	12,000000E+0
203	838,000000E+0	18,830000E+0	29,312000E+0	259,549000E+3	12,000000E+0
204	831,000000E+0	18,830000E+0	29,541000E+0	259,710000E+3	12,000000E+0
205	824,000000E+0	16,140000E+0	29,541000E+0	259,869000E+3	12,000000E+0
206	819,000000E+0	16,140000E+0	29,312000E+0	260,030000E+3	12,000000E+0
207	816,000000E+0	16,140000E+0	29,312000E+0	260,190000E+3	12,000000E+0
208	816,000000E+0	16,140000E+0	29,312000E+0	260,344000E+3	12,000000E+0
209	819,000000E+0	16,140000E+0	29,083000E+0	260,502000E+3	12,000000E+0
210	825,000000E+0	18,830000E+0	28,854000E+0	260,660000E+3	12,000000E+0
211	830,000000E+0	18,830000E+0	29,083000E+0	260,820000E+3	12,000000E+0
212	834,000000E+0	18,830000E+0	28,854000E+0	260,979000E+3	12,000000E+0
213	840,000000E+0	18,830000E+0	29,083000E+0	261,141000E+3	12,000000E+0
214	839,000000E+0	18,830000E+0	29,312000E+0	261,305000E+3	12,000000E+0
215	842,000000E+0	18,830000E+0	29,083000E+0	261,465000E+3	12,000000E+0
216	839,000000E+0	18,830000E+0	29,312000E+0	261,628000E+3	12,000000E+0
217	837,000000E+0	18,830000E+0	29,312000E+0	261,789000E+3	12,000000E+0
218	832,000000E+0	18,830000E+0	29,541000E+0	261,948000E+3	12,000000E+0
219	827,000000E+0	16,140000E+0	29,312000E+0	262,109000E+3	12,000000E+0
220	827,000000E+0	16,140000E+0	29,083000E+0	262,265000E+3	12,000000E+0
221	825,000000E+0	16,140000E+0	29,312000E+0	262,427000E+3	12,000000E+0
222	828,000000E+0	18,830000E+0	29,083000E+0	262,582000E+3	12,000000E+0
223	833,000000E+0	18,830000E+0	28,854000E+0	262,742000E+3	12,000000E+0
224	839,000000E+0	18,830000E+0	29,083000E+0	262,902000E+3	12,000000E+0
225	840,000000E+0	18,830000E+0	29,083000E+0	263,063000E+3	12,000000E+0
226	843,000000E+0	18,830000E+0	29,083000E+0	263,225000E+3	12,000000E+0
227	840,000000E+0	18,830000E+0	29,312000E+0	263,387000E+3	12,000000E+0
228	836,000000E+0	18,830000E+0	29,312000E+0	263,550000E+3	12,000000E+0
229	834,000000E+0	18,830000E+0	29,312000E+0	263,711000E+3	12,000000E+0
230	830,000000E+0	18,830000E+0	29,312000E+0	263,871000E+3	12,000000E+0
231	823,000000E+0	16,140000E+0	29,541000E+0	264,031000E+3	12,000000E+0
232	819,000000E+0	16,140000E+0	29,312000E+0	264,189000E+3	12,000000E+0
233	816,000000E+0	16,140000E+0	29,312000E+0	264,346000E+3	12,000000E+0
234	817,000000E+0	16,140000E+0	29,083000E+0	264,503000E+3	12,000000E+0
235	820,000000E+0	16,140000E+0	29,083000E+0	264,660000E+3	12,000000E+0
236	826,000000E+0	18,830000E+0	28,854000E+0	264,819000E+3	12,000000E+0
237	834,000000E+0	18,830000E+0	28,854000E+0	264,978000E+3	12,000000E+0
238	837,000000E+0	18,830000E+0	29,083000E+0	265,140000E+3	12,000000E+0
239	840,000000E+0	18,830000E+0	29,083000E+0	265,302000E+3	12,000000E+0
240	841,000000E+0	18,830000E+0	29,083000E+0	265,463000E+3	12,000000E+0
241	842,000000E+0	18,830000E+0	29,083000E+0	265,624000E+3	12,000000E+0
242	838,000000E+0	16,140000E+0	29,312000E+0	265,787000E+3	12,000000E+0
243	833,000000E+0	16,140000E+0	29,541000E+0	265,948000E+3	12,000000E+0
244	830,000000E+0	16,140000E+0	29,312000E+0	266,109000E+3	12,000000E+0
245	826,000000E+0	16,140000E+0	29,312000E+0	266,269000E+3	12,000000E+0
246	827,000000E+0	18,830000E+0	29,083000E+0	266,426000E+3	12,000000E+0
247	827,000000E+0	18,830000E+0	29,312000E+0	266,585000E+3	12,000000E+0
248	828,000000E+0	18,830000E+0	29,083000E+0	266,744000E+3	12,000000E+0
249	833,000000E+0	18,830000E+0	28,854000E+0	266,903000E+3	12,000000E+0
250	839,000000E+0	18,830000E+0	28,854000E+0	267,063000E+3	12,000000E+0
251	844,000000E+0	18,830000E+0	29,083000E+0	267,223000E+3	12,000000E+0
252	842,000000E+0	18,830000E+0	29,312000E+0	267,386000E+3	12,000000E+0
253	839,000000E+0	18,830000E+0	29,312000E+0	267,549000E+3	12,000000E+0
254	837,000000E+0	18,830000E+0	29,312000E+0	267,710000E+3	12,000000E+0
255	831,000000E+0	18,830000E+0	29,541000E+0	267,870000E+3	12,000000E+0
256	827,000000E+0	18,830000E+0	29,312000E+0	268,029000E+3	12,000000E+0
257	823,000000E+0	16,140000E+0	29,312000E+0	268,189000E+3	12,000000E+0
258	817,000000E+0	16,140000E+0	29,541000E+0	268,349000E+3	12,000000E+0
259	816,000000E+0	16,140000E+0	29,312000E+0	268,506000E+3	12,000000E+0
260	819,000000E+0	16,140000E+0	29,083000E+0	268,662000E+3	12,000000E+0
261	822,000000E+0	18,830000E+0	28,854000E+0	268,818000E+3	12,000000E+0
262	828,000000E+0	18,830000E+0	28,854000E+0	268,980000E+3	12,000000E+0
263	834,000000E+0	18,830000E+0	28,854000E+0	269,139000E+3	12,000000E+0
264	839,000000E+0	18,830000E+0	29,083000E+0	269,302000E+3	12,000000E+0
265	840,000000E+0	18,830000E+0	29,083000E+0	269,464000E+3	12,000000E+0
266	840,000000E+0	18,830000E+0	29,083000E+0	269,625000E+3	12,000000E+0
267	840,000000E+0	18,830000E+0	29,312000E+0	269,787000E+3	12,000000E+0
268	836,000000E+0	16,140000E+0	29,541000E+0	269,949000E+3	12,000000E+0
269	832,000000E+0	16,140000E+0	29,312000E+0	270,110000E+3	12,000000E+0
270	828,000000E+0	16,140000E+0	29,312000E+0	270,269000E+3	12,000000E+0
271	827,000000E+0	18,830000E+0	29,312000E+0	270,428000E+3	12,000000E+0
272	826,000000E+0	18,830000E+0	29,312000E+0	270,586000E+3	12,000000E+0
273	827,000000E+0	18,830000E+0	29,083000E+0	270,744000E+3	12,000000E+0
274	831,000000E+0	18,830000E+0	29,083000E+0	270,902000E+3	12,000000E+0
275	835,000000E+0	18,830000E+0	29,083000E+0	271,064000E+3	12,000000E+0
276	839,000000E+0	18,830000E+0	29,083000E+0	271,222000E+3	12,000000E+0
277	845,000000E+0	18,830000E+0	28,854000E+0	271,384000E+3	12,000000E+0
278	840,000000E+0	18,830000E+0	29,312000E+0	271,548000E+3	12,000000E+0
279	837,000000E+0	18,830000E+0	29,312000E+0	271,709000E+3	12,000000E+0
280	835,000000E+0	18,830000E+0	29,312000E+0	271,871000E+3	12,000000E+0
281	828,000000E+0	18,830000E+0	29,541000E+0	272,032000E+3	12,000000E+0
282	823,000000E+0	16,140000E+0	29,541000E+0	272,190000E+3	12,000000E+0
283	819,000000E+0	16,140000E+0	29,541000E+0	272,349000E+3	12,000000E+0
284	818,000000E+0	16,140000E+0	29,312000E+0	272,507000E+3	12,000000E+0
285	817,000000E+0	16,140000E+0	29,083000E+0	272,665000E+3	12,000000E+0
286	818,000000E+0	16,140000E+0	29,083000E+0	272,820000E+3	12,000000E+0
287	825,000000E+0	18,830000E+0	28,854000E+0	272,979000E+3	12,000000E+0
288	829,000000E+0	18,830000E+0	29,083000E+0	273,140000E+3	12,000000E+0
289	837,000000E+0	18,830000E+0	28,854000E+0	273,298000E+3	12,000000E+0
290	841,000000E+0	18,830000E+0	29,083000E+0	273,461000E+3	12,000000E+0
291	841,000000E+0	18,830000E+0	29,312000E+0	273,623000E+3	12,000000E+0
292	839,000000E+0	18,830000E+0	29,312000E+0	273,784000E+3	12,000000E+0
293	837,000000E+0	18,830000E+0	29,312000E+0	273,947000E+3	12,000000E+0
294	835,000000E+0	18,830000E+0	29,312000E+0	274,108000E+3	12,000000E+0
295	830,000000E+0	16,140000E+0	29,541000E+0	274,267000E+3	12,000000E+0
296	826,000000E+0	16,140000E+0	29,312000E+0	274,428000E+3	12,000000E+0
297	827,000000E+0	16,140000E+0	29,083000E+0	274,585000E+3	12,000000E+0
298	827,000000E+0	18,830000E+0	29,312000E+0	274,744000E+3	12,000000E+0
299	828,000000E+0	18,830000E+0	29,083000E+0	274,902000E+3	12,000000E+0
300	833,000000E+0	18,830000E+0	28,854000E+0	275,061000E+3	12,000000E+0
301	838,000000E+0	18,830000E+0	29,083000E+0	275,221000E+3	12,000000E+0
302	840,000000E+0	18,830000E+0	29,083000E+0	275,383000E+3	12,000000E+0
303	843,000000E+0	18,830000E+0	29,083000E+0	275,544000E+3	12,000000E+0
304	843,000000E+0	18,830000E+0	29,312000E+0	275,706000E+3	12,000000E+0
305	837,000000E+0	16,140000E+0	29,541000E+0	275,869000E+3	12,000000E+0
306	833,000000E+0	16,140000E+0	29,312000E+0	276,029000E+3	12,000000E+0
307	828,000000E+0	16,140000E+0	29,541000E+0	276,189000E+3	12,000000E+0
308	821,000000E+0	16,140000E+0	29,541000E+0	276,350000E+3	12,000000E+0
309	818,000000E+0	16,140000E+0	29,312000E+0	276,508000E+3	12,000000E+0
310	817,000000E+0	16,140000E+0	29,312000E+0	276,665000E+3	12,000000E+0
311	819,000000E+0	16,140000E+0	29,083000E+0	276,821000E+3	12,000000E+0
312	820,000000E+0	16,140000E+0	29,083000E+0	276,979000E+3	12,000000E+0
313	826,000000E+0	18,830000E+0	29,083000E+0	277,140000E+3	12,000000E+0
314	834,000000E+0	18,830000E+0	28,854000E+0	277,298000E+3	12,000000E+0
315	838,000000E+0	18,830000E+0	29,083000E+0	277,459000E+3	12,000000E+0
316	842,000000E+0	18,830000E+0	29,083000E+0	277,620000E+3	12,000000E+0
317	840,000000E+0	18,830000E+0	29,312000E+0	277,782000E+3	12,000000E+0
318	838,000000E+0	18,830000E+0	29,312000E+0	277,945000E+3	12,000000E+0
319	836,000000E+0	16,140000E+0	29,312000E+0	278,107000E+3	12,000000E+0
320	833,000000E+0	16,140000E+0	29,312000E+0	278,267000E+3	12,000000E+0
321	831,000000E+0	16,140000E+0	29,312000E+0	278,427000E+3	12,000000E+0
322	825,000000E+0	16,140000E+0	29,312000E+0	278,585000E+3	12,000000E+0
323	826,000000E+0	16,140000E+0	29,083000E+0	278,744000E+3	12,000000E+0
324	828,000000E+0	18,830000E+0	29,083000E+0	278,902000E+3	12,000000E+0
325	830,000000E+0	18,830000E+0	29,083000E+0	279,063000E+3	12,000000E+0
326	835,000000E+0	18,830000E+0	28,854000E+0	279,223000E+3	12,000000E+0
327	840,000000E+0	18,830000E+0	29,083000E+0	279,382000E+3	12,000000E+0
328	842,000000E+0	18,830000E+0	29,083000E+0	279,542000E+3	12,000000E+0
329	841,000000E+0	18,830000E+0	29,312000E+0	279,706000E+3	12,000000E+0
330	841,000000E+0	18,830000E+0	29,312000E+0	279,866000E+3	12,000000E+0
331	838,000000E+0	18,830000E+0	29,312000E+0	280,028000E+3	12,000000E+0
332	831,000000E+0	16,140000E+0	29,541000E+0	280,189000E+3	12,000000E+0
333	825,000000E+0	16,140000E+0	29,541000E+0	280,349000E+3	12,000000E+0
334	819,000000E+0	16,140000E+0	29,541000E+0	280,508000E+3	12,000000E+0
335	815,000000E+0	16,140000E+0	29,312000E+0	280,666000E+3	12,000000E+0
336	816,000000E+0	16,140000E+0	29,083000E+0	280,823000E+3	12,000000E+0
337	821,000000E+0	16,140000E+0	28,854000E+0	280,979000E+3	12,000000E+0
338	824,000000E+0	18,830000E+0	29,083000E+0	281,140000E+3	12,000000E+0
339	828,000000E+0	18,830000E+0	28,854000E+0	281,300000E+3	12,000000E+0
340	836,000000E+0	18,830000E+0	28,854000E+0	281,459000E+3	12,000000E+0
341	840,000000E+0	18,830000E+0	29,083000E+0	281,619000E+3	12,000000E+0
342	841,000000E+0	18,830000E+0	29,312000E+0	281,784000E+3	12,000000E+0
343	841,000000E+0	18,830000E+0	29,083000E+0	281,943000E+3	12,000000E+0
344	839,000000E+0	18,830000E+0	29,312000E+0	282,106000E+3	12,000000E+0
345	835,000000E+0	18,830000E+0	29,312000E+0	282,267000E+3	12,000000E+0
346	831,000000E+0	16,140000E+0	29,312000E+0	282,427000E+3	12,000000E+0
347	828,000000E+0	16,140000E+0	29,312000E+0	282,589000E+3	12,000000E+0
348	824,000000E+0	16,140000E+0	29,312000E+0	282,745000E+3	12,000000E+0
349	826,000000E+0	16,140000E+0	29,083000E+0	282,905000E+3	12,000000E+0
350	829,000000E+0	16,140000E+0	29,083000E+0	283,061000E+3	12,000000E+0
351	834,000000E+0	18,830000E+0	28,854000E+0	283,222000E+3	12,000000E+0
352	836,000000E+0	18,830000E+0	29,083000E+0	283,381000E+3	12,000000E+0
353	840,000000E+0	18,830000E+0	29,083000E+0	283,543000E+3	12,000000E+0
354	843,000000E+0	18,830000E+0	29,083000E+0	283,706000E+3	12,000000E+0
355	840,000000E+0	18,830000E+0	29,312000E+0	283,866000E+3	12,000000E+0
356	838,000000E+0	16,140000E+0	29,312000E+0	284,029000E+3	12,000000E+0
357	836,000000E+0	16,140000E+0	29,312000E+0	284,189000E+3	12,000000E+0
358	828,000000E+0	16,140000E+0	29,541000E+0	284,351000E+3	12,000000E+0
359	822,000000E+0	16,140000E+0	29,541000E+0	284,510000E+3	12,000000E+0
360	818,000000E+0	16,140000E+0	29,312000E+0	284,668000E+3	12,000000E+0
361	816,000000E+0	16,140000E+0	29,312000E+0	284,826000E+3	12,000000E+0
362	816,000000E+0	16,140000E+0	29,083000E+0	284,983000E+3	12,000000E+0
363	822,000000E+0	18,830000E+0	29,083000E+0	285,140000E+3	12,000000E+0
364	828,000000E+0	18,830000E+0	28,854000E+0	285,299000E+3	12,000000E+0
365	830,000000E+0	18,830000E+0	29,083000E+0	285,458000E+3	12,000000E+0
366	836,000000E+0	18,830000E+0	28,854000E+0	285,618000E+3	12,000000E+0
367	840,000000E+0	18,830000E+0	29,083000E+0	285,781000E+3	12,000000E+0
368	840,000000E+0	18,830000E+0	29,312000E+0	285,944000E+3	12,000000E+0
369	841,000000E+0	18,830000E+0	29,083000E+0	286,105000E+3	12,000000E+0
370	838,000000E+0	18,830000E+0	29,312000E+0	286,268000E+3	12,000000E+0
371	834,000000E+0	18,830000E+0	29,312000E+0	286,429000E+3	12,000000E+0
372	828,000000E+0	16,140000E+0	29,541000E+0	286,589000E+3	12,000000E+0
373	826,000000E+0	16,140000E+0	29,312000E+0	286,750000E+3	12,000000E+0
374	826,000000E+0	16,140000E+0	29,083000E+0	286,907000E+3	12,000000E+0
375	826,000000E+0	16,140000E+0	29,312000E+0	287,066000E+3	12,000000E+0
376	830,000000E+0	18,830000E+0	28,854000E+0	287,222000E+3	12,000000E+0
377	835,000000E+0	18,830000E+0	28,854000E+0	287,382000E+3	12,000000E+0
378	841,000000E+0	18,830000E+0	28,854000E+0	287,542000E+3	12,000000E+0
379	841,000000E+0	18,830000E+0	29,083000E+0	287,704000E+3	12,000000E+0
380	841,000000E+0	18,830000E+0	29,083000E+0	287,867000E+3	12,000000E+0
381	840,000000E+0	16,140000E+0	29,312000E+0	288,028000E+3	12,000000E+0
382	836,000000E+0	16,140000E+0	29,312000E+0	288,190000E+3	12,000000E+0
383	833,000000E+0	16,140000E+0	29,312000E+0	288,350000E+3	12,000000E+0
384	827,000000E+0	16,140000E+0	29,541000E+0	288,509000E+3	12,000000E+0
385	821,000000E+0	16,140000E+0	29,541000E+0	288,670000E+3	12,000000E+0
386	817,000000E+0	16,140000E+0	29,312000E+0	288,828000E+3	12,000000E+0
387	816,000000E+0	16,140000E+0	29,312000E+0	288,986000E+3	12,000000E+0
388	818,000000E+0	16,140000E+0	29,083000E+0	289,141000E+3	12,000000E+0
389	822,000000E+0	16,140000E+0	28,854000E+0	289,298000E+3	12,000000E+0
390	829,000000E+0	18,830000E+0	28,854000E+0	289,459000E+3	12,000000E+0
391	833,000000E+0	18,830000E+0	29,083000E+0	289,619000E+3	12,000000E+0
392	838,000000E+0	18,830000E+0	29,083000E+0	289,781000E+3	12,000000E+0
393	841,000000E+0	18,830000E+0	29,083000E+0	289,943000E+3	12,000000E+0
394	841,000000E+0	18,830000E+0	29,083000E+0	290,104000E+3	12,000000E+0
395	839,000000E+0	16,140000E+0	29,312000E+0	290,266000E+3	12,000000E+0
396	836,000000E+0	16,140000E+0	29,312000E+0	290,428000E+3	12,000000E+0
397	832,000000E+0	16,140000E+0	29,312000E+0	290,589000E+3	12,000000E+0
398	828,000000E+0	16,140000E+0	29,312000E+0	290,749000E+3	12,000000E+0
399	826,000000E+0	16,140000E+0	29,312000E+0	290,907000E+3	12,000000E+0
400	827,000000E+0	16,140000E+0	29,083000E+0	291,065000E+3	12,000000E+0
401	827,000000E+0	18,830000E+0	29,312000E+0	291,224000E+3	12,000000E+0
402	830,000000E+0	18,830000E+0	29,083000E+0	291,382000E+3	12,000000E+0
403	836,000000E+0	18,830000E+0	28,854000E+0	291,541000E+3	12,000000E+0
404	841,000000E+0	18,830000E+0	28,854000E+0	291,701000E+3	12,000000E+0
405	844,000000E+0	18,830000E+0	29,083000E+0	291,864000E+3	12,000000E+0
406	840,000000E+0	18,830000E+0	29,312000E+0	292,027000E+3	12,000000E+0
407	838,000000E+0	18,830000E+0	29,312000E+0	292,188000E+3	12,000000E+0
408	834,000000E+0	16,140000E+0	29,312000E+0	292,351000E+3	12,000000E+0
409	829,000000E+0	16,140000E+0	29,541000E+0	292,512000E+3	12,000000E+0
410	825,000000E+0	16,140000E+0	29,541000E+0	292,669000E+3	12,000000E+0
411	820,000000E+0	16,140000E+0	29,541000E+0	292,830000E+3	12,000000E+0
412	815,000000E+0	16,140000E+0	29,312000E+0	292,987000E+3	12,000000E+0
413	816,000000E+0	18,830000E+0	29,083000E+0	293,145000E+3	12,000000E+0
414	820,000000E+0	18,830000E+0	28,854000E+0	293,300000E+3	12,000000E+0
415	823,000000E+0	18,830000E+0	29,083000E+0	293,459000E+3	12,000000E+0
416	830,000000E+0	18,830000E+0	28,854000E+0	293,620000E+3	12,000000E+0
417	838,000000E+0	18,830000E+0	28,854000E+0	293,778000E+3	12,000000E+0
418	840,000000E+0	18,830000E+0	29,083000E+0	293,941000E+3	12,000000E+0
419	840,000000E+0	18,830000E+0	29,083000E+0	294,104000E+3	12,000000E+0
420	839,000000E+0	18,830000E+0	29,312000E+0	294,265000E+3	12,000000E+0
421	839,000000E+0	18,830000E+0	29,312000E+0	294,427000E+3	12,000000E+0
422	834,000000E+0	16,140000E+0	29,541000E+0	294,588000E+3	12,000000E+0
423	830,000000E+0	16,140000E+0	29,312000E+0	294,749000E+3	12,000000E+0
424	828,000000E+0	16,140000E+0	29,083000E+0	294,909000E+3	12,000000E+0
425	826,000000E+0	16,140000E+0	29,312000E+0	295,065000E+3	12,000000E+0
426	826,000000E+0	16,140000E+0	29,312000E+0	295,226000E+3	12,000000E+0
427	828,000000E+0	16,140000E+0	29,083000E+0	295,383000E+3	12,000000E+0
428	832,000000E+0	18,830000E+0	29,083000E+0	295,544000E+3	12,000000E+0
429	838,000000E+0	18,830000E+0	28,854000E+0	295,702000E+3	12,000000E+0
430	841,000000E+0	18,830000E+0	28,854000E+0	295,864000E+3	12,000000E+0
431	845,000000E+0	18,830000E+0	29,083000E+0	296,026000E+3	12,000000E+0
432	839,000000E+0	18,830000E+0	29,541000E+0	296,188000E+3	12,000000E+0
433	837,000000E+0	18,830000E+0	29,312000E+0	296,350000E+3	12,000000E+0
434	833,000000E+0	18,830000E+0	29,312000E+0	296,510000E+3	12,000000E+0
435	826,000000E+0	16,140000E+0	29,541000E+0	296,672000E+3	12,000000E+0
436	822,000000E+0	16,140000E+0	29,312000E+0	296,830000E+3	12,000000E+0
437	818,000000E+0	16,140000E+0	29,312000E+0	296,988000E+3	12,000000E+0
438	817,000000E+0	16,140000E+0	29,312000E+0	297,147000E+3	12,000000E+0
439	816,000000E+0	16,140000E+0	29,083000E+0	297,302000E+3	12,000000E+0
440	819,000000E+0	18,830000E+0	29,083000E+0	297,460000E+3	12,000000E+0
441	827,000000E+0	18,830000E+0	28,854000E+0	297,620000E+3	12,000000E+0
442	833,000000E+0	18,830000E+0	28,854000E+0	297,780000E+3	12,000000E+0
443	840,000000E+0	18,830000E+0	28,854000E+0	297,940000E+3	12,000000E+0
444	841,000000E+0	18,830000E+0	29,083000E+0	298,101000E+3	12,000000E+0
445	840,000000E+0	16,140000E+0	29,312000E+0	298,264000E+3	12,000000E+0
446	838,000000E+0	18,830000E+0	29,312000E+0	298,427000E+3	12,000000E+0
447	836,000000E+0	18,830000E+0	29,312000E+0	298,589000E+3	12,000000E+0
448	833,000000E+0	16,140000E+0	29,312000E+0	298,749000E+3	12,000000E+0
449	829,000000E+0	16,140000E+0	29,312000E+0	298,909000E+3	12,000000E+0
450	827,000000E+0	16,140000E+0	29,312000E+0	299,067000E+3	12,000000E+0
451	826,000000E+0	16,140000E+0	29,312000E+0	299,227000E+3	12,000000E+0
452	827,000000E+0	16,140000E+0	29,083000E+0	299,385000E+3	12,000000E+0
453	831,000000E+0	18,830000E+0	28,854000E+0	299,543000E+3	12,000000E+0
454	834,000000E+0	18,830000E+0	29,083000E+0	299,704000E+3	12,000000E+0
455	838,000000E+0	18,830000E+0	29,083000E+0	299,864000E+3	12,000000E+0
456	842,000000E+0	18,830000E+0	29,083000E+0	300,025000E+3	12,000000E+0
457	842,000000E+0	18,830000E+0	29,312000E+0	300,187000E+3	12,000000E+0
458	840,000000E+0	18,830000E+0	29,312000E+0	300,348000E+3	12,000000E+0
459	835,000000E+0	18,830000E+0	29,541000E+0	300,510000E+3	12,000000E+0
460	831,000000E+0	16,140000E+0	29,312000E+0	300,670000E+3	12,000000E+0
461	825,000000E+0	16,140000E+0	29,541000E+0	300,830000E+3	12,000000E+0
462	818,000000E+0	16,140000E+0	29,541000E+0	300,990000E+3	12,000000E+0
463	817,000000E+0	16,140000E+0	29,312000E+0	301,146000E+3	12,000000E+0
464	819,000000E+0	18,830000E+0	29,083000E+0	301,304000E+3	12,000000E+0
465	819,000000E+0	18,830000E+0	29,083000E+0	301,460000E+3	12,000000E+0
466	822,000000E+0	16,140000E+0	29,083000E+0	301,620000E+3	12,000000E+0
467	830,000000E+0	18,830000E+0	28,625000E+0	301,779000E+3	12,000000E+0
468	836,000000E+0	18,830000E+0	28,854000E+0	301,937000E+3	12,000000E+0
469	839,000000E+0	18,830000E+0	29,083000E+0	302,101000E+3	12,000000E+0
470	840,000000E+0	18,830000E+0	29,312000E+0	302,264000E+3	12,000000E+0
471	840,000000E+0	16,140000E+0	29,312000E+0	302,427000E+3	12,000000E+0
472	838,000000E+0	16,140000E+0	29,312000E+0	302,590000E+3	12,000000E+0
473	835,000000E+0	16,140000E+0	29,312000E+0	302,750000E+3	12,000000E+0
474	832,000000E+0	16,140000E+0	29,312000E+0	302,909000E+3	12,000000E+0
475	827,000000E+0	16,140000E+0	29,541000E+0	303,071000E+3	12,000000E+0
476	825,000000E+0	16,140000E+0	29,312000E+0	303,225000E+3	12,000000E+0
477	827,000000E+0	16,140000E+0	29,083000E+0	303,384000E+3	12,000000E+0
478	829,000000E+0	16,140000E+0	29,083000E+0	303,542000E+3	12,000000E+0
479	832,000000E+0	16,140000E+0	29,083000E+0	303,704000E+3	12,000000E+0
480	836,000000E+0	16,140000E+0	29,083000E+0	303,863000E+3	12,000000E+0
481	840,000000E+0	18,830000E+0	29,083000E+0	304,025000E+3	12,000000E+0
482	840,000000E+0	18,830000E+0	29,083000E+0	304,187000E+3	12,000000E+0
483	840,000000E+0	18,830000E+0	29,312000E+0	304,347000E+3	12,000000E+0
484	840,000000E+0	18,830000E+0	29,312000E+0	304,510000E+3	12,000000E+0
485	834,000000E+0	18,830000E+0	29,541000E+0	304,672000E+3	12,000000E+0
486	827,000000E+0	16,140000E+0	29,541000E+0	304,833000E+3	12,000000E+0
487	822,000000E+0	16,140000E+0	29,541000E+0	304,991000E+3	12,000000E+0
488	817,000000E+0	16,140000E+0	29,312000E+0	305,150000E+3	12,000000E+0
489	816,000000E+0	16,140000E+0	29,312000E+0	305,305000E+3	12,000000E+0
490	818,000000E+0	16,140000E+0	29,083000E+0	305,465000E+3	12,000000E+0
491	822,000000E+0	16,140000E+0	29,083000E+0	305,622000E+3	12,000000E+0
492	825,000000E+0	16,140000E+0	28,854000E+0	305,782000E+3	12,000000E+0
493	831,000000E+0	18,830000E+0	28,854000E+0	305,939000E+3	12,000000E+0
494	837,000000E+0	18,830000E+0	28,854000E+0	306,099000E+3	12,000000E+0
495	840,000000E+0	18,830000E+0	29,083000E+0	306,261000E+3	12,000000E+0
496	841,000000E+0	18,830000E+0	29,083000E+0	306,423000E+3	12,000000E+0
497	840,000000E+0	18,830000E+0	29,312000E+0	306,584000E+3	12,000000E+0
498	838,000000E+0	16,140000E+0	29,312000E+0	306,747000E+3	12,000000E+0
499	833,000000E+0	18,830000E+0	29,312000E+0	306,910000E+3	12,000000E+0
500	829,000000E+0	16,140000E+0	29,541000E+0	307,069000E+3	12,000000E+0
501	827,000000E+0	16,140000E+0	29,312000E+0	307,228000E+3	12,000000E+0
502	825,000000E+0	16,140000E+0	29,312000E+0	307,386000E+3	12,000000E+0
503	827,000000E+0	16,140000E+0	29,083000E+0	307,547000E+3	12,000000E+0
504	831,000000E+0	18,830000E+0	28,854000E+0	307,704000E+3	12,000000E+0
505	835,000000E+0	18,830000E+0	29,083000E+0	307,865000E+3	12,000000E+0
506	838,000000E+0	18,830000E+0	29,083000E+0	308,023000E+3	12,000000E+0
507	842,000000E+0	18,830000E+0	29,083000E+0	308,185000E+3	12,000000E+0
508	842,000000E+0	18,830000E+0	29,312000E+0	308,347000E+3	12,000000E+0
509	838,000000E+0	16,140000E+0	29,312000E+0	308,509000E+3	12,000000E+0
510	838,000000E+0	16,140000E+0	29,312000E+0	308,671000E+3	12,000000E+0
511	833,000000E+0	16,140000E+0	29,541000E+0	308,831000E+3	12,000000E+0
512	825,000000E+0	16,140000E+0	29,541000E+0	308,991000E+3	12,000000E+0
513	821,000000E+0	16,140000E+0	29,312000E+0	309,151000E+3	12,000000E+0
514	817,000000E+0	16,140000E+0	29,312000E+0	309,308000E+3	12,000000E+0
515	816,000000E+0	16,140000E+0	29,312000E+0	309,466000E+3	12,000000E+0
516	818,000000E+0	16,140000E+0	29,083000E+0	309,621000E+3	12,000000E+0
517	824,000000E+0	18,830000E+0	28,854000E+0	309,779000E+3	12,000000E+0
518	828,000000E+0	18,830000E+0	29,083000E+0	309,939000E+3	12,000000E+0
519	833,000000E+0	18,830000E+0	29,083000E+0	310,120000E+3	12,000000E+0
520	839,000000E+0	18,830000E+0	29,083000E+0	310,300000E+3	12,000000E+0
521	840,000000E+0	18,830000E+0	29,312000E+0	310,464000E+3	12,000000E+0
522	840,000000E+0	18,830000E+0	29,312000E+0	310,626000E+3	12,000000E+0
523	839,000000E+0	18,830000E+0	29,312000E+0	310,787000E+3	12,000000E+0
524	835,000000E+0	16,140000E+0	29,312000E+0	310,949000E+3	12,000000E+0
525	832,000000E+0	18,830000E+0	29,312000E+0	311,108000E+3	12,000000E+0
526	827,000000E+0	18,830000E+0	29,312000E+0	311,269000E+3	12,000000E+0
527	825,000000E+0	16,140000E+0	29,312000E+0	311,426000E+3	12,000000E+0
528	826,000000E+0	16,140000E+0	29,083000E+0	311,586000E+3	12,000000E+0
529	827,000000E+0	16,140000E+0	29,083000E+0	311,743000E+3	12,000000E+0
530	836,000000E+0	18,830000E+0	28,854000E+0	311,902000E+3	12,000000E+0
531	838,000000E+0	18,830000E+0	29,083000E+0	312,062000E+3	12,000000E+0
532	840,000000E+0	18,830000E+0	29,083000E+0	312,224000E+3	12,000000E+0
533	842,000000E+0	18,830000E+0	29,083000E+0	312,386000E+3	12,000000E+0
534	840,000000E+0	16,140000E+0	29,312000E+0	312,549000E+3	12,000000E+0
535	836,000000E+0	16,140000E+0	29,312000E+0	312,711000E+3	12,000000E+0
536	834,000000E+0	16,140000E+0	29,312000E+0	312,871000E+3	12,000000E+0
537	830,000000E+0	16,140000E+0	29,312000E+0	313,033000E+3	12,000000E+0
538	822,000000E+0	16,140000E+0	29,541000E+0	313,191000E+3	12,000000E+0
539	818,000000E+0	16,140000E+0	29,541000E+0	313,351000E+3	12,000000E+0
540	816,000000E+0	16,140000E+0	29,083000E+0	313,507000E+3	12,000000E+0
541	817,000000E+0	16,140000E+0	29,083000E+0	313,665000E+3	12,000000E+0
542	820,000000E+0	16,140000E+0	29,083000E+0	313,821000E+3	12,000000E+0
543	827,000000E+0	18,830000E+0	28,854000E+0	313,979000E+3	12,000000E+0
544	834,000000E+0	18,830000E+0	28,854000E+0	314,139000E+3	12,000000E+0
545	837,000000E+0	18,830000E+0	29,083000E+0	314,299000E+3	12,000000E+0
546	839,000000E+0	18,830000E+0	29,312000E+0	314,462000E+3	12,000000E+0
547	841,000000E+0	18,830000E+0	29,083000E+0	314,625000E+3	12,000000E+0
548	840,000000E+0	18,830000E+0	29,312000E+0	314,787000E+3	12,000000E+0
549	839,000000E+0	18,830000E+0	29,312000E+0	314,949000E+3	12,000000E+0
550	834,000000E+0	16,140000E+0	29,312000E+0	315,110000E+3	12,000000E+0
551	830,000000E+0	16,140000E+0	29,312000E+0	315,269000E+3	12,000000E+0
552	826,000000E+0	16,140000E+0	29,312000E+0	315,428000E+3	12,000000E+0
553	825,000000E+0	18,830000E+0	29,312000E+0	315,587000E+3	12,000000E+0
554	828,000000E+0	18,830000E+0	29,083000E+0	315,745000E+3	12,000000E+0
555	828,000000E+0	18,830000E+0	29,083000E+0	315,904000E+3	12,000000E+0
556	834,000000E+0	18,830000E+0	29,083000E+0	316,063000E+3	12,000000E+0
557	839,000000E+0	18,830000E+0	28,854000E+0	316,224000E+3	12,000000E+0
558	843,000000E+0	18,830000E+0	29,083000E+0	316,384000E+3	12,000000E+0
559	840,000000E+0	18,830000E+0	29,312000E+0	316,547000E+3	12,000000E+0
560	839,000000E+0	18,830000E+0	29,312000E+0	316,709000E+3	12,000000E+0
561	837,000000E+0	18,830000E+0	29,312000E+0	316,870000E+3	12,000000E+0
562	831,000000E+0	16,140000E+0	29,541000E+0	317,031000E+3	12,000000E+0
563	826,000000E+0	16,140000E+0	29,312000E+0	317,190000E+3	12,000000E+0
564	823,000000E+0	16,140000E+0	29,312000E+0	317,349000E+3	12,000000E+0
565	817,000000E+0	16,140000E+0	29,541000E+0	317,508000E+3	12,000000E+0
566	816,000000E+0	16,140000E+0	29,312000E+0	317,665000E+3	12,000000E+0
567	817,000000E+0	16,140000E+0	29,083000E+0	317,822000E+3	12,000000E+0
568	823,000000E+0	16,140000E+0	28,854000E+0	317,980000E+3	12,000000E+0
569	830,000000E+0	18,830000E+0	28,854000E+0	318,138000E+3	12,000000E+0
570	834,000000E+0	18,830000E+0	29,083000E+0	318,299000E+3	12,000000E+0
571	840,000000E+0	18,830000E+0	29,083000E+0	318,467000E+3	12,000000E+0
572	839,000000E+0	18,830000E+0	29,312000E+0	318,664000E+3	12,000000E+0
573	840,000000E+0	16,140000E+0	29,083000E+0	318,865000E+3	12,000000E+0
574	840,000000E+0	16,140000E+0	29,312000E+0	319,028000E+3	12,000000E+0
575	834,000000E+0	16,140000E+0	29,312000E+0	319,229000E+3	12,000000E+0
576	829,000000E+0	16,140000E+0	29,541000E+0	319,390000E+3	12,000000E+0
577	828,000000E+0	16,140000E+0	29,312000E+0	319,546000E+3	12,000000E+0
578	826,000000E+0	16,140000E+0	29,312000E+0	319,708000E+3	12,000000E+0
579	826,000000E+0	18,830000E+0	29,083000E+0	319,865000E+3	12,000000E+0
580	831,000000E+0	18,830000E+0	28,854000E+0	320,023000E+3	12,000000E+0
581	833,000000E+0	18,830000E+0	29,083000E+0	320,183000E+3	12,000000E+0
582	838,000000E+0	18,830000E+0	28,854000E+0	320,342000E+3	12,000000E+0
583	843,000000E+0	18,830000E+0	29,083000E+0	320,503000E+3	12,000000E+0
584	842,000000E+0	16,140000E+0	29,312000E+0	320,666000E+3	12,000000E+0
585	837,000000E+0	16,140000E+0	29,312000E+0	320,828000E+3	12,000000E+0
586	836,000000E+0	18,830000E+0	29,312000E+0	320,990000E+3	12,000000E+0
587	831,000000E+0	16,140000E+0	29,312000E+0	321,150000E+3	12,000000E+0
588	823,000000E+0	16,140000E+0	29,541000E+0	321,310000E+3	12,000000E+0
589	821,000000E+0	16,140000E+0	29,312000E+0	321,469000E+3	12,000000E+0
590	818,000000E+0	16,140000E+0	29,312000E+0	321,626000E+3	12,000000E+0
591	817,000000E+0	16,140000E+0	29,083000E+0	321,783000E+3	12,000000E+0
592	817,000000E+0	16,140000E+0	29,083000E+0	321,947000E+3	12,000000E+0
593	823,000000E+0	16,140000E+0	28,854000E+0	322,099000E+3	12,000000E+0
594	830,000000E+0	16,140000E+0	28,854000E+0	322,257000E+3	12,000000E+0
595	836,000000E+0	18,830000E+0	28,854000E+0	322,419000E+3	12,000000E+0
596	841,000000E+0	18,830000E+0	28,854000E+0	322,581000E+3	12,000000E+0
597	840,000000E+0	18,830000E+0	29,312000E+0	322,745000E+3	12,000000E+0
598	839,000000E+0	16,140000E+0	29,312000E+0	322,906000E+3	12,000000E+0
599	839,000000E+0	16,140000E+0	29,083000E+0	323,067000E+3	12,000000E+0
600	835,000000E+0	16,140000E+0	29,312000E+0	323,228000E+3	12,000000E+0
601	832,000000E+0	16,140000E+0	29,312000E+0	323,388000E+3	12,000000E+0
602	827,000000E+0	16,140000E+0	29,312000E+0	323,549000E+3	12,000000E+0
603	827,000000E+0	16,140000E+0	29,312000E+0	323,705000E+3	12,000000E+0
604	827,000000E+0	16,140000E+0	29,312000E+0	323,865000E+3	12,000000E+0
605	828,000000E+0	16,140000E+0	29,083000E+0	324,023000E+3	12,000000E+0
606	834,000000E+0	18,830000E+0	28,854000E+0	324,182000E+3	12,000000E+0
607	836,000000E+0	18,830000E+0	29,083000E+0	324,343000E+3	12,000000E+0
608	840,000000E+0	18,830000E+0	29,083000E+0	324,503000E+3	12,000000E+0
609	843,000000E+0	18,830000E+0	29,083000E+0	324,666000E+3	12,000000E+0
610	842,000000E+0	18,830000E+0	29,312000E+0	324,828000E+3	12,000000E+0
611	839,000000E+0	16,140000E+0	29,312000E+0	324,990000E+3	12,000000E+0
612	833,000000E+0	16,140000E+0	29,541000E+0	325,151000E+3	12,000000E+0
613	829,000000E+0	16,140000E+0	29,312000E+0	325,313000E+3	12,000000E+0
614	822,000000E+0	16,140000E+0	29,541000E+0	325,471000E+3	12,000000E+0
615	818,000000E+0	16,140000E+0	29,312000E+0	325,629000E+3	12,000000E+0
616	818,000000E+0	16,140000E+0	29,312000E+0	325,787000E+3	12,000000E+0
617	819,000000E+0	16,140000E+0	29,312000E+0	325,944000E+3	12,000000E+0
618	820,000000E+0	16,140000E+0	29,083000E+0	326,101000E+3	12,000000E+0
619	824,000000E+0	18,830000E+0	28,854000E+0	326,261000E+3	12,000000E+0
620	833,000000E+0	18,830000E+0	28,625000E+0	326,418000E+3	12,000000E+0
621	836,000000E+0	18,830000E+0	29,083000E+0	326,579000E+3	12,000000E+0
622	841,000000E+0	18,830000E+0	29,083000E+0	326,742000E+3	12,000000E+0
623	841,000000E+0	18,830000E+0	29,312000E+0	326,903000E+3	12,000000E+0
624	840,000000E+0	18,830000E+0	29,312000E+0	327,066000E+3	12,000000E+0
625	838,000000E+0	18,830000E+0	29,312000E+0	327,228000E+3	12,000000E+0
626	834,000000E+0	16,140000E+0	29,312000E+0	327,389000E+3	12,000000E+0
627	829,000000E+0	16,140000E+0	29,541000E+0	327,549000E+3	12,000000E+0
628	825,000000E+0	16,140000E+0	29,541000E+0	327,710000E+3	12,000000E+0
629	826,000000E+0	16,140000E+0	29,312000E+0	327,867000E+3	12,000000E+0
630	827,000000E+0	16,140000E+0	29,083000E+0	328,025000E+3	12,000000E+0
631	830,000000E+0	16,140000E+0	29,083000E+0	328,183000E+3	12,000000E+0
632	834,000000E+0	16,140000E+0	29,083000E+0	328,342000E+3	12,000000E+0
633	838,000000E+0	16,140000E+0	29,083000E+0	328,503000E+3	12,000000E+0
634	842,000000E+0	16,140000E+0	29,083000E+0	328,664000E+3	12,000000E+0
635	842,000000E+0	16,140000E+0	29,083000E+0	328,826000E+3	12,000000E+0
636	839,000000E+0	16,140000E+0	29,312000E+0	328,988000E+3	12,000000E+0
637	839,000000E+0	16,140000E+0	29,312000E+0	329,150000E+3	12,000000E+0
638	831,000000E+0	16,140000E+0	29,541000E+0	329,311000E+3	12,000000E+0
639	825,000000E+0	16,140000E+0	29,541000E+0	329,470000E+3	12,000000E+0
640	820,000000E+0	16,140000E+0	29,541000E+0	329,630000E+3	12,000000E+0
641	816,000000E+0	16,140000E+0	29,312000E+0	329,788000E+3	12,000000E+0
642	817,000000E+0	16,140000E+0	29,083000E+0	329,946000E+3	12,000000E+0
643	820,000000E+0	16,140000E+0	29,083000E+0	330,101000E+3	12,000000E+0
644	825,000000E+0	16,140000E+0	28,854000E+0	330,258000E+3	12,000000E+0
645	827,000000E+0	16,140000E+0	29,083000E+0	330,419000E+3	12,000000E+0
646	833,000000E+0	18,830000E+0	28,854000E+0	330,579000E+3	12,000000E+0
647	840,000000E+0	18,830000E+0	28,854000E+0	330,741000E+3	12,000000E+0
648	841,000000E+0	18,830000E+0	29,083000E+0	330,902000E+3	12,000000E+0
649	842,000000E+0	18,830000E+0	29,083000E+0	331,064000E+3	12,000000E+0
650	840,000000E+0	18,830000E+0	29,312000E+0	331,226000E+3	12,000000E+0
651	836,000000E+0	16,140000E+0	29,312000E+0	331,388000E+3	12,000000E+0
652	831,000000E+0	16,140000E+0	29,312000E+0	331,548000E+3	12,000000E+0
653	828,000000E+0	16,140000E+0	29,312000E+0	331,708000E+3	12,000000E+0
654	827,000000E+0	16,140000E+0	29,312000E+0	331,866000E+3	12,000000E+0
655	824,000000E+0	16,140000E+0	29,312000E+0	332,024000E+3	12,000000E+0
656	828,000000E+0	16,140000E+0	29,083000E+0	332,182000E+3	12,000000E+0
657	833,000000E+0	16,140000E+0	28,854000E+0	332,341000E+3	12,000000E+0
658	835,000000E+0	16,140000E+0	29,083000E+0	332,502000E+3	12,000000E+0
659	840,000000E+0	16,140000E+0	28,854000E+0	332,661000E+3	12,000000E+0
660	843,000000E+0	16,140000E+0	29,083000E+0	332,824000E+3	12,000000E+0
661	839,000000E+0	16,140000E+0	29,312000E+0	332,986000E+3	12,000000E+0
662	839,000000E+0	16,140000E+0	29,312000E+0	333,147000E+3	12,000000E+0
663	836,000000E+0	16,140000E+0	29,312000E+0	333,309000E+3	12,000000E+0
664	831,000000E+0	16,140000E+0	29,541000E+0	333,469000E+3	12,000000E+0
665	823,000000E+0	16,140000E+0	29,541000E+0	333,630000E+3	12,000000E+0
666	819,000000E+0	16,140000E+0	29,312000E+0	333,789000E+3	12,000000E+0
667	816,000000E+0	16,140000E+0	29,312000E+0	333,946000E+3	12,000000E+0
668	817,000000E+0	16,140000E+0	29,083000E+0	334,105000E+3	12,000000E+0
669	819,000000E+0	16,140000E+0	29,083000E+0	334,260000E+3	12,000000E+0
670	825,000000E+0	16,140000E+0	29,083000E+0	334,418000E+3	12,000000E+0
671	830,000000E+0	16,140000E+0	29,083000E+0	334,580000E+3	12,000000E+0
672	835,000000E+0	16,140000E+0	29,083000E+0	334,738000E+3	12,000000E+0
673	841,000000E+0	18,830000E+0	28,854000E+0	334,901000E+3	12,000000E+0
674	841,000000E+0	16,140000E+0	29,312000E+0	335,064000E+3	12,000000E+0
675	841,000000E+0	18,830000E+0	29,312000E+0	335,224000E+3	12,000000E+0
676	838,000000E+0	16,140000E+0	29,312000E+0	335,388000E+3	12,000000E+0
677	834,000000E+0	16,140000E+0	29,541000E+0	335,549000E+3	12,000000E+0
678	830,000000E+0	16,140000E+0	29,312000E+0	335,709000E+3	12,000000E+0
679	828,000000E+0	18,830000E+0	29,312000E+0	335,869000E+3	12,000000E+0
680	826,000000E+0	16,140000E+0	29,312000E+0	336,026000E+3	12,000000E+0
681	826,000000E+0	16,140000E+0	29,312000E+0	336,186000E+3	12,000000E+0
682	828,000000E+0	16,140000E+0	29,083000E+0	336,344000E+3	12,000000E+0
683	835,000000E+0	18,830000E+0	28,854000E+0	336,503000E+3	12,000000E+0
684	838,000000E+0	18,830000E+0	29,083000E+0	336,663000E+3	12,000000E+0
685	842,000000E+0	18,830000E+0	29,083000E+0	336,825000E+3	12,000000E+0
686	842,000000E+0	18,830000E+0	29,083000E+0	336,986000E+3	12,000000E+0
687	839,000000E+0	16,140000E+0	29,312000E+0	337,149000E+3	12,000000E+0
688	835,000000E+0	16,140000E+0	29,312000E+0	337,311000E+3	12,000000E+0
689	833,000000E+0	16,140000E+0	29,312000E+0	337,470000E+3	12,000000E+0
690	828,000000E+0	16,140000E+0	29,312000E+0	337,630000E+3	12,000000E+0
691	820,000000E+0	16,140000E+0	29,541000E+0	337,790000E+3	12,000000E+0
692	816,000000E+0	16,140000E+0	29,312000E+0	337,949000E+3	12,000000E+0
693	816,000000E+0	18,830000E+0	29,083000E+0	338,105000E+3	12,000000E+0
694	818,000000E+0	16,140000E+0	29,083000E+0	338,262000E+3	12,000000E+0
695	820,000000E+0	16,140000E+0	29,083000E+0	338,419000E+3	12,000000E+0
696	827,000000E+0	18,830000E+0	28,854000E+0	338,579000E+3	12,000000E+0
697	834,000000E+0	18,830000E+0	28,854000E+0	338,740000E+3	12,000000E+0
698	838,000000E+0	18,830000E+0	28,854000E+0	338,901000E+3	12,000000E+0
699	840,000000E+0	18,830000E+0	29,083000E+0	339,062000E+3	12,000000E+0
700	840,000000E+0	18,830000E+0	29,083000E+0	339,224000E+3	12,000000E+0
701	839,000000E+0	18,830000E+0	29,312000E+0	339,387000E+3	12,000000E+0
702	837,000000E+0	16,140000E+0	29,312000E+0	339,548000E+3	12,000000E+0
703	833,000000E+0	16,140000E+0	29,541000E+0	339,709000E+3	12,000000E+0
704	830,000000E+0	16,140000E+0	29,312000E+0	339,869000E+3	12,000000E+0
705	826,000000E+0	16,140000E+0	29,312000E+0	340,026000E+3	12,000000E+0
706	826,000000E+0	16,140000E+0	29,312000E+0	340,186000E+3	12,000000E+0
707	827,000000E+0	16,140000E+0	29,083000E+0	340,344000E+3	12,000000E+0
708	829,000000E+0	16,140000E+0	29,083000E+0	340,503000E+3	12,000000E+0
709	835,000000E+0	18,830000E+0	28,854000E+0	340,662000E+3	12,000000E+0
710	840,000000E+0	18,830000E+0	28,854000E+0	340,822000E+3	12,000000E+0
711	844,000000E+0	18,830000E+0	29,083000E+0	340,984000E+3	12,000000E+0
712	841,000000E+0	18,830000E+0	29,312000E+0	341,147000E+3	12,000000E+0
713	838,000000E+0	18,830000E+0	29,312000E+0	341,308000E+3	12,000000E+0
714	835,000000E+0	18,830000E+0	29,312000E+0	341,470000E+3	12,000000E+0
715	830,000000E+0	16,140000E+0	29,541000E+0	341,630000E+3	12,000000E+0
716	825,000000E+0	16,140000E+0	29,541000E+0	341,790000E+3	12,000000E+0
717	822,000000E+0	16,140000E+0	29,312000E+0	341,949000E+3	12,000000E+0
718	817,000000E+0	16,140000E+0	29,541000E+0	342,107000E+3	12,000000E+0
719	817,000000E+0	16,140000E+0	29,083000E+0	342,264000E+3	12,000000E+0
720	818,000000E+0	18,830000E+0	29,083000E+0	342,421000E+3	12,000000E+0
721	824,000000E+0	18,830000E+0	28,854000E+0	342,580000E+3	12,000000E+0
722	831,000000E+0	18,830000E+0	28,854000E+0	342,738000E+3	12,000000E+0
723	836,000000E+0	18,830000E+0	28,854000E+0	342,898000E+3	12,000000E+0
724	840,000000E+0	18,830000E+0	29,083000E+0	343,061000E+3	12,000000E+0
725	838,000000E+0	18,830000E+0	29,312000E+0	343,223000E+3	12,000000E+0
726	841,000000E+0	18,830000E+0	29,083000E+0	343,383000E+3	12,000000E+0
727	840,000000E+0	18,830000E+0	29,083000E+0	343,547000E+3	12,000000E+0
728	836,000000E+0	16,140000E+0	29,541000E+0	343,707000E+3	12,000000E+0
729	832,000000E+0	16,140000E+0	29,312000E+0	343,868000E+3	12,000000E+0
730	827,000000E+0	16,140000E+0	29,312000E+0	344,028000E+3	12,000000E+0
731	827,000000E+0	16,140000E+0	29,312000E+0	344,185000E+3	12,000000E+0
732	825,000000E+0	16,140000E+0	29,312000E+0	344,346000E+3	12,000000E+0
733	828,000000E+0	16,140000E+0	29,083000E+0	344,503000E+3	12,000000E+0
734	832,000000E+0	16,140000E+0	28,854000E+0	344,660000E+3	12,000000E+0
735	836,000000E+0	18,830000E+0	29,083000E+0	344,821000E+3	12,000000E+0
736	841,000000E+0	18,830000E+0	29,083000E+0	344,981000E+3	12,000000E+0
737	844,000000E+0	18,830000E+0	29,083000E+0	345,144000E+3	12,000000E+0
738	841,000000E+0	16,140000E+0	29,312000E+0	345,306000E+3	12,000000E+0
739	838,000000E+0	16,140000E+0	29,312000E+0	345,468000E+3	12,000000E+0
740	834,000000E+0	16,140000E+0	29,312000E+0	345,630000E+3	12,000000E+0
741	827,000000E+0	16,140000E+0	29,541000E+0	345,790000E+3	12,000000E+0
742	822,000000E+0	16,140000E+0	29,541000E+0	345,950000E+3	12,000000E+0
743	821,000000E+0	16,140000E+0	29,312000E+0	346,107000E+3	12,000000E+0
744	818,000000E+0	16,140000E+0	29,312000E+0	346,265000E+3	12,000000E+0
745	817,000000E+0	16,140000E+0	29,312000E+0	346,423000E+3	12,000000E+0
746	819,000000E+0	16,140000E+0	29,083000E+0	346,580000E+3	12,000000E+0
747	827,000000E+0	18,830000E+0	28,854000E+0	346,739000E+3	12,000000E+0
748	832,000000E+0	18,830000E+0	28,854000E+0	346,898000E+3	12,000000E+0
749	838,000000E+0	18,830000E+0	29,083000E+0	347,058000E+3	12,000000E+0
750	842,000000E+0	18,830000E+0	29,083000E+0	347,220000E+3	12,000000E+0
751	839,000000E+0	16,140000E+0	29,312000E+0	347,383000E+3	12,000000E+0
752	840,000000E+0	16,140000E+0	29,083000E+0	347,544000E+3	12,000000E+0
753	839,000000E+0	16,140000E+0	29,312000E+0	347,706000E+3	12,000000E+0
754	835,000000E+0	16,140000E+0	29,312000E+0	347,868000E+3	12,000000E+0
755	829,000000E+0	16,140000E+0	29,312000E+0	348,028000E+3	12,000000E+0
756	826,000000E+0	16,140000E+0	29,312000E+0	348,187000E+3	12,000000E+0
757	827,000000E+0	16,140000E+0	29,083000E+0	348,345000E+3	12,000000E+0
758	827,000000E+0	16,140000E+0	29,083000E+0	348,503000E+3	12,000000E+0
759	829,000000E+0	18,830000E+0	29,083000E+0	348,661000E+3	12,000000E+0
760	834,000000E+0	18,830000E+0	28,854000E+0	348,821000E+3	12,000000E+0
761	837,000000E+0	18,830000E+0	29,083000E+0	348,981000E+3	12,000000E+0
762	841,000000E+0	18,830000E+0	28,854000E+0	349,146000E+3	12,000000E+0
763	843,000000E+0	18,830000E+0	29,083000E+0	349,307000E+3	12,000000E+0
764	841,000000E+0	16,140000E+0	29,312000E+0	349,467000E+3	12,000000E+0
765	837,000000E+0	16,140000E+0	29,312000E+0	349,630000E+3	12,000000E+0
766	831,000000E+0	16,140000E+0	29,541000E+0	349,791000E+3	12,000000E+0
767	826,000000E+0	16,140000E+0	29,541000E+0	349,948000E+3	12,000000E+0
768	819,000000E+0	16,140000E+0	29,541000E+0	350,109000E+3	12,000000E+0
769	819,000000E+0	16,140000E+0	29,312000E+0	350,269000E+3	12,000000E+0
770	817,000000E+0	16,140000E+0	29,083000E+0	350,425000E+3	12,000000E+0
771	819,000000E+0	16,140000E+0	29,083000E+0	350,581000E+3	12,000000E+0
772	822,000000E+0	16,140000E+0	28,854000E+0	350,739000E+3	12,000000E+0
773	828,000000E+0	16,140000E+0	28,854000E+0	350,899000E+3	12,000000E+0
774	834,000000E+0	18,830000E+0	28,854000E+0	351,058000E+3	12,000000E+0
775	839,000000E+0	18,830000E+0	29,083000E+0	351,220000E+3	12,000000E+0
776	842,000000E+0	18,830000E+0	29,083000E+0	351,382000E+3	12,000000E+0
777	841,000000E+0	16,140000E+0	29,083000E+0	351,544000E+3	12,000000E+0
778	839,000000E+0	16,140000E+0	29,312000E+0	351,706000E+3	12,000000E+0
779	836,000000E+0	16,140000E+0	29,312000E+0	351,868000E+3	12,000000E+0
780	831,000000E+0	16,140000E+0	29,541000E+0	352,029000E+3	12,000000E+0
781	829,000000E+0	16,140000E+0	29,312000E+0	352,189000E+3	12,000000E+0
782	824,000000E+0	16,140000E+0	29,312000E+0	352,347000E+3	12,000000E+0
783	827,000000E+0	16,140000E+0	29,083000E+0	352,505000E+3	12,000000E+0
784	829,000000E+0	16,140000E+0	29,083000E+0	352,664000E+3	12,000000E+0
785	831,000000E+0	16,140000E+0	29,083000E+0	352,823000E+3	12,000000E+0
786	836,000000E+0	16,140000E+0	29,083000E+0	352,983000E+3	12,000000E+0
787	840,000000E+0	16,140000E+0	29,083000E+0	353,143000E+3	12,000000E+0
788	842,000000E+0	16,140000E+0	29,083000E+0	353,305000E+3	12,000000E+0
789	841,000000E+0	16,140000E+0	29,312000E+0	353,467000E+3	12,000000E+0
790	840,000000E+0	16,140000E+0	29,312000E+0	353,628000E+3	12,000000E+0
791	836,000000E+0	16,140000E+0	29,541000E+0	353,791000E+3	12,000000E+0
792	829,000000E+0	16,140000E+0	29,541000E+0	353,952000E+3	12,000000E+0
793	824,000000E+0	16,140000E+0	29,541000E+0	354,111000E+3	12,000000E+0
794	818,000000E+0	16,140000E+0	29,541000E+0	354,270000E+3	12,000000E+0
795	815,000000E+0	16,140000E+0	29,312000E+0	354,427000E+3	12,000000E+0
796	817,000000E+0	16,140000E+0	29,083000E+0	354,583000E+3	12,000000E+0
797	821,000000E+0	16,140000E+0	29,083000E+0	354,739000E+3	12,000000E+0
798	823,000000E+0	16,140000E+0	29,083000E+0	354,900000E+3	12,000000E+0
799	828,000000E+0	16,140000E+0	28,854000E+0	355,061000E+3	12,000000E+0
800	836,000000E+0	18,830000E+0	28,854000E+0	355,219000E+3	12,000000E+0
801	841,000000E+0	18,830000E+0	29,083000E+0	355,382000E+3	12,000000E+0
802	841,000000E+0	16,140000E+0	29,312000E+0	355,544000E+3	12,000000E+0
803	842,000000E+0	16,140000E+0	29,083000E+0	355,704000E+3	12,000000E+0
804	837,000000E+0	16,140000E+0	29,312000E+0	355,868000E+3	12,000000E+0
805	832,000000E+0	16,140000E+0	29,541000E+0	356,029000E+3	12,000000E+0
806	831,000000E+0	16,140000E+0	29,312000E+0	356,188000E+3	12,000000E+0
807	829,000000E+0	16,140000E+0	29,312000E+0	356,349000E+3	12,000000E+0
808	825,000000E+0	16,140000E+0	29,312000E+0	356,506000E+3	12,000000E+0
809	825,000000E+0	16,140000E+0	29,083000E+0	356,665000E+3	12,000000E+0
810	830,000000E+0	16,140000E+0	28,854000E+0	356,822000E+3	12,000000E+0
811	834,000000E+0	18,830000E+0	29,083000E+0	356,983000E+3	12,000000E+0
812	838,000000E+0	18,830000E+0	29,083000E+0	357,142000E+3	12,000000E+0
813	841,000000E+0	18,830000E+0	29,083000E+0	357,303000E+3	12,000000E+0
814	841,000000E+0	16,140000E+0	29,312000E+0	357,465000E+3	12,000000E+0
815	839,000000E+0	16,140000E+0	29,312000E+0	357,628000E+3	12,000000E+0
816	839,000000E+0	16,140000E+0	29,312000E+0	357,788000E+3	12,000000E+0
817	836,000000E+0	16,140000E+0	29,312000E+0	357,948000E+3	12,000000E+0
818	828,000000E+0	16,140000E+0	29,541000E+0	358,110000E+3	12,000000E+0
819	821,000000E+0	16,140000E+0	29,541000E+0	358,269000E+3	12,000000E+0
820	817,000000E+0	16,140000E+0	29,312000E+0	358,428000E+3	12,000000E+0
821	816,000000E+0	16,140000E+0	29,312000E+0	358,587000E+3	12,000000E+0
822	817,000000E+0	16,140000E+0	29,083000E+0	358,742000E+3	12,000000E+0
823	822,000000E+0	16,140000E+0	28,854000E+0	358,899000E+3	12,000000E+0
824	828,000000E+0	18,830000E+0	29,083000E+0	359,060000E+3	12,000000E+0
825	831,000000E+0	18,830000E+0	28,854000E+0	359,220000E+3	12,000000E+0
826	838,000000E+0	18,830000E+0	28,854000E+0	359,379000E+3	12,000000E+0
827	841,000000E+0	18,830000E+0	29,083000E+0	359,540000E+3	12,000000E+0
828	840,000000E+0	16,140000E+0	29,312000E+0	359,703000E+3	12,000000E+0
829	841,000000E+0	16,140000E+0	29,312000E+0	359,866000E+3	12,000000E+0
830	837,000000E+0	16,140000E+0	29,312000E+0	360,029000E+3	12,000000E+0
831	833,000000E+0	16,140000E+0	29,312000E+0	360,190000E+3	12,000000E+0
832	830,000000E+0	16,140000E+0	29,312000E+0	360,349000E+3	12,000000E+0
833	827,000000E+0	16,140000E+0	29,312000E+0	360,506000E+3	12,000000E+0
834	827,000000E+0	16,140000E+0	29,083000E+0	360,667000E+3	12,000000E+0
835	826,000000E+0	16,140000E+0	29,083000E+0	360,824000E+3	12,000000E+0
836	830,000000E+0	16,140000E+0	28,854000E+0	360,982000E+3	12,000000E+0
837	838,000000E+0	16,140000E+0	28,854000E+0	361,142000E+3	12,000000E+0
838	840,000000E+0	16,140000E+0	29,083000E+0	361,302000E+3	12,000000E+0
839	842,000000E+0	16,140000E+0	29,083000E+0	361,464000E+3	12,000000E+0
840	840,000000E+0	16,140000E+0	29,312000E+0	361,627000E+3	12,000000E+0
841	838,000000E+0	16,140000E+0	29,312000E+0	361,789000E+3	12,000000E+0
842	836,000000E+0	16,140000E+0	29,312000E+0	361,950000E+3	12,000000E+0
843	831,000000E+0	16,140000E+0	29,312000E+0	362,110000E+3	12,000000E+0
844	826,000000E+0	16,140000E+0	29,312000E+0	362,270000E+3	12,000000E+0
845	819,000000E+0	16,140000E+0	29,541000E+0	362,431000E+3	12,000000E+0
846	817,000000E+0	16,140000E+0	29,312000E+0	362,587000E+3	12,000000E+0
847	817,000000E+0	16,140000E+0	29,083000E+0	362,744000E+3	12,000000E+0
848	818,000000E+0	16,140000E+0	29,083000E+0	362,902000E+3	12,000000E+0
849	824,000000E+0	16,140000E+0	28,854000E+0	363,059000E+3	12,000000E+0
850	830,000000E+0	16,140000E+0	28,854000E+0	363,219000E+3	12,000000E+0
851	837,000000E+0	16,140000E+0	28,854000E+0	363,379000E+3	12,000000E+0
852	838,000000E+0	16,140000E+0	29,083000E+0	363,541000E+3	12,000000E+0
853	839,000000E+0	16,140000E+0	29,312000E+0	363,704000E+3	12,000000E+0
854	842,000000E+0	16,140000E+0	29,083000E+0	363,865000E+3	12,000000E+0
855	839,000000E+0	16,140000E+0	29,312000E+0	364,027000E+3	12,000000E+0
856	837,000000E+0	16,140000E+0	29,312000E+0	364,188000E+3	12,000000E+0
857	831,000000E+0	16,140000E+0	29,312000E+0	364,349000E+3	12,000000E+0
858	829,000000E+0	16,140000E+0	29,312000E+0	364,509000E+3	12,000000E+0
859	826,000000E+0	16,140000E+0	29,312000E+0	364,667000E+3	12,000000E+0
860	827,000000E+0	16,140000E+0	29,083000E+0	364,825000E+3	12,000000E+0
861	827,000000E+0	16,140000E+0	29,083000E+0	364,983000E+3	12,000000E+0
862	832,000000E+0	16,140000E+0	28,854000E+0	365,143000E+3	12,000000E+0
863	837,000000E+0	18,830000E+0	28,854000E+0	365,302000E+3	12,000000E+0
864	841,000000E+0	18,830000E+0	29,083000E+0	365,464000E+3	12,000000E+0
865	842,000000E+0	16,140000E+0	29,312000E+0	365,626000E+3	12,000000E+0
866	840,000000E+0	16,140000E+0	29,312000E+0	365,787000E+3	12,000000E+0
867	838,000000E+0	16,140000E+0	29,312000E+0	365,950000E+3	12,000000E+0
868	834,000000E+0	16,140000E+0	29,312000E+0	366,111000E+3	12,000000E+0
869	828,000000E+0	16,140000E+0	29,541000E+0	366,272000E+3	12,000000E+0
870	824,000000E+0	16,140000E+0	29,312000E+0	366,430000E+3	12,000000E+0
871	819,000000E+0	16,140000E+0	29,541000E+0	366,588000E+3	12,000000E+0
872	816,000000E+0	16,140000E+0	29,312000E+0	366,746000E+3	12,000000E+0
873	816,000000E+0	16,140000E+0	29,312000E+0	366,903000E+3	12,000000E+0
874	820,000000E+0	16,140000E+0	29,083000E+0	367,060000E+3	12,000000E+0
875	826,000000E+0	16,140000E+0	28,854000E+0	367,219000E+3	12,000000E+0
876	833,000000E+0	16,140000E+0	28,854000E+0	367,379000E+3	12,000000E+0
877	838,000000E+0	16,140000E+0	28,854000E+0	367,538000E+3	12,000000E+0
878	839,000000E+0	16,140000E+0	29,312000E+0	367,702000E+3	12,000000E+0
879	840,000000E+0	16,140000E+0	29,083000E+0	367,863000E+3	12,000000E+0
880	841,000000E+0	16,140000E+0	29,083000E+0	368,025000E+3	12,000000E+0
881	839,000000E+0	16,140000E+0	29,312000E+0	368,187000E+3	12,000000E+0
882	833,000000E+0	16,140000E+0	29,541000E+0	368,348000E+3	12,000000E+0
883	829,000000E+0	16,140000E+0	29,312000E+0	368,509000E+3	12,000000E+0
884	827,000000E+0	16,140000E+0	29,312000E+0	368,669000E+3	12,000000E+0
885	826,000000E+0	16,140000E+0	29,312000E+0	368,826000E+3	12,000000E+0
886	826,000000E+0	16,140000E+0	29,083000E+0	368,985000E+3	12,000000E+0
887	830,000000E+0	16,140000E+0	28,854000E+0	369,142000E+3	12,000000E+0
888	833,000000E+0	16,140000E+0	29,083000E+0	369,303000E+3	12,000000E+0
889	837,000000E+0	16,140000E+0	29,083000E+0	369,463000E+3	12,000000E+0
890	843,000000E+0	18,830000E+0	28,854000E+0	369,623000E+3	12,000000E+0
891	842,000000E+0	16,140000E+0	29,312000E+0	369,786000E+3	12,000000E+0
892	840,000000E+0	16,140000E+0	29,312000E+0	369,948000E+3	12,000000E+0
893	836,000000E+0	16,140000E+0	29,312000E+0	370,109000E+3	12,000000E+0
894	832,000000E+0	16,140000E+0	29,312000E+0	370,270000E+3	12,000000E+0
895	824,000000E+0	16,140000E+0	29,541000E+0	370,429000E+3	12,000000E+0
896	820,000000E+0	16,140000E+0	29,312000E+0	370,589000E+3	12,000000E+0
897	819,000000E+0	16,140000E+0	29,312000E+0	370,747000E+3	12,000000E+0
898	816,000000E+0	16,140000E+0	29,312000E+0	370,906000E+3	12,000000E+0
899	818,000000E+0	16,140000E+0	29,083000E+0	371,061000E+3	12,000000E+0
900	822,000000E+0	16,140000E+0	28,854000E+0	371,218000E+3	12,000000E+0
901	827,000000E+0	16,140000E+0	29,083000E+0	371,379000E+3	12,000000E+0
902	834,000000E+0	16,140000E+0	28,854000E+0	371,537000E+3	12,000000E+0
903	840,000000E+0	18,830000E+0	29,083000E+0	371,700000E+3	12,000000E+0
904	842,000000E+0	16,140000E+0	29,083000E+0	371,861000E+3	12,000000E+0
905	839,000000E+0	16,140000E+0	29,312000E+0	372,024000E+3	12,000000E+0
906	839,000000E+0	16,140000E+0	29,312000E+0	372,183000E+3	12,000000E+0
907	836,000000E+0	16,140000E+0	29,312000E+0	372,346000E+3	12,000000E+0
908	831,000000E+0	16,140000E+0	29,541000E+0	372,508000E+3	12,000000E+0
909	828,000000E+0	16,140000E+0	29,312000E+0	372,667000E+3	12,000000E+0
910	828,000000E+0	16,140000E+0	29,312000E+0	372,825000E+3	12,000000E+0
911	828,000000E+0	16,140000E+0	29,083000E+0	372,985000E+3	12,000000E+0
912	828,000000E+0	16,140000E+0	29,312000E+0	373,144000E+3	12,000000E+0
913	830,000000E+0	16,140000E+0	29,083000E+0	373,303000E+3	12,000000E+0
914	835,000000E+0	16,140000E+0	28,854000E+0	373,463000E+3	12,000000E+0
915	839,000000E+0	16,140000E+0	29,083000E+0	373,623000E+3	12,000000E+0
916	842,000000E+0	16,140000E+0	29,083000E+0	373,784000E+3	12,000000E+0
917	842,000000E+0	16,140000E+0	29,312000E+0	373,946000E+3	12,000000E+0
918	839,000000E+0	16,140000E+0	29,312000E+0	374,107000E+3	12,000000E+0
919	835,000000E+0	16,140000E+0	29,541000E+0	374,270000E+3	12,000000E+0
920	829,000000E+0	16,140000E+0	29,541000E+0	374,430000E+3	12,000000E+0
921	824,000000E+0	16,140000E+0	29,541000E+0	374,589000E+3	12,000000E+0
922	819,000000E+0	16,140000E+0	29,541000E+0	374,749000E+3	12,000000E+0
923	818,000000E+0	16,140000E+0	29,312000E+0	374,905000E+3	12,000000E+0
924	818,000000E+0	16,140000E+0	29,083000E+0	375,064000E+3	12,000000E+0
925	820,000000E+0	16,140000E+0	29,083000E+0	375,220000E+3	12,000000E+0
926	823,000000E+0	16,140000E+0	29,083000E+0	375,379000E+3	12,000000E+0
927	830,000000E+0	18,830000E+0	28,854000E+0	375,539000E+3	12,000000E+0
928	838,000000E+0	18,830000E+0	28,854000E+0	375,697000E+3	12,000000E+0
929	841,000000E+0	18,830000E+0	29,083000E+0	375,860000E+3	12,000000E+0
930	841,000000E+0	18,830000E+0	29,312000E+0	376,022000E+3	12,000000E+0
931	841,000000E+0	18,830000E+0	29,312000E+0	376,183000E+3	12,000000E+0
932	836,000000E+0	16,140000E+0	29,541000E+0	376,346000E+3	12,000000E+0
933	834,000000E+0	18,830000E+0	29,312000E+0	376,507000E+3	12,000000E+0
934	831,000000E+0	16,140000E+0	29,312000E+0	376,667000E+3	12,000000E+0
935	827,000000E+0	16,140000E+0	29,312000E+0	376,828000E+3	12,000000E+0
936	826,000000E+0	16,140000E+0	29,312000E+0	376,984000E+3	12,000000E+0
937	827,000000E+0	16,140000E+0	29,083000E+0	377,142000E+3	12,000000E+0
938	830,000000E+0	16,140000E+0	29,083000E+0	377,302000E+3	12,000000E+0
939	833,000000E+0	16,140000E+0	29,083000E+0	377,463000E+3	12,000000E+0
940	837,000000E+0	16,140000E+0	29,083000E+0	377,622000E+3	12,000000E+0
941	841,000000E+0	16,140000E+0	29,083000E+0	377,784000E+3	12,000000E+0
942	841,000000E+0	16,140000E+0	29,083000E+0	377,946000E+3	12,000000E+0
943	841,000000E+0	16,140000E+0	29,312000E+0	378,107000E+3	12,000000E+0
944	838,000000E+0	16,140000E+0	29,312000E+0	378,269000E+3	12,000000E+0
945	833,000000E+0	16,140000E+0	29,312000E+0	378,430000E+3	12,000000E+0
946	827,000000E+0	16,140000E+0	29,541000E+0	378,591000E+3	12,000000E+0
947	821,000000E+0	16,140000E+0	29,312000E+0	378,749000E+3	12,000000E+0
948	816,000000E+0	16,140000E+0	29,541000E+0	378,908000E+3	12,000000E+0
949	816,000000E+0	16,140000E+0	29,312000E+0	379,065000E+3	12,000000E+0
950	818,000000E+0	16,140000E+0	29,083000E+0	379,220000E+3	12,000000E+0
951	822,000000E+0	16,140000E+0	29,083000E+0	379,378000E+3	12,000000E+0
952	825,000000E+0	16,140000E+0	28,854000E+0	379,539000E+3	12,000000E+0
953	831,000000E+0	18,830000E+0	28,854000E+0	379,699000E+3	12,000000E+0
954	841,000000E+0	18,830000E+0	28,625000E+0	379,857000E+3	12,000000E+0
955	840,000000E+0	18,830000E+0	29,312000E+0	380,020000E+3	12,000000E+0
956	840,000000E+0	16,140000E+0	29,312000E+0	380,181000E+3	12,000000E+0
957	840,000000E+0	16,140000E+0	29,312000E+0	380,344000E+3	12,000000E+0
958	836,000000E+0	16,140000E+0	29,541000E+0	380,508000E+3	12,000000E+0
959	832,000000E+0	16,140000E+0	29,312000E+0	380,667000E+3	12,000000E+0
960	830,000000E+0	16,140000E+0	29,312000E+0	380,827000E+3	12,000000E+0
961	826,000000E+0	16,140000E+0	29,312000E+0	380,985000E+3	12,000000E+0
962	824,000000E+0	16,140000E+0	29,312000E+0	381,145000E+3	12,000000E+0
963	827,000000E+0	16,140000E+0	29,083000E+0	381,304000E+3	12,000000E+0
964	833,000000E+0	16,140000E+0	28,854000E+0	381,462000E+3	12,000000E+0
965	836,000000E+0	18,830000E+0	29,083000E+0	381,623000E+3	12,000000E+0
966	838,000000E+0	18,830000E+0	29,083000E+0	381,783000E+3	12,000000E+0
967	841,000000E+0	18,830000E+0	29,083000E+0	381,943000E+3	12,000000E+0
968	840,000000E+0	16,140000E+0	29,312000E+0	382,108000E+3	12,000000E+0
969	839,000000E+0	16,140000E+0	29,312000E+0	382,269000E+3	12,000000E+0
970	837,000000E+0	16,140000E+0	29,312000E+0	382,430000E+3	12,000000E+0
971	832,000000E+0	16,140000E+0	29,541000E+0	382,591000E+3	12,000000E+0
972	823,000000E+0	16,140000E+0	29,541000E+0	382,751000E+3	12,000000E+0
973	820,000000E+0	16,140000E+0	29,312000E+0	382,909000E+3	12,000000E+0
974	817,000000E+0	16,140000E+0	29,312000E+0	383,066000E+3	12,000000E+0
975	815,000000E+0	16,140000E+0	29,312000E+0	383,224000E+3	12,000000E+0
976	819,000000E+0	16,140000E+0	28,854000E+0	383,380000E+3	12,000000E+0
977	823,000000E+0	16,140000E+0	29,083000E+0	383,539000E+3	12,000000E+0
978	831,000000E+0	16,140000E+0	28,854000E+0	383,698000E+3	12,000000E+0
979	835,000000E+0	16,140000E+0	28,854000E+0	383,857000E+3	12,000000E+0
980	839,000000E+0	18,830000E+0	29,083000E+0	384,020000E+3	12,000000E+0
981	840,000000E+0	16,140000E+0	29,312000E+0	384,182000E+3	12,000000E+0
982	841,000000E+0	16,140000E+0	29,312000E+0	384,343000E+3	12,000000E+0
983	839,000000E+0	16,140000E+0	29,312000E+0	384,506000E+3	12,000000E+0
984	836,000000E+0	16,140000E+0	29,312000E+0	384,667000E+3	12,000000E+0
985	831,000000E+0	16,140000E+0	29,541000E+0	384,827000E+3	12,000000E+0
986	827,000000E+0	16,140000E+0	29,312000E+0	384,987000E+3	12,000000E+0
987	825,000000E+0	16,140000E+0	29,312000E+0	385,144000E+3	12,000000E+0
988	826,000000E+0	16,140000E+0	29,312000E+0	385,305000E+3	12,000000E+0
989	827,000000E+0	16,140000E+0	29,083000E+0	385,461000E+3	12,000000E+0
990	834,000000E+0	16,140000E+0	28,854000E+0	385,620000E+3	12,000000E+0
991	838,000000E+0	16,140000E+0	29,083000E+0	385,781000E+3	12,000000E+0
992	841,000000E+0	16,140000E+0	29,083000E+0	385,942000E+3	12,000000E+0
993	842,000000E+0	16,140000E+0	29,083000E+0	386,104000E+3	12,000000E+0
994	840,000000E+0	16,140000E+0	29,312000E+0	386,266000E+3	12,000000E+0
995	837,000000E+0	16,140000E+0	29,312000E+0	386,428000E+3	12,000000E+0
996	834,000000E+0	16,140000E+0	29,312000E+0	386,589000E+3	12,000000E+0
997	828,000000E+0	16,140000E+0	29,541000E+0	386,749000E+3	12,000000E+0
998	822,000000E+0	16,140000E+0	29,541000E+0	386,909000E+3	12,000000E+0
999	818,000000E+0	16,140000E+0	29,312000E+0	387,066000E+3	12,000000E+0
1000	816,000000E+0	16,140000E+0	29,312000E+0	387,225000E+3	12,000000E+0
1001	816,000000E+0	16,140000E+0	29,083000E+0	387,382000E+3	12,000000E+0
1002	819,000000E+0	16,140000E+0	29,083000E+0	387,538000E+3	12,000000E+0
1003	827,000000E+0	16,140000E+0	28,854000E+0	387,697000E+3	12,000000E+0
1004	832,000000E+0	16,140000E+0	28,854000E+0	387,858000E+3	12,000000E+0
1005	836,000000E+0	18,830000E+0	29,083000E+0	388,019000E+3	12,000000E+0
1006	838,000000E+0	18,830000E+0	29,312000E+0	388,182000E+3	12,000000E+0
1007	841,000000E+0	18,830000E+0	29,083000E+0	388,343000E+3	12,000000E+0
1008	841,000000E+0	16,140000E+0	29,312000E+0	388,504000E+3	12,000000E+0
1009	839,000000E+0	16,140000E+0	29,312000E+0	388,667000E+3	12,000000E+0
1010	833,000000E+0	16,140000E+0	29,541000E+0	388,826000E+3	12,000000E+0
1011	829,000000E+0	16,140000E+0	29,541000E+0	388,986000E+3	12,000000E+0
1012	826,000000E+0	16,140000E+0	29,312000E+0	389,146000E+3	12,000000E+0
1013	825,000000E+0	16,140000E+0	29,312000E+0	389,306000E+3	12,000000E+0
1014	827,000000E+0	16,140000E+0	29,083000E+0	389,462000E+3	12,000000E+0
1015	827,000000E+0	16,140000E+0	29,083000E+0	389,620000E+3	12,000000E+0
1016	834,000000E+0	16,140000E+0	29,083000E+0	389,781000E+3	12,000000E+0
1017	839,000000E+0	18,830000E+0	28,854000E+0	389,940000E+3	12,000000E+0
1018	843,000000E+0	18,830000E+0	29,083000E+0	390,102000E+3	12,000000E+0
1019	842,000000E+0	18,830000E+0	29,312000E+0	390,264000E+3	12,000000E+0
1020	839,000000E+0	18,830000E+0	29,312000E+0	390,426000E+3	12,000000E+0
1021	836,000000E+0	16,140000E+0	29,312000E+0	390,588000E+3	12,000000E+0
1022	831,000000E+0	16,140000E+0	29,312000E+0	390,748000E+3	12,000000E+0
1023	826,000000E+0	16,140000E+0	29,541000E+0	390,907000E+3	12,000000E+0
1024	823,000000E+0	16,140000E+0	29,312000E+0	391,067000E+3	12,000000E+0
1025	817,000000E+0	16,140000E+0	29,541000E+0	391,226000E+3	12,000000E+0
1026	815,000000E+0	16,140000E+0	29,312000E+0	391,384000E+3	12,000000E+0
1027	817,000000E+0	16,140000E+0	29,083000E+0	391,541000E+3	12,000000E+0
1028	822,000000E+0	16,140000E+0	29,083000E+0	391,699000E+3	12,000000E+0
1029	828,000000E+0	16,140000E+0	28,854000E+0	391,859000E+3	12,000000E+0
1030	833,000000E+0	16,140000E+0	29,083000E+0	392,019000E+3	12,000000E+0
1031	840,000000E+0	16,140000E+0	28,854000E+0	392,180000E+3	12,000000E+0
1032	840,000000E+0	16,140000E+0	29,083000E+0	392,343000E+3	12,000000E+0
1033	840,000000E+0	16,140000E+0	29,083000E+0	392,504000E+3	12,000000E+0
1034	840,000000E+0	16,140000E+0	29,083000E+0	392,665000E+3	12,000000E+0
1035	836,000000E+0	16,140000E+0	29,541000E+0	392,829000E+3	12,000000E+0
1036	831,000000E+0	16,140000E+0	29,312000E+0	392,989000E+3	12,000000E+0
1037	827,000000E+0	16,140000E+0	29,312000E+0	393,148000E+3	12,000000E+0
1038	827,000000E+0	16,140000E+0	29,312000E+0	393,306000E+3	12,000000E+0
1039	826,000000E+0	16,140000E+0	29,083000E+0	393,464000E+3	12,000000E+0
1040	827,000000E+0	16,140000E+0	29,083000E+0	393,624000E+3	12,000000E+0
1041	830,000000E+0	16,140000E+0	29,083000E+0	393,782000E+3	12,000000E+0
1042	834,000000E+0	16,140000E+0	29,083000E+0	393,942000E+3	12,000000E+0
1043	840,000000E+0	16,140000E+0	28,854000E+0	394,101000E+3	12,000000E+0
1044	843,000000E+0	16,140000E+0	29,083000E+0	394,263000E+3	12,000000E+0
1045	841,000000E+0	16,140000E+0	29,312000E+0	394,426000E+3	12,000000E+0
1046	838,000000E+0	16,140000E+0	29,312000E+0	394,587000E+3	12,000000E+0
1047	834,000000E+0	16,140000E+0	29,312000E+0	394,750000E+3	12,000000E+0
1048	829,000000E+0	16,140000E+0	29,541000E+0	394,911000E+3	12,000000E+0
1049	822,000000E+0	16,140000E+0	29,541000E+0	395,069000E+3	12,000000E+0
1050	820,000000E+0	16,140000E+0	29,312000E+0	395,227000E+3	12,000000E+0
1051	818,000000E+0	16,140000E+0	29,312000E+0	395,384000E+3	12,000000E+0
1052	817,000000E+0	16,140000E+0	29,312000E+0	395,543000E+3	12,000000E+0
1053	819,000000E+0	16,140000E+0	28,854000E+0	395,699000E+3	12,000000E+0
1054	824,000000E+0	16,140000E+0	29,083000E+0	395,858000E+3	12,000000E+0
1055	830,000000E+0	16,140000E+0	28,854000E+0	396,019000E+3	12,000000E+0
1056	837,000000E+0	16,140000E+0	28,854000E+0	396,177000E+3	12,000000E+0
1057	841,000000E+0	16,140000E+0	28,854000E+0	396,339000E+3	12,000000E+0
1058	841,000000E+0	16,140000E+0	29,312000E+0	396,502000E+3	12,000000E+0
1059	839,000000E+0	16,140000E+0	29,312000E+0	396,663000E+3	12,000000E+0
1060	837,000000E+0	16,140000E+0	29,312000E+0	396,826000E+3	12,000000E+0
1061	834,000000E+0	16,140000E+0	29,312000E+0	396,987000E+3	12,000000E+0
1062	829,000000E+0	16,140000E+0	29,541000E+0	397,147000E+3	12,000000E+0
1063	828,000000E+0	16,140000E+0	29,312000E+0	397,308000E+3	12,000000E+0
1064	826,000000E+0	16,140000E+0	29,083000E+0	397,463000E+3	12,000000E+0
1065	827,000000E+0	16,140000E+0	29,083000E+0	397,623000E+3	12,000000E+0
1066	828,000000E+0	16,140000E+0	29,083000E+0	397,781000E+3	12,000000E+0
1067	833,000000E+0	18,830000E+0	28,854000E+0	397,942000E+3	12,000000E+0
1068	837,000000E+0	18,830000E+0	29,083000E+0	398,101000E+3	12,000000E+0
1069	841,000000E+0	18,830000E+0	29,083000E+0	398,263000E+3	12,000000E+0
1070	844,000000E+0	18,830000E+0	29,083000E+0	398,422000E+3	12,000000E+0
1071	841,000000E+0	16,140000E+0	29,312000E+0	398,585000E+3	12,000000E+0
1072	837,000000E+0	16,140000E+0	29,312000E+0	398,748000E+3	12,000000E+0
1073	832,000000E+0	16,140000E+0	29,312000E+0	398,908000E+3	12,000000E+0
1074	828,000000E+0	16,140000E+0	29,541000E+0	399,069000E+3	12,000000E+0
1075	820,000000E+0	16,140000E+0	29,541000E+0	399,228000E+3	12,000000E+0
1076	818,000000E+0	16,140000E+0	29,312000E+0	399,387000E+3	12,000000E+0
1077	818,000000E+0	16,140000E+0	29,083000E+0	399,544000E+3	12,000000E+0
1078	818,000000E+0	16,140000E+0	29,312000E+0	399,700000E+3	12,000000E+0
1079	820,000000E+0	16,140000E+0	29,083000E+0	399,858000E+3	12,000000E+0
1080	825,000000E+0	16,140000E+0	29,083000E+0	400,018000E+3	12,000000E+0
1081	833,000000E+0	18,830000E+0	28,854000E+0	400,177000E+3	12,000000E+0
1082	838,000000E+0	18,830000E+0	28,854000E+0	400,337000E+3	12,000000E+0
1083	841,000000E+0	18,830000E+0	29,083000E+0	400,499000E+3	12,000000E+0
1084	841,000000E+0	16,140000E+0	29,083000E+0	400,661000E+3	12,000000E+0
1085	838,000000E+0	16,140000E+0	29,312000E+0	400,824000E+3	12,000000E+0
1086	836,000000E+0	16,140000E+0	29,312000E+0	400,986000E+3	12,000000E+0
1087	834,000000E+0	16,140000E+0	29,312000E+0	401,146000E+3	12,000000E+0
1088	828,000000E+0	16,140000E+0	29,541000E+0	401,307000E+3	12,000000E+0
1089	826,000000E+0	16,140000E+0	29,312000E+0	401,467000E+3	12,000000E+0
1090	826,000000E+0	16,140000E+0	29,312000E+0	401,626000E+3	12,000000E+0
1091	828,000000E+0	16,140000E+0	29,083000E+0	401,784000E+3	12,000000E+0
1092	830,000000E+0	16,140000E+0	29,083000E+0	401,942000E+3	12,000000E+0
1093	834,000000E+0	16,140000E+0	29,083000E+0	402,102000E+3	12,000000E+0
1094	838,000000E+0	18,830000E+0	29,083000E+0	402,261000E+3	12,000000E+0
1095	842,000000E+0	18,830000E+0	29,083000E+0	402,423000E+3	12,000000E+0
1096	840,000000E+0	18,830000E+0	29,312000E+0	402,587000E+3	12,000000E+0
1097	840,000000E+0	16,140000E+0	29,312000E+0	402,747000E+3	12,000000E+0
1098	838,000000E+0	16,140000E+0	29,312000E+0	402,909000E+3	12,000000E+0
1099	830,000000E+0	16,140000E+0	29,541000E+0	403,069000E+3	12,000000E+0
1100	823,000000E+0	16,140000E+0	29,541000E+0	403,230000E+3	12,000000E+0
1101	820,000000E+0	16,140000E+0	29,312000E+0	403,389000E+3	12,000000E+0
1102	815,000000E+0	16,140000E+0	29,541000E+0	403,547000E+3	12,000000E+0
1103	817,000000E+0	16,140000E+0	29,083000E+0	403,704000E+3	12,000000E+0
1104	820,000000E+0	16,140000E+0	29,083000E+0	403,859000E+3	12,000000E+0
1105	824,000000E+0	16,140000E+0	29,083000E+0	404,019000E+3	12,000000E+0
1106	829,000000E+0	16,140000E+0	28,854000E+0	404,179000E+3	12,000000E+0
1107	835,000000E+0	16,140000E+0	28,854000E+0	404,338000E+3	12,000000E+0
1108	840,000000E+0	18,830000E+0	29,083000E+0	404,500000E+3	12,000000E+0
1109	840,000000E+0	16,140000E+0	29,312000E+0	404,663000E+3	12,000000E+0
1110	840,000000E+0	16,140000E+0	29,312000E+0	404,825000E+3	12,000000E+0
1111	840,000000E+0	16,140000E+0	29,083000E+0	404,987000E+3	12,000000E+0
1112	834,000000E+0	16,140000E+0	29,541000E+0	405,147000E+3	12,000000E+0
1113	832,000000E+0	16,140000E+0	29,312000E+0	405,305000E+3	12,000000E+0
1114	827,000000E+0	16,140000E+0	29,312000E+0	405,467000E+3	12,000000E+0
1115	825,000000E+0	16,140000E+0	29,312000E+0	405,624000E+3	12,000000E+0
1116	825,000000E+0	16,140000E+0	29,083000E+0	405,783000E+3	12,000000E+0
1117	828,000000E+0	16,140000E+0	29,083000E+0	405,942000E+3	12,000000E+0
1118	834,000000E+0	16,140000E+0	28,854000E+0	406,101000E+3	12,000000E+0
1119	836,000000E+0	16,140000E+0	29,083000E+0	406,262000E+3	12,000000E+0
1120	840,000000E+0	16,140000E+0	29,083000E+0	406,423000E+3	12,000000E+0
1121	842,000000E+0	16,140000E+0	29,083000E+0	406,585000E+3	12,000000E+0
1122	838,000000E+0	16,140000E+0	29,312000E+0	406,747000E+3	12,000000E+0
1123	838,000000E+0	16,140000E+0	29,083000E+0	406,911000E+3	12,000000E+0
1124	835,000000E+0	16,140000E+0	29,312000E+0	407,070000E+3	12,000000E+0
1125	828,000000E+0	16,140000E+0	29,541000E+0	407,230000E+3	12,000000E+0
1126	822,000000E+0	16,140000E+0	29,541000E+0	407,390000E+3	12,000000E+0
1127	818,000000E+0	16,140000E+0	29,312000E+0	407,548000E+3	12,000000E+0
1128	816,000000E+0	16,140000E+0	29,312000E+0	407,705000E+3	12,000000E+0
1129	816,000000E+0	16,140000E+0	29,083000E+0	407,863000E+3	12,000000E+0
1130	821,000000E+0	16,140000E+0	28,854000E+0	408,019000E+3	12,000000E+0
1131	826,000000E+0	16,140000E+0	29,083000E+0	408,179000E+3	12,000000E+0
1132	830,000000E+0	16,140000E+0	29,083000E+0	408,338000E+3	12,000000E+0
1133	836,000000E+0	18,830000E+0	29,083000E+0	408,498000E+3	12,000000E+0
1134	841,000000E+0	16,140000E+0	29,083000E+0	408,660000E+3	12,000000E+0
1135	841,000000E+0	16,140000E+0	29,312000E+0	408,822000E+3	12,000000E+0
1136	841,000000E+0	16,140000E+0	29,083000E+0	408,983000E+3	12,000000E+0
1137	839,000000E+0	16,140000E+0	29,312000E+0	409,146000E+3	12,000000E+0
1138	833,000000E+0	16,140000E+0	29,541000E+0	409,307000E+3	12,000000E+0
1139	829,000000E+0	16,140000E+0	29,541000E+0	409,467000E+3	12,000000E+0
1140	826,000000E+0	16,140000E+0	29,312000E+0	409,627000E+3	12,000000E+0
1141	825,000000E+0	16,140000E+0	29,312000E+0	409,785000E+3	12,000000E+0
1142	825,000000E+0	16,140000E+0	29,083000E+0	409,944000E+3	12,000000E+0
1143	828,000000E+0	16,140000E+0	29,083000E+0	410,101000E+3	12,000000E+0
1144	836,000000E+0	16,140000E+0	28,854000E+0	410,261000E+3	12,000000E+0
1145	839,000000E+0	16,140000E+0	29,083000E+0	410,421000E+3	12,000000E+0
1146	841,000000E+0	16,140000E+0	29,083000E+0	410,583000E+3	12,000000E+0
1147	841,000000E+0	16,140000E+0	29,083000E+0	410,745000E+3	12,000000E+0
1148	838,000000E+0	16,140000E+0	29,312000E+0	410,907000E+3	12,000000E+0
1149	836,000000E+0	16,140000E+0	29,312000E+0	411,069000E+3	12,000000E+0
1150	831,000000E+0	16,140000E+0	29,541000E+0	411,229000E+3	12,000000E+0
1151	828,000000E+0	16,140000E+0	29,312000E+0	411,388000E+3	12,000000E+0
1152	820,000000E+0	16,140000E+0	29,541000E+0	411,548000E+3	12,000000E+0
1153	817,000000E+0	16,140000E+0	29,312000E+0	411,707000E+3	12,000000E+0
1154	816,000000E+0	16,140000E+0	29,083000E+0	411,864000E+3	12,000000E+0
1155	817,000000E+0	16,140000E+0	29,083000E+0	412,020000E+3	12,000000E+0
1156	823,000000E+0	16,140000E+0	28,854000E+0	412,176000E+3	12,000000E+0
1157	829,000000E+0	16,140000E+0	28,854000E+0	412,337000E+3	12,000000E+0
1158	834,000000E+0	16,140000E+0	29,083000E+0	412,498000E+3	12,000000E+0
1159	837,000000E+0	16,140000E+0	29,083000E+0	412,659000E+3	12,000000E+0
1160	840,000000E+0	16,140000E+0	29,083000E+0	412,822000E+3	12,000000E+0
1161	842,000000E+0	16,140000E+0	29,083000E+0	412,982000E+3	12,000000E+0
1162	840,000000E+0	16,140000E+0	29,312000E+0	413,145000E+3	12,000000E+0
1163	836,000000E+0	16,140000E+0	29,312000E+0	413,307000E+3	12,000000E+0
1164	831,000000E+0	16,140000E+0	29,312000E+0	413,468000E+3	12,000000E+0
1165	827,000000E+0	16,140000E+0	29,541000E+0	413,628000E+3	12,000000E+0
1166	826,000000E+0	16,140000E+0	29,312000E+0	413,785000E+3	12,000000E+0
1167	826,000000E+0	16,140000E+0	29,083000E+0	413,944000E+3	12,000000E+0
1168	826,000000E+0	16,140000E+0	29,083000E+0	414,103000E+3	12,000000E+0
1169	829,000000E+0	16,140000E+0	28,854000E+0	414,261000E+3	12,000000E+0
1170	835,000000E+0	16,140000E+0	28,854000E+0	414,421000E+3	12,000000E+0
1171	842,000000E+0	18,830000E+0	28,854000E+0	414,580000E+3	12,000000E+0
1172	842,000000E+0	16,140000E+0	29,312000E+0	414,743000E+3	12,000000E+0
1173	841,000000E+0	16,140000E+0	29,312000E+0	414,905000E+3	12,000000E+0
1174	836,000000E+0	16,140000E+0	29,312000E+0	415,067000E+3	12,000000E+0
1175	835,000000E+0	16,140000E+0	29,312000E+0	415,230000E+3	12,000000E+0
1176	830,000000E+0	16,140000E+0	29,312000E+0	415,389000E+3	12,000000E+0
1177	824,000000E+0	16,140000E+0	29,541000E+0	415,549000E+3	12,000000E+0
1178	821,000000E+0	16,140000E+0	29,312000E+0	415,708000E+3	12,000000E+0
1179	815,000000E+0	16,140000E+0	29,541000E+0	415,866000E+3	12,000000E+0
1180	817,000000E+0	16,140000E+0	29,083000E+0	416,024000E+3	12,000000E+0
1181	820,000000E+0	16,140000E+0	28,854000E+0	416,180000E+3	12,000000E+0
1182	823,000000E+0	16,140000E+0	29,083000E+0	416,339000E+3	12,000000E+0
1183	829,000000E+0	16,140000E+0	28,854000E+0	416,499000E+3	12,000000E+0
1184	837,000000E+0	16,140000E+0	28,854000E+0	416,656000E+3	12,000000E+0
1185	840,000000E+0	16,140000E+0	28,854000E+0	416,819000E+3	12,000000E+0
1186	839,000000E+0	16,140000E+0	29,312000E+0	416,981000E+3	12,000000E+0
1187	840,000000E+0	16,140000E+0	29,312000E+0	417,142000E+3	12,000000E+0
1188	838,000000E+0	16,140000E+0	29,312000E+0	417,305000E+3	12,000000E+0
1189	834,000000E+0	16,140000E+0	29,541000E+0	417,466000E+3	12,000000E+0
1190	831,000000E+0	16,140000E+0	29,312000E+0	417,626000E+3	12,000000E+0
1191	828,000000E+0	16,140000E+0	29,312000E+0	417,788000E+3	12,000000E+0
1192	827,000000E+0	16,140000E+0	29,312000E+0	417,943000E+3	12,000000E+0
1193	825,000000E+0	16,140000E+0	29,312000E+0	418,103000E+3	12,000000E+0
1194	828,000000E+0	18,830000E+0	29,083000E+0	418,262000E+3	12,000000E+0
1195	833,000000E+0	18,830000E+0	28,854000E+0	418,421000E+3	12,000000E+0
1196	836,000000E+0	18,830000E+0	29,083000E+0	418,580000E+3	12,000000E+0
1197	842,000000E+0	18,830000E+0	28,854000E+0	418,743000E+3	12,000000E+0
1198	843,000000E+0	18,830000E+0	29,312000E+0	418,903000E+3	12,000000E+0
1199	839,000000E+0	16,140000E+0	29,312000E+0	419,067000E+3	12,000000E+0
1200	837,000000E+0	16,140000E+0	29,312000E+0	419,228000E+3	12,000000E+0
1201	833,000000E+0	16,140000E+0	29,541000E+0	419,389000E+3	12,000000E+0
1202	826,000000E+0	16,140000E+0	29,541000E+0	419,550000E+3	12,000000E+0
1203	821,000000E+0	16,140000E+0	29,541000E+0	419,708000E+3	12,000000E+0
1204	820,000000E+0	16,140000E+0	29,312000E+0	419,866000E+3	12,000000E+0
1205	818,000000E+0	16,140000E+0	29,312000E+0	420,024000E+3	12,000000E+0
1206	817,000000E+0	16,140000E+0	29,083000E+0	420,180000E+3	12,000000E+0
1207	819,000000E+0	16,140000E+0	29,083000E+0	420,338000E+3	12,000000E+0
1208	826,000000E+0	16,140000E+0	28,854000E+0	420,498000E+3	12,000000E+0
1209	834,000000E+0	16,140000E+0	28,854000E+0	420,658000E+3	12,000000E+0
1210	839,000000E+0	16,140000E+0	28,854000E+0	420,819000E+3	12,000000E+0
1211	842,000000E+0	16,140000E+0	29,083000E+0	420,979000E+3	12,000000E+0
1212	839,000000E+0	16,140000E+0	29,312000E+0	421,142000E+3	12,000000E+0
1213	838,000000E+0	16,140000E+0	29,312000E+0	421,304000E+3	12,000000E+0
1214	837,000000E+0	16,140000E+0	29,312000E+0	421,467000E+3	12,000000E+0
1215	833,000000E+0	16,140000E+0	29,541000E+0	421,627000E+3	12,000000E+0
1216	829,000000E+0	16,140000E+0	29,312000E+0	421,788000E+3	12,000000E+0
1217	826,000000E+0	16,140000E+0	29,312000E+0	421,945000E+3	12,000000E+0
1218	827,000000E+0	16,140000E+0	29,083000E+0	422,105000E+3	12,000000E+0
1219	827,000000E+0	16,140000E+0	29,083000E+0	422,262000E+3	12,000000E+0
1220	830,000000E+0	18,830000E+0	29,083000E+0	422,421000E+3	12,000000E+0
1221	835,000000E+0	18,830000E+0	29,083000E+0	422,581000E+3	12,000000E+0
1222	837,000000E+0	18,830000E+0	29,083000E+0	422,741000E+3	12,000000E+0
1223	842,000000E+0	18,830000E+0	28,854000E+0	422,903000E+3	12,000000E+0
1224	843,000000E+0	18,830000E+0	29,083000E+0	423,064000E+3	12,000000E+0
1225	840,000000E+0	16,140000E+0	29,312000E+0	423,227000E+3	12,000000E+0
1226	836,000000E+0	16,140000E+0	29,312000E+0	423,388000E+3	12,000000E+0
1227	830,000000E+0	16,140000E+0	29,541000E+0	423,549000E+3	12,000000E+0
1228	824,000000E+0	16,140000E+0	29,541000E+0	423,709000E+3	12,000000E+0
1229	818,000000E+0	16,140000E+0	29,541000E+0	423,867000E+3	12,000000E+0
1230	817,000000E+0	16,140000E+0	29,312000E+0	424,024000E+3	12,000000E+0
1231	818,000000E+0	16,140000E+0	29,083000E+0	424,182000E+3	12,000000E+0
1232	818,000000E+0	16,140000E+0	29,312000E+0	424,339000E+3	12,000000E+0
1233	823,000000E+0	16,140000E+0	28,854000E+0	424,498000E+3	12,000000E+0
1234	829,000000E+0	16,140000E+0	28,854000E+0	424,656000E+3	12,000000E+0
1235	835,000000E+0	18,830000E+0	28,854000E+0	424,815000E+3	12,000000E+0
1236	839,000000E+0	16,140000E+0	29,083000E+0	424,978000E+3	12,000000E+0
1237	840,000000E+0	16,140000E+0	29,312000E+0	425,142000E+3	12,000000E+0
1238	841,000000E+0	16,140000E+0	29,083000E+0	425,302000E+3	12,000000E+0
1239	837,000000E+0	16,140000E+0	29,312000E+0	425,467000E+3	12,000000E+0
1240	836,000000E+0	16,140000E+0	29,312000E+0	425,626000E+3	12,000000E+0
1241	833,000000E+0	16,140000E+0	29,312000E+0	425,787000E+3	12,000000E+0
1242	826,000000E+0	16,140000E+0	29,541000E+0	425,949000E+3	12,000000E+0
1243	826,000000E+0	16,140000E+0	29,083000E+0	426,105000E+3	12,000000E+0
1244	826,000000E+0	16,140000E+0	29,083000E+0	426,264000E+3	12,000000E+0
1245	830,000000E+0	16,140000E+0	29,083000E+0	426,421000E+3	12,000000E+0
1246	831,000000E+0	16,140000E+0	29,083000E+0	426,582000E+3	12,000000E+0
1247	836,000000E+0	16,140000E+0	28,854000E+0	426,741000E+3	12,000000E+0
1248	840,000000E+0	16,140000E+0	29,083000E+0	426,902000E+3	12,000000E+0
1249	841,000000E+0	16,140000E+0	29,312000E+0	427,064000E+3	12,000000E+0
1250	841,000000E+0	16,140000E+0	29,312000E+0	427,226000E+3	12,000000E+0
1251	839,000000E+0	16,140000E+0	29,312000E+0	427,387000E+3	12,000000E+0
