mardi 23 janvier 2024	10:15:02	Sampling Period : 20  ms		
Unities: time [sample], PWM [raw], Current [mA], velocity [rev/min], Position [pulse], Present Input Voltage [V]

t	DXL_PWM		DXL_Current		DXL_Velocity		DXL_Position		DXL_Input_Voltage
0	0,000000E+0	0,000000E+0	0,000000E+0	51,009000E+3	12,000000E+0
1	47,000000E+0	16,140000E+0	0,000000E+0	51,010000E+3	12,000000E+0
2	153,000000E+0	13,450000E+0	2,519000E+0	51,027000E+3	12,000000E+0
3	191,000000E+0	8,070000E+0	5,725000E+0	51,061000E+3	12,000000E+0
4	204,000000E+0	8,070000E+0	6,641000E+0	51,096000E+3	12,000000E+0
5	207,000000E+0	5,380000E+0	7,099000E+0	51,135000E+3	12,000000E+0
6	209,000000E+0	5,380000E+0	7,099000E+0	51,173000E+3	12,000000E+0
7	210,000000E+0	5,380000E+0	7,099000E+0	51,214000E+3	12,000000E+0
8	209,000000E+0	5,380000E+0	7,099000E+0	51,262000E+3	12,000000E+0
9	209,000000E+0	5,380000E+0	7,328000E+0	51,302000E+3	12,000000E+0
10	208,000000E+0	5,380000E+0	7,328000E+0	51,341000E+3	12,000000E+0
11	209,000000E+0	5,380000E+0	7,099000E+0	51,381000E+3	12,000000E+0
12	208,000000E+0	5,380000E+0	7,328000E+0	51,421000E+3	12,000000E+0
13	208,000000E+0	5,380000E+0	7,099000E+0	51,460000E+3	12,000000E+0
14	206,000000E+0	5,380000E+0	7,328000E+0	51,499000E+3	12,000000E+0
15	210,000000E+0	5,380000E+0	7,099000E+0	51,537000E+3	12,000000E+0
16	209,000000E+0	5,380000E+0	7,328000E+0	51,577000E+3	12,000000E+0
17	209,000000E+0	5,380000E+0	7,099000E+0	51,616000E+3	12,000000E+0
18	211,000000E+0	5,380000E+0	7,328000E+0	51,657000E+3	12,000000E+0
19	209,000000E+0	5,380000E+0	7,099000E+0	51,695000E+3	12,000000E+0
20	212,000000E+0	5,380000E+0	7,099000E+0	51,735000E+3	12,000000E+0
21	211,000000E+0	5,380000E+0	7,328000E+0	51,776000E+3	12,000000E+0
22	213,000000E+0	5,380000E+0	7,099000E+0	51,816000E+3	12,000000E+0
23	213,000000E+0	5,380000E+0	7,328000E+0	51,857000E+3	12,000000E+0
24	213,000000E+0	5,380000E+0	7,328000E+0	51,897000E+3	12,000000E+0
25	213,000000E+0	5,380000E+0	7,099000E+0	51,938000E+3	12,000000E+0
26	213,000000E+0	5,380000E+0	7,099000E+0	51,977000E+3	12,000000E+0
27	215,000000E+0	5,380000E+0	7,099000E+0	52,018000E+3	12,000000E+0
28	215,000000E+0	5,380000E+0	7,099000E+0	52,057000E+3	12,000000E+0
29	217,000000E+0	5,380000E+0	7,099000E+0	52,097000E+3	12,000000E+0
30	212,000000E+0	5,380000E+0	7,328000E+0	52,139000E+3	12,000000E+0
31	216,000000E+0	5,380000E+0	7,099000E+0	52,179000E+3	12,000000E+0
32	214,000000E+0	5,380000E+0	7,328000E+0	52,221000E+3	12,000000E+0
33	216,000000E+0	5,380000E+0	7,099000E+0	52,261000E+3	12,000000E+0
34	215,000000E+0	5,380000E+0	7,328000E+0	52,302000E+3	12,000000E+0
35	215,000000E+0	5,380000E+0	7,099000E+0	52,342000E+3	12,000000E+0
36	213,000000E+0	2,690000E+0	7,328000E+0	52,384000E+3	12,000000E+0
37	214,000000E+0	2,690000E+0	7,099000E+0	52,424000E+3	12,000000E+0
38	213,000000E+0	5,380000E+0	7,328000E+0	52,465000E+3	12,000000E+0
39	213,000000E+0	5,380000E+0	7,099000E+0	52,504000E+3	12,000000E+0
40	216,000000E+0	5,380000E+0	7,328000E+0	52,545000E+3	12,000000E+0
41	213,000000E+0	5,380000E+0	7,328000E+0	52,585000E+3	12,000000E+0
42	216,000000E+0	5,380000E+0	7,099000E+0	52,625000E+3	12,000000E+0
43	213,000000E+0	5,380000E+0	7,328000E+0	52,667000E+3	12,000000E+0
44	216,000000E+0	5,380000E+0	7,099000E+0	52,707000E+3	12,000000E+0
45	211,000000E+0	2,690000E+0	7,328000E+0	52,748000E+3	12,000000E+0
46	214,000000E+0	2,690000E+0	7,099000E+0	52,787000E+3	12,000000E+0
47	212,000000E+0	2,690000E+0	7,328000E+0	52,828000E+3	12,000000E+0
48	212,000000E+0	2,690000E+0	7,099000E+0	52,867000E+3	12,000000E+0
49	212,000000E+0	2,690000E+0	7,328000E+0	52,908000E+3	12,000000E+0
50	210,000000E+0	2,690000E+0	7,328000E+0	52,948000E+3	12,000000E+0
51	212,000000E+0	2,690000E+0	7,099000E+0	52,988000E+3	12,000000E+0
52	210,000000E+0	2,690000E+0	7,328000E+0	53,027000E+3	12,000000E+0
53	211,000000E+0	2,690000E+0	7,099000E+0	53,067000E+3	12,000000E+0
54	210,000000E+0	2,690000E+0	7,328000E+0	53,108000E+3	12,000000E+0
55	211,000000E+0	2,690000E+0	7,099000E+0	53,147000E+3	12,000000E+0
56	210,000000E+0	2,690000E+0	7,328000E+0	53,188000E+3	12,000000E+0
57	211,000000E+0	2,690000E+0	7,099000E+0	53,227000E+3	12,000000E+0
58	209,000000E+0	2,690000E+0	7,328000E+0	53,267000E+3	12,000000E+0
59	211,000000E+0	5,380000E+0	7,099000E+0	53,304000E+3	12,000000E+0
60	211,000000E+0	5,380000E+0	7,328000E+0	53,344000E+3	12,000000E+0
61	211,000000E+0	5,380000E+0	7,099000E+0	53,383000E+3	12,000000E+0
62	212,000000E+0	5,380000E+0	7,099000E+0	53,425000E+3	12,000000E+0
63	210,000000E+0	2,690000E+0	7,328000E+0	53,465000E+3	12,000000E+0
64	212,000000E+0	2,690000E+0	7,099000E+0	53,503000E+3	12,000000E+0
65	210,000000E+0	2,690000E+0	7,328000E+0	53,544000E+3	12,000000E+0
66	212,000000E+0	2,690000E+0	7,099000E+0	53,583000E+3	12,000000E+0
67	211,000000E+0	2,690000E+0	7,328000E+0	53,622000E+3	12,000000E+0
68	212,000000E+0	2,690000E+0	7,099000E+0	53,662000E+3	12,000000E+0
69	212,000000E+0	2,690000E+0	7,328000E+0	53,701000E+3	12,000000E+0
70	213,000000E+0	5,380000E+0	7,099000E+0	53,742000E+3	12,000000E+0
71	215,000000E+0	5,380000E+0	7,099000E+0	53,782000E+3	12,000000E+0
72	212,000000E+0	5,380000E+0	7,328000E+0	53,822000E+3	12,000000E+0
73	214,000000E+0	5,380000E+0	7,099000E+0	53,863000E+3	12,000000E+0
74	214,000000E+0	5,380000E+0	7,328000E+0	53,903000E+3	12,000000E+0
75	214,000000E+0	5,380000E+0	7,328000E+0	53,943000E+3	12,000000E+0
76	213,000000E+0	5,380000E+0	7,099000E+0	53,983000E+3	12,000000E+0
77	214,000000E+0	5,380000E+0	7,099000E+0	54,022000E+3	12,000000E+0
78	214,000000E+0	5,380000E+0	7,099000E+0	54,064000E+3	12,000000E+0
79	214,000000E+0	5,380000E+0	7,328000E+0	54,104000E+3	12,000000E+0
80	214,000000E+0	5,380000E+0	7,099000E+0	54,144000E+3	12,000000E+0
81	214,000000E+0	5,380000E+0	7,099000E+0	54,184000E+3	12,000000E+0
82	216,000000E+0	5,380000E+0	7,099000E+0	54,225000E+3	12,000000E+0
83	215,000000E+0	5,380000E+0	7,328000E+0	54,265000E+3	12,000000E+0
84	216,000000E+0	5,380000E+0	7,099000E+0	54,306000E+3	12,000000E+0
85	215,000000E+0	2,690000E+0	7,328000E+0	54,347000E+3	12,000000E+0
86	215,000000E+0	2,690000E+0	7,328000E+0	54,388000E+3	12,000000E+0
87	214,000000E+0	2,690000E+0	7,328000E+0	54,428000E+3	12,000000E+0
88	214,000000E+0	2,690000E+0	7,328000E+0	54,468000E+3	12,000000E+0
89	214,000000E+0	5,380000E+0	7,328000E+0	54,509000E+3	12,000000E+0
90	214,000000E+0	5,380000E+0	7,328000E+0	54,549000E+3	12,000000E+0
91	214,000000E+0	5,380000E+0	7,328000E+0	54,589000E+3	12,000000E+0
92	213,000000E+0	5,380000E+0	7,328000E+0	54,631000E+3	12,000000E+0
93	213,000000E+0	5,380000E+0	7,328000E+0	54,671000E+3	12,000000E+0
94	212,000000E+0	2,690000E+0	7,328000E+0	54,711000E+3	12,000000E+0
95	213,000000E+0	2,690000E+0	7,099000E+0	54,751000E+3	12,000000E+0
96	210,000000E+0	2,690000E+0	7,328000E+0	54,792000E+3	12,000000E+0
97	213,000000E+0	2,690000E+0	7,099000E+0	54,831000E+3	12,000000E+0
98	211,000000E+0	2,690000E+0	7,328000E+0	54,871000E+3	12,000000E+0
99	211,000000E+0	2,690000E+0	7,099000E+0	54,910000E+3	12,000000E+0
100	210,000000E+0	2,690000E+0	7,328000E+0	54,951000E+3	12,000000E+0
101	209,000000E+0	2,690000E+0	7,328000E+0	54,991000E+3	12,000000E+0
102	209,000000E+0	2,690000E+0	7,328000E+0	55,029000E+3	12,000000E+0
103	209,000000E+0	2,690000E+0	7,328000E+0	55,069000E+3	12,000000E+0
104	209,000000E+0	2,690000E+0	7,328000E+0	55,110000E+3	12,000000E+0
105	209,000000E+0	2,690000E+0	7,328000E+0	55,149000E+3	12,000000E+0
106	208,000000E+0	2,690000E+0	7,328000E+0	55,189000E+3	12,000000E+0
107	207,000000E+0	2,690000E+0	7,328000E+0	55,228000E+3	12,000000E+0
108	208,000000E+0	2,690000E+0	7,099000E+0	55,266000E+3	12,000000E+0
109	208,000000E+0	2,690000E+0	7,328000E+0	55,307000E+3	12,000000E+0
110	208,000000E+0	2,690000E+0	7,328000E+0	55,346000E+3	12,000000E+0
111	209,000000E+0	2,690000E+0	7,099000E+0	55,385000E+3	12,000000E+0
112	208,000000E+0	2,690000E+0	7,328000E+0	55,424000E+3	12,000000E+0
113	208,000000E+0	2,690000E+0	7,099000E+0	55,464000E+3	12,000000E+0
114	209,000000E+0	2,690000E+0	7,099000E+0	55,504000E+3	12,000000E+0
115	209,000000E+0	2,690000E+0	7,099000E+0	55,543000E+3	12,000000E+0
116	209,000000E+0	2,690000E+0	7,099000E+0	55,583000E+3	12,000000E+0
117	208,000000E+0	2,690000E+0	7,099000E+0	55,621000E+3	12,000000E+0
118	210,000000E+0	2,690000E+0	7,099000E+0	55,660000E+3	12,000000E+0
119	208,000000E+0	2,690000E+0	7,328000E+0	55,700000E+3	12,000000E+0
120	211,000000E+0	2,690000E+0	7,099000E+0	55,739000E+3	12,000000E+0
121	207,000000E+0	2,690000E+0	7,328000E+0	55,780000E+3	12,000000E+0
122	212,000000E+0	5,380000E+0	6,870000E+0	55,818000E+3	12,000000E+0
123	209,000000E+0	2,690000E+0	7,328000E+0	55,860000E+3	12,000000E+0
124	212,000000E+0	5,380000E+0	6,870000E+0	55,898000E+3	12,000000E+0
125	212,000000E+0	5,380000E+0	7,328000E+0	55,940000E+3	12,000000E+0
126	212,000000E+0	5,380000E+0	7,099000E+0	55,980000E+3	12,000000E+0
127	214,000000E+0	5,380000E+0	7,099000E+0	56,020000E+3	12,000000E+0
128	211,000000E+0	2,690000E+0	7,328000E+0	56,061000E+3	12,000000E+0
129	214,000000E+0	5,380000E+0	7,099000E+0	56,101000E+3	12,000000E+0
130	214,000000E+0	5,380000E+0	7,328000E+0	56,141000E+3	12,000000E+0
131	215,000000E+0	5,380000E+0	7,099000E+0	56,180000E+3	12,000000E+0
132	213,000000E+0	5,380000E+0	7,328000E+0	56,221000E+3	12,000000E+0
133	215,000000E+0	2,690000E+0	7,099000E+0	56,261000E+3	12,000000E+0
134	215,000000E+0	2,690000E+0	7,328000E+0	56,303000E+3	12,000000E+0
135	214,000000E+0	2,690000E+0	7,099000E+0	56,344000E+3	12,000000E+0
136	216,000000E+0	2,690000E+0	7,099000E+0	56,385000E+3	12,000000E+0
137	213,000000E+0	2,690000E+0	7,328000E+0	56,425000E+3	12,000000E+0
138	216,000000E+0	2,690000E+0	7,099000E+0	56,466000E+3	12,000000E+0
139	213,000000E+0	2,690000E+0	7,328000E+0	56,507000E+3	12,000000E+0
140	215,000000E+0	2,690000E+0	7,099000E+0	56,547000E+3	12,000000E+0
141	214,000000E+0	2,690000E+0	7,328000E+0	56,588000E+3	12,000000E+0
142	215,000000E+0	2,690000E+0	7,099000E+0	56,629000E+3	12,000000E+0
143	212,000000E+0	2,690000E+0	7,328000E+0	56,669000E+3	12,000000E+0
144	215,000000E+0	2,690000E+0	6,870000E+0	56,708000E+3	12,000000E+0
145	212,000000E+0	2,690000E+0	7,328000E+0	56,750000E+3	12,000000E+0
146	214,000000E+0	2,690000E+0	7,099000E+0	56,789000E+3	12,000000E+0
147	213,000000E+0	2,690000E+0	7,328000E+0	56,831000E+3	12,000000E+0
148	213,000000E+0	2,690000E+0	7,099000E+0	56,870000E+3	12,000000E+0
149	213,000000E+0	2,690000E+0	7,328000E+0	56,911000E+3	12,000000E+0
150	211,000000E+0	2,690000E+0	7,099000E+0	56,951000E+3	12,000000E+0
151	215,000000E+0	2,690000E+0	7,099000E+0	56,991000E+3	12,000000E+0
152	211,000000E+0	2,690000E+0	7,328000E+0	57,031000E+3	12,000000E+0
153	214,000000E+0	2,690000E+0	7,099000E+0	57,071000E+3	12,000000E+0
154	209,000000E+0	2,690000E+0	7,328000E+0	57,112000E+3	12,000000E+0
155	211,000000E+0	2,690000E+0	7,099000E+0	57,150000E+3	12,000000E+0
156	210,000000E+0	2,690000E+0	7,328000E+0	57,191000E+3	12,000000E+0
157	209,000000E+0	2,690000E+0	7,099000E+0	57,231000E+3	12,000000E+0
158	211,000000E+0	2,690000E+0	7,328000E+0	57,271000E+3	12,000000E+0
159	210,000000E+0	2,690000E+0	7,099000E+0	57,311000E+3	12,000000E+0
160	210,000000E+0	2,690000E+0	7,099000E+0	57,351000E+3	12,000000E+0
161	210,000000E+0	2,690000E+0	7,328000E+0	57,388000E+3	12,000000E+0
162	210,000000E+0	2,690000E+0	7,099000E+0	57,428000E+3	12,000000E+0
163	210,000000E+0	2,690000E+0	7,099000E+0	57,467000E+3	12,000000E+0
164	212,000000E+0	2,690000E+0	7,099000E+0	57,507000E+3	12,000000E+0
165	211,000000E+0	2,690000E+0	7,328000E+0	57,548000E+3	12,000000E+0
166	211,000000E+0	2,690000E+0	7,099000E+0	57,586000E+3	12,000000E+0
167	211,000000E+0	2,690000E+0	7,328000E+0	57,626000E+3	12,000000E+0
168	212,000000E+0	2,690000E+0	7,099000E+0	57,667000E+3	12,000000E+0
169	212,000000E+0	2,690000E+0	7,328000E+0	57,706000E+3	12,000000E+0
170	211,000000E+0	2,690000E+0	7,328000E+0	57,746000E+3	12,000000E+0
171	211,000000E+0	2,690000E+0	7,099000E+0	57,785000E+3	12,000000E+0
172	211,000000E+0	2,690000E+0	7,099000E+0	57,825000E+3	12,000000E+0
173	214,000000E+0	5,380000E+0	7,099000E+0	57,865000E+3	12,000000E+0
174	213,000000E+0	2,690000E+0	7,328000E+0	57,906000E+3	12,000000E+0
175	213,000000E+0	2,690000E+0	7,099000E+0	57,945000E+3	12,000000E+0
176	212,000000E+0	2,690000E+0	7,328000E+0	57,986000E+3	12,000000E+0
177	214,000000E+0	2,690000E+0	7,099000E+0	58,026000E+3	12,000000E+0
178	215,000000E+0	2,690000E+0	7,099000E+0	58,066000E+3	12,000000E+0
179	214,000000E+0	5,380000E+0	7,099000E+0	58,106000E+3	12,000000E+0
180	214,000000E+0	2,690000E+0	7,099000E+0	58,147000E+3	12,000000E+0
181	214,000000E+0	2,690000E+0	7,328000E+0	58,187000E+3	12,000000E+0
182	214,000000E+0	2,690000E+0	7,099000E+0	58,227000E+3	12,000000E+0
183	214,000000E+0	2,690000E+0	7,328000E+0	58,268000E+3	12,000000E+0
184	214,000000E+0	2,690000E+0	7,099000E+0	58,309000E+3	12,000000E+0
185	214,000000E+0	2,690000E+0	7,328000E+0	58,349000E+3	12,000000E+0
186	214,000000E+0	2,690000E+0	7,099000E+0	58,389000E+3	12,000000E+0
187	213,000000E+0	2,690000E+0	7,328000E+0	58,430000E+3	12,000000E+0
188	214,000000E+0	2,690000E+0	7,328000E+0	58,471000E+3	12,000000E+0
189	214,000000E+0	2,690000E+0	7,328000E+0	58,511000E+3	12,000000E+0
190	214,000000E+0	2,690000E+0	7,328000E+0	58,552000E+3	12,000000E+0
191	214,000000E+0	2,690000E+0	7,328000E+0	58,593000E+3	12,000000E+0
192	214,000000E+0	2,690000E+0	7,328000E+0	58,633000E+3	12,000000E+0
193	214,000000E+0	2,690000E+0	7,099000E+0	58,673000E+3	12,000000E+0
194	213,000000E+0	2,690000E+0	7,328000E+0	58,713000E+3	12,000000E+0
195	213,000000E+0	2,690000E+0	7,099000E+0	58,754000E+3	12,000000E+0
196	211,000000E+0	2,690000E+0	7,328000E+0	58,794000E+3	12,000000E+0
197	212,000000E+0	2,690000E+0	7,099000E+0	58,834000E+3	12,000000E+0
198	212,000000E+0	2,690000E+0	7,328000E+0	58,875000E+3	12,000000E+0
199	211,000000E+0	2,690000E+0	7,099000E+0	58,913000E+3	12,000000E+0
200	211,000000E+0	2,690000E+0	7,328000E+0	58,953000E+3	12,000000E+0
201	210,000000E+0	2,690000E+0	7,328000E+0	58,994000E+3	12,000000E+0
202	210,000000E+0	2,690000E+0	7,328000E+0	59,034000E+3	12,000000E+0
203	208,000000E+0	2,690000E+0	7,328000E+0	59,074000E+3	12,000000E+0
204	210,000000E+0	2,690000E+0	7,099000E+0	59,113000E+3	12,000000E+0
205	209,000000E+0	2,690000E+0	7,328000E+0	59,153000E+3	12,000000E+0
206	209,000000E+0	2,690000E+0	7,099000E+0	59,193000E+3	12,000000E+0
207	209,000000E+0	2,690000E+0	7,328000E+0	59,232000E+3	12,000000E+0
208	208,000000E+0	2,690000E+0	7,328000E+0	59,271000E+3	12,000000E+0
209	208,000000E+0	2,690000E+0	7,328000E+0	59,311000E+3	12,000000E+0
210	207,000000E+0	2,690000E+0	7,099000E+0	59,351000E+3	12,000000E+0
211	207,000000E+0	2,690000E+0	7,328000E+0	59,390000E+3	12,000000E+0
212	207,000000E+0	2,690000E+0	7,328000E+0	59,430000E+3	12,000000E+0
213	208,000000E+0	2,690000E+0	7,099000E+0	59,469000E+3	12,000000E+0
214	207,000000E+0	2,690000E+0	7,328000E+0	59,507000E+3	12,000000E+0
215	208,000000E+0	2,690000E+0	7,099000E+0	59,548000E+3	12,000000E+0
216	209,000000E+0	2,690000E+0	7,099000E+0	59,587000E+3	12,000000E+0
217	208,000000E+0	2,690000E+0	7,099000E+0	59,626000E+3	12,000000E+0
218	208,000000E+0	2,690000E+0	7,099000E+0	59,666000E+3	12,000000E+0
219	208,000000E+0	2,690000E+0	7,099000E+0	59,705000E+3	12,000000E+0
220	210,000000E+0	2,690000E+0	7,099000E+0	59,743000E+3	12,000000E+0
221	209,000000E+0	2,690000E+0	7,328000E+0	59,783000E+3	12,000000E+0
222	210,000000E+0	2,690000E+0	7,099000E+0	59,822000E+3	12,000000E+0
223	208,000000E+0	2,690000E+0	7,328000E+0	59,863000E+3	12,000000E+0
224	209,000000E+0	2,690000E+0	7,099000E+0	59,901000E+3	12,000000E+0
225	210,000000E+0	2,690000E+0	7,328000E+0	59,943000E+3	12,000000E+0
226	210,000000E+0	2,690000E+0	7,099000E+0	59,982000E+3	12,000000E+0
227	213,000000E+0	2,690000E+0	7,099000E+0	60,023000E+3	12,000000E+0
228	210,000000E+0	2,690000E+0	7,328000E+0	60,063000E+3	12,000000E+0
229	215,000000E+0	2,690000E+0	7,099000E+0	60,103000E+3	12,000000E+0
230	210,000000E+0	2,690000E+0	7,328000E+0	60,145000E+3	12,000000E+0
231	214,000000E+0	2,690000E+0	6,870000E+0	60,183000E+3	12,000000E+0
232	211,000000E+0	2,690000E+0	7,328000E+0	60,225000E+3	12,000000E+0
233	214,000000E+0	2,690000E+0	7,099000E+0	60,263000E+3	12,000000E+0
234	215,000000E+0	2,690000E+0	7,328000E+0	60,304000E+3	12,000000E+0
235	214,000000E+0	2,690000E+0	7,099000E+0	60,344000E+3	12,000000E+0
236	215,000000E+0	2,690000E+0	7,328000E+0	60,386000E+3	12,000000E+0
237	212,000000E+0	2,690000E+0	7,328000E+0	60,427000E+3	12,000000E+0
238	216,000000E+0	2,690000E+0	7,099000E+0	60,467000E+3	12,000000E+0
239	212,000000E+0	2,690000E+0	7,328000E+0	60,508000E+3	12,000000E+0
240	215,000000E+0	2,690000E+0	7,099000E+0	60,547000E+3	12,000000E+0
241	213,000000E+0	2,690000E+0	7,328000E+0	60,589000E+3	12,000000E+0
242	215,000000E+0	2,690000E+0	7,099000E+0	60,629000E+3	12,000000E+0
243	213,000000E+0	2,690000E+0	7,328000E+0	60,670000E+3	12,000000E+0
244	213,000000E+0	2,690000E+0	7,099000E+0	60,710000E+3	12,000000E+0
245	214,000000E+0	2,690000E+0	7,328000E+0	60,751000E+3	12,000000E+0
246	213,000000E+0	2,690000E+0	7,099000E+0	60,790000E+3	12,000000E+0
247	214,000000E+0	2,690000E+0	7,328000E+0	60,831000E+3	12,000000E+0
248	213,000000E+0	2,690000E+0	7,328000E+0	60,871000E+3	12,000000E+0
249	213,000000E+0	2,690000E+0	7,328000E+0	60,914000E+3	12,000000E+0
250	211,000000E+0	2,690000E+0	7,328000E+0	60,953000E+3	12,000000E+0
251	212,000000E+0	2,690000E+0	7,328000E+0	60,993000E+3	12,000000E+0
252	210,000000E+0	2,690000E+0	7,328000E+0	61,034000E+3	12,000000E+0
253	214,000000E+0	2,690000E+0	7,099000E+0	61,074000E+3	12,000000E+0
254	210,000000E+0	2,690000E+0	7,328000E+0	61,114000E+3	12,000000E+0
255	212,000000E+0	2,690000E+0	7,099000E+0	61,153000E+3	12,000000E+0
256	210,000000E+0	2,690000E+0	7,328000E+0	61,195000E+3	12,000000E+0
257	211,000000E+0	2,690000E+0	7,099000E+0	61,232000E+3	12,000000E+0
258	210,000000E+0	2,690000E+0	7,328000E+0	61,273000E+3	12,000000E+0
259	210,000000E+0	2,690000E+0	7,099000E+0	61,312000E+3	12,000000E+0
260	212,000000E+0	2,690000E+0	7,099000E+0	61,352000E+3	12,000000E+0
261	210,000000E+0	2,690000E+0	7,328000E+0	61,393000E+3	12,000000E+0
262	212,000000E+0	2,690000E+0	7,099000E+0	61,433000E+3	12,000000E+0
263	208,000000E+0	2,690000E+0	7,328000E+0	61,472000E+3	12,000000E+0
264	209,000000E+0	2,690000E+0	7,099000E+0	61,510000E+3	12,000000E+0
265	209,000000E+0	2,690000E+0	7,099000E+0	61,549000E+3	12,000000E+0
266	209,000000E+0	2,690000E+0	7,099000E+0	61,589000E+3	12,000000E+0
267	211,000000E+0	2,690000E+0	7,099000E+0	61,630000E+3	12,000000E+0
268	210,000000E+0	2,690000E+0	7,099000E+0	61,669000E+3	12,000000E+0
269	211,000000E+0	2,690000E+0	7,099000E+0	61,709000E+3	12,000000E+0
270	211,000000E+0	2,690000E+0	7,328000E+0	61,749000E+3	12,000000E+0
271	211,000000E+0	2,690000E+0	7,328000E+0	61,788000E+3	12,000000E+0
272	211,000000E+0	2,690000E+0	7,328000E+0	61,828000E+3	12,000000E+0
273	211,000000E+0	2,690000E+0	7,099000E+0	61,867000E+3	12,000000E+0
274	211,000000E+0	2,690000E+0	7,099000E+0	61,906000E+3	12,000000E+0
275	213,000000E+0	2,690000E+0	7,099000E+0	61,947000E+3	12,000000E+0
276	213,000000E+0	2,690000E+0	7,328000E+0	61,987000E+3	12,000000E+0
277	213,000000E+0	2,690000E+0	7,099000E+0	62,027000E+3	12,000000E+0
278	213,000000E+0	2,690000E+0	7,099000E+0	62,069000E+3	12,000000E+0
279	212,000000E+0	2,690000E+0	7,328000E+0	62,108000E+3	12,000000E+0
280	213,000000E+0	2,690000E+0	7,099000E+0	62,148000E+3	12,000000E+0
281	213,000000E+0	2,690000E+0	7,328000E+0	62,188000E+3	12,000000E+0
282	215,000000E+0	5,380000E+0	7,099000E+0	62,227000E+3	12,000000E+0
283	214,000000E+0	2,690000E+0	7,328000E+0	62,269000E+3	12,000000E+0
284	214,000000E+0	2,690000E+0	7,099000E+0	62,309000E+3	12,000000E+0
285	213,000000E+0	2,690000E+0	7,328000E+0	62,349000E+3	12,000000E+0
286	214,000000E+0	2,690000E+0	7,099000E+0	62,391000E+3	12,000000E+0
287	215,000000E+0	2,690000E+0	7,099000E+0	62,431000E+3	12,000000E+0
288	215,000000E+0	2,690000E+0	7,328000E+0	62,471000E+3	12,000000E+0
289	214,000000E+0	2,690000E+0	7,328000E+0	62,512000E+3	12,000000E+0
290	213,000000E+0	2,690000E+0	7,328000E+0	62,552000E+3	12,000000E+0
291	213,000000E+0	2,690000E+0	7,328000E+0	62,593000E+3	12,000000E+0
292	213,000000E+0	2,690000E+0	7,328000E+0	62,633000E+3	12,000000E+0
293	213,000000E+0	2,690000E+0	7,099000E+0	62,674000E+3	12,000000E+0
294	213,000000E+0	2,690000E+0	7,328000E+0	62,714000E+3	12,000000E+0
295	214,000000E+0	2,690000E+0	7,099000E+0	62,754000E+3	12,000000E+0
296	214,000000E+0	2,690000E+0	7,099000E+0	62,795000E+3	12,000000E+0
297	213,000000E+0	2,690000E+0	7,328000E+0	62,835000E+3	12,000000E+0
298	213,000000E+0	2,690000E+0	7,328000E+0	62,876000E+3	12,000000E+0
299	212,000000E+0	2,690000E+0	7,328000E+0	62,916000E+3	12,000000E+0
300	212,000000E+0	2,690000E+0	7,328000E+0	62,956000E+3	12,000000E+0
301	212,000000E+0	2,690000E+0	7,328000E+0	62,996000E+3	12,000000E+0
302	212,000000E+0	2,690000E+0	7,099000E+0	63,035000E+3	12,000000E+0
303	209,000000E+0	2,690000E+0	7,328000E+0	63,076000E+3	12,000000E+0
304	210,000000E+0	2,690000E+0	7,328000E+0	63,116000E+3	12,000000E+0
305	209,000000E+0	2,690000E+0	7,328000E+0	63,157000E+3	12,000000E+0
306	209,000000E+0	2,690000E+0	7,099000E+0	63,195000E+3	12,000000E+0
307	208,000000E+0	2,690000E+0	7,328000E+0	63,235000E+3	12,000000E+0
308	208,000000E+0	2,690000E+0	7,099000E+0	63,274000E+3	12,000000E+0
309	209,000000E+0	2,690000E+0	7,099000E+0	63,314000E+3	12,000000E+0
310	207,000000E+0	2,690000E+0	7,328000E+0	63,353000E+3	12,000000E+0
311	208,000000E+0	2,690000E+0	7,099000E+0	63,393000E+3	12,000000E+0
312	206,000000E+0	2,690000E+0	7,328000E+0	63,433000E+3	12,000000E+0
313	208,000000E+0	2,690000E+0	7,099000E+0	63,471000E+3	12,000000E+0
314	208,000000E+0	2,690000E+0	7,328000E+0	63,512000E+3	12,000000E+0
315	207,000000E+0	2,690000E+0	7,099000E+0	63,550000E+3	12,000000E+0
316	208,000000E+0	2,690000E+0	7,099000E+0	63,590000E+3	12,000000E+0
317	207,000000E+0	2,690000E+0	7,099000E+0	63,628000E+3	12,000000E+0
318	208,000000E+0	2,690000E+0	7,099000E+0	63,669000E+3	12,000000E+0
319	207,000000E+0	2,690000E+0	7,328000E+0	63,709000E+3	12,000000E+0
320	208,000000E+0	2,690000E+0	7,099000E+0	63,748000E+3	12,000000E+0
321	208,000000E+0	2,690000E+0	7,099000E+0	63,787000E+3	12,000000E+0
322	208,000000E+0	2,690000E+0	7,099000E+0	63,825000E+3	12,000000E+0
323	210,000000E+0	2,690000E+0	7,099000E+0	63,864000E+3	12,000000E+0
324	209,000000E+0	2,690000E+0	7,328000E+0	63,904000E+3	12,000000E+0
325	210,000000E+0	2,690000E+0	7,099000E+0	63,944000E+3	12,000000E+0
326	210,000000E+0	2,690000E+0	7,328000E+0	63,983000E+3	12,000000E+0
327	211,000000E+0	2,690000E+0	7,099000E+0	64,023000E+3	12,000000E+0
328	211,000000E+0	2,690000E+0	7,328000E+0	64,064000E+3	12,000000E+0
329	213,000000E+0	2,690000E+0	7,099000E+0	64,104000E+3	12,000000E+0
330	209,000000E+0	2,690000E+0	7,328000E+0	64,145000E+3	12,000000E+0
331	212,000000E+0	2,690000E+0	7,099000E+0	64,184000E+3	12,000000E+0
332	210,000000E+0	2,690000E+0	7,328000E+0	64,226000E+3	12,000000E+0
333	211,000000E+0	2,690000E+0	7,099000E+0	64,265000E+3	12,000000E+0
334	213,000000E+0	2,690000E+0	7,328000E+0	64,306000E+3	12,000000E+0
335	212,000000E+0	2,690000E+0	7,099000E+0	64,345000E+3	12,000000E+0
336	216,000000E+0	2,690000E+0	7,099000E+0	64,385000E+3	12,000000E+0
337	213,000000E+0	2,690000E+0	7,328000E+0	64,425000E+3	12,000000E+0
338	217,000000E+0	2,690000E+0	7,099000E+0	64,466000E+3	12,000000E+0
339	211,000000E+0	2,690000E+0	7,557000E+0	64,509000E+3	12,000000E+0
340	215,000000E+0	2,690000E+0	6,870000E+0	64,548000E+3	12,000000E+0
341	213,000000E+0	2,690000E+0	7,557000E+0	64,589000E+3	12,000000E+0
342	214,000000E+0	2,690000E+0	7,099000E+0	64,628000E+3	12,000000E+0
343	214,000000E+0	2,690000E+0	7,328000E+0	64,670000E+3	12,000000E+0
344	212,000000E+0	2,690000E+0	7,099000E+0	64,711000E+3	12,000000E+0
345	214,000000E+0	2,690000E+0	7,099000E+0	64,751000E+3	12,000000E+0
346	212,000000E+0	2,690000E+0	7,328000E+0	64,792000E+3	12,000000E+0
347	215,000000E+0	2,690000E+0	7,099000E+0	64,832000E+3	12,000000E+0
348	211,000000E+0	2,690000E+0	7,328000E+0	64,873000E+3	12,000000E+0
349	215,000000E+0	2,690000E+0	7,099000E+0	64,912000E+3	12,000000E+0
350	212,000000E+0	2,690000E+0	7,328000E+0	64,953000E+3	12,000000E+0
351	214,000000E+0	2,690000E+0	7,099000E+0	64,995000E+3	12,000000E+0
352	212,000000E+0	2,690000E+0	7,328000E+0	65,035000E+3	12,000000E+0
353	212,000000E+0	2,690000E+0	7,099000E+0	65,074000E+3	12,000000E+0
354	211,000000E+0	2,690000E+0	7,328000E+0	65,115000E+3	12,000000E+0
355	212,000000E+0	2,690000E+0	7,099000E+0	65,155000E+3	12,000000E+0
356	211,000000E+0	2,690000E+0	7,328000E+0	65,195000E+3	12,000000E+0
357	211,000000E+0	2,690000E+0	7,099000E+0	65,235000E+3	12,000000E+0
358	211,000000E+0	2,690000E+0	7,328000E+0	65,276000E+3	12,000000E+0
359	209,000000E+0	2,690000E+0	7,328000E+0	65,314000E+3	12,000000E+0
360	212,000000E+0	2,690000E+0	7,099000E+0	65,354000E+3	12,000000E+0
361	207,000000E+0	2,690000E+0	7,328000E+0	65,394000E+3	12,000000E+0
362	211,000000E+0	5,380000E+0	7,099000E+0	65,434000E+3	12,000000E+0
363	210,000000E+0	2,690000E+0	7,328000E+0	65,475000E+3	12,000000E+0
364	212,000000E+0	2,690000E+0	7,099000E+0	65,514000E+3	12,000000E+0
365	210,000000E+0	2,690000E+0	7,328000E+0	65,553000E+3	12,000000E+0
366	210,000000E+0	2,690000E+0	7,099000E+0	65,592000E+3	12,000000E+0
367	209,000000E+0	2,690000E+0	7,328000E+0	65,632000E+3	12,000000E+0
368	209,000000E+0	2,690000E+0	7,328000E+0	65,670000E+3	12,000000E+0
369	211,000000E+0	2,690000E+0	7,099000E+0	65,712000E+3	12,000000E+0
370	209,000000E+0	2,690000E+0	7,328000E+0	65,752000E+3	12,000000E+0
371	210,000000E+0	2,690000E+0	7,099000E+0	65,790000E+3	12,000000E+0
372	210,000000E+0	2,690000E+0	7,328000E+0	65,831000E+3	12,000000E+0
373	210,000000E+0	2,690000E+0	7,099000E+0	65,871000E+3	12,000000E+0
374	210,000000E+0	2,690000E+0	7,099000E+0	65,910000E+3	12,000000E+0
375	210,000000E+0	2,690000E+0	7,099000E+0	65,949000E+3	12,000000E+0
376	211,000000E+0	2,690000E+0	7,099000E+0	65,988000E+3	12,000000E+0
377	212,000000E+0	2,690000E+0	7,099000E+0	66,029000E+3	12,000000E+0
378	214,000000E+0	2,690000E+0	7,099000E+0	66,069000E+3	12,000000E+0
379	213,000000E+0	2,690000E+0	7,328000E+0	66,108000E+3	12,000000E+0
380	213,000000E+0	2,690000E+0	7,099000E+0	66,150000E+3	12,000000E+0
381	213,000000E+0	2,690000E+0	7,328000E+0	66,190000E+3	12,000000E+0
382	214,000000E+0	2,690000E+0	7,099000E+0	66,230000E+3	12,000000E+0
383	214,000000E+0	2,690000E+0	7,099000E+0	66,270000E+3	12,000000E+0
384	214,000000E+0	2,690000E+0	7,099000E+0	66,310000E+3	12,000000E+0
385	213,000000E+0	2,690000E+0	7,328000E+0	66,351000E+3	12,000000E+0
386	214,000000E+0	2,690000E+0	7,328000E+0	66,391000E+3	12,000000E+0
387	214,000000E+0	2,690000E+0	7,099000E+0	66,431000E+3	12,000000E+0
388	213,000000E+0	2,690000E+0	7,328000E+0	66,472000E+3	12,000000E+0
389	214,000000E+0	2,690000E+0	7,099000E+0	66,512000E+3	12,000000E+0
390	214,000000E+0	2,690000E+0	7,328000E+0	66,553000E+3	12,000000E+0
391	215,000000E+0	2,690000E+0	7,099000E+0	66,593000E+3	12,000000E+0
392	213,000000E+0	2,690000E+0	7,328000E+0	66,634000E+3	12,000000E+0
393	213,000000E+0	2,690000E+0	7,099000E+0	66,675000E+3	12,000000E+0
394	213,000000E+0	2,690000E+0	7,099000E+0	66,715000E+3	12,000000E+0
395	213,000000E+0	2,690000E+0	7,099000E+0	66,755000E+3	12,000000E+0
396	213,000000E+0	2,690000E+0	7,328000E+0	66,796000E+3	12,000000E+0
397	213,000000E+0	2,690000E+0	7,328000E+0	66,836000E+3	12,000000E+0
398	213,000000E+0	2,690000E+0	7,328000E+0	66,877000E+3	12,000000E+0
399	213,000000E+0	2,690000E+0	7,328000E+0	66,917000E+3	12,000000E+0
400	211,000000E+0	2,690000E+0	7,328000E+0	66,958000E+3	12,000000E+0
401	212,000000E+0	2,690000E+0	7,328000E+0	66,998000E+3	12,000000E+0
402	212,000000E+0	2,690000E+0	7,099000E+0	67,038000E+3	12,000000E+0
403	212,000000E+0	2,690000E+0	7,328000E+0	67,079000E+3	12,000000E+0
404	211,000000E+0	2,690000E+0	7,099000E+0	67,118000E+3	12,000000E+0
405	211,000000E+0	2,690000E+0	7,099000E+0	67,158000E+3	12,000000E+0
406	211,000000E+0	2,690000E+0	7,328000E+0	67,198000E+3	12,000000E+0
407	211,000000E+0	2,690000E+0	7,328000E+0	67,238000E+3	12,000000E+0
408	209,000000E+0	2,690000E+0	7,328000E+0	67,279000E+3	12,000000E+0
409	209,000000E+0	2,690000E+0	7,328000E+0	67,317000E+3	12,000000E+0
410	207,000000E+0	2,690000E+0	7,328000E+0	67,357000E+3	12,000000E+0
411	208,000000E+0	2,690000E+0	7,099000E+0	67,397000E+3	12,000000E+0
412	208,000000E+0	2,690000E+0	7,328000E+0	67,436000E+3	12,000000E+0
413	208,000000E+0	2,690000E+0	7,099000E+0	67,476000E+3	12,000000E+0
414	207,000000E+0	2,690000E+0	7,328000E+0	67,515000E+3	12,000000E+0
415	206,000000E+0	2,690000E+0	7,099000E+0	67,554000E+3	12,000000E+0
416	207,000000E+0	2,690000E+0	7,099000E+0	67,594000E+3	12,000000E+0
417	206,000000E+0	2,690000E+0	7,099000E+0	67,633000E+3	12,000000E+0
418	208,000000E+0	2,690000E+0	7,099000E+0	67,672000E+3	12,000000E+0
419	206,000000E+0	2,690000E+0	7,328000E+0	67,711000E+3	12,000000E+0
420	209,000000E+0	2,690000E+0	7,099000E+0	67,751000E+3	12,000000E+0
421	207,000000E+0	2,690000E+0	7,328000E+0	67,792000E+3	12,000000E+0
422	208,000000E+0	2,690000E+0	7,099000E+0	67,830000E+3	12,000000E+0
423	208,000000E+0	2,690000E+0	7,328000E+0	67,870000E+3	12,000000E+0
424	207,000000E+0	2,690000E+0	7,328000E+0	67,909000E+3	12,000000E+0
425	209,000000E+0	2,690000E+0	7,099000E+0	67,948000E+3	12,000000E+0
426	209,000000E+0	2,690000E+0	7,099000E+0	67,987000E+3	12,000000E+0
427	209,000000E+0	2,690000E+0	7,099000E+0	68,027000E+3	12,000000E+0
428	210,000000E+0	2,690000E+0	7,099000E+0	68,066000E+3	12,000000E+0
429	210,000000E+0	2,690000E+0	7,099000E+0	68,106000E+3	12,000000E+0
430	210,000000E+0	2,690000E+0	7,099000E+0	68,147000E+3	12,000000E+0
431	211,000000E+0	2,690000E+0	7,099000E+0	68,186000E+3	12,000000E+0
432	212,000000E+0	2,690000E+0	7,099000E+0	68,227000E+3	12,000000E+0
433	213,000000E+0	2,690000E+0	7,099000E+0	68,267000E+3	12,000000E+0
434	213,000000E+0	2,690000E+0	7,328000E+0	68,307000E+3	12,000000E+0
435	211,000000E+0	2,690000E+0	7,328000E+0	68,348000E+3	12,000000E+0
436	214,000000E+0	2,690000E+0	7,099000E+0	68,388000E+3	12,000000E+0
437	210,000000E+0	2,690000E+0	7,328000E+0	68,428000E+3	12,000000E+0
438	215,000000E+0	2,690000E+0	6,870000E+0	68,467000E+3	12,000000E+0
439	212,000000E+0	2,690000E+0	7,328000E+0	68,509000E+3	12,000000E+0
440	215,000000E+0	2,690000E+0	7,099000E+0	68,548000E+3	12,000000E+0
441	212,000000E+0	2,690000E+0	7,557000E+0	68,590000E+3	12,000000E+0
442	214,000000E+0	2,690000E+0	6,870000E+0	68,630000E+3	12,000000E+0
443	214,000000E+0	2,690000E+0	7,328000E+0	68,673000E+3	12,000000E+0
444	212,000000E+0	2,690000E+0	7,099000E+0	68,712000E+3	12,000000E+0
445	214,000000E+0	2,690000E+0	7,328000E+0	68,754000E+3	12,000000E+0
446	212,000000E+0	2,690000E+0	7,099000E+0	68,794000E+3	12,000000E+0
447	216,000000E+0	2,690000E+0	7,099000E+0	68,834000E+3	12,000000E+0
448	212,000000E+0	2,690000E+0	7,328000E+0	68,875000E+3	12,000000E+0
449	215,000000E+0	2,690000E+0	7,099000E+0	68,915000E+3	12,000000E+0
450	211,000000E+0	2,690000E+0	7,328000E+0	68,956000E+3	12,000000E+0
451	213,000000E+0	2,690000E+0	7,099000E+0	68,995000E+3	12,000000E+0
452	213,000000E+0	2,690000E+0	7,328000E+0	69,037000E+3	12,000000E+0
453	213,000000E+0	2,690000E+0	7,099000E+0	69,076000E+3	12,000000E+0
454	213,000000E+0	2,690000E+0	7,328000E+0	69,118000E+3	12,000000E+0
455	211,000000E+0	2,690000E+0	7,099000E+0	69,157000E+3	12,000000E+0
456	213,000000E+0	2,690000E+0	7,099000E+0	69,198000E+3	12,000000E+0
457	210,000000E+0	2,690000E+0	7,328000E+0	69,238000E+3	12,000000E+0
458	211,000000E+0	2,690000E+0	7,099000E+0	69,278000E+3	12,000000E+0
459	211,000000E+0	2,690000E+0	7,328000E+0	69,318000E+3	12,000000E+0
460	211,000000E+0	2,690000E+0	7,099000E+0	69,357000E+3	12,000000E+0
461	211,000000E+0	2,690000E+0	7,328000E+0	69,398000E+3	12,000000E+0
462	212,000000E+0	2,690000E+0	7,099000E+0	69,437000E+3	12,000000E+0
463	208,000000E+0	2,690000E+0	7,328000E+0	69,478000E+3	12,000000E+0
464	210,000000E+0	2,690000E+0	7,099000E+0	69,517000E+3	12,000000E+0
465	209,000000E+0	2,690000E+0	7,328000E+0	69,558000E+3	12,000000E+0
466	210,000000E+0	2,690000E+0	7,099000E+0	69,597000E+3	12,000000E+0
467	210,000000E+0	2,690000E+0	7,328000E+0	69,638000E+3	12,000000E+0
468	208,000000E+0	2,690000E+0	7,328000E+0	69,675000E+3	12,000000E+0
469	211,000000E+0	2,690000E+0	7,099000E+0	69,714000E+3	12,000000E+0
470	208,000000E+0	2,690000E+0	7,328000E+0	69,753000E+3	12,000000E+0
471	212,000000E+0	2,690000E+0	7,099000E+0	69,794000E+3	12,000000E+0
472	210,000000E+0	2,690000E+0	7,328000E+0	69,835000E+3	12,000000E+0
473	211,000000E+0	2,690000E+0	7,099000E+0	69,873000E+3	12,000000E+0
474	211,000000E+0	2,690000E+0	7,328000E+0	69,914000E+3	12,000000E+0
475	211,000000E+0	2,690000E+0	7,328000E+0	69,954000E+3	12,000000E+0
476	211,000000E+0	2,690000E+0	7,328000E+0	69,992000E+3	12,000000E+0
477	210,000000E+0	2,690000E+0	7,328000E+0	70,033000E+3	12,000000E+0
478	210,000000E+0	2,690000E+0	7,099000E+0	70,071000E+3	12,000000E+0
479	210,000000E+0	2,690000E+0	7,099000E+0	70,111000E+3	12,000000E+0
480	213,000000E+0	2,690000E+0	7,099000E+0	70,151000E+3	12,000000E+0
481	213,000000E+0	2,690000E+0	7,328000E+0	70,192000E+3	12,000000E+0
482	213,000000E+0	2,690000E+0	7,099000E+0	70,232000E+3	12,000000E+0
483	212,000000E+0	2,690000E+0	7,328000E+0	70,273000E+3	12,000000E+0
484	212,000000E+0	2,690000E+0	7,099000E+0	70,313000E+3	12,000000E+0
485	213,000000E+0	2,690000E+0	7,099000E+0	70,353000E+3	12,000000E+0
486	213,000000E+0	2,690000E+0	7,099000E+0	70,392000E+3	12,000000E+0
487	214,000000E+0	2,690000E+0	7,099000E+0	70,433000E+3	12,000000E+0
488	214,000000E+0	2,690000E+0	7,328000E+0	70,474000E+3	12,000000E+0
489	214,000000E+0	2,690000E+0	7,099000E+0	70,513000E+3	12,000000E+0
490	214,000000E+0	2,690000E+0	7,328000E+0	70,555000E+3	12,000000E+0
491	214,000000E+0	2,690000E+0	7,328000E+0	70,596000E+3	12,000000E+0
492	214,000000E+0	2,690000E+0	7,328000E+0	70,636000E+3	12,000000E+0
493	214,000000E+0	2,690000E+0	7,328000E+0	70,675000E+3	12,000000E+0
494	214,000000E+0	2,690000E+0	7,328000E+0	70,717000E+3	12,000000E+0
495	213,000000E+0	2,690000E+0	7,328000E+0	70,758000E+3	12,000000E+0
496	213,000000E+0	2,690000E+0	7,328000E+0	70,798000E+3	12,000000E+0
497	213,000000E+0	2,690000E+0	7,328000E+0	70,838000E+3	12,000000E+0
498	213,000000E+0	2,690000E+0	7,328000E+0	70,878000E+3	12,000000E+0
499	212,000000E+0	2,690000E+0	7,328000E+0	70,920000E+3	12,000000E+0
500	214,000000E+0	2,690000E+0	7,099000E+0	70,959000E+3	12,000000E+0
501	213,000000E+0	2,690000E+0	7,328000E+0	71,000000E+3	12,000000E+0
502	213,000000E+0	2,690000E+0	7,328000E+0	71,041000E+3	12,000000E+0
503	210,000000E+0	2,690000E+0	7,328000E+0	71,082000E+3	12,000000E+0
504	211,000000E+0	2,690000E+0	7,099000E+0	71,121000E+3	12,000000E+0
505	211,000000E+0	2,690000E+0	7,328000E+0	71,161000E+3	12,000000E+0
506	210,000000E+0	2,690000E+0	7,099000E+0	71,200000E+3	12,000000E+0
507	210,000000E+0	2,690000E+0	7,099000E+0	71,240000E+3	12,000000E+0
508	210,000000E+0	2,690000E+0	7,099000E+0	71,280000E+3	12,000000E+0
509	210,000000E+0	2,690000E+0	7,328000E+0	71,320000E+3	12,000000E+0
510	208,000000E+0	2,690000E+0	7,328000E+0	71,361000E+3	12,000000E+0
511	209,000000E+0	2,690000E+0	7,328000E+0	71,400000E+3	12,000000E+0
512	209,000000E+0	2,690000E+0	7,328000E+0	71,440000E+3	12,000000E+0
513	208,000000E+0	2,690000E+0	7,099000E+0	71,479000E+3	12,000000E+0
514	209,000000E+0	2,690000E+0	7,099000E+0	71,519000E+3	12,000000E+0
515	208,000000E+0	2,690000E+0	7,328000E+0	71,558000E+3	12,000000E+0
516	208,000000E+0	2,690000E+0	7,328000E+0	71,597000E+3	12,000000E+0
517	206,000000E+0	2,690000E+0	7,328000E+0	71,637000E+3	12,000000E+0
518	207,000000E+0	2,690000E+0	7,099000E+0	71,676000E+3	12,000000E+0
519	205,000000E+0	2,690000E+0	7,328000E+0	71,716000E+3	12,000000E+0
520	208,000000E+0	2,690000E+0	7,099000E+0	71,755000E+3	12,000000E+0
521	205,000000E+0	2,690000E+0	7,328000E+0	71,794000E+3	12,000000E+0
522	208,000000E+0	2,690000E+0	7,099000E+0	71,833000E+3	12,000000E+0
523	208,000000E+0	2,690000E+0	7,328000E+0	71,873000E+3	12,000000E+0
524	206,000000E+0	2,690000E+0	7,099000E+0	71,912000E+3	12,000000E+0
525	208,000000E+0	2,690000E+0	7,099000E+0	71,952000E+3	12,000000E+0
526	206,000000E+0	2,690000E+0	7,328000E+0	71,991000E+3	12,000000E+0
527	210,000000E+0	2,690000E+0	7,099000E+0	72,030000E+3	12,000000E+0
528	209,000000E+0	2,690000E+0	7,328000E+0	72,069000E+3	12,000000E+0
529	209,000000E+0	2,690000E+0	7,099000E+0	72,109000E+3	12,000000E+0
530	209,000000E+0	2,690000E+0	7,328000E+0	72,149000E+3	12,000000E+0
531	209,000000E+0	2,690000E+0	7,328000E+0	72,188000E+3	12,000000E+0
532	210,000000E+0	2,690000E+0	7,099000E+0	72,229000E+3	12,000000E+0
533	209,000000E+0	2,690000E+0	7,328000E+0	72,269000E+3	12,000000E+0
534	212,000000E+0	2,690000E+0	7,099000E+0	72,309000E+3	12,000000E+0
535	212,000000E+0	2,690000E+0	7,099000E+0	72,349000E+3	12,000000E+0
536	213,000000E+0	2,690000E+0	7,099000E+0	72,389000E+3	12,000000E+0
537	211,000000E+0	2,690000E+0	7,328000E+0	72,431000E+3	12,000000E+0
538	213,000000E+0	2,690000E+0	7,099000E+0	72,470000E+3	12,000000E+0
539	213,000000E+0	2,690000E+0	7,328000E+0	72,510000E+3	12,000000E+0
540	214,000000E+0	0,000000E+0	7,099000E+0	72,549000E+3	12,000000E+0
541	215,000000E+0	2,690000E+0	7,328000E+0	72,590000E+3	12,000000E+0
542	213,000000E+0	2,690000E+0	7,099000E+0	72,631000E+3	12,000000E+0
543	215,000000E+0	2,690000E+0	7,328000E+0	72,672000E+3	12,000000E+0
544	212,000000E+0	2,690000E+0	7,328000E+0	72,713000E+3	12,000000E+0
545	215,000000E+0	2,690000E+0	7,099000E+0	72,754000E+3	12,000000E+0
546	211,000000E+0	2,690000E+0	7,328000E+0	72,794000E+3	12,000000E+0
547	215,000000E+0	2,690000E+0	6,870000E+0	72,834000E+3	12,000000E+0
548	210,000000E+0	2,690000E+0	7,328000E+0	72,876000E+3	12,000000E+0
549	216,000000E+0	2,690000E+0	6,870000E+0	72,915000E+3	12,000000E+0
550	212,000000E+0	2,690000E+0	7,328000E+0	72,956000E+3	12,000000E+0
551	214,000000E+0	2,690000E+0	7,099000E+0	72,996000E+3	12,000000E+0
552	213,000000E+0	2,690000E+0	7,328000E+0	73,037000E+3	12,000000E+0
553	212,000000E+0	2,690000E+0	7,099000E+0	73,077000E+3	12,000000E+0
554	214,000000E+0	2,690000E+0	7,328000E+0	73,118000E+3	12,000000E+0
555	212,000000E+0	2,690000E+0	7,328000E+0	73,159000E+3	12,000000E+0
556	215,000000E+0	2,690000E+0	7,099000E+0	73,200000E+3	12,000000E+0
557	211,000000E+0	2,690000E+0	7,328000E+0	73,240000E+3	12,000000E+0
558	212,000000E+0	2,690000E+0	7,099000E+0	73,280000E+3	12,000000E+0
559	209,000000E+0	2,690000E+0	7,328000E+0	73,321000E+3	12,000000E+0
560	212,000000E+0	2,690000E+0	7,099000E+0	73,359000E+3	12,000000E+0
561	210,000000E+0	2,690000E+0	7,328000E+0	73,400000E+3	12,000000E+0
562	211,000000E+0	2,690000E+0	7,099000E+0	73,440000E+3	12,000000E+0
563	212,000000E+0	2,690000E+0	7,328000E+0	73,480000E+3	12,000000E+0
564	210,000000E+0	2,690000E+0	7,328000E+0	73,519000E+3	12,000000E+0
565	210,000000E+0	2,690000E+0	7,328000E+0	73,560000E+3	12,000000E+0
566	209,000000E+0	2,690000E+0	7,328000E+0	73,599000E+3	12,000000E+0
567	209,000000E+0	2,690000E+0	7,328000E+0	73,640000E+3	12,000000E+0
568	210,000000E+0	2,690000E+0	7,328000E+0	73,679000E+3	12,000000E+0
569	212,000000E+0	2,690000E+0	7,099000E+0	73,719000E+3	12,000000E+0
570	208,000000E+0	2,690000E+0	7,328000E+0	73,759000E+3	12,000000E+0
571	211,000000E+0	2,690000E+0	7,099000E+0	73,796000E+3	12,000000E+0
572	207,000000E+0	2,690000E+0	7,328000E+0	73,836000E+3	12,000000E+0
573	209,000000E+0	2,690000E+0	7,099000E+0	73,876000E+3	12,000000E+0
574	210,000000E+0	2,690000E+0	7,328000E+0	73,917000E+3	12,000000E+0
575	209,000000E+0	2,690000E+0	7,099000E+0	73,956000E+3	12,000000E+0
576	211,000000E+0	2,690000E+0	7,328000E+0	73,996000E+3	12,000000E+0
577	209,000000E+0	2,690000E+0	7,328000E+0	74,035000E+3	12,000000E+0
578	212,000000E+0	2,690000E+0	7,099000E+0	74,075000E+3	12,000000E+0
579	209,000000E+0	2,690000E+0	7,328000E+0	74,115000E+3	12,000000E+0
580	211,000000E+0	2,690000E+0	7,099000E+0	74,154000E+3	12,000000E+0
581	211,000000E+0	2,690000E+0	7,328000E+0	74,194000E+3	12,000000E+0
582	212,000000E+0	2,690000E+0	7,099000E+0	74,234000E+3	12,000000E+0
583	214,000000E+0	2,690000E+0	7,099000E+0	74,274000E+3	12,000000E+0
584	211,000000E+0	2,690000E+0	7,328000E+0	74,314000E+3	12,000000E+0
585	212,000000E+0	2,690000E+0	7,328000E+0	74,356000E+3	12,000000E+0
586	211,000000E+0	2,690000E+0	7,328000E+0	74,395000E+3	12,000000E+0
587	213,000000E+0	2,690000E+0	7,099000E+0	74,435000E+3	12,000000E+0
588	213,000000E+0	2,690000E+0	7,328000E+0	74,475000E+3	12,000000E+0
589	213,000000E+0	2,690000E+0	7,099000E+0	74,514000E+3	12,000000E+0
590	214,000000E+0	2,690000E+0	7,099000E+0	74,556000E+3	12,000000E+0
591	214,000000E+0	2,690000E+0	7,099000E+0	74,595000E+3	12,000000E+0
592	214,000000E+0	2,690000E+0	7,099000E+0	74,635000E+3	12,000000E+0
593	214,000000E+0	2,690000E+0	7,099000E+0	74,677000E+3	12,000000E+0
594	214,000000E+0	2,690000E+0	7,099000E+0	74,717000E+3	12,000000E+0
595	214,000000E+0	2,690000E+0	7,328000E+0	74,757000E+3	12,000000E+0
596	214,000000E+0	2,690000E+0	7,099000E+0	74,798000E+3	12,000000E+0
597	213,000000E+0	2,690000E+0	7,328000E+0	74,839000E+3	12,000000E+0
598	213,000000E+0	2,690000E+0	7,328000E+0	74,879000E+3	12,000000E+0
599	212,000000E+0	2,690000E+0	7,328000E+0	74,920000E+3	12,000000E+0
600	213,000000E+0	2,690000E+0	7,328000E+0	74,960000E+3	12,000000E+0
601	212,000000E+0	2,690000E+0	7,328000E+0	75,001000E+3	12,000000E+0
602	213,000000E+0	2,690000E+0	7,099000E+0	75,041000E+3	12,000000E+0
603	213,000000E+0	2,690000E+0	7,328000E+0	75,081000E+3	12,000000E+0
604	212,000000E+0	2,690000E+0	7,099000E+0	75,122000E+3	12,000000E+0
605	211,000000E+0	2,690000E+0	7,328000E+0	75,162000E+3	12,000000E+0
606	211,000000E+0	2,690000E+0	7,099000E+0	75,202000E+3	12,000000E+0
607	211,000000E+0	2,690000E+0	7,328000E+0	75,242000E+3	12,000000E+0
608	209,000000E+0	2,690000E+0	7,328000E+0	75,283000E+3	12,000000E+0
609	210,000000E+0	2,690000E+0	7,099000E+0	75,322000E+3	12,000000E+0
610	210,000000E+0	2,690000E+0	7,328000E+0	75,362000E+3	12,000000E+0
611	210,000000E+0	2,690000E+0	7,328000E+0	75,402000E+3	12,000000E+0
612	209,000000E+0	2,690000E+0	7,328000E+0	75,442000E+3	12,000000E+0
613	208,000000E+0	2,690000E+0	7,328000E+0	75,481000E+3	12,000000E+0
614	208,000000E+0	2,690000E+0	7,099000E+0	75,521000E+3	12,000000E+0
615	208,000000E+0	2,690000E+0	7,328000E+0	75,561000E+3	12,000000E+0
616	209,000000E+0	2,690000E+0	7,099000E+0	75,600000E+3	12,000000E+0
617	208,000000E+0	2,690000E+0	7,328000E+0	75,640000E+3	12,000000E+0
618	208,000000E+0	2,690000E+0	7,099000E+0	75,680000E+3	12,000000E+0
619	208,000000E+0	2,690000E+0	7,328000E+0	75,720000E+3	12,000000E+0
620	208,000000E+0	2,690000E+0	7,099000E+0	75,758000E+3	12,000000E+0
621	208,000000E+0	2,690000E+0	7,328000E+0	75,799000E+3	12,000000E+0
622	207,000000E+0	2,690000E+0	7,099000E+0	75,837000E+3	12,000000E+0
623	207,000000E+0	2,690000E+0	7,099000E+0	75,877000E+3	12,000000E+0
624	207,000000E+0	2,690000E+0	7,099000E+0	75,916000E+3	12,000000E+0
625	208,000000E+0	2,690000E+0	7,099000E+0	75,955000E+3	12,000000E+0
626	205,000000E+0	2,690000E+0	7,328000E+0	75,996000E+3	12,000000E+0
627	208,000000E+0	2,690000E+0	7,099000E+0	76,034000E+3	12,000000E+0
628	205,000000E+0	2,690000E+0	7,328000E+0	76,074000E+3	12,000000E+0
629	208,000000E+0	2,690000E+0	6,870000E+0	76,112000E+3	12,000000E+0
630	209,000000E+0	2,690000E+0	7,328000E+0	76,152000E+3	12,000000E+0
631	208,000000E+0	2,690000E+0	7,099000E+0	76,191000E+3	12,000000E+0
632	210,000000E+0	2,690000E+0	7,099000E+0	76,231000E+3	12,000000E+0
633	208,000000E+0	2,690000E+0	7,099000E+0	76,269000E+3	12,000000E+0
634	210,000000E+0	2,690000E+0	7,099000E+0	76,309000E+3	12,000000E+0
635	210,000000E+0	2,690000E+0	7,328000E+0	76,350000E+3	12,000000E+0
636	211,000000E+0	2,690000E+0	7,099000E+0	76,391000E+3	12,000000E+0
637	211,000000E+0	2,690000E+0	7,099000E+0	76,431000E+3	12,000000E+0
638	212,000000E+0	2,690000E+0	7,099000E+0	76,470000E+3	12,000000E+0
639	212,000000E+0	2,690000E+0	7,099000E+0	76,511000E+3	12,000000E+0
640	212,000000E+0	2,690000E+0	7,328000E+0	76,552000E+3	12,000000E+0
641	213,000000E+0	2,690000E+0	7,099000E+0	76,592000E+3	12,000000E+0
642	213,000000E+0	2,690000E+0	7,328000E+0	76,632000E+3	12,000000E+0
643	214,000000E+0	2,690000E+0	7,099000E+0	76,672000E+3	12,000000E+0
644	211,000000E+0	2,690000E+0	7,328000E+0	76,713000E+3	12,000000E+0
645	215,000000E+0	2,690000E+0	7,099000E+0	76,753000E+3	12,000000E+0
646	212,000000E+0	2,690000E+0	7,328000E+0	76,795000E+3	12,000000E+0
647	215,000000E+0	2,690000E+0	7,099000E+0	76,835000E+3	12,000000E+0
648	212,000000E+0	2,690000E+0	7,328000E+0	76,877000E+3	12,000000E+0
649	214,000000E+0	2,690000E+0	7,099000E+0	76,916000E+3	12,000000E+0
650	211,000000E+0	2,690000E+0	7,328000E+0	76,958000E+3	12,000000E+0
651	212,000000E+0	2,690000E+0	7,099000E+0	76,997000E+3	12,000000E+0
652	213,000000E+0	2,690000E+0	7,328000E+0	77,038000E+3	12,000000E+0
653	211,000000E+0	2,690000E+0	7,099000E+0	77,077000E+3	12,000000E+0
654	214,000000E+0	2,690000E+0	7,099000E+0	77,119000E+3	12,000000E+0
655	211,000000E+0	2,690000E+0	7,328000E+0	77,159000E+3	12,000000E+0
656	214,000000E+0	2,690000E+0	7,099000E+0	77,198000E+3	12,000000E+0
657	212,000000E+0	2,690000E+0	7,328000E+0	77,240000E+3	12,000000E+0
658	215,000000E+0	2,690000E+0	7,099000E+0	77,279000E+3	12,000000E+0
659	211,000000E+0	2,690000E+0	7,557000E+0	77,321000E+3	12,000000E+0
660	213,000000E+0	2,690000E+0	7,099000E+0	77,360000E+3	12,000000E+0
661	211,000000E+0	2,690000E+0	7,328000E+0	77,401000E+3	12,000000E+0
662	210,000000E+0	2,690000E+0	7,099000E+0	77,441000E+3	12,000000E+0
663	-11,520000E+3	688,640000E+0	1,875968E+3	19,835392E+6	3,072000E+3
664	-12,032000E+3	688,640000E+0	1,875968E+3	19,845632E+6	3,072000E+3
665	212,000000E+0	2,690000E+0	7,099000E+0	77,561000E+3	12,000000E+0
666	208,000000E+0	2,690000E+0	7,328000E+0	77,601000E+3	12,000000E+0
667	210,000000E+0	2,690000E+0	7,099000E+0	77,641000E+3	12,000000E+0
668	209,000000E+0	2,690000E+0	7,328000E+0	77,681000E+3	12,000000E+0
669	210,000000E+0	2,690000E+0	7,099000E+0	77,721000E+3	12,000000E+0
670	210,000000E+0	2,690000E+0	7,328000E+0	77,761000E+3	12,000000E+0
671	210,000000E+0	2,690000E+0	7,099000E+0	77,801000E+3	12,000000E+0
672	209,000000E+0	2,690000E+0	7,328000E+0	77,840000E+3	12,000000E+0
673	209,000000E+0	2,690000E+0	7,099000E+0	77,878000E+3	12,000000E+0
674	209,000000E+0	2,690000E+0	7,328000E+0	77,918000E+3	12,000000E+0
675	210,000000E+0	5,380000E+0	7,099000E+0	77,957000E+3	12,000000E+0
676	210,000000E+0	2,690000E+0	7,099000E+0	77,998000E+3	12,000000E+0
677	209,000000E+0	2,690000E+0	7,328000E+0	78,038000E+3	12,000000E+0
678	211,000000E+0	2,690000E+0	7,099000E+0	78,077000E+3	12,000000E+0
679	210,000000E+0	2,690000E+0	7,328000E+0	78,117000E+3	12,000000E+0
680	211,000000E+0	2,690000E+0	7,099000E+0	78,156000E+3	12,000000E+0
681	210,000000E+0	2,690000E+0	7,328000E+0	78,196000E+3	12,000000E+0
682	210,000000E+0	2,690000E+0	7,099000E+0	78,235000E+3	12,000000E+0
683	210,000000E+0	2,690000E+0	7,328000E+0	78,275000E+3	12,000000E+0
684	212,000000E+0	2,690000E+0	7,099000E+0	78,316000E+3	12,000000E+0
685	85,000000E+0	575,660000E+0	465,240293E+3	840,105984E+6	100,000000E-3
686	-11,264000E+3	688,640000E+0	1,875968E+3	20,069376E+6	3,072000E+3
687	-11,008000E+3	688,640000E+0	1,817344E+3	20,079872E+6	3,072000E+3
688	-11,264000E+3	688,640000E+0	1,875968E+3	20,089856E+6	3,072000E+3
689	212,000000E+0	2,690000E+0	7,099000E+0	78,517000E+3	12,000000E+0
690	213,000000E+0	2,690000E+0	7,099000E+0	78,557000E+3	12,000000E+0
691	85,000000E+0	570,280000E+0	480,248037E+3	855,900160E+6	100,000000E-3
692	213,000000E+0	2,690000E+0	7,099000E+0	78,638000E+3	12,000000E+0
693	213,000000E+0	2,690000E+0	7,328000E+0	78,677000E+3	12,000000E+0
694	214,000000E+0	2,690000E+0	7,099000E+0	78,717000E+3	12,000000E+0
695	213,000000E+0	2,690000E+0	7,328000E+0	78,758000E+3	12,000000E+0
696	215,000000E+0	2,690000E+0	7,099000E+0	78,799000E+3	12,000000E+0
697	213,000000E+0	2,690000E+0	7,328000E+0	78,839000E+3	12,000000E+0
698	214,000000E+0	2,690000E+0	7,099000E+0	78,879000E+3	12,000000E+0
699	214,000000E+0	2,690000E+0	7,099000E+0	78,920000E+3	12,000000E+0
700	214,000000E+0	2,690000E+0	7,328000E+0	78,961000E+3	12,000000E+0
701	214,000000E+0	2,690000E+0	7,328000E+0	79,002000E+3	12,000000E+0
702	213,000000E+0	2,690000E+0	7,099000E+0	79,041000E+3	12,000000E+0
703	213,000000E+0	2,690000E+0	7,328000E+0	79,083000E+3	12,000000E+0
704	213,000000E+0	2,690000E+0	7,328000E+0	79,123000E+3	12,000000E+0
705	213,000000E+0	2,690000E+0	7,328000E+0	79,162000E+3	12,000000E+0
706	212,000000E+0	2,690000E+0	7,328000E+0	79,204000E+3	12,000000E+0
707	85,000000E+0	567,590000E+0	480,248037E+3	898,433024E+6	100,000000E-3
708	85,000000E+0	567,590000E+0	480,248037E+3	901,054464E+6	100,000000E-3
709	-11,264000E+3	688,640000E+0	1,817344E+3	20,307200E+6	3,072000E+3
710	-12,032000E+3	688,640000E+0	1,875968E+3	20,317696E+6	3,072000E+3
711	85,000000E+0	567,590000E+0	465,240293E+3	908,853248E+6	100,000000E-3
712	-11,520000E+3	688,640000E+0	1,875968E+3	20,337664E+6	3,072000E+3
713	-11,776000E+3	688,640000E+0	1,817344E+3	20,347904E+6	3,072000E+3
714	-11,776000E+3	688,640000E+0	1,875968E+3	20,358400E+6	3,072000E+3
715	-12,288000E+3	688,640000E+0	1,875968E+3	20,368640E+6	3,072000E+3
716	208,000000E+0	2,690000E+0	7,099000E+0	79,603000E+3	12,000000E+0
717	208,000000E+0	2,690000E+0	7,328000E+0	79,643000E+3	12,000000E+0
718	207,000000E+0	2,690000E+0	7,328000E+0	79,683000E+3	12,000000E+0
719	207,000000E+0	2,690000E+0	7,328000E+0	79,722000E+3	12,000000E+0
720	208,000000E+0	2,690000E+0	7,099000E+0	79,762000E+3	12,000000E+0
721	206,000000E+0	2,690000E+0	7,328000E+0	79,801000E+3	12,000000E+0
722	207,000000E+0	2,690000E+0	7,099000E+0	79,840000E+3	12,000000E+0
723	208,000000E+0	2,690000E+0	7,099000E+0	79,880000E+3	12,000000E+0
724	207,000000E+0	2,690000E+0	7,328000E+0	79,919000E+3	12,000000E+0
725	207,000000E+0	2,690000E+0	7,328000E+0	79,959000E+3	12,000000E+0
726	207,000000E+0	2,690000E+0	7,099000E+0	79,997000E+3	12,000000E+0
727	208,000000E+0	2,690000E+0	7,099000E+0	80,036000E+3	12,000000E+0
728	208,000000E+0	2,690000E+0	7,099000E+0	80,077000E+3	12,000000E+0
729	85,000000E+0	559,520000E+0	465,240293E+3	955,514880E+6	100,000000E-3
730	85,000000E+0	559,520000E+0	480,248037E+3	958,136320E+6	100,000000E-3
731	85,000000E+0	554,140000E+0	465,240293E+3	960,692224E+6	100,000000E-3
732	85,000000E+0	564,900000E+0	465,240293E+3	963,248128E+6	100,000000E-3
733	85,000000E+0	556,830000E+0	480,248037E+3	965,804032E+6	100,000000E-3
734	85,000000E+0	564,900000E+0	465,240293E+3	968,425472E+6	100,000000E-3
735	-12,544000E+3	688,640000E+0	1,875968E+3	20,570368E+6	3,072000E+3
736	-11,776000E+3	688,640000E+0	1,758720E+3	20,580096E+6	3,072000E+3
737	-12,544000E+3	688,640000E+0	1,875968E+3	20,591104E+6	3,072000E+3
738	210,000000E+0	2,690000E+0	7,099000E+0	80,472000E+3	12,000000E+0
739	211,000000E+0	2,690000E+0	7,099000E+0	80,514000E+3	12,000000E+0
740	211,000000E+0	2,690000E+0	7,099000E+0	80,552000E+3	12,000000E+0
741	213,000000E+0	2,690000E+0	7,099000E+0	80,592000E+3	12,000000E+0
742	211,000000E+0	2,690000E+0	7,328000E+0	80,634000E+3	12,000000E+0
743	213,000000E+0	2,690000E+0	7,099000E+0	80,673000E+3	12,000000E+0
744	211,000000E+0	2,690000E+0	7,328000E+0	80,714000E+3	12,000000E+0
745	214,000000E+0	2,690000E+0	7,099000E+0	80,754000E+3	12,000000E+0
746	213,000000E+0	2,690000E+0	7,328000E+0	80,794000E+3	12,000000E+0
747	214,000000E+0	2,690000E+0	7,099000E+0	80,834000E+3	12,000000E+0
748	215,000000E+0	2,690000E+0	7,328000E+0	80,875000E+3	12,000000E+0
749	213,000000E+0	2,690000E+0	7,328000E+0	80,916000E+3	12,000000E+0
750	85,000000E+0	575,660000E+0	480,248037E+3	1,010696E+9	100,000000E-3
751	30,000000E+0	228,650000E+0	15,056063E+3	32,000000E+0	1,546200E+3
752	21,760000E+3	-28,922880E+3	119,101515E+6	-1,912603E+9	31,600000E+0
753	21,760000E+3	-30,988800E+3	122,943497E+6	-1,207960E+9	31,600000E+0
754	85,000000E+0	578,350000E+0	465,240293E+3	1,021313E+9	100,000000E-3
755	85,000000E+0	572,970000E+0	480,248037E+3	1,023934E+9	100,000000E-3
756	85,000000E+0	578,350000E+0	465,240293E+3	1,026621E+9	100,000000E-3
757	85,000000E+0	570,280000E+0	480,248037E+3	1,029308E+9	100,000000E-3
758	85,000000E+0	575,660000E+0	465,240293E+3	1,031864E+9	100,000000E-3
759	-11,520000E+3	688,640000E+0	1,875968E+3	20,818688E+6	3,072000E+3
760	-11,008000E+3	688,640000E+0	1,817344E+3	20,828672E+6	3,072000E+3
761	-11,264000E+3	688,640000E+0	1,875968E+3	20,839424E+6	3,072000E+3
762	-11,520000E+3	688,640000E+0	1,817344E+3	20,849408E+6	3,072000E+3
763	212,000000E+0	2,690000E+0	7,328000E+0	81,484000E+3	12,000000E+0
764	210,000000E+0	2,690000E+0	7,328000E+0	81,524000E+3	12,000000E+0
765	211,000000E+0	2,690000E+0	7,328000E+0	81,564000E+3	12,000000E+0
766	209,000000E+0	2,690000E+0	7,328000E+0	81,604000E+3	12,000000E+0
767	212,000000E+0	2,690000E+0	7,099000E+0	81,644000E+3	12,000000E+0
768	209,000000E+0	2,690000E+0	7,328000E+0	81,684000E+3	12,000000E+0
769	211,000000E+0	2,690000E+0	7,099000E+0	81,722000E+3	12,000000E+0
770	209,000000E+0	2,690000E+0	7,328000E+0	81,763000E+3	12,000000E+0
771	208,000000E+0	2,690000E+0	7,099000E+0	81,803000E+3	12,000000E+0
772	210,000000E+0	2,690000E+0	7,099000E+0	81,844000E+3	12,000000E+0
773	30,000000E+0	228,650000E+0	15,055605E+3	31,000000E+0	1,634800E+3
774	21,760000E+3	-31,677440E+3	119,101515E+6	67,108864E+6	32,000000E+0
775	21,760000E+3	-31,677440E+3	122,943497E+6	704,643072E+6	32,000000E+0
776	21,760000E+3	-31,677440E+3	122,943497E+6	1,358954E+9	32,000000E+0
777	21,760000E+3	-32,366080E+3	122,943497E+6	2,013266E+9	32,000000E+0
778	21,760000E+3	-31,677440E+3	119,101515E+6	-1,593836E+9	32,000000E+0
779	85,000000E+0	564,900000E+0	480,248037E+3	1,086915E+9	100,000000E-3
780	85,000000E+0	564,900000E+0	465,240293E+3	1,089470E+9	100,000000E-3
781	85,000000E+0	564,900000E+0	465,240293E+3	1,092026E+9	100,000000E-3
782	85,000000E+0	567,590000E+0	465,240293E+3	1,094648E+9	100,000000E-3
783	-11,520000E+3	688,640000E+0	1,817344E+3	21,063168E+6	3,072000E+3
784	-11,776000E+3	688,640000E+0	1,875968E+3	21,073408E+6	3,072000E+3
785	-11,776000E+3	688,640000E+0	1,817344E+3	21,083392E+6	3,072000E+3
786	-11,776000E+3	688,640000E+0	1,817344E+3	21,093632E+6	3,072000E+3
787	-11,008000E+3	688,640000E+0	1,817344E+3	21,103872E+6	3,072000E+3
788	211,000000E+0	2,690000E+0	7,328000E+0	82,478000E+3	12,000000E+0
789	212,000000E+0	2,690000E+0	7,099000E+0	82,518000E+3	12,000000E+0
790	212,000000E+0	2,690000E+0	7,328000E+0	82,559000E+3	12,000000E+0
791	213,000000E+0	2,690000E+0	7,099000E+0	82,599000E+3	12,000000E+0
792	213,000000E+0	2,690000E+0	7,099000E+0	82,639000E+3	12,000000E+0
793	213,000000E+0	2,690000E+0	7,099000E+0	82,679000E+3	12,000000E+0
794	30,000000E+0	228,650000E+0	15,056521E+3	31,000000E+0	1,718300E+3
795	30,000000E+0	228,650000E+0	15,056521E+3	31,000000E+0	1,722400E+3
796	30,000000E+0	228,650000E+0	15,056750E+3	31,000000E+0	1,726300E+3
797	30,000000E+0	228,650000E+0	15,056292E+3	32,000000E+0	1,730500E+3
798	30,000000E+0	228,650000E+0	15,056521E+3	32,000000E+0	1,734500E+3
799	30,000000E+0	228,650000E+0	15,056521E+3	32,000000E+0	1,738600E+3
800	21,760000E+3	-29,611520E+3	122,943497E+6	301,989888E+6	32,400000E+0
801	21,760000E+3	-29,611520E+3	119,101515E+6	989,855744E+6	32,400000E+0
802	21,760000E+3	-29,611520E+3	122,943497E+6	1,660944E+9	32,400000E+0
803	21,760000E+3	-29,611520E+3	119,101515E+6	-1,946157E+9	32,400000E+0
804	30,000000E+0	228,650000E+0	15,056521E+3	32,000000E+0	1,758800E+3
805	85,000000E+0	572,970000E+0	480,248037E+3	1,155269E+9	100,000000E-3
806	85,000000E+0	570,280000E+0	480,248037E+3	1,157956E+9	100,000000E-3
807	85,000000E+0	572,970000E+0	465,240293E+3	1,160577E+9	100,000000E-3
808	-11,008000E+3	688,640000E+0	1,875968E+3	21,320960E+6	3,072000E+3
809	-11,008000E+3	688,640000E+0	1,817344E+3	21,331456E+6	3,072000E+3
810	-11,264000E+3	688,640000E+0	1,875968E+3	21,341952E+6	3,072000E+3
811	212,000000E+0	2,690000E+0	7,099000E+0	83,407000E+3	12,000000E+0
812	-11,776000E+3	688,640000E+0	1,875968E+3	21,362432E+6	3,072000E+3
813	-12,032000E+3	688,640000E+0	1,817344E+3	21,372672E+6	3,072000E+3
814	210,000000E+0	2,690000E+0	7,099000E+0	83,526000E+3	12,000000E+0
815	210,000000E+0	2,690000E+0	7,328000E+0	83,566000E+3	12,000000E+0
816	210,000000E+0	2,690000E+0	7,328000E+0	83,607000E+3	12,000000E+0
817	207,000000E+0	2,690000E+0	7,328000E+0	83,657000E+3	12,000000E+0
818	208,000000E+0	2,690000E+0	7,328000E+0	83,705000E+3	12,000000E+0
819	208,000000E+0	2,690000E+0	7,328000E+0	83,745000E+3	12,000000E+0
820	208,000000E+0	2,690000E+0	7,328000E+0	83,785000E+3	12,000000E+0
821	208,000000E+0	2,690000E+0	7,328000E+0	83,824000E+3	12,000000E+0
822	208,000000E+0	2,690000E+0	7,328000E+0	83,864000E+3	12,000000E+0
823	207,000000E+0	2,690000E+0	7,328000E+0	83,904000E+3	12,000000E+0
824	207,000000E+0	2,690000E+0	7,328000E+0	83,943000E+3	12,000000E+0
825	207,000000E+0	2,690000E+0	7,328000E+0	83,983000E+3	12,000000E+0
826	206,000000E+0	2,690000E+0	7,328000E+0	84,022000E+3	12,000000E+0
827	207,000000E+0	2,690000E+0	7,099000E+0	84,061000E+3	12,000000E+0
828	206,000000E+0	2,690000E+0	7,099000E+0	84,100000E+3	12,000000E+0
829	208,000000E+0	2,690000E+0	7,099000E+0	84,139000E+3	12,000000E+0
830	207,000000E+0	2,690000E+0	7,328000E+0	84,180000E+3	12,000000E+0
831	208,000000E+0	2,690000E+0	7,099000E+0	84,219000E+3	12,000000E+0
832	208,000000E+0	2,690000E+0	7,099000E+0	84,268000E+3	12,000000E+0
833	208,000000E+0	2,690000E+0	7,099000E+0	84,306000E+3	12,000000E+0
834	209,000000E+0	2,690000E+0	7,099000E+0	84,345000E+3	12,000000E+0
835	208,000000E+0	2,690000E+0	7,099000E+0	84,385000E+3	12,000000E+0
836	209,000000E+0	2,690000E+0	7,328000E+0	84,425000E+3	12,000000E+0
837	207,000000E+0	2,690000E+0	7,099000E+0	84,464000E+3	12,000000E+0
838	210,000000E+0	2,690000E+0	7,099000E+0	84,504000E+3	12,000000E+0
839	207,000000E+0	2,690000E+0	7,328000E+0	84,545000E+3	12,000000E+0
840	211,000000E+0	2,690000E+0	6,870000E+0	84,585000E+3	12,000000E+0
841	208,000000E+0	2,690000E+0	7,328000E+0	84,626000E+3	12,000000E+0
842	213,000000E+0	2,690000E+0	6,870000E+0	84,664000E+3	12,000000E+0
843	210,000000E+0	2,690000E+0	7,557000E+0	84,707000E+3	12,000000E+0
844	211,000000E+0	2,690000E+0	7,099000E+0	84,745000E+3	12,000000E+0
845	213,000000E+0	2,690000E+0	7,328000E+0	84,787000E+3	12,000000E+0
846	211,000000E+0	2,690000E+0	7,099000E+0	84,826000E+3	12,000000E+0
847	215,000000E+0	2,690000E+0	7,099000E+0	84,866000E+3	12,000000E+0
848	212,000000E+0	2,690000E+0	7,328000E+0	84,907000E+3	12,000000E+0
849	216,000000E+0	2,690000E+0	7,099000E+0	84,947000E+3	12,000000E+0
850	211,000000E+0	2,690000E+0	7,328000E+0	84,989000E+3	12,000000E+0
851	214,000000E+0	2,690000E+0	7,099000E+0	85,029000E+3	12,000000E+0
852	212,000000E+0	2,690000E+0	7,328000E+0	85,071000E+3	12,000000E+0
853	212,000000E+0	2,690000E+0	7,099000E+0	85,110000E+3	12,000000E+0
854	214,000000E+0	2,690000E+0	7,328000E+0	85,151000E+3	12,000000E+0
855	212,000000E+0	2,690000E+0	7,099000E+0	85,192000E+3	12,000000E+0
856	215,000000E+0	2,690000E+0	7,099000E+0	85,232000E+3	12,000000E+0
857	212,000000E+0	0,000000E+0	7,328000E+0	85,272000E+3	12,000000E+0
858	214,000000E+0	2,690000E+0	7,099000E+0	85,313000E+3	12,000000E+0
859	212,000000E+0	2,690000E+0	7,328000E+0	85,353000E+3	12,000000E+0
860	214,000000E+0	2,690000E+0	7,099000E+0	85,393000E+3	12,000000E+0
861	211,000000E+0	2,690000E+0	7,328000E+0	85,434000E+3	12,000000E+0
862	214,000000E+0	2,690000E+0	7,099000E+0	85,475000E+3	12,000000E+0
863	210,000000E+0	2,690000E+0	7,328000E+0	85,516000E+3	12,000000E+0
864	213,000000E+0	2,690000E+0	7,099000E+0	85,555000E+3	12,000000E+0
865	209,000000E+0	2,690000E+0	7,328000E+0	85,597000E+3	12,000000E+0
866	211,000000E+0	2,690000E+0	7,099000E+0	85,636000E+3	12,000000E+0
867	210,000000E+0	2,690000E+0	7,328000E+0	85,677000E+3	12,000000E+0
868	209,000000E+0	2,690000E+0	7,099000E+0	85,716000E+3	12,000000E+0
869	212,000000E+0	2,690000E+0	7,099000E+0	85,756000E+3	12,000000E+0
870	210,000000E+0	2,690000E+0	7,099000E+0	85,795000E+3	12,000000E+0
871	211,000000E+0	2,690000E+0	7,099000E+0	85,836000E+3	12,000000E+0
872	208,000000E+0	2,690000E+0	7,328000E+0	85,877000E+3	12,000000E+0
873	210,000000E+0	2,690000E+0	7,099000E+0	85,915000E+3	12,000000E+0
874	207,000000E+0	2,690000E+0	7,328000E+0	85,956000E+3	12,000000E+0
875	210,000000E+0	2,690000E+0	7,099000E+0	85,995000E+3	12,000000E+0
876	209,000000E+0	2,690000E+0	7,328000E+0	86,034000E+3	12,000000E+0
877	209,000000E+0	2,690000E+0	7,099000E+0	86,073000E+3	12,000000E+0
878	209,000000E+0	2,690000E+0	7,099000E+0	86,112000E+3	12,000000E+0
879	209,000000E+0	2,690000E+0	7,328000E+0	86,152000E+3	12,000000E+0
880	209,000000E+0	2,690000E+0	7,099000E+0	86,193000E+3	12,000000E+0
881	209,000000E+0	2,690000E+0	7,328000E+0	86,233000E+3	12,000000E+0
882	210,000000E+0	2,690000E+0	7,099000E+0	86,271000E+3	12,000000E+0
883	210,000000E+0	2,690000E+0	7,099000E+0	86,312000E+3	12,000000E+0
884	211,000000E+0	2,690000E+0	7,099000E+0	86,351000E+3	12,000000E+0
885	211,000000E+0	2,690000E+0	7,328000E+0	86,390000E+3	12,000000E+0
886	210,000000E+0	2,690000E+0	7,328000E+0	86,431000E+3	12,000000E+0
887	211,000000E+0	2,690000E+0	7,099000E+0	86,470000E+3	12,000000E+0
888	211,000000E+0	2,690000E+0	7,099000E+0	86,510000E+3	12,000000E+0
889	213,000000E+0	2,690000E+0	7,099000E+0	86,550000E+3	12,000000E+0
890	212,000000E+0	2,690000E+0	7,328000E+0	86,590000E+3	12,000000E+0
891	213,000000E+0	2,690000E+0	7,099000E+0	86,631000E+3	12,000000E+0
892	212,000000E+0	2,690000E+0	7,328000E+0	86,672000E+3	12,000000E+0
893	212,000000E+0	2,690000E+0	7,099000E+0	86,711000E+3	12,000000E+0
894	210,000000E+0	2,690000E+0	7,328000E+0	86,751000E+3	12,000000E+0
895	213,000000E+0	2,690000E+0	7,099000E+0	86,790000E+3	12,000000E+0
896	213,000000E+0	2,690000E+0	7,328000E+0	86,832000E+3	12,000000E+0
897	214,000000E+0	2,690000E+0	7,099000E+0	86,871000E+3	12,000000E+0
898	214,000000E+0	2,690000E+0	7,099000E+0	86,912000E+3	12,000000E+0
899	213,000000E+0	2,690000E+0	7,328000E+0	86,953000E+3	12,000000E+0
900	214,000000E+0	2,690000E+0	7,099000E+0	86,994000E+3	12,000000E+0
901	213,000000E+0	2,690000E+0	7,328000E+0	87,034000E+3	12,000000E+0
902	213,000000E+0	2,690000E+0	7,099000E+0	87,075000E+3	12,000000E+0
903	212,000000E+0	2,690000E+0	7,328000E+0	87,115000E+3	12,000000E+0
904	212,000000E+0	2,690000E+0	7,099000E+0	87,156000E+3	12,000000E+0
905	212,000000E+0	2,690000E+0	7,328000E+0	87,196000E+3	12,000000E+0
906	212,000000E+0	2,690000E+0	7,099000E+0	87,236000E+3	12,000000E+0
907	212,000000E+0	2,690000E+0	7,099000E+0	87,277000E+3	12,000000E+0
908	212,000000E+0	2,690000E+0	7,099000E+0	87,317000E+3	12,000000E+0
909	213,000000E+0	2,690000E+0	7,328000E+0	87,358000E+3	12,000000E+0
910	212,000000E+0	2,690000E+0	7,328000E+0	87,398000E+3	12,000000E+0
911	212,000000E+0	2,690000E+0	7,099000E+0	87,438000E+3	12,000000E+0
912	212,000000E+0	2,690000E+0	7,328000E+0	87,479000E+3	12,000000E+0
913	212,000000E+0	2,690000E+0	7,328000E+0	87,519000E+3	12,000000E+0
914	210,000000E+0	2,690000E+0	7,328000E+0	87,559000E+3	12,000000E+0
915	210,000000E+0	2,690000E+0	7,099000E+0	87,598000E+3	12,000000E+0
916	209,000000E+0	2,690000E+0	7,328000E+0	87,638000E+3	12,000000E+0
917	210,000000E+0	2,690000E+0	7,099000E+0	87,678000E+3	12,000000E+0
918	208,000000E+0	0,000000E+0	7,328000E+0	87,719000E+3	12,000000E+0
919	208,000000E+0	0,000000E+0	7,099000E+0	87,759000E+3	12,000000E+0
920	208,000000E+0	0,000000E+0	7,328000E+0	87,796000E+3	12,000000E+0
921	206,000000E+0	0,000000E+0	7,328000E+0	87,837000E+3	12,000000E+0
922	208,000000E+0	2,690000E+0	7,099000E+0	87,877000E+3	12,000000E+0
923	206,000000E+0	2,690000E+0	7,328000E+0	87,916000E+3	12,000000E+0
924	208,000000E+0	2,690000E+0	7,099000E+0	87,956000E+3	12,000000E+0
925	207,000000E+0	2,690000E+0	7,328000E+0	87,995000E+3	12,000000E+0
926	207,000000E+0	2,690000E+0	7,099000E+0	88,033000E+3	12,000000E+0
927	207,000000E+0	2,690000E+0	7,328000E+0	88,074000E+3	12,000000E+0
928	206,000000E+0	2,690000E+0	7,328000E+0	88,113000E+3	12,000000E+0
929	207,000000E+0	2,690000E+0	7,099000E+0	88,152000E+3	12,000000E+0
930	206,000000E+0	2,690000E+0	7,328000E+0	88,192000E+3	12,000000E+0
931	207,000000E+0	2,690000E+0	7,099000E+0	88,232000E+3	12,000000E+0
932	207,000000E+0	2,690000E+0	7,328000E+0	88,272000E+3	12,000000E+0
933	207,000000E+0	2,690000E+0	7,099000E+0	88,310000E+3	12,000000E+0
934	207,000000E+0	2,690000E+0	7,099000E+0	88,351000E+3	12,000000E+0
935	207,000000E+0	2,690000E+0	7,328000E+0	88,389000E+3	12,000000E+0
936	209,000000E+0	2,690000E+0	7,099000E+0	88,428000E+3	12,000000E+0
937	208,000000E+0	2,690000E+0	7,328000E+0	88,467000E+3	12,000000E+0
938	209,000000E+0	2,690000E+0	7,099000E+0	88,507000E+3	12,000000E+0
939	209,000000E+0	2,690000E+0	7,099000E+0	88,545000E+3	12,000000E+0
940	210,000000E+0	2,690000E+0	7,099000E+0	88,585000E+3	12,000000E+0
941	209,000000E+0	2,690000E+0	7,328000E+0	88,627000E+3	12,000000E+0
942	210,000000E+0	2,690000E+0	7,099000E+0	88,666000E+3	12,000000E+0
943	209,000000E+0	2,690000E+0	7,328000E+0	88,707000E+3	12,000000E+0
944	210,000000E+0	2,690000E+0	7,099000E+0	88,746000E+3	12,000000E+0
945	213,000000E+0	2,690000E+0	7,328000E+0	88,787000E+3	12,000000E+0
946	210,000000E+0	2,690000E+0	7,328000E+0	88,828000E+3	12,000000E+0
947	214,000000E+0	2,690000E+0	7,099000E+0	88,867000E+3	12,000000E+0
948	210,000000E+0	2,690000E+0	7,328000E+0	88,908000E+3	12,000000E+0
949	215,000000E+0	2,690000E+0	6,870000E+0	88,947000E+3	12,000000E+0
950	211,000000E+0	2,690000E+0	7,328000E+0	88,998000E+3	12,000000E+0
951	21,760000E+3	-26,856960E+3	119,101515E+6	-822,083584E+6	34,700000E+0
952	212,000000E+0	2,690000E+0	7,328000E+0	89,091000E+3	12,000000E+0
953	216,000000E+0	2,690000E+0	7,099000E+0	89,142000E+3	12,000000E+0
954	211,000000E+0	2,690000E+0	7,328000E+0	89,183000E+3	12,000000E+0
955	215,000000E+0	2,690000E+0	7,099000E+0	89,221000E+3	12,000000E+0
956	209,000000E+0	2,690000E+0	7,557000E+0	89,265000E+3	12,000000E+0
957	213,000000E+0	2,690000E+0	6,870000E+0	89,304000E+3	12,000000E+0
958	212,000000E+0	2,690000E+0	7,328000E+0	89,344000E+3	12,000000E+0
959	214,000000E+0	2,690000E+0	7,099000E+0	89,385000E+3	12,000000E+0
960	214,000000E+0	2,690000E+0	7,328000E+0	89,425000E+3	12,000000E+0
961	212,000000E+0	2,690000E+0	7,099000E+0	89,465000E+3	12,000000E+0
962	213,000000E+0	2,690000E+0	7,328000E+0	89,507000E+3	12,000000E+0
963	211,000000E+0	2,690000E+0	7,099000E+0	89,546000E+3	12,000000E+0
964	213,000000E+0	2,690000E+0	7,099000E+0	89,587000E+3	12,000000E+0
965	211,000000E+0	2,690000E+0	7,328000E+0	89,627000E+3	12,000000E+0
966	213,000000E+0	2,690000E+0	7,328000E+0	89,667000E+3	12,000000E+0
967	211,000000E+0	2,690000E+0	7,328000E+0	89,708000E+3	12,000000E+0
968	211,000000E+0	2,690000E+0	7,099000E+0	89,748000E+3	12,000000E+0
969	209,000000E+0	2,690000E+0	7,328000E+0	89,788000E+3	12,000000E+0
970	211,000000E+0	2,690000E+0	7,099000E+0	89,828000E+3	12,000000E+0
971	208,000000E+0	2,690000E+0	7,328000E+0	89,868000E+3	12,000000E+0
972	211,000000E+0	2,690000E+0	7,099000E+0	89,907000E+3	12,000000E+0
973	210,000000E+0	2,690000E+0	7,328000E+0	89,947000E+3	12,000000E+0
974	208,000000E+0	2,690000E+0	7,099000E+0	89,987000E+3	12,000000E+0
975	210,000000E+0	2,690000E+0	7,328000E+0	90,027000E+3	12,000000E+0
976	208,000000E+0	2,690000E+0	7,328000E+0	90,067000E+3	12,000000E+0
977	212,000000E+0	2,690000E+0	7,099000E+0	90,107000E+3	12,000000E+0
978	208,000000E+0	2,690000E+0	7,328000E+0	90,146000E+3	12,000000E+0
979	210,000000E+0	2,690000E+0	7,099000E+0	90,184000E+3	12,000000E+0
980	209,000000E+0	2,690000E+0	7,328000E+0	90,224000E+3	12,000000E+0
981	209,000000E+0	2,690000E+0	7,099000E+0	90,263000E+3	12,000000E+0
982	209,000000E+0	2,690000E+0	7,328000E+0	90,307000E+3	12,000000E+0
983	208,000000E+0	2,690000E+0	7,099000E+0	90,344000E+3	12,000000E+0
984	209,000000E+0	2,690000E+0	7,099000E+0	90,384000E+3	12,000000E+0
985	209,000000E+0	2,690000E+0	7,328000E+0	90,424000E+3	12,000000E+0
986	210,000000E+0	2,690000E+0	7,099000E+0	90,463000E+3	12,000000E+0
987	210,000000E+0	2,690000E+0	7,099000E+0	90,502000E+3	12,000000E+0
988	210,000000E+0	2,690000E+0	7,099000E+0	90,541000E+3	12,000000E+0
989	210,000000E+0	2,690000E+0	7,099000E+0	90,581000E+3	12,000000E+0
990	212,000000E+0	2,690000E+0	7,099000E+0	90,621000E+3	12,000000E+0
991	213,000000E+0	2,690000E+0	7,099000E+0	90,661000E+3	12,000000E+0
992	213,000000E+0	2,690000E+0	7,099000E+0	90,701000E+3	12,000000E+0
993	213,000000E+0	2,690000E+0	7,099000E+0	90,742000E+3	12,000000E+0
994	212,000000E+0	2,690000E+0	7,328000E+0	90,783000E+3	12,000000E+0
995	213,000000E+0	2,690000E+0	7,328000E+0	90,823000E+3	12,000000E+0
996	212,000000E+0	2,690000E+0	7,328000E+0	90,862000E+3	12,000000E+0
997	213,000000E+0	2,690000E+0	7,099000E+0	90,902000E+3	12,000000E+0
998	213,000000E+0	2,690000E+0	7,328000E+0	90,944000E+3	12,000000E+0
999	213,000000E+0	2,690000E+0	7,099000E+0	90,983000E+3	12,000000E+0
1000	213,000000E+0	2,690000E+0	7,099000E+0	91,023000E+3	12,000000E+0
1001	213,000000E+0	2,690000E+0	7,099000E+0	91,065000E+3	12,000000E+0
1002	212,000000E+0	2,690000E+0	7,099000E+0	91,105000E+3	12,000000E+0
1003	213,000000E+0	2,690000E+0	7,099000E+0	91,145000E+3	12,000000E+0
1004	213,000000E+0	2,690000E+0	7,099000E+0	91,186000E+3	12,000000E+0
1005	212,000000E+0	2,690000E+0	7,328000E+0	91,226000E+3	12,000000E+0
1006	213,000000E+0	2,690000E+0	7,099000E+0	91,267000E+3	12,000000E+0
1007	213,000000E+0	2,690000E+0	7,328000E+0	91,308000E+3	12,000000E+0
1008	213,000000E+0	2,690000E+0	7,328000E+0	91,348000E+3	12,000000E+0
1009	212,000000E+0	2,690000E+0	7,328000E+0	91,389000E+3	12,000000E+0
1010	212,000000E+0	2,690000E+0	7,328000E+0	91,429000E+3	12,000000E+0
1011	212,000000E+0	2,690000E+0	7,328000E+0	91,469000E+3	12,000000E+0
1012	212,000000E+0	2,690000E+0	7,328000E+0	91,510000E+3	12,000000E+0
1013	211,000000E+0	2,690000E+0	7,328000E+0	91,550000E+3	12,000000E+0
1014	212,000000E+0	2,690000E+0	7,099000E+0	91,590000E+3	12,000000E+0
1015	212,000000E+0	2,690000E+0	7,099000E+0	91,631000E+3	12,000000E+0
1016	209,000000E+0	2,690000E+0	7,328000E+0	91,671000E+3	12,000000E+0
1017	210,000000E+0	2,690000E+0	7,099000E+0	91,710000E+3	12,000000E+0
1018	210,000000E+0	2,690000E+0	7,328000E+0	91,750000E+3	12,000000E+0
1019	210,000000E+0	2,690000E+0	7,099000E+0	91,790000E+3	12,000000E+0
1020	210,000000E+0	2,690000E+0	7,328000E+0	91,830000E+3	12,000000E+0
1021	209,000000E+0	0,000000E+0	7,328000E+0	91,869000E+3	12,000000E+0
1022	207,000000E+0	0,000000E+0	7,328000E+0	91,909000E+3	12,000000E+0
1023	206,000000E+0	0,000000E+0	7,328000E+0	91,949000E+3	12,000000E+0
1024	207,000000E+0	2,690000E+0	7,099000E+0	91,989000E+3	12,000000E+0
1025	206,000000E+0	2,690000E+0	7,328000E+0	92,028000E+3	12,000000E+0
1026	207,000000E+0	2,690000E+0	7,099000E+0	92,066000E+3	12,000000E+0
1027	206,000000E+0	2,690000E+0	7,328000E+0	92,107000E+3	12,000000E+0
1028	207,000000E+0	2,690000E+0	7,099000E+0	92,145000E+3	12,000000E+0
1029	205,000000E+0	2,690000E+0	7,328000E+0	92,186000E+3	12,000000E+0
1030	206,000000E+0	2,690000E+0	7,099000E+0	92,225000E+3	12,000000E+0
1031	206,000000E+0	2,690000E+0	7,328000E+0	92,264000E+3	12,000000E+0
1032	206,000000E+0	2,690000E+0	7,099000E+0	92,302000E+3	12,000000E+0
1033	208,000000E+0	2,690000E+0	7,099000E+0	92,343000E+3	12,000000E+0
1034	208,000000E+0	2,690000E+0	7,328000E+0	92,382000E+3	12,000000E+0
1035	208,000000E+0	2,690000E+0	7,328000E+0	92,421000E+3	12,000000E+0
1036	206,000000E+0	2,690000E+0	7,328000E+0	92,461000E+3	12,000000E+0
1037	207,000000E+0	2,690000E+0	7,099000E+0	92,500000E+3	12,000000E+0
1038	208,000000E+0	2,690000E+0	7,099000E+0	92,539000E+3	12,000000E+0
1039	208,000000E+0	2,690000E+0	7,099000E+0	92,579000E+3	12,000000E+0
1040	209,000000E+0	2,690000E+0	7,099000E+0	92,618000E+3	12,000000E+0
1041	209,000000E+0	2,690000E+0	7,099000E+0	92,657000E+3	12,000000E+0
1042	211,000000E+0	2,690000E+0	7,099000E+0	92,696000E+3	12,000000E+0
1043	209,000000E+0	2,690000E+0	7,328000E+0	92,738000E+3	12,000000E+0
1044	211,000000E+0	2,690000E+0	7,099000E+0	92,779000E+3	12,000000E+0
1045	211,000000E+0	2,690000E+0	7,328000E+0	92,818000E+3	12,000000E+0
1046	212,000000E+0	2,690000E+0	7,099000E+0	92,858000E+3	12,000000E+0
1047	211,000000E+0	2,690000E+0	7,328000E+0	92,900000E+3	12,000000E+0
1048	212,000000E+0	2,690000E+0	7,099000E+0	92,939000E+3	12,000000E+0
1049	211,000000E+0	2,690000E+0	7,328000E+0	92,980000E+3	12,000000E+0
1050	211,000000E+0	2,690000E+0	7,099000E+0	93,019000E+3	12,000000E+0
1051	213,000000E+0	2,690000E+0	7,328000E+0	93,059000E+3	12,000000E+0
1052	211,000000E+0	2,690000E+0	7,099000E+0	93,100000E+3	12,000000E+0
1053	216,000000E+0	2,690000E+0	7,099000E+0	93,141000E+3	12,000000E+0
1054	212,000000E+0	2,690000E+0	7,328000E+0	93,182000E+3	12,000000E+0
1055	216,000000E+0	2,690000E+0	6,870000E+0	93,223000E+3	12,000000E+0
1056	210,000000E+0	2,690000E+0	7,557000E+0	93,264000E+3	12,000000E+0
1057	214,000000E+0	2,690000E+0	6,870000E+0	93,302000E+3	12,000000E+0
1058	211,000000E+0	2,690000E+0	7,328000E+0	93,345000E+3	12,000000E+0
1059	213,000000E+0	2,690000E+0	7,099000E+0	93,385000E+3	12,000000E+0
1060	214,000000E+0	2,690000E+0	7,328000E+0	93,425000E+3	12,000000E+0
1061	212,000000E+0	2,690000E+0	7,328000E+0	93,465000E+3	12,000000E+0
1062	215,000000E+0	2,690000E+0	7,099000E+0	93,506000E+3	12,000000E+0
1063	211,000000E+0	2,690000E+0	7,328000E+0	93,546000E+3	12,000000E+0
1064	214,000000E+0	2,690000E+0	7,099000E+0	93,587000E+3	12,000000E+0
1065	211,000000E+0	2,690000E+0	7,328000E+0	93,628000E+3	12,000000E+0
1066	214,000000E+0	2,690000E+0	7,099000E+0	93,668000E+3	12,000000E+0
1067	211,000000E+0	2,690000E+0	7,328000E+0	93,709000E+3	12,000000E+0
1068	212,000000E+0	2,690000E+0	7,099000E+0	93,748000E+3	12,000000E+0
1069	211,000000E+0	2,690000E+0	7,328000E+0	93,790000E+3	12,000000E+0
1070	210,000000E+0	2,690000E+0	7,099000E+0	93,830000E+3	12,000000E+0
1071	210,000000E+0	2,690000E+0	7,328000E+0	93,869000E+3	12,000000E+0
1072	210,000000E+0	2,690000E+0	7,328000E+0	93,909000E+3	12,000000E+0
1073	210,000000E+0	2,690000E+0	7,328000E+0	93,949000E+3	12,000000E+0
1074	210,000000E+0	2,690000E+0	7,099000E+0	93,988000E+3	12,000000E+0
1075	211,000000E+0	2,690000E+0	7,328000E+0	94,028000E+3	12,000000E+0
1076	208,000000E+0	2,690000E+0	7,328000E+0	94,069000E+3	12,000000E+0
1077	210,000000E+0	2,690000E+0	7,099000E+0	94,109000E+3	12,000000E+0
1078	207,000000E+0	2,690000E+0	7,328000E+0	94,149000E+3	12,000000E+0
1079	210,000000E+0	2,690000E+0	7,099000E+0	94,188000E+3	12,000000E+0
1080	208,000000E+0	2,690000E+0	7,328000E+0	94,228000E+3	12,000000E+0
1081	210,000000E+0	2,690000E+0	7,099000E+0	94,265000E+3	12,000000E+0
1082	209,000000E+0	2,690000E+0	7,328000E+0	94,305000E+3	12,000000E+0
1083	209,000000E+0	2,690000E+0	7,099000E+0	94,344000E+3	12,000000E+0
1084	210,000000E+0	2,690000E+0	7,328000E+0	94,388000E+3	12,000000E+0
1085	208,000000E+0	2,690000E+0	7,328000E+0	94,426000E+3	12,000000E+0
1086	210,000000E+0	2,690000E+0	7,099000E+0	94,464000E+3	12,000000E+0
1087	209,000000E+0	2,690000E+0	7,328000E+0	94,504000E+3	12,000000E+0
1088	211,000000E+0	2,690000E+0	7,099000E+0	94,544000E+3	12,000000E+0
1089	211,000000E+0	2,690000E+0	7,328000E+0	94,583000E+3	12,000000E+0
1090	210,000000E+0	2,690000E+0	7,099000E+0	94,624000E+3	12,000000E+0
1091	210,000000E+0	2,690000E+0	7,328000E+0	94,663000E+3	12,000000E+0
1092	210,000000E+0	2,690000E+0	7,099000E+0	94,703000E+3	12,000000E+0
1093	212,000000E+0	2,690000E+0	7,099000E+0	94,743000E+3	12,000000E+0
1094	212,000000E+0	2,690000E+0	7,328000E+0	94,783000E+3	12,000000E+0
1095	212,000000E+0	2,690000E+0	7,099000E+0	94,824000E+3	12,000000E+0
1096	212,000000E+0	2,690000E+0	7,099000E+0	94,864000E+3	12,000000E+0
1097	213,000000E+0	2,690000E+0	7,099000E+0	94,904000E+3	12,000000E+0
1098	213,000000E+0	2,690000E+0	7,099000E+0	94,943000E+3	12,000000E+0
1099	213,000000E+0	2,690000E+0	7,099000E+0	94,983000E+3	12,000000E+0
1100	213,000000E+0	2,690000E+0	7,099000E+0	95,024000E+3	12,000000E+0
1101	213,000000E+0	2,690000E+0	7,099000E+0	95,064000E+3	12,000000E+0
1102	213,000000E+0	2,690000E+0	7,099000E+0	95,104000E+3	12,000000E+0
1103	213,000000E+0	2,690000E+0	7,099000E+0	95,144000E+3	12,000000E+0
1104	214,000000E+0	2,690000E+0	7,099000E+0	95,186000E+3	12,000000E+0
1105	213,000000E+0	2,690000E+0	7,328000E+0	95,226000E+3	12,000000E+0
1106	213,000000E+0	2,690000E+0	7,328000E+0	95,270000E+3	12,000000E+0
1107	213,000000E+0	2,690000E+0	7,328000E+0	95,308000E+3	12,000000E+0
1108	213,000000E+0	2,690000E+0	7,328000E+0	95,349000E+3	12,000000E+0
1109	213,000000E+0	2,690000E+0	7,328000E+0	95,389000E+3	12,000000E+0
1110	213,000000E+0	2,690000E+0	7,099000E+0	95,429000E+3	12,000000E+0
1111	211,000000E+0	2,690000E+0	7,328000E+0	95,470000E+3	12,000000E+0
1112	212,000000E+0	2,690000E+0	7,099000E+0	95,510000E+3	12,000000E+0
1113	212,000000E+0	2,690000E+0	7,328000E+0	95,550000E+3	12,000000E+0
1114	211,000000E+0	2,690000E+0	7,328000E+0	95,591000E+3	12,000000E+0
1115	212,000000E+0	2,690000E+0	7,099000E+0	95,631000E+3	12,000000E+0
1116	211,000000E+0	2,690000E+0	7,328000E+0	95,672000E+3	12,000000E+0
1117	211,000000E+0	2,690000E+0	7,099000E+0	95,711000E+3	12,000000E+0
1118	210,000000E+0	2,690000E+0	7,328000E+0	95,752000E+3	12,000000E+0
1119	209,000000E+0	2,690000E+0	7,099000E+0	95,791000E+3	12,000000E+0
1120	209,000000E+0	2,690000E+0	7,328000E+0	95,831000E+3	12,000000E+0
1121	210,000000E+0	2,690000E+0	7,099000E+0	95,871000E+3	12,000000E+0
1122	208,000000E+0	2,690000E+0	7,328000E+0	95,911000E+3	12,000000E+0
1123	209,000000E+0	2,690000E+0	7,328000E+0	95,951000E+3	12,000000E+0
1124	209,000000E+0	2,690000E+0	7,328000E+0	95,990000E+3	12,000000E+0
1125	208,000000E+0	2,690000E+0	7,328000E+0	96,030000E+3	12,000000E+0
1126	208,000000E+0	2,690000E+0	7,328000E+0	96,070000E+3	12,000000E+0
1127	207,000000E+0	2,690000E+0	7,328000E+0	96,109000E+3	12,000000E+0
1128	207,000000E+0	2,690000E+0	7,099000E+0	96,149000E+3	12,000000E+0
1129	207,000000E+0	2,690000E+0	7,099000E+0	96,188000E+3	12,000000E+0
1130	206,000000E+0	2,690000E+0	7,099000E+0	96,226000E+3	12,000000E+0
1131	207,000000E+0	2,690000E+0	7,328000E+0	96,267000E+3	12,000000E+0
1132	205,000000E+0	0,000000E+0	7,328000E+0	96,306000E+3	12,000000E+0
1133	206,000000E+0	0,000000E+0	7,099000E+0	96,345000E+3	12,000000E+0
1134	205,000000E+0	0,000000E+0	7,328000E+0	96,384000E+3	12,000000E+0
1135	208,000000E+0	0,000000E+0	7,099000E+0	96,424000E+3	12,000000E+0
1136	206,000000E+0	0,000000E+0	7,328000E+0	96,464000E+3	12,000000E+0
1137	208,000000E+0	2,690000E+0	7,099000E+0	96,503000E+3	12,000000E+0
1138	207,000000E+0	2,690000E+0	7,328000E+0	96,544000E+3	12,000000E+0
1139	207,000000E+0	2,690000E+0	7,099000E+0	96,581000E+3	12,000000E+0
1140	209,000000E+0	2,690000E+0	7,099000E+0	96,621000E+3	12,000000E+0
1141	207,000000E+0	2,690000E+0	7,328000E+0	96,660000E+3	12,000000E+0
1142	209,000000E+0	2,690000E+0	7,099000E+0	96,700000E+3	12,000000E+0
1143	209,000000E+0	2,690000E+0	7,099000E+0	96,739000E+3	12,000000E+0
1144	210,000000E+0	2,690000E+0	7,099000E+0	96,778000E+3	12,000000E+0
1145	210,000000E+0	2,690000E+0	7,099000E+0	96,820000E+3	12,000000E+0
1146	210,000000E+0	2,690000E+0	7,099000E+0	96,859000E+3	12,000000E+0
1147	210,000000E+0	2,690000E+0	7,099000E+0	96,899000E+3	12,000000E+0
1148	210,000000E+0	2,690000E+0	7,099000E+0	96,939000E+3	12,000000E+0
1149	213,000000E+0	2,690000E+0	7,099000E+0	96,979000E+3	12,000000E+0
1150	211,000000E+0	2,690000E+0	7,328000E+0	97,020000E+3	12,000000E+0
1151	213,000000E+0	2,690000E+0	7,099000E+0	97,060000E+3	12,000000E+0
1152	211,000000E+0	2,690000E+0	7,328000E+0	97,101000E+3	12,000000E+0
1153	214,000000E+0	2,690000E+0	7,099000E+0	97,140000E+3	12,000000E+0
1154	213,000000E+0	2,690000E+0	7,328000E+0	97,181000E+3	12,000000E+0
1155	214,000000E+0	2,690000E+0	7,099000E+0	97,221000E+3	12,000000E+0
1156	211,000000E+0	2,690000E+0	7,328000E+0	97,263000E+3	12,000000E+0
1157	212,000000E+0	2,690000E+0	7,099000E+0	97,302000E+3	12,000000E+0
1158	212,000000E+0	2,690000E+0	7,328000E+0	97,345000E+3	12,000000E+0
1159	211,000000E+0	2,690000E+0	7,099000E+0	97,384000E+3	12,000000E+0
1160	212,000000E+0	2,690000E+0	7,328000E+0	97,426000E+3	12,000000E+0
1161	210,000000E+0	2,690000E+0	7,099000E+0	97,466000E+3	12,000000E+0
1162	215,000000E+0	2,690000E+0	7,099000E+0	97,506000E+3	12,000000E+0
1163	212,000000E+0	2,690000E+0	7,328000E+0	97,546000E+3	12,000000E+0
1164	215,000000E+0	2,690000E+0	7,099000E+0	97,587000E+3	12,000000E+0
1165	212,000000E+0	2,690000E+0	7,328000E+0	97,627000E+3	12,000000E+0
1166	213,000000E+0	2,690000E+0	7,099000E+0	97,666000E+3	12,000000E+0
1167	212,000000E+0	2,690000E+0	7,328000E+0	97,709000E+3	12,000000E+0
1168	212,000000E+0	2,690000E+0	7,099000E+0	97,748000E+3	12,000000E+0
1169	213,000000E+0	2,690000E+0	7,328000E+0	97,790000E+3	12,000000E+0
1170	210,000000E+0	2,690000E+0	7,328000E+0	97,829000E+3	12,000000E+0
1171	212,000000E+0	2,690000E+0	7,328000E+0	97,870000E+3	12,000000E+0
1172	210,000000E+0	2,690000E+0	7,328000E+0	97,910000E+3	12,000000E+0
1173	211,000000E+0	2,690000E+0	7,099000E+0	97,950000E+3	12,000000E+0
1174	208,000000E+0	2,690000E+0	7,328000E+0	97,990000E+3	12,000000E+0
1175	211,000000E+0	2,690000E+0	7,099000E+0	98,030000E+3	12,000000E+0
1176	209,000000E+0	2,690000E+0	7,328000E+0	98,070000E+3	12,000000E+0
1177	210,000000E+0	2,690000E+0	7,099000E+0	98,109000E+3	12,000000E+0
1178	210,000000E+0	2,690000E+0	7,328000E+0	98,149000E+3	12,000000E+0
1179	210,000000E+0	2,690000E+0	7,099000E+0	98,189000E+3	12,000000E+0
1180	209,000000E+0	2,690000E+0	7,328000E+0	98,229000E+3	12,000000E+0
1181	209,000000E+0	2,690000E+0	7,099000E+0	98,269000E+3	12,000000E+0
1182	210,000000E+0	2,690000E+0	7,328000E+0	98,309000E+3	12,000000E+0
1183	209,000000E+0	2,690000E+0	7,328000E+0	98,347000E+3	12,000000E+0
1184	211,000000E+0	2,690000E+0	7,099000E+0	98,386000E+3	12,000000E+0
1185	208,000000E+0	2,690000E+0	7,328000E+0	98,425000E+3	12,000000E+0
1186	210,000000E+0	2,690000E+0	7,099000E+0	98,466000E+3	12,000000E+0
1187	208,000000E+0	2,690000E+0	7,328000E+0	98,507000E+3	12,000000E+0
1188	210,000000E+0	2,690000E+0	7,099000E+0	98,545000E+3	12,000000E+0
1189	208,000000E+0	2,690000E+0	7,328000E+0	98,586000E+3	12,000000E+0
1190	210,000000E+0	2,690000E+0	7,099000E+0	98,625000E+3	12,000000E+0
1191	211,000000E+0	2,690000E+0	7,099000E+0	98,664000E+3	12,000000E+0
1192	209,000000E+0	2,690000E+0	7,328000E+0	98,704000E+3	12,000000E+0
1193	211,000000E+0	2,690000E+0	7,328000E+0	98,744000E+3	12,000000E+0
1194	210,000000E+0	2,690000E+0	7,328000E+0	98,783000E+3	12,000000E+0
1195	213,000000E+0	2,690000E+0	7,099000E+0	98,824000E+3	12,000000E+0
1196	212,000000E+0	2,690000E+0	7,328000E+0	98,865000E+3	12,000000E+0
1197	212,000000E+0	2,690000E+0	7,328000E+0	98,904000E+3	12,000000E+0
1198	212,000000E+0	2,690000E+0	7,328000E+0	98,946000E+3	12,000000E+0
1199	212,000000E+0	2,690000E+0	7,099000E+0	98,985000E+3	12,000000E+0
1200	212,000000E+0	2,690000E+0	7,099000E+0	99,025000E+3	12,000000E+0
1201	212,000000E+0	2,690000E+0	7,328000E+0	99,065000E+3	12,000000E+0
1202	213,000000E+0	2,690000E+0	7,099000E+0	99,106000E+3	12,000000E+0
1203	213,000000E+0	2,690000E+0	7,328000E+0	99,146000E+3	12,000000E+0
1204	213,000000E+0	2,690000E+0	7,099000E+0	99,186000E+3	12,000000E+0
1205	213,000000E+0	2,690000E+0	7,099000E+0	99,226000E+3	12,000000E+0
1206	214,000000E+0	2,690000E+0	7,099000E+0	99,267000E+3	12,000000E+0
1207	214,000000E+0	2,690000E+0	7,328000E+0	99,307000E+3	12,000000E+0
1208	214,000000E+0	2,690000E+0	7,328000E+0	99,348000E+3	12,000000E+0
1209	214,000000E+0	2,690000E+0	7,328000E+0	99,389000E+3	12,000000E+0
1210	213,000000E+0	2,690000E+0	7,328000E+0	99,430000E+3	12,000000E+0
1211	213,000000E+0	2,690000E+0	7,328000E+0	99,470000E+3	12,000000E+0
1212	213,000000E+0	2,690000E+0	7,328000E+0	99,510000E+3	12,000000E+0
1213	212,000000E+0	2,690000E+0	7,328000E+0	99,551000E+3	12,000000E+0
1214	211,000000E+0	2,690000E+0	7,328000E+0	99,592000E+3	12,000000E+0
1215	212,000000E+0	2,690000E+0	7,099000E+0	99,632000E+3	12,000000E+0
1216	212,000000E+0	2,690000E+0	7,328000E+0	99,675000E+3	12,000000E+0
1217	85,000000E+0	572,970000E+0	465,240293E+3	-2,055143E+9	100,000000E-3
1218	211,000000E+0	2,690000E+0	7,328000E+0	99,754000E+3	12,000000E+0
1219	212,000000E+0	2,690000E+0	7,099000E+0	99,793000E+3	12,000000E+0
1220	211,000000E+0	2,690000E+0	7,328000E+0	99,834000E+3	12,000000E+0
1221	209,000000E+0	2,690000E+0	7,328000E+0	99,873000E+3	12,000000E+0
1222	209,000000E+0	2,690000E+0	7,099000E+0	99,913000E+3	12,000000E+0
1223	209,000000E+0	2,690000E+0	7,099000E+0	99,953000E+3	12,000000E+0
1224	209,000000E+0	2,690000E+0	7,099000E+0	99,993000E+3	12,000000E+0
1225	209,000000E+0	2,690000E+0	7,328000E+0	100,034000E+3	12,000000E+0
1226	208,000000E+0	2,690000E+0	7,328000E+0	100,073000E+3	12,000000E+0
1227	208,000000E+0	2,690000E+0	7,328000E+0	100,112000E+3	12,000000E+0
1228	208,000000E+0	2,690000E+0	7,099000E+0	100,152000E+3	12,000000E+0
1229	207,000000E+0	2,690000E+0	7,328000E+0	100,192000E+3	12,000000E+0
1230	207,000000E+0	2,690000E+0	7,328000E+0	100,231000E+3	12,000000E+0
1231	208,000000E+0	2,690000E+0	7,099000E+0	100,270000E+3	12,000000E+0
1232	207,000000E+0	2,690000E+0	7,328000E+0	100,310000E+3	12,000000E+0
1233	207,000000E+0	2,690000E+0	7,099000E+0	100,349000E+3	12,000000E+0
1234	207,000000E+0	2,690000E+0	7,328000E+0	100,389000E+3	12,000000E+0
1235	207,000000E+0	2,690000E+0	7,099000E+0	100,428000E+3	12,000000E+0
1236	205,000000E+0	2,690000E+0	7,328000E+0	100,467000E+3	12,000000E+0
1237	207,000000E+0	2,690000E+0	7,099000E+0	100,506000E+3	12,000000E+0
1238	208,000000E+0	2,690000E+0	7,099000E+0	100,547000E+3	12,000000E+0
1239	207,000000E+0	2,690000E+0	7,099000E+0	100,585000E+3	12,000000E+0
1240	208,000000E+0	2,690000E+0	7,099000E+0	100,626000E+3	12,000000E+0
1241	205,000000E+0	2,690000E+0	7,328000E+0	100,665000E+3	12,000000E+0
1242	209,000000E+0	2,690000E+0	7,099000E+0	100,703000E+3	12,000000E+0
1243	205,000000E+0	0,000000E+0	7,328000E+0	100,743000E+3	12,000000E+0
1244	209,000000E+0	2,690000E+0	6,870000E+0	100,782000E+3	12,000000E+0
1245	207,000000E+0	2,690000E+0	7,328000E+0	100,823000E+3	12,000000E+0
1246	209,000000E+0	2,690000E+0	7,099000E+0	100,860000E+3	12,000000E+0
1247	211,000000E+0	2,690000E+0	7,099000E+0	100,902000E+3	12,000000E+0
1248	209,000000E+0	2,690000E+0	7,328000E+0	100,942000E+3	12,000000E+0
1249	210,000000E+0	2,690000E+0	7,099000E+0	100,982000E+3	12,000000E+0
1250	210,000000E+0	2,690000E+0	7,328000E+0	101,022000E+3	12,000000E+0
