vendredi 22 décembre 2023	17:07:23	Sampling Period : 40  ms		
Unities: time [sample], PWM [raw], Current [mA], velocity [rev/min], Position [pulse], Present Input Voltage [V]

t	DXL_PWM		DXL_Current		DXL_Velocity		DXL_Position		DXL_Input_Voltage
0	253,000000E+0	20,661890E+3	26,898860E+6	256,000000E+0	0,000000E+0
1	253,000000E+0	20,661890E+3	26,898860E+6	256,000000E+0	0,000000E+0
2	253,000000E+0	20,661890E+3	26,898860E+6	256,000000E+0	0,000000E+0
3	253,000000E+0	20,661890E+3	26,898860E+6	256,000000E+0	0,000000E+0
4	30,000000E+0	228,650000E+0	-105,091306E+3	-1,000000E+0	99,500000E+0
5	30,000000E+0	228,650000E+0	-105,091306E+3	-1,000000E+0	99,500000E+0
6	30,000000E+0	228,650000E+0	-105,091306E+3	-1,000000E+0	99,500000E+0
7	30,000000E+0	228,650000E+0	-105,091306E+3	-1,000000E+0	99,500000E+0
8	30,000000E+0	228,650000E+0	14,965837E+3	-10,000000E+0	95,800000E+0
9	30,000000E+0	228,650000E+0	14,965837E+3	-10,000000E+0	95,800000E+0
10	30,000000E+0	228,650000E+0	14,965837E+3	-10,000000E+0	95,800000E+0
11	30,000000E+0	228,650000E+0	14,965837E+3	-10,000000E+0	95,800000E+0
12	65,353000E+3	176,286460E+3	-2,519000E+0	949,000000E+0	11,900000E+0
13	65,353000E+3	176,286460E+3	-2,519000E+0	949,000000E+0	11,900000E+0
14	65,353000E+3	176,286460E+3	-2,519000E+0	949,000000E+0	11,900000E+0
15	65,353000E+3	176,286460E+3	-2,519000E+0	949,000000E+0	11,900000E+0
16	65,360000E+3	176,267630E+3	-2,290000E+0	915,000000E+0	11,900000E+0
17	65,360000E+3	176,267630E+3	-2,290000E+0	915,000000E+0	11,900000E+0
18	65,360000E+3	176,267630E+3	-2,290000E+0	915,000000E+0	11,900000E+0
19	65,360000E+3	176,267630E+3	-2,290000E+0	915,000000E+0	11,900000E+0
20	65,374000E+3	176,267630E+3	-2,061000E+0	883,000000E+0	11,900000E+0
21	65,374000E+3	176,267630E+3	-2,061000E+0	883,000000E+0	11,900000E+0
22	65,374000E+3	176,267630E+3	-2,061000E+0	883,000000E+0	11,900000E+0
23	65,374000E+3	176,267630E+3	-2,061000E+0	883,000000E+0	11,900000E+0
24	65,381000E+3	176,238040E+3	-2,061000E+0	855,000000E+0	11,900000E+0
25	65,381000E+3	176,238040E+3	-2,061000E+0	855,000000E+0	11,900000E+0
26	65,381000E+3	176,238040E+3	-2,061000E+0	855,000000E+0	11,900000E+0
27	65,381000E+3	176,238040E+3	-2,061000E+0	855,000000E+0	11,900000E+0
28	65,388000E+3	176,240730E+3	-1,832000E+0	830,000000E+0	11,900000E+0
29	65,388000E+3	176,240730E+3	-1,832000E+0	830,000000E+0	11,900000E+0
30	65,388000E+3	176,240730E+3	-1,832000E+0	830,000000E+0	11,900000E+0
31	65,388000E+3	176,240730E+3	-1,832000E+0	830,000000E+0	11,900000E+0
32	65,388000E+3	176,219210E+3	-1,603000E+0	807,000000E+0	11,900000E+0
33	65,388000E+3	176,219210E+3	-1,603000E+0	807,000000E+0	11,900000E+0
34	65,388000E+3	176,219210E+3	-1,603000E+0	807,000000E+0	11,900000E+0
35	65,388000E+3	176,219210E+3	-1,603000E+0	807,000000E+0	11,900000E+0
36	65,409000E+3	176,211140E+3	-1,603000E+0	788,000000E+0	11,900000E+0
37	65,409000E+3	176,211140E+3	-1,603000E+0	788,000000E+0	11,900000E+0
38	65,409000E+3	176,211140E+3	-1,603000E+0	788,000000E+0	11,900000E+0
39	65,409000E+3	176,211140E+3	-1,603000E+0	788,000000E+0	11,900000E+0
40	65,416000E+3	176,189620E+3	-1,145000E+0	772,000000E+0	11,900000E+0
41	65,416000E+3	176,189620E+3	-1,145000E+0	772,000000E+0	11,900000E+0
42	65,416000E+3	176,189620E+3	-1,145000E+0	772,000000E+0	11,900000E+0
43	65,416000E+3	176,189620E+3	-1,145000E+0	772,000000E+0	11,900000E+0
44	65,423000E+3	176,178860E+3	-687,000000E-3	760,000000E+0	11,900000E+0
45	65,423000E+3	176,178860E+3	-687,000000E-3	760,000000E+0	11,900000E+0
46	65,423000E+3	176,178860E+3	-687,000000E-3	760,000000E+0	11,900000E+0
47	65,423000E+3	176,178860E+3	-687,000000E-3	760,000000E+0	11,900000E+0
48	65,444000E+3	176,189620E+3	-458,000000E-3	751,000000E+0	11,900000E+0
49	65,444000E+3	176,189620E+3	-458,000000E-3	751,000000E+0	11,900000E+0
50	65,444000E+3	176,189620E+3	-458,000000E-3	751,000000E+0	11,900000E+0
51	65,444000E+3	176,189620E+3	-458,000000E-3	751,000000E+0	11,900000E+0
52	65,472000E+3	176,195000E+3	0,000000E+0	747,000000E+0	11,900000E+0
53	65,472000E+3	176,195000E+3	0,000000E+0	747,000000E+0	11,900000E+0
54	65,472000E+3	176,195000E+3	0,000000E+0	747,000000E+0	11,900000E+0
55	65,472000E+3	176,195000E+3	0,000000E+0	747,000000E+0	11,900000E+0
56	65,402000E+3	176,184240E+3	-229,000000E-3	743,000000E+0	11,900000E+0
57	65,402000E+3	176,184240E+3	-229,000000E-3	743,000000E+0	11,900000E+0
58	65,402000E+3	176,184240E+3	-229,000000E-3	743,000000E+0	11,900000E+0
59	65,402000E+3	176,184240E+3	-229,000000E-3	743,000000E+0	11,900000E+0
60	65,233000E+3	176,133130E+3	-2,061000E+0	717,000000E+0	11,900000E+0
61	65,233000E+3	176,133130E+3	-2,061000E+0	717,000000E+0	11,900000E+0
62	65,233000E+3	176,133130E+3	-2,061000E+0	717,000000E+0	11,900000E+0
63	65,233000E+3	176,133130E+3	-2,061000E+0	717,000000E+0	11,900000E+0
64	65,142000E+3	176,119680E+3	-4,122000E+0	662,000000E+0	11,900000E+0
65	65,142000E+3	176,119680E+3	-4,122000E+0	662,000000E+0	11,900000E+0
66	65,142000E+3	176,119680E+3	-4,122000E+0	662,000000E+0	11,900000E+0
67	65,142000E+3	176,119680E+3	-4,122000E+0	662,000000E+0	11,900000E+0
68	65,135000E+3	176,103540E+3	-5,267000E+0	593,000000E+0	11,900000E+0
69	65,135000E+3	176,103540E+3	-5,267000E+0	593,000000E+0	11,900000E+0
70	65,135000E+3	176,103540E+3	-5,267000E+0	593,000000E+0	11,900000E+0
71	65,135000E+3	176,103540E+3	-5,267000E+0	593,000000E+0	11,900000E+0
72	30,000000E+0	228,650000E+0	-1,095640E+6	-20,000000E+0	48,700000E+0
73	30,000000E+0	228,650000E+0	-1,095640E+6	-20,000000E+0	48,700000E+0
74	30,000000E+0	228,650000E+0	-1,095640E+6	-20,000000E+0	48,700000E+0
75	30,000000E+0	228,650000E+0	-1,095640E+6	-20,000000E+0	48,700000E+0
76	65,023000E+3	688,640000E+0	1,275665E+6	-4,128937E+6	0,000000E+0
77	65,023000E+3	688,640000E+0	1,275665E+6	-4,128937E+6	0,000000E+0
78	65,023000E+3	688,640000E+0	1,275665E+6	-4,128937E+6	0,000000E+0
79	65,023000E+3	688,640000E+0	1,275665E+6	-4,128937E+6	0,000000E+0
80	65,473000E+3	174,911870E+3	450,290944E+3	85,000000E+0	0,000000E+0
81	65,473000E+3	174,911870E+3	450,290944E+3	85,000000E+0	0,000000E+0
82	65,473000E+3	174,911870E+3	450,290944E+3	85,000000E+0	0,000000E+0
83	65,473000E+3	174,911870E+3	450,290944E+3	85,000000E+0	0,000000E+0
84	51,148000E+3	176,289150E+3	115,274540E+6	-1,476373E+9	200,000000E-3
85	51,148000E+3	176,289150E+3	115,274540E+6	-1,476373E+9	200,000000E-3
86	51,148000E+3	176,289150E+3	115,274540E+6	-1,476373E+9	200,000000E-3
87	51,148000E+3	176,289150E+3	115,274540E+6	-1,476373E+9	200,000000E-3
88	16,384000E+3	176,065880E+3	3,856873E+6	5,570590E+6	56,100000E+0
89	16,384000E+3	176,065880E+3	3,856873E+6	5,570590E+6	56,100000E+0
90	16,384000E+3	176,065880E+3	3,856873E+6	5,570590E+6	56,100000E+0
91	16,384000E+3	176,065880E+3	3,856873E+6	5,570590E+6	56,100000E+0
92	256,000000E+0	80,700000E+0	1,785941E+6	720,885000E+3	0,000000E+0
93	256,000000E+0	80,700000E+0	1,785941E+6	720,885000E+3	0,000000E+0
94	256,000000E+0	80,700000E+0	1,785941E+6	720,885000E+3	0,000000E+0
95	256,000000E+0	80,700000E+0	1,785941E+6	720,885000E+3	0,000000E+0
96	256,000000E+0	80,700000E+0	2,416266E+6	786,423000E+3	0,000000E+0
97	256,000000E+0	80,700000E+0	2,416266E+6	786,423000E+3	0,000000E+0
98	256,000000E+0	80,700000E+0	2,416266E+6	786,423000E+3	0,000000E+0
99	256,000000E+0	80,700000E+0	2,416266E+6	786,423000E+3	0,000000E+0
100	65,023000E+3	688,640000E+0	1,275665E+6	-1,048471E+6	0,000000E+0
101	65,023000E+3	688,640000E+0	1,275665E+6	-1,048471E+6	0,000000E+0
102	65,023000E+3	688,640000E+0	1,275665E+6	-1,048471E+6	0,000000E+0
103	65,023000E+3	688,640000E+0	1,275665E+6	-1,048471E+6	0,000000E+0
104	65,535000E+3	680,570000E+0	326,570268E+6	-301,977344E+6	0,000000E+0
105	65,535000E+3	680,570000E+0	326,570268E+6	-301,977344E+6	0,000000E+0
106	65,535000E+3	680,570000E+0	326,570268E+6	-301,977344E+6	0,000000E+0
107	65,535000E+3	680,570000E+0	326,570268E+6	-301,977344E+6	0,000000E+0
108	256,000000E+0	80,700000E+0	315,182089E+3	524,265000E+3	0,000000E+0
109	256,000000E+0	80,700000E+0	315,182089E+3	524,265000E+3	0,000000E+0
110	256,000000E+0	80,700000E+0	315,182089E+3	524,265000E+3	0,000000E+0
111	256,000000E+0	80,700000E+0	315,182089E+3	524,265000E+3	0,000000E+0
112	65,467000E+3	174,911870E+3	450,290944E+3	917,589000E+3	0,000000E+0
113	65,467000E+3	174,911870E+3	450,290944E+3	917,589000E+3	0,000000E+0
114	65,467000E+3	174,911870E+3	450,290944E+3	917,589000E+3	0,000000E+0
115	65,467000E+3	174,911870E+3	450,290944E+3	917,589000E+3	0,000000E+0
116	65,459000E+3	174,911870E+3	450,290944E+3	1,376341E+6	0,000000E+0
117	65,459000E+3	174,911870E+3	450,290944E+3	1,376341E+6	0,000000E+0
118	65,459000E+3	174,911870E+3	450,290944E+3	1,376341E+6	0,000000E+0
119	65,459000E+3	174,911870E+3	450,290944E+3	1,376341E+6	0,000000E+0
120	65,023000E+3	688,640000E+0	1,275665E+6	-786,397000E+3	0,000000E+0
121	65,023000E+3	688,640000E+0	1,275665E+6	-786,397000E+3	0,000000E+0
122	65,023000E+3	688,640000E+0	1,275665E+6	-786,397000E+3	0,000000E+0
123	65,023000E+3	688,640000E+0	1,275665E+6	-786,397000E+3	0,000000E+0
124	46,403000E+3	176,289150E+3	115,274540E+6	1,291867E+9	300,000000E-3
125	46,403000E+3	176,289150E+3	115,274540E+6	1,291867E+9	300,000000E-3
126	46,403000E+3	176,289150E+3	115,274540E+6	1,291867E+9	300,000000E-3
127	46,403000E+3	176,289150E+3	115,274540E+6	1,291867E+9	300,000000E-3
128	256,000000E+0	80,700000E+0	2,521320E+6	720,887000E+3	0,000000E+0
129	256,000000E+0	80,700000E+0	2,521320E+6	720,887000E+3	0,000000E+0
130	256,000000E+0	80,700000E+0	2,521320E+6	720,887000E+3	0,000000E+0
131	256,000000E+0	80,700000E+0	2,521320E+6	720,887000E+3	0,000000E+0
132	256,000000E+0	80,700000E+0	5,793009E+6	1,310713E+6	0,000000E+0
133	256,000000E+0	80,700000E+0	5,793009E+6	1,310713E+6	0,000000E+0
134	256,000000E+0	80,700000E+0	5,793009E+6	1,310713E+6	0,000000E+0
135	256,000000E+0	80,700000E+0	5,793009E+6	1,310713E+6	0,000000E+0
136	256,000000E+0	80,700000E+0	5,372792E+6	1,638397E+6	0,000000E+0
137	256,000000E+0	80,700000E+0	5,372792E+6	1,638397E+6	0,000000E+0
138	256,000000E+0	80,700000E+0	5,372792E+6	1,638397E+6	0,000000E+0
139	256,000000E+0	80,700000E+0	5,372792E+6	1,638397E+6	0,000000E+0
140	256,000000E+0	80,700000E+0	-2,431235E+6	720,862000E+3	0,000000E+0
141	256,000000E+0	80,700000E+0	-2,431235E+6	720,862000E+3	0,000000E+0
142	256,000000E+0	80,700000E+0	-2,431235E+6	720,862000E+3	0,000000E+0
143	256,000000E+0	80,700000E+0	-2,431235E+6	720,862000E+3	0,000000E+0
144	65,023000E+3	688,640000E+0	1,275665E+6	-3,342815E+6	0,000000E+0
145	65,023000E+3	688,640000E+0	1,275665E+6	-3,342815E+6	0,000000E+0
146	65,023000E+3	688,640000E+0	1,275665E+6	-3,342815E+6	0,000000E+0
147	65,023000E+3	688,640000E+0	1,275665E+6	-3,342815E+6	0,000000E+0
148	253,000000E+0	20,661890E+3	-357,299386E+6	-503,329539E+6	0,000000E+0
149	253,000000E+0	20,661890E+3	-357,299386E+6	-503,329539E+6	0,000000E+0
150	253,000000E+0	20,661890E+3	-357,299386E+6	-503,329539E+6	0,000000E+0
151	253,000000E+0	20,661890E+3	-357,299386E+6	-503,329539E+6	0,000000E+0
152	65,523000E+3	174,911870E+3	450,290944E+3	-38,731691E+6	0,000000E+0
153	65,523000E+3	174,911870E+3	450,290944E+3	-38,731691E+6	0,000000E+0
154	65,523000E+3	174,911870E+3	450,290944E+3	-38,731691E+6	0,000000E+0
155	65,523000E+3	174,911870E+3	450,290944E+3	-38,731691E+6	0,000000E+0
156	65,535000E+3	680,570000E+0	326,570268E+6	-671,198464E+6	0,000000E+0
157	65,535000E+3	680,570000E+0	326,570268E+6	-671,198464E+6	0,000000E+0
158	65,535000E+3	680,570000E+0	326,570268E+6	-671,198464E+6	0,000000E+0
159	65,535000E+3	680,570000E+0	326,570268E+6	-671,198464E+6	0,000000E+0
160	253,000000E+0	20,661890E+3	280,469703E+6	-302,000641E+6	0,000000E+0
161	253,000000E+0	20,661890E+3	280,469703E+6	-302,000641E+6	0,000000E+0
162	253,000000E+0	20,661890E+3	280,469703E+6	-302,000641E+6	0,000000E+0
163	253,000000E+0	20,661890E+3	280,469703E+6	-302,000641E+6	0,000000E+0
164	65,535000E+3	680,570000E+0	326,570268E+6	-335,537152E+6	0,000000E+0
165	65,535000E+3	680,570000E+0	326,570268E+6	-335,537152E+6	0,000000E+0
166	65,535000E+3	680,570000E+0	326,570268E+6	-335,537152E+6	0,000000E+0
167	65,535000E+3	680,570000E+0	326,570268E+6	-335,537152E+6	0,000000E+0
168	65,023000E+3	688,640000E+0	1,275665E+6	-982,900000E+3	0,000000E+0
169	65,023000E+3	688,640000E+0	1,275665E+6	-982,900000E+3	0,000000E+0
170	65,023000E+3	688,640000E+0	1,275665E+6	-982,900000E+3	0,000000E+0
171	65,023000E+3	688,640000E+0	1,275665E+6	-982,900000E+3	0,000000E+0
172	65,023000E+3	688,640000E+0	1,275665E+6	-458,626000E+3	0,000000E+0
173	65,023000E+3	688,640000E+0	1,275665E+6	-458,626000E+3	0,000000E+0
174	65,023000E+3	688,640000E+0	1,275665E+6	-458,626000E+3	0,000000E+0
175	65,023000E+3	688,640000E+0	1,275665E+6	-458,626000E+3	0,000000E+0
176	17,040000E+3	176,289150E+3	115,274540E+6	-1,358933E+9	200,000000E-3
177	17,040000E+3	176,289150E+3	115,274540E+6	-1,358933E+9	200,000000E-3
178	17,040000E+3	176,289150E+3	115,274540E+6	-1,358933E+9	200,000000E-3
179	17,040000E+3	176,289150E+3	115,274540E+6	-1,358933E+9	200,000000E-3
180	44,032000E+3	176,057810E+3	3,856873E+6	5,570590E+6	67,700000E+0
181	44,032000E+3	176,057810E+3	3,856873E+6	5,570590E+6	67,700000E+0
182	44,032000E+3	176,057810E+3	3,856873E+6	5,570590E+6	67,700000E+0
183	44,032000E+3	176,057810E+3	3,856873E+6	5,570590E+6	67,700000E+0
184	19,710000E+3	176,289150E+3	115,274540E+6	822,105344E+6	200,000000E-3
185	19,710000E+3	176,289150E+3	115,274540E+6	822,105344E+6	200,000000E-3
186	19,710000E+3	176,289150E+3	115,274540E+6	822,105344E+6	200,000000E-3
187	19,710000E+3	176,289150E+3	115,274540E+6	822,105344E+6	200,000000E-3
188	65,023000E+3	688,640000E+0	1,275665E+6	-1,441771E+6	0,000000E+0
189	65,023000E+3	688,640000E+0	1,275665E+6	-1,441771E+6	0,000000E+0
190	65,023000E+3	688,640000E+0	1,275665E+6	-1,441771E+6	0,000000E+0
191	65,023000E+3	688,640000E+0	1,275665E+6	-1,441771E+6	0,000000E+0
192	65,023000E+3	688,640000E+0	1,275665E+6	-983,019000E+3	0,000000E+0
193	65,023000E+3	688,640000E+0	1,275665E+6	-983,019000E+3	0,000000E+0
194	65,023000E+3	688,640000E+0	1,275665E+6	-983,019000E+3	0,000000E+0
195	65,023000E+3	688,640000E+0	1,275665E+6	-983,019000E+3	0,000000E+0
196	53,256000E+3	176,289150E+3	115,274540E+6	352,343296E+6	200,000000E-3
197	53,256000E+3	176,289150E+3	115,274540E+6	352,343296E+6	200,000000E-3
198	53,256000E+3	176,289150E+3	115,274540E+6	352,343296E+6	200,000000E-3
199	53,256000E+3	176,289150E+3	115,274540E+6	352,343296E+6	200,000000E-3
200	65,535000E+3	680,570000E+0	326,570268E+6	-167,763200E+6	0,000000E+0
201	65,535000E+3	680,570000E+0	326,570268E+6	-167,763200E+6	0,000000E+0
202	65,535000E+3	680,570000E+0	326,570268E+6	-167,763200E+6	0,000000E+0
203	65,535000E+3	680,570000E+0	326,570268E+6	-167,763200E+6	0,000000E+0
204	63,198000E+3	176,289150E+3	115,274540E+6	1,291867E+9	300,000000E-3
205	63,198000E+3	176,289150E+3	115,274540E+6	1,291867E+9	300,000000E-3
206	63,198000E+3	176,289150E+3	115,274540E+6	1,291867E+9	300,000000E-3
207	63,198000E+3	176,289150E+3	115,274540E+6	1,291867E+9	300,000000E-3
208	253,000000E+0	20,661890E+3	-311,195597E+6	167,770368E+6	0,000000E+0
209	253,000000E+0	20,661890E+3	-311,195597E+6	167,770368E+6	0,000000E+0
210	253,000000E+0	20,661890E+3	-311,195597E+6	167,770368E+6	0,000000E+0
211	253,000000E+0	20,661890E+3	-311,195597E+6	167,770368E+6	0,000000E+0
212	65,023000E+3	688,640000E+0	1,275665E+6	-327,287000E+3	0,000000E+0
213	65,023000E+3	688,640000E+0	1,275665E+6	-327,287000E+3	0,000000E+0
214	65,023000E+3	688,640000E+0	1,275665E+6	-327,287000E+3	0,000000E+0
215	65,023000E+3	688,640000E+0	1,275665E+6	-327,287000E+3	0,000000E+0
216	65,023000E+3	688,640000E+0	1,275665E+6	-65,171000E+3	0,000000E+0
217	65,023000E+3	688,640000E+0	1,275665E+6	-65,171000E+3	0,000000E+0
218	65,023000E+3	688,640000E+0	1,275665E+6	-65,171000E+3	0,000000E+0
219	65,023000E+3	688,640000E+0	1,275665E+6	-65,171000E+3	0,000000E+0
220	253,000000E+0	20,661890E+3	361,151335E+6	184,540671E+6	0,000000E+0
221	253,000000E+0	20,661890E+3	361,151335E+6	184,540671E+6	0,000000E+0
222	253,000000E+0	20,661890E+3	361,151335E+6	184,540671E+6	0,000000E+0
223	253,000000E+0	20,661890E+3	361,151335E+6	184,540671E+6	0,000000E+0
224	13,603000E+3	176,289150E+3	115,274540E+6	318,788864E+6	300,000000E-3
225	13,603000E+3	176,289150E+3	115,274540E+6	318,788864E+6	300,000000E-3
226	13,603000E+3	176,289150E+3	115,274540E+6	318,788864E+6	300,000000E-3
227	13,603000E+3	176,289150E+3	115,274540E+6	318,788864E+6	300,000000E-3
228	65,023000E+3	688,640000E+0	1,275665E+6	-3,277405E+6	0,000000E+0
229	65,023000E+3	688,640000E+0	1,275665E+6	-3,277405E+6	0,000000E+0
230	65,023000E+3	688,640000E+0	1,275665E+6	-3,277405E+6	0,000000E+0
231	65,023000E+3	688,640000E+0	1,275665E+6	-3,277405E+6	0,000000E+0
232	65,023000E+3	688,640000E+0	1,275665E+6	-3,539535E+6	0,000000E+0
233	65,023000E+3	688,640000E+0	1,275665E+6	-3,539535E+6	0,000000E+0
234	65,023000E+3	688,640000E+0	1,275665E+6	-3,539535E+6	0,000000E+0
235	65,023000E+3	688,640000E+0	1,275665E+6	-3,539535E+6	0,000000E+0
236	65,535000E+3	174,911870E+3	450,290944E+3	-30,015403E+6	0,000000E+0
237	65,535000E+3	174,911870E+3	450,290944E+3	-30,015403E+6	0,000000E+0
238	65,535000E+3	174,911870E+3	450,290944E+3	-30,015403E+6	0,000000E+0
239	65,535000E+3	174,911870E+3	450,290944E+3	-30,015403E+6	0,000000E+0
240	6,215000E+3	176,289150E+3	115,274540E+6	1,224759E+9	200,000000E-3
241	6,215000E+3	176,289150E+3	115,274540E+6	1,224759E+9	200,000000E-3
242	6,215000E+3	176,289150E+3	115,274540E+6	1,224759E+9	200,000000E-3
243	6,215000E+3	176,289150E+3	115,274540E+6	1,224759E+9	200,000000E-3
244	65,023000E+3	688,640000E+0	1,275665E+6	-1,310692E+6	0,000000E+0
245	65,023000E+3	688,640000E+0	1,275665E+6	-1,310692E+6	0,000000E+0
246	65,023000E+3	688,640000E+0	1,275665E+6	-1,310692E+6	0,000000E+0
247	65,023000E+3	688,640000E+0	1,275665E+6	-1,310692E+6	0,000000E+0
248	253,000000E+0	20,661890E+3	-445,664983E+6	134,212864E+6	0,000000E+0
249	253,000000E+0	20,661890E+3	-445,664983E+6	134,212864E+6	0,000000E+0
250	253,000000E+0	20,661890E+3	-445,664983E+6	134,212864E+6	0,000000E+0
251	253,000000E+0	20,661890E+3	-445,664983E+6	134,212864E+6	0,000000E+0
252	119,000000E+0	176,262250E+3	2,061000E+0	602,000000E+0	11,900000E+0
253	119,000000E+0	176,262250E+3	2,061000E+0	602,000000E+0	11,900000E+0
254	119,000000E+0	176,262250E+3	2,061000E+0	602,000000E+0	11,900000E+0
255	119,000000E+0	176,262250E+3	2,061000E+0	602,000000E+0	11,900000E+0
256	168,000000E+0	176,273010E+3	2,519000E+0	636,000000E+0	11,900000E+0
257	168,000000E+0	176,273010E+3	2,519000E+0	636,000000E+0	11,900000E+0
258	168,000000E+0	176,273010E+3	2,519000E+0	636,000000E+0	11,900000E+0
259	168,000000E+0	176,273010E+3	2,519000E+0	636,000000E+0	11,900000E+0
260	112,000000E+0	176,259560E+3	2,519000E+0	677,000000E+0	11,900000E+0
261	112,000000E+0	176,259560E+3	2,519000E+0	677,000000E+0	11,900000E+0
262	112,000000E+0	176,259560E+3	2,519000E+0	677,000000E+0	11,900000E+0
263	112,000000E+0	176,259560E+3	2,519000E+0	677,000000E+0	11,900000E+0
264	49,000000E+0	176,248800E+3	2,061000E+0	705,000000E+0	11,900000E+0
265	49,000000E+0	176,248800E+3	2,061000E+0	705,000000E+0	11,900000E+0
266	49,000000E+0	176,248800E+3	2,061000E+0	705,000000E+0	11,900000E+0
267	49,000000E+0	176,248800E+3	2,061000E+0	705,000000E+0	11,900000E+0
268	21,000000E+0	176,229970E+3	1,603000E+0	723,000000E+0	12,000000E+0
269	21,000000E+0	176,229970E+3	1,603000E+0	723,000000E+0	12,000000E+0
270	21,000000E+0	176,229970E+3	1,603000E+0	723,000000E+0	12,000000E+0
271	21,000000E+0	176,229970E+3	1,603000E+0	723,000000E+0	12,000000E+0
272	14,000000E+0	176,246110E+3	916,000000E-3	733,000000E+0	12,000000E+0
273	14,000000E+0	176,246110E+3	916,000000E-3	733,000000E+0	12,000000E+0
274	14,000000E+0	176,246110E+3	916,000000E-3	733,000000E+0	12,000000E+0
275	14,000000E+0	176,246110E+3	916,000000E-3	733,000000E+0	12,000000E+0
276	21,000000E+0	176,259560E+3	687,000000E-3	742,000000E+0	12,000000E+0
277	21,000000E+0	176,259560E+3	687,000000E-3	742,000000E+0	12,000000E+0
278	21,000000E+0	176,259560E+3	687,000000E-3	742,000000E+0	12,000000E+0
279	21,000000E+0	176,259560E+3	687,000000E-3	742,000000E+0	12,000000E+0
280	35,000000E+0	176,262250E+3	687,000000E-3	753,000000E+0	12,000000E+0
281	35,000000E+0	176,262250E+3	687,000000E-3	753,000000E+0	12,000000E+0
282	35,000000E+0	176,262250E+3	687,000000E-3	753,000000E+0	12,000000E+0
283	35,000000E+0	176,262250E+3	687,000000E-3	753,000000E+0	12,000000E+0
284	77,000000E+0	176,267630E+3	1,145000E+0	768,000000E+0	12,000000E+0
285	77,000000E+0	176,267630E+3	1,145000E+0	768,000000E+0	12,000000E+0
286	77,000000E+0	176,267630E+3	1,145000E+0	768,000000E+0	12,000000E+0
287	77,000000E+0	176,267630E+3	1,145000E+0	768,000000E+0	12,000000E+0
288	168,000000E+0	176,270320E+3	2,290000E+0	795,000000E+0	11,900000E+0
289	168,000000E+0	176,270320E+3	2,290000E+0	795,000000E+0	11,900000E+0
290	168,000000E+0	176,270320E+3	2,290000E+0	795,000000E+0	11,900000E+0
291	168,000000E+0	176,270320E+3	2,290000E+0	795,000000E+0	11,900000E+0
292	386,000000E+0	176,281080E+3	4,351000E+0	847,000000E+0	11,900000E+0
293	386,000000E+0	176,281080E+3	4,351000E+0	847,000000E+0	11,900000E+0
294	386,000000E+0	176,281080E+3	4,351000E+0	847,000000E+0	11,900000E+0
295	386,000000E+0	176,281080E+3	4,351000E+0	847,000000E+0	11,900000E+0
296	358,000000E+0	176,289150E+3	5,496000E+0	926,000000E+0	11,900000E+0
297	358,000000E+0	176,289150E+3	5,496000E+0	926,000000E+0	11,900000E+0
298	358,000000E+0	176,289150E+3	5,496000E+0	926,000000E+0	11,900000E+0
299	358,000000E+0	176,289150E+3	5,496000E+0	926,000000E+0	11,900000E+0
300	65,374000E+3	176,200380E+3	2,519000E+0	974,000000E+0	11,900000E+0
301	65,374000E+3	176,200380E+3	2,519000E+0	974,000000E+0	11,900000E+0
302	65,374000E+3	176,200380E+3	2,519000E+0	974,000000E+0	11,900000E+0
303	65,374000E+3	176,200380E+3	2,519000E+0	974,000000E+0	11,900000E+0
304	65,050000E+3	176,157340E+3	-2,748000E+0	924,000000E+0	11,900000E+0
305	65,050000E+3	176,157340E+3	-2,748000E+0	924,000000E+0	11,900000E+0
306	65,050000E+3	176,157340E+3	-2,748000E+0	924,000000E+0	11,900000E+0
307	65,050000E+3	176,157340E+3	-2,748000E+0	924,000000E+0	11,900000E+0
308	64,931000E+3	176,154650E+3	-7,099000E+0	821,000000E+0	11,900000E+0
309	64,931000E+3	176,154650E+3	-7,099000E+0	821,000000E+0	11,900000E+0
310	64,931000E+3	176,154650E+3	-7,099000E+0	821,000000E+0	11,900000E+0
311	64,931000E+3	176,154650E+3	-7,099000E+0	821,000000E+0	11,900000E+0
312	64,945000E+3	176,149270E+3	-8,473000E+0	704,000000E+0	11,900000E+0
313	64,945000E+3	176,149270E+3	-8,473000E+0	704,000000E+0	11,900000E+0
314	64,945000E+3	176,149270E+3	-8,473000E+0	704,000000E+0	11,900000E+0
315	64,945000E+3	176,149270E+3	-8,473000E+0	704,000000E+0	11,900000E+0
316	65,100000E+3	176,181550E+3	-6,870000E+0	606,000000E+0	11,900000E+0
317	65,100000E+3	176,181550E+3	-6,870000E+0	606,000000E+0	11,900000E+0
318	65,100000E+3	176,181550E+3	-6,870000E+0	606,000000E+0	11,900000E+0
319	65,100000E+3	176,181550E+3	-6,870000E+0	606,000000E+0	11,900000E+0
320	65,360000E+3	176,184240E+3	-4,351000E+0	547,000000E+0	11,900000E+0
321	65,360000E+3	176,184240E+3	-4,351000E+0	547,000000E+0	11,900000E+0
322	65,360000E+3	176,184240E+3	-4,351000E+0	547,000000E+0	11,900000E+0
323	65,360000E+3	176,184240E+3	-4,351000E+0	547,000000E+0	11,900000E+0
324	35,000000E+0	176,238040E+3	-458,000000E-3	541,000000E+0	11,900000E+0
325	35,000000E+0	176,238040E+3	-458,000000E-3	541,000000E+0	11,900000E+0
326	35,000000E+0	176,238040E+3	-458,000000E-3	541,000000E+0	11,900000E+0
327	35,000000E+0	176,238040E+3	-458,000000E-3	541,000000E+0	11,900000E+0
328	147,000000E+0	176,246110E+3	1,603000E+0	566,000000E+0	11,900000E+0
329	147,000000E+0	176,246110E+3	1,603000E+0	566,000000E+0	11,900000E+0
330	147,000000E+0	176,246110E+3	1,603000E+0	566,000000E+0	11,900000E+0
331	147,000000E+0	176,246110E+3	1,603000E+0	566,000000E+0	11,900000E+0
332	119,000000E+0	176,267630E+3	1,832000E+0	602,000000E+0	11,900000E+0
333	119,000000E+0	176,267630E+3	1,832000E+0	602,000000E+0	11,900000E+0
334	119,000000E+0	176,267630E+3	1,832000E+0	602,000000E+0	11,900000E+0
335	119,000000E+0	176,267630E+3	1,832000E+0	602,000000E+0	11,900000E+0
336	175,000000E+0	176,278390E+3	2,290000E+0	636,000000E+0	11,900000E+0
337	175,000000E+0	176,278390E+3	2,290000E+0	636,000000E+0	11,900000E+0
338	175,000000E+0	176,278390E+3	2,290000E+0	636,000000E+0	11,900000E+0
339	175,000000E+0	176,278390E+3	2,290000E+0	636,000000E+0	11,900000E+0
340	105,000000E+0	176,259560E+3	2,748000E+0	677,000000E+0	11,900000E+0
341	105,000000E+0	176,259560E+3	2,748000E+0	677,000000E+0	11,900000E+0
342	105,000000E+0	176,259560E+3	2,748000E+0	677,000000E+0	11,900000E+0
343	105,000000E+0	176,259560E+3	2,748000E+0	677,000000E+0	11,900000E+0
344	49,000000E+0	176,248800E+3	2,061000E+0	705,000000E+0	11,900000E+0
345	49,000000E+0	176,248800E+3	2,061000E+0	705,000000E+0	11,900000E+0
346	49,000000E+0	176,248800E+3	2,061000E+0	705,000000E+0	11,900000E+0
347	49,000000E+0	176,248800E+3	2,061000E+0	705,000000E+0	11,900000E+0
348	21,000000E+0	176,227280E+3	1,603000E+0	722,000000E+0	11,900000E+0
349	21,000000E+0	176,227280E+3	1,603000E+0	722,000000E+0	11,900000E+0
350	21,000000E+0	176,227280E+3	1,603000E+0	722,000000E+0	11,900000E+0
351	21,000000E+0	176,227280E+3	1,603000E+0	722,000000E+0	11,900000E+0
352	14,000000E+0	176,248800E+3	916,000000E-3	733,000000E+0	11,900000E+0
353	14,000000E+0	176,248800E+3	916,000000E-3	733,000000E+0	11,900000E+0
354	14,000000E+0	176,248800E+3	916,000000E-3	733,000000E+0	11,900000E+0
355	14,000000E+0	176,248800E+3	916,000000E-3	733,000000E+0	11,900000E+0
356	21,000000E+0	176,259560E+3	687,000000E-3	742,000000E+0	11,900000E+0
357	21,000000E+0	176,259560E+3	687,000000E-3	742,000000E+0	11,900000E+0
358	21,000000E+0	176,259560E+3	687,000000E-3	742,000000E+0	11,900000E+0
359	21,000000E+0	176,259560E+3	687,000000E-3	742,000000E+0	11,900000E+0
360	35,000000E+0	176,262250E+3	687,000000E-3	753,000000E+0	11,900000E+0
361	35,000000E+0	176,262250E+3	687,000000E-3	753,000000E+0	11,900000E+0
362	35,000000E+0	176,262250E+3	687,000000E-3	753,000000E+0	11,900000E+0
363	35,000000E+0	176,262250E+3	687,000000E-3	753,000000E+0	11,900000E+0
364	77,000000E+0	176,267630E+3	916,000000E-3	768,000000E+0	11,900000E+0
365	77,000000E+0	176,267630E+3	916,000000E-3	768,000000E+0	11,900000E+0
366	77,000000E+0	176,267630E+3	916,000000E-3	768,000000E+0	11,900000E+0
367	77,000000E+0	176,267630E+3	916,000000E-3	768,000000E+0	11,900000E+0
368	168,000000E+0	176,270320E+3	2,061000E+0	795,000000E+0	11,900000E+0
369	168,000000E+0	176,270320E+3	2,061000E+0	795,000000E+0	11,900000E+0
370	168,000000E+0	176,270320E+3	2,061000E+0	795,000000E+0	11,900000E+0
371	168,000000E+0	176,270320E+3	2,061000E+0	795,000000E+0	11,900000E+0
372	386,000000E+0	176,278390E+3	4,122000E+0	846,000000E+0	11,900000E+0
373	386,000000E+0	176,278390E+3	4,122000E+0	846,000000E+0	11,900000E+0
374	386,000000E+0	176,278390E+3	4,122000E+0	846,000000E+0	11,900000E+0
375	386,000000E+0	176,278390E+3	4,122000E+0	846,000000E+0	11,900000E+0
376	358,000000E+0	176,286460E+3	5,496000E+0	926,000000E+0	11,900000E+0
377	358,000000E+0	176,286460E+3	5,496000E+0	926,000000E+0	11,900000E+0
378	358,000000E+0	176,286460E+3	5,496000E+0	926,000000E+0	11,900000E+0
379	358,000000E+0	176,286460E+3	5,496000E+0	926,000000E+0	11,900000E+0
380	65,374000E+3	176,197690E+3	2,290000E+0	973,000000E+0	11,900000E+0
381	65,374000E+3	176,197690E+3	2,290000E+0	973,000000E+0	11,900000E+0
382	65,374000E+3	176,197690E+3	2,290000E+0	973,000000E+0	11,900000E+0
383	65,374000E+3	176,197690E+3	2,290000E+0	973,000000E+0	11,900000E+0
384	65,050000E+3	176,151960E+3	-2,748000E+0	924,000000E+0	11,900000E+0
385	65,050000E+3	176,151960E+3	-2,748000E+0	924,000000E+0	11,900000E+0
386	65,050000E+3	176,151960E+3	-2,748000E+0	924,000000E+0	11,900000E+0
387	65,050000E+3	176,151960E+3	-2,748000E+0	924,000000E+0	11,900000E+0
388	64,931000E+3	176,157340E+3	-7,328000E+0	821,000000E+0	11,900000E+0
389	64,931000E+3	176,157340E+3	-7,328000E+0	821,000000E+0	11,900000E+0
390	64,931000E+3	176,157340E+3	-7,328000E+0	821,000000E+0	11,900000E+0
391	64,931000E+3	176,157340E+3	-7,328000E+0	821,000000E+0	11,900000E+0
392	64,952000E+3	176,154650E+3	-8,473000E+0	704,000000E+0	11,900000E+0
393	64,952000E+3	176,154650E+3	-8,473000E+0	704,000000E+0	11,900000E+0
394	64,952000E+3	176,154650E+3	-8,473000E+0	704,000000E+0	11,900000E+0
395	64,952000E+3	176,154650E+3	-8,473000E+0	704,000000E+0	11,900000E+0
396	65,100000E+3	176,181550E+3	-6,870000E+0	605,000000E+0	11,900000E+0
397	65,100000E+3	176,181550E+3	-6,870000E+0	605,000000E+0	11,900000E+0
398	65,100000E+3	176,181550E+3	-6,870000E+0	605,000000E+0	11,900000E+0
399	65,100000E+3	176,181550E+3	-6,870000E+0	605,000000E+0	11,900000E+0
400	65,360000E+3	176,184240E+3	-4,351000E+0	547,000000E+0	11,900000E+0
401	65,360000E+3	176,184240E+3	-4,351000E+0	547,000000E+0	11,900000E+0
402	65,360000E+3	176,184240E+3	-4,351000E+0	547,000000E+0	11,900000E+0
403	65,360000E+3	176,184240E+3	-4,351000E+0	547,000000E+0	11,900000E+0
404	28,000000E+0	176,238040E+3	-458,000000E-3	542,000000E+0	11,900000E+0
405	28,000000E+0	176,238040E+3	-458,000000E-3	542,000000E+0	11,900000E+0
406	28,000000E+0	176,238040E+3	-458,000000E-3	542,000000E+0	11,900000E+0
407	28,000000E+0	176,238040E+3	-458,000000E-3	542,000000E+0	11,900000E+0
408	147,000000E+0	176,240730E+3	1,603000E+0	566,000000E+0	11,900000E+0
409	147,000000E+0	176,240730E+3	1,603000E+0	566,000000E+0	11,900000E+0
410	147,000000E+0	176,240730E+3	1,603000E+0	566,000000E+0	11,900000E+0
411	147,000000E+0	176,240730E+3	1,603000E+0	566,000000E+0	11,900000E+0
412	119,000000E+0	176,264940E+3	2,061000E+0	602,000000E+0	11,900000E+0
413	119,000000E+0	176,264940E+3	2,061000E+0	602,000000E+0	11,900000E+0
414	119,000000E+0	176,264940E+3	2,061000E+0	602,000000E+0	11,900000E+0
415	119,000000E+0	176,264940E+3	2,061000E+0	602,000000E+0	11,900000E+0
416	168,000000E+0	176,281080E+3	2,290000E+0	636,000000E+0	11,900000E+0
417	168,000000E+0	176,281080E+3	2,290000E+0	636,000000E+0	11,900000E+0
418	168,000000E+0	176,281080E+3	2,290000E+0	636,000000E+0	11,900000E+0
419	168,000000E+0	176,281080E+3	2,290000E+0	636,000000E+0	11,900000E+0
420	105,000000E+0	176,262250E+3	2,748000E+0	677,000000E+0	11,900000E+0
421	105,000000E+0	176,262250E+3	2,748000E+0	677,000000E+0	11,900000E+0
422	105,000000E+0	176,262250E+3	2,748000E+0	677,000000E+0	11,900000E+0
423	105,000000E+0	176,262250E+3	2,748000E+0	677,000000E+0	11,900000E+0
424	49,000000E+0	176,251490E+3	2,061000E+0	705,000000E+0	12,000000E+0
425	49,000000E+0	176,251490E+3	2,061000E+0	705,000000E+0	12,000000E+0
426	49,000000E+0	176,251490E+3	2,061000E+0	705,000000E+0	12,000000E+0
427	49,000000E+0	176,251490E+3	2,061000E+0	705,000000E+0	12,000000E+0
428	14,000000E+0	176,227280E+3	1,603000E+0	723,000000E+0	12,000000E+0
429	14,000000E+0	176,227280E+3	1,603000E+0	723,000000E+0	12,000000E+0
430	14,000000E+0	176,227280E+3	1,603000E+0	723,000000E+0	12,000000E+0
431	14,000000E+0	176,227280E+3	1,603000E+0	723,000000E+0	12,000000E+0
432	14,000000E+0	176,243420E+3	916,000000E-3	733,000000E+0	12,000000E+0
433	14,000000E+0	176,243420E+3	916,000000E-3	733,000000E+0	12,000000E+0
434	14,000000E+0	176,243420E+3	916,000000E-3	733,000000E+0	12,000000E+0
435	14,000000E+0	176,243420E+3	916,000000E-3	733,000000E+0	12,000000E+0
436	21,000000E+0	176,256870E+3	458,000000E-3	742,000000E+0	12,000000E+0
437	21,000000E+0	176,256870E+3	458,000000E-3	742,000000E+0	12,000000E+0
438	21,000000E+0	176,256870E+3	458,000000E-3	742,000000E+0	12,000000E+0
439	21,000000E+0	176,256870E+3	458,000000E-3	742,000000E+0	12,000000E+0
440	35,000000E+0	176,262250E+3	687,000000E-3	754,000000E+0	12,000000E+0
441	35,000000E+0	176,262250E+3	687,000000E-3	754,000000E+0	12,000000E+0
442	35,000000E+0	176,262250E+3	687,000000E-3	754,000000E+0	12,000000E+0
443	35,000000E+0	176,262250E+3	687,000000E-3	754,000000E+0	12,000000E+0
444	77,000000E+0	176,267630E+3	916,000000E-3	768,000000E+0	12,000000E+0
445	77,000000E+0	176,267630E+3	916,000000E-3	768,000000E+0	12,000000E+0
446	77,000000E+0	176,267630E+3	916,000000E-3	768,000000E+0	12,000000E+0
447	77,000000E+0	176,267630E+3	916,000000E-3	768,000000E+0	12,000000E+0
448	168,000000E+0	176,270320E+3	2,061000E+0	795,000000E+0	11,900000E+0
449	168,000000E+0	176,270320E+3	2,061000E+0	795,000000E+0	11,900000E+0
450	168,000000E+0	176,270320E+3	2,061000E+0	795,000000E+0	11,900000E+0
451	168,000000E+0	176,270320E+3	2,061000E+0	795,000000E+0	11,900000E+0
452	386,000000E+0	176,278390E+3	4,351000E+0	846,000000E+0	11,900000E+0
453	386,000000E+0	176,278390E+3	4,351000E+0	846,000000E+0	11,900000E+0
454	386,000000E+0	176,278390E+3	4,351000E+0	846,000000E+0	11,900000E+0
455	386,000000E+0	176,278390E+3	4,351000E+0	846,000000E+0	11,900000E+0
456	358,000000E+0	176,289150E+3	5,496000E+0	927,000000E+0	11,900000E+0
457	358,000000E+0	176,289150E+3	5,496000E+0	927,000000E+0	11,900000E+0
458	358,000000E+0	176,289150E+3	5,496000E+0	927,000000E+0	11,900000E+0
459	358,000000E+0	176,289150E+3	5,496000E+0	927,000000E+0	11,900000E+0
460	65,374000E+3	176,200380E+3	2,290000E+0	973,000000E+0	11,900000E+0
461	65,374000E+3	176,200380E+3	2,290000E+0	973,000000E+0	11,900000E+0
462	65,374000E+3	176,200380E+3	2,290000E+0	973,000000E+0	11,900000E+0
463	65,374000E+3	176,200380E+3	2,290000E+0	973,000000E+0	11,900000E+0
464	65,050000E+3	176,157340E+3	-2,748000E+0	924,000000E+0	11,900000E+0
465	65,050000E+3	176,157340E+3	-2,748000E+0	924,000000E+0	11,900000E+0
466	65,050000E+3	176,157340E+3	-2,748000E+0	924,000000E+0	11,900000E+0
467	65,050000E+3	176,157340E+3	-2,748000E+0	924,000000E+0	11,900000E+0
468	64,931000E+3	176,160030E+3	-7,328000E+0	820,000000E+0	11,800000E+0
469	64,931000E+3	176,160030E+3	-7,328000E+0	820,000000E+0	11,800000E+0
470	64,931000E+3	176,160030E+3	-7,328000E+0	820,000000E+0	11,800000E+0
471	64,931000E+3	176,160030E+3	-7,328000E+0	820,000000E+0	11,800000E+0
472	64,931000E+3	176,160030E+3	-8,015000E+0	706,000000E+0	11,900000E+0
473	64,931000E+3	176,160030E+3	-8,015000E+0	706,000000E+0	11,900000E+0
474	64,931000E+3	176,160030E+3	-8,015000E+0	706,000000E+0	11,900000E+0
475	64,931000E+3	176,160030E+3	-8,015000E+0	706,000000E+0	11,900000E+0
476	65,107000E+3	176,181550E+3	-6,870000E+0	605,000000E+0	11,900000E+0
477	65,107000E+3	176,181550E+3	-6,870000E+0	605,000000E+0	11,900000E+0
478	65,107000E+3	176,181550E+3	-6,870000E+0	605,000000E+0	11,900000E+0
479	65,107000E+3	176,181550E+3	-6,870000E+0	605,000000E+0	11,900000E+0
480	65,360000E+3	176,189620E+3	-4,351000E+0	547,000000E+0	11,900000E+0
481	65,360000E+3	176,189620E+3	-4,351000E+0	547,000000E+0	11,900000E+0
482	65,360000E+3	176,189620E+3	-4,351000E+0	547,000000E+0	11,900000E+0
483	65,360000E+3	176,189620E+3	-4,351000E+0	547,000000E+0	11,900000E+0
484	28,000000E+0	176,235350E+3	-229,000000E-3	542,000000E+0	11,900000E+0
485	28,000000E+0	176,235350E+3	-229,000000E-3	542,000000E+0	11,900000E+0
486	28,000000E+0	176,235350E+3	-229,000000E-3	542,000000E+0	11,900000E+0
487	28,000000E+0	176,235350E+3	-229,000000E-3	542,000000E+0	11,900000E+0
488	154,000000E+0	176,243420E+3	1,374000E+0	564,000000E+0	11,900000E+0
489	154,000000E+0	176,243420E+3	1,374000E+0	564,000000E+0	11,900000E+0
490	154,000000E+0	176,243420E+3	1,374000E+0	564,000000E+0	11,900000E+0
491	154,000000E+0	176,243420E+3	1,374000E+0	564,000000E+0	11,900000E+0
492	119,000000E+0	176,264940E+3	2,061000E+0	602,000000E+0	11,900000E+0
493	119,000000E+0	176,264940E+3	2,061000E+0	602,000000E+0	11,900000E+0
494	119,000000E+0	176,264940E+3	2,061000E+0	602,000000E+0	11,900000E+0
495	119,000000E+0	176,264940E+3	2,061000E+0	602,000000E+0	11,900000E+0
496	168,000000E+0	176,275700E+3	2,519000E+0	636,000000E+0	11,900000E+0
497	168,000000E+0	176,275700E+3	2,519000E+0	636,000000E+0	11,900000E+0
498	168,000000E+0	176,275700E+3	2,519000E+0	636,000000E+0	11,900000E+0
499	168,000000E+0	176,275700E+3	2,519000E+0	636,000000E+0	11,900000E+0
500	105,000000E+0	176,259560E+3	2,748000E+0	677,000000E+0	11,900000E+0
501	105,000000E+0	176,259560E+3	2,748000E+0	677,000000E+0	11,900000E+0
502	105,000000E+0	176,259560E+3	2,748000E+0	677,000000E+0	11,900000E+0
503	105,000000E+0	176,259560E+3	2,748000E+0	677,000000E+0	11,900000E+0
504	49,000000E+0	176,248800E+3	2,061000E+0	705,000000E+0	11,900000E+0
505	49,000000E+0	176,248800E+3	2,061000E+0	705,000000E+0	11,900000E+0
506	49,000000E+0	176,248800E+3	2,061000E+0	705,000000E+0	11,900000E+0
507	49,000000E+0	176,248800E+3	2,061000E+0	705,000000E+0	11,900000E+0
508	21,000000E+0	176,235350E+3	1,603000E+0	722,000000E+0	11,900000E+0
509	21,000000E+0	176,235350E+3	1,603000E+0	722,000000E+0	11,900000E+0
510	21,000000E+0	176,235350E+3	1,603000E+0	722,000000E+0	11,900000E+0
511	21,000000E+0	176,235350E+3	1,603000E+0	722,000000E+0	11,900000E+0
512	14,000000E+0	176,246110E+3	916,000000E-3	733,000000E+0	12,000000E+0
513	14,000000E+0	176,246110E+3	916,000000E-3	733,000000E+0	12,000000E+0
514	14,000000E+0	176,246110E+3	916,000000E-3	733,000000E+0	12,000000E+0
515	14,000000E+0	176,246110E+3	916,000000E-3	733,000000E+0	12,000000E+0
516	21,000000E+0	176,259560E+3	687,000000E-3	742,000000E+0	11,900000E+0
517	21,000000E+0	176,259560E+3	687,000000E-3	742,000000E+0	11,900000E+0
518	21,000000E+0	176,259560E+3	687,000000E-3	742,000000E+0	11,900000E+0
519	21,000000E+0	176,259560E+3	687,000000E-3	742,000000E+0	11,900000E+0
520	35,000000E+0	176,262250E+3	687,000000E-3	753,000000E+0	11,900000E+0
521	35,000000E+0	176,262250E+3	687,000000E-3	753,000000E+0	11,900000E+0
522	35,000000E+0	176,262250E+3	687,000000E-3	753,000000E+0	11,900000E+0
523	35,000000E+0	176,262250E+3	687,000000E-3	753,000000E+0	11,900000E+0
524	77,000000E+0	176,270320E+3	916,000000E-3	768,000000E+0	11,900000E+0
525	77,000000E+0	176,270320E+3	916,000000E-3	768,000000E+0	11,900000E+0
526	77,000000E+0	176,270320E+3	916,000000E-3	768,000000E+0	11,900000E+0
527	77,000000E+0	176,270320E+3	916,000000E-3	768,000000E+0	11,900000E+0
528	175,000000E+0	176,275700E+3	2,061000E+0	794,000000E+0	11,900000E+0
529	175,000000E+0	176,275700E+3	2,061000E+0	794,000000E+0	11,900000E+0
530	175,000000E+0	176,275700E+3	2,061000E+0	794,000000E+0	11,900000E+0
531	175,000000E+0	176,275700E+3	2,061000E+0	794,000000E+0	11,900000E+0
532	393,000000E+0	176,283770E+3	4,122000E+0	846,000000E+0	11,900000E+0
533	393,000000E+0	176,283770E+3	4,122000E+0	846,000000E+0	11,900000E+0
534	393,000000E+0	176,283770E+3	4,122000E+0	846,000000E+0	11,900000E+0
535	393,000000E+0	176,283770E+3	4,122000E+0	846,000000E+0	11,900000E+0
536	365,000000E+0	176,289150E+3	5,496000E+0	925,000000E+0	11,900000E+0
537	365,000000E+0	176,289150E+3	5,496000E+0	925,000000E+0	11,900000E+0
538	365,000000E+0	176,289150E+3	5,496000E+0	925,000000E+0	11,900000E+0
539	365,000000E+0	176,289150E+3	5,496000E+0	925,000000E+0	11,900000E+0
540	65,381000E+3	176,197690E+3	2,290000E+0	973,000000E+0	11,900000E+0
541	65,381000E+3	176,197690E+3	2,290000E+0	973,000000E+0	11,900000E+0
542	65,381000E+3	176,197690E+3	2,290000E+0	973,000000E+0	11,900000E+0
543	65,381000E+3	176,197690E+3	2,290000E+0	973,000000E+0	11,900000E+0
544	65,057000E+3	176,151960E+3	-2,977000E+0	924,000000E+0	11,800000E+0
545	65,057000E+3	176,151960E+3	-2,977000E+0	924,000000E+0	11,800000E+0
546	65,057000E+3	176,151960E+3	-2,977000E+0	924,000000E+0	11,800000E+0
547	65,057000E+3	176,151960E+3	-2,977000E+0	924,000000E+0	11,800000E+0
548	64,839000E+3	176,151960E+3	-4,809000E+0	834,000000E+0	11,800000E+0
549	64,839000E+3	176,151960E+3	-4,809000E+0	834,000000E+0	11,800000E+0
550	64,839000E+3	176,151960E+3	-4,809000E+0	834,000000E+0	11,800000E+0
551	64,839000E+3	176,151960E+3	-4,809000E+0	834,000000E+0	11,800000E+0
552	64,931000E+3	176,186930E+3	-9,618000E+0	705,000000E+0	11,900000E+0
553	64,931000E+3	176,186930E+3	-9,618000E+0	705,000000E+0	11,900000E+0
554	64,931000E+3	176,186930E+3	-9,618000E+0	705,000000E+0	11,900000E+0
555	64,931000E+3	176,186930E+3	-9,618000E+0	705,000000E+0	11,900000E+0
556	65,107000E+3	176,197690E+3	-7,328000E+0	604,000000E+0	11,900000E+0
557	65,107000E+3	176,197690E+3	-7,328000E+0	604,000000E+0	11,900000E+0
558	65,107000E+3	176,197690E+3	-7,328000E+0	604,000000E+0	11,900000E+0
559	65,107000E+3	176,197690E+3	-7,328000E+0	604,000000E+0	11,900000E+0
560	65,353000E+3	176,176170E+3	-4,351000E+0	548,000000E+0	11,900000E+0
561	65,353000E+3	176,176170E+3	-4,351000E+0	548,000000E+0	11,900000E+0
562	65,353000E+3	176,176170E+3	-4,351000E+0	548,000000E+0	11,900000E+0
563	65,353000E+3	176,176170E+3	-4,351000E+0	548,000000E+0	11,900000E+0
564	35,000000E+0	176,240730E+3	-458,000000E-3	542,000000E+0	11,900000E+0
565	35,000000E+0	176,240730E+3	-458,000000E-3	542,000000E+0	11,900000E+0
566	35,000000E+0	176,240730E+3	-458,000000E-3	542,000000E+0	11,900000E+0
567	35,000000E+0	176,240730E+3	-458,000000E-3	542,000000E+0	11,900000E+0
568	147,000000E+0	176,240730E+3	1,603000E+0	566,000000E+0	11,900000E+0
569	147,000000E+0	176,240730E+3	1,603000E+0	566,000000E+0	11,900000E+0
570	147,000000E+0	176,240730E+3	1,603000E+0	566,000000E+0	11,900000E+0
571	147,000000E+0	176,240730E+3	1,603000E+0	566,000000E+0	11,900000E+0
572	119,000000E+0	176,264940E+3	2,061000E+0	603,000000E+0	11,900000E+0
573	119,000000E+0	176,264940E+3	2,061000E+0	603,000000E+0	11,900000E+0
574	119,000000E+0	176,264940E+3	2,061000E+0	603,000000E+0	11,900000E+0
575	119,000000E+0	176,264940E+3	2,061000E+0	603,000000E+0	11,900000E+0
576	168,000000E+0	176,275700E+3	2,290000E+0	636,000000E+0	11,900000E+0
577	168,000000E+0	176,275700E+3	2,290000E+0	636,000000E+0	11,900000E+0
578	168,000000E+0	176,275700E+3	2,290000E+0	636,000000E+0	11,900000E+0
579	168,000000E+0	176,275700E+3	2,290000E+0	636,000000E+0	11,900000E+0
580	105,000000E+0	176,256870E+3	2,748000E+0	677,000000E+0	11,900000E+0
581	105,000000E+0	176,256870E+3	2,748000E+0	677,000000E+0	11,900000E+0
582	105,000000E+0	176,256870E+3	2,748000E+0	677,000000E+0	11,900000E+0
583	105,000000E+0	176,256870E+3	2,748000E+0	677,000000E+0	11,900000E+0
584	49,000000E+0	176,254180E+3	2,061000E+0	705,000000E+0	11,900000E+0
585	49,000000E+0	176,254180E+3	2,061000E+0	705,000000E+0	11,900000E+0
586	49,000000E+0	176,254180E+3	2,061000E+0	705,000000E+0	11,900000E+0
587	49,000000E+0	176,254180E+3	2,061000E+0	705,000000E+0	11,900000E+0
588	21,000000E+0	176,229970E+3	1,603000E+0	722,000000E+0	11,900000E+0
589	21,000000E+0	176,229970E+3	1,603000E+0	722,000000E+0	11,900000E+0
590	21,000000E+0	176,229970E+3	1,603000E+0	722,000000E+0	11,900000E+0
591	21,000000E+0	176,229970E+3	1,603000E+0	722,000000E+0	11,900000E+0
592	14,000000E+0	176,246110E+3	916,000000E-3	733,000000E+0	11,900000E+0
593	14,000000E+0	176,246110E+3	916,000000E-3	733,000000E+0	11,900000E+0
594	14,000000E+0	176,246110E+3	916,000000E-3	733,000000E+0	11,900000E+0
595	14,000000E+0	176,246110E+3	916,000000E-3	733,000000E+0	11,900000E+0
596	21,000000E+0	176,256870E+3	687,000000E-3	742,000000E+0	11,900000E+0
597	21,000000E+0	176,256870E+3	687,000000E-3	742,000000E+0	11,900000E+0
598	21,000000E+0	176,256870E+3	687,000000E-3	742,000000E+0	11,900000E+0
599	21,000000E+0	176,256870E+3	687,000000E-3	742,000000E+0	11,900000E+0
600	35,000000E+0	176,264940E+3	687,000000E-3	753,000000E+0	11,900000E+0
601	35,000000E+0	176,264940E+3	687,000000E-3	753,000000E+0	11,900000E+0
602	35,000000E+0	176,264940E+3	687,000000E-3	753,000000E+0	11,900000E+0
603	35,000000E+0	176,264940E+3	687,000000E-3	753,000000E+0	11,900000E+0
604	77,000000E+0	176,267630E+3	916,000000E-3	768,000000E+0	11,900000E+0
605	77,000000E+0	176,267630E+3	916,000000E-3	768,000000E+0	11,900000E+0
606	77,000000E+0	176,267630E+3	916,000000E-3	768,000000E+0	11,900000E+0
607	77,000000E+0	176,267630E+3	916,000000E-3	768,000000E+0	11,900000E+0
608	175,000000E+0	176,278390E+3	2,061000E+0	794,000000E+0	11,900000E+0
609	175,000000E+0	176,278390E+3	2,061000E+0	794,000000E+0	11,900000E+0
610	175,000000E+0	176,278390E+3	2,061000E+0	794,000000E+0	11,900000E+0
611	175,000000E+0	176,278390E+3	2,061000E+0	794,000000E+0	11,900000E+0
612	386,000000E+0	176,281080E+3	4,122000E+0	846,000000E+0	11,900000E+0
613	386,000000E+0	176,281080E+3	4,122000E+0	846,000000E+0	11,900000E+0
614	386,000000E+0	176,281080E+3	4,122000E+0	846,000000E+0	11,900000E+0
615	386,000000E+0	176,281080E+3	4,122000E+0	846,000000E+0	11,900000E+0
616	358,000000E+0	176,289150E+3	5,496000E+0	926,000000E+0	11,900000E+0
617	358,000000E+0	176,289150E+3	5,496000E+0	926,000000E+0	11,900000E+0
618	358,000000E+0	176,289150E+3	5,496000E+0	926,000000E+0	11,900000E+0
619	358,000000E+0	176,289150E+3	5,496000E+0	926,000000E+0	11,900000E+0
620	65,374000E+3	176,192310E+3	2,519000E+0	973,000000E+0	11,900000E+0
621	65,374000E+3	176,192310E+3	2,519000E+0	973,000000E+0	11,900000E+0
622	65,374000E+3	176,192310E+3	2,519000E+0	973,000000E+0	11,900000E+0
623	65,374000E+3	176,192310E+3	2,519000E+0	973,000000E+0	11,900000E+0
624	65,043000E+3	176,154650E+3	-2,519000E+0	925,000000E+0	11,800000E+0
625	65,043000E+3	176,154650E+3	-2,519000E+0	925,000000E+0	11,800000E+0
626	65,043000E+3	176,154650E+3	-2,519000E+0	925,000000E+0	11,800000E+0
627	65,043000E+3	176,154650E+3	-2,519000E+0	925,000000E+0	11,800000E+0
628	64,931000E+3	176,160030E+3	-7,328000E+0	821,000000E+0	11,900000E+0
629	64,931000E+3	176,160030E+3	-7,328000E+0	821,000000E+0	11,900000E+0
630	64,931000E+3	176,160030E+3	-7,328000E+0	821,000000E+0	11,900000E+0
631	64,931000E+3	176,160030E+3	-7,328000E+0	821,000000E+0	11,900000E+0
632	64,931000E+3	176,154650E+3	-8,015000E+0	705,000000E+0	11,900000E+0
633	64,931000E+3	176,154650E+3	-8,015000E+0	705,000000E+0	11,900000E+0
634	64,931000E+3	176,154650E+3	-8,015000E+0	705,000000E+0	11,900000E+0
635	64,931000E+3	176,154650E+3	-8,015000E+0	705,000000E+0	11,900000E+0
636	65,100000E+3	176,181550E+3	-6,870000E+0	605,000000E+0	11,900000E+0
637	65,100000E+3	176,181550E+3	-6,870000E+0	605,000000E+0	11,900000E+0
638	65,100000E+3	176,181550E+3	-6,870000E+0	605,000000E+0	11,900000E+0
639	65,100000E+3	176,181550E+3	-6,870000E+0	605,000000E+0	11,900000E+0
640	65,360000E+3	176,184240E+3	-4,351000E+0	548,000000E+0	11,900000E+0
641	65,360000E+3	176,184240E+3	-4,351000E+0	548,000000E+0	11,900000E+0
642	65,360000E+3	176,184240E+3	-4,351000E+0	548,000000E+0	11,900000E+0
643	65,360000E+3	176,184240E+3	-4,351000E+0	548,000000E+0	11,900000E+0
644	28,000000E+0	176,238040E+3	-458,000000E-3	542,000000E+0	11,900000E+0
645	28,000000E+0	176,238040E+3	-458,000000E-3	542,000000E+0	11,900000E+0
646	28,000000E+0	176,238040E+3	-458,000000E-3	542,000000E+0	11,900000E+0
647	28,000000E+0	176,238040E+3	-458,000000E-3	542,000000E+0	11,900000E+0
648	140,000000E+0	176,240730E+3	1,603000E+0	566,000000E+0	11,900000E+0
649	140,000000E+0	176,240730E+3	1,603000E+0	566,000000E+0	11,900000E+0
650	140,000000E+0	176,240730E+3	1,603000E+0	566,000000E+0	11,900000E+0
651	140,000000E+0	176,240730E+3	1,603000E+0	566,000000E+0	11,900000E+0
652	119,000000E+0	176,264940E+3	2,061000E+0	602,000000E+0	11,900000E+0
653	119,000000E+0	176,264940E+3	2,061000E+0	602,000000E+0	11,900000E+0
654	119,000000E+0	176,264940E+3	2,061000E+0	602,000000E+0	11,900000E+0
655	119,000000E+0	176,264940E+3	2,061000E+0	602,000000E+0	11,900000E+0
656	168,000000E+0	176,278390E+3	2,290000E+0	636,000000E+0	11,900000E+0
657	168,000000E+0	176,278390E+3	2,290000E+0	636,000000E+0	11,900000E+0
658	168,000000E+0	176,278390E+3	2,290000E+0	636,000000E+0	11,900000E+0
659	168,000000E+0	176,278390E+3	2,290000E+0	636,000000E+0	11,900000E+0
660	105,000000E+0	176,262250E+3	2,748000E+0	677,000000E+0	11,900000E+0
661	105,000000E+0	176,262250E+3	2,748000E+0	677,000000E+0	11,900000E+0
662	105,000000E+0	176,262250E+3	2,748000E+0	677,000000E+0	11,900000E+0
663	105,000000E+0	176,262250E+3	2,748000E+0	677,000000E+0	11,900000E+0
664	49,000000E+0	176,251490E+3	2,061000E+0	705,000000E+0	11,900000E+0
665	49,000000E+0	176,251490E+3	2,061000E+0	705,000000E+0	11,900000E+0
666	49,000000E+0	176,251490E+3	2,061000E+0	705,000000E+0	11,900000E+0
667	49,000000E+0	176,251490E+3	2,061000E+0	705,000000E+0	11,900000E+0
668	21,000000E+0	176,232660E+3	1,603000E+0	722,000000E+0	11,900000E+0
669	21,000000E+0	176,232660E+3	1,603000E+0	722,000000E+0	11,900000E+0
670	21,000000E+0	176,232660E+3	1,603000E+0	722,000000E+0	11,900000E+0
671	21,000000E+0	176,232660E+3	1,603000E+0	722,000000E+0	11,900000E+0
672	14,000000E+0	176,246110E+3	916,000000E-3	733,000000E+0	11,900000E+0
673	14,000000E+0	176,246110E+3	916,000000E-3	733,000000E+0	11,900000E+0
674	14,000000E+0	176,246110E+3	916,000000E-3	733,000000E+0	11,900000E+0
675	14,000000E+0	176,246110E+3	916,000000E-3	733,000000E+0	11,900000E+0
676	21,000000E+0	176,259560E+3	458,000000E-3	742,000000E+0	11,900000E+0
677	21,000000E+0	176,259560E+3	458,000000E-3	742,000000E+0	11,900000E+0
678	21,000000E+0	176,259560E+3	458,000000E-3	742,000000E+0	11,900000E+0
679	21,000000E+0	176,259560E+3	458,000000E-3	742,000000E+0	11,900000E+0
680	35,000000E+0	176,264940E+3	687,000000E-3	753,000000E+0	11,900000E+0
681	35,000000E+0	176,264940E+3	687,000000E-3	753,000000E+0	11,900000E+0
682	35,000000E+0	176,264940E+3	687,000000E-3	753,000000E+0	11,900000E+0
683	35,000000E+0	176,264940E+3	687,000000E-3	753,000000E+0	11,900000E+0
684	77,000000E+0	176,270320E+3	916,000000E-3	768,000000E+0	11,900000E+0
685	77,000000E+0	176,270320E+3	916,000000E-3	768,000000E+0	11,900000E+0
686	77,000000E+0	176,270320E+3	916,000000E-3	768,000000E+0	11,900000E+0
687	77,000000E+0	176,270320E+3	916,000000E-3	768,000000E+0	11,900000E+0
688	168,000000E+0	176,270320E+3	2,290000E+0	795,000000E+0	11,900000E+0
689	168,000000E+0	176,270320E+3	2,290000E+0	795,000000E+0	11,900000E+0
690	168,000000E+0	176,270320E+3	2,290000E+0	795,000000E+0	11,900000E+0
691	168,000000E+0	176,270320E+3	2,290000E+0	795,000000E+0	11,900000E+0
692	386,000000E+0	176,281080E+3	4,122000E+0	846,000000E+0	11,900000E+0
693	386,000000E+0	176,281080E+3	4,122000E+0	846,000000E+0	11,900000E+0
694	386,000000E+0	176,281080E+3	4,122000E+0	846,000000E+0	11,900000E+0
695	386,000000E+0	176,281080E+3	4,122000E+0	846,000000E+0	11,900000E+0
696	365,000000E+0	176,286460E+3	5,267000E+0	925,000000E+0	11,900000E+0
697	365,000000E+0	176,286460E+3	5,267000E+0	925,000000E+0	11,900000E+0
698	365,000000E+0	176,286460E+3	5,267000E+0	925,000000E+0	11,900000E+0
699	365,000000E+0	176,286460E+3	5,267000E+0	925,000000E+0	11,900000E+0
700	65,374000E+3	176,186930E+3	2,519000E+0	974,000000E+0	11,900000E+0
701	65,374000E+3	176,186930E+3	2,519000E+0	974,000000E+0	11,900000E+0
702	65,374000E+3	176,186930E+3	2,519000E+0	974,000000E+0	11,900000E+0
703	65,374000E+3	176,186930E+3	2,519000E+0	974,000000E+0	11,900000E+0
704	65,050000E+3	176,157340E+3	-2,748000E+0	924,000000E+0	11,900000E+0
705	65,050000E+3	176,157340E+3	-2,748000E+0	924,000000E+0	11,900000E+0
706	65,050000E+3	176,157340E+3	-2,748000E+0	924,000000E+0	11,900000E+0
707	65,050000E+3	176,157340E+3	-2,748000E+0	924,000000E+0	11,900000E+0
708	64,931000E+3	176,151960E+3	-7,099000E+0	820,000000E+0	11,900000E+0
709	64,931000E+3	176,151960E+3	-7,099000E+0	820,000000E+0	11,900000E+0
710	64,931000E+3	176,151960E+3	-7,099000E+0	820,000000E+0	11,900000E+0
711	64,931000E+3	176,151960E+3	-7,099000E+0	820,000000E+0	11,900000E+0
712	64,938000E+3	176,151960E+3	-8,244000E+0	705,000000E+0	11,900000E+0
713	64,938000E+3	176,151960E+3	-8,244000E+0	705,000000E+0	11,900000E+0
714	64,938000E+3	176,151960E+3	-8,244000E+0	705,000000E+0	11,900000E+0
715	64,938000E+3	176,151960E+3	-8,244000E+0	705,000000E+0	11,900000E+0
716	65,107000E+3	176,178860E+3	-6,870000E+0	605,000000E+0	11,900000E+0
717	65,107000E+3	176,178860E+3	-6,870000E+0	605,000000E+0	11,900000E+0
718	65,107000E+3	176,178860E+3	-6,870000E+0	605,000000E+0	11,900000E+0
719	65,107000E+3	176,178860E+3	-6,870000E+0	605,000000E+0	11,900000E+0
720	65,360000E+3	176,186930E+3	-4,351000E+0	547,000000E+0	11,900000E+0
721	65,360000E+3	176,186930E+3	-4,351000E+0	547,000000E+0	11,900000E+0
722	65,360000E+3	176,186930E+3	-4,351000E+0	547,000000E+0	11,900000E+0
723	65,360000E+3	176,186930E+3	-4,351000E+0	547,000000E+0	11,900000E+0
724	28,000000E+0	176,238040E+3	-458,000000E-3	541,000000E+0	11,900000E+0
725	28,000000E+0	176,238040E+3	-458,000000E-3	541,000000E+0	11,900000E+0
726	28,000000E+0	176,238040E+3	-458,000000E-3	541,000000E+0	11,900000E+0
727	28,000000E+0	176,238040E+3	-458,000000E-3	541,000000E+0	11,900000E+0
728	140,000000E+0	176,240730E+3	1,603000E+0	566,000000E+0	11,900000E+0
729	140,000000E+0	176,240730E+3	1,603000E+0	566,000000E+0	11,900000E+0
730	140,000000E+0	176,240730E+3	1,603000E+0	566,000000E+0	11,900000E+0
731	140,000000E+0	176,240730E+3	1,603000E+0	566,000000E+0	11,900000E+0
732	126,000000E+0	176,267630E+3	1,832000E+0	602,000000E+0	11,900000E+0
733	126,000000E+0	176,267630E+3	1,832000E+0	602,000000E+0	11,900000E+0
734	126,000000E+0	176,267630E+3	1,832000E+0	602,000000E+0	11,900000E+0
735	126,000000E+0	176,267630E+3	1,832000E+0	602,000000E+0	11,900000E+0
736	168,000000E+0	176,278390E+3	2,290000E+0	636,000000E+0	11,900000E+0
737	168,000000E+0	176,278390E+3	2,290000E+0	636,000000E+0	11,900000E+0
738	168,000000E+0	176,278390E+3	2,290000E+0	636,000000E+0	11,900000E+0
739	168,000000E+0	176,278390E+3	2,290000E+0	636,000000E+0	11,900000E+0
740	105,000000E+0	176,262250E+3	2,519000E+0	677,000000E+0	11,900000E+0
741	105,000000E+0	176,262250E+3	2,519000E+0	677,000000E+0	11,900000E+0
742	105,000000E+0	176,262250E+3	2,519000E+0	677,000000E+0	11,900000E+0
743	105,000000E+0	176,262250E+3	2,519000E+0	677,000000E+0	11,900000E+0
744	49,000000E+0	176,248800E+3	2,061000E+0	705,000000E+0	11,900000E+0
745	49,000000E+0	176,248800E+3	2,061000E+0	705,000000E+0	11,900000E+0
746	49,000000E+0	176,248800E+3	2,061000E+0	705,000000E+0	11,900000E+0
747	49,000000E+0	176,248800E+3	2,061000E+0	705,000000E+0	11,900000E+0
748	21,000000E+0	176,229970E+3	1,603000E+0	722,000000E+0	11,900000E+0
749	21,000000E+0	176,229970E+3	1,603000E+0	722,000000E+0	11,900000E+0
750	21,000000E+0	176,229970E+3	1,603000E+0	722,000000E+0	11,900000E+0
751	21,000000E+0	176,229970E+3	1,603000E+0	722,000000E+0	11,900000E+0
752	14,000000E+0	176,246110E+3	916,000000E-3	733,000000E+0	11,900000E+0
753	14,000000E+0	176,246110E+3	916,000000E-3	733,000000E+0	11,900000E+0
754	14,000000E+0	176,246110E+3	916,000000E-3	733,000000E+0	11,900000E+0
755	14,000000E+0	176,246110E+3	916,000000E-3	733,000000E+0	11,900000E+0
756	21,000000E+0	176,256870E+3	687,000000E-3	742,000000E+0	11,900000E+0
757	21,000000E+0	176,256870E+3	687,000000E-3	742,000000E+0	11,900000E+0
758	21,000000E+0	176,256870E+3	687,000000E-3	742,000000E+0	11,900000E+0
759	21,000000E+0	176,256870E+3	687,000000E-3	742,000000E+0	11,900000E+0
760	35,000000E+0	176,262250E+3	687,000000E-3	753,000000E+0	11,900000E+0
761	35,000000E+0	176,262250E+3	687,000000E-3	753,000000E+0	11,900000E+0
762	35,000000E+0	176,262250E+3	687,000000E-3	753,000000E+0	11,900000E+0
763	35,000000E+0	176,262250E+3	687,000000E-3	753,000000E+0	11,900000E+0
764	77,000000E+0	176,267630E+3	916,000000E-3	768,000000E+0	11,900000E+0
765	77,000000E+0	176,267630E+3	916,000000E-3	768,000000E+0	11,900000E+0
766	77,000000E+0	176,267630E+3	916,000000E-3	768,000000E+0	11,900000E+0
767	77,000000E+0	176,267630E+3	916,000000E-3	768,000000E+0	11,900000E+0
768	168,000000E+0	176,273010E+3	2,290000E+0	795,000000E+0	11,900000E+0
769	168,000000E+0	176,273010E+3	2,290000E+0	795,000000E+0	11,900000E+0
770	168,000000E+0	176,273010E+3	2,290000E+0	795,000000E+0	11,900000E+0
771	168,000000E+0	176,273010E+3	2,290000E+0	795,000000E+0	11,900000E+0
772	393,000000E+0	176,281080E+3	4,122000E+0	846,000000E+0	11,900000E+0
773	393,000000E+0	176,281080E+3	4,122000E+0	846,000000E+0	11,900000E+0
774	393,000000E+0	176,281080E+3	4,122000E+0	846,000000E+0	11,900000E+0
775	393,000000E+0	176,281080E+3	4,122000E+0	846,000000E+0	11,900000E+0
776	358,000000E+0	176,289150E+3	5,496000E+0	927,000000E+0	11,900000E+0
777	358,000000E+0	176,289150E+3	5,496000E+0	927,000000E+0	11,900000E+0
778	358,000000E+0	176,289150E+3	5,496000E+0	927,000000E+0	11,900000E+0
779	358,000000E+0	176,289150E+3	5,496000E+0	927,000000E+0	11,900000E+0
780	65,374000E+3	176,195000E+3	2,290000E+0	973,000000E+0	11,900000E+0
781	65,374000E+3	176,195000E+3	2,290000E+0	973,000000E+0	11,900000E+0
782	65,374000E+3	176,195000E+3	2,290000E+0	973,000000E+0	11,900000E+0
783	65,374000E+3	176,195000E+3	2,290000E+0	973,000000E+0	11,900000E+0
784	65,057000E+3	176,154650E+3	-2,748000E+0	924,000000E+0	11,900000E+0
785	65,057000E+3	176,154650E+3	-2,748000E+0	924,000000E+0	11,900000E+0
786	65,057000E+3	176,154650E+3	-2,748000E+0	924,000000E+0	11,900000E+0
787	65,057000E+3	176,154650E+3	-2,748000E+0	924,000000E+0	11,900000E+0
788	64,931000E+3	176,154650E+3	-7,099000E+0	821,000000E+0	11,900000E+0
789	64,931000E+3	176,154650E+3	-7,099000E+0	821,000000E+0	11,900000E+0
790	64,931000E+3	176,154650E+3	-7,099000E+0	821,000000E+0	11,900000E+0
791	64,931000E+3	176,154650E+3	-7,099000E+0	821,000000E+0	11,900000E+0
792	64,938000E+3	176,151960E+3	-8,244000E+0	705,000000E+0	11,800000E+0
793	64,938000E+3	176,151960E+3	-8,244000E+0	705,000000E+0	11,800000E+0
794	64,938000E+3	176,151960E+3	-8,244000E+0	705,000000E+0	11,800000E+0
795	64,938000E+3	176,151960E+3	-8,244000E+0	705,000000E+0	11,800000E+0
796	65,107000E+3	176,181550E+3	-7,099000E+0	605,000000E+0	11,900000E+0
797	65,107000E+3	176,181550E+3	-7,099000E+0	605,000000E+0	11,900000E+0
798	65,107000E+3	176,181550E+3	-7,099000E+0	605,000000E+0	11,900000E+0
799	65,107000E+3	176,181550E+3	-7,099000E+0	605,000000E+0	11,900000E+0
800	65,367000E+3	176,149270E+3	-4,122000E+0	546,000000E+0	11,900000E+0
801	65,367000E+3	176,149270E+3	-4,122000E+0	546,000000E+0	11,900000E+0
802	65,367000E+3	176,149270E+3	-4,122000E+0	546,000000E+0	11,900000E+0
803	65,367000E+3	176,149270E+3	-4,122000E+0	546,000000E+0	11,900000E+0
804	28,000000E+0	176,240730E+3	-229,000000E-3	542,000000E+0	11,900000E+0
805	28,000000E+0	176,240730E+3	-229,000000E-3	542,000000E+0	11,900000E+0
806	28,000000E+0	176,240730E+3	-229,000000E-3	542,000000E+0	11,900000E+0
807	28,000000E+0	176,240730E+3	-229,000000E-3	542,000000E+0	11,900000E+0
808	147,000000E+0	176,243420E+3	1,603000E+0	566,000000E+0	11,900000E+0
809	147,000000E+0	176,243420E+3	1,603000E+0	566,000000E+0	11,900000E+0
810	147,000000E+0	176,243420E+3	1,603000E+0	566,000000E+0	11,900000E+0
811	147,000000E+0	176,243420E+3	1,603000E+0	566,000000E+0	11,900000E+0
812	119,000000E+0	176,267630E+3	2,061000E+0	602,000000E+0	11,900000E+0
813	119,000000E+0	176,267630E+3	2,061000E+0	602,000000E+0	11,900000E+0
814	119,000000E+0	176,267630E+3	2,061000E+0	602,000000E+0	11,900000E+0
815	119,000000E+0	176,267630E+3	2,061000E+0	602,000000E+0	11,900000E+0
816	168,000000E+0	176,278390E+3	2,290000E+0	636,000000E+0	11,900000E+0
817	168,000000E+0	176,278390E+3	2,290000E+0	636,000000E+0	11,900000E+0
818	168,000000E+0	176,278390E+3	2,290000E+0	636,000000E+0	11,900000E+0
819	168,000000E+0	176,278390E+3	2,290000E+0	636,000000E+0	11,900000E+0
820	105,000000E+0	176,259560E+3	2,519000E+0	677,000000E+0	11,900000E+0
821	105,000000E+0	176,259560E+3	2,519000E+0	677,000000E+0	11,900000E+0
822	105,000000E+0	176,259560E+3	2,519000E+0	677,000000E+0	11,900000E+0
823	105,000000E+0	176,259560E+3	2,519000E+0	677,000000E+0	11,900000E+0
824	49,000000E+0	176,248800E+3	2,061000E+0	705,000000E+0	12,000000E+0
825	49,000000E+0	176,248800E+3	2,061000E+0	705,000000E+0	12,000000E+0
826	49,000000E+0	176,248800E+3	2,061000E+0	705,000000E+0	12,000000E+0
827	49,000000E+0	176,248800E+3	2,061000E+0	705,000000E+0	12,000000E+0
828	14,000000E+0	176,232660E+3	1,603000E+0	723,000000E+0	12,000000E+0
829	14,000000E+0	176,232660E+3	1,603000E+0	723,000000E+0	12,000000E+0
830	14,000000E+0	176,232660E+3	1,603000E+0	723,000000E+0	12,000000E+0
831	14,000000E+0	176,232660E+3	1,603000E+0	723,000000E+0	12,000000E+0
832	14,000000E+0	176,243420E+3	916,000000E-3	733,000000E+0	12,000000E+0
833	14,000000E+0	176,243420E+3	916,000000E-3	733,000000E+0	12,000000E+0
834	14,000000E+0	176,243420E+3	916,000000E-3	733,000000E+0	12,000000E+0
835	14,000000E+0	176,243420E+3	916,000000E-3	733,000000E+0	12,000000E+0
836	14,000000E+0	176,256870E+3	687,000000E-3	743,000000E+0	12,000000E+0
837	14,000000E+0	176,256870E+3	687,000000E-3	743,000000E+0	12,000000E+0
838	14,000000E+0	176,256870E+3	687,000000E-3	743,000000E+0	12,000000E+0
839	14,000000E+0	176,256870E+3	687,000000E-3	743,000000E+0	12,000000E+0
840	35,000000E+0	176,259560E+3	687,000000E-3	753,000000E+0	12,000000E+0
841	35,000000E+0	176,259560E+3	687,000000E-3	753,000000E+0	12,000000E+0
842	35,000000E+0	176,259560E+3	687,000000E-3	753,000000E+0	12,000000E+0
843	35,000000E+0	176,259560E+3	687,000000E-3	753,000000E+0	12,000000E+0
844	77,000000E+0	176,270320E+3	916,000000E-3	768,000000E+0	12,000000E+0
845	77,000000E+0	176,270320E+3	916,000000E-3	768,000000E+0	12,000000E+0
846	77,000000E+0	176,270320E+3	916,000000E-3	768,000000E+0	12,000000E+0
847	77,000000E+0	176,270320E+3	916,000000E-3	768,000000E+0	12,000000E+0
848	168,000000E+0	176,270320E+3	2,061000E+0	795,000000E+0	12,000000E+0
849	168,000000E+0	176,270320E+3	2,061000E+0	795,000000E+0	12,000000E+0
850	168,000000E+0	176,270320E+3	2,061000E+0	795,000000E+0	12,000000E+0
851	168,000000E+0	176,270320E+3	2,061000E+0	795,000000E+0	12,000000E+0
852	386,000000E+0	176,283770E+3	4,351000E+0	846,000000E+0	11,900000E+0
853	386,000000E+0	176,283770E+3	4,351000E+0	846,000000E+0	11,900000E+0
854	386,000000E+0	176,283770E+3	4,351000E+0	846,000000E+0	11,900000E+0
855	386,000000E+0	176,283770E+3	4,351000E+0	846,000000E+0	11,900000E+0
856	358,000000E+0	176,289150E+3	5,496000E+0	926,000000E+0	11,900000E+0
857	358,000000E+0	176,289150E+3	5,496000E+0	926,000000E+0	11,900000E+0
858	358,000000E+0	176,289150E+3	5,496000E+0	926,000000E+0	11,900000E+0
859	358,000000E+0	176,289150E+3	5,496000E+0	926,000000E+0	11,900000E+0
860	65,374000E+3	176,195000E+3	2,290000E+0	974,000000E+0	11,900000E+0
861	65,374000E+3	176,195000E+3	2,290000E+0	974,000000E+0	11,900000E+0
862	65,374000E+3	176,195000E+3	2,290000E+0	974,000000E+0	11,900000E+0
863	65,374000E+3	176,195000E+3	2,290000E+0	974,000000E+0	11,900000E+0
864	65,050000E+3	176,151960E+3	-2,748000E+0	924,000000E+0	11,900000E+0
865	65,050000E+3	176,151960E+3	-2,748000E+0	924,000000E+0	11,900000E+0
866	65,050000E+3	176,151960E+3	-2,748000E+0	924,000000E+0	11,900000E+0
867	65,050000E+3	176,151960E+3	-2,748000E+0	924,000000E+0	11,900000E+0
868	64,924000E+3	176,160030E+3	-7,099000E+0	821,000000E+0	11,900000E+0
869	64,924000E+3	176,160030E+3	-7,099000E+0	821,000000E+0	11,900000E+0
870	64,924000E+3	176,160030E+3	-7,099000E+0	821,000000E+0	11,900000E+0
871	64,924000E+3	176,160030E+3	-7,099000E+0	821,000000E+0	11,900000E+0
872	64,938000E+3	176,151960E+3	-8,244000E+0	705,000000E+0	11,800000E+0
873	64,938000E+3	176,151960E+3	-8,244000E+0	705,000000E+0	11,800000E+0
874	64,938000E+3	176,151960E+3	-8,244000E+0	705,000000E+0	11,800000E+0
875	64,938000E+3	176,151960E+3	-8,244000E+0	705,000000E+0	11,800000E+0
876	65,107000E+3	176,178860E+3	-6,641000E+0	605,000000E+0	11,900000E+0
877	65,107000E+3	176,178860E+3	-6,641000E+0	605,000000E+0	11,900000E+0
878	65,107000E+3	176,178860E+3	-6,641000E+0	605,000000E+0	11,900000E+0
879	65,107000E+3	176,178860E+3	-6,641000E+0	605,000000E+0	11,900000E+0
880	65,360000E+3	176,186930E+3	-4,580000E+0	547,000000E+0	11,900000E+0
881	65,360000E+3	176,186930E+3	-4,580000E+0	547,000000E+0	11,900000E+0
882	65,360000E+3	176,186930E+3	-4,580000E+0	547,000000E+0	11,900000E+0
883	65,360000E+3	176,186930E+3	-4,580000E+0	547,000000E+0	11,900000E+0
884	35,000000E+0	176,238040E+3	-458,000000E-3	541,000000E+0	11,900000E+0
885	35,000000E+0	176,238040E+3	-458,000000E-3	541,000000E+0	11,900000E+0
886	35,000000E+0	176,238040E+3	-458,000000E-3	541,000000E+0	11,900000E+0
887	35,000000E+0	176,238040E+3	-458,000000E-3	541,000000E+0	11,900000E+0
888	147,000000E+0	176,243420E+3	1,603000E+0	566,000000E+0	11,900000E+0
889	147,000000E+0	176,243420E+3	1,603000E+0	566,000000E+0	11,900000E+0
890	147,000000E+0	176,243420E+3	1,603000E+0	566,000000E+0	11,900000E+0
891	147,000000E+0	176,243420E+3	1,603000E+0	566,000000E+0	11,900000E+0
892	119,000000E+0	176,267630E+3	2,061000E+0	602,000000E+0	11,900000E+0
893	119,000000E+0	176,267630E+3	2,061000E+0	602,000000E+0	11,900000E+0
894	119,000000E+0	176,267630E+3	2,061000E+0	602,000000E+0	11,900000E+0
895	119,000000E+0	176,267630E+3	2,061000E+0	602,000000E+0	11,900000E+0
896	168,000000E+0	176,278390E+3	2,519000E+0	636,000000E+0	11,900000E+0
897	168,000000E+0	176,278390E+3	2,519000E+0	636,000000E+0	11,900000E+0
898	168,000000E+0	176,278390E+3	2,519000E+0	636,000000E+0	11,900000E+0
899	168,000000E+0	176,278390E+3	2,519000E+0	636,000000E+0	11,900000E+0
900	105,000000E+0	176,259560E+3	2,748000E+0	677,000000E+0	11,900000E+0
901	105,000000E+0	176,259560E+3	2,748000E+0	677,000000E+0	11,900000E+0
902	105,000000E+0	176,259560E+3	2,748000E+0	677,000000E+0	11,900000E+0
903	105,000000E+0	176,259560E+3	2,748000E+0	677,000000E+0	11,900000E+0
904	49,000000E+0	176,248800E+3	2,061000E+0	705,000000E+0	11,900000E+0
905	49,000000E+0	176,248800E+3	2,061000E+0	705,000000E+0	11,900000E+0
906	49,000000E+0	176,248800E+3	2,061000E+0	705,000000E+0	11,900000E+0
907	49,000000E+0	176,248800E+3	2,061000E+0	705,000000E+0	11,900000E+0
908	21,000000E+0	176,229970E+3	1,603000E+0	723,000000E+0	11,900000E+0
909	21,000000E+0	176,229970E+3	1,603000E+0	723,000000E+0	11,900000E+0
910	21,000000E+0	176,229970E+3	1,603000E+0	723,000000E+0	11,900000E+0
911	21,000000E+0	176,229970E+3	1,603000E+0	723,000000E+0	11,900000E+0
912	14,000000E+0	176,243420E+3	916,000000E-3	733,000000E+0	11,900000E+0
913	14,000000E+0	176,243420E+3	916,000000E-3	733,000000E+0	11,900000E+0
914	14,000000E+0	176,243420E+3	916,000000E-3	733,000000E+0	11,900000E+0
915	14,000000E+0	176,243420E+3	916,000000E-3	733,000000E+0	11,900000E+0
916	21,000000E+0	176,256870E+3	687,000000E-3	742,000000E+0	11,900000E+0
917	21,000000E+0	176,256870E+3	687,000000E-3	742,000000E+0	11,900000E+0
918	21,000000E+0	176,256870E+3	687,000000E-3	742,000000E+0	11,900000E+0
919	21,000000E+0	176,256870E+3	687,000000E-3	742,000000E+0	11,900000E+0
920	35,000000E+0	176,262250E+3	687,000000E-3	753,000000E+0	11,900000E+0
921	35,000000E+0	176,262250E+3	687,000000E-3	753,000000E+0	11,900000E+0
922	35,000000E+0	176,262250E+3	687,000000E-3	753,000000E+0	11,900000E+0
923	35,000000E+0	176,262250E+3	687,000000E-3	753,000000E+0	11,900000E+0
924	77,000000E+0	176,267630E+3	916,000000E-3	768,000000E+0	11,900000E+0
925	77,000000E+0	176,267630E+3	916,000000E-3	768,000000E+0	11,900000E+0
926	77,000000E+0	176,267630E+3	916,000000E-3	768,000000E+0	11,900000E+0
927	77,000000E+0	176,267630E+3	916,000000E-3	768,000000E+0	11,900000E+0
928	175,000000E+0	176,275700E+3	2,061000E+0	795,000000E+0	11,900000E+0
929	175,000000E+0	176,275700E+3	2,061000E+0	795,000000E+0	11,900000E+0
930	175,000000E+0	176,275700E+3	2,061000E+0	795,000000E+0	11,900000E+0
931	175,000000E+0	176,275700E+3	2,061000E+0	795,000000E+0	11,900000E+0
932	393,000000E+0	176,281080E+3	4,122000E+0	846,000000E+0	11,900000E+0
933	393,000000E+0	176,281080E+3	4,122000E+0	846,000000E+0	11,900000E+0
934	393,000000E+0	176,281080E+3	4,122000E+0	846,000000E+0	11,900000E+0
935	393,000000E+0	176,281080E+3	4,122000E+0	846,000000E+0	11,900000E+0
936	358,000000E+0	176,289150E+3	5,496000E+0	926,000000E+0	11,900000E+0
937	358,000000E+0	176,289150E+3	5,496000E+0	926,000000E+0	11,900000E+0
938	358,000000E+0	176,289150E+3	5,496000E+0	926,000000E+0	11,900000E+0
939	358,000000E+0	176,289150E+3	5,496000E+0	926,000000E+0	11,900000E+0
940	65,381000E+3	176,197690E+3	2,290000E+0	974,000000E+0	11,900000E+0
941	65,381000E+3	176,197690E+3	2,290000E+0	974,000000E+0	11,900000E+0
942	65,381000E+3	176,197690E+3	2,290000E+0	974,000000E+0	11,900000E+0
943	65,381000E+3	176,197690E+3	2,290000E+0	974,000000E+0	11,900000E+0
944	65,057000E+3	176,154650E+3	-2,748000E+0	924,000000E+0	11,800000E+0
945	65,057000E+3	176,154650E+3	-2,748000E+0	924,000000E+0	11,800000E+0
946	65,057000E+3	176,154650E+3	-2,748000E+0	924,000000E+0	11,800000E+0
947	65,057000E+3	176,154650E+3	-2,748000E+0	924,000000E+0	11,800000E+0
948	64,938000E+3	176,154650E+3	-7,099000E+0	820,000000E+0	11,900000E+0
949	64,938000E+3	176,154650E+3	-7,099000E+0	820,000000E+0	11,900000E+0
950	64,938000E+3	176,154650E+3	-7,099000E+0	820,000000E+0	11,900000E+0
951	64,938000E+3	176,154650E+3	-7,099000E+0	820,000000E+0	11,900000E+0
952	64,945000E+3	176,146580E+3	-8,244000E+0	704,000000E+0	11,900000E+0
953	64,945000E+3	176,146580E+3	-8,244000E+0	704,000000E+0	11,900000E+0
954	64,945000E+3	176,146580E+3	-8,244000E+0	704,000000E+0	11,900000E+0
955	64,945000E+3	176,146580E+3	-8,244000E+0	704,000000E+0	11,900000E+0
956	65,107000E+3	176,176170E+3	-6,641000E+0	605,000000E+0	11,900000E+0
957	65,107000E+3	176,176170E+3	-6,641000E+0	605,000000E+0	11,900000E+0
958	65,107000E+3	176,176170E+3	-6,641000E+0	605,000000E+0	11,900000E+0
959	65,107000E+3	176,176170E+3	-6,641000E+0	605,000000E+0	11,900000E+0
960	65,360000E+3	176,184240E+3	-4,580000E+0	547,000000E+0	11,900000E+0
961	65,360000E+3	176,184240E+3	-4,580000E+0	547,000000E+0	11,900000E+0
962	65,360000E+3	176,184240E+3	-4,580000E+0	547,000000E+0	11,900000E+0
963	65,360000E+3	176,184240E+3	-4,580000E+0	547,000000E+0	11,900000E+0
964	28,000000E+0	176,238040E+3	-458,000000E-3	542,000000E+0	11,900000E+0
965	28,000000E+0	176,238040E+3	-458,000000E-3	542,000000E+0	11,900000E+0
966	28,000000E+0	176,238040E+3	-458,000000E-3	542,000000E+0	11,900000E+0
967	28,000000E+0	176,238040E+3	-458,000000E-3	542,000000E+0	11,900000E+0
968	140,000000E+0	176,243420E+3	1,603000E+0	566,000000E+0	11,900000E+0
969	140,000000E+0	176,243420E+3	1,603000E+0	566,000000E+0	11,900000E+0
970	140,000000E+0	176,243420E+3	1,603000E+0	566,000000E+0	11,900000E+0
971	140,000000E+0	176,243420E+3	1,603000E+0	566,000000E+0	11,900000E+0
972	119,000000E+0	176,264940E+3	2,061000E+0	602,000000E+0	11,900000E+0
973	119,000000E+0	176,264940E+3	2,061000E+0	602,000000E+0	11,900000E+0
974	119,000000E+0	176,264940E+3	2,061000E+0	602,000000E+0	11,900000E+0
975	119,000000E+0	176,264940E+3	2,061000E+0	602,000000E+0	11,900000E+0
976	168,000000E+0	176,275700E+3	2,290000E+0	636,000000E+0	11,900000E+0
977	168,000000E+0	176,275700E+3	2,290000E+0	636,000000E+0	11,900000E+0
978	168,000000E+0	176,275700E+3	2,290000E+0	636,000000E+0	11,900000E+0
979	168,000000E+0	176,275700E+3	2,290000E+0	636,000000E+0	11,900000E+0
980	105,000000E+0	176,256870E+3	2,748000E+0	677,000000E+0	11,900000E+0
981	105,000000E+0	176,256870E+3	2,748000E+0	677,000000E+0	11,900000E+0
982	105,000000E+0	176,256870E+3	2,748000E+0	677,000000E+0	11,900000E+0
983	105,000000E+0	176,256870E+3	2,748000E+0	677,000000E+0	11,900000E+0
984	49,000000E+0	176,251490E+3	2,061000E+0	705,000000E+0	11,900000E+0
985	49,000000E+0	176,251490E+3	2,061000E+0	705,000000E+0	11,900000E+0
986	49,000000E+0	176,251490E+3	2,061000E+0	705,000000E+0	11,900000E+0
987	49,000000E+0	176,251490E+3	2,061000E+0	705,000000E+0	11,900000E+0
988	14,000000E+0	176,232660E+3	1,603000E+0	723,000000E+0	11,900000E+0
989	14,000000E+0	176,232660E+3	1,603000E+0	723,000000E+0	11,900000E+0
990	14,000000E+0	176,232660E+3	1,603000E+0	723,000000E+0	11,900000E+0
991	14,000000E+0	176,232660E+3	1,603000E+0	723,000000E+0	11,900000E+0
992	14,000000E+0	176,248800E+3	916,000000E-3	733,000000E+0	11,900000E+0
993	14,000000E+0	176,248800E+3	916,000000E-3	733,000000E+0	11,900000E+0
994	14,000000E+0	176,248800E+3	916,000000E-3	733,000000E+0	11,900000E+0
995	14,000000E+0	176,248800E+3	916,000000E-3	733,000000E+0	11,900000E+0
996	21,000000E+0	176,256870E+3	687,000000E-3	742,000000E+0	11,900000E+0
997	21,000000E+0	176,256870E+3	687,000000E-3	742,000000E+0	11,900000E+0
998	21,000000E+0	176,256870E+3	687,000000E-3	742,000000E+0	11,900000E+0
999	21,000000E+0	176,256870E+3	687,000000E-3	742,000000E+0	11,900000E+0
1000	35,000000E+0	176,264940E+3	687,000000E-3	753,000000E+0	11,900000E+0
1001	35,000000E+0	176,264940E+3	687,000000E-3	753,000000E+0	11,900000E+0
1002	35,000000E+0	176,264940E+3	687,000000E-3	753,000000E+0	11,900000E+0
1003	35,000000E+0	176,264940E+3	687,000000E-3	753,000000E+0	11,900000E+0
1004	77,000000E+0	176,273010E+3	916,000000E-3	768,000000E+0	11,900000E+0
1005	77,000000E+0	176,273010E+3	916,000000E-3	768,000000E+0	11,900000E+0
1006	77,000000E+0	176,273010E+3	916,000000E-3	768,000000E+0	11,900000E+0
1007	77,000000E+0	176,273010E+3	916,000000E-3	768,000000E+0	11,900000E+0
1008	175,000000E+0	176,275700E+3	2,061000E+0	794,000000E+0	11,900000E+0
1009	175,000000E+0	176,275700E+3	2,061000E+0	794,000000E+0	11,900000E+0
1010	175,000000E+0	176,275700E+3	2,061000E+0	794,000000E+0	11,900000E+0
1011	175,000000E+0	176,275700E+3	2,061000E+0	794,000000E+0	11,900000E+0
1012	393,000000E+0	176,283770E+3	4,122000E+0	846,000000E+0	11,900000E+0
1013	393,000000E+0	176,283770E+3	4,122000E+0	846,000000E+0	11,900000E+0
1014	393,000000E+0	176,283770E+3	4,122000E+0	846,000000E+0	11,900000E+0
1015	393,000000E+0	176,283770E+3	4,122000E+0	846,000000E+0	11,900000E+0
1016	365,000000E+0	0,000000E+0	5,267000E+0	926,000000E+0	11,900000E+0
1017	365,000000E+0	0,000000E+0	5,267000E+0	926,000000E+0	11,900000E+0
1018	365,000000E+0	0,000000E+0	5,267000E+0	926,000000E+0	11,900000E+0
1019	365,000000E+0	0,000000E+0	5,267000E+0	926,000000E+0	11,900000E+0
1020	65,374000E+3	176,200380E+3	2,290000E+0	973,000000E+0	11,900000E+0
1021	65,374000E+3	176,200380E+3	2,290000E+0	973,000000E+0	11,900000E+0
1022	65,374000E+3	176,200380E+3	2,290000E+0	973,000000E+0	11,900000E+0
1023	65,374000E+3	176,200380E+3	2,290000E+0	973,000000E+0	11,900000E+0
1024	65,057000E+3	176,149270E+3	-2,977000E+0	924,000000E+0	11,900000E+0
1025	65,057000E+3	176,149270E+3	-2,977000E+0	924,000000E+0	11,900000E+0
1026	65,057000E+3	176,149270E+3	-2,977000E+0	924,000000E+0	11,900000E+0
1027	65,057000E+3	176,149270E+3	-2,977000E+0	924,000000E+0	11,900000E+0
1028	64,924000E+3	176,151960E+3	-7,099000E+0	821,000000E+0	11,900000E+0
1029	64,924000E+3	176,151960E+3	-7,099000E+0	821,000000E+0	11,900000E+0
1030	64,924000E+3	176,151960E+3	-7,099000E+0	821,000000E+0	11,900000E+0
1031	64,924000E+3	176,151960E+3	-7,099000E+0	821,000000E+0	11,900000E+0
1032	64,945000E+3	176,143890E+3	-8,244000E+0	704,000000E+0	11,900000E+0
1033	64,945000E+3	176,143890E+3	-8,244000E+0	704,000000E+0	11,900000E+0
1034	64,945000E+3	176,143890E+3	-8,244000E+0	704,000000E+0	11,900000E+0
1035	64,945000E+3	176,143890E+3	-8,244000E+0	704,000000E+0	11,900000E+0
1036	65,100000E+3	176,178860E+3	-6,870000E+0	605,000000E+0	11,900000E+0
1037	65,100000E+3	176,178860E+3	-6,870000E+0	605,000000E+0	11,900000E+0
1038	65,100000E+3	176,178860E+3	-6,870000E+0	605,000000E+0	11,900000E+0
1039	65,100000E+3	176,178860E+3	-6,870000E+0	605,000000E+0	11,900000E+0
1040	65,360000E+3	176,178860E+3	-4,351000E+0	547,000000E+0	11,900000E+0
1041	65,360000E+3	176,178860E+3	-4,351000E+0	547,000000E+0	11,900000E+0
1042	65,360000E+3	176,178860E+3	-4,351000E+0	547,000000E+0	11,900000E+0
1043	65,360000E+3	176,178860E+3	-4,351000E+0	547,000000E+0	11,900000E+0
1044	28,000000E+0	176,238040E+3	-458,000000E-3	542,000000E+0	11,900000E+0
1045	28,000000E+0	176,238040E+3	-458,000000E-3	542,000000E+0	11,900000E+0
1046	28,000000E+0	176,238040E+3	-458,000000E-3	542,000000E+0	11,900000E+0
1047	28,000000E+0	176,238040E+3	-458,000000E-3	542,000000E+0	11,900000E+0
1048	140,000000E+0	176,243420E+3	1,603000E+0	566,000000E+0	11,900000E+0
1049	140,000000E+0	176,243420E+3	1,603000E+0	566,000000E+0	11,900000E+0
1050	140,000000E+0	176,243420E+3	1,603000E+0	566,000000E+0	11,900000E+0
1051	140,000000E+0	176,243420E+3	1,603000E+0	566,000000E+0	11,900000E+0
1052	119,000000E+0	176,264940E+3	2,061000E+0	602,000000E+0	11,900000E+0
1053	119,000000E+0	176,264940E+3	2,061000E+0	602,000000E+0	11,900000E+0
1054	119,000000E+0	176,264940E+3	2,061000E+0	602,000000E+0	11,900000E+0
1055	119,000000E+0	176,264940E+3	2,061000E+0	602,000000E+0	11,900000E+0
1056	161,000000E+0	176,270320E+3	2,290000E+0	636,000000E+0	11,900000E+0
1057	161,000000E+0	176,270320E+3	2,290000E+0	636,000000E+0	11,900000E+0
1058	161,000000E+0	176,270320E+3	2,290000E+0	636,000000E+0	11,900000E+0
1059	161,000000E+0	176,270320E+3	2,290000E+0	636,000000E+0	11,900000E+0
1060	105,000000E+0	176,256870E+3	2,748000E+0	676,000000E+0	11,900000E+0
1061	105,000000E+0	176,256870E+3	2,748000E+0	676,000000E+0	11,900000E+0
1062	105,000000E+0	176,256870E+3	2,748000E+0	676,000000E+0	11,900000E+0
1063	105,000000E+0	176,256870E+3	2,748000E+0	676,000000E+0	11,900000E+0
1064	42,000000E+0	176,248800E+3	2,061000E+0	704,000000E+0	11,900000E+0
1065	42,000000E+0	176,248800E+3	2,061000E+0	704,000000E+0	11,900000E+0
1066	42,000000E+0	176,248800E+3	2,061000E+0	704,000000E+0	11,900000E+0
1067	42,000000E+0	176,248800E+3	2,061000E+0	704,000000E+0	11,900000E+0
1068	7,000000E+0	176,232660E+3	1,374000E+0	720,000000E+0	11,900000E+0
1069	7,000000E+0	176,232660E+3	1,374000E+0	720,000000E+0	11,900000E+0
1070	7,000000E+0	176,232660E+3	1,374000E+0	720,000000E+0	11,900000E+0
1071	7,000000E+0	176,232660E+3	1,374000E+0	720,000000E+0	11,900000E+0
1072	0,000000E+0	176,240730E+3	687,000000E-3	728,000000E+0	11,900000E+0
1073	0,000000E+0	176,240730E+3	687,000000E-3	728,000000E+0	11,900000E+0
1074	0,000000E+0	176,240730E+3	687,000000E-3	728,000000E+0	11,900000E+0
1075	0,000000E+0	176,240730E+3	687,000000E-3	728,000000E+0	11,900000E+0
1076	65,521000E+3	176,256870E+3	229,000000E-3	732,000000E+0	11,900000E+0
1077	65,521000E+3	176,256870E+3	229,000000E-3	732,000000E+0	11,900000E+0
1078	65,521000E+3	176,256870E+3	229,000000E-3	732,000000E+0	11,900000E+0
1079	65,521000E+3	176,256870E+3	229,000000E-3	732,000000E+0	11,900000E+0
1080	65,521000E+3	176,259560E+3	229,000000E-3	736,000000E+0	11,900000E+0
1081	65,521000E+3	176,259560E+3	229,000000E-3	736,000000E+0	11,900000E+0
1082	65,521000E+3	176,259560E+3	229,000000E-3	736,000000E+0	11,900000E+0
1083	65,521000E+3	176,259560E+3	229,000000E-3	736,000000E+0	11,900000E+0
1084	65,514000E+3	176,262250E+3	0,000000E+0	737,000000E+0	11,900000E+0
1085	65,514000E+3	176,262250E+3	0,000000E+0	737,000000E+0	11,900000E+0
1086	65,514000E+3	176,262250E+3	0,000000E+0	737,000000E+0	11,900000E+0
1087	65,514000E+3	176,262250E+3	0,000000E+0	737,000000E+0	11,900000E+0
1088	65,507000E+3	176,259560E+3	0,000000E+0	739,000000E+0	11,900000E+0
1089	65,507000E+3	176,259560E+3	0,000000E+0	739,000000E+0	11,900000E+0
1090	65,507000E+3	176,259560E+3	0,000000E+0	739,000000E+0	11,900000E+0
