vendredi 22 décembre 2023	17:05:49	Sampling Period : 40  ms		
Unities: time [sample], PWM [raw], Current [mA], velocity [rev/min], Position [pulse], Present Input Voltage [V]

t	DXL_PWM		DXL_Current		DXL_Velocity		DXL_Position		DXL_Input_Voltage
0	0,000000E+0	176,289150E+3	0,000000E+0	1,025000E+3	12,000000E+0
1	0,000000E+0	176,289150E+3	0,000000E+0	1,025000E+3	12,000000E+0
2	0,000000E+0	176,289150E+3	0,000000E+0	1,025000E+3	12,000000E+0
3	0,000000E+0	176,289150E+3	0,000000E+0	1,025000E+3	12,000000E+0
4	65,374000E+3	0,000000E+0	-2,519000E+0	1,001000E+3	11,900000E+0
5	65,374000E+3	0,000000E+0	-2,519000E+0	1,001000E+3	11,900000E+0
6	65,374000E+3	0,000000E+0	-2,519000E+0	1,001000E+3	11,900000E+0
7	65,374000E+3	0,000000E+0	-2,519000E+0	1,001000E+3	11,900000E+0
8	65,325000E+3	5,380000E+0	-3,664000E+0	950,000000E+0	11,900000E+0
9	65,325000E+3	5,380000E+0	-3,664000E+0	950,000000E+0	11,900000E+0
10	65,325000E+3	5,380000E+0	-3,664000E+0	950,000000E+0	11,900000E+0
11	65,325000E+3	5,380000E+0	-3,664000E+0	950,000000E+0	11,900000E+0
12	65,360000E+3	8,070000E+0	-3,664000E+0	894,000000E+0	11,900000E+0
13	65,360000E+3	8,070000E+0	-3,664000E+0	894,000000E+0	11,900000E+0
14	65,360000E+3	8,070000E+0	-3,664000E+0	894,000000E+0	11,900000E+0
15	65,360000E+3	8,070000E+0	-3,664000E+0	894,000000E+0	11,900000E+0
16	65,346000E+3	176,286460E+3	-3,206000E+0	845,000000E+0	11,900000E+0
17	65,346000E+3	176,286460E+3	-3,206000E+0	845,000000E+0	11,900000E+0
18	65,346000E+3	176,286460E+3	-3,206000E+0	845,000000E+0	11,900000E+0
19	65,346000E+3	176,286460E+3	-3,206000E+0	845,000000E+0	11,900000E+0
20	65,360000E+3	176,278390E+3	-3,206000E+0	797,000000E+0	11,900000E+0
21	65,360000E+3	176,278390E+3	-3,206000E+0	797,000000E+0	11,900000E+0
22	65,360000E+3	176,278390E+3	-3,206000E+0	797,000000E+0	11,900000E+0
23	65,360000E+3	176,278390E+3	-3,206000E+0	797,000000E+0	11,900000E+0
24	65,374000E+3	176,281080E+3	-2,748000E+0	754,000000E+0	11,900000E+0
25	65,374000E+3	176,281080E+3	-2,748000E+0	754,000000E+0	11,900000E+0
26	65,374000E+3	176,281080E+3	-2,748000E+0	754,000000E+0	11,900000E+0
27	65,374000E+3	176,281080E+3	-2,748000E+0	754,000000E+0	11,900000E+0
28	65,381000E+3	176,270320E+3	-2,519000E+0	716,000000E+0	11,900000E+0
29	65,381000E+3	176,270320E+3	-2,519000E+0	716,000000E+0	11,900000E+0
30	65,381000E+3	176,270320E+3	-2,519000E+0	716,000000E+0	11,900000E+0
31	65,381000E+3	176,270320E+3	-2,519000E+0	716,000000E+0	11,900000E+0
32	65,388000E+3	176,259560E+3	-2,061000E+0	681,000000E+0	11,900000E+0
33	65,388000E+3	176,259560E+3	-2,061000E+0	681,000000E+0	11,900000E+0
34	65,388000E+3	176,259560E+3	-2,061000E+0	681,000000E+0	11,900000E+0
35	65,388000E+3	176,259560E+3	-2,061000E+0	681,000000E+0	11,900000E+0
36	65,409000E+3	176,254180E+3	-2,061000E+0	651,000000E+0	11,900000E+0
37	65,409000E+3	176,254180E+3	-2,061000E+0	651,000000E+0	11,900000E+0
38	65,409000E+3	176,254180E+3	-2,061000E+0	651,000000E+0	11,900000E+0
39	65,409000E+3	176,254180E+3	-2,061000E+0	651,000000E+0	11,900000E+0
40	65,416000E+3	176,243420E+3	-1,603000E+0	627,000000E+0	11,900000E+0
41	65,416000E+3	176,243420E+3	-1,603000E+0	627,000000E+0	11,900000E+0
42	65,416000E+3	176,243420E+3	-1,603000E+0	627,000000E+0	11,900000E+0
43	65,416000E+3	176,243420E+3	-1,603000E+0	627,000000E+0	11,900000E+0
44	65,444000E+3	176,246110E+3	-916,000000E-3	607,000000E+0	11,900000E+0
45	65,444000E+3	176,246110E+3	-916,000000E-3	607,000000E+0	11,900000E+0
46	65,444000E+3	176,246110E+3	-916,000000E-3	607,000000E+0	11,900000E+0
47	65,444000E+3	176,246110E+3	-916,000000E-3	607,000000E+0	11,900000E+0
48	65,458000E+3	176,235350E+3	-687,000000E-3	595,000000E+0	12,000000E+0
49	65,458000E+3	176,235350E+3	-687,000000E-3	595,000000E+0	12,000000E+0
50	65,458000E+3	176,235350E+3	-687,000000E-3	595,000000E+0	12,000000E+0
51	65,458000E+3	176,235350E+3	-687,000000E-3	595,000000E+0	12,000000E+0
52	65,486000E+3	176,229970E+3	0,000000E+0	589,000000E+0	12,000000E+0
53	65,486000E+3	176,229970E+3	0,000000E+0	589,000000E+0	12,000000E+0
54	65,486000E+3	176,229970E+3	0,000000E+0	589,000000E+0	12,000000E+0
55	65,486000E+3	176,229970E+3	0,000000E+0	589,000000E+0	12,000000E+0
56	65,486000E+3	176,227280E+3	0,000000E+0	588,000000E+0	12,000000E+0
57	65,486000E+3	176,227280E+3	0,000000E+0	588,000000E+0	12,000000E+0
58	65,486000E+3	176,227280E+3	0,000000E+0	588,000000E+0	12,000000E+0
59	65,486000E+3	176,227280E+3	0,000000E+0	588,000000E+0	12,000000E+0
60	65,486000E+3	176,229970E+3	0,000000E+0	588,000000E+0	12,000000E+0
61	65,486000E+3	176,229970E+3	0,000000E+0	588,000000E+0	12,000000E+0
62	65,486000E+3	176,229970E+3	0,000000E+0	588,000000E+0	12,000000E+0
63	65,486000E+3	176,229970E+3	0,000000E+0	588,000000E+0	12,000000E+0
64	65,493000E+3	176,227280E+3	0,000000E+0	588,000000E+0	12,000000E+0
65	65,493000E+3	176,227280E+3	0,000000E+0	588,000000E+0	12,000000E+0
66	65,493000E+3	176,227280E+3	0,000000E+0	588,000000E+0	12,000000E+0
67	65,493000E+3	176,227280E+3	0,000000E+0	588,000000E+0	12,000000E+0
68	65,486000E+3	176,229970E+3	0,000000E+0	588,000000E+0	12,000000E+0
69	65,486000E+3	176,229970E+3	0,000000E+0	588,000000E+0	12,000000E+0
70	65,486000E+3	176,229970E+3	0,000000E+0	588,000000E+0	12,000000E+0
71	65,486000E+3	176,229970E+3	0,000000E+0	588,000000E+0	12,000000E+0
72	65,486000E+3	176,229970E+3	0,000000E+0	588,000000E+0	12,000000E+0
73	65,486000E+3	176,229970E+3	0,000000E+0	588,000000E+0	12,000000E+0
74	65,486000E+3	176,229970E+3	0,000000E+0	588,000000E+0	12,000000E+0
75	65,486000E+3	176,229970E+3	0,000000E+0	588,000000E+0	12,000000E+0
76	65,486000E+3	176,229970E+3	0,000000E+0	589,000000E+0	12,000000E+0
77	65,486000E+3	176,229970E+3	0,000000E+0	589,000000E+0	12,000000E+0
78	65,486000E+3	176,229970E+3	0,000000E+0	589,000000E+0	12,000000E+0
79	65,486000E+3	176,229970E+3	0,000000E+0	589,000000E+0	12,000000E+0
80	65,493000E+3	176,227280E+3	0,000000E+0	588,000000E+0	12,000000E+0
81	65,493000E+3	176,227280E+3	0,000000E+0	588,000000E+0	12,000000E+0
82	65,493000E+3	176,227280E+3	0,000000E+0	588,000000E+0	12,000000E+0
83	65,493000E+3	176,227280E+3	0,000000E+0	588,000000E+0	12,000000E+0
84	65,493000E+3	176,229970E+3	0,000000E+0	589,000000E+0	12,000000E+0
85	65,493000E+3	176,229970E+3	0,000000E+0	589,000000E+0	12,000000E+0
86	65,493000E+3	176,229970E+3	0,000000E+0	589,000000E+0	12,000000E+0
87	65,493000E+3	176,229970E+3	0,000000E+0	589,000000E+0	12,000000E+0
88	65,493000E+3	176,227280E+3	0,000000E+0	589,000000E+0	12,000000E+0
89	65,493000E+3	176,227280E+3	0,000000E+0	589,000000E+0	12,000000E+0
90	65,493000E+3	176,227280E+3	0,000000E+0	589,000000E+0	12,000000E+0
91	65,493000E+3	176,227280E+3	0,000000E+0	589,000000E+0	12,000000E+0
92	65,493000E+3	176,238040E+3	0,000000E+0	589,000000E+0	12,000000E+0
93	65,493000E+3	176,238040E+3	0,000000E+0	589,000000E+0	12,000000E+0
94	65,493000E+3	176,238040E+3	0,000000E+0	589,000000E+0	12,000000E+0
95	65,493000E+3	176,238040E+3	0,000000E+0	589,000000E+0	12,000000E+0
96	65,514000E+3	176,270320E+3	0,000000E+0	589,000000E+0	12,000000E+0
97	65,514000E+3	176,270320E+3	0,000000E+0	589,000000E+0	12,000000E+0
98	65,514000E+3	176,270320E+3	0,000000E+0	589,000000E+0	12,000000E+0
99	65,514000E+3	176,270320E+3	0,000000E+0	589,000000E+0	12,000000E+0
100	21,000000E+0	176,267630E+3	229,000000E-3	593,000000E+0	12,000000E+0
101	21,000000E+0	176,267630E+3	229,000000E-3	593,000000E+0	12,000000E+0
102	21,000000E+0	176,267630E+3	229,000000E-3	593,000000E+0	12,000000E+0
103	21,000000E+0	176,267630E+3	229,000000E-3	593,000000E+0	12,000000E+0
104	35,000000E+0	176,259560E+3	916,000000E-3	607,000000E+0	12,000000E+0
105	35,000000E+0	176,259560E+3	916,000000E-3	607,000000E+0	12,000000E+0
106	35,000000E+0	176,259560E+3	916,000000E-3	607,000000E+0	12,000000E+0
107	35,000000E+0	176,259560E+3	916,000000E-3	607,000000E+0	12,000000E+0
108	65,458000E+3	176,243420E+3	-458,000000E-3	610,000000E+0	12,000000E+0
109	65,458000E+3	176,243420E+3	-458,000000E-3	610,000000E+0	12,000000E+0
110	65,458000E+3	176,243420E+3	-458,000000E-3	610,000000E+0	12,000000E+0
111	65,458000E+3	176,243420E+3	-458,000000E-3	610,000000E+0	12,000000E+0
112	65,325000E+3	176,264940E+3	-2,748000E+0	578,000000E+0	11,900000E+0
113	65,325000E+3	176,264940E+3	-2,748000E+0	578,000000E+0	11,900000E+0
114	65,325000E+3	176,264940E+3	-2,748000E+0	578,000000E+0	11,900000E+0
115	65,325000E+3	176,264940E+3	-2,748000E+0	578,000000E+0	11,900000E+0
116	65,303000E+3	176,264940E+3	-3,893000E+0	522,000000E+0	11,900000E+0
117	65,303000E+3	176,264940E+3	-3,893000E+0	522,000000E+0	11,900000E+0
118	65,303000E+3	176,264940E+3	-3,893000E+0	522,000000E+0	11,900000E+0
119	65,303000E+3	176,264940E+3	-3,893000E+0	522,000000E+0	11,900000E+0
120	65,325000E+3	176,264940E+3	-3,206000E+0	467,000000E+0	11,900000E+0
121	65,325000E+3	176,264940E+3	-3,206000E+0	467,000000E+0	11,900000E+0
122	65,325000E+3	176,264940E+3	-3,206000E+0	467,000000E+0	11,900000E+0
123	65,325000E+3	176,264940E+3	-3,206000E+0	467,000000E+0	11,900000E+0
124	65,388000E+3	176,243420E+3	-1,832000E+0	430,000000E+0	11,900000E+0
125	65,388000E+3	176,243420E+3	-1,832000E+0	430,000000E+0	11,900000E+0
126	65,388000E+3	176,243420E+3	-1,832000E+0	430,000000E+0	11,900000E+0
127	65,388000E+3	176,243420E+3	-1,832000E+0	430,000000E+0	11,900000E+0
128	65,479000E+3	176,216520E+3	-229,000000E-3	415,000000E+0	11,900000E+0
129	65,479000E+3	176,216520E+3	-229,000000E-3	415,000000E+0	11,900000E+0
130	65,479000E+3	176,216520E+3	-229,000000E-3	415,000000E+0	11,900000E+0
131	65,479000E+3	176,216520E+3	-229,000000E-3	415,000000E+0	11,900000E+0
132	49,000000E+0	176,238040E+3	1,145000E+0	426,000000E+0	11,900000E+0
133	49,000000E+0	176,238040E+3	1,145000E+0	426,000000E+0	11,900000E+0
134	49,000000E+0	176,238040E+3	1,145000E+0	426,000000E+0	11,900000E+0
135	49,000000E+0	176,238040E+3	1,145000E+0	426,000000E+0	11,900000E+0
136	126,000000E+0	176,200380E+3	2,748000E+0	462,000000E+0	11,900000E+0
137	126,000000E+0	176,200380E+3	2,748000E+0	462,000000E+0	11,900000E+0
138	126,000000E+0	176,200380E+3	2,748000E+0	462,000000E+0	11,900000E+0
139	126,000000E+0	176,200380E+3	2,748000E+0	462,000000E+0	11,900000E+0
140	161,000000E+0	176,181550E+3	3,664000E+0	517,000000E+0	11,900000E+0
141	161,000000E+0	176,181550E+3	3,664000E+0	517,000000E+0	11,900000E+0
142	161,000000E+0	176,181550E+3	3,664000E+0	517,000000E+0	11,900000E+0
143	161,000000E+0	176,181550E+3	3,664000E+0	517,000000E+0	11,900000E+0
144	133,000000E+0	176,184240E+3	3,435000E+0	573,000000E+0	11,900000E+0
145	133,000000E+0	176,184240E+3	3,435000E+0	573,000000E+0	11,900000E+0
146	133,000000E+0	176,184240E+3	3,435000E+0	573,000000E+0	11,900000E+0
147	133,000000E+0	176,184240E+3	3,435000E+0	573,000000E+0	11,900000E+0
148	42,000000E+0	176,246110E+3	1,374000E+0	604,000000E+0	12,000000E+0
149	42,000000E+0	176,246110E+3	1,374000E+0	604,000000E+0	12,000000E+0
150	42,000000E+0	176,246110E+3	1,374000E+0	604,000000E+0	12,000000E+0
151	42,000000E+0	176,246110E+3	1,374000E+0	604,000000E+0	12,000000E+0
152	65,465000E+3	176,248800E+3	-229,000000E-3	607,000000E+0	12,000000E+0
153	65,465000E+3	176,248800E+3	-229,000000E-3	607,000000E+0	12,000000E+0
154	65,465000E+3	176,248800E+3	-229,000000E-3	607,000000E+0	12,000000E+0
155	65,465000E+3	176,248800E+3	-229,000000E-3	607,000000E+0	12,000000E+0
156	65,458000E+3	176,246110E+3	-458,000000E-3	598,000000E+0	11,900000E+0
157	65,458000E+3	176,246110E+3	-458,000000E-3	598,000000E+0	11,900000E+0
158	65,458000E+3	176,246110E+3	-458,000000E-3	598,000000E+0	11,900000E+0
159	65,458000E+3	176,246110E+3	-458,000000E-3	598,000000E+0	11,900000E+0
160	65,479000E+3	176,232660E+3	0,000000E+0	591,000000E+0	11,900000E+0
161	65,479000E+3	176,232660E+3	0,000000E+0	591,000000E+0	11,900000E+0
162	65,479000E+3	176,232660E+3	0,000000E+0	591,000000E+0	11,900000E+0
163	65,479000E+3	176,232660E+3	0,000000E+0	591,000000E+0	11,900000E+0
164	65,486000E+3	176,224590E+3	0,000000E+0	589,000000E+0	12,000000E+0
165	65,486000E+3	176,224590E+3	0,000000E+0	589,000000E+0	12,000000E+0
166	65,486000E+3	176,224590E+3	0,000000E+0	589,000000E+0	12,000000E+0
167	65,486000E+3	176,224590E+3	0,000000E+0	589,000000E+0	12,000000E+0
168	65,486000E+3	176,221900E+3	0,000000E+0	589,000000E+0	12,000000E+0
169	65,486000E+3	176,221900E+3	0,000000E+0	589,000000E+0	12,000000E+0
170	65,486000E+3	176,221900E+3	0,000000E+0	589,000000E+0	12,000000E+0
171	65,486000E+3	176,221900E+3	0,000000E+0	589,000000E+0	12,000000E+0
172	65,486000E+3	176,221900E+3	0,000000E+0	589,000000E+0	12,000000E+0
173	65,486000E+3	176,221900E+3	0,000000E+0	589,000000E+0	12,000000E+0
174	65,486000E+3	176,221900E+3	0,000000E+0	589,000000E+0	12,000000E+0
175	65,486000E+3	176,221900E+3	0,000000E+0	589,000000E+0	12,000000E+0
176	65,486000E+3	176,221900E+3	0,000000E+0	589,000000E+0	11,900000E+0
177	65,486000E+3	176,221900E+3	0,000000E+0	589,000000E+0	11,900000E+0
178	65,486000E+3	176,221900E+3	0,000000E+0	589,000000E+0	11,900000E+0
179	65,486000E+3	176,221900E+3	0,000000E+0	589,000000E+0	11,900000E+0
180	65,486000E+3	176,221900E+3	0,000000E+0	589,000000E+0	11,900000E+0
181	65,486000E+3	176,221900E+3	0,000000E+0	589,000000E+0	11,900000E+0
182	65,486000E+3	176,221900E+3	0,000000E+0	589,000000E+0	11,900000E+0
183	65,486000E+3	176,221900E+3	0,000000E+0	589,000000E+0	11,900000E+0
184	65,486000E+3	176,221900E+3	0,000000E+0	589,000000E+0	11,900000E+0
185	65,486000E+3	176,221900E+3	0,000000E+0	589,000000E+0	11,900000E+0
186	65,486000E+3	176,221900E+3	0,000000E+0	589,000000E+0	11,900000E+0
187	65,486000E+3	176,221900E+3	0,000000E+0	589,000000E+0	11,900000E+0
188	65,493000E+3	176,232660E+3	0,000000E+0	589,000000E+0	11,900000E+0
189	65,493000E+3	176,232660E+3	0,000000E+0	589,000000E+0	11,900000E+0
190	65,493000E+3	176,232660E+3	0,000000E+0	589,000000E+0	11,900000E+0
191	65,493000E+3	176,232660E+3	0,000000E+0	589,000000E+0	11,900000E+0
192	65,500000E+3	176,243420E+3	0,000000E+0	589,000000E+0	11,900000E+0
193	65,500000E+3	176,243420E+3	0,000000E+0	589,000000E+0	11,900000E+0
194	65,500000E+3	176,243420E+3	0,000000E+0	589,000000E+0	11,900000E+0
195	65,500000E+3	176,243420E+3	0,000000E+0	589,000000E+0	11,900000E+0
196	65,528000E+3	176,273010E+3	0,000000E+0	590,000000E+0	11,900000E+0
197	65,528000E+3	176,273010E+3	0,000000E+0	590,000000E+0	11,900000E+0
198	65,528000E+3	176,273010E+3	0,000000E+0	590,000000E+0	11,900000E+0
199	65,528000E+3	176,273010E+3	0,000000E+0	590,000000E+0	11,900000E+0
200	35,000000E+0	176,259560E+3	687,000000E-3	599,000000E+0	11,900000E+0
201	35,000000E+0	176,259560E+3	687,000000E-3	599,000000E+0	11,900000E+0
202	35,000000E+0	176,259560E+3	687,000000E-3	599,000000E+0	11,900000E+0
203	35,000000E+0	176,259560E+3	687,000000E-3	599,000000E+0	11,900000E+0
204	7,000000E+0	176,264940E+3	229,000000E-3	610,000000E+0	11,900000E+0
205	7,000000E+0	176,264940E+3	229,000000E-3	610,000000E+0	11,900000E+0
206	7,000000E+0	176,264940E+3	229,000000E-3	610,000000E+0	11,900000E+0
207	7,000000E+0	176,264940E+3	229,000000E-3	610,000000E+0	11,900000E+0
208	65,395000E+3	176,251490E+3	-1,603000E+0	596,000000E+0	11,900000E+0
209	65,395000E+3	176,251490E+3	-1,603000E+0	596,000000E+0	11,900000E+0
210	65,395000E+3	176,251490E+3	-1,603000E+0	596,000000E+0	11,900000E+0
211	65,395000E+3	176,251490E+3	-1,603000E+0	596,000000E+0	11,900000E+0
212	65,303000E+3	176,262250E+3	-3,435000E+0	552,000000E+0	11,900000E+0
213	65,303000E+3	176,262250E+3	-3,435000E+0	552,000000E+0	11,900000E+0
214	65,303000E+3	176,262250E+3	-3,435000E+0	552,000000E+0	11,900000E+0
215	65,303000E+3	176,262250E+3	-3,435000E+0	552,000000E+0	11,900000E+0
216	65,303000E+3	176,267630E+3	-3,893000E+0	494,000000E+0	11,900000E+0
217	65,303000E+3	176,267630E+3	-3,893000E+0	494,000000E+0	11,900000E+0
218	65,303000E+3	176,267630E+3	-3,893000E+0	494,000000E+0	11,900000E+0
219	65,303000E+3	176,267630E+3	-3,893000E+0	494,000000E+0	11,900000E+0
220	65,346000E+3	176,259560E+3	-2,519000E+0	446,000000E+0	11,900000E+0
221	65,346000E+3	176,259560E+3	-2,519000E+0	446,000000E+0	11,900000E+0
222	65,346000E+3	176,259560E+3	-2,519000E+0	446,000000E+0	11,900000E+0
223	65,346000E+3	176,259560E+3	-2,519000E+0	446,000000E+0	11,900000E+0
224	65,430000E+3	176,240730E+3	-1,145000E+0	418,000000E+0	11,900000E+0
225	65,430000E+3	176,240730E+3	-1,145000E+0	418,000000E+0	11,900000E+0
226	65,430000E+3	176,240730E+3	-1,145000E+0	418,000000E+0	11,900000E+0
227	65,430000E+3	176,240730E+3	-1,145000E+0	418,000000E+0	11,900000E+0
228	0,000000E+0	176,243420E+3	229,000000E-3	416,000000E+0	12,000000E+0
229	0,000000E+0	176,243420E+3	229,000000E-3	416,000000E+0	12,000000E+0
230	0,000000E+0	176,243420E+3	229,000000E-3	416,000000E+0	12,000000E+0
231	0,000000E+0	176,243420E+3	229,000000E-3	416,000000E+0	12,000000E+0
232	112,000000E+0	176,205760E+3	2,061000E+0	439,000000E+0	11,900000E+0
233	112,000000E+0	176,205760E+3	2,061000E+0	439,000000E+0	11,900000E+0
234	112,000000E+0	176,205760E+3	2,061000E+0	439,000000E+0	11,900000E+0
235	112,000000E+0	176,205760E+3	2,061000E+0	439,000000E+0	11,900000E+0
236	147,000000E+0	176,181550E+3	3,435000E+0	490,000000E+0	11,900000E+0
237	147,000000E+0	176,181550E+3	3,435000E+0	490,000000E+0	11,900000E+0
238	147,000000E+0	176,181550E+3	3,435000E+0	490,000000E+0	11,900000E+0
239	147,000000E+0	176,181550E+3	3,435000E+0	490,000000E+0	11,900000E+0
240	154,000000E+0	176,176170E+3	3,664000E+0	547,000000E+0	11,900000E+0
241	154,000000E+0	176,176170E+3	3,664000E+0	547,000000E+0	11,900000E+0
242	154,000000E+0	176,176170E+3	3,664000E+0	547,000000E+0	11,900000E+0
243	154,000000E+0	176,176170E+3	3,664000E+0	547,000000E+0	11,900000E+0
244	105,000000E+0	176,213830E+3	2,519000E+0	592,000000E+0	11,900000E+0
245	105,000000E+0	176,213830E+3	2,519000E+0	592,000000E+0	11,900000E+0
246	105,000000E+0	176,213830E+3	2,519000E+0	592,000000E+0	11,900000E+0
247	105,000000E+0	176,213830E+3	2,519000E+0	592,000000E+0	11,900000E+0
248	65,521000E+3	176,275700E+3	0,000000E+0	609,000000E+0	11,900000E+0
249	65,521000E+3	176,275700E+3	0,000000E+0	609,000000E+0	11,900000E+0
250	65,521000E+3	176,275700E+3	0,000000E+0	609,000000E+0	11,900000E+0
251	65,521000E+3	176,275700E+3	0,000000E+0	609,000000E+0	11,900000E+0
252	65,451000E+3	176,248800E+3	-687,000000E-3	602,000000E+0	11,900000E+0
253	65,451000E+3	176,248800E+3	-687,000000E-3	602,000000E+0	11,900000E+0
254	65,451000E+3	176,248800E+3	-687,000000E-3	602,000000E+0	11,900000E+0
255	65,451000E+3	176,248800E+3	-687,000000E-3	602,000000E+0	11,900000E+0
256	65,472000E+3	176,238040E+3	-229,000000E-3	593,000000E+0	11,900000E+0
257	65,472000E+3	176,238040E+3	-229,000000E-3	593,000000E+0	11,900000E+0
258	65,472000E+3	176,238040E+3	-229,000000E-3	593,000000E+0	11,900000E+0
259	65,472000E+3	176,238040E+3	-229,000000E-3	593,000000E+0	11,900000E+0
260	65,486000E+3	176,227280E+3	0,000000E+0	590,000000E+0	11,900000E+0
261	65,486000E+3	176,227280E+3	0,000000E+0	590,000000E+0	11,900000E+0
262	65,486000E+3	176,227280E+3	0,000000E+0	590,000000E+0	11,900000E+0
263	65,486000E+3	176,227280E+3	0,000000E+0	590,000000E+0	11,900000E+0
264	65,486000E+3	176,224590E+3	0,000000E+0	589,000000E+0	11,900000E+0
265	65,486000E+3	176,224590E+3	0,000000E+0	589,000000E+0	11,900000E+0
266	65,486000E+3	176,224590E+3	0,000000E+0	589,000000E+0	11,900000E+0
267	65,486000E+3	176,224590E+3	0,000000E+0	589,000000E+0	11,900000E+0
268	65,486000E+3	176,221900E+3	0,000000E+0	589,000000E+0	11,900000E+0
269	65,486000E+3	176,221900E+3	0,000000E+0	589,000000E+0	11,900000E+0
270	65,486000E+3	176,221900E+3	0,000000E+0	589,000000E+0	11,900000E+0
271	65,486000E+3	176,221900E+3	0,000000E+0	589,000000E+0	11,900000E+0
272	65,486000E+3	176,221900E+3	0,000000E+0	589,000000E+0	12,000000E+0
273	65,486000E+3	176,221900E+3	0,000000E+0	589,000000E+0	12,000000E+0
274	65,486000E+3	176,221900E+3	0,000000E+0	589,000000E+0	12,000000E+0
275	65,486000E+3	176,221900E+3	0,000000E+0	589,000000E+0	12,000000E+0
276	65,486000E+3	176,221900E+3	0,000000E+0	589,000000E+0	12,000000E+0
277	65,486000E+3	176,221900E+3	0,000000E+0	589,000000E+0	12,000000E+0
278	65,486000E+3	176,221900E+3	0,000000E+0	589,000000E+0	12,000000E+0
279	65,486000E+3	176,221900E+3	0,000000E+0	589,000000E+0	12,000000E+0
280	65,486000E+3	176,221900E+3	0,000000E+0	589,000000E+0	12,000000E+0
281	65,486000E+3	176,221900E+3	0,000000E+0	589,000000E+0	12,000000E+0
282	65,486000E+3	176,221900E+3	0,000000E+0	589,000000E+0	12,000000E+0
283	65,486000E+3	176,221900E+3	0,000000E+0	589,000000E+0	12,000000E+0
284	65,486000E+3	176,221900E+3	0,000000E+0	589,000000E+0	12,000000E+0
285	65,486000E+3	176,221900E+3	0,000000E+0	589,000000E+0	12,000000E+0
286	65,486000E+3	176,221900E+3	0,000000E+0	589,000000E+0	12,000000E+0
287	65,486000E+3	176,221900E+3	0,000000E+0	589,000000E+0	12,000000E+0
288	65,493000E+3	176,232660E+3	0,000000E+0	589,000000E+0	12,000000E+0
289	65,493000E+3	176,232660E+3	0,000000E+0	589,000000E+0	12,000000E+0
290	65,493000E+3	176,232660E+3	0,000000E+0	589,000000E+0	12,000000E+0
291	65,493000E+3	176,232660E+3	0,000000E+0	589,000000E+0	12,000000E+0
292	65,514000E+3	176,264940E+3	0,000000E+0	589,000000E+0	12,000000E+0
293	65,514000E+3	176,264940E+3	0,000000E+0	589,000000E+0	12,000000E+0
294	65,514000E+3	176,264940E+3	0,000000E+0	589,000000E+0	12,000000E+0
295	65,514000E+3	176,264940E+3	0,000000E+0	589,000000E+0	12,000000E+0
296	21,000000E+0	176,267630E+3	458,000000E-3	594,000000E+0	12,000000E+0
297	21,000000E+0	176,267630E+3	458,000000E-3	594,000000E+0	12,000000E+0
298	21,000000E+0	176,267630E+3	458,000000E-3	594,000000E+0	12,000000E+0
299	21,000000E+0	176,267630E+3	458,000000E-3	594,000000E+0	12,000000E+0
300	35,000000E+0	176,259560E+3	916,000000E-3	606,000000E+0	12,000000E+0
301	35,000000E+0	176,259560E+3	916,000000E-3	606,000000E+0	12,000000E+0
302	35,000000E+0	176,259560E+3	916,000000E-3	606,000000E+0	12,000000E+0
303	35,000000E+0	176,259560E+3	916,000000E-3	606,000000E+0	12,000000E+0
304	65,458000E+3	176,243420E+3	-458,000000E-3	609,000000E+0	12,000000E+0
305	65,458000E+3	176,243420E+3	-458,000000E-3	609,000000E+0	12,000000E+0
306	65,458000E+3	176,243420E+3	-458,000000E-3	609,000000E+0	12,000000E+0
307	65,458000E+3	176,243420E+3	-458,000000E-3	609,000000E+0	12,000000E+0
308	65,332000E+3	176,262250E+3	-2,748000E+0	578,000000E+0	11,900000E+0
309	65,332000E+3	176,262250E+3	-2,748000E+0	578,000000E+0	11,900000E+0
310	65,332000E+3	176,262250E+3	-2,748000E+0	578,000000E+0	11,900000E+0
311	65,332000E+3	176,262250E+3	-2,748000E+0	578,000000E+0	11,900000E+0
312	65,289000E+3	176,262250E+3	-3,664000E+0	522,000000E+0	11,900000E+0
313	65,289000E+3	176,262250E+3	-3,664000E+0	522,000000E+0	11,900000E+0
314	65,289000E+3	176,262250E+3	-3,664000E+0	522,000000E+0	11,900000E+0
315	65,289000E+3	176,262250E+3	-3,664000E+0	522,000000E+0	11,900000E+0
316	65,332000E+3	176,264940E+3	-3,435000E+0	467,000000E+0	11,900000E+0
317	65,332000E+3	176,264940E+3	-3,435000E+0	467,000000E+0	11,900000E+0
318	65,332000E+3	176,264940E+3	-3,435000E+0	467,000000E+0	11,900000E+0
319	65,332000E+3	176,264940E+3	-3,435000E+0	467,000000E+0	11,900000E+0
320	65,388000E+3	176,246110E+3	-1,832000E+0	430,000000E+0	11,900000E+0
321	65,388000E+3	176,246110E+3	-1,832000E+0	430,000000E+0	11,900000E+0
322	65,388000E+3	176,246110E+3	-1,832000E+0	430,000000E+0	11,900000E+0
323	65,388000E+3	176,246110E+3	-1,832000E+0	430,000000E+0	11,900000E+0
324	65,479000E+3	176,213830E+3	-229,000000E-3	415,000000E+0	11,900000E+0
325	65,479000E+3	176,213830E+3	-229,000000E-3	415,000000E+0	11,900000E+0
326	65,479000E+3	176,213830E+3	-229,000000E-3	415,000000E+0	11,900000E+0
327	65,479000E+3	176,213830E+3	-229,000000E-3	415,000000E+0	11,900000E+0
328	49,000000E+0	176,240730E+3	1,145000E+0	426,000000E+0	11,900000E+0
329	49,000000E+0	176,240730E+3	1,145000E+0	426,000000E+0	11,900000E+0
330	49,000000E+0	176,240730E+3	1,145000E+0	426,000000E+0	11,900000E+0
331	49,000000E+0	176,240730E+3	1,145000E+0	426,000000E+0	11,900000E+0
332	126,000000E+0	176,197690E+3	2,748000E+0	462,000000E+0	11,900000E+0
333	126,000000E+0	176,197690E+3	2,748000E+0	462,000000E+0	11,900000E+0
334	126,000000E+0	176,197690E+3	2,748000E+0	462,000000E+0	11,900000E+0
335	126,000000E+0	176,197690E+3	2,748000E+0	462,000000E+0	11,900000E+0
336	168,000000E+0	176,181550E+3	3,435000E+0	517,000000E+0	11,900000E+0
337	168,000000E+0	176,181550E+3	3,435000E+0	517,000000E+0	11,900000E+0
338	168,000000E+0	176,181550E+3	3,435000E+0	517,000000E+0	11,900000E+0
339	168,000000E+0	176,181550E+3	3,435000E+0	517,000000E+0	11,900000E+0
340	126,000000E+0	176,178860E+3	3,435000E+0	573,000000E+0	11,900000E+0
341	126,000000E+0	176,178860E+3	3,435000E+0	573,000000E+0	11,900000E+0
342	126,000000E+0	176,178860E+3	3,435000E+0	573,000000E+0	11,900000E+0
343	126,000000E+0	176,178860E+3	3,435000E+0	573,000000E+0	11,900000E+0
344	42,000000E+0	176,248800E+3	1,145000E+0	603,000000E+0	11,900000E+0
345	42,000000E+0	176,248800E+3	1,145000E+0	603,000000E+0	11,900000E+0
346	42,000000E+0	176,248800E+3	1,145000E+0	603,000000E+0	11,900000E+0
347	42,000000E+0	176,248800E+3	1,145000E+0	603,000000E+0	11,900000E+0
348	65,465000E+3	176,248800E+3	-229,000000E-3	607,000000E+0	11,900000E+0
349	65,465000E+3	176,248800E+3	-229,000000E-3	607,000000E+0	11,900000E+0
350	65,465000E+3	176,248800E+3	-229,000000E-3	607,000000E+0	11,900000E+0
351	65,465000E+3	176,248800E+3	-229,000000E-3	607,000000E+0	11,900000E+0
352	65,458000E+3	176,243420E+3	-458,000000E-3	597,000000E+0	11,900000E+0
353	65,458000E+3	176,243420E+3	-458,000000E-3	597,000000E+0	11,900000E+0
354	65,458000E+3	176,243420E+3	-458,000000E-3	597,000000E+0	11,900000E+0
355	65,458000E+3	176,243420E+3	-458,000000E-3	597,000000E+0	11,900000E+0
356	65,479000E+3	176,232660E+3	0,000000E+0	591,000000E+0	11,900000E+0
357	65,479000E+3	176,232660E+3	0,000000E+0	591,000000E+0	11,900000E+0
358	65,479000E+3	176,232660E+3	0,000000E+0	591,000000E+0	11,900000E+0
359	65,479000E+3	176,232660E+3	0,000000E+0	591,000000E+0	11,900000E+0
360	65,486000E+3	176,224590E+3	0,000000E+0	589,000000E+0	11,900000E+0
361	65,486000E+3	176,224590E+3	0,000000E+0	589,000000E+0	11,900000E+0
362	65,486000E+3	176,224590E+3	0,000000E+0	589,000000E+0	11,900000E+0
363	65,486000E+3	176,224590E+3	0,000000E+0	589,000000E+0	11,900000E+0
364	65,486000E+3	176,224590E+3	0,000000E+0	589,000000E+0	11,900000E+0
365	65,486000E+3	176,224590E+3	0,000000E+0	589,000000E+0	11,900000E+0
366	65,486000E+3	176,224590E+3	0,000000E+0	589,000000E+0	11,900000E+0
367	65,486000E+3	176,224590E+3	0,000000E+0	589,000000E+0	11,900000E+0
368	65,486000E+3	176,224590E+3	0,000000E+0	589,000000E+0	11,900000E+0
369	65,486000E+3	176,224590E+3	0,000000E+0	589,000000E+0	11,900000E+0
370	65,486000E+3	176,224590E+3	0,000000E+0	589,000000E+0	11,900000E+0
371	65,486000E+3	176,224590E+3	0,000000E+0	589,000000E+0	11,900000E+0
372	65,486000E+3	176,224590E+3	0,000000E+0	589,000000E+0	11,900000E+0
373	65,486000E+3	176,224590E+3	0,000000E+0	589,000000E+0	11,900000E+0
374	65,486000E+3	176,224590E+3	0,000000E+0	589,000000E+0	11,900000E+0
375	65,486000E+3	176,224590E+3	0,000000E+0	589,000000E+0	11,900000E+0
376	65,486000E+3	176,224590E+3	0,000000E+0	589,000000E+0	11,900000E+0
377	65,486000E+3	176,224590E+3	0,000000E+0	589,000000E+0	11,900000E+0
378	65,486000E+3	176,224590E+3	0,000000E+0	589,000000E+0	11,900000E+0
379	65,486000E+3	176,224590E+3	0,000000E+0	589,000000E+0	11,900000E+0
380	65,486000E+3	176,224590E+3	0,000000E+0	589,000000E+0	11,900000E+0
381	65,486000E+3	176,224590E+3	0,000000E+0	589,000000E+0	11,900000E+0
382	65,486000E+3	176,224590E+3	0,000000E+0	589,000000E+0	11,900000E+0
383	65,486000E+3	176,224590E+3	0,000000E+0	589,000000E+0	11,900000E+0
384	65,493000E+3	176,232660E+3	0,000000E+0	589,000000E+0	11,900000E+0
385	65,493000E+3	176,232660E+3	0,000000E+0	589,000000E+0	11,900000E+0
386	65,493000E+3	176,232660E+3	0,000000E+0	589,000000E+0	11,900000E+0
387	65,493000E+3	176,232660E+3	0,000000E+0	589,000000E+0	11,900000E+0
388	65,500000E+3	176,243420E+3	0,000000E+0	589,000000E+0	11,900000E+0
389	65,500000E+3	176,243420E+3	0,000000E+0	589,000000E+0	11,900000E+0
390	65,500000E+3	176,243420E+3	0,000000E+0	589,000000E+0	11,900000E+0
391	65,500000E+3	176,243420E+3	0,000000E+0	589,000000E+0	11,900000E+0
392	0,000000E+0	176,273010E+3	0,000000E+0	590,000000E+0	11,900000E+0
393	0,000000E+0	176,273010E+3	0,000000E+0	590,000000E+0	11,900000E+0
394	0,000000E+0	176,273010E+3	0,000000E+0	590,000000E+0	11,900000E+0
395	0,000000E+0	176,273010E+3	0,000000E+0	590,000000E+0	11,900000E+0
396	35,000000E+0	176,259560E+3	687,000000E-3	599,000000E+0	11,900000E+0
397	35,000000E+0	176,259560E+3	687,000000E-3	599,000000E+0	11,900000E+0
398	35,000000E+0	176,259560E+3	687,000000E-3	599,000000E+0	11,900000E+0
399	35,000000E+0	176,259560E+3	687,000000E-3	599,000000E+0	11,900000E+0
400	7,000000E+0	176,264940E+3	458,000000E-3	610,000000E+0	11,900000E+0
401	7,000000E+0	176,264940E+3	458,000000E-3	610,000000E+0	11,900000E+0
402	7,000000E+0	176,264940E+3	458,000000E-3	610,000000E+0	11,900000E+0
403	7,000000E+0	176,264940E+3	458,000000E-3	610,000000E+0	11,900000E+0
404	65,395000E+3	176,251490E+3	-1,603000E+0	596,000000E+0	11,900000E+0
405	65,395000E+3	176,251490E+3	-1,603000E+0	596,000000E+0	11,900000E+0
406	65,395000E+3	176,251490E+3	-1,603000E+0	596,000000E+0	11,900000E+0
407	65,395000E+3	176,251490E+3	-1,603000E+0	596,000000E+0	11,900000E+0
408	65,311000E+3	176,262250E+3	-3,435000E+0	551,000000E+0	11,900000E+0
409	65,311000E+3	176,262250E+3	-3,435000E+0	551,000000E+0	11,900000E+0
410	65,311000E+3	176,262250E+3	-3,435000E+0	551,000000E+0	11,900000E+0
411	65,311000E+3	176,262250E+3	-3,435000E+0	551,000000E+0	11,900000E+0
412	65,303000E+3	176,270320E+3	-3,664000E+0	495,000000E+0	11,900000E+0
413	65,303000E+3	176,270320E+3	-3,664000E+0	495,000000E+0	11,900000E+0
414	65,303000E+3	176,270320E+3	-3,664000E+0	495,000000E+0	11,900000E+0
415	65,303000E+3	176,270320E+3	-3,664000E+0	495,000000E+0	11,900000E+0
416	65,353000E+3	176,259560E+3	-2,748000E+0	446,000000E+0	11,900000E+0
417	65,353000E+3	176,259560E+3	-2,748000E+0	446,000000E+0	11,900000E+0
418	65,353000E+3	176,259560E+3	-2,748000E+0	446,000000E+0	11,900000E+0
419	65,353000E+3	176,259560E+3	-2,748000E+0	446,000000E+0	11,900000E+0
420	65,430000E+3	176,240730E+3	-1,145000E+0	419,000000E+0	11,900000E+0
421	65,430000E+3	176,240730E+3	-1,145000E+0	419,000000E+0	11,900000E+0
422	65,430000E+3	176,240730E+3	-1,145000E+0	419,000000E+0	11,900000E+0
423	65,430000E+3	176,240730E+3	-1,145000E+0	419,000000E+0	11,900000E+0
424	0,000000E+0	176,246110E+3	229,000000E-3	416,000000E+0	12,000000E+0
425	0,000000E+0	176,246110E+3	229,000000E-3	416,000000E+0	12,000000E+0
426	0,000000E+0	176,246110E+3	229,000000E-3	416,000000E+0	12,000000E+0
427	0,000000E+0	176,246110E+3	229,000000E-3	416,000000E+0	12,000000E+0
428	105,000000E+0	176,208450E+3	2,290000E+0	440,000000E+0	11,900000E+0
429	105,000000E+0	176,208450E+3	2,290000E+0	440,000000E+0	11,900000E+0
430	105,000000E+0	176,208450E+3	2,290000E+0	440,000000E+0	11,900000E+0
431	105,000000E+0	176,208450E+3	2,290000E+0	440,000000E+0	11,900000E+0
432	147,000000E+0	176,186930E+3	3,206000E+0	489,000000E+0	11,900000E+0
433	147,000000E+0	176,186930E+3	3,206000E+0	489,000000E+0	11,900000E+0
434	147,000000E+0	176,186930E+3	3,206000E+0	489,000000E+0	11,900000E+0
435	147,000000E+0	176,186930E+3	3,206000E+0	489,000000E+0	11,900000E+0
436	154,000000E+0	176,173480E+3	3,664000E+0	546,000000E+0	11,900000E+0
437	154,000000E+0	176,173480E+3	3,664000E+0	546,000000E+0	11,900000E+0
438	154,000000E+0	176,173480E+3	3,664000E+0	546,000000E+0	11,900000E+0
439	154,000000E+0	176,173480E+3	3,664000E+0	546,000000E+0	11,900000E+0
440	98,000000E+0	176,213830E+3	2,748000E+0	592,000000E+0	11,900000E+0
441	98,000000E+0	176,213830E+3	2,748000E+0	592,000000E+0	11,900000E+0
442	98,000000E+0	176,213830E+3	2,748000E+0	592,000000E+0	11,900000E+0
443	98,000000E+0	176,213830E+3	2,748000E+0	592,000000E+0	11,900000E+0
444	65,521000E+3	176,273010E+3	0,000000E+0	609,000000E+0	11,900000E+0
445	65,521000E+3	176,273010E+3	0,000000E+0	609,000000E+0	11,900000E+0
446	65,521000E+3	176,273010E+3	0,000000E+0	609,000000E+0	11,900000E+0
447	65,521000E+3	176,273010E+3	0,000000E+0	609,000000E+0	11,900000E+0
448	65,451000E+3	176,248800E+3	-687,000000E-3	602,000000E+0	11,900000E+0
449	65,451000E+3	176,248800E+3	-687,000000E-3	602,000000E+0	11,900000E+0
450	65,451000E+3	176,248800E+3	-687,000000E-3	602,000000E+0	11,900000E+0
451	65,451000E+3	176,248800E+3	-687,000000E-3	602,000000E+0	11,900000E+0
452	65,472000E+3	176,238040E+3	-229,000000E-3	593,000000E+0	11,900000E+0
453	65,472000E+3	176,238040E+3	-229,000000E-3	593,000000E+0	11,900000E+0
454	65,472000E+3	176,238040E+3	-229,000000E-3	593,000000E+0	11,900000E+0
455	65,472000E+3	176,238040E+3	-229,000000E-3	593,000000E+0	11,900000E+0
456	65,486000E+3	176,227280E+3	0,000000E+0	590,000000E+0	11,900000E+0
457	65,486000E+3	176,227280E+3	0,000000E+0	590,000000E+0	11,900000E+0
458	65,486000E+3	176,227280E+3	0,000000E+0	590,000000E+0	11,900000E+0
459	65,486000E+3	176,227280E+3	0,000000E+0	590,000000E+0	11,900000E+0
460	65,486000E+3	176,224590E+3	0,000000E+0	589,000000E+0	11,900000E+0
461	65,486000E+3	176,224590E+3	0,000000E+0	589,000000E+0	11,900000E+0
462	65,486000E+3	176,224590E+3	0,000000E+0	589,000000E+0	11,900000E+0
463	65,486000E+3	176,224590E+3	0,000000E+0	589,000000E+0	11,900000E+0
464	65,486000E+3	176,221900E+3	0,000000E+0	589,000000E+0	11,900000E+0
465	65,486000E+3	176,221900E+3	0,000000E+0	589,000000E+0	11,900000E+0
466	65,486000E+3	176,221900E+3	0,000000E+0	589,000000E+0	11,900000E+0
467	65,486000E+3	176,221900E+3	0,000000E+0	589,000000E+0	11,900000E+0
468	65,486000E+3	176,221900E+3	0,000000E+0	589,000000E+0	11,900000E+0
469	65,486000E+3	176,221900E+3	0,000000E+0	589,000000E+0	11,900000E+0
470	65,486000E+3	176,221900E+3	0,000000E+0	589,000000E+0	11,900000E+0
471	65,486000E+3	176,221900E+3	0,000000E+0	589,000000E+0	11,900000E+0
472	65,486000E+3	176,221900E+3	0,000000E+0	589,000000E+0	11,900000E+0
473	65,486000E+3	176,221900E+3	0,000000E+0	589,000000E+0	11,900000E+0
474	65,486000E+3	176,221900E+3	0,000000E+0	589,000000E+0	11,900000E+0
475	65,486000E+3	176,221900E+3	0,000000E+0	589,000000E+0	11,900000E+0
476	65,486000E+3	176,221900E+3	0,000000E+0	589,000000E+0	11,900000E+0
477	65,486000E+3	176,221900E+3	0,000000E+0	589,000000E+0	11,900000E+0
478	65,486000E+3	176,221900E+3	0,000000E+0	589,000000E+0	11,900000E+0
479	65,486000E+3	176,221900E+3	0,000000E+0	589,000000E+0	11,900000E+0
480	65,486000E+3	176,221900E+3	0,000000E+0	589,000000E+0	11,900000E+0
481	65,486000E+3	176,221900E+3	0,000000E+0	589,000000E+0	11,900000E+0
482	65,486000E+3	176,221900E+3	0,000000E+0	589,000000E+0	11,900000E+0
483	65,486000E+3	176,221900E+3	0,000000E+0	589,000000E+0	11,900000E+0
484	65,493000E+3	176,232660E+3	0,000000E+0	589,000000E+0	11,900000E+0
485	65,493000E+3	176,232660E+3	0,000000E+0	589,000000E+0	11,900000E+0
486	65,493000E+3	176,232660E+3	0,000000E+0	589,000000E+0	11,900000E+0
487	65,493000E+3	176,232660E+3	0,000000E+0	589,000000E+0	11,900000E+0
488	65,514000E+3	176,262250E+3	0,000000E+0	589,000000E+0	11,900000E+0
489	65,514000E+3	176,262250E+3	0,000000E+0	589,000000E+0	11,900000E+0
490	65,514000E+3	176,262250E+3	0,000000E+0	589,000000E+0	11,900000E+0
491	65,514000E+3	176,262250E+3	0,000000E+0	589,000000E+0	11,900000E+0
492	21,000000E+0	176,267630E+3	458,000000E-3	594,000000E+0	11,900000E+0
493	21,000000E+0	176,267630E+3	458,000000E-3	594,000000E+0	11,900000E+0
494	21,000000E+0	176,267630E+3	458,000000E-3	594,000000E+0	11,900000E+0
495	21,000000E+0	176,267630E+3	458,000000E-3	594,000000E+0	11,900000E+0
496	35,000000E+0	176,259560E+3	916,000000E-3	606,000000E+0	11,900000E+0
497	35,000000E+0	176,259560E+3	916,000000E-3	606,000000E+0	11,900000E+0
498	35,000000E+0	176,259560E+3	916,000000E-3	606,000000E+0	11,900000E+0
499	35,000000E+0	176,259560E+3	916,000000E-3	606,000000E+0	11,900000E+0
500	65,458000E+3	176,243420E+3	-229,000000E-3	610,000000E+0	11,900000E+0
501	65,458000E+3	176,243420E+3	-229,000000E-3	610,000000E+0	11,900000E+0
502	65,458000E+3	176,243420E+3	-229,000000E-3	610,000000E+0	11,900000E+0
503	65,458000E+3	176,243420E+3	-229,000000E-3	610,000000E+0	11,900000E+0
504	65,332000E+3	176,262250E+3	-2,977000E+0	578,000000E+0	11,900000E+0
505	65,332000E+3	176,262250E+3	-2,977000E+0	578,000000E+0	11,900000E+0
506	65,332000E+3	176,262250E+3	-2,977000E+0	578,000000E+0	11,900000E+0
507	65,332000E+3	176,262250E+3	-2,977000E+0	578,000000E+0	11,900000E+0
508	65,289000E+3	176,262250E+3	-3,664000E+0	523,000000E+0	11,900000E+0
509	65,289000E+3	176,262250E+3	-3,664000E+0	523,000000E+0	11,900000E+0
510	65,289000E+3	176,262250E+3	-3,664000E+0	523,000000E+0	11,900000E+0
511	65,289000E+3	176,262250E+3	-3,664000E+0	523,000000E+0	11,900000E+0
512	65,325000E+3	176,264940E+3	-3,435000E+0	467,000000E+0	11,900000E+0
513	65,325000E+3	176,264940E+3	-3,435000E+0	467,000000E+0	11,900000E+0
514	65,325000E+3	176,264940E+3	-3,435000E+0	467,000000E+0	11,900000E+0
515	65,325000E+3	176,264940E+3	-3,435000E+0	467,000000E+0	11,900000E+0
516	65,388000E+3	176,246110E+3	-2,061000E+0	430,000000E+0	11,900000E+0
517	65,388000E+3	176,246110E+3	-2,061000E+0	430,000000E+0	11,900000E+0
518	65,388000E+3	176,246110E+3	-2,061000E+0	430,000000E+0	11,900000E+0
519	65,388000E+3	176,246110E+3	-2,061000E+0	430,000000E+0	11,900000E+0
520	65,479000E+3	176,216520E+3	-229,000000E-3	415,000000E+0	11,900000E+0
521	65,479000E+3	176,216520E+3	-229,000000E-3	415,000000E+0	11,900000E+0
522	65,479000E+3	176,216520E+3	-229,000000E-3	415,000000E+0	11,900000E+0
523	65,479000E+3	176,216520E+3	-229,000000E-3	415,000000E+0	11,900000E+0
524	49,000000E+0	176,238040E+3	1,145000E+0	426,000000E+0	11,900000E+0
525	49,000000E+0	176,238040E+3	1,145000E+0	426,000000E+0	11,900000E+0
526	49,000000E+0	176,238040E+3	1,145000E+0	426,000000E+0	11,900000E+0
527	49,000000E+0	176,238040E+3	1,145000E+0	426,000000E+0	11,900000E+0
528	126,000000E+0	176,197690E+3	2,748000E+0	462,000000E+0	11,900000E+0
529	126,000000E+0	176,197690E+3	2,748000E+0	462,000000E+0	11,900000E+0
530	126,000000E+0	176,197690E+3	2,748000E+0	462,000000E+0	11,900000E+0
531	126,000000E+0	176,197690E+3	2,748000E+0	462,000000E+0	11,900000E+0
532	161,000000E+0	176,176170E+3	3,664000E+0	518,000000E+0	11,900000E+0
533	161,000000E+0	176,176170E+3	3,664000E+0	518,000000E+0	11,900000E+0
534	161,000000E+0	176,176170E+3	3,664000E+0	518,000000E+0	11,900000E+0
535	161,000000E+0	176,176170E+3	3,664000E+0	518,000000E+0	11,900000E+0
536	133,000000E+0	176,178860E+3	3,435000E+0	573,000000E+0	11,900000E+0
537	133,000000E+0	176,178860E+3	3,435000E+0	573,000000E+0	11,900000E+0
538	133,000000E+0	176,178860E+3	3,435000E+0	573,000000E+0	11,900000E+0
539	133,000000E+0	176,178860E+3	3,435000E+0	573,000000E+0	11,900000E+0
540	42,000000E+0	176,248800E+3	1,374000E+0	604,000000E+0	11,900000E+0
541	42,000000E+0	176,248800E+3	1,374000E+0	604,000000E+0	11,900000E+0
542	42,000000E+0	176,248800E+3	1,374000E+0	604,000000E+0	11,900000E+0
543	42,000000E+0	176,248800E+3	1,374000E+0	604,000000E+0	11,900000E+0
544	65,465000E+3	176,248800E+3	-229,000000E-3	607,000000E+0	11,900000E+0
545	65,465000E+3	176,248800E+3	-229,000000E-3	607,000000E+0	11,900000E+0
546	65,465000E+3	176,248800E+3	-229,000000E-3	607,000000E+0	11,900000E+0
547	65,465000E+3	176,248800E+3	-229,000000E-3	607,000000E+0	11,900000E+0
548	65,458000E+3	176,246110E+3	-458,000000E-3	597,000000E+0	11,900000E+0
549	65,458000E+3	176,246110E+3	-458,000000E-3	597,000000E+0	11,900000E+0
550	65,458000E+3	176,246110E+3	-458,000000E-3	597,000000E+0	11,900000E+0
551	65,458000E+3	176,246110E+3	-458,000000E-3	597,000000E+0	11,900000E+0
552	65,479000E+3	176,232660E+3	0,000000E+0	591,000000E+0	12,000000E+0
553	65,479000E+3	176,232660E+3	0,000000E+0	591,000000E+0	12,000000E+0
554	65,479000E+3	176,232660E+3	0,000000E+0	591,000000E+0	12,000000E+0
555	65,479000E+3	176,232660E+3	0,000000E+0	591,000000E+0	12,000000E+0
556	65,486000E+3	176,224590E+3	0,000000E+0	589,000000E+0	12,000000E+0
557	65,486000E+3	176,224590E+3	0,000000E+0	589,000000E+0	12,000000E+0
558	65,486000E+3	176,224590E+3	0,000000E+0	589,000000E+0	12,000000E+0
559	65,486000E+3	176,224590E+3	0,000000E+0	589,000000E+0	12,000000E+0
560	65,486000E+3	176,224590E+3	0,000000E+0	589,000000E+0	12,000000E+0
561	65,486000E+3	176,224590E+3	0,000000E+0	589,000000E+0	12,000000E+0
562	65,486000E+3	176,224590E+3	0,000000E+0	589,000000E+0	12,000000E+0
563	65,486000E+3	176,224590E+3	0,000000E+0	589,000000E+0	12,000000E+0
564	65,486000E+3	176,224590E+3	0,000000E+0	589,000000E+0	12,000000E+0
565	65,486000E+3	176,224590E+3	0,000000E+0	589,000000E+0	12,000000E+0
566	65,486000E+3	176,224590E+3	0,000000E+0	589,000000E+0	12,000000E+0
567	65,486000E+3	176,224590E+3	0,000000E+0	589,000000E+0	12,000000E+0
568	65,486000E+3	176,224590E+3	0,000000E+0	589,000000E+0	11,900000E+0
569	65,486000E+3	176,224590E+3	0,000000E+0	589,000000E+0	11,900000E+0
570	65,486000E+3	176,224590E+3	0,000000E+0	589,000000E+0	11,900000E+0
571	65,486000E+3	176,224590E+3	0,000000E+0	589,000000E+0	11,900000E+0
572	65,486000E+3	176,224590E+3	0,000000E+0	589,000000E+0	11,900000E+0
573	65,486000E+3	176,224590E+3	0,000000E+0	589,000000E+0	11,900000E+0
574	65,486000E+3	176,224590E+3	0,000000E+0	589,000000E+0	11,900000E+0
575	65,486000E+3	176,224590E+3	0,000000E+0	589,000000E+0	11,900000E+0
576	65,486000E+3	176,224590E+3	0,000000E+0	589,000000E+0	11,900000E+0
577	65,486000E+3	176,224590E+3	0,000000E+0	589,000000E+0	11,900000E+0
578	65,486000E+3	176,224590E+3	0,000000E+0	589,000000E+0	11,900000E+0
579	65,486000E+3	176,224590E+3	0,000000E+0	589,000000E+0	11,900000E+0
580	65,493000E+3	176,232660E+3	0,000000E+0	589,000000E+0	11,900000E+0
581	65,493000E+3	176,232660E+3	0,000000E+0	589,000000E+0	11,900000E+0
582	65,493000E+3	176,232660E+3	0,000000E+0	589,000000E+0	11,900000E+0
583	65,493000E+3	176,232660E+3	0,000000E+0	589,000000E+0	11,900000E+0
584	65,500000E+3	176,243420E+3	0,000000E+0	589,000000E+0	12,000000E+0
585	65,500000E+3	176,243420E+3	0,000000E+0	589,000000E+0	12,000000E+0
586	65,500000E+3	176,243420E+3	0,000000E+0	589,000000E+0	12,000000E+0
587	65,500000E+3	176,243420E+3	0,000000E+0	589,000000E+0	12,000000E+0
588	0,000000E+0	176,273010E+3	0,000000E+0	590,000000E+0	12,000000E+0
589	0,000000E+0	176,273010E+3	0,000000E+0	590,000000E+0	12,000000E+0
590	0,000000E+0	176,273010E+3	0,000000E+0	590,000000E+0	12,000000E+0
591	0,000000E+0	176,273010E+3	0,000000E+0	590,000000E+0	12,000000E+0
592	35,000000E+0	176,256870E+3	687,000000E-3	599,000000E+0	12,000000E+0
593	35,000000E+0	176,256870E+3	687,000000E-3	599,000000E+0	12,000000E+0
594	35,000000E+0	176,256870E+3	687,000000E-3	599,000000E+0	12,000000E+0
595	35,000000E+0	176,256870E+3	687,000000E-3	599,000000E+0	12,000000E+0
596	7,000000E+0	176,264940E+3	229,000000E-3	610,000000E+0	12,000000E+0
597	7,000000E+0	176,264940E+3	229,000000E-3	610,000000E+0	12,000000E+0
598	7,000000E+0	176,264940E+3	229,000000E-3	610,000000E+0	12,000000E+0
599	7,000000E+0	176,264940E+3	229,000000E-3	610,000000E+0	12,000000E+0
600	65,395000E+3	176,251490E+3	-1,603000E+0	596,000000E+0	11,900000E+0
601	65,395000E+3	176,251490E+3	-1,603000E+0	596,000000E+0	11,900000E+0
602	65,395000E+3	176,251490E+3	-1,603000E+0	596,000000E+0	11,900000E+0
603	65,395000E+3	176,251490E+3	-1,603000E+0	596,000000E+0	11,900000E+0
604	65,296000E+3	176,264940E+3	-3,206000E+0	552,000000E+0	11,900000E+0
605	65,296000E+3	176,264940E+3	-3,206000E+0	552,000000E+0	11,900000E+0
606	65,296000E+3	176,264940E+3	-3,206000E+0	552,000000E+0	11,900000E+0
607	65,296000E+3	176,264940E+3	-3,206000E+0	552,000000E+0	11,900000E+0
608	65,303000E+3	176,267630E+3	-3,893000E+0	494,000000E+0	11,900000E+0
609	65,303000E+3	176,267630E+3	-3,893000E+0	494,000000E+0	11,900000E+0
610	65,303000E+3	176,267630E+3	-3,893000E+0	494,000000E+0	11,900000E+0
611	65,303000E+3	176,267630E+3	-3,893000E+0	494,000000E+0	11,900000E+0
612	65,346000E+3	176,262250E+3	-2,519000E+0	446,000000E+0	11,900000E+0
613	65,346000E+3	176,262250E+3	-2,519000E+0	446,000000E+0	11,900000E+0
614	65,346000E+3	176,262250E+3	-2,519000E+0	446,000000E+0	11,900000E+0
615	65,346000E+3	176,262250E+3	-2,519000E+0	446,000000E+0	11,900000E+0
616	65,430000E+3	176,243420E+3	-1,145000E+0	419,000000E+0	11,900000E+0
617	65,430000E+3	176,243420E+3	-1,145000E+0	419,000000E+0	11,900000E+0
618	65,430000E+3	176,243420E+3	-1,145000E+0	419,000000E+0	11,900000E+0
619	65,430000E+3	176,243420E+3	-1,145000E+0	419,000000E+0	11,900000E+0
620	0,000000E+0	176,243420E+3	229,000000E-3	416,000000E+0	12,000000E+0
621	0,000000E+0	176,243420E+3	229,000000E-3	416,000000E+0	12,000000E+0
622	0,000000E+0	176,243420E+3	229,000000E-3	416,000000E+0	12,000000E+0
623	0,000000E+0	176,243420E+3	229,000000E-3	416,000000E+0	12,000000E+0
624	105,000000E+0	176,205760E+3	2,290000E+0	440,000000E+0	11,900000E+0
625	105,000000E+0	176,205760E+3	2,290000E+0	440,000000E+0	11,900000E+0
626	105,000000E+0	176,205760E+3	2,290000E+0	440,000000E+0	11,900000E+0
627	105,000000E+0	176,205760E+3	2,290000E+0	440,000000E+0	11,900000E+0
628	147,000000E+0	176,184240E+3	3,206000E+0	489,000000E+0	11,900000E+0
629	147,000000E+0	176,184240E+3	3,206000E+0	489,000000E+0	11,900000E+0
630	147,000000E+0	176,184240E+3	3,206000E+0	489,000000E+0	11,900000E+0
631	147,000000E+0	176,184240E+3	3,206000E+0	489,000000E+0	11,900000E+0
632	154,000000E+0	176,176170E+3	3,664000E+0	546,000000E+0	11,900000E+0
633	154,000000E+0	176,176170E+3	3,664000E+0	546,000000E+0	11,900000E+0
634	154,000000E+0	176,176170E+3	3,664000E+0	546,000000E+0	11,900000E+0
635	154,000000E+0	176,176170E+3	3,664000E+0	546,000000E+0	11,900000E+0
636	98,000000E+0	176,213830E+3	2,748000E+0	592,000000E+0	11,900000E+0
637	98,000000E+0	176,213830E+3	2,748000E+0	592,000000E+0	11,900000E+0
638	98,000000E+0	176,213830E+3	2,748000E+0	592,000000E+0	11,900000E+0
639	98,000000E+0	176,213830E+3	2,748000E+0	592,000000E+0	11,900000E+0
640	65,514000E+3	176,273010E+3	0,000000E+0	609,000000E+0	12,000000E+0
641	65,514000E+3	176,273010E+3	0,000000E+0	609,000000E+0	12,000000E+0
642	65,514000E+3	176,273010E+3	0,000000E+0	609,000000E+0	12,000000E+0
643	65,514000E+3	176,273010E+3	0,000000E+0	609,000000E+0	12,000000E+0
644	65,451000E+3	176,248800E+3	-687,000000E-3	602,000000E+0	12,000000E+0
645	65,451000E+3	176,248800E+3	-687,000000E-3	602,000000E+0	12,000000E+0
646	65,451000E+3	176,248800E+3	-687,000000E-3	602,000000E+0	12,000000E+0
647	65,451000E+3	176,248800E+3	-687,000000E-3	602,000000E+0	12,000000E+0
648	65,472000E+3	176,238040E+3	-229,000000E-3	593,000000E+0	12,000000E+0
649	65,472000E+3	176,238040E+3	-229,000000E-3	593,000000E+0	12,000000E+0
650	65,472000E+3	176,238040E+3	-229,000000E-3	593,000000E+0	12,000000E+0
651	65,472000E+3	176,238040E+3	-229,000000E-3	593,000000E+0	12,000000E+0
652	65,486000E+3	176,227280E+3	0,000000E+0	590,000000E+0	12,000000E+0
653	65,486000E+3	176,227280E+3	0,000000E+0	590,000000E+0	12,000000E+0
654	65,486000E+3	176,227280E+3	0,000000E+0	590,000000E+0	12,000000E+0
655	65,486000E+3	176,227280E+3	0,000000E+0	590,000000E+0	12,000000E+0
656	65,486000E+3	176,224590E+3	0,000000E+0	589,000000E+0	12,000000E+0
657	65,486000E+3	176,224590E+3	0,000000E+0	589,000000E+0	12,000000E+0
658	65,486000E+3	176,224590E+3	0,000000E+0	589,000000E+0	12,000000E+0
659	65,486000E+3	176,224590E+3	0,000000E+0	589,000000E+0	12,000000E+0
660	65,486000E+3	176,224590E+3	0,000000E+0	589,000000E+0	12,000000E+0
661	65,486000E+3	176,224590E+3	0,000000E+0	589,000000E+0	12,000000E+0
662	65,486000E+3	176,224590E+3	0,000000E+0	589,000000E+0	12,000000E+0
663	65,486000E+3	176,224590E+3	0,000000E+0	589,000000E+0	12,000000E+0
664	65,486000E+3	176,224590E+3	0,000000E+0	589,000000E+0	12,000000E+0
665	65,486000E+3	176,224590E+3	0,000000E+0	589,000000E+0	12,000000E+0
666	65,486000E+3	176,224590E+3	0,000000E+0	589,000000E+0	12,000000E+0
667	65,486000E+3	176,224590E+3	0,000000E+0	589,000000E+0	12,000000E+0
668	65,486000E+3	176,221900E+3	0,000000E+0	589,000000E+0	12,000000E+0
669	65,486000E+3	176,221900E+3	0,000000E+0	589,000000E+0	12,000000E+0
670	65,486000E+3	176,221900E+3	0,000000E+0	589,000000E+0	12,000000E+0
671	65,486000E+3	176,221900E+3	0,000000E+0	589,000000E+0	12,000000E+0
672	65,486000E+3	176,221900E+3	0,000000E+0	589,000000E+0	12,000000E+0
673	65,486000E+3	176,221900E+3	0,000000E+0	589,000000E+0	12,000000E+0
674	65,486000E+3	176,221900E+3	0,000000E+0	589,000000E+0	12,000000E+0
675	65,486000E+3	176,221900E+3	0,000000E+0	589,000000E+0	12,000000E+0
676	65,486000E+3	176,221900E+3	0,000000E+0	589,000000E+0	12,000000E+0
677	65,486000E+3	176,221900E+3	0,000000E+0	589,000000E+0	12,000000E+0
678	65,486000E+3	176,221900E+3	0,000000E+0	589,000000E+0	12,000000E+0
679	65,486000E+3	176,221900E+3	0,000000E+0	589,000000E+0	12,000000E+0
680	65,493000E+3	176,232660E+3	0,000000E+0	589,000000E+0	12,000000E+0
681	65,493000E+3	176,232660E+3	0,000000E+0	589,000000E+0	12,000000E+0
682	65,493000E+3	176,232660E+3	0,000000E+0	589,000000E+0	12,000000E+0
683	65,493000E+3	176,232660E+3	0,000000E+0	589,000000E+0	12,000000E+0
684	65,514000E+3	176,264940E+3	0,000000E+0	589,000000E+0	12,000000E+0
685	65,514000E+3	176,264940E+3	0,000000E+0	589,000000E+0	12,000000E+0
686	65,514000E+3	176,264940E+3	0,000000E+0	589,000000E+0	12,000000E+0
687	65,514000E+3	176,264940E+3	0,000000E+0	589,000000E+0	12,000000E+0
688	21,000000E+0	176,264940E+3	458,000000E-3	594,000000E+0	12,000000E+0
689	21,000000E+0	176,264940E+3	458,000000E-3	594,000000E+0	12,000000E+0
690	21,000000E+0	176,264940E+3	458,000000E-3	594,000000E+0	12,000000E+0
691	21,000000E+0	176,264940E+3	458,000000E-3	594,000000E+0	12,000000E+0
692	35,000000E+0	176,256870E+3	687,000000E-3	606,000000E+0	12,000000E+0
693	35,000000E+0	176,256870E+3	687,000000E-3	606,000000E+0	12,000000E+0
694	35,000000E+0	176,256870E+3	687,000000E-3	606,000000E+0	12,000000E+0
695	35,000000E+0	176,256870E+3	687,000000E-3	606,000000E+0	12,000000E+0
696	65,465000E+3	176,240730E+3	-458,000000E-3	610,000000E+0	12,000000E+0
697	65,465000E+3	176,240730E+3	-458,000000E-3	610,000000E+0	12,000000E+0
698	65,465000E+3	176,240730E+3	-458,000000E-3	610,000000E+0	12,000000E+0
699	65,465000E+3	176,240730E+3	-458,000000E-3	610,000000E+0	12,000000E+0
700	65,325000E+3	176,262250E+3	-2,748000E+0	579,000000E+0	11,900000E+0
701	65,325000E+3	176,262250E+3	-2,748000E+0	579,000000E+0	11,900000E+0
702	65,325000E+3	176,262250E+3	-2,748000E+0	579,000000E+0	11,900000E+0
703	65,325000E+3	176,262250E+3	-2,748000E+0	579,000000E+0	11,900000E+0
704	65,289000E+3	176,264940E+3	-3,664000E+0	523,000000E+0	11,900000E+0
705	65,289000E+3	176,264940E+3	-3,664000E+0	523,000000E+0	11,900000E+0
706	65,289000E+3	176,264940E+3	-3,664000E+0	523,000000E+0	11,900000E+0
707	65,289000E+3	176,264940E+3	-3,664000E+0	523,000000E+0	11,900000E+0
708	65,325000E+3	176,264940E+3	-3,206000E+0	467,000000E+0	11,900000E+0
709	65,325000E+3	176,264940E+3	-3,206000E+0	467,000000E+0	11,900000E+0
710	65,325000E+3	176,264940E+3	-3,206000E+0	467,000000E+0	11,900000E+0
711	65,325000E+3	176,264940E+3	-3,206000E+0	467,000000E+0	11,900000E+0
712	65,388000E+3	176,246110E+3	-1,832000E+0	430,000000E+0	11,900000E+0
713	65,388000E+3	176,246110E+3	-1,832000E+0	430,000000E+0	11,900000E+0
714	65,388000E+3	176,246110E+3	-1,832000E+0	430,000000E+0	11,900000E+0
715	65,388000E+3	176,246110E+3	-1,832000E+0	430,000000E+0	11,900000E+0
716	65,479000E+3	176,219210E+3	-229,000000E-3	415,000000E+0	11,900000E+0
717	65,479000E+3	176,219210E+3	-229,000000E-3	415,000000E+0	11,900000E+0
718	65,479000E+3	176,219210E+3	-229,000000E-3	415,000000E+0	11,900000E+0
719	65,479000E+3	176,219210E+3	-229,000000E-3	415,000000E+0	11,900000E+0
720	49,000000E+0	176,238040E+3	1,145000E+0	426,000000E+0	11,900000E+0
721	49,000000E+0	176,238040E+3	1,145000E+0	426,000000E+0	11,900000E+0
722	49,000000E+0	176,238040E+3	1,145000E+0	426,000000E+0	11,900000E+0
723	49,000000E+0	176,238040E+3	1,145000E+0	426,000000E+0	11,900000E+0
724	126,000000E+0	176,192310E+3	2,748000E+0	463,000000E+0	11,900000E+0
725	126,000000E+0	176,192310E+3	2,748000E+0	463,000000E+0	11,900000E+0
726	126,000000E+0	176,192310E+3	2,748000E+0	463,000000E+0	11,900000E+0
727	126,000000E+0	176,192310E+3	2,748000E+0	463,000000E+0	11,900000E+0
728	154,000000E+0	176,170790E+3	3,893000E+0	518,000000E+0	11,900000E+0
729	154,000000E+0	176,170790E+3	3,893000E+0	518,000000E+0	11,900000E+0
730	154,000000E+0	176,170790E+3	3,893000E+0	518,000000E+0	11,900000E+0
731	154,000000E+0	176,170790E+3	3,893000E+0	518,000000E+0	11,900000E+0
732	133,000000E+0	176,181550E+3	3,435000E+0	573,000000E+0	11,900000E+0
733	133,000000E+0	176,181550E+3	3,435000E+0	573,000000E+0	11,900000E+0
734	133,000000E+0	176,181550E+3	3,435000E+0	573,000000E+0	11,900000E+0
735	133,000000E+0	176,181550E+3	3,435000E+0	573,000000E+0	11,900000E+0
736	42,000000E+0	176,248800E+3	1,145000E+0	603,000000E+0	11,900000E+0
737	42,000000E+0	176,248800E+3	1,145000E+0	603,000000E+0	11,900000E+0
738	42,000000E+0	176,248800E+3	1,145000E+0	603,000000E+0	11,900000E+0
739	42,000000E+0	176,248800E+3	1,145000E+0	603,000000E+0	11,900000E+0
740	65,465000E+3	176,248800E+3	-229,000000E-3	607,000000E+0	11,900000E+0
741	65,465000E+3	176,248800E+3	-229,000000E-3	607,000000E+0	11,900000E+0
742	65,465000E+3	176,248800E+3	-229,000000E-3	607,000000E+0	11,900000E+0
743	65,465000E+3	176,248800E+3	-229,000000E-3	607,000000E+0	11,900000E+0
744	65,451000E+3	176,243420E+3	-458,000000E-3	597,000000E+0	11,900000E+0
745	65,451000E+3	176,243420E+3	-458,000000E-3	597,000000E+0	11,900000E+0
746	65,451000E+3	176,243420E+3	-458,000000E-3	597,000000E+0	11,900000E+0
747	65,451000E+3	176,243420E+3	-458,000000E-3	597,000000E+0	11,900000E+0
748	65,479000E+3	176,232660E+3	0,000000E+0	591,000000E+0	11,900000E+0
749	65,479000E+3	176,232660E+3	0,000000E+0	591,000000E+0	11,900000E+0
750	65,479000E+3	176,232660E+3	0,000000E+0	591,000000E+0	11,900000E+0
751	65,479000E+3	176,232660E+3	0,000000E+0	591,000000E+0	11,900000E+0
752	65,486000E+3	176,224590E+3	0,000000E+0	589,000000E+0	11,900000E+0
753	65,486000E+3	176,224590E+3	0,000000E+0	589,000000E+0	11,900000E+0
754	65,486000E+3	176,224590E+3	0,000000E+0	589,000000E+0	11,900000E+0
755	65,486000E+3	176,224590E+3	0,000000E+0	589,000000E+0	11,900000E+0
756	65,486000E+3	176,224590E+3	0,000000E+0	589,000000E+0	11,900000E+0
757	65,486000E+3	176,224590E+3	0,000000E+0	589,000000E+0	11,900000E+0
758	65,486000E+3	176,224590E+3	0,000000E+0	589,000000E+0	11,900000E+0
759	65,486000E+3	176,224590E+3	0,000000E+0	589,000000E+0	11,900000E+0
760	65,486000E+3	176,224590E+3	0,000000E+0	589,000000E+0	11,900000E+0
761	65,486000E+3	176,224590E+3	0,000000E+0	589,000000E+0	11,900000E+0
762	65,486000E+3	176,224590E+3	0,000000E+0	589,000000E+0	11,900000E+0
763	65,486000E+3	176,224590E+3	0,000000E+0	589,000000E+0	11,900000E+0
764	65,486000E+3	176,224590E+3	0,000000E+0	589,000000E+0	12,000000E+0
765	65,486000E+3	176,224590E+3	0,000000E+0	589,000000E+0	12,000000E+0
766	65,486000E+3	176,224590E+3	0,000000E+0	589,000000E+0	12,000000E+0
767	65,486000E+3	176,224590E+3	0,000000E+0	589,000000E+0	12,000000E+0
768	65,486000E+3	176,224590E+3	0,000000E+0	589,000000E+0	11,900000E+0
769	65,486000E+3	176,224590E+3	0,000000E+0	589,000000E+0	11,900000E+0
770	65,486000E+3	176,224590E+3	0,000000E+0	589,000000E+0	11,900000E+0
771	65,486000E+3	176,224590E+3	0,000000E+0	589,000000E+0	11,900000E+0
772	65,486000E+3	176,224590E+3	0,000000E+0	589,000000E+0	11,900000E+0
773	65,486000E+3	176,224590E+3	0,000000E+0	589,000000E+0	11,900000E+0
774	65,486000E+3	176,224590E+3	0,000000E+0	589,000000E+0	11,900000E+0
775	65,486000E+3	176,224590E+3	0,000000E+0	589,000000E+0	11,900000E+0
776	65,493000E+3	176,232660E+3	0,000000E+0	589,000000E+0	11,900000E+0
777	65,493000E+3	176,232660E+3	0,000000E+0	589,000000E+0	11,900000E+0
778	65,493000E+3	176,232660E+3	0,000000E+0	589,000000E+0	11,900000E+0
779	65,493000E+3	176,232660E+3	0,000000E+0	589,000000E+0	11,900000E+0
780	65,500000E+3	176,243420E+3	0,000000E+0	589,000000E+0	11,900000E+0
781	65,500000E+3	176,243420E+3	0,000000E+0	589,000000E+0	11,900000E+0
782	65,500000E+3	176,243420E+3	0,000000E+0	589,000000E+0	11,900000E+0
783	65,500000E+3	176,243420E+3	0,000000E+0	589,000000E+0	11,900000E+0
784	0,000000E+0	176,273010E+3	0,000000E+0	590,000000E+0	12,000000E+0
785	0,000000E+0	176,273010E+3	0,000000E+0	590,000000E+0	12,000000E+0
786	0,000000E+0	176,273010E+3	0,000000E+0	590,000000E+0	12,000000E+0
787	0,000000E+0	176,273010E+3	0,000000E+0	590,000000E+0	12,000000E+0
788	35,000000E+0	176,259560E+3	687,000000E-3	599,000000E+0	12,000000E+0
789	35,000000E+0	176,259560E+3	687,000000E-3	599,000000E+0	12,000000E+0
790	35,000000E+0	176,259560E+3	687,000000E-3	599,000000E+0	12,000000E+0
791	35,000000E+0	176,259560E+3	687,000000E-3	599,000000E+0	12,000000E+0
792	7,000000E+0	176,264940E+3	229,000000E-3	611,000000E+0	12,000000E+0
793	7,000000E+0	176,264940E+3	229,000000E-3	611,000000E+0	12,000000E+0
794	7,000000E+0	176,264940E+3	229,000000E-3	611,000000E+0	12,000000E+0
795	7,000000E+0	176,264940E+3	229,000000E-3	611,000000E+0	12,000000E+0
796	65,395000E+3	176,251490E+3	-1,832000E+0	596,000000E+0	11,900000E+0
797	65,395000E+3	176,251490E+3	-1,832000E+0	596,000000E+0	11,900000E+0
798	65,395000E+3	176,251490E+3	-1,832000E+0	596,000000E+0	11,900000E+0
799	65,395000E+3	176,251490E+3	-1,832000E+0	596,000000E+0	11,900000E+0
800	65,303000E+3	176,262250E+3	-3,435000E+0	552,000000E+0	11,900000E+0
801	65,303000E+3	176,262250E+3	-3,435000E+0	552,000000E+0	11,900000E+0
802	65,303000E+3	176,262250E+3	-3,435000E+0	552,000000E+0	11,900000E+0
803	65,303000E+3	176,262250E+3	-3,435000E+0	552,000000E+0	11,900000E+0
804	65,303000E+3	176,270320E+3	-3,664000E+0	495,000000E+0	11,900000E+0
805	65,303000E+3	176,270320E+3	-3,664000E+0	495,000000E+0	11,900000E+0
806	65,303000E+3	176,270320E+3	-3,664000E+0	495,000000E+0	11,900000E+0
807	65,303000E+3	176,270320E+3	-3,664000E+0	495,000000E+0	11,900000E+0
808	65,353000E+3	176,259560E+3	-2,748000E+0	446,000000E+0	11,900000E+0
809	65,353000E+3	176,259560E+3	-2,748000E+0	446,000000E+0	11,900000E+0
810	65,353000E+3	176,259560E+3	-2,748000E+0	446,000000E+0	11,900000E+0
811	65,353000E+3	176,259560E+3	-2,748000E+0	446,000000E+0	11,900000E+0
812	65,430000E+3	176,240730E+3	-1,145000E+0	419,000000E+0	11,900000E+0
813	65,430000E+3	176,240730E+3	-1,145000E+0	419,000000E+0	11,900000E+0
814	65,430000E+3	176,240730E+3	-1,145000E+0	419,000000E+0	11,900000E+0
815	65,430000E+3	176,240730E+3	-1,145000E+0	419,000000E+0	11,900000E+0
816	0,000000E+0	176,243420E+3	229,000000E-3	416,000000E+0	11,900000E+0
817	0,000000E+0	176,243420E+3	229,000000E-3	416,000000E+0	11,900000E+0
818	0,000000E+0	176,243420E+3	229,000000E-3	416,000000E+0	11,900000E+0
819	0,000000E+0	176,243420E+3	229,000000E-3	416,000000E+0	11,900000E+0
820	105,000000E+0	176,205760E+3	2,290000E+0	440,000000E+0	11,900000E+0
821	105,000000E+0	176,205760E+3	2,290000E+0	440,000000E+0	11,900000E+0
822	105,000000E+0	176,205760E+3	2,290000E+0	440,000000E+0	11,900000E+0
823	105,000000E+0	176,205760E+3	2,290000E+0	440,000000E+0	11,900000E+0
824	147,000000E+0	176,184240E+3	3,206000E+0	489,000000E+0	11,900000E+0
825	147,000000E+0	176,184240E+3	3,206000E+0	489,000000E+0	11,900000E+0
826	147,000000E+0	176,184240E+3	3,206000E+0	489,000000E+0	11,900000E+0
827	147,000000E+0	176,184240E+3	3,206000E+0	489,000000E+0	11,900000E+0
828	161,000000E+0	176,176170E+3	3,435000E+0	546,000000E+0	11,900000E+0
829	161,000000E+0	176,176170E+3	3,435000E+0	546,000000E+0	11,900000E+0
830	161,000000E+0	176,176170E+3	3,435000E+0	546,000000E+0	11,900000E+0
831	161,000000E+0	176,176170E+3	3,435000E+0	546,000000E+0	11,900000E+0
832	105,000000E+0	176,216520E+3	2,519000E+0	592,000000E+0	11,900000E+0
833	105,000000E+0	176,216520E+3	2,519000E+0	592,000000E+0	11,900000E+0
834	105,000000E+0	176,216520E+3	2,519000E+0	592,000000E+0	11,900000E+0
835	105,000000E+0	176,216520E+3	2,519000E+0	592,000000E+0	11,900000E+0
836	65,514000E+3	176,273010E+3	0,000000E+0	609,000000E+0	12,000000E+0
837	65,514000E+3	176,273010E+3	0,000000E+0	609,000000E+0	12,000000E+0
838	65,514000E+3	176,273010E+3	0,000000E+0	609,000000E+0	12,000000E+0
839	65,514000E+3	176,273010E+3	0,000000E+0	609,000000E+0	12,000000E+0
840	65,451000E+3	176,248800E+3	-687,000000E-3	602,000000E+0	12,000000E+0
841	65,451000E+3	176,248800E+3	-687,000000E-3	602,000000E+0	12,000000E+0
842	65,451000E+3	176,248800E+3	-687,000000E-3	602,000000E+0	12,000000E+0
843	65,451000E+3	176,248800E+3	-687,000000E-3	602,000000E+0	12,000000E+0
844	65,472000E+3	176,238040E+3	-229,000000E-3	593,000000E+0	11,900000E+0
845	65,472000E+3	176,238040E+3	-229,000000E-3	593,000000E+0	11,900000E+0
846	65,472000E+3	176,238040E+3	-229,000000E-3	593,000000E+0	11,900000E+0
847	65,472000E+3	176,238040E+3	-229,000000E-3	593,000000E+0	11,900000E+0
848	65,486000E+3	176,229970E+3	0,000000E+0	590,000000E+0	11,900000E+0
849	65,486000E+3	176,229970E+3	0,000000E+0	590,000000E+0	11,900000E+0
850	65,486000E+3	176,229970E+3	0,000000E+0	590,000000E+0	11,900000E+0
851	65,486000E+3	176,229970E+3	0,000000E+0	590,000000E+0	11,900000E+0
852	65,486000E+3	176,224590E+3	0,000000E+0	589,000000E+0	11,900000E+0
853	65,486000E+3	176,224590E+3	0,000000E+0	589,000000E+0	11,900000E+0
854	65,486000E+3	176,224590E+3	0,000000E+0	589,000000E+0	11,900000E+0
855	65,486000E+3	176,224590E+3	0,000000E+0	589,000000E+0	11,900000E+0
856	65,486000E+3	176,221900E+3	0,000000E+0	589,000000E+0	11,900000E+0
857	65,486000E+3	176,221900E+3	0,000000E+0	589,000000E+0	11,900000E+0
858	65,486000E+3	176,221900E+3	0,000000E+0	589,000000E+0	11,900000E+0
859	65,486000E+3	176,221900E+3	0,000000E+0	589,000000E+0	11,900000E+0
860	65,486000E+3	176,221900E+3	0,000000E+0	589,000000E+0	12,000000E+0
861	65,486000E+3	176,221900E+3	0,000000E+0	589,000000E+0	12,000000E+0
862	65,486000E+3	176,221900E+3	0,000000E+0	589,000000E+0	12,000000E+0
863	65,486000E+3	176,221900E+3	0,000000E+0	589,000000E+0	12,000000E+0
864	65,486000E+3	176,221900E+3	0,000000E+0	589,000000E+0	12,000000E+0
865	65,486000E+3	176,221900E+3	0,000000E+0	589,000000E+0	12,000000E+0
866	65,486000E+3	176,221900E+3	0,000000E+0	589,000000E+0	12,000000E+0
867	65,486000E+3	176,221900E+3	0,000000E+0	589,000000E+0	12,000000E+0
868	65,486000E+3	176,221900E+3	0,000000E+0	589,000000E+0	12,000000E+0
869	65,486000E+3	176,221900E+3	0,000000E+0	589,000000E+0	12,000000E+0
870	65,486000E+3	176,221900E+3	0,000000E+0	589,000000E+0	12,000000E+0
871	65,486000E+3	176,221900E+3	0,000000E+0	589,000000E+0	12,000000E+0
872	65,486000E+3	176,221900E+3	0,000000E+0	589,000000E+0	12,000000E+0
873	65,486000E+3	176,221900E+3	0,000000E+0	589,000000E+0	12,000000E+0
874	65,486000E+3	176,221900E+3	0,000000E+0	589,000000E+0	12,000000E+0
875	65,486000E+3	176,221900E+3	0,000000E+0	589,000000E+0	12,000000E+0
876	65,493000E+3	176,232660E+3	0,000000E+0	589,000000E+0	11,900000E+0
877	65,493000E+3	176,232660E+3	0,000000E+0	589,000000E+0	11,900000E+0
878	65,493000E+3	176,232660E+3	0,000000E+0	589,000000E+0	11,900000E+0
879	65,493000E+3	176,232660E+3	0,000000E+0	589,000000E+0	11,900000E+0
880	65,514000E+3	176,262250E+3	0,000000E+0	589,000000E+0	11,900000E+0
881	65,514000E+3	176,262250E+3	0,000000E+0	589,000000E+0	11,900000E+0
882	65,514000E+3	176,262250E+3	0,000000E+0	589,000000E+0	11,900000E+0
883	65,514000E+3	176,262250E+3	0,000000E+0	589,000000E+0	11,900000E+0
884	14,000000E+0	176,264940E+3	458,000000E-3	594,000000E+0	12,000000E+0
885	14,000000E+0	176,264940E+3	458,000000E-3	594,000000E+0	12,000000E+0
886	14,000000E+0	176,264940E+3	458,000000E-3	594,000000E+0	12,000000E+0
887	14,000000E+0	176,264940E+3	458,000000E-3	594,000000E+0	12,000000E+0
888	42,000000E+0	176,259560E+3	916,000000E-3	606,000000E+0	12,000000E+0
889	42,000000E+0	176,259560E+3	916,000000E-3	606,000000E+0	12,000000E+0
890	42,000000E+0	176,259560E+3	916,000000E-3	606,000000E+0	12,000000E+0
891	42,000000E+0	176,259560E+3	916,000000E-3	606,000000E+0	12,000000E+0
892	65,458000E+3	176,243420E+3	-458,000000E-3	610,000000E+0	12,000000E+0
893	65,458000E+3	176,243420E+3	-458,000000E-3	610,000000E+0	12,000000E+0
894	65,458000E+3	176,243420E+3	-458,000000E-3	610,000000E+0	12,000000E+0
895	65,458000E+3	176,243420E+3	-458,000000E-3	610,000000E+0	12,000000E+0
896	65,332000E+3	176,262250E+3	-2,977000E+0	578,000000E+0	11,900000E+0
897	65,332000E+3	176,262250E+3	-2,977000E+0	578,000000E+0	11,900000E+0
898	65,332000E+3	176,262250E+3	-2,977000E+0	578,000000E+0	11,900000E+0
899	65,332000E+3	176,262250E+3	-2,977000E+0	578,000000E+0	11,900000E+0
900	65,296000E+3	176,264940E+3	-3,664000E+0	522,000000E+0	11,900000E+0
901	65,296000E+3	176,264940E+3	-3,664000E+0	522,000000E+0	11,900000E+0
902	65,296000E+3	176,264940E+3	-3,664000E+0	522,000000E+0	11,900000E+0
903	65,296000E+3	176,264940E+3	-3,664000E+0	522,000000E+0	11,900000E+0
904	65,325000E+3	176,264940E+3	-3,435000E+0	467,000000E+0	11,900000E+0
905	65,325000E+3	176,264940E+3	-3,435000E+0	467,000000E+0	11,900000E+0
906	65,325000E+3	176,264940E+3	-3,435000E+0	467,000000E+0	11,900000E+0
907	65,325000E+3	176,264940E+3	-3,435000E+0	467,000000E+0	11,900000E+0
908	65,388000E+3	176,246110E+3	-2,061000E+0	429,000000E+0	11,900000E+0
909	65,388000E+3	176,246110E+3	-2,061000E+0	429,000000E+0	11,900000E+0
910	65,388000E+3	176,246110E+3	-2,061000E+0	429,000000E+0	11,900000E+0
911	65,388000E+3	176,246110E+3	-2,061000E+0	429,000000E+0	11,900000E+0
912	65,479000E+3	176,219210E+3	-229,000000E-3	415,000000E+0	11,900000E+0
913	65,479000E+3	176,219210E+3	-229,000000E-3	415,000000E+0	11,900000E+0
914	65,479000E+3	176,219210E+3	-229,000000E-3	415,000000E+0	11,900000E+0
915	65,479000E+3	176,219210E+3	-229,000000E-3	415,000000E+0	11,900000E+0
916	49,000000E+0	176,240730E+3	1,145000E+0	426,000000E+0	11,900000E+0
917	49,000000E+0	176,240730E+3	1,145000E+0	426,000000E+0	11,900000E+0
918	49,000000E+0	176,240730E+3	1,145000E+0	426,000000E+0	11,900000E+0
919	49,000000E+0	176,240730E+3	1,145000E+0	426,000000E+0	11,900000E+0
920	126,000000E+0	176,195000E+3	2,748000E+0	463,000000E+0	11,900000E+0
921	126,000000E+0	176,195000E+3	2,748000E+0	463,000000E+0	11,900000E+0
922	126,000000E+0	176,195000E+3	2,748000E+0	463,000000E+0	11,900000E+0
923	126,000000E+0	176,195000E+3	2,748000E+0	463,000000E+0	11,900000E+0
924	161,000000E+0	176,176170E+3	3,664000E+0	518,000000E+0	11,900000E+0
925	161,000000E+0	176,176170E+3	3,664000E+0	518,000000E+0	11,900000E+0
926	161,000000E+0	176,176170E+3	3,664000E+0	518,000000E+0	11,900000E+0
927	161,000000E+0	176,176170E+3	3,664000E+0	518,000000E+0	11,900000E+0
928	133,000000E+0	176,181550E+3	3,435000E+0	573,000000E+0	11,900000E+0
929	133,000000E+0	176,181550E+3	3,435000E+0	573,000000E+0	11,900000E+0
930	133,000000E+0	176,181550E+3	3,435000E+0	573,000000E+0	11,900000E+0
931	133,000000E+0	176,181550E+3	3,435000E+0	573,000000E+0	11,900000E+0
932	42,000000E+0	176,248800E+3	1,374000E+0	603,000000E+0	11,900000E+0
933	42,000000E+0	176,248800E+3	1,374000E+0	603,000000E+0	11,900000E+0
934	42,000000E+0	176,248800E+3	1,374000E+0	603,000000E+0	11,900000E+0
935	42,000000E+0	176,248800E+3	1,374000E+0	603,000000E+0	11,900000E+0
936	65,465000E+3	176,248800E+3	-229,000000E-3	607,000000E+0	12,000000E+0
937	65,465000E+3	176,248800E+3	-229,000000E-3	607,000000E+0	12,000000E+0
938	65,465000E+3	176,248800E+3	-229,000000E-3	607,000000E+0	12,000000E+0
939	65,465000E+3	176,248800E+3	-229,000000E-3	607,000000E+0	12,000000E+0
940	65,458000E+3	176,246110E+3	-458,000000E-3	597,000000E+0	11,900000E+0
941	65,458000E+3	176,246110E+3	-458,000000E-3	597,000000E+0	11,900000E+0
942	65,458000E+3	176,246110E+3	-458,000000E-3	597,000000E+0	11,900000E+0
943	65,458000E+3	176,246110E+3	-458,000000E-3	597,000000E+0	11,900000E+0
944	65,479000E+3	176,235350E+3	0,000000E+0	591,000000E+0	12,000000E+0
945	65,479000E+3	176,235350E+3	0,000000E+0	591,000000E+0	12,000000E+0
946	65,479000E+3	176,235350E+3	0,000000E+0	591,000000E+0	12,000000E+0
947	65,479000E+3	176,235350E+3	0,000000E+0	591,000000E+0	12,000000E+0
948	65,486000E+3	176,224590E+3	0,000000E+0	589,000000E+0	12,000000E+0
949	65,486000E+3	176,224590E+3	0,000000E+0	589,000000E+0	12,000000E+0
950	65,486000E+3	176,224590E+3	0,000000E+0	589,000000E+0	12,000000E+0
951	65,486000E+3	176,224590E+3	0,000000E+0	589,000000E+0	12,000000E+0
952	65,486000E+3	176,221900E+3	0,000000E+0	589,000000E+0	12,000000E+0
953	65,486000E+3	176,221900E+3	0,000000E+0	589,000000E+0	12,000000E+0
954	65,486000E+3	176,221900E+3	0,000000E+0	589,000000E+0	12,000000E+0
955	65,486000E+3	176,221900E+3	0,000000E+0	589,000000E+0	12,000000E+0
956	65,486000E+3	176,221900E+3	0,000000E+0	589,000000E+0	12,000000E+0
957	65,486000E+3	176,221900E+3	0,000000E+0	589,000000E+0	12,000000E+0
958	65,486000E+3	176,221900E+3	0,000000E+0	589,000000E+0	12,000000E+0
959	65,486000E+3	176,221900E+3	0,000000E+0	589,000000E+0	12,000000E+0
960	65,486000E+3	176,221900E+3	0,000000E+0	589,000000E+0	12,000000E+0
961	65,486000E+3	176,221900E+3	0,000000E+0	589,000000E+0	12,000000E+0
962	65,486000E+3	176,221900E+3	0,000000E+0	589,000000E+0	12,000000E+0
963	65,486000E+3	176,221900E+3	0,000000E+0	589,000000E+0	12,000000E+0
964	65,486000E+3	176,221900E+3	0,000000E+0	589,000000E+0	11,900000E+0
965	65,486000E+3	176,221900E+3	0,000000E+0	589,000000E+0	11,900000E+0
966	65,486000E+3	176,221900E+3	0,000000E+0	589,000000E+0	11,900000E+0
967	65,486000E+3	176,221900E+3	0,000000E+0	589,000000E+0	11,900000E+0
968	65,486000E+3	176,221900E+3	0,000000E+0	589,000000E+0	12,000000E+0
969	65,486000E+3	176,221900E+3	0,000000E+0	589,000000E+0	12,000000E+0
970	65,486000E+3	176,221900E+3	0,000000E+0	589,000000E+0	12,000000E+0
971	65,486000E+3	176,221900E+3	0,000000E+0	589,000000E+0	12,000000E+0
972	65,493000E+3	176,232660E+3	0,000000E+0	589,000000E+0	12,000000E+0
973	65,493000E+3	176,232660E+3	0,000000E+0	589,000000E+0	12,000000E+0
974	65,493000E+3	176,232660E+3	0,000000E+0	589,000000E+0	12,000000E+0
975	65,493000E+3	176,232660E+3	0,000000E+0	589,000000E+0	12,000000E+0
976	65,500000E+3	176,246110E+3	0,000000E+0	589,000000E+0	12,000000E+0
977	65,500000E+3	176,246110E+3	0,000000E+0	589,000000E+0	12,000000E+0
978	65,500000E+3	176,246110E+3	0,000000E+0	589,000000E+0	12,000000E+0
979	65,500000E+3	176,246110E+3	0,000000E+0	589,000000E+0	12,000000E+0
980	65,528000E+3	176,275700E+3	0,000000E+0	590,000000E+0	12,000000E+0
981	65,528000E+3	176,275700E+3	0,000000E+0	590,000000E+0	12,000000E+0
982	65,528000E+3	176,275700E+3	0,000000E+0	590,000000E+0	12,000000E+0
983	65,528000E+3	176,275700E+3	0,000000E+0	590,000000E+0	12,000000E+0
984	35,000000E+0	176,259560E+3	687,000000E-3	599,000000E+0	12,000000E+0
985	35,000000E+0	176,259560E+3	687,000000E-3	599,000000E+0	12,000000E+0
986	35,000000E+0	176,259560E+3	687,000000E-3	599,000000E+0	12,000000E+0
987	35,000000E+0	176,259560E+3	687,000000E-3	599,000000E+0	12,000000E+0
988	7,000000E+0	176,264940E+3	229,000000E-3	610,000000E+0	12,000000E+0
989	7,000000E+0	176,264940E+3	229,000000E-3	610,000000E+0	12,000000E+0
990	7,000000E+0	176,264940E+3	229,000000E-3	610,000000E+0	12,000000E+0
991	7,000000E+0	176,264940E+3	229,000000E-3	610,000000E+0	12,000000E+0
992	65,388000E+3	176,251490E+3	-1,603000E+0	596,000000E+0	11,900000E+0
993	65,388000E+3	176,251490E+3	-1,603000E+0	596,000000E+0	11,900000E+0
994	65,388000E+3	176,251490E+3	-1,603000E+0	596,000000E+0	11,900000E+0
995	65,388000E+3	176,251490E+3	-1,603000E+0	596,000000E+0	11,900000E+0
996	65,303000E+3	176,262250E+3	-3,435000E+0	552,000000E+0	11,900000E+0
997	65,303000E+3	176,262250E+3	-3,435000E+0	552,000000E+0	11,900000E+0
998	65,303000E+3	176,262250E+3	-3,435000E+0	552,000000E+0	11,900000E+0
999	65,303000E+3	176,262250E+3	-3,435000E+0	552,000000E+0	11,900000E+0
1000	65,303000E+3	176,270320E+3	-3,664000E+0	494,000000E+0	11,900000E+0
1001	65,303000E+3	176,270320E+3	-3,664000E+0	494,000000E+0	11,900000E+0
1002	65,303000E+3	176,270320E+3	-3,664000E+0	494,000000E+0	11,900000E+0
1003	65,303000E+3	176,270320E+3	-3,664000E+0	494,000000E+0	11,900000E+0
1004	65,346000E+3	176,256870E+3	-2,519000E+0	446,000000E+0	11,900000E+0
1005	65,346000E+3	176,256870E+3	-2,519000E+0	446,000000E+0	11,900000E+0
1006	65,346000E+3	176,256870E+3	-2,519000E+0	446,000000E+0	11,900000E+0
1007	65,346000E+3	176,256870E+3	-2,519000E+0	446,000000E+0	11,900000E+0
1008	65,430000E+3	176,240730E+3	-1,145000E+0	419,000000E+0	12,000000E+0
1009	65,430000E+3	176,240730E+3	-1,145000E+0	419,000000E+0	12,000000E+0
1010	65,430000E+3	176,240730E+3	-1,145000E+0	419,000000E+0	12,000000E+0
1011	65,430000E+3	176,240730E+3	-1,145000E+0	419,000000E+0	12,000000E+0
1012	0,000000E+0	176,240730E+3	458,000000E-3	416,000000E+0	12,000000E+0
1013	0,000000E+0	176,240730E+3	458,000000E-3	416,000000E+0	12,000000E+0
1014	0,000000E+0	176,240730E+3	458,000000E-3	416,000000E+0	12,000000E+0
1015	0,000000E+0	176,240730E+3	458,000000E-3	416,000000E+0	12,000000E+0
1016	105,000000E+0	176,205760E+3	2,290000E+0	441,000000E+0	11,900000E+0
1017	105,000000E+0	176,205760E+3	2,290000E+0	441,000000E+0	11,900000E+0
1018	105,000000E+0	176,205760E+3	2,290000E+0	441,000000E+0	11,900000E+0
1019	105,000000E+0	176,205760E+3	2,290000E+0	441,000000E+0	11,900000E+0
1020	147,000000E+0	176,184240E+3	3,206000E+0	489,000000E+0	11,900000E+0
1021	147,000000E+0	176,184240E+3	3,206000E+0	489,000000E+0	11,900000E+0
1022	147,000000E+0	176,184240E+3	3,206000E+0	489,000000E+0	11,900000E+0
1023	147,000000E+0	176,184240E+3	3,206000E+0	489,000000E+0	11,900000E+0
1024	154,000000E+0	176,178860E+3	3,664000E+0	546,000000E+0	11,900000E+0
1025	154,000000E+0	176,178860E+3	3,664000E+0	546,000000E+0	11,900000E+0
1026	154,000000E+0	176,178860E+3	3,664000E+0	546,000000E+0	11,900000E+0
1027	154,000000E+0	176,178860E+3	3,664000E+0	546,000000E+0	11,900000E+0
1028	98,000000E+0	176,216520E+3	2,519000E+0	592,000000E+0	11,900000E+0
1029	98,000000E+0	176,216520E+3	2,519000E+0	592,000000E+0	11,900000E+0
1030	98,000000E+0	176,216520E+3	2,519000E+0	592,000000E+0	11,900000E+0
1031	98,000000E+0	176,216520E+3	2,519000E+0	592,000000E+0	11,900000E+0
1032	65,514000E+3	176,273010E+3	0,000000E+0	610,000000E+0	11,900000E+0
1033	65,514000E+3	176,273010E+3	0,000000E+0	610,000000E+0	11,900000E+0
1034	65,514000E+3	176,273010E+3	0,000000E+0	610,000000E+0	11,900000E+0
1035	65,514000E+3	176,273010E+3	0,000000E+0	610,000000E+0	11,900000E+0
1036	65,451000E+3	176,246110E+3	-687,000000E-3	602,000000E+0	11,900000E+0
1037	65,451000E+3	176,246110E+3	-687,000000E-3	602,000000E+0	11,900000E+0
1038	65,451000E+3	176,246110E+3	-687,000000E-3	602,000000E+0	11,900000E+0
1039	65,451000E+3	176,246110E+3	-687,000000E-3	602,000000E+0	11,900000E+0
1040	65,472000E+3	176,238040E+3	-229,000000E-3	593,000000E+0	11,900000E+0
1041	65,472000E+3	176,238040E+3	-229,000000E-3	593,000000E+0	11,900000E+0
1042	65,472000E+3	176,238040E+3	-229,000000E-3	593,000000E+0	11,900000E+0
1043	65,472000E+3	176,238040E+3	-229,000000E-3	593,000000E+0	11,900000E+0
1044	65,486000E+3	176,232660E+3	0,000000E+0	590,000000E+0	11,900000E+0
1045	65,486000E+3	176,232660E+3	0,000000E+0	590,000000E+0	11,900000E+0
1046	65,486000E+3	176,232660E+3	0,000000E+0	590,000000E+0	11,900000E+0
1047	65,486000E+3	176,232660E+3	0,000000E+0	590,000000E+0	11,900000E+0
1048	65,486000E+3	176,224590E+3	0,000000E+0	589,000000E+0	11,900000E+0
1049	65,486000E+3	176,224590E+3	0,000000E+0	589,000000E+0	11,900000E+0
1050	65,486000E+3	176,224590E+3	0,000000E+0	589,000000E+0	11,900000E+0
1051	65,486000E+3	176,224590E+3	0,000000E+0	589,000000E+0	11,900000E+0
1052	65,486000E+3	176,221900E+3	0,000000E+0	589,000000E+0	12,000000E+0
1053	65,486000E+3	176,221900E+3	0,000000E+0	589,000000E+0	12,000000E+0
1054	65,486000E+3	176,221900E+3	0,000000E+0	589,000000E+0	12,000000E+0
1055	65,486000E+3	176,221900E+3	0,000000E+0	589,000000E+0	12,000000E+0
1056	65,486000E+3	176,221900E+3	0,000000E+0	589,000000E+0	12,000000E+0
1057	65,486000E+3	176,221900E+3	0,000000E+0	589,000000E+0	12,000000E+0
1058	65,486000E+3	176,221900E+3	0,000000E+0	589,000000E+0	12,000000E+0
1059	65,486000E+3	176,221900E+3	0,000000E+0	589,000000E+0	12,000000E+0
1060	65,486000E+3	176,221900E+3	0,000000E+0	589,000000E+0	12,000000E+0
1061	65,486000E+3	176,221900E+3	0,000000E+0	589,000000E+0	12,000000E+0
1062	65,486000E+3	176,221900E+3	0,000000E+0	589,000000E+0	12,000000E+0
1063	65,486000E+3	176,221900E+3	0,000000E+0	589,000000E+0	12,000000E+0
1064	65,486000E+3	176,221900E+3	0,000000E+0	589,000000E+0	12,000000E+0
1065	65,486000E+3	176,221900E+3	0,000000E+0	589,000000E+0	12,000000E+0
1066	65,486000E+3	176,221900E+3	0,000000E+0	589,000000E+0	12,000000E+0
1067	65,486000E+3	176,221900E+3	0,000000E+0	589,000000E+0	12,000000E+0
1068	65,486000E+3	176,221900E+3	0,000000E+0	589,000000E+0	11,900000E+0
1069	65,486000E+3	176,221900E+3	0,000000E+0	589,000000E+0	11,900000E+0
1070	65,486000E+3	176,221900E+3	0,000000E+0	589,000000E+0	11,900000E+0
1071	65,486000E+3	176,221900E+3	0,000000E+0	589,000000E+0	11,900000E+0
1072	65,493000E+3	176,232660E+3	0,000000E+0	589,000000E+0	12,000000E+0
1073	65,493000E+3	176,232660E+3	0,000000E+0	589,000000E+0	12,000000E+0
1074	65,493000E+3	176,232660E+3	0,000000E+0	589,000000E+0	12,000000E+0
1075	65,493000E+3	176,232660E+3	0,000000E+0	589,000000E+0	12,000000E+0
1076	65,514000E+3	176,262250E+3	0,000000E+0	589,000000E+0	12,000000E+0
1077	65,514000E+3	176,262250E+3	0,000000E+0	589,000000E+0	12,000000E+0
1078	65,514000E+3	176,262250E+3	0,000000E+0	589,000000E+0	12,000000E+0
1079	65,514000E+3	176,262250E+3	0,000000E+0	589,000000E+0	12,000000E+0
1080	14,000000E+0	176,267630E+3	458,000000E-3	594,000000E+0	12,000000E+0
1081	14,000000E+0	176,267630E+3	458,000000E-3	594,000000E+0	12,000000E+0
1082	14,000000E+0	176,267630E+3	458,000000E-3	594,000000E+0	12,000000E+0
1083	14,000000E+0	176,267630E+3	458,000000E-3	594,000000E+0	12,000000E+0
1084	35,000000E+0	176,262250E+3	916,000000E-3	606,000000E+0	12,000000E+0
1085	35,000000E+0	176,262250E+3	916,000000E-3	606,000000E+0	12,000000E+0
1086	35,000000E+0	176,262250E+3	916,000000E-3	606,000000E+0	12,000000E+0
1087	35,000000E+0	176,262250E+3	916,000000E-3	606,000000E+0	12,000000E+0
1088	65,465000E+3	176,240730E+3	-229,000000E-3	610,000000E+0	12,000000E+0
1089	65,465000E+3	176,240730E+3	-229,000000E-3	610,000000E+0	12,000000E+0
1090	65,465000E+3	176,240730E+3	-229,000000E-3	610,000000E+0	12,000000E+0
1091	65,465000E+3	176,240730E+3	-229,000000E-3	610,000000E+0	12,000000E+0
1092	65,325000E+3	176,262250E+3	-2,748000E+0	579,000000E+0	11,900000E+0
1093	65,325000E+3	176,262250E+3	-2,748000E+0	579,000000E+0	11,900000E+0
1094	65,325000E+3	176,262250E+3	-2,748000E+0	579,000000E+0	11,900000E+0
1095	65,325000E+3	176,262250E+3	-2,748000E+0	579,000000E+0	11,900000E+0
1096	65,289000E+3	176,267630E+3	-3,664000E+0	523,000000E+0	11,900000E+0
1097	65,289000E+3	176,267630E+3	-3,664000E+0	523,000000E+0	11,900000E+0
1098	65,289000E+3	176,267630E+3	-3,664000E+0	523,000000E+0	11,900000E+0
1099	65,289000E+3	176,267630E+3	-3,664000E+0	523,000000E+0	11,900000E+0
1100	65,325000E+3	176,264940E+3	-3,206000E+0	467,000000E+0	11,900000E+0
1101	65,325000E+3	176,264940E+3	-3,206000E+0	467,000000E+0	11,900000E+0
1102	65,325000E+3	176,264940E+3	-3,206000E+0	467,000000E+0	11,900000E+0
1103	65,325000E+3	176,264940E+3	-3,206000E+0	467,000000E+0	11,900000E+0
1104	65,388000E+3	176,246110E+3	-1,832000E+0	430,000000E+0	11,900000E+0
1105	65,388000E+3	176,246110E+3	-1,832000E+0	430,000000E+0	11,900000E+0
1106	65,388000E+3	176,246110E+3	-1,832000E+0	430,000000E+0	11,900000E+0
1107	65,388000E+3	176,246110E+3	-1,832000E+0	430,000000E+0	11,900000E+0
1108	65,479000E+3	176,219210E+3	-229,000000E-3	415,000000E+0	11,900000E+0
1109	65,479000E+3	176,219210E+3	-229,000000E-3	415,000000E+0	11,900000E+0
1110	65,479000E+3	176,219210E+3	-229,000000E-3	415,000000E+0	11,900000E+0
1111	65,479000E+3	176,219210E+3	-229,000000E-3	415,000000E+0	11,900000E+0
1112	49,000000E+0	176,240730E+3	1,145000E+0	426,000000E+0	11,900000E+0
1113	49,000000E+0	176,240730E+3	1,145000E+0	426,000000E+0	11,900000E+0
1114	49,000000E+0	176,240730E+3	1,145000E+0	426,000000E+0	11,900000E+0
1115	49,000000E+0	176,240730E+3	1,145000E+0	426,000000E+0	11,900000E+0
1116	126,000000E+0	176,197690E+3	2,748000E+0	462,000000E+0	11,900000E+0
1117	126,000000E+0	176,197690E+3	2,748000E+0	462,000000E+0	11,900000E+0
1118	126,000000E+0	176,197690E+3	2,748000E+0	462,000000E+0	11,900000E+0
1119	126,000000E+0	176,197690E+3	2,748000E+0	462,000000E+0	11,900000E+0
1120	168,000000E+0	176,181550E+3	3,435000E+0	517,000000E+0	11,900000E+0
1121	168,000000E+0	176,181550E+3	3,435000E+0	517,000000E+0	11,900000E+0
1122	168,000000E+0	176,181550E+3	3,435000E+0	517,000000E+0	11,900000E+0
1123	168,000000E+0	176,181550E+3	3,435000E+0	517,000000E+0	11,900000E+0
1124	126,000000E+0	176,181550E+3	3,435000E+0	573,000000E+0	11,900000E+0
1125	126,000000E+0	176,181550E+3	3,435000E+0	573,000000E+0	11,900000E+0
1126	126,000000E+0	176,181550E+3	3,435000E+0	573,000000E+0	11,900000E+0
1127	126,000000E+0	176,181550E+3	3,435000E+0	573,000000E+0	11,900000E+0
1128	42,000000E+0	176,246110E+3	1,145000E+0	603,000000E+0	11,900000E+0
1129	42,000000E+0	176,246110E+3	1,145000E+0	603,000000E+0	11,900000E+0
1130	42,000000E+0	176,246110E+3	1,145000E+0	603,000000E+0	11,900000E+0
1131	42,000000E+0	176,246110E+3	1,145000E+0	603,000000E+0	11,900000E+0
1132	65,465000E+3	176,248800E+3	-229,000000E-3	607,000000E+0	11,900000E+0
1133	65,465000E+3	176,248800E+3	-229,000000E-3	607,000000E+0	11,900000E+0
1134	65,465000E+3	176,248800E+3	-229,000000E-3	607,000000E+0	11,900000E+0
1135	65,465000E+3	176,248800E+3	-229,000000E-3	607,000000E+0	11,900000E+0
1136	65,458000E+3	176,243420E+3	-458,000000E-3	597,000000E+0	12,000000E+0
1137	65,458000E+3	176,243420E+3	-458,000000E-3	597,000000E+0	12,000000E+0
1138	65,458000E+3	176,243420E+3	-458,000000E-3	597,000000E+0	12,000000E+0
1139	65,458000E+3	176,243420E+3	-458,000000E-3	597,000000E+0	12,000000E+0
1140	65,479000E+3	176,232660E+3	-229,000000E-3	591,000000E+0	12,000000E+0
1141	65,479000E+3	176,232660E+3	-229,000000E-3	591,000000E+0	12,000000E+0
1142	65,479000E+3	176,232660E+3	-229,000000E-3	591,000000E+0	12,000000E+0
1143	65,479000E+3	176,232660E+3	-229,000000E-3	591,000000E+0	12,000000E+0
1144	65,486000E+3	176,224590E+3	0,000000E+0	589,000000E+0	12,000000E+0
1145	65,486000E+3	176,224590E+3	0,000000E+0	589,000000E+0	12,000000E+0
1146	65,486000E+3	176,224590E+3	0,000000E+0	589,000000E+0	12,000000E+0
1147	65,486000E+3	176,224590E+3	0,000000E+0	589,000000E+0	12,000000E+0
1148	65,486000E+3	176,221900E+3	0,000000E+0	589,000000E+0	12,000000E+0
1149	65,486000E+3	176,221900E+3	0,000000E+0	589,000000E+0	12,000000E+0
1150	65,486000E+3	176,221900E+3	0,000000E+0	589,000000E+0	12,000000E+0
1151	65,486000E+3	176,221900E+3	0,000000E+0	589,000000E+0	12,000000E+0
1152	65,486000E+3	176,221900E+3	0,000000E+0	589,000000E+0	12,000000E+0
1153	65,486000E+3	176,221900E+3	0,000000E+0	589,000000E+0	12,000000E+0
1154	65,486000E+3	176,221900E+3	0,000000E+0	589,000000E+0	12,000000E+0
1155	65,486000E+3	176,221900E+3	0,000000E+0	589,000000E+0	12,000000E+0
1156	65,486000E+3	176,221900E+3	0,000000E+0	589,000000E+0	11,900000E+0
1157	65,486000E+3	176,221900E+3	0,000000E+0	589,000000E+0	11,900000E+0
1158	65,486000E+3	176,221900E+3	0,000000E+0	589,000000E+0	11,900000E+0
1159	65,486000E+3	176,221900E+3	0,000000E+0	589,000000E+0	11,900000E+0
1160	65,486000E+3	176,221900E+3	0,000000E+0	589,000000E+0	11,900000E+0
1161	65,486000E+3	176,221900E+3	0,000000E+0	589,000000E+0	11,900000E+0
1162	65,486000E+3	176,221900E+3	0,000000E+0	589,000000E+0	11,900000E+0
1163	65,486000E+3	176,221900E+3	0,000000E+0	589,000000E+0	11,900000E+0
1164	65,486000E+3	176,221900E+3	0,000000E+0	589,000000E+0	11,900000E+0
1165	65,486000E+3	176,221900E+3	0,000000E+0	589,000000E+0	11,900000E+0
1166	65,486000E+3	176,221900E+3	0,000000E+0	589,000000E+0	11,900000E+0
1167	65,486000E+3	176,221900E+3	0,000000E+0	589,000000E+0	11,900000E+0
1168	65,493000E+3	176,232660E+3	0,000000E+0	589,000000E+0	11,900000E+0
1169	65,493000E+3	176,232660E+3	0,000000E+0	589,000000E+0	11,900000E+0
1170	65,493000E+3	176,232660E+3	0,000000E+0	589,000000E+0	11,900000E+0
1171	65,493000E+3	176,232660E+3	0,000000E+0	589,000000E+0	11,900000E+0
1172	65,500000E+3	176,243420E+3	0,000000E+0	589,000000E+0	11,900000E+0
1173	65,500000E+3	176,243420E+3	0,000000E+0	589,000000E+0	11,900000E+0
1174	65,500000E+3	176,243420E+3	0,000000E+0	589,000000E+0	11,900000E+0
1175	65,500000E+3	176,243420E+3	0,000000E+0	589,000000E+0	11,900000E+0
1176	65,528000E+3	176,273010E+3	0,000000E+0	590,000000E+0	11,900000E+0
1177	65,528000E+3	176,273010E+3	0,000000E+0	590,000000E+0	11,900000E+0
1178	65,528000E+3	176,273010E+3	0,000000E+0	590,000000E+0	11,900000E+0
1179	65,528000E+3	176,273010E+3	0,000000E+0	590,000000E+0	11,900000E+0
1180	35,000000E+0	176,259560E+3	687,000000E-3	599,000000E+0	11,900000E+0
1181	35,000000E+0	176,259560E+3	687,000000E-3	599,000000E+0	11,900000E+0
1182	35,000000E+0	176,259560E+3	687,000000E-3	599,000000E+0	11,900000E+0
1183	35,000000E+0	176,259560E+3	687,000000E-3	599,000000E+0	11,900000E+0
1184	7,000000E+0	176,264940E+3	229,000000E-3	610,000000E+0	11,900000E+0
1185	7,000000E+0	176,264940E+3	229,000000E-3	610,000000E+0	11,900000E+0
1186	7,000000E+0	176,264940E+3	229,000000E-3	610,000000E+0	11,900000E+0
1187	7,000000E+0	176,264940E+3	229,000000E-3	610,000000E+0	11,900000E+0
1188	65,388000E+3	176,251490E+3	-1,603000E+0	596,000000E+0	11,900000E+0
1189	65,388000E+3	176,251490E+3	-1,603000E+0	596,000000E+0	11,900000E+0
1190	65,388000E+3	176,251490E+3	-1,603000E+0	596,000000E+0	11,900000E+0
1191	65,388000E+3	176,251490E+3	-1,603000E+0	596,000000E+0	11,900000E+0
1192	65,296000E+3	176,262250E+3	-3,206000E+0	552,000000E+0	11,900000E+0
1193	65,296000E+3	176,262250E+3	-3,206000E+0	552,000000E+0	11,900000E+0
1194	65,296000E+3	176,262250E+3	-3,206000E+0	552,000000E+0	11,900000E+0
1195	65,296000E+3	176,262250E+3	-3,206000E+0	552,000000E+0	11,900000E+0
1196	65,303000E+3	176,270320E+3	-3,664000E+0	495,000000E+0	11,900000E+0
1197	65,303000E+3	176,270320E+3	-3,664000E+0	495,000000E+0	11,900000E+0
1198	65,303000E+3	176,270320E+3	-3,664000E+0	495,000000E+0	11,900000E+0
1199	65,303000E+3	176,270320E+3	-3,664000E+0	495,000000E+0	11,900000E+0
1200	65,353000E+3	176,262250E+3	-2,748000E+0	446,000000E+0	11,900000E+0
1201	65,353000E+3	176,262250E+3	-2,748000E+0	446,000000E+0	11,900000E+0
1202	65,353000E+3	176,262250E+3	-2,748000E+0	446,000000E+0	11,900000E+0
1203	65,353000E+3	176,262250E+3	-2,748000E+0	446,000000E+0	11,900000E+0
1204	65,430000E+3	176,240730E+3	-1,145000E+0	418,000000E+0	11,900000E+0
1205	65,430000E+3	176,240730E+3	-1,145000E+0	418,000000E+0	11,900000E+0
1206	65,430000E+3	176,240730E+3	-1,145000E+0	418,000000E+0	11,900000E+0
1207	65,430000E+3	176,240730E+3	-1,145000E+0	418,000000E+0	11,900000E+0
1208	0,000000E+0	176,243420E+3	229,000000E-3	416,000000E+0	11,900000E+0
1209	0,000000E+0	176,243420E+3	229,000000E-3	416,000000E+0	11,900000E+0
1210	0,000000E+0	176,243420E+3	229,000000E-3	416,000000E+0	11,900000E+0
1211	0,000000E+0	176,243420E+3	229,000000E-3	416,000000E+0	11,900000E+0
1212	105,000000E+0	176,205760E+3	2,061000E+0	440,000000E+0	11,900000E+0
1213	105,000000E+0	176,205760E+3	2,061000E+0	440,000000E+0	11,900000E+0
1214	105,000000E+0	176,205760E+3	2,061000E+0	440,000000E+0	11,900000E+0
1215	105,000000E+0	176,205760E+3	2,061000E+0	440,000000E+0	11,900000E+0
1216	147,000000E+0	176,181550E+3	3,206000E+0	489,000000E+0	11,900000E+0
1217	147,000000E+0	176,181550E+3	3,206000E+0	489,000000E+0	11,900000E+0
1218	147,000000E+0	176,181550E+3	3,206000E+0	489,000000E+0	11,900000E+0
1219	147,000000E+0	176,181550E+3	3,206000E+0	489,000000E+0	11,900000E+0
1220	140,000000E+0	176,173480E+3	4,351000E+0	549,000000E+0	11,900000E+0
1221	140,000000E+0	176,173480E+3	4,351000E+0	549,000000E+0	11,900000E+0
1222	140,000000E+0	176,173480E+3	4,351000E+0	549,000000E+0	11,900000E+0
1223	140,000000E+0	176,173480E+3	4,351000E+0	549,000000E+0	11,900000E+0
1224	105,000000E+0	176,213830E+3	2,519000E+0	593,000000E+0	11,900000E+0
1225	105,000000E+0	176,213830E+3	2,519000E+0	593,000000E+0	11,900000E+0
1226	105,000000E+0	176,213830E+3	2,519000E+0	593,000000E+0	11,900000E+0
1227	105,000000E+0	176,213830E+3	2,519000E+0	593,000000E+0	11,900000E+0
1228	65,521000E+3	176,273010E+3	0,000000E+0	609,000000E+0	11,900000E+0
1229	65,521000E+3	176,273010E+3	0,000000E+0	609,000000E+0	11,900000E+0
1230	65,521000E+3	176,273010E+3	0,000000E+0	609,000000E+0	11,900000E+0
1231	65,521000E+3	176,273010E+3	0,000000E+0	609,000000E+0	11,900000E+0
1232	65,451000E+3	176,248800E+3	-687,000000E-3	601,000000E+0	11,900000E+0
1233	65,451000E+3	176,248800E+3	-687,000000E-3	601,000000E+0	11,900000E+0
1234	65,451000E+3	176,248800E+3	-687,000000E-3	601,000000E+0	11,900000E+0
1235	65,451000E+3	176,248800E+3	-687,000000E-3	601,000000E+0	11,900000E+0
1236	65,472000E+3	176,238040E+3	-229,000000E-3	593,000000E+0	11,900000E+0
1237	65,472000E+3	176,238040E+3	-229,000000E-3	593,000000E+0	11,900000E+0
1238	65,472000E+3	176,238040E+3	-229,000000E-3	593,000000E+0	11,900000E+0
1239	65,472000E+3	176,238040E+3	-229,000000E-3	593,000000E+0	11,900000E+0
1240	65,486000E+3	176,227280E+3	0,000000E+0	590,000000E+0	11,900000E+0
1241	65,486000E+3	176,227280E+3	0,000000E+0	590,000000E+0	11,900000E+0
1242	65,486000E+3	176,227280E+3	0,000000E+0	590,000000E+0	11,900000E+0
1243	65,486000E+3	176,227280E+3	0,000000E+0	590,000000E+0	11,900000E+0
1244	65,486000E+3	176,227280E+3	0,000000E+0	589,000000E+0	11,900000E+0
1245	65,486000E+3	176,227280E+3	0,000000E+0	589,000000E+0	11,900000E+0
1246	65,486000E+3	176,227280E+3	0,000000E+0	589,000000E+0	11,900000E+0
1247	65,486000E+3	176,227280E+3	0,000000E+0	589,000000E+0	11,900000E+0
1248	65,486000E+3	176,221900E+3	0,000000E+0	589,000000E+0	11,900000E+0
1249	65,486000E+3	176,221900E+3	0,000000E+0	589,000000E+0	11,900000E+0
1250	65,486000E+3	176,221900E+3	0,000000E+0	589,000000E+0	11,900000E+0
1251	65,486000E+3	176,221900E+3	0,000000E+0	589,000000E+0	11,900000E+0
1252	65,486000E+3	176,221900E+3	0,000000E+0	589,000000E+0	11,900000E+0
1253	65,486000E+3	176,221900E+3	0,000000E+0	589,000000E+0	11,900000E+0
1254	65,486000E+3	176,221900E+3	0,000000E+0	589,000000E+0	11,900000E+0
1255	65,486000E+3	176,221900E+3	0,000000E+0	589,000000E+0	11,900000E+0
1256	65,486000E+3	176,221900E+3	0,000000E+0	589,000000E+0	11,900000E+0
1257	65,486000E+3	176,221900E+3	0,000000E+0	589,000000E+0	11,900000E+0
1258	65,486000E+3	176,221900E+3	0,000000E+0	589,000000E+0	11,900000E+0
1259	65,486000E+3	176,221900E+3	0,000000E+0	589,000000E+0	11,900000E+0
1260	65,486000E+3	176,221900E+3	0,000000E+0	589,000000E+0	12,000000E+0
1261	65,486000E+3	176,221900E+3	0,000000E+0	589,000000E+0	12,000000E+0
1262	65,486000E+3	176,221900E+3	0,000000E+0	589,000000E+0	12,000000E+0
1263	65,486000E+3	176,221900E+3	0,000000E+0	589,000000E+0	12,000000E+0
1264	65,486000E+3	176,221900E+3	0,000000E+0	589,000000E+0	12,000000E+0
1265	65,486000E+3	176,221900E+3	0,000000E+0	589,000000E+0	12,000000E+0
1266	65,486000E+3	176,221900E+3	0,000000E+0	589,000000E+0	12,000000E+0
1267	65,486000E+3	176,221900E+3	0,000000E+0	589,000000E+0	12,000000E+0
1268	65,493000E+3	176,232660E+3	0,000000E+0	589,000000E+0	12,000000E+0
1269	65,493000E+3	176,232660E+3	0,000000E+0	589,000000E+0	12,000000E+0
1270	65,493000E+3	176,232660E+3	0,000000E+0	589,000000E+0	12,000000E+0
1271	65,493000E+3	176,232660E+3	0,000000E+0	589,000000E+0	12,000000E+0
1272	65,514000E+3	176,262250E+3	0,000000E+0	589,000000E+0	12,000000E+0
1273	65,514000E+3	176,262250E+3	0,000000E+0	589,000000E+0	12,000000E+0
1274	65,514000E+3	176,262250E+3	0,000000E+0	589,000000E+0	12,000000E+0
1275	65,514000E+3	176,262250E+3	0,000000E+0	589,000000E+0	12,000000E+0
1276	14,000000E+0	176,264940E+3	458,000000E-3	594,000000E+0	12,000000E+0
1277	14,000000E+0	176,264940E+3	458,000000E-3	594,000000E+0	12,000000E+0
1278	14,000000E+0	176,264940E+3	458,000000E-3	594,000000E+0	12,000000E+0
1279	14,000000E+0	176,264940E+3	458,000000E-3	594,000000E+0	12,000000E+0
1280	42,000000E+0	176,259560E+3	916,000000E-3	607,000000E+0	12,000000E+0
1281	42,000000E+0	176,259560E+3	916,000000E-3	607,000000E+0	12,000000E+0
1282	42,000000E+0	176,259560E+3	916,000000E-3	607,000000E+0	12,000000E+0
1283	42,000000E+0	176,259560E+3	916,000000E-3	607,000000E+0	12,000000E+0
1284	65,472000E+3	176,240730E+3	-229,000000E-3	611,000000E+0	12,000000E+0
1285	65,472000E+3	176,240730E+3	-229,000000E-3	611,000000E+0	12,000000E+0
1286	65,472000E+3	176,240730E+3	-229,000000E-3	611,000000E+0	12,000000E+0
1287	65,472000E+3	176,240730E+3	-229,000000E-3	611,000000E+0	12,000000E+0
1288	65,346000E+3	176,256870E+3	-2,290000E+0	585,000000E+0	11,900000E+0
1289	65,346000E+3	176,256870E+3	-2,290000E+0	585,000000E+0	11,900000E+0
1290	65,346000E+3	176,256870E+3	-2,290000E+0	585,000000E+0	11,900000E+0
1291	65,346000E+3	176,256870E+3	-2,290000E+0	585,000000E+0	11,900000E+0
1292	65,318000E+3	176,264940E+3	-3,435000E+0	535,000000E+0	11,900000E+0
1293	65,318000E+3	176,264940E+3	-3,435000E+0	535,000000E+0	11,900000E+0
1294	65,318000E+3	176,264940E+3	-3,435000E+0	535,000000E+0	11,900000E+0
1295	65,318000E+3	176,264940E+3	-3,435000E+0	535,000000E+0	11,900000E+0
1296	65,332000E+3	176,267630E+3	-2,977000E+0	487,000000E+0	11,900000E+0
1297	65,332000E+3	176,267630E+3	-2,977000E+0	487,000000E+0	11,900000E+0
1298	65,332000E+3	176,267630E+3	-2,977000E+0	487,000000E+0	11,900000E+0
1299	65,332000E+3	176,267630E+3	-2,977000E+0	487,000000E+0	11,900000E+0
1300	65,374000E+3	176,240730E+3	-1,832000E+0	448,000000E+0	11,900000E+0
1301	65,374000E+3	176,240730E+3	-1,832000E+0	448,000000E+0	11,900000E+0
1302	65,374000E+3	176,240730E+3	-1,832000E+0	448,000000E+0	11,900000E+0
1303	65,374000E+3	176,240730E+3	-1,832000E+0	448,000000E+0	11,900000E+0
1304	65,458000E+3	176,224590E+3	-687,000000E-3	428,000000E+0	11,900000E+0
1305	65,458000E+3	176,224590E+3	-687,000000E-3	428,000000E+0	11,900000E+0
1306	65,458000E+3	176,224590E+3	-687,000000E-3	428,000000E+0	11,900000E+0
1307	65,458000E+3	176,224590E+3	-687,000000E-3	428,000000E+0	11,900000E+0
1308	7,000000E+0	176,251490E+3	458,000000E-3	430,000000E+0	11,900000E+0
1309	7,000000E+0	176,251490E+3	458,000000E-3	430,000000E+0	11,900000E+0
1310	7,000000E+0	176,251490E+3	458,000000E-3	430,000000E+0	11,900000E+0
1311	7,000000E+0	176,251490E+3	458,000000E-3	430,000000E+0	11,900000E+0
1312	91,000000E+0	176,213830E+3	2,061000E+0	453,000000E+0	11,900000E+0
1313	91,000000E+0	176,213830E+3	2,061000E+0	453,000000E+0	11,900000E+0
1314	91,000000E+0	176,213830E+3	2,061000E+0	453,000000E+0	11,900000E+0
1315	91,000000E+0	176,213830E+3	2,061000E+0	453,000000E+0	11,900000E+0
1316	112,000000E+0	176,200380E+3	2,519000E+0	493,000000E+0	11,900000E+0
1317	112,000000E+0	176,200380E+3	2,519000E+0	493,000000E+0	11,900000E+0
1318	112,000000E+0	176,200380E+3	2,519000E+0	493,000000E+0	11,900000E+0
1319	112,000000E+0	176,200380E+3	2,519000E+0	493,000000E+0	11,900000E+0
1320	105,000000E+0	176,200380E+3	2,519000E+0	535,000000E+0	11,900000E+0
1321	105,000000E+0	176,200380E+3	2,519000E+0	535,000000E+0	11,900000E+0
1322	105,000000E+0	176,200380E+3	2,519000E+0	535,000000E+0	11,900000E+0
1323	105,000000E+0	176,200380E+3	2,519000E+0	535,000000E+0	11,900000E+0
1324	63,000000E+0	176,238040E+3	1,832000E+0	569,000000E+0	11,900000E+0
