vendredi 22 décembre 2023	17:08:51	Sampling Period : 40  ms		
Unities: time [sample], PWM [raw], Current [mA], velocity [rev/min], Position [pulse], Present Input Voltage [V]

t	DXL_PWM		DXL_Current		DXL_Velocity		DXL_Position		DXL_Input_Voltage
0	7,000000E+0	2,690000E+0	0,000000E+0	1,023000E+3	11,900000E+0
1	7,000000E+0	2,690000E+0	0,000000E+0	1,023000E+3	11,900000E+0
2	7,000000E+0	2,690000E+0	0,000000E+0	1,023000E+3	11,900000E+0
3	7,000000E+0	0,000000E+0	0,000000E+0	1,023000E+3	11,900000E+0
4	7,000000E+0	0,000000E+0	0,000000E+0	1,023000E+3	11,900000E+0
5	7,000000E+0	0,000000E+0	0,000000E+0	1,023000E+3	11,900000E+0
6	7,000000E+0	0,000000E+0	0,000000E+0	1,023000E+3	11,900000E+0
7	14,000000E+0	5,380000E+0	0,000000E+0	1,022000E+3	11,900000E+0
8	14,000000E+0	5,380000E+0	0,000000E+0	1,022000E+3	11,900000E+0
9	14,000000E+0	5,380000E+0	0,000000E+0	1,022000E+3	11,900000E+0
10	14,000000E+0	5,380000E+0	0,000000E+0	1,022000E+3	11,900000E+0
11	0,000000E+0	0,000000E+0	229,000000E-3	1,024000E+3	11,900000E+0
12	0,000000E+0	0,000000E+0	229,000000E-3	1,024000E+3	11,900000E+0
13	0,000000E+0	0,000000E+0	229,000000E-3	1,024000E+3	11,900000E+0
14	0,000000E+0	0,000000E+0	229,000000E-3	1,024000E+3	11,900000E+0
15	14,000000E+0	0,000000E+0	0,000000E+0	1,023000E+3	11,900000E+0
16	14,000000E+0	0,000000E+0	0,000000E+0	1,023000E+3	11,900000E+0
17	14,000000E+0	0,000000E+0	0,000000E+0	1,023000E+3	11,900000E+0
18	14,000000E+0	0,000000E+0	0,000000E+0	1,023000E+3	11,900000E+0
19	7,000000E+0	5,380000E+0	0,000000E+0	1,022000E+3	11,900000E+0
20	7,000000E+0	5,380000E+0	0,000000E+0	1,022000E+3	11,900000E+0
21	7,000000E+0	5,380000E+0	0,000000E+0	1,022000E+3	11,900000E+0
22	7,000000E+0	5,380000E+0	0,000000E+0	1,022000E+3	11,900000E+0
23	7,000000E+0	0,000000E+0	229,000000E-3	1,023000E+3	11,900000E+0
24	7,000000E+0	0,000000E+0	229,000000E-3	1,023000E+3	11,900000E+0
25	7,000000E+0	0,000000E+0	229,000000E-3	1,023000E+3	11,900000E+0
26	7,000000E+0	0,000000E+0	229,000000E-3	1,023000E+3	11,900000E+0
27	14,000000E+0	8,070000E+0	0,000000E+0	1,022000E+3	11,900000E+0
28	14,000000E+0	8,070000E+0	0,000000E+0	1,022000E+3	11,900000E+0
29	14,000000E+0	8,070000E+0	0,000000E+0	1,022000E+3	11,900000E+0
30	14,000000E+0	8,070000E+0	0,000000E+0	1,022000E+3	11,900000E+0
31	7,000000E+0	5,380000E+0	0,000000E+0	1,022000E+3	11,900000E+0
32	7,000000E+0	5,380000E+0	0,000000E+0	1,022000E+3	11,900000E+0
33	7,000000E+0	5,380000E+0	0,000000E+0	1,022000E+3	11,900000E+0
34	7,000000E+0	5,380000E+0	0,000000E+0	1,022000E+3	11,900000E+0
35	14,000000E+0	8,070000E+0	0,000000E+0	1,022000E+3	11,900000E+0
36	14,000000E+0	8,070000E+0	0,000000E+0	1,022000E+3	11,900000E+0
37	14,000000E+0	8,070000E+0	0,000000E+0	1,022000E+3	11,900000E+0
38	14,000000E+0	8,070000E+0	0,000000E+0	1,022000E+3	11,900000E+0
39	14,000000E+0	5,380000E+0	0,000000E+0	1,023000E+3	11,900000E+0
40	14,000000E+0	5,380000E+0	0,000000E+0	1,023000E+3	11,900000E+0
41	14,000000E+0	5,380000E+0	0,000000E+0	1,023000E+3	11,900000E+0
42	14,000000E+0	5,380000E+0	0,000000E+0	1,023000E+3	11,900000E+0
43	14,000000E+0	8,070000E+0	0,000000E+0	1,022000E+3	11,900000E+0
44	14,000000E+0	8,070000E+0	0,000000E+0	1,022000E+3	11,900000E+0
45	14,000000E+0	8,070000E+0	0,000000E+0	1,022000E+3	11,900000E+0
46	14,000000E+0	8,070000E+0	0,000000E+0	1,022000E+3	11,900000E+0
47	14,000000E+0	2,690000E+0	0,000000E+0	1,022000E+3	11,900000E+0
48	14,000000E+0	2,690000E+0	0,000000E+0	1,022000E+3	11,900000E+0
49	14,000000E+0	2,690000E+0	0,000000E+0	1,022000E+3	11,900000E+0
50	14,000000E+0	2,690000E+0	0,000000E+0	1,022000E+3	11,900000E+0
51	14,000000E+0	0,000000E+0	0,000000E+0	1,022000E+3	11,900000E+0
52	14,000000E+0	0,000000E+0	0,000000E+0	1,022000E+3	11,900000E+0
53	14,000000E+0	0,000000E+0	0,000000E+0	1,022000E+3	11,900000E+0
54	14,000000E+0	0,000000E+0	0,000000E+0	1,022000E+3	11,900000E+0
55	7,000000E+0	0,000000E+0	0,000000E+0	1,023000E+3	11,900000E+0
56	7,000000E+0	0,000000E+0	0,000000E+0	1,023000E+3	11,900000E+0
57	7,000000E+0	0,000000E+0	0,000000E+0	1,023000E+3	11,900000E+0
58	7,000000E+0	0,000000E+0	0,000000E+0	1,023000E+3	11,900000E+0
59	7,000000E+0	0,000000E+0	0,000000E+0	1,023000E+3	11,900000E+0
60	7,000000E+0	0,000000E+0	0,000000E+0	1,023000E+3	11,900000E+0
61	7,000000E+0	0,000000E+0	0,000000E+0	1,023000E+3	11,900000E+0
62	7,000000E+0	0,000000E+0	0,000000E+0	1,023000E+3	11,900000E+0
63	7,000000E+0	2,690000E+0	0,000000E+0	1,022000E+3	11,900000E+0
64	7,000000E+0	2,690000E+0	0,000000E+0	1,022000E+3	11,900000E+0
65	7,000000E+0	2,690000E+0	0,000000E+0	1,022000E+3	11,900000E+0
66	7,000000E+0	2,690000E+0	0,000000E+0	1,022000E+3	11,900000E+0
67	14,000000E+0	5,380000E+0	0,000000E+0	1,023000E+3	11,900000E+0
68	14,000000E+0	5,380000E+0	0,000000E+0	1,023000E+3	11,900000E+0
69	14,000000E+0	5,380000E+0	0,000000E+0	1,023000E+3	11,900000E+0
70	14,000000E+0	5,380000E+0	0,000000E+0	1,023000E+3	11,900000E+0
71	14,000000E+0	5,380000E+0	0,000000E+0	1,023000E+3	11,900000E+0
72	14,000000E+0	5,380000E+0	0,000000E+0	1,023000E+3	11,900000E+0
73	14,000000E+0	5,380000E+0	0,000000E+0	1,023000E+3	11,900000E+0
74	14,000000E+0	5,380000E+0	0,000000E+0	1,023000E+3	11,900000E+0
75	14,000000E+0	0,000000E+0	0,000000E+0	1,023000E+3	11,900000E+0
76	14,000000E+0	0,000000E+0	0,000000E+0	1,023000E+3	11,900000E+0
77	14,000000E+0	0,000000E+0	0,000000E+0	1,023000E+3	11,900000E+0
78	14,000000E+0	0,000000E+0	0,000000E+0	1,023000E+3	11,900000E+0
79	7,000000E+0	0,000000E+0	0,000000E+0	1,023000E+3	11,900000E+0
80	7,000000E+0	0,000000E+0	0,000000E+0	1,023000E+3	11,900000E+0
81	7,000000E+0	0,000000E+0	0,000000E+0	1,023000E+3	11,900000E+0
82	7,000000E+0	0,000000E+0	0,000000E+0	1,023000E+3	11,900000E+0
83	7,000000E+0	0,000000E+0	0,000000E+0	1,023000E+3	11,900000E+0
84	7,000000E+0	0,000000E+0	0,000000E+0	1,023000E+3	11,900000E+0
85	7,000000E+0	0,000000E+0	0,000000E+0	1,023000E+3	11,900000E+0
86	7,000000E+0	0,000000E+0	0,000000E+0	1,023000E+3	11,900000E+0
87	0,000000E+0	0,000000E+0	0,000000E+0	1,024000E+3	11,900000E+0
88	0,000000E+0	0,000000E+0	0,000000E+0	1,024000E+3	11,900000E+0
89	0,000000E+0	0,000000E+0	0,000000E+0	1,024000E+3	11,900000E+0
90	0,000000E+0	0,000000E+0	0,000000E+0	1,024000E+3	11,900000E+0
91	7,000000E+0	0,000000E+0	0,000000E+0	1,024000E+3	11,900000E+0
92	7,000000E+0	0,000000E+0	0,000000E+0	1,024000E+3	11,900000E+0
93	7,000000E+0	0,000000E+0	0,000000E+0	1,024000E+3	11,900000E+0
94	7,000000E+0	0,000000E+0	0,000000E+0	1,024000E+3	11,900000E+0
95	7,000000E+0	0,000000E+0	-687,000000E-3	1,023000E+3	11,900000E+0
96	7,000000E+0	0,000000E+0	-687,000000E-3	1,023000E+3	11,900000E+0
97	7,000000E+0	0,000000E+0	-687,000000E-3	1,023000E+3	11,900000E+0
98	7,000000E+0	0,000000E+0	-687,000000E-3	1,023000E+3	11,900000E+0
99	28,000000E+0	29,590000E+0	-916,000000E-3	1,020000E+3	11,900000E+0
100	28,000000E+0	29,590000E+0	-916,000000E-3	1,020000E+3	11,900000E+0
101	28,000000E+0	29,590000E+0	-916,000000E-3	1,020000E+3	11,900000E+0
102	28,000000E+0	29,590000E+0	-916,000000E-3	1,020000E+3	11,900000E+0
103	35,000000E+0	67,250000E+0	-916,000000E-3	1,019000E+3	11,900000E+0
104	35,000000E+0	67,250000E+0	-916,000000E-3	1,019000E+3	11,900000E+0
105	35,000000E+0	67,250000E+0	-916,000000E-3	1,019000E+3	11,900000E+0
106	35,000000E+0	67,250000E+0	-916,000000E-3	1,019000E+3	11,900000E+0
107	14,000000E+0	18,830000E+0	0,000000E+0	1,021000E+3	11,900000E+0
108	14,000000E+0	18,830000E+0	0,000000E+0	1,021000E+3	11,900000E+0
109	14,000000E+0	18,830000E+0	0,000000E+0	1,021000E+3	11,900000E+0
110	14,000000E+0	18,830000E+0	0,000000E+0	1,021000E+3	11,900000E+0
111	0,000000E+0	8,070000E+0	458,000000E-3	1,023000E+3	11,900000E+0
112	0,000000E+0	8,070000E+0	458,000000E-3	1,023000E+3	11,900000E+0
113	0,000000E+0	8,070000E+0	458,000000E-3	1,023000E+3	11,900000E+0
114	0,000000E+0	8,070000E+0	458,000000E-3	1,023000E+3	11,900000E+0
115	65,528000E+3	5,380000E+0	687,000000E-3	1,025000E+3	11,900000E+0
116	65,528000E+3	5,380000E+0	687,000000E-3	1,025000E+3	11,900000E+0
117	65,528000E+3	5,380000E+0	687,000000E-3	1,025000E+3	11,900000E+0
118	65,528000E+3	5,380000E+0	687,000000E-3	1,025000E+3	11,900000E+0
119	65,521000E+3	0,000000E+0	916,000000E-3	1,026000E+3	11,900000E+0
120	65,521000E+3	0,000000E+0	916,000000E-3	1,026000E+3	11,900000E+0
121	65,521000E+3	0,000000E+0	916,000000E-3	1,026000E+3	11,900000E+0
122	65,521000E+3	0,000000E+0	916,000000E-3	1,026000E+3	11,900000E+0
123	65,521000E+3	0,000000E+0	687,000000E-3	1,025000E+3	11,900000E+0
124	65,521000E+3	0,000000E+0	687,000000E-3	1,025000E+3	11,900000E+0
125	65,521000E+3	0,000000E+0	687,000000E-3	1,025000E+3	11,900000E+0
126	65,521000E+3	0,000000E+0	687,000000E-3	1,025000E+3	11,900000E+0
127	65,514000E+3	176,267630E+3	687,000000E-3	1,028000E+3	11,900000E+0
128	65,514000E+3	176,267630E+3	687,000000E-3	1,028000E+3	11,900000E+0
129	65,514000E+3	176,267630E+3	687,000000E-3	1,028000E+3	11,900000E+0
130	65,514000E+3	176,267630E+3	687,000000E-3	1,028000E+3	11,900000E+0
131	65,528000E+3	176,289150E+3	229,000000E-3	1,025000E+3	11,900000E+0
132	65,528000E+3	176,289150E+3	229,000000E-3	1,025000E+3	11,900000E+0
133	65,528000E+3	176,289150E+3	229,000000E-3	1,025000E+3	11,900000E+0
134	65,528000E+3	176,289150E+3	229,000000E-3	1,025000E+3	11,900000E+0
135	14,000000E+0	0,000000E+0	0,000000E+0	1,022000E+3	11,900000E+0
136	14,000000E+0	0,000000E+0	0,000000E+0	1,022000E+3	11,900000E+0
137	14,000000E+0	0,000000E+0	0,000000E+0	1,022000E+3	11,900000E+0
138	14,000000E+0	0,000000E+0	0,000000E+0	1,022000E+3	11,900000E+0
139	21,000000E+0	8,070000E+0	-687,000000E-3	261,629000E+3	3,046400E+3
140	21,000000E+0	8,070000E+0	-687,000000E-3	261,629000E+3	3,046400E+3
141	21,000000E+0	8,070000E+0	-687,000000E-3	261,629000E+3	3,046400E+3
142	21,000000E+0	8,070000E+0	-687,000000E-3	261,629000E+3	3,046400E+3
143	21,000000E+0	16,140000E+0	-916,000000E-3	261,629000E+3	3,046400E+3
144	21,000000E+0	16,140000E+0	-916,000000E-3	261,629000E+3	3,046400E+3
145	21,000000E+0	16,140000E+0	-916,000000E-3	261,629000E+3	3,046400E+3
146	21,000000E+0	16,140000E+0	-916,000000E-3	261,629000E+3	3,046400E+3
147	21,000000E+0	18,830000E+0	-687,000000E-3	261,629000E+3	3,046400E+3
148	21,000000E+0	18,830000E+0	-687,000000E-3	261,629000E+3	3,046400E+3
149	21,000000E+0	18,830000E+0	-687,000000E-3	261,629000E+3	3,046400E+3
150	21,000000E+0	18,830000E+0	-687,000000E-3	261,629000E+3	3,046400E+3
151	7,000000E+0	0,000000E+0	0,000000E+0	1,023000E+3	11,900000E+0
152	7,000000E+0	0,000000E+0	0,000000E+0	1,023000E+3	11,900000E+0
153	7,000000E+0	0,000000E+0	0,000000E+0	1,023000E+3	11,900000E+0
154	7,000000E+0	0,000000E+0	0,000000E+0	1,023000E+3	11,900000E+0
155	14,000000E+0	0,000000E+0	0,000000E+0	1,023000E+3	11,900000E+0
156	14,000000E+0	0,000000E+0	0,000000E+0	1,023000E+3	11,900000E+0
157	14,000000E+0	0,000000E+0	0,000000E+0	1,023000E+3	11,900000E+0
158	14,000000E+0	0,000000E+0	0,000000E+0	1,023000E+3	11,900000E+0
159	14,000000E+0	0,000000E+0	0,000000E+0	1,023000E+3	11,900000E+0
160	14,000000E+0	0,000000E+0	0,000000E+0	1,023000E+3	11,900000E+0
161	14,000000E+0	0,000000E+0	0,000000E+0	1,023000E+3	11,900000E+0
162	14,000000E+0	0,000000E+0	0,000000E+0	1,023000E+3	11,900000E+0
163	7,000000E+0	0,000000E+0	0,000000E+0	1,023000E+3	11,900000E+0
164	7,000000E+0	0,000000E+0	0,000000E+0	1,023000E+3	11,900000E+0
165	7,000000E+0	0,000000E+0	0,000000E+0	1,023000E+3	11,900000E+0
166	7,000000E+0	0,000000E+0	0,000000E+0	1,023000E+3	11,900000E+0
167	7,000000E+0	0,000000E+0	0,000000E+0	1,024000E+3	11,900000E+0
168	7,000000E+0	0,000000E+0	0,000000E+0	1,024000E+3	11,900000E+0
169	7,000000E+0	0,000000E+0	0,000000E+0	1,024000E+3	11,900000E+0
170	7,000000E+0	0,000000E+0	0,000000E+0	1,024000E+3	11,900000E+0
171	0,000000E+0	0,000000E+0	-229,000000E-3	1,024000E+3	11,900000E+0
172	0,000000E+0	0,000000E+0	-229,000000E-3	1,024000E+3	11,900000E+0
173	0,000000E+0	0,000000E+0	-229,000000E-3	1,024000E+3	11,900000E+0
174	0,000000E+0	0,000000E+0	-229,000000E-3	1,024000E+3	11,900000E+0
175	7,000000E+0	0,000000E+0	-687,000000E-3	1,023000E+3	11,900000E+0
176	7,000000E+0	0,000000E+0	-687,000000E-3	1,023000E+3	11,900000E+0
177	7,000000E+0	0,000000E+0	-687,000000E-3	1,023000E+3	11,900000E+0
178	7,000000E+0	0,000000E+0	-687,000000E-3	1,023000E+3	11,900000E+0
179	28,000000E+0	29,590000E+0	-1,145000E+0	1,020000E+3	11,900000E+0
180	28,000000E+0	29,590000E+0	-1,145000E+0	1,020000E+3	11,900000E+0
181	28,000000E+0	29,590000E+0	-1,145000E+0	1,020000E+3	11,900000E+0
182	28,000000E+0	29,590000E+0	-1,145000E+0	1,020000E+3	11,900000E+0
183	35,000000E+0	67,250000E+0	-916,000000E-3	1,019000E+3	11,800000E+0
184	35,000000E+0	67,250000E+0	-916,000000E-3	1,019000E+3	11,800000E+0
185	35,000000E+0	67,250000E+0	-916,000000E-3	1,019000E+3	11,800000E+0
186	35,000000E+0	67,250000E+0	-916,000000E-3	1,019000E+3	11,800000E+0
187	21,000000E+0	21,520000E+0	229,000000E-3	1,021000E+3	11,900000E+0
188	21,000000E+0	21,520000E+0	229,000000E-3	1,021000E+3	11,900000E+0
189	21,000000E+0	21,520000E+0	229,000000E-3	1,021000E+3	11,900000E+0
190	21,000000E+0	21,520000E+0	229,000000E-3	1,021000E+3	11,900000E+0
191	0,000000E+0	8,070000E+0	458,000000E-3	1,024000E+3	11,900000E+0
192	0,000000E+0	8,070000E+0	458,000000E-3	1,024000E+3	11,900000E+0
193	0,000000E+0	8,070000E+0	458,000000E-3	1,024000E+3	11,900000E+0
194	0,000000E+0	8,070000E+0	458,000000E-3	1,024000E+3	11,900000E+0
195	65,521000E+3	0,000000E+0	916,000000E-3	1,025000E+3	11,800000E+0
196	65,521000E+3	0,000000E+0	916,000000E-3	1,025000E+3	11,800000E+0
197	65,521000E+3	0,000000E+0	916,000000E-3	1,025000E+3	11,800000E+0
198	65,521000E+3	0,000000E+0	916,000000E-3	1,025000E+3	11,800000E+0
199	65,521000E+3	0,000000E+0	1,145000E+0	1,027000E+3	11,900000E+0
200	65,521000E+3	0,000000E+0	1,145000E+0	1,027000E+3	11,900000E+0
201	65,521000E+3	0,000000E+0	1,145000E+0	1,027000E+3	11,900000E+0
202	65,521000E+3	0,000000E+0	1,145000E+0	1,027000E+3	11,900000E+0
203	65,528000E+3	0,000000E+0	687,000000E-3	1,025000E+3	11,900000E+0
204	65,528000E+3	0,000000E+0	687,000000E-3	1,025000E+3	11,900000E+0
205	65,528000E+3	0,000000E+0	687,000000E-3	1,025000E+3	11,900000E+0
206	65,528000E+3	0,000000E+0	687,000000E-3	1,025000E+3	11,900000E+0
207	65,514000E+3	176,264940E+3	687,000000E-3	1,028000E+3	11,900000E+0
208	65,514000E+3	176,264940E+3	687,000000E-3	1,028000E+3	11,900000E+0
209	65,514000E+3	176,264940E+3	687,000000E-3	1,028000E+3	11,900000E+0
210	65,514000E+3	176,264940E+3	687,000000E-3	1,028000E+3	11,900000E+0
211	65,528000E+3	176,289150E+3	229,000000E-3	1,025000E+3	11,900000E+0
212	65,528000E+3	176,289150E+3	229,000000E-3	1,025000E+3	11,900000E+0
213	65,528000E+3	176,289150E+3	229,000000E-3	1,025000E+3	11,900000E+0
214	65,528000E+3	176,289150E+3	229,000000E-3	1,025000E+3	11,900000E+0
215	14,000000E+0	0,000000E+0	0,000000E+0	1,022000E+3	11,900000E+0
216	14,000000E+0	0,000000E+0	0,000000E+0	1,022000E+3	11,900000E+0
217	14,000000E+0	0,000000E+0	0,000000E+0	1,022000E+3	11,900000E+0
218	14,000000E+0	0,000000E+0	0,000000E+0	1,022000E+3	11,900000E+0
219	21,000000E+0	8,070000E+0	-687,000000E-3	261,629000E+3	3,046400E+3
220	21,000000E+0	8,070000E+0	-687,000000E-3	261,629000E+3	3,046400E+3
221	21,000000E+0	8,070000E+0	-687,000000E-3	261,629000E+3	3,046400E+3
222	21,000000E+0	8,070000E+0	-687,000000E-3	261,629000E+3	3,046400E+3
223	21,000000E+0	10,760000E+0	-916,000000E-3	261,629000E+3	3,046400E+3
224	21,000000E+0	10,760000E+0	-916,000000E-3	261,629000E+3	3,046400E+3
225	21,000000E+0	10,760000E+0	-916,000000E-3	261,629000E+3	3,046400E+3
226	21,000000E+0	10,760000E+0	-916,000000E-3	261,629000E+3	3,046400E+3
227	21,000000E+0	21,520000E+0	-916,000000E-3	261,629000E+3	3,046400E+3
228	21,000000E+0	21,520000E+0	-916,000000E-3	261,629000E+3	3,046400E+3
229	21,000000E+0	21,520000E+0	-916,000000E-3	261,629000E+3	3,046400E+3
230	21,000000E+0	21,520000E+0	-916,000000E-3	261,629000E+3	3,046400E+3
231	14,000000E+0	0,000000E+0	0,000000E+0	1,023000E+3	11,900000E+0
232	14,000000E+0	0,000000E+0	0,000000E+0	1,023000E+3	11,900000E+0
233	14,000000E+0	0,000000E+0	0,000000E+0	1,023000E+3	11,900000E+0
234	14,000000E+0	0,000000E+0	0,000000E+0	1,023000E+3	11,900000E+0
235	7,000000E+0	0,000000E+0	0,000000E+0	1,023000E+3	11,900000E+0
236	7,000000E+0	0,000000E+0	0,000000E+0	1,023000E+3	11,900000E+0
237	7,000000E+0	0,000000E+0	0,000000E+0	1,023000E+3	11,900000E+0
238	7,000000E+0	0,000000E+0	0,000000E+0	1,023000E+3	11,900000E+0
239	14,000000E+0	0,000000E+0	0,000000E+0	1,023000E+3	11,900000E+0
240	14,000000E+0	0,000000E+0	0,000000E+0	1,023000E+3	11,900000E+0
241	14,000000E+0	0,000000E+0	0,000000E+0	1,023000E+3	11,900000E+0
242	14,000000E+0	0,000000E+0	0,000000E+0	1,023000E+3	11,900000E+0
243	7,000000E+0	0,000000E+0	0,000000E+0	1,023000E+3	11,900000E+0
244	7,000000E+0	0,000000E+0	0,000000E+0	1,023000E+3	11,900000E+0
245	7,000000E+0	0,000000E+0	0,000000E+0	1,023000E+3	11,900000E+0
246	7,000000E+0	0,000000E+0	0,000000E+0	1,023000E+3	11,900000E+0
247	7,000000E+0	0,000000E+0	0,000000E+0	1,023000E+3	11,900000E+0
248	7,000000E+0	0,000000E+0	0,000000E+0	1,023000E+3	11,900000E+0
249	7,000000E+0	0,000000E+0	0,000000E+0	1,023000E+3	11,900000E+0
250	7,000000E+0	0,000000E+0	0,000000E+0	1,023000E+3	11,900000E+0
251	0,000000E+0	0,000000E+0	-229,000000E-3	1,024000E+3	11,900000E+0
252	0,000000E+0	0,000000E+0	-229,000000E-3	1,024000E+3	11,900000E+0
253	0,000000E+0	0,000000E+0	-229,000000E-3	1,024000E+3	11,900000E+0
254	0,000000E+0	0,000000E+0	-229,000000E-3	1,024000E+3	11,900000E+0
255	7,000000E+0	0,000000E+0	-687,000000E-3	1,023000E+3	11,900000E+0
256	7,000000E+0	0,000000E+0	-687,000000E-3	1,023000E+3	11,900000E+0
257	7,000000E+0	0,000000E+0	-687,000000E-3	1,023000E+3	11,900000E+0
258	7,000000E+0	0,000000E+0	-687,000000E-3	1,023000E+3	11,900000E+0
259	28,000000E+0	26,900000E+0	-1,145000E+0	1,020000E+3	11,900000E+0
260	28,000000E+0	26,900000E+0	-1,145000E+0	1,020000E+3	11,900000E+0
261	28,000000E+0	26,900000E+0	-1,145000E+0	1,020000E+3	11,900000E+0
262	28,000000E+0	26,900000E+0	-1,145000E+0	1,020000E+3	11,900000E+0
263	35,000000E+0	64,560000E+0	-687,000000E-3	1,019000E+3	11,800000E+0
264	35,000000E+0	64,560000E+0	-687,000000E-3	1,019000E+3	11,800000E+0
265	35,000000E+0	64,560000E+0	-687,000000E-3	1,019000E+3	11,800000E+0
266	35,000000E+0	64,560000E+0	-687,000000E-3	1,019000E+3	11,800000E+0
267	14,000000E+0	16,140000E+0	229,000000E-3	1,021000E+3	11,900000E+0
268	14,000000E+0	16,140000E+0	229,000000E-3	1,021000E+3	11,900000E+0
269	14,000000E+0	16,140000E+0	229,000000E-3	1,021000E+3	11,900000E+0
270	14,000000E+0	16,140000E+0	229,000000E-3	1,021000E+3	11,900000E+0
271	0,000000E+0	8,070000E+0	458,000000E-3	1,023000E+3	11,900000E+0
272	0,000000E+0	8,070000E+0	458,000000E-3	1,023000E+3	11,900000E+0
273	0,000000E+0	8,070000E+0	458,000000E-3	1,023000E+3	11,900000E+0
274	0,000000E+0	8,070000E+0	458,000000E-3	1,023000E+3	11,900000E+0
275	65,528000E+3	2,690000E+0	687,000000E-3	1,025000E+3	11,800000E+0
276	65,528000E+3	2,690000E+0	687,000000E-3	1,025000E+3	11,800000E+0
277	65,528000E+3	2,690000E+0	687,000000E-3	1,025000E+3	11,800000E+0
278	65,528000E+3	2,690000E+0	687,000000E-3	1,025000E+3	11,800000E+0
279	65,521000E+3	0,000000E+0	916,000000E-3	1,026000E+3	11,900000E+0
280	65,521000E+3	0,000000E+0	916,000000E-3	1,026000E+3	11,900000E+0
281	65,521000E+3	0,000000E+0	916,000000E-3	1,026000E+3	11,900000E+0
282	65,521000E+3	0,000000E+0	916,000000E-3	1,026000E+3	11,900000E+0
283	65,528000E+3	0,000000E+0	916,000000E-3	1,025000E+3	11,900000E+0
284	65,528000E+3	0,000000E+0	916,000000E-3	1,025000E+3	11,900000E+0
285	65,528000E+3	0,000000E+0	916,000000E-3	1,025000E+3	11,900000E+0
286	65,528000E+3	0,000000E+0	916,000000E-3	1,025000E+3	11,900000E+0
287	65,514000E+3	176,264940E+3	687,000000E-3	1,028000E+3	11,900000E+0
288	65,514000E+3	176,264940E+3	687,000000E-3	1,028000E+3	11,900000E+0
289	65,514000E+3	176,264940E+3	687,000000E-3	1,028000E+3	11,900000E+0
290	65,514000E+3	176,264940E+3	687,000000E-3	1,028000E+3	11,900000E+0
291	65,528000E+3	0,000000E+0	229,000000E-3	1,025000E+3	11,900000E+0
292	65,528000E+3	0,000000E+0	229,000000E-3	1,025000E+3	11,900000E+0
293	65,528000E+3	0,000000E+0	229,000000E-3	1,025000E+3	11,900000E+0
294	65,528000E+3	0,000000E+0	229,000000E-3	1,025000E+3	11,900000E+0
295	14,000000E+0	0,000000E+0	0,000000E+0	1,022000E+3	11,900000E+0
296	14,000000E+0	0,000000E+0	0,000000E+0	1,022000E+3	11,900000E+0
297	14,000000E+0	0,000000E+0	0,000000E+0	1,022000E+3	11,900000E+0
298	14,000000E+0	0,000000E+0	0,000000E+0	1,022000E+3	11,900000E+0
299	21,000000E+0	2,690000E+0	-458,000000E-3	261,629000E+3	3,046400E+3
300	21,000000E+0	2,690000E+0	-458,000000E-3	261,629000E+3	3,046400E+3
301	21,000000E+0	2,690000E+0	-458,000000E-3	261,629000E+3	3,046400E+3
302	21,000000E+0	2,690000E+0	-458,000000E-3	261,629000E+3	3,046400E+3
303	21,000000E+0	10,760000E+0	-916,000000E-3	261,629000E+3	3,046400E+3
304	21,000000E+0	10,760000E+0	-916,000000E-3	261,629000E+3	3,046400E+3
305	21,000000E+0	10,760000E+0	-916,000000E-3	261,629000E+3	3,046400E+3
306	21,000000E+0	10,760000E+0	-916,000000E-3	261,629000E+3	3,046400E+3
307	21,000000E+0	21,520000E+0	-916,000000E-3	261,629000E+3	3,046400E+3
308	21,000000E+0	21,520000E+0	-916,000000E-3	261,629000E+3	3,046400E+3
309	21,000000E+0	21,520000E+0	-916,000000E-3	261,629000E+3	3,046400E+3
310	21,000000E+0	21,520000E+0	-916,000000E-3	261,629000E+3	3,046400E+3
311	7,000000E+0	0,000000E+0	0,000000E+0	1,023000E+3	11,900000E+0
312	7,000000E+0	0,000000E+0	0,000000E+0	1,023000E+3	11,900000E+0
313	7,000000E+0	0,000000E+0	0,000000E+0	1,023000E+3	11,900000E+0
314	7,000000E+0	0,000000E+0	0,000000E+0	1,023000E+3	11,900000E+0
315	14,000000E+0	2,690000E+0	0,000000E+0	1,023000E+3	11,900000E+0
316	14,000000E+0	2,690000E+0	0,000000E+0	1,023000E+3	11,900000E+0
317	14,000000E+0	2,690000E+0	0,000000E+0	1,023000E+3	11,900000E+0
318	14,000000E+0	2,690000E+0	0,000000E+0	1,023000E+3	11,900000E+0
319	14,000000E+0	0,000000E+0	0,000000E+0	1,023000E+3	11,900000E+0
320	14,000000E+0	0,000000E+0	0,000000E+0	1,023000E+3	11,900000E+0
321	14,000000E+0	0,000000E+0	0,000000E+0	1,023000E+3	11,900000E+0
322	14,000000E+0	0,000000E+0	0,000000E+0	1,023000E+3	11,900000E+0
323	7,000000E+0	0,000000E+0	0,000000E+0	1,023000E+3	11,900000E+0
324	7,000000E+0	0,000000E+0	0,000000E+0	1,023000E+3	11,900000E+0
325	7,000000E+0	0,000000E+0	0,000000E+0	1,023000E+3	11,900000E+0
326	7,000000E+0	0,000000E+0	0,000000E+0	1,023000E+3	11,900000E+0
327	7,000000E+0	0,000000E+0	0,000000E+0	1,023000E+3	11,900000E+0
328	7,000000E+0	0,000000E+0	0,000000E+0	1,023000E+3	11,900000E+0
329	7,000000E+0	0,000000E+0	0,000000E+0	1,023000E+3	11,900000E+0
330	7,000000E+0	0,000000E+0	0,000000E+0	1,023000E+3	11,900000E+0
331	0,000000E+0	0,000000E+0	-229,000000E-3	1,024000E+3	11,900000E+0
332	0,000000E+0	0,000000E+0	-229,000000E-3	1,024000E+3	11,900000E+0
333	0,000000E+0	0,000000E+0	-229,000000E-3	1,024000E+3	11,900000E+0
334	0,000000E+0	0,000000E+0	-229,000000E-3	1,024000E+3	11,900000E+0
335	7,000000E+0	0,000000E+0	-687,000000E-3	1,023000E+3	11,900000E+0
336	7,000000E+0	0,000000E+0	-687,000000E-3	1,023000E+3	11,900000E+0
337	7,000000E+0	0,000000E+0	-687,000000E-3	1,023000E+3	11,900000E+0
338	7,000000E+0	0,000000E+0	-687,000000E-3	1,023000E+3	11,900000E+0
339	28,000000E+0	26,900000E+0	-1,145000E+0	1,019000E+3	11,900000E+0
340	28,000000E+0	26,900000E+0	-1,145000E+0	1,019000E+3	11,900000E+0
341	28,000000E+0	26,900000E+0	-1,145000E+0	1,019000E+3	11,900000E+0
342	28,000000E+0	26,900000E+0	-1,145000E+0	1,019000E+3	11,900000E+0
343	35,000000E+0	67,250000E+0	-916,000000E-3	1,019000E+3	11,800000E+0
344	35,000000E+0	67,250000E+0	-916,000000E-3	1,019000E+3	11,800000E+0
345	35,000000E+0	67,250000E+0	-916,000000E-3	1,019000E+3	11,800000E+0
346	35,000000E+0	67,250000E+0	-916,000000E-3	1,019000E+3	11,800000E+0
347	14,000000E+0	16,140000E+0	229,000000E-3	1,021000E+3	11,900000E+0
348	14,000000E+0	16,140000E+0	229,000000E-3	1,021000E+3	11,900000E+0
349	14,000000E+0	16,140000E+0	229,000000E-3	1,021000E+3	11,900000E+0
350	14,000000E+0	16,140000E+0	229,000000E-3	1,021000E+3	11,900000E+0
351	7,000000E+0	8,070000E+0	458,000000E-3	1,022000E+3	11,900000E+0
352	7,000000E+0	8,070000E+0	458,000000E-3	1,022000E+3	11,900000E+0
353	7,000000E+0	8,070000E+0	458,000000E-3	1,022000E+3	11,900000E+0
354	7,000000E+0	8,070000E+0	458,000000E-3	1,022000E+3	11,900000E+0
355	65,528000E+3	2,690000E+0	916,000000E-3	1,025000E+3	11,900000E+0
356	65,528000E+3	2,690000E+0	916,000000E-3	1,025000E+3	11,900000E+0
357	65,528000E+3	2,690000E+0	916,000000E-3	1,025000E+3	11,900000E+0
358	65,528000E+3	2,690000E+0	916,000000E-3	1,025000E+3	11,900000E+0
359	65,521000E+3	0,000000E+0	1,145000E+0	1,026000E+3	11,900000E+0
360	65,521000E+3	0,000000E+0	1,145000E+0	1,026000E+3	11,900000E+0
361	65,521000E+3	0,000000E+0	1,145000E+0	1,026000E+3	11,900000E+0
362	65,521000E+3	0,000000E+0	1,145000E+0	1,026000E+3	11,900000E+0
363	65,528000E+3	0,000000E+0	687,000000E-3	1,025000E+3	11,900000E+0
364	65,528000E+3	0,000000E+0	687,000000E-3	1,025000E+3	11,900000E+0
365	65,528000E+3	0,000000E+0	687,000000E-3	1,025000E+3	11,900000E+0
366	65,528000E+3	0,000000E+0	687,000000E-3	1,025000E+3	11,900000E+0
367	65,507000E+3	176,262250E+3	916,000000E-3	1,028000E+3	11,900000E+0
368	65,507000E+3	176,262250E+3	916,000000E-3	1,028000E+3	11,900000E+0
369	65,507000E+3	176,262250E+3	916,000000E-3	1,028000E+3	11,900000E+0
370	65,507000E+3	176,262250E+3	916,000000E-3	1,028000E+3	11,900000E+0
371	65,528000E+3	0,000000E+0	229,000000E-3	1,025000E+3	11,900000E+0
372	65,528000E+3	0,000000E+0	229,000000E-3	1,025000E+3	11,900000E+0
373	65,528000E+3	0,000000E+0	229,000000E-3	1,025000E+3	11,900000E+0
374	65,528000E+3	0,000000E+0	229,000000E-3	1,025000E+3	11,900000E+0
375	7,000000E+0	0,000000E+0	0,000000E+0	1,022000E+3	11,900000E+0
376	7,000000E+0	0,000000E+0	0,000000E+0	1,022000E+3	11,900000E+0
377	7,000000E+0	0,000000E+0	0,000000E+0	1,022000E+3	11,900000E+0
378	7,000000E+0	0,000000E+0	0,000000E+0	1,022000E+3	11,900000E+0
379	21,000000E+0	8,070000E+0	-687,000000E-3	261,629000E+3	3,046400E+3
380	21,000000E+0	8,070000E+0	-687,000000E-3	261,629000E+3	3,046400E+3
381	21,000000E+0	8,070000E+0	-687,000000E-3	261,629000E+3	3,046400E+3
382	21,000000E+0	8,070000E+0	-687,000000E-3	261,629000E+3	3,046400E+3
383	21,000000E+0	16,140000E+0	-916,000000E-3	261,629000E+3	3,046400E+3
384	21,000000E+0	16,140000E+0	-916,000000E-3	261,629000E+3	3,046400E+3
385	21,000000E+0	16,140000E+0	-916,000000E-3	261,629000E+3	3,046400E+3
386	21,000000E+0	16,140000E+0	-916,000000E-3	261,629000E+3	3,046400E+3
387	21,000000E+0	16,140000E+0	-916,000000E-3	261,629000E+3	3,046400E+3
388	21,000000E+0	16,140000E+0	-916,000000E-3	261,629000E+3	3,046400E+3
389	21,000000E+0	16,140000E+0	-916,000000E-3	261,629000E+3	3,046400E+3
390	21,000000E+0	16,140000E+0	-916,000000E-3	261,629000E+3	3,046400E+3
391	14,000000E+0	0,000000E+0	0,000000E+0	1,023000E+3	11,900000E+0
392	14,000000E+0	0,000000E+0	0,000000E+0	1,023000E+3	11,900000E+0
393	14,000000E+0	0,000000E+0	0,000000E+0	1,023000E+3	11,900000E+0
394	14,000000E+0	0,000000E+0	0,000000E+0	1,023000E+3	11,900000E+0
395	7,000000E+0	0,000000E+0	0,000000E+0	1,023000E+3	11,900000E+0
396	7,000000E+0	0,000000E+0	0,000000E+0	1,023000E+3	11,900000E+0
397	7,000000E+0	0,000000E+0	0,000000E+0	1,023000E+3	11,900000E+0
398	7,000000E+0	0,000000E+0	0,000000E+0	1,023000E+3	11,900000E+0
399	7,000000E+0	2,690000E+0	0,000000E+0	1,023000E+3	11,900000E+0
400	7,000000E+0	2,690000E+0	0,000000E+0	1,023000E+3	11,900000E+0
401	7,000000E+0	2,690000E+0	0,000000E+0	1,023000E+3	11,900000E+0
402	7,000000E+0	2,690000E+0	0,000000E+0	1,023000E+3	11,900000E+0
403	7,000000E+0	0,000000E+0	0,000000E+0	1,023000E+3	11,900000E+0
404	7,000000E+0	0,000000E+0	0,000000E+0	1,023000E+3	11,900000E+0
405	7,000000E+0	0,000000E+0	0,000000E+0	1,023000E+3	11,900000E+0
406	7,000000E+0	0,000000E+0	0,000000E+0	1,023000E+3	11,900000E+0
407	7,000000E+0	0,000000E+0	0,000000E+0	1,023000E+3	11,900000E+0
408	7,000000E+0	0,000000E+0	0,000000E+0	1,023000E+3	11,900000E+0
409	7,000000E+0	0,000000E+0	0,000000E+0	1,023000E+3	11,900000E+0
410	7,000000E+0	0,000000E+0	0,000000E+0	1,023000E+3	11,900000E+0
411	0,000000E+0	0,000000E+0	-229,000000E-3	1,024000E+3	11,900000E+0
412	0,000000E+0	0,000000E+0	-229,000000E-3	1,024000E+3	11,900000E+0
413	0,000000E+0	0,000000E+0	-229,000000E-3	1,024000E+3	11,900000E+0
414	0,000000E+0	0,000000E+0	-229,000000E-3	1,024000E+3	11,900000E+0
415	14,000000E+0	0,000000E+0	-916,000000E-3	1,022000E+3	11,900000E+0
416	14,000000E+0	0,000000E+0	-916,000000E-3	1,022000E+3	11,900000E+0
417	14,000000E+0	0,000000E+0	-916,000000E-3	1,022000E+3	11,900000E+0
418	14,000000E+0	0,000000E+0	-916,000000E-3	1,022000E+3	11,900000E+0
419	28,000000E+0	29,590000E+0	-916,000000E-3	1,020000E+3	11,900000E+0
420	28,000000E+0	29,590000E+0	-916,000000E-3	1,020000E+3	11,900000E+0
421	28,000000E+0	29,590000E+0	-916,000000E-3	1,020000E+3	11,900000E+0
422	28,000000E+0	29,590000E+0	-916,000000E-3	1,020000E+3	11,900000E+0
423	35,000000E+0	67,250000E+0	-916,000000E-3	1,019000E+3	11,900000E+0
424	35,000000E+0	67,250000E+0	-916,000000E-3	1,019000E+3	11,900000E+0
425	35,000000E+0	67,250000E+0	-916,000000E-3	1,019000E+3	11,900000E+0
426	35,000000E+0	67,250000E+0	-916,000000E-3	1,019000E+3	11,900000E+0
427	14,000000E+0	18,830000E+0	229,000000E-3	1,021000E+3	11,900000E+0
428	14,000000E+0	18,830000E+0	229,000000E-3	1,021000E+3	11,900000E+0
429	14,000000E+0	18,830000E+0	229,000000E-3	1,021000E+3	11,900000E+0
430	14,000000E+0	18,830000E+0	229,000000E-3	1,021000E+3	11,900000E+0
431	7,000000E+0	8,070000E+0	458,000000E-3	1,023000E+3	11,900000E+0
432	7,000000E+0	8,070000E+0	458,000000E-3	1,023000E+3	11,900000E+0
433	7,000000E+0	8,070000E+0	458,000000E-3	1,023000E+3	11,900000E+0
434	7,000000E+0	8,070000E+0	458,000000E-3	1,023000E+3	11,900000E+0
435	65,528000E+3	2,690000E+0	687,000000E-3	1,025000E+3	11,900000E+0
436	65,528000E+3	2,690000E+0	687,000000E-3	1,025000E+3	11,900000E+0
437	65,528000E+3	2,690000E+0	687,000000E-3	1,025000E+3	11,900000E+0
438	65,528000E+3	2,690000E+0	687,000000E-3	1,025000E+3	11,900000E+0
439	65,521000E+3	0,000000E+0	916,000000E-3	1,026000E+3	11,900000E+0
440	65,521000E+3	0,000000E+0	916,000000E-3	1,026000E+3	11,900000E+0
441	65,521000E+3	0,000000E+0	916,000000E-3	1,026000E+3	11,900000E+0
442	65,521000E+3	0,000000E+0	916,000000E-3	1,026000E+3	11,900000E+0
443	65,528000E+3	0,000000E+0	916,000000E-3	1,025000E+3	11,900000E+0
444	65,528000E+3	0,000000E+0	916,000000E-3	1,025000E+3	11,900000E+0
445	65,528000E+3	0,000000E+0	916,000000E-3	1,025000E+3	11,900000E+0
446	65,528000E+3	0,000000E+0	916,000000E-3	1,025000E+3	11,900000E+0
447	65,514000E+3	176,262250E+3	687,000000E-3	1,028000E+3	11,900000E+0
448	65,514000E+3	176,262250E+3	687,000000E-3	1,028000E+3	11,900000E+0
449	65,514000E+3	176,262250E+3	687,000000E-3	1,028000E+3	11,900000E+0
450	65,514000E+3	176,262250E+3	687,000000E-3	1,028000E+3	11,900000E+0
451	65,528000E+3	176,289150E+3	229,000000E-3	1,025000E+3	11,900000E+0
452	65,528000E+3	176,289150E+3	229,000000E-3	1,025000E+3	11,900000E+0
453	65,528000E+3	176,289150E+3	229,000000E-3	1,025000E+3	11,900000E+0
454	65,528000E+3	176,289150E+3	229,000000E-3	1,025000E+3	11,900000E+0
455	14,000000E+0	0,000000E+0	0,000000E+0	1,022000E+3	11,900000E+0
456	14,000000E+0	0,000000E+0	0,000000E+0	1,022000E+3	11,900000E+0
457	14,000000E+0	0,000000E+0	0,000000E+0	1,022000E+3	11,900000E+0
458	14,000000E+0	0,000000E+0	0,000000E+0	1,022000E+3	11,900000E+0
459	21,000000E+0	5,380000E+0	-687,000000E-3	261,629000E+3	3,046400E+3
460	21,000000E+0	5,380000E+0	-687,000000E-3	261,629000E+3	3,046400E+3
461	21,000000E+0	5,380000E+0	-687,000000E-3	261,629000E+3	3,046400E+3
462	21,000000E+0	5,380000E+0	-687,000000E-3	261,629000E+3	3,046400E+3
463	21,000000E+0	13,450000E+0	-916,000000E-3	261,629000E+3	3,046400E+3
464	21,000000E+0	13,450000E+0	-916,000000E-3	261,629000E+3	3,046400E+3
465	21,000000E+0	13,450000E+0	-916,000000E-3	261,629000E+3	3,046400E+3
466	21,000000E+0	13,450000E+0	-916,000000E-3	261,629000E+3	3,046400E+3
467	14,000000E+0	16,140000E+0	-687,000000E-3	1,022000E+3	11,900000E+0
468	14,000000E+0	16,140000E+0	-687,000000E-3	1,022000E+3	11,900000E+0
469	14,000000E+0	16,140000E+0	-687,000000E-3	1,022000E+3	11,900000E+0
470	14,000000E+0	16,140000E+0	-687,000000E-3	1,022000E+3	11,900000E+0
471	7,000000E+0	0,000000E+0	0,000000E+0	1,023000E+3	11,900000E+0
472	7,000000E+0	0,000000E+0	0,000000E+0	1,023000E+3	11,900000E+0
473	7,000000E+0	0,000000E+0	0,000000E+0	1,023000E+3	11,900000E+0
474	7,000000E+0	0,000000E+0	0,000000E+0	1,023000E+3	11,900000E+0
475	7,000000E+0	0,000000E+0	0,000000E+0	1,023000E+3	11,900000E+0
476	7,000000E+0	0,000000E+0	0,000000E+0	1,023000E+3	11,900000E+0
477	7,000000E+0	0,000000E+0	0,000000E+0	1,023000E+3	11,900000E+0
478	7,000000E+0	0,000000E+0	0,000000E+0	1,023000E+3	11,900000E+0
479	14,000000E+0	0,000000E+0	0,000000E+0	1,023000E+3	11,900000E+0
480	14,000000E+0	0,000000E+0	0,000000E+0	1,023000E+3	11,900000E+0
481	14,000000E+0	0,000000E+0	0,000000E+0	1,023000E+3	11,900000E+0
482	14,000000E+0	0,000000E+0	0,000000E+0	1,023000E+3	11,900000E+0
483	7,000000E+0	0,000000E+0	0,000000E+0	1,023000E+3	11,900000E+0
484	7,000000E+0	0,000000E+0	0,000000E+0	1,023000E+3	11,900000E+0
485	7,000000E+0	0,000000E+0	0,000000E+0	1,023000E+3	11,900000E+0
486	7,000000E+0	0,000000E+0	0,000000E+0	1,023000E+3	11,900000E+0
487	7,000000E+0	0,000000E+0	0,000000E+0	1,023000E+3	11,900000E+0
488	7,000000E+0	0,000000E+0	0,000000E+0	1,023000E+3	11,900000E+0
489	7,000000E+0	0,000000E+0	0,000000E+0	1,023000E+3	11,900000E+0
490	7,000000E+0	0,000000E+0	0,000000E+0	1,023000E+3	11,900000E+0
491	0,000000E+0	0,000000E+0	-229,000000E-3	1,024000E+3	11,900000E+0
492	0,000000E+0	0,000000E+0	-229,000000E-3	1,024000E+3	11,900000E+0
493	0,000000E+0	0,000000E+0	-229,000000E-3	1,024000E+3	11,900000E+0
494	0,000000E+0	0,000000E+0	-229,000000E-3	1,024000E+3	11,900000E+0
495	7,000000E+0	0,000000E+0	-687,000000E-3	1,023000E+3	11,900000E+0
496	7,000000E+0	0,000000E+0	-687,000000E-3	1,023000E+3	11,900000E+0
497	7,000000E+0	0,000000E+0	-687,000000E-3	1,023000E+3	11,900000E+0
498	7,000000E+0	0,000000E+0	-687,000000E-3	1,023000E+3	11,900000E+0
499	28,000000E+0	29,590000E+0	-916,000000E-3	1,020000E+3	11,900000E+0
500	28,000000E+0	29,590000E+0	-916,000000E-3	1,020000E+3	11,900000E+0
501	28,000000E+0	29,590000E+0	-916,000000E-3	1,020000E+3	11,900000E+0
502	28,000000E+0	29,590000E+0	-916,000000E-3	1,020000E+3	11,900000E+0
503	35,000000E+0	75,320000E+0	-916,000000E-3	1,019000E+3	11,800000E+0
504	35,000000E+0	75,320000E+0	-916,000000E-3	1,019000E+3	11,800000E+0
505	35,000000E+0	75,320000E+0	-916,000000E-3	1,019000E+3	11,800000E+0
506	35,000000E+0	75,320000E+0	-916,000000E-3	1,019000E+3	11,800000E+0
507	14,000000E+0	16,140000E+0	229,000000E-3	1,021000E+3	11,900000E+0
508	14,000000E+0	16,140000E+0	229,000000E-3	1,021000E+3	11,900000E+0
509	14,000000E+0	16,140000E+0	229,000000E-3	1,021000E+3	11,900000E+0
510	14,000000E+0	16,140000E+0	229,000000E-3	1,021000E+3	11,900000E+0
511	0,000000E+0	8,070000E+0	458,000000E-3	1,023000E+3	11,900000E+0
512	0,000000E+0	8,070000E+0	458,000000E-3	1,023000E+3	11,900000E+0
513	0,000000E+0	8,070000E+0	458,000000E-3	1,023000E+3	11,900000E+0
514	0,000000E+0	8,070000E+0	458,000000E-3	1,023000E+3	11,900000E+0
515	65,528000E+3	2,690000E+0	916,000000E-3	1,025000E+3	11,900000E+0
516	65,528000E+3	2,690000E+0	916,000000E-3	1,025000E+3	11,900000E+0
517	65,528000E+3	2,690000E+0	916,000000E-3	1,025000E+3	11,900000E+0
518	65,528000E+3	2,690000E+0	916,000000E-3	1,025000E+3	11,900000E+0
519	65,521000E+3	0,000000E+0	1,145000E+0	1,026000E+3	11,900000E+0
520	65,521000E+3	0,000000E+0	1,145000E+0	1,026000E+3	11,900000E+0
521	65,521000E+3	0,000000E+0	1,145000E+0	1,026000E+3	11,900000E+0
522	65,521000E+3	0,000000E+0	1,145000E+0	1,026000E+3	11,900000E+0
523	65,528000E+3	0,000000E+0	916,000000E-3	1,025000E+3	11,900000E+0
524	65,528000E+3	0,000000E+0	916,000000E-3	1,025000E+3	11,900000E+0
525	65,528000E+3	0,000000E+0	916,000000E-3	1,025000E+3	11,900000E+0
526	65,528000E+3	0,000000E+0	916,000000E-3	1,025000E+3	11,900000E+0
527	65,507000E+3	176,259560E+3	687,000000E-3	1,027000E+3	11,900000E+0
528	65,507000E+3	176,259560E+3	687,000000E-3	1,027000E+3	11,900000E+0
529	65,507000E+3	176,259560E+3	687,000000E-3	1,027000E+3	11,900000E+0
530	65,507000E+3	176,259560E+3	687,000000E-3	1,027000E+3	11,900000E+0
531	65,528000E+3	0,000000E+0	229,000000E-3	1,025000E+3	11,900000E+0
532	65,528000E+3	0,000000E+0	229,000000E-3	1,025000E+3	11,900000E+0
533	65,528000E+3	0,000000E+0	229,000000E-3	1,025000E+3	11,900000E+0
534	65,528000E+3	0,000000E+0	229,000000E-3	1,025000E+3	11,900000E+0
535	14,000000E+0	0,000000E+0	-229,000000E-3	1,022000E+3	11,900000E+0
536	14,000000E+0	0,000000E+0	-229,000000E-3	1,022000E+3	11,900000E+0
537	14,000000E+0	0,000000E+0	-229,000000E-3	1,022000E+3	11,900000E+0
538	14,000000E+0	0,000000E+0	-229,000000E-3	1,022000E+3	11,900000E+0
539	21,000000E+0	5,380000E+0	-687,000000E-3	261,629000E+3	3,046400E+3
540	21,000000E+0	5,380000E+0	-687,000000E-3	261,629000E+3	3,046400E+3
541	21,000000E+0	5,380000E+0	-687,000000E-3	261,629000E+3	3,046400E+3
542	21,000000E+0	5,380000E+0	-687,000000E-3	261,629000E+3	3,046400E+3
543	21,000000E+0	13,450000E+0	-916,000000E-3	261,629000E+3	3,046400E+3
544	21,000000E+0	13,450000E+0	-916,000000E-3	261,629000E+3	3,046400E+3
545	21,000000E+0	13,450000E+0	-916,000000E-3	261,629000E+3	3,046400E+3
546	21,000000E+0	13,450000E+0	-916,000000E-3	261,629000E+3	3,046400E+3
547	21,000000E+0	16,140000E+0	-687,000000E-3	1,022000E+3	11,900000E+0
548	21,000000E+0	16,140000E+0	-687,000000E-3	1,022000E+3	11,900000E+0
549	21,000000E+0	16,140000E+0	-687,000000E-3	1,022000E+3	11,900000E+0
550	21,000000E+0	16,140000E+0	-687,000000E-3	1,022000E+3	11,900000E+0
551	7,000000E+0	0,000000E+0	0,000000E+0	1,023000E+3	11,900000E+0
552	7,000000E+0	0,000000E+0	0,000000E+0	1,023000E+3	11,900000E+0
553	7,000000E+0	0,000000E+0	0,000000E+0	1,023000E+3	11,900000E+0
554	7,000000E+0	0,000000E+0	0,000000E+0	1,023000E+3	11,900000E+0
555	7,000000E+0	0,000000E+0	0,000000E+0	1,023000E+3	11,900000E+0
556	7,000000E+0	0,000000E+0	0,000000E+0	1,023000E+3	11,900000E+0
557	7,000000E+0	0,000000E+0	0,000000E+0	1,023000E+3	11,900000E+0
558	7,000000E+0	0,000000E+0	0,000000E+0	1,023000E+3	11,900000E+0
559	7,000000E+0	0,000000E+0	0,000000E+0	1,023000E+3	11,900000E+0
560	7,000000E+0	0,000000E+0	0,000000E+0	1,023000E+3	11,900000E+0
561	7,000000E+0	0,000000E+0	0,000000E+0	1,023000E+3	11,900000E+0
562	7,000000E+0	0,000000E+0	0,000000E+0	1,023000E+3	11,900000E+0
563	7,000000E+0	0,000000E+0	0,000000E+0	1,023000E+3	11,900000E+0
564	7,000000E+0	0,000000E+0	0,000000E+0	1,023000E+3	11,900000E+0
565	7,000000E+0	0,000000E+0	0,000000E+0	1,023000E+3	11,900000E+0
566	7,000000E+0	0,000000E+0	0,000000E+0	1,023000E+3	11,900000E+0
567	7,000000E+0	0,000000E+0	0,000000E+0	1,023000E+3	11,900000E+0
568	7,000000E+0	0,000000E+0	0,000000E+0	1,023000E+3	11,900000E+0
569	7,000000E+0	0,000000E+0	0,000000E+0	1,023000E+3	11,900000E+0
570	7,000000E+0	0,000000E+0	0,000000E+0	1,023000E+3	11,900000E+0
571	0,000000E+0	176,289150E+3	-229,000000E-3	1,024000E+3	11,900000E+0
572	0,000000E+0	176,289150E+3	-229,000000E-3	1,024000E+3	11,900000E+0
573	0,000000E+0	176,289150E+3	-229,000000E-3	1,024000E+3	11,900000E+0
574	0,000000E+0	176,289150E+3	-229,000000E-3	1,024000E+3	11,900000E+0
575	7,000000E+0	0,000000E+0	-687,000000E-3	1,023000E+3	11,900000E+0
576	7,000000E+0	0,000000E+0	-687,000000E-3	1,023000E+3	11,900000E+0
577	7,000000E+0	0,000000E+0	-687,000000E-3	1,023000E+3	11,900000E+0
578	7,000000E+0	0,000000E+0	-687,000000E-3	1,023000E+3	11,900000E+0
579	28,000000E+0	32,280000E+0	-916,000000E-3	1,020000E+3	11,900000E+0
580	28,000000E+0	32,280000E+0	-916,000000E-3	1,020000E+3	11,900000E+0
581	28,000000E+0	32,280000E+0	-916,000000E-3	1,020000E+3	11,900000E+0
582	28,000000E+0	32,280000E+0	-916,000000E-3	1,020000E+3	11,900000E+0
583	35,000000E+0	67,250000E+0	-687,000000E-3	1,019000E+3	11,800000E+0
584	35,000000E+0	67,250000E+0	-687,000000E-3	1,019000E+3	11,800000E+0
585	35,000000E+0	67,250000E+0	-687,000000E-3	1,019000E+3	11,800000E+0
586	35,000000E+0	67,250000E+0	-687,000000E-3	1,019000E+3	11,800000E+0
587	14,000000E+0	18,830000E+0	229,000000E-3	1,021000E+3	11,800000E+0
588	14,000000E+0	18,830000E+0	229,000000E-3	1,021000E+3	11,800000E+0
589	14,000000E+0	18,830000E+0	229,000000E-3	1,021000E+3	11,800000E+0
590	14,000000E+0	18,830000E+0	229,000000E-3	1,021000E+3	11,800000E+0
591	7,000000E+0	8,070000E+0	458,000000E-3	1,023000E+3	11,900000E+0
592	7,000000E+0	8,070000E+0	458,000000E-3	1,023000E+3	11,900000E+0
593	7,000000E+0	8,070000E+0	458,000000E-3	1,023000E+3	11,900000E+0
594	7,000000E+0	8,070000E+0	458,000000E-3	1,023000E+3	11,900000E+0
595	65,521000E+3	0,000000E+0	916,000000E-3	1,025000E+3	11,900000E+0
596	65,521000E+3	0,000000E+0	916,000000E-3	1,025000E+3	11,900000E+0
597	65,521000E+3	0,000000E+0	916,000000E-3	1,025000E+3	11,900000E+0
598	65,521000E+3	0,000000E+0	916,000000E-3	1,025000E+3	11,900000E+0
599	65,521000E+3	0,000000E+0	1,145000E+0	1,026000E+3	11,900000E+0
600	65,521000E+3	0,000000E+0	1,145000E+0	1,026000E+3	11,900000E+0
601	65,521000E+3	0,000000E+0	1,145000E+0	1,026000E+3	11,900000E+0
602	65,521000E+3	0,000000E+0	1,145000E+0	1,026000E+3	11,900000E+0
603	65,528000E+3	0,000000E+0	687,000000E-3	1,025000E+3	11,900000E+0
604	65,528000E+3	0,000000E+0	687,000000E-3	1,025000E+3	11,900000E+0
605	65,528000E+3	0,000000E+0	687,000000E-3	1,025000E+3	11,900000E+0
606	65,528000E+3	0,000000E+0	687,000000E-3	1,025000E+3	11,900000E+0
607	65,507000E+3	176,264940E+3	687,000000E-3	1,027000E+3	11,900000E+0
608	65,507000E+3	176,264940E+3	687,000000E-3	1,027000E+3	11,900000E+0
609	65,507000E+3	176,264940E+3	687,000000E-3	1,027000E+3	11,900000E+0
610	65,507000E+3	176,264940E+3	687,000000E-3	1,027000E+3	11,900000E+0
611	65,528000E+3	176,289150E+3	229,000000E-3	1,025000E+3	11,900000E+0
612	65,528000E+3	176,289150E+3	229,000000E-3	1,025000E+3	11,900000E+0
613	65,528000E+3	176,289150E+3	229,000000E-3	1,025000E+3	11,900000E+0
614	65,528000E+3	176,289150E+3	229,000000E-3	1,025000E+3	11,900000E+0
615	14,000000E+0	0,000000E+0	0,000000E+0	1,022000E+3	11,900000E+0
616	14,000000E+0	0,000000E+0	0,000000E+0	1,022000E+3	11,900000E+0
617	14,000000E+0	0,000000E+0	0,000000E+0	1,022000E+3	11,900000E+0
618	14,000000E+0	0,000000E+0	0,000000E+0	1,022000E+3	11,900000E+0
619	21,000000E+0	5,380000E+0	-687,000000E-3	261,629000E+3	3,046400E+3
620	21,000000E+0	5,380000E+0	-687,000000E-3	261,629000E+3	3,046400E+3
621	21,000000E+0	5,380000E+0	-687,000000E-3	261,629000E+3	3,046400E+3
622	21,000000E+0	5,380000E+0	-687,000000E-3	261,629000E+3	3,046400E+3
623	21,000000E+0	13,450000E+0	-916,000000E-3	261,629000E+3	3,046400E+3
624	21,000000E+0	13,450000E+0	-916,000000E-3	261,629000E+3	3,046400E+3
625	21,000000E+0	13,450000E+0	-916,000000E-3	261,629000E+3	3,046400E+3
626	21,000000E+0	13,450000E+0	-916,000000E-3	261,629000E+3	3,046400E+3
627	21,000000E+0	16,140000E+0	-916,000000E-3	261,629000E+3	3,046400E+3
628	21,000000E+0	16,140000E+0	-916,000000E-3	261,629000E+3	3,046400E+3
629	21,000000E+0	16,140000E+0	-916,000000E-3	261,629000E+3	3,046400E+3
630	21,000000E+0	16,140000E+0	-916,000000E-3	261,629000E+3	3,046400E+3
631	14,000000E+0	0,000000E+0	0,000000E+0	1,023000E+3	11,900000E+0
632	14,000000E+0	0,000000E+0	0,000000E+0	1,023000E+3	11,900000E+0
633	14,000000E+0	0,000000E+0	0,000000E+0	1,023000E+3	11,900000E+0
634	14,000000E+0	0,000000E+0	0,000000E+0	1,023000E+3	11,900000E+0
635	7,000000E+0	0,000000E+0	0,000000E+0	1,023000E+3	11,900000E+0
636	7,000000E+0	0,000000E+0	0,000000E+0	1,023000E+3	11,900000E+0
637	7,000000E+0	0,000000E+0	0,000000E+0	1,023000E+3	11,900000E+0
638	7,000000E+0	0,000000E+0	0,000000E+0	1,023000E+3	11,900000E+0
639	7,000000E+0	0,000000E+0	0,000000E+0	1,023000E+3	11,900000E+0
640	7,000000E+0	0,000000E+0	0,000000E+0	1,023000E+3	11,900000E+0
641	7,000000E+0	0,000000E+0	0,000000E+0	1,023000E+3	11,900000E+0
642	7,000000E+0	0,000000E+0	0,000000E+0	1,023000E+3	11,900000E+0
643	7,000000E+0	0,000000E+0	0,000000E+0	1,023000E+3	11,900000E+0
644	7,000000E+0	0,000000E+0	0,000000E+0	1,023000E+3	11,900000E+0
645	7,000000E+0	0,000000E+0	0,000000E+0	1,023000E+3	11,900000E+0
646	7,000000E+0	0,000000E+0	0,000000E+0	1,023000E+3	11,900000E+0
647	7,000000E+0	0,000000E+0	0,000000E+0	1,023000E+3	11,900000E+0
648	7,000000E+0	0,000000E+0	0,000000E+0	1,023000E+3	11,900000E+0
649	7,000000E+0	0,000000E+0	0,000000E+0	1,023000E+3	11,900000E+0
650	7,000000E+0	0,000000E+0	0,000000E+0	1,023000E+3	11,900000E+0
651	0,000000E+0	0,000000E+0	-458,000000E-3	1,024000E+3	11,900000E+0
652	0,000000E+0	0,000000E+0	-458,000000E-3	1,024000E+3	11,900000E+0
653	0,000000E+0	0,000000E+0	-458,000000E-3	1,024000E+3	11,900000E+0
654	0,000000E+0	0,000000E+0	-458,000000E-3	1,024000E+3	11,900000E+0
655	7,000000E+0	0,000000E+0	-687,000000E-3	1,023000E+3	11,900000E+0
656	7,000000E+0	0,000000E+0	-687,000000E-3	1,023000E+3	11,900000E+0
657	7,000000E+0	0,000000E+0	-687,000000E-3	1,023000E+3	11,900000E+0
658	7,000000E+0	0,000000E+0	-687,000000E-3	1,023000E+3	11,900000E+0
659	35,000000E+0	32,280000E+0	-1,145000E+0	1,019000E+3	11,900000E+0
660	35,000000E+0	32,280000E+0	-1,145000E+0	1,019000E+3	11,900000E+0
661	35,000000E+0	32,280000E+0	-1,145000E+0	1,019000E+3	11,900000E+0
662	35,000000E+0	32,280000E+0	-1,145000E+0	1,019000E+3	11,900000E+0
663	35,000000E+0	64,560000E+0	-687,000000E-3	1,019000E+3	11,800000E+0
664	35,000000E+0	64,560000E+0	-687,000000E-3	1,019000E+3	11,800000E+0
665	35,000000E+0	64,560000E+0	-687,000000E-3	1,019000E+3	11,800000E+0
666	35,000000E+0	64,560000E+0	-687,000000E-3	1,019000E+3	11,800000E+0
667	14,000000E+0	18,830000E+0	229,000000E-3	1,021000E+3	11,800000E+0
668	14,000000E+0	18,830000E+0	229,000000E-3	1,021000E+3	11,800000E+0
669	14,000000E+0	18,830000E+0	229,000000E-3	1,021000E+3	11,800000E+0
670	14,000000E+0	18,830000E+0	229,000000E-3	1,021000E+3	11,800000E+0
671	0,000000E+0	8,070000E+0	458,000000E-3	1,024000E+3	11,900000E+0
672	0,000000E+0	8,070000E+0	458,000000E-3	1,024000E+3	11,900000E+0
673	0,000000E+0	8,070000E+0	458,000000E-3	1,024000E+3	11,900000E+0
674	0,000000E+0	8,070000E+0	458,000000E-3	1,024000E+3	11,900000E+0
675	65,521000E+3	2,690000E+0	687,000000E-3	1,025000E+3	11,900000E+0
676	65,521000E+3	2,690000E+0	687,000000E-3	1,025000E+3	11,900000E+0
677	65,521000E+3	2,690000E+0	687,000000E-3	1,025000E+3	11,900000E+0
678	65,521000E+3	2,690000E+0	687,000000E-3	1,025000E+3	11,900000E+0
679	65,521000E+3	0,000000E+0	916,000000E-3	1,026000E+3	11,900000E+0
680	65,521000E+3	0,000000E+0	916,000000E-3	1,026000E+3	11,900000E+0
681	65,521000E+3	0,000000E+0	916,000000E-3	1,026000E+3	11,900000E+0
682	65,521000E+3	0,000000E+0	916,000000E-3	1,026000E+3	11,900000E+0
683	65,528000E+3	0,000000E+0	916,000000E-3	1,025000E+3	11,900000E+0
684	65,528000E+3	0,000000E+0	916,000000E-3	1,025000E+3	11,900000E+0
685	65,528000E+3	0,000000E+0	916,000000E-3	1,025000E+3	11,900000E+0
686	65,528000E+3	0,000000E+0	916,000000E-3	1,025000E+3	11,900000E+0
687	65,507000E+3	176,264940E+3	687,000000E-3	1,028000E+3	11,900000E+0
688	65,507000E+3	176,264940E+3	687,000000E-3	1,028000E+3	11,900000E+0
689	65,507000E+3	176,264940E+3	687,000000E-3	1,028000E+3	11,900000E+0
690	65,507000E+3	176,264940E+3	687,000000E-3	1,028000E+3	11,900000E+0
691	65,528000E+3	176,289150E+3	229,000000E-3	1,025000E+3	11,900000E+0
692	65,528000E+3	176,289150E+3	229,000000E-3	1,025000E+3	11,900000E+0
693	65,528000E+3	176,289150E+3	229,000000E-3	1,025000E+3	11,900000E+0
694	65,528000E+3	176,289150E+3	229,000000E-3	1,025000E+3	11,900000E+0
695	14,000000E+0	0,000000E+0	0,000000E+0	1,022000E+3	11,900000E+0
696	14,000000E+0	0,000000E+0	0,000000E+0	1,022000E+3	11,900000E+0
697	14,000000E+0	0,000000E+0	0,000000E+0	1,022000E+3	11,900000E+0
698	14,000000E+0	0,000000E+0	0,000000E+0	1,022000E+3	11,900000E+0
699	21,000000E+0	5,380000E+0	-687,000000E-3	261,629000E+3	3,046400E+3
700	21,000000E+0	5,380000E+0	-687,000000E-3	261,629000E+3	3,046400E+3
701	21,000000E+0	5,380000E+0	-687,000000E-3	261,629000E+3	3,046400E+3
702	21,000000E+0	5,380000E+0	-687,000000E-3	261,629000E+3	3,046400E+3
703	65,528000E+3	0,000000E+0	229,000000E-3	1,025000E+3	11,900000E+0
704	65,528000E+3	0,000000E+0	229,000000E-3	1,025000E+3	11,900000E+0
705	65,528000E+3	0,000000E+0	229,000000E-3	1,025000E+3	11,900000E+0
706	65,528000E+3	0,000000E+0	229,000000E-3	1,025000E+3	11,900000E+0
707	21,000000E+0	5,380000E+0	-229,000000E-3	1,022000E+3	11,900000E+0
708	21,000000E+0	5,380000E+0	-229,000000E-3	1,022000E+3	11,900000E+0
709	21,000000E+0	5,380000E+0	-229,000000E-3	1,022000E+3	11,900000E+0
710	21,000000E+0	5,380000E+0	-229,000000E-3	1,022000E+3	11,900000E+0
711	14,000000E+0	8,070000E+0	-458,000000E-3	1,022000E+3	11,900000E+0
712	14,000000E+0	8,070000E+0	-458,000000E-3	1,022000E+3	11,900000E+0
713	14,000000E+0	8,070000E+0	-458,000000E-3	1,022000E+3	11,900000E+0
714	14,000000E+0	8,070000E+0	-458,000000E-3	1,022000E+3	11,900000E+0
715	7,000000E+0	0,000000E+0	0,000000E+0	1,023000E+3	11,900000E+0
716	7,000000E+0	0,000000E+0	0,000000E+0	1,023000E+3	11,900000E+0
717	7,000000E+0	0,000000E+0	0,000000E+0	1,023000E+3	11,900000E+0
718	7,000000E+0	0,000000E+0	0,000000E+0	1,023000E+3	11,900000E+0
719	7,000000E+0	0,000000E+0	0,000000E+0	1,023000E+3	11,900000E+0
720	7,000000E+0	0,000000E+0	0,000000E+0	1,023000E+3	11,900000E+0
721	7,000000E+0	0,000000E+0	0,000000E+0	1,023000E+3	11,900000E+0
722	7,000000E+0	0,000000E+0	0,000000E+0	1,023000E+3	11,900000E+0
723	7,000000E+0	0,000000E+0	0,000000E+0	1,023000E+3	11,900000E+0
724	7,000000E+0	0,000000E+0	0,000000E+0	1,023000E+3	11,900000E+0
725	7,000000E+0	0,000000E+0	0,000000E+0	1,023000E+3	11,900000E+0
726	7,000000E+0	0,000000E+0	0,000000E+0	1,023000E+3	11,900000E+0
727	0,000000E+0	0,000000E+0	0,000000E+0	1,024000E+3	11,900000E+0
728	0,000000E+0	0,000000E+0	0,000000E+0	1,024000E+3	11,900000E+0
729	0,000000E+0	0,000000E+0	0,000000E+0	1,024000E+3	11,900000E+0
730	0,000000E+0	0,000000E+0	0,000000E+0	1,024000E+3	11,900000E+0
731	7,000000E+0	0,000000E+0	-458,000000E-3	1,023000E+3	11,900000E+0
732	7,000000E+0	0,000000E+0	-458,000000E-3	1,023000E+3	11,900000E+0
733	7,000000E+0	0,000000E+0	-458,000000E-3	1,023000E+3	11,900000E+0
734	7,000000E+0	0,000000E+0	-458,000000E-3	1,023000E+3	11,900000E+0
735	14,000000E+0	0,000000E+0	-687,000000E-3	1,023000E+3	11,900000E+0
736	14,000000E+0	0,000000E+0	-687,000000E-3	1,023000E+3	11,900000E+0
737	14,000000E+0	0,000000E+0	-687,000000E-3	1,023000E+3	11,900000E+0
738	14,000000E+0	0,000000E+0	-687,000000E-3	1,023000E+3	11,900000E+0
739	35,000000E+0	32,280000E+0	-1,374000E+0	1,019000E+3	11,900000E+0
740	35,000000E+0	32,280000E+0	-1,374000E+0	1,019000E+3	11,900000E+0
741	35,000000E+0	32,280000E+0	-1,374000E+0	1,019000E+3	11,900000E+0
742	35,000000E+0	32,280000E+0	-1,374000E+0	1,019000E+3	11,900000E+0
743	35,000000E+0	72,630000E+0	-916,000000E-3	1,019000E+3	11,800000E+0
744	35,000000E+0	72,630000E+0	-916,000000E-3	1,019000E+3	11,800000E+0
745	35,000000E+0	72,630000E+0	-916,000000E-3	1,019000E+3	11,800000E+0
746	35,000000E+0	72,630000E+0	-916,000000E-3	1,019000E+3	11,800000E+0
747	14,000000E+0	13,450000E+0	229,000000E-3	1,022000E+3	11,900000E+0
748	14,000000E+0	13,450000E+0	229,000000E-3	1,022000E+3	11,900000E+0
749	14,000000E+0	13,450000E+0	229,000000E-3	1,022000E+3	11,900000E+0
750	14,000000E+0	13,450000E+0	229,000000E-3	1,022000E+3	11,900000E+0
751	7,000000E+0	8,070000E+0	458,000000E-3	1,022000E+3	11,900000E+0
752	7,000000E+0	8,070000E+0	458,000000E-3	1,022000E+3	11,900000E+0
753	7,000000E+0	8,070000E+0	458,000000E-3	1,022000E+3	11,900000E+0
754	7,000000E+0	8,070000E+0	458,000000E-3	1,022000E+3	11,900000E+0
755	65,521000E+3	0,000000E+0	916,000000E-3	1,025000E+3	11,900000E+0
756	65,521000E+3	0,000000E+0	916,000000E-3	1,025000E+3	11,900000E+0
757	65,521000E+3	0,000000E+0	916,000000E-3	1,025000E+3	11,900000E+0
758	65,521000E+3	0,000000E+0	916,000000E-3	1,025000E+3	11,900000E+0
759	65,521000E+3	0,000000E+0	916,000000E-3	1,026000E+3	11,900000E+0
760	65,521000E+3	0,000000E+0	916,000000E-3	1,026000E+3	11,900000E+0
761	65,521000E+3	0,000000E+0	916,000000E-3	1,026000E+3	11,900000E+0
762	65,521000E+3	0,000000E+0	916,000000E-3	1,026000E+3	11,900000E+0
763	65,528000E+3	0,000000E+0	687,000000E-3	1,025000E+3	11,900000E+0
764	65,528000E+3	0,000000E+0	687,000000E-3	1,025000E+3	11,900000E+0
765	65,528000E+3	0,000000E+0	687,000000E-3	1,025000E+3	11,900000E+0
766	65,528000E+3	0,000000E+0	687,000000E-3	1,025000E+3	11,900000E+0
767	65,507000E+3	176,259560E+3	687,000000E-3	1,028000E+3	11,900000E+0
768	65,507000E+3	176,259560E+3	687,000000E-3	1,028000E+3	11,900000E+0
769	65,507000E+3	176,259560E+3	687,000000E-3	1,028000E+3	11,900000E+0
770	65,507000E+3	176,259560E+3	687,000000E-3	1,028000E+3	11,900000E+0
771	65,528000E+3	0,000000E+0	229,000000E-3	1,025000E+3	11,900000E+0
772	65,528000E+3	0,000000E+0	229,000000E-3	1,025000E+3	11,900000E+0
773	65,528000E+3	0,000000E+0	229,000000E-3	1,025000E+3	11,900000E+0
774	65,528000E+3	0,000000E+0	229,000000E-3	1,025000E+3	11,900000E+0
775	14,000000E+0	0,000000E+0	0,000000E+0	1,022000E+3	11,900000E+0
776	14,000000E+0	0,000000E+0	0,000000E+0	1,022000E+3	11,900000E+0
777	14,000000E+0	0,000000E+0	0,000000E+0	1,022000E+3	11,900000E+0
778	14,000000E+0	0,000000E+0	0,000000E+0	1,022000E+3	11,900000E+0
779	21,000000E+0	8,070000E+0	-687,000000E-3	1,022000E+3	11,900000E+0
780	21,000000E+0	8,070000E+0	-687,000000E-3	1,022000E+3	11,900000E+0
781	21,000000E+0	8,070000E+0	-687,000000E-3	1,022000E+3	11,900000E+0
782	21,000000E+0	8,070000E+0	-687,000000E-3	1,022000E+3	11,900000E+0
783	21,000000E+0	16,140000E+0	-916,000000E-3	261,629000E+3	3,046400E+3
784	21,000000E+0	16,140000E+0	-916,000000E-3	261,629000E+3	3,046400E+3
785	21,000000E+0	16,140000E+0	-916,000000E-3	261,629000E+3	3,046400E+3
786	21,000000E+0	16,140000E+0	-916,000000E-3	261,629000E+3	3,046400E+3
787	21,000000E+0	16,140000E+0	-916,000000E-3	261,629000E+3	3,046400E+3
788	21,000000E+0	16,140000E+0	-916,000000E-3	261,629000E+3	3,046400E+3
789	21,000000E+0	16,140000E+0	-916,000000E-3	261,629000E+3	3,046400E+3
790	21,000000E+0	16,140000E+0	-916,000000E-3	261,629000E+3	3,046400E+3
791	7,000000E+0	0,000000E+0	0,000000E+0	1,023000E+3	11,900000E+0
792	7,000000E+0	0,000000E+0	0,000000E+0	1,023000E+3	11,900000E+0
793	7,000000E+0	0,000000E+0	0,000000E+0	1,023000E+3	11,900000E+0
794	7,000000E+0	0,000000E+0	0,000000E+0	1,023000E+3	11,900000E+0
795	14,000000E+0	0,000000E+0	0,000000E+0	1,023000E+3	11,900000E+0
796	14,000000E+0	0,000000E+0	0,000000E+0	1,023000E+3	11,900000E+0
797	14,000000E+0	0,000000E+0	0,000000E+0	1,023000E+3	11,900000E+0
798	14,000000E+0	0,000000E+0	0,000000E+0	1,023000E+3	11,900000E+0
799	7,000000E+0	0,000000E+0	0,000000E+0	1,022000E+3	11,900000E+0
800	7,000000E+0	0,000000E+0	0,000000E+0	1,022000E+3	11,900000E+0
801	7,000000E+0	0,000000E+0	0,000000E+0	1,022000E+3	11,900000E+0
802	7,000000E+0	0,000000E+0	0,000000E+0	1,022000E+3	11,900000E+0
803	7,000000E+0	0,000000E+0	0,000000E+0	1,023000E+3	11,900000E+0
804	7,000000E+0	0,000000E+0	0,000000E+0	1,023000E+3	11,900000E+0
805	7,000000E+0	0,000000E+0	0,000000E+0	1,023000E+3	11,900000E+0
806	7,000000E+0	0,000000E+0	0,000000E+0	1,023000E+3	11,900000E+0
807	7,000000E+0	0,000000E+0	0,000000E+0	1,023000E+3	11,900000E+0
808	7,000000E+0	0,000000E+0	0,000000E+0	1,023000E+3	11,900000E+0
809	7,000000E+0	0,000000E+0	0,000000E+0	1,023000E+3	11,900000E+0
810	7,000000E+0	0,000000E+0	0,000000E+0	1,023000E+3	11,900000E+0
811	0,000000E+0	0,000000E+0	-229,000000E-3	1,024000E+3	11,900000E+0
812	0,000000E+0	0,000000E+0	-229,000000E-3	1,024000E+3	11,900000E+0
813	0,000000E+0	0,000000E+0	-229,000000E-3	1,024000E+3	11,900000E+0
814	0,000000E+0	0,000000E+0	-229,000000E-3	1,024000E+3	11,900000E+0
815	7,000000E+0	0,000000E+0	-687,000000E-3	1,023000E+3	11,900000E+0
816	7,000000E+0	0,000000E+0	-687,000000E-3	1,023000E+3	11,900000E+0
817	7,000000E+0	0,000000E+0	-687,000000E-3	1,023000E+3	11,900000E+0
818	7,000000E+0	0,000000E+0	-687,000000E-3	1,023000E+3	11,900000E+0
819	28,000000E+0	26,900000E+0	-1,145000E+0	1,020000E+3	11,900000E+0
820	28,000000E+0	26,900000E+0	-1,145000E+0	1,020000E+3	11,900000E+0
821	28,000000E+0	26,900000E+0	-1,145000E+0	1,020000E+3	11,900000E+0
822	28,000000E+0	26,900000E+0	-1,145000E+0	1,020000E+3	11,900000E+0
823	35,000000E+0	67,250000E+0	-916,000000E-3	1,019000E+3	11,900000E+0
824	35,000000E+0	67,250000E+0	-916,000000E-3	1,019000E+3	11,900000E+0
825	35,000000E+0	67,250000E+0	-916,000000E-3	1,019000E+3	11,900000E+0
826	35,000000E+0	67,250000E+0	-916,000000E-3	1,019000E+3	11,900000E+0
827	14,000000E+0	18,830000E+0	229,000000E-3	1,021000E+3	11,800000E+0
828	14,000000E+0	18,830000E+0	229,000000E-3	1,021000E+3	11,800000E+0
829	14,000000E+0	18,830000E+0	229,000000E-3	1,021000E+3	11,800000E+0
830	14,000000E+0	18,830000E+0	229,000000E-3	1,021000E+3	11,800000E+0
831	0,000000E+0	10,760000E+0	458,000000E-3	1,022000E+3	11,900000E+0
832	0,000000E+0	10,760000E+0	458,000000E-3	1,022000E+3	11,900000E+0
833	0,000000E+0	10,760000E+0	458,000000E-3	1,022000E+3	11,900000E+0
834	0,000000E+0	10,760000E+0	458,000000E-3	1,022000E+3	11,900000E+0
835	65,528000E+3	2,690000E+0	687,000000E-3	1,025000E+3	11,900000E+0
836	65,528000E+3	2,690000E+0	687,000000E-3	1,025000E+3	11,900000E+0
837	65,528000E+3	2,690000E+0	687,000000E-3	1,025000E+3	11,900000E+0
838	65,528000E+3	2,690000E+0	687,000000E-3	1,025000E+3	11,900000E+0
839	65,521000E+3	0,000000E+0	916,000000E-3	1,026000E+3	11,900000E+0
840	65,521000E+3	0,000000E+0	916,000000E-3	1,026000E+3	11,900000E+0
841	65,521000E+3	0,000000E+0	916,000000E-3	1,026000E+3	11,900000E+0
842	65,521000E+3	0,000000E+0	916,000000E-3	1,026000E+3	11,900000E+0
843	65,528000E+3	0,000000E+0	687,000000E-3	1,025000E+3	11,900000E+0
844	65,528000E+3	0,000000E+0	687,000000E-3	1,025000E+3	11,900000E+0
845	65,528000E+3	0,000000E+0	687,000000E-3	1,025000E+3	11,900000E+0
846	65,528000E+3	0,000000E+0	687,000000E-3	1,025000E+3	11,900000E+0
847	65,507000E+3	176,256870E+3	916,000000E-3	1,028000E+3	11,900000E+0
848	65,507000E+3	176,256870E+3	916,000000E-3	1,028000E+3	11,900000E+0
849	65,507000E+3	176,256870E+3	916,000000E-3	1,028000E+3	11,900000E+0
850	65,507000E+3	176,256870E+3	916,000000E-3	1,028000E+3	11,900000E+0
851	65,528000E+3	0,000000E+0	229,000000E-3	1,025000E+3	11,900000E+0
852	65,528000E+3	0,000000E+0	229,000000E-3	1,025000E+3	11,900000E+0
853	65,528000E+3	0,000000E+0	229,000000E-3	1,025000E+3	11,900000E+0
854	65,528000E+3	0,000000E+0	229,000000E-3	1,025000E+3	11,900000E+0
855	14,000000E+0	0,000000E+0	0,000000E+0	1,022000E+3	11,900000E+0
856	14,000000E+0	0,000000E+0	0,000000E+0	1,022000E+3	11,900000E+0
857	14,000000E+0	0,000000E+0	0,000000E+0	1,022000E+3	11,900000E+0
858	14,000000E+0	0,000000E+0	0,000000E+0	1,022000E+3	11,900000E+0
859	21,000000E+0	5,380000E+0	-687,000000E-3	261,629000E+3	3,046400E+3
860	21,000000E+0	5,380000E+0	-687,000000E-3	261,629000E+3	3,046400E+3
861	21,000000E+0	5,380000E+0	-687,000000E-3	261,629000E+3	3,046400E+3
862	21,000000E+0	5,380000E+0	-687,000000E-3	261,629000E+3	3,046400E+3
863	21,000000E+0	13,450000E+0	-916,000000E-3	261,629000E+3	3,046400E+3
864	21,000000E+0	13,450000E+0	-916,000000E-3	261,629000E+3	3,046400E+3
865	21,000000E+0	13,450000E+0	-916,000000E-3	261,629000E+3	3,046400E+3
866	21,000000E+0	13,450000E+0	-916,000000E-3	261,629000E+3	3,046400E+3
867	14,000000E+0	13,450000E+0	-687,000000E-3	261,629000E+3	3,046400E+3
868	14,000000E+0	13,450000E+0	-687,000000E-3	261,629000E+3	3,046400E+3
869	14,000000E+0	13,450000E+0	-687,000000E-3	261,629000E+3	3,046400E+3
870	14,000000E+0	13,450000E+0	-687,000000E-3	261,629000E+3	3,046400E+3
871	7,000000E+0	0,000000E+0	0,000000E+0	1,023000E+3	11,900000E+0
872	7,000000E+0	0,000000E+0	0,000000E+0	1,023000E+3	11,900000E+0
873	7,000000E+0	0,000000E+0	0,000000E+0	1,023000E+3	11,900000E+0
874	7,000000E+0	0,000000E+0	0,000000E+0	1,023000E+3	11,900000E+0
875	14,000000E+0	0,000000E+0	0,000000E+0	1,023000E+3	11,900000E+0
876	14,000000E+0	0,000000E+0	0,000000E+0	1,023000E+3	11,900000E+0
877	14,000000E+0	0,000000E+0	0,000000E+0	1,023000E+3	11,900000E+0
878	14,000000E+0	0,000000E+0	0,000000E+0	1,023000E+3	11,900000E+0
879	14,000000E+0	0,000000E+0	0,000000E+0	1,023000E+3	11,900000E+0
880	14,000000E+0	0,000000E+0	0,000000E+0	1,023000E+3	11,900000E+0
881	14,000000E+0	0,000000E+0	0,000000E+0	1,023000E+3	11,900000E+0
882	14,000000E+0	0,000000E+0	0,000000E+0	1,023000E+3	11,900000E+0
883	7,000000E+0	0,000000E+0	0,000000E+0	1,023000E+3	11,900000E+0
884	7,000000E+0	0,000000E+0	0,000000E+0	1,023000E+3	11,900000E+0
885	7,000000E+0	0,000000E+0	0,000000E+0	1,023000E+3	11,900000E+0
886	7,000000E+0	0,000000E+0	0,000000E+0	1,023000E+3	11,900000E+0
887	7,000000E+0	0,000000E+0	0,000000E+0	1,023000E+3	11,900000E+0
888	7,000000E+0	0,000000E+0	0,000000E+0	1,023000E+3	11,900000E+0
889	7,000000E+0	0,000000E+0	0,000000E+0	1,023000E+3	11,900000E+0
890	7,000000E+0	0,000000E+0	0,000000E+0	1,023000E+3	11,900000E+0
891	0,000000E+0	0,000000E+0	-229,000000E-3	1,024000E+3	11,900000E+0
892	0,000000E+0	0,000000E+0	-229,000000E-3	1,024000E+3	11,900000E+0
893	0,000000E+0	0,000000E+0	-229,000000E-3	1,024000E+3	11,900000E+0
894	0,000000E+0	0,000000E+0	-229,000000E-3	1,024000E+3	11,900000E+0
895	7,000000E+0	0,000000E+0	-687,000000E-3	1,022000E+3	11,900000E+0
896	7,000000E+0	0,000000E+0	-687,000000E-3	1,022000E+3	11,900000E+0
897	7,000000E+0	0,000000E+0	-687,000000E-3	1,022000E+3	11,900000E+0
898	7,000000E+0	0,000000E+0	-687,000000E-3	1,022000E+3	11,900000E+0
899	28,000000E+0	29,590000E+0	-916,000000E-3	1,020000E+3	11,900000E+0
900	28,000000E+0	29,590000E+0	-916,000000E-3	1,020000E+3	11,900000E+0
901	28,000000E+0	29,590000E+0	-916,000000E-3	1,020000E+3	11,900000E+0
902	28,000000E+0	29,590000E+0	-916,000000E-3	1,020000E+3	11,900000E+0
903	35,000000E+0	72,630000E+0	-916,000000E-3	1,019000E+3	11,900000E+0
904	35,000000E+0	72,630000E+0	-916,000000E-3	1,019000E+3	11,900000E+0
905	35,000000E+0	72,630000E+0	-916,000000E-3	1,019000E+3	11,900000E+0
906	35,000000E+0	72,630000E+0	-916,000000E-3	1,019000E+3	11,900000E+0
907	21,000000E+0	24,210000E+0	229,000000E-3	1,021000E+3	11,800000E+0
908	21,000000E+0	24,210000E+0	229,000000E-3	1,021000E+3	11,800000E+0
909	21,000000E+0	24,210000E+0	229,000000E-3	1,021000E+3	11,800000E+0
910	21,000000E+0	24,210000E+0	229,000000E-3	1,021000E+3	11,800000E+0
911	0,000000E+0	8,070000E+0	458,000000E-3	1,023000E+3	11,900000E+0
912	0,000000E+0	8,070000E+0	458,000000E-3	1,023000E+3	11,900000E+0
913	0,000000E+0	8,070000E+0	458,000000E-3	1,023000E+3	11,900000E+0
914	0,000000E+0	8,070000E+0	458,000000E-3	1,023000E+3	11,900000E+0
915	65,528000E+3	0,000000E+0	916,000000E-3	1,025000E+3	11,800000E+0
916	65,528000E+3	0,000000E+0	916,000000E-3	1,025000E+3	11,800000E+0
917	65,528000E+3	0,000000E+0	916,000000E-3	1,025000E+3	11,800000E+0
918	65,528000E+3	0,000000E+0	916,000000E-3	1,025000E+3	11,800000E+0
919	65,521000E+3	0,000000E+0	1,145000E+0	1,026000E+3	11,900000E+0
920	65,521000E+3	0,000000E+0	1,145000E+0	1,026000E+3	11,900000E+0
921	65,521000E+3	0,000000E+0	1,145000E+0	1,026000E+3	11,900000E+0
922	65,521000E+3	0,000000E+0	1,145000E+0	1,026000E+3	11,900000E+0
923	65,528000E+3	0,000000E+0	687,000000E-3	1,025000E+3	11,900000E+0
924	65,528000E+3	0,000000E+0	687,000000E-3	1,025000E+3	11,900000E+0
925	65,528000E+3	0,000000E+0	687,000000E-3	1,025000E+3	11,900000E+0
926	65,528000E+3	0,000000E+0	687,000000E-3	1,025000E+3	11,900000E+0
927	65,514000E+3	176,264940E+3	687,000000E-3	1,028000E+3	11,900000E+0
928	65,514000E+3	176,264940E+3	687,000000E-3	1,028000E+3	11,900000E+0
929	65,514000E+3	176,264940E+3	687,000000E-3	1,028000E+3	11,900000E+0
930	65,514000E+3	176,264940E+3	687,000000E-3	1,028000E+3	11,900000E+0
931	65,528000E+3	176,289150E+3	229,000000E-3	1,025000E+3	11,900000E+0
932	65,528000E+3	176,289150E+3	229,000000E-3	1,025000E+3	11,900000E+0
933	65,528000E+3	176,289150E+3	229,000000E-3	1,025000E+3	11,900000E+0
934	65,528000E+3	176,289150E+3	229,000000E-3	1,025000E+3	11,900000E+0
935	14,000000E+0	0,000000E+0	0,000000E+0	1,022000E+3	11,900000E+0
936	14,000000E+0	0,000000E+0	0,000000E+0	1,022000E+3	11,900000E+0
937	14,000000E+0	0,000000E+0	0,000000E+0	1,022000E+3	11,900000E+0
938	14,000000E+0	0,000000E+0	0,000000E+0	1,022000E+3	11,900000E+0
939	21,000000E+0	8,070000E+0	-687,000000E-3	261,629000E+3	3,046400E+3
940	21,000000E+0	8,070000E+0	-687,000000E-3	261,629000E+3	3,046400E+3
941	21,000000E+0	8,070000E+0	-687,000000E-3	261,629000E+3	3,046400E+3
942	21,000000E+0	8,070000E+0	-687,000000E-3	261,629000E+3	3,046400E+3
943	21,000000E+0	16,140000E+0	-916,000000E-3	261,629000E+3	3,046400E+3
944	21,000000E+0	16,140000E+0	-916,000000E-3	261,629000E+3	3,046400E+3
945	21,000000E+0	16,140000E+0	-916,000000E-3	261,629000E+3	3,046400E+3
946	21,000000E+0	16,140000E+0	-916,000000E-3	261,629000E+3	3,046400E+3
947	14,000000E+0	16,140000E+0	-687,000000E-3	261,629000E+3	3,046400E+3
948	14,000000E+0	16,140000E+0	-687,000000E-3	261,629000E+3	3,046400E+3
949	14,000000E+0	16,140000E+0	-687,000000E-3	261,629000E+3	3,046400E+3
950	14,000000E+0	16,140000E+0	-687,000000E-3	261,629000E+3	3,046400E+3
951	7,000000E+0	0,000000E+0	0,000000E+0	1,023000E+3	11,900000E+0
952	7,000000E+0	0,000000E+0	0,000000E+0	1,023000E+3	11,900000E+0
953	7,000000E+0	0,000000E+0	0,000000E+0	1,023000E+3	11,900000E+0
954	7,000000E+0	0,000000E+0	0,000000E+0	1,023000E+3	11,900000E+0
955	7,000000E+0	0,000000E+0	0,000000E+0	1,022000E+3	11,900000E+0
956	7,000000E+0	0,000000E+0	0,000000E+0	1,022000E+3	11,900000E+0
957	7,000000E+0	0,000000E+0	0,000000E+0	1,022000E+3	11,900000E+0
958	7,000000E+0	0,000000E+0	0,000000E+0	1,022000E+3	11,900000E+0
959	7,000000E+0	0,000000E+0	0,000000E+0	1,023000E+3	11,900000E+0
960	7,000000E+0	0,000000E+0	0,000000E+0	1,023000E+3	11,900000E+0
961	7,000000E+0	0,000000E+0	0,000000E+0	1,023000E+3	11,900000E+0
962	7,000000E+0	0,000000E+0	0,000000E+0	1,023000E+3	11,900000E+0
963	7,000000E+0	0,000000E+0	0,000000E+0	1,023000E+3	11,900000E+0
964	7,000000E+0	0,000000E+0	0,000000E+0	1,023000E+3	11,900000E+0
965	7,000000E+0	0,000000E+0	0,000000E+0	1,023000E+3	11,900000E+0
966	7,000000E+0	0,000000E+0	0,000000E+0	1,023000E+3	11,900000E+0
967	7,000000E+0	0,000000E+0	0,000000E+0	1,023000E+3	11,900000E+0
968	7,000000E+0	0,000000E+0	0,000000E+0	1,023000E+3	11,900000E+0
969	7,000000E+0	0,000000E+0	0,000000E+0	1,023000E+3	11,900000E+0
970	7,000000E+0	0,000000E+0	0,000000E+0	1,023000E+3	11,900000E+0
971	0,000000E+0	0,000000E+0	-458,000000E-3	1,024000E+3	11,900000E+0
972	0,000000E+0	0,000000E+0	-458,000000E-3	1,024000E+3	11,900000E+0
973	0,000000E+0	0,000000E+0	-458,000000E-3	1,024000E+3	11,900000E+0
974	0,000000E+0	0,000000E+0	-458,000000E-3	1,024000E+3	11,900000E+0
975	7,000000E+0	0,000000E+0	-687,000000E-3	1,023000E+3	11,900000E+0
976	7,000000E+0	0,000000E+0	-687,000000E-3	1,023000E+3	11,900000E+0
977	7,000000E+0	0,000000E+0	-687,000000E-3	1,023000E+3	11,900000E+0
978	7,000000E+0	0,000000E+0	-687,000000E-3	1,023000E+3	11,900000E+0
979	28,000000E+0	29,590000E+0	-916,000000E-3	1,020000E+3	11,900000E+0
980	28,000000E+0	29,590000E+0	-916,000000E-3	1,020000E+3	11,900000E+0
981	28,000000E+0	29,590000E+0	-916,000000E-3	1,020000E+3	11,900000E+0
982	28,000000E+0	29,590000E+0	-916,000000E-3	1,020000E+3	11,900000E+0
983	35,000000E+0	72,630000E+0	-916,000000E-3	1,019000E+3	11,800000E+0
984	35,000000E+0	72,630000E+0	-916,000000E-3	1,019000E+3	11,800000E+0
985	35,000000E+0	72,630000E+0	-916,000000E-3	1,019000E+3	11,800000E+0
986	35,000000E+0	72,630000E+0	-916,000000E-3	1,019000E+3	11,800000E+0
987	14,000000E+0	16,140000E+0	229,000000E-3	1,021000E+3	11,900000E+0
988	14,000000E+0	16,140000E+0	229,000000E-3	1,021000E+3	11,900000E+0
989	14,000000E+0	16,140000E+0	229,000000E-3	1,021000E+3	11,900000E+0
990	14,000000E+0	16,140000E+0	229,000000E-3	1,021000E+3	11,900000E+0
991	0,000000E+0	8,070000E+0	458,000000E-3	1,023000E+3	11,900000E+0
992	0,000000E+0	8,070000E+0	458,000000E-3	1,023000E+3	11,900000E+0
993	0,000000E+0	8,070000E+0	458,000000E-3	1,023000E+3	11,900000E+0
994	0,000000E+0	8,070000E+0	458,000000E-3	1,023000E+3	11,900000E+0
995	65,528000E+3	0,000000E+0	687,000000E-3	1,025000E+3	11,900000E+0
996	65,528000E+3	0,000000E+0	687,000000E-3	1,025000E+3	11,900000E+0
997	65,528000E+3	0,000000E+0	687,000000E-3	1,025000E+3	11,900000E+0
998	65,528000E+3	0,000000E+0	687,000000E-3	1,025000E+3	11,900000E+0
999	65,521000E+3	0,000000E+0	1,145000E+0	1,026000E+3	11,900000E+0
1000	65,521000E+3	0,000000E+0	1,145000E+0	1,026000E+3	11,900000E+0
1001	65,521000E+3	0,000000E+0	1,145000E+0	1,026000E+3	11,900000E+0
1002	65,521000E+3	0,000000E+0	1,145000E+0	1,026000E+3	11,900000E+0
1003	65,528000E+3	0,000000E+0	687,000000E-3	1,025000E+3	11,900000E+0
1004	65,528000E+3	0,000000E+0	687,000000E-3	1,025000E+3	11,900000E+0
1005	65,528000E+3	0,000000E+0	687,000000E-3	1,025000E+3	11,900000E+0
1006	65,528000E+3	0,000000E+0	687,000000E-3	1,025000E+3	11,900000E+0
1007	65,514000E+3	176,262250E+3	687,000000E-3	1,028000E+3	11,900000E+0
1008	65,514000E+3	176,262250E+3	687,000000E-3	1,028000E+3	11,900000E+0
1009	65,514000E+3	176,262250E+3	687,000000E-3	1,028000E+3	11,900000E+0
1010	65,514000E+3	176,262250E+3	687,000000E-3	1,028000E+3	11,900000E+0
1011	65,528000E+3	176,289150E+3	229,000000E-3	1,025000E+3	11,900000E+0
1012	65,528000E+3	176,289150E+3	229,000000E-3	1,025000E+3	11,900000E+0
1013	65,528000E+3	176,289150E+3	229,000000E-3	1,025000E+3	11,900000E+0
1014	65,528000E+3	176,289150E+3	229,000000E-3	1,025000E+3	11,900000E+0
1015	14,000000E+0	0,000000E+0	0,000000E+0	1,022000E+3	11,900000E+0
1016	14,000000E+0	0,000000E+0	0,000000E+0	1,022000E+3	11,900000E+0
1017	14,000000E+0	0,000000E+0	0,000000E+0	1,022000E+3	11,900000E+0
1018	14,000000E+0	0,000000E+0	0,000000E+0	1,022000E+3	11,900000E+0
1019	21,000000E+0	5,380000E+0	-687,000000E-3	261,629000E+3	3,046400E+3
1020	21,000000E+0	5,380000E+0	-687,000000E-3	261,629000E+3	3,046400E+3
1021	21,000000E+0	5,380000E+0	-687,000000E-3	261,629000E+3	3,046400E+3
1022	21,000000E+0	5,380000E+0	-687,000000E-3	261,629000E+3	3,046400E+3
1023	21,000000E+0	16,140000E+0	-916,000000E-3	261,629000E+3	3,046400E+3
1024	21,000000E+0	16,140000E+0	-916,000000E-3	261,629000E+3	3,046400E+3
1025	21,000000E+0	16,140000E+0	-916,000000E-3	261,629000E+3	3,046400E+3
1026	21,000000E+0	16,140000E+0	-916,000000E-3	261,629000E+3	3,046400E+3
1027	21,000000E+0	16,140000E+0	-687,000000E-3	261,629000E+3	3,046400E+3
1028	21,000000E+0	16,140000E+0	-687,000000E-3	261,629000E+3	3,046400E+3
1029	21,000000E+0	16,140000E+0	-687,000000E-3	261,629000E+3	3,046400E+3
1030	21,000000E+0	16,140000E+0	-687,000000E-3	261,629000E+3	3,046400E+3
1031	7,000000E+0	0,000000E+0	0,000000E+0	1,023000E+3	11,900000E+0
1032	7,000000E+0	0,000000E+0	0,000000E+0	1,023000E+3	11,900000E+0
1033	7,000000E+0	0,000000E+0	0,000000E+0	1,023000E+3	11,900000E+0
1034	7,000000E+0	0,000000E+0	0,000000E+0	1,023000E+3	11,900000E+0
1035	14,000000E+0	0,000000E+0	0,000000E+0	1,023000E+3	11,900000E+0
1036	14,000000E+0	0,000000E+0	0,000000E+0	1,023000E+3	11,900000E+0
1037	14,000000E+0	0,000000E+0	0,000000E+0	1,023000E+3	11,900000E+0
1038	14,000000E+0	0,000000E+0	0,000000E+0	1,023000E+3	11,900000E+0
1039	7,000000E+0	0,000000E+0	0,000000E+0	1,023000E+3	11,900000E+0
1040	7,000000E+0	0,000000E+0	0,000000E+0	1,023000E+3	11,900000E+0
1041	7,000000E+0	0,000000E+0	0,000000E+0	1,023000E+3	11,900000E+0
1042	7,000000E+0	0,000000E+0	0,000000E+0	1,023000E+3	11,900000E+0
1043	7,000000E+0	0,000000E+0	0,000000E+0	1,023000E+3	11,900000E+0
1044	7,000000E+0	0,000000E+0	0,000000E+0	1,023000E+3	11,900000E+0
1045	7,000000E+0	0,000000E+0	0,000000E+0	1,023000E+3	11,900000E+0
1046	7,000000E+0	0,000000E+0	0,000000E+0	1,023000E+3	11,900000E+0
1047	7,000000E+0	0,000000E+0	0,000000E+0	1,023000E+3	11,900000E+0
1048	7,000000E+0	0,000000E+0	0,000000E+0	1,023000E+3	11,900000E+0
1049	7,000000E+0	0,000000E+0	0,000000E+0	1,023000E+3	11,900000E+0
1050	7,000000E+0	0,000000E+0	0,000000E+0	1,023000E+3	11,900000E+0
1051	7,000000E+0	0,000000E+0	-458,000000E-3	1,024000E+3	11,900000E+0
1052	7,000000E+0	0,000000E+0	-458,000000E-3	1,024000E+3	11,900000E+0
1053	7,000000E+0	0,000000E+0	-458,000000E-3	1,024000E+3	11,900000E+0
1054	7,000000E+0	0,000000E+0	-458,000000E-3	1,024000E+3	11,900000E+0
1055	7,000000E+0	0,000000E+0	-687,000000E-3	1,023000E+3	11,900000E+0
1056	7,000000E+0	0,000000E+0	-687,000000E-3	1,023000E+3	11,900000E+0
1057	7,000000E+0	0,000000E+0	-687,000000E-3	1,023000E+3	11,900000E+0
1058	7,000000E+0	0,000000E+0	-687,000000E-3	1,023000E+3	11,900000E+0
1059	28,000000E+0	18,830000E+0	-916,000000E-3	261,629000E+3	3,046400E+3
1060	28,000000E+0	18,830000E+0	-916,000000E-3	261,629000E+3	3,046400E+3
1061	28,000000E+0	18,830000E+0	-916,000000E-3	261,629000E+3	3,046400E+3
1062	28,000000E+0	18,830000E+0	-916,000000E-3	261,629000E+3	3,046400E+3
1063	28,000000E+0	43,040000E+0	-916,000000E-3	1,020000E+3	11,900000E+0
1064	28,000000E+0	43,040000E+0	-916,000000E-3	1,020000E+3	11,900000E+0
1065	28,000000E+0	43,040000E+0	-916,000000E-3	1,020000E+3	11,900000E+0
1066	28,000000E+0	43,040000E+0	-916,000000E-3	1,020000E+3	11,900000E+0
1067	65,528000E+3	2,690000E+0	687,000000E-3	1,025000E+3	11,900000E+0
1068	65,528000E+3	2,690000E+0	687,000000E-3	1,025000E+3	11,900000E+0
1069	65,528000E+3	2,690000E+0	687,000000E-3	1,025000E+3	11,900000E+0
1070	65,528000E+3	2,690000E+0	687,000000E-3	1,025000E+3	11,900000E+0
1071	65,521000E+3	0,000000E+0	916,000000E-3	1,026000E+3	11,900000E+0
1072	65,521000E+3	0,000000E+0	916,000000E-3	1,026000E+3	11,900000E+0
1073	65,521000E+3	0,000000E+0	916,000000E-3	1,026000E+3	11,900000E+0
1074	65,521000E+3	0,000000E+0	916,000000E-3	1,026000E+3	11,900000E+0
1075	65,528000E+3	0,000000E+0	916,000000E-3	1,025000E+3	11,900000E+0
1076	65,528000E+3	0,000000E+0	916,000000E-3	1,025000E+3	11,900000E+0
1077	65,528000E+3	0,000000E+0	916,000000E-3	1,025000E+3	11,900000E+0
1078	65,528000E+3	0,000000E+0	916,000000E-3	1,025000E+3	11,900000E+0
1079	65,521000E+3	0,000000E+0	687,000000E-3	1,026000E+3	11,900000E+0
1080	65,521000E+3	0,000000E+0	687,000000E-3	1,026000E+3	11,900000E+0
1081	65,521000E+3	0,000000E+0	687,000000E-3	1,026000E+3	11,900000E+0
1082	65,521000E+3	0,000000E+0	687,000000E-3	1,026000E+3	11,900000E+0
1083	14,000000E+0	2,690000E+0	0,000000E+0	1,022000E+3	11,900000E+0
1084	14,000000E+0	2,690000E+0	0,000000E+0	1,022000E+3	11,900000E+0
1085	14,000000E+0	2,690000E+0	0,000000E+0	1,022000E+3	11,900000E+0
1086	14,000000E+0	2,690000E+0	0,000000E+0	1,022000E+3	11,900000E+0
1087	7,000000E+0	0,000000E+0	0,000000E+0	1,022000E+3	11,900000E+0
1088	7,000000E+0	0,000000E+0	0,000000E+0	1,022000E+3	11,900000E+0
1089	7,000000E+0	0,000000E+0	0,000000E+0	1,022000E+3	11,900000E+0
1090	7,000000E+0	0,000000E+0	0,000000E+0	1,022000E+3	11,900000E+0
1091	7,000000E+0	2,690000E+0	0,000000E+0	1,023000E+3	11,900000E+0
