vendredi 22 décembre 2023	17:00:13	Sampling Period : 40  ms		
Unities: time [sample], PWM [raw], Current [mA], velocity [rev/min], Position [pulse], Present Input Voltage [V]

t	DXL_PWM		DXL_Current		DXL_Velocity		DXL_Position		DXL_Input_Voltage
0	7,000000E+0	0,000000E+0	0,000000E+0	1,023000E+3	12,000000E+0
1	7,000000E+0	0,000000E+0	0,000000E+0	1,023000E+3	12,000000E+0
2	7,000000E+0	0,000000E+0	0,000000E+0	1,023000E+3	12,000000E+0
3	7,000000E+0	0,000000E+0	0,000000E+0	1,023000E+3	12,000000E+0
4	65,409000E+3	0,000000E+0	-1,145000E+0	1,013000E+3	12,000000E+0
5	65,409000E+3	0,000000E+0	-1,145000E+0	1,013000E+3	12,000000E+0
6	65,409000E+3	0,000000E+0	-1,145000E+0	1,013000E+3	12,000000E+0
7	65,409000E+3	0,000000E+0	-1,145000E+0	1,013000E+3	12,000000E+0
8	65,360000E+3	5,380000E+0	-2,061000E+0	982,000000E+0	12,000000E+0
9	65,360000E+3	5,380000E+0	-2,061000E+0	982,000000E+0	12,000000E+0
10	65,360000E+3	5,380000E+0	-2,061000E+0	982,000000E+0	12,000000E+0
11	65,360000E+3	5,380000E+0	-2,061000E+0	982,000000E+0	12,000000E+0
12	65,381000E+3	5,380000E+0	-2,290000E+0	946,000000E+0	12,000000E+0
13	65,381000E+3	5,380000E+0	-2,290000E+0	946,000000E+0	12,000000E+0
14	65,381000E+3	5,380000E+0	-2,290000E+0	946,000000E+0	12,000000E+0
15	65,381000E+3	5,380000E+0	-2,290000E+0	946,000000E+0	12,000000E+0
16	65,381000E+3	0,000000E+0	-2,061000E+0	913,000000E+0	12,000000E+0
17	65,381000E+3	0,000000E+0	-2,061000E+0	913,000000E+0	12,000000E+0
18	65,381000E+3	0,000000E+0	-2,061000E+0	913,000000E+0	12,000000E+0
19	65,381000E+3	0,000000E+0	-2,061000E+0	913,000000E+0	12,000000E+0
20	65,395000E+3	0,000000E+0	-1,832000E+0	880,000000E+0	12,000000E+0
21	65,395000E+3	0,000000E+0	-1,832000E+0	880,000000E+0	12,000000E+0
22	65,395000E+3	0,000000E+0	-1,832000E+0	880,000000E+0	12,000000E+0
23	65,395000E+3	0,000000E+0	-1,832000E+0	880,000000E+0	12,000000E+0
24	65,402000E+3	0,000000E+0	-1,832000E+0	851,000000E+0	12,000000E+0
25	65,402000E+3	0,000000E+0	-1,832000E+0	851,000000E+0	12,000000E+0
26	65,402000E+3	0,000000E+0	-1,832000E+0	851,000000E+0	12,000000E+0
27	65,402000E+3	0,000000E+0	-1,832000E+0	851,000000E+0	12,000000E+0
28	65,423000E+3	0,000000E+0	-1,603000E+0	825,000000E+0	12,000000E+0
29	65,423000E+3	0,000000E+0	-1,603000E+0	825,000000E+0	12,000000E+0
30	65,423000E+3	0,000000E+0	-1,603000E+0	825,000000E+0	12,000000E+0
31	65,423000E+3	0,000000E+0	-1,603000E+0	825,000000E+0	12,000000E+0
32	65,430000E+3	0,000000E+0	-1,374000E+0	802,000000E+0	12,000000E+0
33	65,430000E+3	0,000000E+0	-1,374000E+0	802,000000E+0	12,000000E+0
34	65,430000E+3	0,000000E+0	-1,374000E+0	802,000000E+0	12,000000E+0
35	65,430000E+3	0,000000E+0	-1,374000E+0	802,000000E+0	12,000000E+0
36	65,451000E+3	0,000000E+0	-1,145000E+0	781,000000E+0	12,000000E+0
37	65,451000E+3	0,000000E+0	-1,145000E+0	781,000000E+0	12,000000E+0
38	65,451000E+3	0,000000E+0	-1,145000E+0	781,000000E+0	12,000000E+0
39	65,451000E+3	0,000000E+0	-1,145000E+0	781,000000E+0	12,000000E+0
40	65,472000E+3	0,000000E+0	-916,000000E-3	764,000000E+0	12,000000E+0
41	65,472000E+3	0,000000E+0	-916,000000E-3	764,000000E+0	12,000000E+0
42	65,472000E+3	0,000000E+0	-916,000000E-3	764,000000E+0	12,000000E+0
43	65,472000E+3	0,000000E+0	-916,000000E-3	764,000000E+0	12,000000E+0
44	65,479000E+3	0,000000E+0	-687,000000E-3	752,000000E+0	12,000000E+0
45	65,479000E+3	0,000000E+0	-687,000000E-3	752,000000E+0	12,000000E+0
46	65,479000E+3	0,000000E+0	-687,000000E-3	752,000000E+0	12,000000E+0
47	65,479000E+3	0,000000E+0	-687,000000E-3	752,000000E+0	12,000000E+0
48	65,500000E+3	0,000000E+0	-229,000000E-3	742,000000E+0	12,000000E+0
49	65,500000E+3	0,000000E+0	-229,000000E-3	742,000000E+0	12,000000E+0
50	65,500000E+3	0,000000E+0	-229,000000E-3	742,000000E+0	12,000000E+0
51	65,500000E+3	0,000000E+0	-229,000000E-3	742,000000E+0	12,000000E+0
52	65,528000E+3	176,289150E+3	0,000000E+0	738,000000E+0	12,000000E+0
53	65,528000E+3	176,289150E+3	0,000000E+0	738,000000E+0	12,000000E+0
54	65,528000E+3	176,289150E+3	0,000000E+0	738,000000E+0	12,000000E+0
55	65,528000E+3	176,289150E+3	0,000000E+0	738,000000E+0	12,000000E+0
56	65,472000E+3	0,000000E+0	-458,000000E-3	732,000000E+0	12,000000E+0
57	65,472000E+3	0,000000E+0	-458,000000E-3	732,000000E+0	12,000000E+0
58	65,472000E+3	0,000000E+0	-458,000000E-3	732,000000E+0	12,000000E+0
59	65,472000E+3	0,000000E+0	-458,000000E-3	732,000000E+0	12,000000E+0
60	65,311000E+3	2,690000E+0	-2,290000E+0	707,000000E+0	12,000000E+0
61	65,311000E+3	2,690000E+0	-2,290000E+0	707,000000E+0	12,000000E+0
62	65,311000E+3	2,690000E+0	-2,290000E+0	707,000000E+0	12,000000E+0
63	65,311000E+3	2,690000E+0	-2,290000E+0	707,000000E+0	12,000000E+0
64	65,219000E+3	13,450000E+0	-3,893000E+0	651,000000E+0	12,000000E+0
65	65,219000E+3	13,450000E+0	-3,893000E+0	651,000000E+0	12,000000E+0
66	65,219000E+3	13,450000E+0	-3,893000E+0	651,000000E+0	12,000000E+0
67	65,219000E+3	13,450000E+0	-3,893000E+0	651,000000E+0	12,000000E+0
68	65,212000E+3	16,140000E+0	-4,351000E+0	582,000000E+0	12,000000E+0
69	65,212000E+3	16,140000E+0	-4,351000E+0	582,000000E+0	12,000000E+0
70	65,212000E+3	16,140000E+0	-4,351000E+0	582,000000E+0	12,000000E+0
71	65,212000E+3	16,140000E+0	-4,351000E+0	582,000000E+0	12,000000E+0
72	65,296000E+3	5,380000E+0	-3,664000E+0	521,000000E+0	12,000000E+0
73	65,296000E+3	5,380000E+0	-3,664000E+0	521,000000E+0	12,000000E+0
74	65,296000E+3	5,380000E+0	-3,664000E+0	521,000000E+0	12,000000E+0
75	65,296000E+3	5,380000E+0	-3,664000E+0	521,000000E+0	12,000000E+0
76	65,458000E+3	0,000000E+0	-1,603000E+0	484,000000E+0	12,000000E+0
77	65,458000E+3	0,000000E+0	-1,603000E+0	484,000000E+0	12,000000E+0
78	65,458000E+3	0,000000E+0	-1,603000E+0	484,000000E+0	12,000000E+0
79	65,458000E+3	0,000000E+0	-1,603000E+0	484,000000E+0	12,000000E+0
80	91,000000E+0	176,289150E+3	458,000000E-3	481,000000E+0	12,000000E+0
81	91,000000E+0	176,289150E+3	458,000000E-3	481,000000E+0	12,000000E+0
82	91,000000E+0	176,289150E+3	458,000000E-3	481,000000E+0	12,000000E+0
83	91,000000E+0	176,289150E+3	458,000000E-3	481,000000E+0	12,000000E+0
84	217,000000E+0	176,275700E+3	2,290000E+0	510,000000E+0	12,000000E+0
85	217,000000E+0	176,275700E+3	2,290000E+0	510,000000E+0	12,000000E+0
86	217,000000E+0	176,275700E+3	2,290000E+0	510,000000E+0	12,000000E+0
87	217,000000E+0	176,275700E+3	2,290000E+0	510,000000E+0	12,000000E+0
88	210,000000E+0	176,273010E+3	2,977000E+0	556,000000E+0	12,000000E+0
89	210,000000E+0	176,273010E+3	2,977000E+0	556,000000E+0	12,000000E+0
90	210,000000E+0	176,273010E+3	2,977000E+0	556,000000E+0	12,000000E+0
91	210,000000E+0	176,273010E+3	2,977000E+0	556,000000E+0	12,000000E+0
92	154,000000E+0	176,281080E+3	2,290000E+0	596,000000E+0	12,000000E+0
93	154,000000E+0	176,281080E+3	2,290000E+0	596,000000E+0	12,000000E+0
94	154,000000E+0	176,281080E+3	2,290000E+0	596,000000E+0	12,000000E+0
95	154,000000E+0	176,281080E+3	2,290000E+0	596,000000E+0	12,000000E+0
96	189,000000E+0	176,278390E+3	2,290000E+0	633,000000E+0	12,000000E+0
97	189,000000E+0	176,278390E+3	2,290000E+0	633,000000E+0	12,000000E+0
98	189,000000E+0	176,278390E+3	2,290000E+0	633,000000E+0	12,000000E+0
99	189,000000E+0	176,278390E+3	2,290000E+0	633,000000E+0	12,000000E+0
100	154,000000E+0	176,281080E+3	2,061000E+0	670,000000E+0	12,000000E+0
101	154,000000E+0	176,281080E+3	2,061000E+0	670,000000E+0	12,000000E+0
102	154,000000E+0	176,281080E+3	2,061000E+0	670,000000E+0	12,000000E+0
103	154,000000E+0	176,281080E+3	2,061000E+0	670,000000E+0	12,000000E+0
104	98,000000E+0	176,286460E+3	1,603000E+0	698,000000E+0	12,000000E+0
105	98,000000E+0	176,286460E+3	1,603000E+0	698,000000E+0	12,000000E+0
106	98,000000E+0	176,286460E+3	1,603000E+0	698,000000E+0	12,000000E+0
107	98,000000E+0	176,286460E+3	1,603000E+0	698,000000E+0	12,000000E+0
108	63,000000E+0	176,289150E+3	916,000000E-3	716,000000E+0	12,000000E+0
109	63,000000E+0	176,289150E+3	916,000000E-3	716,000000E+0	12,000000E+0
110	63,000000E+0	176,289150E+3	916,000000E-3	716,000000E+0	12,000000E+0
111	63,000000E+0	176,289150E+3	916,000000E-3	716,000000E+0	12,000000E+0
112	49,000000E+0	0,000000E+0	687,000000E-3	728,000000E+0	12,000000E+0
113	49,000000E+0	0,000000E+0	687,000000E-3	728,000000E+0	12,000000E+0
114	49,000000E+0	0,000000E+0	687,000000E-3	728,000000E+0	12,000000E+0
115	49,000000E+0	0,000000E+0	687,000000E-3	728,000000E+0	12,000000E+0
116	49,000000E+0	176,289150E+3	458,000000E-3	738,000000E+0	12,000000E+0
117	49,000000E+0	176,289150E+3	458,000000E-3	738,000000E+0	12,000000E+0
118	49,000000E+0	176,289150E+3	458,000000E-3	738,000000E+0	12,000000E+0
119	49,000000E+0	176,289150E+3	458,000000E-3	738,000000E+0	12,000000E+0
120	63,000000E+0	0,000000E+0	687,000000E-3	749,000000E+0	12,000000E+0
121	63,000000E+0	0,000000E+0	687,000000E-3	749,000000E+0	12,000000E+0
122	63,000000E+0	0,000000E+0	687,000000E-3	749,000000E+0	12,000000E+0
123	63,000000E+0	0,000000E+0	687,000000E-3	749,000000E+0	12,000000E+0
124	105,000000E+0	176,289150E+3	1,145000E+0	765,000000E+0	12,000000E+0
125	105,000000E+0	176,289150E+3	1,145000E+0	765,000000E+0	12,000000E+0
126	105,000000E+0	176,289150E+3	1,145000E+0	765,000000E+0	12,000000E+0
127	105,000000E+0	176,289150E+3	1,145000E+0	765,000000E+0	12,000000E+0
128	182,000000E+0	176,281080E+3	1,832000E+0	792,000000E+0	12,000000E+0
129	182,000000E+0	176,281080E+3	1,832000E+0	792,000000E+0	12,000000E+0
130	182,000000E+0	176,281080E+3	1,832000E+0	792,000000E+0	12,000000E+0
131	182,000000E+0	176,281080E+3	1,832000E+0	792,000000E+0	12,000000E+0
132	379,000000E+0	176,254180E+3	4,351000E+0	847,000000E+0	12,000000E+0
133	379,000000E+0	176,254180E+3	4,351000E+0	847,000000E+0	12,000000E+0
134	379,000000E+0	176,254180E+3	4,351000E+0	847,000000E+0	12,000000E+0
135	379,000000E+0	176,254180E+3	4,351000E+0	847,000000E+0	12,000000E+0
136	351,000000E+0	176,259560E+3	5,038000E+0	927,000000E+0	12,000000E+0
137	351,000000E+0	176,259560E+3	5,038000E+0	927,000000E+0	12,000000E+0
138	351,000000E+0	176,259560E+3	5,038000E+0	927,000000E+0	12,000000E+0
139	351,000000E+0	176,259560E+3	5,038000E+0	927,000000E+0	12,000000E+0
140	65,437000E+3	0,000000E+0	687,000000E-3	965,000000E+0	12,000000E+0
141	65,437000E+3	0,000000E+0	687,000000E-3	965,000000E+0	12,000000E+0
142	65,437000E+3	0,000000E+0	687,000000E-3	965,000000E+0	12,000000E+0
143	65,437000E+3	0,000000E+0	687,000000E-3	965,000000E+0	12,000000E+0
144	65,107000E+3	18,830000E+0	-4,122000E+0	917,000000E+0	12,000000E+0
145	65,107000E+3	18,830000E+0	-4,122000E+0	917,000000E+0	12,000000E+0
146	65,107000E+3	18,830000E+0	-4,122000E+0	917,000000E+0	12,000000E+0
147	65,107000E+3	18,830000E+0	-4,122000E+0	917,000000E+0	12,000000E+0
148	64,980000E+3	21,520000E+0	-6,870000E+0	815,000000E+0	12,000000E+0
149	64,980000E+3	21,520000E+0	-6,870000E+0	815,000000E+0	12,000000E+0
150	64,980000E+3	21,520000E+0	-6,870000E+0	815,000000E+0	12,000000E+0
151	64,980000E+3	21,520000E+0	-6,870000E+0	815,000000E+0	12,000000E+0
152	64,994000E+3	29,590000E+0	-7,786000E+0	697,000000E+0	12,000000E+0
153	64,994000E+3	29,590000E+0	-7,786000E+0	697,000000E+0	12,000000E+0
154	64,994000E+3	29,590000E+0	-7,786000E+0	697,000000E+0	12,000000E+0
155	64,994000E+3	29,590000E+0	-7,786000E+0	697,000000E+0	12,000000E+0
156	65,170000E+3	21,520000E+0	-5,954000E+0	595,000000E+0	12,000000E+0
157	65,170000E+3	21,520000E+0	-5,954000E+0	595,000000E+0	12,000000E+0
158	65,170000E+3	21,520000E+0	-5,954000E+0	595,000000E+0	12,000000E+0
159	65,170000E+3	21,520000E+0	-5,954000E+0	595,000000E+0	12,000000E+0
160	65,423000E+3	0,000000E+0	-2,748000E+0	538,000000E+0	12,000000E+0
161	65,423000E+3	0,000000E+0	-2,748000E+0	538,000000E+0	12,000000E+0
162	65,423000E+3	0,000000E+0	-2,748000E+0	538,000000E+0	12,000000E+0
163	65,423000E+3	0,000000E+0	-2,748000E+0	538,000000E+0	12,000000E+0
164	105,000000E+0	176,286460E+3	229,000000E-3	532,000000E+0	12,000000E+0
165	105,000000E+0	176,286460E+3	229,000000E-3	532,000000E+0	12,000000E+0
166	105,000000E+0	176,286460E+3	229,000000E-3	532,000000E+0	12,000000E+0
167	105,000000E+0	176,286460E+3	229,000000E-3	532,000000E+0	12,000000E+0
168	182,000000E+0	176,273010E+3	2,290000E+0	561,000000E+0	12,000000E+0
169	182,000000E+0	176,273010E+3	2,290000E+0	561,000000E+0	12,000000E+0
170	182,000000E+0	176,273010E+3	2,290000E+0	561,000000E+0	12,000000E+0
171	182,000000E+0	176,273010E+3	2,290000E+0	561,000000E+0	12,000000E+0
172	154,000000E+0	176,281080E+3	2,290000E+0	596,000000E+0	12,000000E+0
173	154,000000E+0	176,281080E+3	2,290000E+0	596,000000E+0	12,000000E+0
174	154,000000E+0	176,281080E+3	2,290000E+0	596,000000E+0	12,000000E+0
175	154,000000E+0	176,281080E+3	2,290000E+0	596,000000E+0	12,000000E+0
176	189,000000E+0	176,273010E+3	2,290000E+0	633,000000E+0	12,000000E+0
177	189,000000E+0	176,273010E+3	2,290000E+0	633,000000E+0	12,000000E+0
178	189,000000E+0	176,273010E+3	2,290000E+0	633,000000E+0	12,000000E+0
179	189,000000E+0	176,273010E+3	2,290000E+0	633,000000E+0	12,000000E+0
180	154,000000E+0	176,281080E+3	2,290000E+0	671,000000E+0	12,000000E+0
181	154,000000E+0	176,281080E+3	2,290000E+0	671,000000E+0	12,000000E+0
182	154,000000E+0	176,281080E+3	2,290000E+0	671,000000E+0	12,000000E+0
183	154,000000E+0	176,281080E+3	2,290000E+0	671,000000E+0	12,000000E+0
184	98,000000E+0	176,286460E+3	1,603000E+0	698,000000E+0	12,000000E+0
185	98,000000E+0	176,286460E+3	1,603000E+0	698,000000E+0	12,000000E+0
186	98,000000E+0	176,286460E+3	1,603000E+0	698,000000E+0	12,000000E+0
187	98,000000E+0	176,286460E+3	1,603000E+0	698,000000E+0	12,000000E+0
188	63,000000E+0	176,289150E+3	916,000000E-3	716,000000E+0	12,000000E+0
189	63,000000E+0	176,289150E+3	916,000000E-3	716,000000E+0	12,000000E+0
190	63,000000E+0	176,289150E+3	916,000000E-3	716,000000E+0	12,000000E+0
191	63,000000E+0	176,289150E+3	916,000000E-3	716,000000E+0	12,000000E+0
192	49,000000E+0	176,289150E+3	687,000000E-3	728,000000E+0	12,000000E+0
193	49,000000E+0	176,289150E+3	687,000000E-3	728,000000E+0	12,000000E+0
194	49,000000E+0	176,289150E+3	687,000000E-3	728,000000E+0	12,000000E+0
195	49,000000E+0	176,289150E+3	687,000000E-3	728,000000E+0	12,000000E+0
196	49,000000E+0	0,000000E+0	458,000000E-3	738,000000E+0	12,000000E+0
197	49,000000E+0	0,000000E+0	458,000000E-3	738,000000E+0	12,000000E+0
198	49,000000E+0	0,000000E+0	458,000000E-3	738,000000E+0	12,000000E+0
199	49,000000E+0	0,000000E+0	458,000000E-3	738,000000E+0	12,000000E+0
200	63,000000E+0	176,289150E+3	687,000000E-3	749,000000E+0	12,000000E+0
201	63,000000E+0	176,289150E+3	687,000000E-3	749,000000E+0	12,000000E+0
202	63,000000E+0	176,289150E+3	687,000000E-3	749,000000E+0	12,000000E+0
203	63,000000E+0	176,289150E+3	687,000000E-3	749,000000E+0	12,000000E+0
204	98,000000E+0	176,286460E+3	1,145000E+0	765,000000E+0	12,000000E+0
205	98,000000E+0	176,286460E+3	1,145000E+0	765,000000E+0	12,000000E+0
206	98,000000E+0	176,286460E+3	1,145000E+0	765,000000E+0	12,000000E+0
207	98,000000E+0	176,286460E+3	1,145000E+0	765,000000E+0	12,000000E+0
208	175,000000E+0	176,278390E+3	2,061000E+0	792,000000E+0	12,000000E+0
209	175,000000E+0	176,278390E+3	2,061000E+0	792,000000E+0	12,000000E+0
210	175,000000E+0	176,278390E+3	2,061000E+0	792,000000E+0	12,000000E+0
211	175,000000E+0	176,278390E+3	2,061000E+0	792,000000E+0	12,000000E+0
212	379,000000E+0	176,254180E+3	4,351000E+0	848,000000E+0	12,000000E+0
213	379,000000E+0	176,254180E+3	4,351000E+0	848,000000E+0	12,000000E+0
214	379,000000E+0	176,254180E+3	4,351000E+0	848,000000E+0	12,000000E+0
215	379,000000E+0	176,254180E+3	4,351000E+0	848,000000E+0	12,000000E+0
216	351,000000E+0	176,254180E+3	5,038000E+0	927,000000E+0	12,000000E+0
217	351,000000E+0	176,254180E+3	5,038000E+0	927,000000E+0	12,000000E+0
218	351,000000E+0	176,254180E+3	5,038000E+0	927,000000E+0	12,000000E+0
219	351,000000E+0	176,254180E+3	5,038000E+0	927,000000E+0	12,000000E+0
220	65,437000E+3	0,000000E+0	687,000000E-3	965,000000E+0	12,000000E+0
221	65,437000E+3	0,000000E+0	687,000000E-3	965,000000E+0	12,000000E+0
222	65,437000E+3	0,000000E+0	687,000000E-3	965,000000E+0	12,000000E+0
223	65,437000E+3	0,000000E+0	687,000000E-3	965,000000E+0	12,000000E+0
224	65,107000E+3	21,520000E+0	-4,122000E+0	917,000000E+0	12,000000E+0
225	65,107000E+3	21,520000E+0	-4,122000E+0	917,000000E+0	12,000000E+0
226	65,107000E+3	21,520000E+0	-4,122000E+0	917,000000E+0	12,000000E+0
227	65,107000E+3	21,520000E+0	-4,122000E+0	917,000000E+0	12,000000E+0
228	64,987000E+3	24,210000E+0	-7,099000E+0	815,000000E+0	12,000000E+0
229	64,987000E+3	24,210000E+0	-7,099000E+0	815,000000E+0	12,000000E+0
230	64,987000E+3	24,210000E+0	-7,099000E+0	815,000000E+0	12,000000E+0
231	64,987000E+3	24,210000E+0	-7,099000E+0	815,000000E+0	12,000000E+0
232	64,987000E+3	26,900000E+0	-7,557000E+0	697,000000E+0	12,000000E+0
233	64,987000E+3	26,900000E+0	-7,557000E+0	697,000000E+0	12,000000E+0
234	64,987000E+3	26,900000E+0	-7,557000E+0	697,000000E+0	12,000000E+0
235	64,987000E+3	26,900000E+0	-7,557000E+0	697,000000E+0	12,000000E+0
236	65,163000E+3	18,830000E+0	-5,725000E+0	596,000000E+0	12,000000E+0
237	65,163000E+3	18,830000E+0	-5,725000E+0	596,000000E+0	12,000000E+0
238	65,163000E+3	18,830000E+0	-5,725000E+0	596,000000E+0	12,000000E+0
239	65,163000E+3	18,830000E+0	-5,725000E+0	596,000000E+0	12,000000E+0
240	65,423000E+3	0,000000E+0	-2,748000E+0	538,000000E+0	12,000000E+0
241	65,423000E+3	0,000000E+0	-2,748000E+0	538,000000E+0	12,000000E+0
242	65,423000E+3	0,000000E+0	-2,748000E+0	538,000000E+0	12,000000E+0
243	65,423000E+3	0,000000E+0	-2,748000E+0	538,000000E+0	12,000000E+0
244	105,000000E+0	176,286460E+3	229,000000E-3	531,000000E+0	12,000000E+0
245	105,000000E+0	176,286460E+3	229,000000E-3	531,000000E+0	12,000000E+0
246	105,000000E+0	176,286460E+3	229,000000E-3	531,000000E+0	12,000000E+0
247	105,000000E+0	176,286460E+3	229,000000E-3	531,000000E+0	12,000000E+0
248	182,000000E+0	176,281080E+3	2,061000E+0	560,000000E+0	12,000000E+0
249	182,000000E+0	176,281080E+3	2,061000E+0	560,000000E+0	12,000000E+0
250	182,000000E+0	176,281080E+3	2,061000E+0	560,000000E+0	12,000000E+0
251	182,000000E+0	176,281080E+3	2,061000E+0	560,000000E+0	12,000000E+0
252	154,000000E+0	176,283770E+3	2,061000E+0	596,000000E+0	12,000000E+0
253	154,000000E+0	176,283770E+3	2,061000E+0	596,000000E+0	12,000000E+0
254	154,000000E+0	176,283770E+3	2,061000E+0	596,000000E+0	12,000000E+0
255	154,000000E+0	176,283770E+3	2,061000E+0	596,000000E+0	12,000000E+0
256	189,000000E+0	176,275700E+3	2,290000E+0	633,000000E+0	12,000000E+0
257	189,000000E+0	176,275700E+3	2,290000E+0	633,000000E+0	12,000000E+0
258	189,000000E+0	176,275700E+3	2,290000E+0	633,000000E+0	12,000000E+0
259	189,000000E+0	176,275700E+3	2,290000E+0	633,000000E+0	12,000000E+0
260	154,000000E+0	176,281080E+3	2,061000E+0	670,000000E+0	12,000000E+0
261	154,000000E+0	176,281080E+3	2,061000E+0	670,000000E+0	12,000000E+0
262	154,000000E+0	176,281080E+3	2,061000E+0	670,000000E+0	12,000000E+0
263	154,000000E+0	176,281080E+3	2,061000E+0	670,000000E+0	12,000000E+0
264	98,000000E+0	176,283770E+3	1,603000E+0	698,000000E+0	12,000000E+0
265	98,000000E+0	176,283770E+3	1,603000E+0	698,000000E+0	12,000000E+0
266	98,000000E+0	176,283770E+3	1,603000E+0	698,000000E+0	12,000000E+0
267	98,000000E+0	176,283770E+3	1,603000E+0	698,000000E+0	12,000000E+0
268	63,000000E+0	176,289150E+3	916,000000E-3	716,000000E+0	12,000000E+0
269	63,000000E+0	176,289150E+3	916,000000E-3	716,000000E+0	12,000000E+0
270	63,000000E+0	176,289150E+3	916,000000E-3	716,000000E+0	12,000000E+0
271	63,000000E+0	176,289150E+3	916,000000E-3	716,000000E+0	12,000000E+0
272	49,000000E+0	176,289150E+3	687,000000E-3	728,000000E+0	12,000000E+0
273	49,000000E+0	176,289150E+3	687,000000E-3	728,000000E+0	12,000000E+0
274	49,000000E+0	176,289150E+3	687,000000E-3	728,000000E+0	12,000000E+0
275	49,000000E+0	176,289150E+3	687,000000E-3	728,000000E+0	12,000000E+0
276	49,000000E+0	0,000000E+0	458,000000E-3	738,000000E+0	12,000000E+0
277	49,000000E+0	0,000000E+0	458,000000E-3	738,000000E+0	12,000000E+0
278	49,000000E+0	0,000000E+0	458,000000E-3	738,000000E+0	12,000000E+0
279	49,000000E+0	0,000000E+0	458,000000E-3	738,000000E+0	12,000000E+0
280	63,000000E+0	0,000000E+0	687,000000E-3	749,000000E+0	12,000000E+0
281	63,000000E+0	0,000000E+0	687,000000E-3	749,000000E+0	12,000000E+0
282	63,000000E+0	0,000000E+0	687,000000E-3	749,000000E+0	12,000000E+0
283	63,000000E+0	0,000000E+0	687,000000E-3	749,000000E+0	12,000000E+0
284	105,000000E+0	176,289150E+3	1,145000E+0	765,000000E+0	12,000000E+0
285	105,000000E+0	176,289150E+3	1,145000E+0	765,000000E+0	12,000000E+0
286	105,000000E+0	176,289150E+3	1,145000E+0	765,000000E+0	12,000000E+0
287	105,000000E+0	176,289150E+3	1,145000E+0	765,000000E+0	12,000000E+0
288	175,000000E+0	176,278390E+3	2,061000E+0	792,000000E+0	12,000000E+0
289	175,000000E+0	176,278390E+3	2,061000E+0	792,000000E+0	12,000000E+0
290	175,000000E+0	176,278390E+3	2,061000E+0	792,000000E+0	12,000000E+0
291	175,000000E+0	176,278390E+3	2,061000E+0	792,000000E+0	12,000000E+0
292	386,000000E+0	176,256870E+3	4,122000E+0	847,000000E+0	12,000000E+0
293	386,000000E+0	176,256870E+3	4,122000E+0	847,000000E+0	12,000000E+0
294	386,000000E+0	176,256870E+3	4,122000E+0	847,000000E+0	12,000000E+0
295	386,000000E+0	176,256870E+3	4,122000E+0	847,000000E+0	12,000000E+0
296	351,000000E+0	176,259560E+3	5,038000E+0	926,000000E+0	12,000000E+0
297	351,000000E+0	176,259560E+3	5,038000E+0	926,000000E+0	12,000000E+0
298	351,000000E+0	176,259560E+3	5,038000E+0	926,000000E+0	12,000000E+0
299	351,000000E+0	176,259560E+3	5,038000E+0	926,000000E+0	12,000000E+0
300	65,437000E+3	0,000000E+0	687,000000E-3	965,000000E+0	12,000000E+0
301	65,437000E+3	0,000000E+0	687,000000E-3	965,000000E+0	12,000000E+0
302	65,437000E+3	0,000000E+0	687,000000E-3	965,000000E+0	12,000000E+0
303	65,437000E+3	0,000000E+0	687,000000E-3	965,000000E+0	12,000000E+0
304	65,107000E+3	21,520000E+0	-4,122000E+0	917,000000E+0	12,000000E+0
305	65,107000E+3	21,520000E+0	-4,122000E+0	917,000000E+0	12,000000E+0
306	65,107000E+3	21,520000E+0	-4,122000E+0	917,000000E+0	12,000000E+0
307	65,107000E+3	21,520000E+0	-4,122000E+0	917,000000E+0	12,000000E+0
308	64,987000E+3	24,210000E+0	-7,099000E+0	815,000000E+0	12,000000E+0
309	64,987000E+3	24,210000E+0	-7,099000E+0	815,000000E+0	12,000000E+0
310	64,987000E+3	24,210000E+0	-7,099000E+0	815,000000E+0	12,000000E+0
311	64,987000E+3	24,210000E+0	-7,099000E+0	815,000000E+0	12,000000E+0
312	64,994000E+3	29,590000E+0	-7,557000E+0	698,000000E+0	12,000000E+0
313	64,994000E+3	29,590000E+0	-7,557000E+0	698,000000E+0	12,000000E+0
314	64,994000E+3	29,590000E+0	-7,557000E+0	698,000000E+0	12,000000E+0
315	64,994000E+3	29,590000E+0	-7,557000E+0	698,000000E+0	12,000000E+0
316	65,177000E+3	24,210000E+0	-5,954000E+0	595,000000E+0	12,000000E+0
317	65,177000E+3	24,210000E+0	-5,954000E+0	595,000000E+0	12,000000E+0
318	65,177000E+3	24,210000E+0	-5,954000E+0	595,000000E+0	12,000000E+0
319	65,177000E+3	24,210000E+0	-5,954000E+0	595,000000E+0	12,000000E+0
320	65,423000E+3	0,000000E+0	-2,748000E+0	538,000000E+0	12,000000E+0
321	65,423000E+3	0,000000E+0	-2,748000E+0	538,000000E+0	12,000000E+0
322	65,423000E+3	0,000000E+0	-2,748000E+0	538,000000E+0	12,000000E+0
323	65,423000E+3	0,000000E+0	-2,748000E+0	538,000000E+0	12,000000E+0
324	105,000000E+0	176,286460E+3	229,000000E-3	531,000000E+0	12,000000E+0
325	105,000000E+0	176,286460E+3	229,000000E-3	531,000000E+0	12,000000E+0
326	105,000000E+0	176,286460E+3	229,000000E-3	531,000000E+0	12,000000E+0
327	105,000000E+0	176,286460E+3	229,000000E-3	531,000000E+0	12,000000E+0
328	189,000000E+0	176,278390E+3	2,061000E+0	560,000000E+0	12,000000E+0
329	189,000000E+0	176,278390E+3	2,061000E+0	560,000000E+0	12,000000E+0
330	189,000000E+0	176,278390E+3	2,061000E+0	560,000000E+0	12,000000E+0
331	189,000000E+0	176,278390E+3	2,061000E+0	560,000000E+0	12,000000E+0
332	154,000000E+0	176,281080E+3	2,290000E+0	596,000000E+0	12,000000E+0
333	154,000000E+0	176,281080E+3	2,290000E+0	596,000000E+0	12,000000E+0
334	154,000000E+0	176,281080E+3	2,290000E+0	596,000000E+0	12,000000E+0
335	154,000000E+0	176,281080E+3	2,290000E+0	596,000000E+0	12,000000E+0
336	196,000000E+0	176,278390E+3	2,290000E+0	633,000000E+0	12,000000E+0
337	196,000000E+0	176,278390E+3	2,290000E+0	633,000000E+0	12,000000E+0
338	196,000000E+0	176,278390E+3	2,290000E+0	633,000000E+0	12,000000E+0
339	196,000000E+0	176,278390E+3	2,290000E+0	633,000000E+0	12,000000E+0
340	154,000000E+0	176,281080E+3	2,290000E+0	671,000000E+0	12,000000E+0
341	154,000000E+0	176,281080E+3	2,290000E+0	671,000000E+0	12,000000E+0
342	154,000000E+0	176,281080E+3	2,290000E+0	671,000000E+0	12,000000E+0
343	154,000000E+0	176,281080E+3	2,290000E+0	671,000000E+0	12,000000E+0
344	98,000000E+0	176,286460E+3	1,603000E+0	698,000000E+0	12,000000E+0
345	98,000000E+0	176,286460E+3	1,603000E+0	698,000000E+0	12,000000E+0
346	98,000000E+0	176,286460E+3	1,603000E+0	698,000000E+0	12,000000E+0
347	98,000000E+0	176,286460E+3	1,603000E+0	698,000000E+0	12,000000E+0
348	63,000000E+0	176,289150E+3	916,000000E-3	716,000000E+0	12,000000E+0
349	63,000000E+0	176,289150E+3	916,000000E-3	716,000000E+0	12,000000E+0
350	63,000000E+0	176,289150E+3	916,000000E-3	716,000000E+0	12,000000E+0
351	63,000000E+0	176,289150E+3	916,000000E-3	716,000000E+0	12,000000E+0
352	49,000000E+0	0,000000E+0	687,000000E-3	728,000000E+0	12,000000E+0
353	49,000000E+0	0,000000E+0	687,000000E-3	728,000000E+0	12,000000E+0
354	49,000000E+0	0,000000E+0	687,000000E-3	728,000000E+0	12,000000E+0
355	49,000000E+0	0,000000E+0	687,000000E-3	728,000000E+0	12,000000E+0
356	49,000000E+0	176,289150E+3	458,000000E-3	738,000000E+0	12,000000E+0
357	49,000000E+0	176,289150E+3	458,000000E-3	738,000000E+0	12,000000E+0
358	49,000000E+0	176,289150E+3	458,000000E-3	738,000000E+0	12,000000E+0
359	49,000000E+0	176,289150E+3	458,000000E-3	738,000000E+0	12,000000E+0
360	63,000000E+0	0,000000E+0	687,000000E-3	749,000000E+0	12,000000E+0
361	63,000000E+0	0,000000E+0	687,000000E-3	749,000000E+0	12,000000E+0
362	63,000000E+0	0,000000E+0	687,000000E-3	749,000000E+0	12,000000E+0
363	63,000000E+0	0,000000E+0	687,000000E-3	749,000000E+0	12,000000E+0
364	105,000000E+0	176,289150E+3	1,145000E+0	764,000000E+0	12,000000E+0
365	105,000000E+0	176,289150E+3	1,145000E+0	764,000000E+0	12,000000E+0
366	105,000000E+0	176,289150E+3	1,145000E+0	764,000000E+0	12,000000E+0
367	105,000000E+0	176,289150E+3	1,145000E+0	764,000000E+0	12,000000E+0
368	182,000000E+0	176,283770E+3	1,832000E+0	792,000000E+0	12,000000E+0
369	182,000000E+0	176,283770E+3	1,832000E+0	792,000000E+0	12,000000E+0
370	182,000000E+0	176,283770E+3	1,832000E+0	792,000000E+0	12,000000E+0
371	182,000000E+0	176,283770E+3	1,832000E+0	792,000000E+0	12,000000E+0
372	379,000000E+0	176,256870E+3	4,351000E+0	848,000000E+0	12,000000E+0
373	379,000000E+0	176,256870E+3	4,351000E+0	848,000000E+0	12,000000E+0
374	379,000000E+0	176,256870E+3	4,351000E+0	848,000000E+0	12,000000E+0
375	379,000000E+0	176,256870E+3	4,351000E+0	848,000000E+0	12,000000E+0
376	344,000000E+0	176,259560E+3	5,038000E+0	927,000000E+0	12,000000E+0
377	344,000000E+0	176,259560E+3	5,038000E+0	927,000000E+0	12,000000E+0
378	344,000000E+0	176,259560E+3	5,038000E+0	927,000000E+0	12,000000E+0
379	344,000000E+0	176,259560E+3	5,038000E+0	927,000000E+0	12,000000E+0
380	65,437000E+3	0,000000E+0	687,000000E-3	965,000000E+0	12,000000E+0
381	65,437000E+3	0,000000E+0	687,000000E-3	965,000000E+0	12,000000E+0
382	65,437000E+3	0,000000E+0	687,000000E-3	965,000000E+0	12,000000E+0
383	65,437000E+3	0,000000E+0	687,000000E-3	965,000000E+0	12,000000E+0
384	65,107000E+3	18,830000E+0	-4,122000E+0	918,000000E+0	12,000000E+0
385	65,107000E+3	18,830000E+0	-4,122000E+0	918,000000E+0	12,000000E+0
386	65,107000E+3	18,830000E+0	-4,122000E+0	918,000000E+0	12,000000E+0
387	65,107000E+3	18,830000E+0	-4,122000E+0	918,000000E+0	12,000000E+0
388	64,987000E+3	21,520000E+0	-7,099000E+0	815,000000E+0	12,000000E+0
389	64,987000E+3	21,520000E+0	-7,099000E+0	815,000000E+0	12,000000E+0
390	64,987000E+3	21,520000E+0	-7,099000E+0	815,000000E+0	12,000000E+0
391	64,987000E+3	21,520000E+0	-7,099000E+0	815,000000E+0	12,000000E+0
392	65,001000E+3	29,590000E+0	-7,786000E+0	697,000000E+0	12,000000E+0
393	65,001000E+3	29,590000E+0	-7,786000E+0	697,000000E+0	12,000000E+0
394	65,001000E+3	29,590000E+0	-7,786000E+0	697,000000E+0	12,000000E+0
395	65,001000E+3	29,590000E+0	-7,786000E+0	697,000000E+0	12,000000E+0
396	65,170000E+3	21,520000E+0	-5,954000E+0	595,000000E+0	12,000000E+0
397	65,170000E+3	21,520000E+0	-5,954000E+0	595,000000E+0	12,000000E+0
398	65,170000E+3	21,520000E+0	-5,954000E+0	595,000000E+0	12,000000E+0
399	65,170000E+3	21,520000E+0	-5,954000E+0	595,000000E+0	12,000000E+0
400	65,423000E+3	0,000000E+0	-2,748000E+0	538,000000E+0	12,000000E+0
401	65,423000E+3	0,000000E+0	-2,748000E+0	538,000000E+0	12,000000E+0
402	65,423000E+3	0,000000E+0	-2,748000E+0	538,000000E+0	12,000000E+0
403	65,423000E+3	0,000000E+0	-2,748000E+0	538,000000E+0	12,000000E+0
404	105,000000E+0	176,289150E+3	229,000000E-3	532,000000E+0	12,000000E+0
405	105,000000E+0	176,289150E+3	229,000000E-3	532,000000E+0	12,000000E+0
406	105,000000E+0	176,289150E+3	229,000000E-3	532,000000E+0	12,000000E+0
407	105,000000E+0	176,289150E+3	229,000000E-3	532,000000E+0	12,000000E+0
408	182,000000E+0	176,278390E+3	2,061000E+0	560,000000E+0	12,000000E+0
409	182,000000E+0	176,278390E+3	2,061000E+0	560,000000E+0	12,000000E+0
410	182,000000E+0	176,278390E+3	2,061000E+0	560,000000E+0	12,000000E+0
411	182,000000E+0	176,278390E+3	2,061000E+0	560,000000E+0	12,000000E+0
412	154,000000E+0	176,283770E+3	2,290000E+0	597,000000E+0	12,000000E+0
413	154,000000E+0	176,283770E+3	2,290000E+0	597,000000E+0	12,000000E+0
414	154,000000E+0	176,283770E+3	2,290000E+0	597,000000E+0	12,000000E+0
415	154,000000E+0	176,283770E+3	2,290000E+0	597,000000E+0	12,000000E+0
416	189,000000E+0	176,275700E+3	2,290000E+0	634,000000E+0	12,000000E+0
417	189,000000E+0	176,275700E+3	2,290000E+0	634,000000E+0	12,000000E+0
418	189,000000E+0	176,275700E+3	2,290000E+0	634,000000E+0	12,000000E+0
419	189,000000E+0	176,275700E+3	2,290000E+0	634,000000E+0	12,000000E+0
420	154,000000E+0	176,281080E+3	2,061000E+0	670,000000E+0	12,000000E+0
421	154,000000E+0	176,281080E+3	2,061000E+0	670,000000E+0	12,000000E+0
422	154,000000E+0	176,281080E+3	2,061000E+0	670,000000E+0	12,000000E+0
423	154,000000E+0	176,281080E+3	2,061000E+0	670,000000E+0	12,000000E+0
424	98,000000E+0	176,286460E+3	1,603000E+0	699,000000E+0	12,000000E+0
425	98,000000E+0	176,286460E+3	1,603000E+0	699,000000E+0	12,000000E+0
426	98,000000E+0	176,286460E+3	1,603000E+0	699,000000E+0	12,000000E+0
427	98,000000E+0	176,286460E+3	1,603000E+0	699,000000E+0	12,000000E+0
428	63,000000E+0	0,000000E+0	916,000000E-3	716,000000E+0	12,000000E+0
429	63,000000E+0	0,000000E+0	916,000000E-3	716,000000E+0	12,000000E+0
430	63,000000E+0	0,000000E+0	916,000000E-3	716,000000E+0	12,000000E+0
431	63,000000E+0	0,000000E+0	916,000000E-3	716,000000E+0	12,000000E+0
432	49,000000E+0	0,000000E+0	687,000000E-3	728,000000E+0	12,000000E+0
433	49,000000E+0	0,000000E+0	687,000000E-3	728,000000E+0	12,000000E+0
434	49,000000E+0	0,000000E+0	687,000000E-3	728,000000E+0	12,000000E+0
435	49,000000E+0	0,000000E+0	687,000000E-3	728,000000E+0	12,000000E+0
436	49,000000E+0	176,289150E+3	458,000000E-3	738,000000E+0	12,000000E+0
437	49,000000E+0	176,289150E+3	458,000000E-3	738,000000E+0	12,000000E+0
438	49,000000E+0	176,289150E+3	458,000000E-3	738,000000E+0	12,000000E+0
439	49,000000E+0	176,289150E+3	458,000000E-3	738,000000E+0	12,000000E+0
440	70,000000E+0	176,289150E+3	687,000000E-3	749,000000E+0	12,000000E+0
441	70,000000E+0	176,289150E+3	687,000000E-3	749,000000E+0	12,000000E+0
442	70,000000E+0	176,289150E+3	687,000000E-3	749,000000E+0	12,000000E+0
443	70,000000E+0	176,289150E+3	687,000000E-3	749,000000E+0	12,000000E+0
444	98,000000E+0	176,289150E+3	1,145000E+0	765,000000E+0	12,000000E+0
445	98,000000E+0	176,289150E+3	1,145000E+0	765,000000E+0	12,000000E+0
446	98,000000E+0	176,289150E+3	1,145000E+0	765,000000E+0	12,000000E+0
447	98,000000E+0	176,289150E+3	1,145000E+0	765,000000E+0	12,000000E+0
448	175,000000E+0	176,281080E+3	2,061000E+0	792,000000E+0	12,000000E+0
449	175,000000E+0	176,281080E+3	2,061000E+0	792,000000E+0	12,000000E+0
450	175,000000E+0	176,281080E+3	2,061000E+0	792,000000E+0	12,000000E+0
451	175,000000E+0	176,281080E+3	2,061000E+0	792,000000E+0	12,000000E+0
452	379,000000E+0	176,254180E+3	4,351000E+0	848,000000E+0	12,000000E+0
453	379,000000E+0	176,254180E+3	4,351000E+0	848,000000E+0	12,000000E+0
454	379,000000E+0	176,254180E+3	4,351000E+0	848,000000E+0	12,000000E+0
455	379,000000E+0	176,254180E+3	4,351000E+0	848,000000E+0	12,000000E+0
456	351,000000E+0	176,256870E+3	5,038000E+0	927,000000E+0	12,000000E+0
457	351,000000E+0	176,256870E+3	5,038000E+0	927,000000E+0	12,000000E+0
458	351,000000E+0	176,256870E+3	5,038000E+0	927,000000E+0	12,000000E+0
459	351,000000E+0	176,256870E+3	5,038000E+0	927,000000E+0	12,000000E+0
460	65,437000E+3	0,000000E+0	687,000000E-3	965,000000E+0	12,000000E+0
461	65,437000E+3	0,000000E+0	687,000000E-3	965,000000E+0	12,000000E+0
462	65,437000E+3	0,000000E+0	687,000000E-3	965,000000E+0	12,000000E+0
463	65,437000E+3	0,000000E+0	687,000000E-3	965,000000E+0	12,000000E+0
464	65,107000E+3	18,830000E+0	-4,122000E+0	917,000000E+0	12,000000E+0
465	65,107000E+3	18,830000E+0	-4,122000E+0	917,000000E+0	12,000000E+0
466	65,107000E+3	18,830000E+0	-4,122000E+0	917,000000E+0	12,000000E+0
467	65,107000E+3	18,830000E+0	-4,122000E+0	917,000000E+0	12,000000E+0
468	64,980000E+3	24,210000E+0	-7,099000E+0	814,000000E+0	12,000000E+0
469	64,980000E+3	24,210000E+0	-7,099000E+0	814,000000E+0	12,000000E+0
470	64,980000E+3	24,210000E+0	-7,099000E+0	814,000000E+0	12,000000E+0
471	64,980000E+3	24,210000E+0	-7,099000E+0	814,000000E+0	12,000000E+0
472	64,994000E+3	29,590000E+0	-7,786000E+0	696,000000E+0	12,000000E+0
473	64,994000E+3	29,590000E+0	-7,786000E+0	696,000000E+0	12,000000E+0
474	64,994000E+3	29,590000E+0	-7,786000E+0	696,000000E+0	12,000000E+0
475	64,994000E+3	29,590000E+0	-7,786000E+0	696,000000E+0	12,000000E+0
476	65,170000E+3	21,520000E+0	-5,954000E+0	594,000000E+0	12,000000E+0
477	65,170000E+3	21,520000E+0	-5,954000E+0	594,000000E+0	12,000000E+0
478	65,170000E+3	21,520000E+0	-5,954000E+0	594,000000E+0	12,000000E+0
479	65,170000E+3	21,520000E+0	-5,954000E+0	594,000000E+0	12,000000E+0
480	65,423000E+3	0,000000E+0	-2,748000E+0	538,000000E+0	12,000000E+0
481	65,423000E+3	0,000000E+0	-2,748000E+0	538,000000E+0	12,000000E+0
482	65,423000E+3	0,000000E+0	-2,748000E+0	538,000000E+0	12,000000E+0
483	65,423000E+3	0,000000E+0	-2,748000E+0	538,000000E+0	12,000000E+0
484	105,000000E+0	176,289150E+3	229,000000E-3	531,000000E+0	12,000000E+0
485	105,000000E+0	176,289150E+3	229,000000E-3	531,000000E+0	12,000000E+0
486	105,000000E+0	176,289150E+3	229,000000E-3	531,000000E+0	12,000000E+0
487	105,000000E+0	176,289150E+3	229,000000E-3	531,000000E+0	12,000000E+0
488	182,000000E+0	176,275700E+3	2,290000E+0	560,000000E+0	12,000000E+0
489	182,000000E+0	176,275700E+3	2,290000E+0	560,000000E+0	12,000000E+0
490	182,000000E+0	176,275700E+3	2,290000E+0	560,000000E+0	12,000000E+0
491	182,000000E+0	176,275700E+3	2,290000E+0	560,000000E+0	12,000000E+0
492	154,000000E+0	176,281080E+3	2,290000E+0	597,000000E+0	12,000000E+0
493	154,000000E+0	176,281080E+3	2,290000E+0	597,000000E+0	12,000000E+0
494	154,000000E+0	176,281080E+3	2,290000E+0	597,000000E+0	12,000000E+0
495	154,000000E+0	176,281080E+3	2,290000E+0	597,000000E+0	12,000000E+0
496	189,000000E+0	176,275700E+3	2,290000E+0	633,000000E+0	12,000000E+0
497	189,000000E+0	176,275700E+3	2,290000E+0	633,000000E+0	12,000000E+0
498	189,000000E+0	176,275700E+3	2,290000E+0	633,000000E+0	12,000000E+0
499	189,000000E+0	176,275700E+3	2,290000E+0	633,000000E+0	12,000000E+0
500	147,000000E+0	176,281080E+3	2,290000E+0	671,000000E+0	12,000000E+0
501	147,000000E+0	176,281080E+3	2,290000E+0	671,000000E+0	12,000000E+0
502	147,000000E+0	176,281080E+3	2,290000E+0	671,000000E+0	12,000000E+0
503	147,000000E+0	176,281080E+3	2,290000E+0	671,000000E+0	12,000000E+0
504	98,000000E+0	176,286460E+3	1,603000E+0	698,000000E+0	12,000000E+0
505	98,000000E+0	176,286460E+3	1,603000E+0	698,000000E+0	12,000000E+0
506	98,000000E+0	176,286460E+3	1,603000E+0	698,000000E+0	12,000000E+0
507	98,000000E+0	176,286460E+3	1,603000E+0	698,000000E+0	12,000000E+0
508	63,000000E+0	0,000000E+0	916,000000E-3	716,000000E+0	12,000000E+0
509	63,000000E+0	0,000000E+0	916,000000E-3	716,000000E+0	12,000000E+0
510	63,000000E+0	0,000000E+0	916,000000E-3	716,000000E+0	12,000000E+0
511	63,000000E+0	0,000000E+0	916,000000E-3	716,000000E+0	12,000000E+0
512	49,000000E+0	0,000000E+0	687,000000E-3	728,000000E+0	12,000000E+0
513	49,000000E+0	0,000000E+0	687,000000E-3	728,000000E+0	12,000000E+0
514	49,000000E+0	0,000000E+0	687,000000E-3	728,000000E+0	12,000000E+0
515	49,000000E+0	0,000000E+0	687,000000E-3	728,000000E+0	12,000000E+0
516	49,000000E+0	176,289150E+3	458,000000E-3	738,000000E+0	12,000000E+0
517	49,000000E+0	176,289150E+3	458,000000E-3	738,000000E+0	12,000000E+0
518	49,000000E+0	176,289150E+3	458,000000E-3	738,000000E+0	12,000000E+0
519	49,000000E+0	176,289150E+3	458,000000E-3	738,000000E+0	12,000000E+0
520	63,000000E+0	0,000000E+0	687,000000E-3	749,000000E+0	12,000000E+0
521	63,000000E+0	0,000000E+0	687,000000E-3	749,000000E+0	12,000000E+0
522	63,000000E+0	0,000000E+0	687,000000E-3	749,000000E+0	12,000000E+0
523	63,000000E+0	0,000000E+0	687,000000E-3	749,000000E+0	12,000000E+0
524	98,000000E+0	176,289150E+3	1,145000E+0	765,000000E+0	12,000000E+0
525	98,000000E+0	176,289150E+3	1,145000E+0	765,000000E+0	12,000000E+0
526	98,000000E+0	176,289150E+3	1,145000E+0	765,000000E+0	12,000000E+0
527	98,000000E+0	176,289150E+3	1,145000E+0	765,000000E+0	12,000000E+0
528	182,000000E+0	176,281080E+3	1,832000E+0	792,000000E+0	12,000000E+0
529	182,000000E+0	176,281080E+3	1,832000E+0	792,000000E+0	12,000000E+0
530	182,000000E+0	176,281080E+3	1,832000E+0	792,000000E+0	12,000000E+0
531	182,000000E+0	176,281080E+3	1,832000E+0	792,000000E+0	12,000000E+0
532	379,000000E+0	176,256870E+3	4,351000E+0	848,000000E+0	12,000000E+0
533	379,000000E+0	176,256870E+3	4,351000E+0	848,000000E+0	12,000000E+0
534	379,000000E+0	176,256870E+3	4,351000E+0	848,000000E+0	12,000000E+0
535	379,000000E+0	176,256870E+3	4,351000E+0	848,000000E+0	12,000000E+0
536	351,000000E+0	176,259560E+3	5,038000E+0	926,000000E+0	12,000000E+0
537	351,000000E+0	176,259560E+3	5,038000E+0	926,000000E+0	12,000000E+0
538	351,000000E+0	176,259560E+3	5,038000E+0	926,000000E+0	12,000000E+0
539	351,000000E+0	176,259560E+3	5,038000E+0	926,000000E+0	12,000000E+0
540	65,437000E+3	0,000000E+0	687,000000E-3	965,000000E+0	12,000000E+0
541	65,437000E+3	0,000000E+0	687,000000E-3	965,000000E+0	12,000000E+0
542	65,437000E+3	0,000000E+0	687,000000E-3	965,000000E+0	12,000000E+0
543	65,437000E+3	0,000000E+0	687,000000E-3	965,000000E+0	12,000000E+0
544	65,107000E+3	21,520000E+0	-4,122000E+0	917,000000E+0	12,000000E+0
545	65,107000E+3	21,520000E+0	-4,122000E+0	917,000000E+0	12,000000E+0
546	65,107000E+3	21,520000E+0	-4,122000E+0	917,000000E+0	12,000000E+0
547	65,107000E+3	21,520000E+0	-4,122000E+0	917,000000E+0	12,000000E+0
548	64,973000E+3	21,520000E+0	-6,870000E+0	815,000000E+0	12,000000E+0
549	64,973000E+3	21,520000E+0	-6,870000E+0	815,000000E+0	12,000000E+0
550	64,973000E+3	21,520000E+0	-6,870000E+0	815,000000E+0	12,000000E+0
551	64,973000E+3	21,520000E+0	-6,870000E+0	815,000000E+0	12,000000E+0
552	64,987000E+3	24,210000E+0	-7,557000E+0	698,000000E+0	12,000000E+0
553	64,987000E+3	24,210000E+0	-7,557000E+0	698,000000E+0	12,000000E+0
554	64,987000E+3	24,210000E+0	-7,557000E+0	698,000000E+0	12,000000E+0
555	64,987000E+3	24,210000E+0	-7,557000E+0	698,000000E+0	12,000000E+0
556	65,170000E+3	24,210000E+0	-5,954000E+0	595,000000E+0	12,000000E+0
557	65,170000E+3	24,210000E+0	-5,954000E+0	595,000000E+0	12,000000E+0
558	65,170000E+3	24,210000E+0	-5,954000E+0	595,000000E+0	12,000000E+0
559	65,170000E+3	24,210000E+0	-5,954000E+0	595,000000E+0	12,000000E+0
560	65,423000E+3	0,000000E+0	-2,748000E+0	538,000000E+0	12,000000E+0
561	65,423000E+3	0,000000E+0	-2,748000E+0	538,000000E+0	12,000000E+0
562	65,423000E+3	0,000000E+0	-2,748000E+0	538,000000E+0	12,000000E+0
563	65,423000E+3	0,000000E+0	-2,748000E+0	538,000000E+0	12,000000E+0
564	105,000000E+0	176,286460E+3	229,000000E-3	531,000000E+0	12,000000E+0
565	105,000000E+0	176,286460E+3	229,000000E-3	531,000000E+0	12,000000E+0
566	105,000000E+0	176,286460E+3	229,000000E-3	531,000000E+0	12,000000E+0
567	105,000000E+0	176,286460E+3	229,000000E-3	531,000000E+0	12,000000E+0
568	182,000000E+0	176,275700E+3	2,061000E+0	560,000000E+0	12,000000E+0
569	182,000000E+0	176,275700E+3	2,061000E+0	560,000000E+0	12,000000E+0
570	182,000000E+0	176,275700E+3	2,061000E+0	560,000000E+0	12,000000E+0
571	182,000000E+0	176,275700E+3	2,061000E+0	560,000000E+0	12,000000E+0
572	154,000000E+0	176,281080E+3	2,290000E+0	596,000000E+0	12,000000E+0
573	154,000000E+0	176,281080E+3	2,290000E+0	596,000000E+0	12,000000E+0
574	154,000000E+0	176,281080E+3	2,290000E+0	596,000000E+0	12,000000E+0
575	154,000000E+0	176,281080E+3	2,290000E+0	596,000000E+0	12,000000E+0
576	189,000000E+0	176,275700E+3	2,290000E+0	633,000000E+0	12,000000E+0
577	189,000000E+0	176,275700E+3	2,290000E+0	633,000000E+0	12,000000E+0
578	189,000000E+0	176,275700E+3	2,290000E+0	633,000000E+0	12,000000E+0
579	189,000000E+0	176,275700E+3	2,290000E+0	633,000000E+0	12,000000E+0
580	147,000000E+0	176,283770E+3	2,290000E+0	671,000000E+0	12,000000E+0
581	147,000000E+0	176,283770E+3	2,290000E+0	671,000000E+0	12,000000E+0
582	147,000000E+0	176,283770E+3	2,290000E+0	671,000000E+0	12,000000E+0
583	147,000000E+0	176,283770E+3	2,290000E+0	671,000000E+0	12,000000E+0
584	98,000000E+0	176,289150E+3	1,603000E+0	698,000000E+0	12,000000E+0
585	98,000000E+0	176,289150E+3	1,603000E+0	698,000000E+0	12,000000E+0
586	98,000000E+0	176,289150E+3	1,603000E+0	698,000000E+0	12,000000E+0
587	98,000000E+0	176,289150E+3	1,603000E+0	698,000000E+0	12,000000E+0
588	63,000000E+0	0,000000E+0	916,000000E-3	716,000000E+0	12,000000E+0
589	63,000000E+0	0,000000E+0	916,000000E-3	716,000000E+0	12,000000E+0
590	63,000000E+0	0,000000E+0	916,000000E-3	716,000000E+0	12,000000E+0
591	63,000000E+0	0,000000E+0	916,000000E-3	716,000000E+0	12,000000E+0
592	49,000000E+0	0,000000E+0	687,000000E-3	728,000000E+0	12,000000E+0
593	49,000000E+0	0,000000E+0	687,000000E-3	728,000000E+0	12,000000E+0
594	49,000000E+0	0,000000E+0	687,000000E-3	728,000000E+0	12,000000E+0
595	49,000000E+0	0,000000E+0	687,000000E-3	728,000000E+0	12,000000E+0
596	49,000000E+0	176,289150E+3	458,000000E-3	738,000000E+0	12,000000E+0
597	49,000000E+0	176,289150E+3	458,000000E-3	738,000000E+0	12,000000E+0
598	49,000000E+0	176,289150E+3	458,000000E-3	738,000000E+0	12,000000E+0
599	49,000000E+0	176,289150E+3	458,000000E-3	738,000000E+0	12,000000E+0
600	63,000000E+0	0,000000E+0	687,000000E-3	749,000000E+0	12,000000E+0
601	63,000000E+0	0,000000E+0	687,000000E-3	749,000000E+0	12,000000E+0
602	63,000000E+0	0,000000E+0	687,000000E-3	749,000000E+0	12,000000E+0
603	63,000000E+0	0,000000E+0	687,000000E-3	749,000000E+0	12,000000E+0
604	105,000000E+0	176,289150E+3	916,000000E-3	765,000000E+0	12,000000E+0
605	105,000000E+0	176,289150E+3	916,000000E-3	765,000000E+0	12,000000E+0
606	105,000000E+0	176,289150E+3	916,000000E-3	765,000000E+0	12,000000E+0
607	105,000000E+0	176,289150E+3	916,000000E-3	765,000000E+0	12,000000E+0
608	175,000000E+0	176,281080E+3	1,832000E+0	792,000000E+0	12,000000E+0
609	175,000000E+0	176,281080E+3	1,832000E+0	792,000000E+0	12,000000E+0
610	175,000000E+0	176,281080E+3	1,832000E+0	792,000000E+0	12,000000E+0
611	175,000000E+0	176,281080E+3	1,832000E+0	792,000000E+0	12,000000E+0
612	386,000000E+0	176,259560E+3	4,122000E+0	847,000000E+0	12,000000E+0
613	386,000000E+0	176,259560E+3	4,122000E+0	847,000000E+0	12,000000E+0
614	386,000000E+0	176,259560E+3	4,122000E+0	847,000000E+0	12,000000E+0
615	386,000000E+0	176,259560E+3	4,122000E+0	847,000000E+0	12,000000E+0
616	344,000000E+0	176,259560E+3	5,038000E+0	927,000000E+0	12,000000E+0
617	344,000000E+0	176,259560E+3	5,038000E+0	927,000000E+0	12,000000E+0
618	344,000000E+0	176,259560E+3	5,038000E+0	927,000000E+0	12,000000E+0
619	344,000000E+0	176,259560E+3	5,038000E+0	927,000000E+0	12,000000E+0
620	65,437000E+3	0,000000E+0	687,000000E-3	965,000000E+0	12,000000E+0
621	65,437000E+3	0,000000E+0	687,000000E-3	965,000000E+0	12,000000E+0
622	65,437000E+3	0,000000E+0	687,000000E-3	965,000000E+0	12,000000E+0
623	65,437000E+3	0,000000E+0	687,000000E-3	965,000000E+0	12,000000E+0
624	65,100000E+3	18,830000E+0	-4,122000E+0	918,000000E+0	12,000000E+0
625	65,100000E+3	18,830000E+0	-4,122000E+0	918,000000E+0	12,000000E+0
626	65,100000E+3	18,830000E+0	-4,122000E+0	918,000000E+0	12,000000E+0
627	65,100000E+3	18,830000E+0	-4,122000E+0	918,000000E+0	12,000000E+0
628	64,987000E+3	21,520000E+0	-7,099000E+0	814,000000E+0	12,000000E+0
629	64,987000E+3	21,520000E+0	-7,099000E+0	814,000000E+0	12,000000E+0
630	64,987000E+3	21,520000E+0	-7,099000E+0	814,000000E+0	12,000000E+0
631	64,987000E+3	21,520000E+0	-7,099000E+0	814,000000E+0	12,000000E+0
632	64,994000E+3	26,900000E+0	-7,557000E+0	698,000000E+0	12,000000E+0
633	64,994000E+3	26,900000E+0	-7,557000E+0	698,000000E+0	12,000000E+0
634	64,994000E+3	26,900000E+0	-7,557000E+0	698,000000E+0	12,000000E+0
635	64,994000E+3	26,900000E+0	-7,557000E+0	698,000000E+0	12,000000E+0
636	65,184000E+3	24,210000E+0	-6,183000E+0	594,000000E+0	12,000000E+0
637	65,184000E+3	24,210000E+0	-6,183000E+0	594,000000E+0	12,000000E+0
638	65,184000E+3	24,210000E+0	-6,183000E+0	594,000000E+0	12,000000E+0
639	65,184000E+3	24,210000E+0	-6,183000E+0	594,000000E+0	12,000000E+0
640	65,423000E+3	0,000000E+0	-2,748000E+0	538,000000E+0	12,000000E+0
641	65,423000E+3	0,000000E+0	-2,748000E+0	538,000000E+0	12,000000E+0
642	65,423000E+3	0,000000E+0	-2,748000E+0	538,000000E+0	12,000000E+0
643	65,423000E+3	0,000000E+0	-2,748000E+0	538,000000E+0	12,000000E+0
644	105,000000E+0	176,289150E+3	229,000000E-3	531,000000E+0	12,000000E+0
645	105,000000E+0	176,289150E+3	229,000000E-3	531,000000E+0	12,000000E+0
646	105,000000E+0	176,289150E+3	229,000000E-3	531,000000E+0	12,000000E+0
647	105,000000E+0	176,289150E+3	229,000000E-3	531,000000E+0	12,000000E+0
648	182,000000E+0	176,275700E+3	2,061000E+0	560,000000E+0	12,000000E+0
649	182,000000E+0	176,275700E+3	2,061000E+0	560,000000E+0	12,000000E+0
650	182,000000E+0	176,275700E+3	2,061000E+0	560,000000E+0	12,000000E+0
651	182,000000E+0	176,275700E+3	2,061000E+0	560,000000E+0	12,000000E+0
652	154,000000E+0	176,283770E+3	2,290000E+0	596,000000E+0	12,000000E+0
653	154,000000E+0	176,283770E+3	2,290000E+0	596,000000E+0	12,000000E+0
654	154,000000E+0	176,283770E+3	2,290000E+0	596,000000E+0	12,000000E+0
655	154,000000E+0	176,283770E+3	2,290000E+0	596,000000E+0	12,000000E+0
656	189,000000E+0	176,278390E+3	2,290000E+0	633,000000E+0	12,000000E+0
657	189,000000E+0	176,278390E+3	2,290000E+0	633,000000E+0	12,000000E+0
658	189,000000E+0	176,278390E+3	2,290000E+0	633,000000E+0	12,000000E+0
659	189,000000E+0	176,278390E+3	2,290000E+0	633,000000E+0	12,000000E+0
660	154,000000E+0	176,281080E+3	2,290000E+0	671,000000E+0	12,000000E+0
661	154,000000E+0	176,281080E+3	2,290000E+0	671,000000E+0	12,000000E+0
662	154,000000E+0	176,281080E+3	2,290000E+0	671,000000E+0	12,000000E+0
663	154,000000E+0	176,281080E+3	2,290000E+0	671,000000E+0	12,000000E+0
664	98,000000E+0	176,283770E+3	1,603000E+0	698,000000E+0	12,000000E+0
665	98,000000E+0	176,283770E+3	1,603000E+0	698,000000E+0	12,000000E+0
666	98,000000E+0	176,283770E+3	1,603000E+0	698,000000E+0	12,000000E+0
667	98,000000E+0	176,283770E+3	1,603000E+0	698,000000E+0	12,000000E+0
668	63,000000E+0	176,289150E+3	916,000000E-3	716,000000E+0	12,000000E+0
669	63,000000E+0	176,289150E+3	916,000000E-3	716,000000E+0	12,000000E+0
670	63,000000E+0	176,289150E+3	916,000000E-3	716,000000E+0	12,000000E+0
671	63,000000E+0	176,289150E+3	916,000000E-3	716,000000E+0	12,000000E+0
672	49,000000E+0	176,289150E+3	687,000000E-3	728,000000E+0	12,000000E+0
673	49,000000E+0	176,289150E+3	687,000000E-3	728,000000E+0	12,000000E+0
674	49,000000E+0	176,289150E+3	687,000000E-3	728,000000E+0	12,000000E+0
675	49,000000E+0	176,289150E+3	687,000000E-3	728,000000E+0	12,000000E+0
676	49,000000E+0	0,000000E+0	458,000000E-3	738,000000E+0	12,000000E+0
677	49,000000E+0	0,000000E+0	458,000000E-3	738,000000E+0	12,000000E+0
678	49,000000E+0	0,000000E+0	458,000000E-3	738,000000E+0	12,000000E+0
679	49,000000E+0	0,000000E+0	458,000000E-3	738,000000E+0	12,000000E+0
680	63,000000E+0	0,000000E+0	687,000000E-3	749,000000E+0	12,000000E+0
681	63,000000E+0	0,000000E+0	687,000000E-3	749,000000E+0	12,000000E+0
682	63,000000E+0	0,000000E+0	687,000000E-3	749,000000E+0	12,000000E+0
683	63,000000E+0	0,000000E+0	687,000000E-3	749,000000E+0	12,000000E+0
684	98,000000E+0	176,286460E+3	1,145000E+0	765,000000E+0	12,000000E+0
685	98,000000E+0	176,286460E+3	1,145000E+0	765,000000E+0	12,000000E+0
686	98,000000E+0	176,286460E+3	1,145000E+0	765,000000E+0	12,000000E+0
687	98,000000E+0	176,286460E+3	1,145000E+0	765,000000E+0	12,000000E+0
688	175,000000E+0	176,281080E+3	1,832000E+0	792,000000E+0	12,000000E+0
689	175,000000E+0	176,281080E+3	1,832000E+0	792,000000E+0	12,000000E+0
690	175,000000E+0	176,281080E+3	1,832000E+0	792,000000E+0	12,000000E+0
691	175,000000E+0	176,281080E+3	1,832000E+0	792,000000E+0	12,000000E+0
692	379,000000E+0	176,256870E+3	4,351000E+0	848,000000E+0	12,000000E+0
693	379,000000E+0	176,256870E+3	4,351000E+0	848,000000E+0	12,000000E+0
694	379,000000E+0	176,256870E+3	4,351000E+0	848,000000E+0	12,000000E+0
695	379,000000E+0	176,256870E+3	4,351000E+0	848,000000E+0	12,000000E+0
696	351,000000E+0	176,259560E+3	5,038000E+0	927,000000E+0	12,000000E+0
697	351,000000E+0	176,259560E+3	5,038000E+0	927,000000E+0	12,000000E+0
698	351,000000E+0	176,259560E+3	5,038000E+0	927,000000E+0	12,000000E+0
699	351,000000E+0	176,259560E+3	5,038000E+0	927,000000E+0	12,000000E+0
700	65,437000E+3	0,000000E+0	687,000000E-3	965,000000E+0	12,000000E+0
701	65,437000E+3	0,000000E+0	687,000000E-3	965,000000E+0	12,000000E+0
702	65,437000E+3	0,000000E+0	687,000000E-3	965,000000E+0	12,000000E+0
703	65,437000E+3	0,000000E+0	687,000000E-3	965,000000E+0	12,000000E+0
704	65,100000E+3	18,830000E+0	-4,122000E+0	918,000000E+0	12,000000E+0
705	65,100000E+3	18,830000E+0	-4,122000E+0	918,000000E+0	12,000000E+0
706	65,100000E+3	18,830000E+0	-4,122000E+0	918,000000E+0	12,000000E+0
707	65,100000E+3	18,830000E+0	-4,122000E+0	918,000000E+0	12,000000E+0
708	64,980000E+3	24,210000E+0	-7,099000E+0	815,000000E+0	12,000000E+0
709	64,980000E+3	24,210000E+0	-7,099000E+0	815,000000E+0	12,000000E+0
710	64,980000E+3	24,210000E+0	-7,099000E+0	815,000000E+0	12,000000E+0
711	64,980000E+3	24,210000E+0	-7,099000E+0	815,000000E+0	12,000000E+0
712	64,987000E+3	26,900000E+0	-7,557000E+0	697,000000E+0	12,000000E+0
713	64,987000E+3	26,900000E+0	-7,557000E+0	697,000000E+0	12,000000E+0
714	64,987000E+3	26,900000E+0	-7,557000E+0	697,000000E+0	12,000000E+0
715	64,987000E+3	26,900000E+0	-7,557000E+0	697,000000E+0	12,000000E+0
716	65,170000E+3	18,830000E+0	-5,954000E+0	595,000000E+0	12,000000E+0
717	65,170000E+3	18,830000E+0	-5,954000E+0	595,000000E+0	12,000000E+0
718	65,170000E+3	18,830000E+0	-5,954000E+0	595,000000E+0	12,000000E+0
719	65,170000E+3	18,830000E+0	-5,954000E+0	595,000000E+0	12,000000E+0
720	65,416000E+3	0,000000E+0	-2,748000E+0	538,000000E+0	12,000000E+0
721	65,416000E+3	0,000000E+0	-2,748000E+0	538,000000E+0	12,000000E+0
722	65,416000E+3	0,000000E+0	-2,748000E+0	538,000000E+0	12,000000E+0
723	65,416000E+3	0,000000E+0	-2,748000E+0	538,000000E+0	12,000000E+0
724	105,000000E+0	176,283770E+3	229,000000E-3	531,000000E+0	12,000000E+0
725	105,000000E+0	176,283770E+3	229,000000E-3	531,000000E+0	12,000000E+0
726	105,000000E+0	176,283770E+3	229,000000E-3	531,000000E+0	12,000000E+0
727	105,000000E+0	176,283770E+3	229,000000E-3	531,000000E+0	12,000000E+0
728	182,000000E+0	176,278390E+3	2,061000E+0	560,000000E+0	12,000000E+0
729	182,000000E+0	176,278390E+3	2,061000E+0	560,000000E+0	12,000000E+0
730	182,000000E+0	176,278390E+3	2,061000E+0	560,000000E+0	12,000000E+0
731	182,000000E+0	176,278390E+3	2,061000E+0	560,000000E+0	12,000000E+0
732	154,000000E+0	176,278390E+3	2,290000E+0	596,000000E+0	12,000000E+0
733	154,000000E+0	176,278390E+3	2,290000E+0	596,000000E+0	12,000000E+0
734	154,000000E+0	176,278390E+3	2,290000E+0	596,000000E+0	12,000000E+0
735	154,000000E+0	176,278390E+3	2,290000E+0	596,000000E+0	12,000000E+0
736	189,000000E+0	176,275700E+3	2,290000E+0	633,000000E+0	12,000000E+0
737	189,000000E+0	176,275700E+3	2,290000E+0	633,000000E+0	12,000000E+0
738	189,000000E+0	176,275700E+3	2,290000E+0	633,000000E+0	12,000000E+0
739	189,000000E+0	176,275700E+3	2,290000E+0	633,000000E+0	12,000000E+0
740	154,000000E+0	176,281080E+3	2,061000E+0	670,000000E+0	12,000000E+0
741	154,000000E+0	176,281080E+3	2,061000E+0	670,000000E+0	12,000000E+0
742	154,000000E+0	176,281080E+3	2,061000E+0	670,000000E+0	12,000000E+0
743	154,000000E+0	176,281080E+3	2,061000E+0	670,000000E+0	12,000000E+0
744	98,000000E+0	176,283770E+3	1,603000E+0	698,000000E+0	12,000000E+0
745	98,000000E+0	176,283770E+3	1,603000E+0	698,000000E+0	12,000000E+0
746	98,000000E+0	176,283770E+3	1,603000E+0	698,000000E+0	12,000000E+0
747	98,000000E+0	176,283770E+3	1,603000E+0	698,000000E+0	12,000000E+0
748	63,000000E+0	176,289150E+3	916,000000E-3	716,000000E+0	12,000000E+0
749	63,000000E+0	176,289150E+3	916,000000E-3	716,000000E+0	12,000000E+0
750	63,000000E+0	176,289150E+3	916,000000E-3	716,000000E+0	12,000000E+0
751	63,000000E+0	176,289150E+3	916,000000E-3	716,000000E+0	12,000000E+0
752	49,000000E+0	0,000000E+0	687,000000E-3	728,000000E+0	12,000000E+0
753	49,000000E+0	0,000000E+0	687,000000E-3	728,000000E+0	12,000000E+0
754	49,000000E+0	0,000000E+0	687,000000E-3	728,000000E+0	12,000000E+0
755	49,000000E+0	0,000000E+0	687,000000E-3	728,000000E+0	12,000000E+0
756	49,000000E+0	176,289150E+3	458,000000E-3	738,000000E+0	12,000000E+0
757	49,000000E+0	176,289150E+3	458,000000E-3	738,000000E+0	12,000000E+0
758	49,000000E+0	176,289150E+3	458,000000E-3	738,000000E+0	12,000000E+0
759	49,000000E+0	176,289150E+3	458,000000E-3	738,000000E+0	12,000000E+0
760	63,000000E+0	176,289150E+3	687,000000E-3	749,000000E+0	12,000000E+0
761	63,000000E+0	176,289150E+3	687,000000E-3	749,000000E+0	12,000000E+0
762	63,000000E+0	176,289150E+3	687,000000E-3	749,000000E+0	12,000000E+0
763	63,000000E+0	176,289150E+3	687,000000E-3	749,000000E+0	12,000000E+0
764	98,000000E+0	176,286460E+3	1,145000E+0	765,000000E+0	12,000000E+0
765	98,000000E+0	176,286460E+3	1,145000E+0	765,000000E+0	12,000000E+0
766	98,000000E+0	176,286460E+3	1,145000E+0	765,000000E+0	12,000000E+0
767	98,000000E+0	176,286460E+3	1,145000E+0	765,000000E+0	12,000000E+0
768	175,000000E+0	176,278390E+3	2,061000E+0	792,000000E+0	12,000000E+0
769	175,000000E+0	176,278390E+3	2,061000E+0	792,000000E+0	12,000000E+0
770	175,000000E+0	176,278390E+3	2,061000E+0	792,000000E+0	12,000000E+0
771	175,000000E+0	176,278390E+3	2,061000E+0	792,000000E+0	12,000000E+0
772	386,000000E+0	176,254180E+3	4,122000E+0	847,000000E+0	12,000000E+0
773	386,000000E+0	176,254180E+3	4,122000E+0	847,000000E+0	12,000000E+0
774	386,000000E+0	176,254180E+3	4,122000E+0	847,000000E+0	12,000000E+0
775	386,000000E+0	176,254180E+3	4,122000E+0	847,000000E+0	12,000000E+0
776	351,000000E+0	176,256870E+3	5,038000E+0	927,000000E+0	12,000000E+0
777	351,000000E+0	176,256870E+3	5,038000E+0	927,000000E+0	12,000000E+0
778	351,000000E+0	176,256870E+3	5,038000E+0	927,000000E+0	12,000000E+0
779	351,000000E+0	176,256870E+3	5,038000E+0	927,000000E+0	12,000000E+0
780	65,437000E+3	0,000000E+0	687,000000E-3	965,000000E+0	12,000000E+0
781	65,437000E+3	0,000000E+0	687,000000E-3	965,000000E+0	12,000000E+0
782	65,437000E+3	0,000000E+0	687,000000E-3	965,000000E+0	12,000000E+0
783	65,437000E+3	0,000000E+0	687,000000E-3	965,000000E+0	12,000000E+0
784	65,100000E+3	18,830000E+0	-3,893000E+0	919,000000E+0	12,000000E+0
785	65,100000E+3	18,830000E+0	-3,893000E+0	919,000000E+0	12,000000E+0
786	65,100000E+3	18,830000E+0	-3,893000E+0	919,000000E+0	12,000000E+0
787	65,100000E+3	18,830000E+0	-3,893000E+0	919,000000E+0	12,000000E+0
788	64,980000E+3	21,520000E+0	-7,099000E+0	816,000000E+0	12,000000E+0
789	64,980000E+3	21,520000E+0	-7,099000E+0	816,000000E+0	12,000000E+0
790	64,980000E+3	21,520000E+0	-7,099000E+0	816,000000E+0	12,000000E+0
791	64,980000E+3	21,520000E+0	-7,099000E+0	816,000000E+0	12,000000E+0
792	64,994000E+3	29,590000E+0	-7,557000E+0	697,000000E+0	12,000000E+0
793	64,994000E+3	29,590000E+0	-7,557000E+0	697,000000E+0	12,000000E+0
794	64,994000E+3	29,590000E+0	-7,557000E+0	697,000000E+0	12,000000E+0
795	64,994000E+3	29,590000E+0	-7,557000E+0	697,000000E+0	12,000000E+0
796	65,170000E+3	21,520000E+0	-5,954000E+0	595,000000E+0	12,000000E+0
797	65,170000E+3	21,520000E+0	-5,954000E+0	595,000000E+0	12,000000E+0
798	65,170000E+3	21,520000E+0	-5,954000E+0	595,000000E+0	12,000000E+0
799	65,170000E+3	21,520000E+0	-5,954000E+0	595,000000E+0	12,000000E+0
800	65,423000E+3	0,000000E+0	-2,748000E+0	538,000000E+0	12,000000E+0
801	65,423000E+3	0,000000E+0	-2,748000E+0	538,000000E+0	12,000000E+0
802	65,423000E+3	0,000000E+0	-2,748000E+0	538,000000E+0	12,000000E+0
803	65,423000E+3	0,000000E+0	-2,748000E+0	538,000000E+0	12,000000E+0
804	105,000000E+0	176,286460E+3	229,000000E-3	531,000000E+0	12,000000E+0
805	105,000000E+0	176,286460E+3	229,000000E-3	531,000000E+0	12,000000E+0
806	105,000000E+0	176,286460E+3	229,000000E-3	531,000000E+0	12,000000E+0
807	105,000000E+0	176,286460E+3	229,000000E-3	531,000000E+0	12,000000E+0
808	182,000000E+0	176,278390E+3	2,061000E+0	560,000000E+0	12,000000E+0
809	182,000000E+0	176,278390E+3	2,061000E+0	560,000000E+0	12,000000E+0
810	182,000000E+0	176,278390E+3	2,061000E+0	560,000000E+0	12,000000E+0
811	182,000000E+0	176,278390E+3	2,061000E+0	560,000000E+0	12,000000E+0
812	154,000000E+0	176,281080E+3	2,290000E+0	596,000000E+0	12,000000E+0
813	154,000000E+0	176,281080E+3	2,290000E+0	596,000000E+0	12,000000E+0
814	154,000000E+0	176,281080E+3	2,290000E+0	596,000000E+0	12,000000E+0
815	154,000000E+0	176,281080E+3	2,290000E+0	596,000000E+0	12,000000E+0
816	196,000000E+0	176,275700E+3	2,290000E+0	633,000000E+0	12,000000E+0
817	196,000000E+0	176,275700E+3	2,290000E+0	633,000000E+0	12,000000E+0
818	196,000000E+0	176,275700E+3	2,290000E+0	633,000000E+0	12,000000E+0
819	196,000000E+0	176,275700E+3	2,290000E+0	633,000000E+0	12,000000E+0
820	154,000000E+0	176,278390E+3	2,061000E+0	670,000000E+0	12,000000E+0
821	154,000000E+0	176,278390E+3	2,061000E+0	670,000000E+0	12,000000E+0
822	154,000000E+0	176,278390E+3	2,061000E+0	670,000000E+0	12,000000E+0
823	154,000000E+0	176,278390E+3	2,061000E+0	670,000000E+0	12,000000E+0
824	98,000000E+0	176,283770E+3	1,603000E+0	698,000000E+0	12,000000E+0
825	98,000000E+0	176,283770E+3	1,603000E+0	698,000000E+0	12,000000E+0
826	98,000000E+0	176,283770E+3	1,603000E+0	698,000000E+0	12,000000E+0
827	98,000000E+0	176,283770E+3	1,603000E+0	698,000000E+0	12,000000E+0
828	63,000000E+0	176,289150E+3	916,000000E-3	716,000000E+0	12,000000E+0
829	63,000000E+0	176,289150E+3	916,000000E-3	716,000000E+0	12,000000E+0
830	63,000000E+0	176,289150E+3	916,000000E-3	716,000000E+0	12,000000E+0
831	63,000000E+0	176,289150E+3	916,000000E-3	716,000000E+0	12,000000E+0
832	49,000000E+0	0,000000E+0	687,000000E-3	728,000000E+0	12,000000E+0
833	49,000000E+0	0,000000E+0	687,000000E-3	728,000000E+0	12,000000E+0
834	49,000000E+0	0,000000E+0	687,000000E-3	728,000000E+0	12,000000E+0
835	49,000000E+0	0,000000E+0	687,000000E-3	728,000000E+0	12,000000E+0
836	49,000000E+0	176,286460E+3	458,000000E-3	738,000000E+0	12,000000E+0
837	49,000000E+0	176,286460E+3	458,000000E-3	738,000000E+0	12,000000E+0
838	49,000000E+0	176,286460E+3	458,000000E-3	738,000000E+0	12,000000E+0
839	49,000000E+0	176,286460E+3	458,000000E-3	738,000000E+0	12,000000E+0
840	63,000000E+0	176,289150E+3	687,000000E-3	749,000000E+0	12,000000E+0
841	63,000000E+0	176,289150E+3	687,000000E-3	749,000000E+0	12,000000E+0
842	63,000000E+0	176,289150E+3	687,000000E-3	749,000000E+0	12,000000E+0
843	63,000000E+0	176,289150E+3	687,000000E-3	749,000000E+0	12,000000E+0
844	98,000000E+0	176,283770E+3	1,145000E+0	765,000000E+0	12,000000E+0
845	98,000000E+0	176,283770E+3	1,145000E+0	765,000000E+0	12,000000E+0
846	98,000000E+0	176,283770E+3	1,145000E+0	765,000000E+0	12,000000E+0
847	98,000000E+0	176,283770E+3	1,145000E+0	765,000000E+0	12,000000E+0
848	175,000000E+0	176,278390E+3	1,832000E+0	792,000000E+0	12,000000E+0
849	175,000000E+0	176,278390E+3	1,832000E+0	792,000000E+0	12,000000E+0
850	175,000000E+0	176,278390E+3	1,832000E+0	792,000000E+0	12,000000E+0
851	175,000000E+0	176,278390E+3	1,832000E+0	792,000000E+0	12,000000E+0
852	386,000000E+0	176,259560E+3	4,122000E+0	847,000000E+0	12,000000E+0
853	386,000000E+0	176,259560E+3	4,122000E+0	847,000000E+0	12,000000E+0
854	386,000000E+0	176,259560E+3	4,122000E+0	847,000000E+0	12,000000E+0
855	386,000000E+0	176,259560E+3	4,122000E+0	847,000000E+0	12,000000E+0
856	344,000000E+0	176,256870E+3	5,267000E+0	928,000000E+0	12,000000E+0
857	344,000000E+0	176,256870E+3	5,267000E+0	928,000000E+0	12,000000E+0
858	344,000000E+0	176,256870E+3	5,267000E+0	928,000000E+0	12,000000E+0
859	344,000000E+0	176,256870E+3	5,267000E+0	928,000000E+0	12,000000E+0
860	65,437000E+3	0,000000E+0	687,000000E-3	965,000000E+0	12,000000E+0
861	65,437000E+3	0,000000E+0	687,000000E-3	965,000000E+0	12,000000E+0
862	65,437000E+3	0,000000E+0	687,000000E-3	965,000000E+0	12,000000E+0
863	65,437000E+3	0,000000E+0	687,000000E-3	965,000000E+0	12,000000E+0
864	65,107000E+3	18,830000E+0	-4,122000E+0	917,000000E+0	12,000000E+0
865	65,107000E+3	18,830000E+0	-4,122000E+0	917,000000E+0	12,000000E+0
866	65,107000E+3	18,830000E+0	-4,122000E+0	917,000000E+0	12,000000E+0
867	65,107000E+3	18,830000E+0	-4,122000E+0	917,000000E+0	12,000000E+0
868	64,987000E+3	24,210000E+0	-7,099000E+0	815,000000E+0	12,000000E+0
869	64,987000E+3	24,210000E+0	-7,099000E+0	815,000000E+0	12,000000E+0
870	64,987000E+3	24,210000E+0	-7,099000E+0	815,000000E+0	12,000000E+0
871	64,987000E+3	24,210000E+0	-7,099000E+0	815,000000E+0	12,000000E+0
872	64,994000E+3	26,900000E+0	-7,557000E+0	697,000000E+0	12,000000E+0
873	64,994000E+3	26,900000E+0	-7,557000E+0	697,000000E+0	12,000000E+0
874	64,994000E+3	26,900000E+0	-7,557000E+0	697,000000E+0	12,000000E+0
875	64,994000E+3	26,900000E+0	-7,557000E+0	697,000000E+0	12,000000E+0
876	65,177000E+3	21,520000E+0	-5,954000E+0	595,000000E+0	12,000000E+0
877	65,177000E+3	21,520000E+0	-5,954000E+0	595,000000E+0	12,000000E+0
878	65,177000E+3	21,520000E+0	-5,954000E+0	595,000000E+0	12,000000E+0
879	65,177000E+3	21,520000E+0	-5,954000E+0	595,000000E+0	12,000000E+0
880	65,423000E+3	0,000000E+0	-2,748000E+0	538,000000E+0	12,000000E+0
881	65,423000E+3	0,000000E+0	-2,748000E+0	538,000000E+0	12,000000E+0
882	65,423000E+3	0,000000E+0	-2,748000E+0	538,000000E+0	12,000000E+0
883	65,423000E+3	0,000000E+0	-2,748000E+0	538,000000E+0	12,000000E+0
884	105,000000E+0	176,283770E+3	229,000000E-3	531,000000E+0	12,000000E+0
885	105,000000E+0	176,283770E+3	229,000000E-3	531,000000E+0	12,000000E+0
886	105,000000E+0	176,283770E+3	229,000000E-3	531,000000E+0	12,000000E+0
887	105,000000E+0	176,283770E+3	229,000000E-3	531,000000E+0	12,000000E+0
888	182,000000E+0	176,278390E+3	2,290000E+0	561,000000E+0	12,000000E+0
889	182,000000E+0	176,278390E+3	2,290000E+0	561,000000E+0	12,000000E+0
890	182,000000E+0	176,278390E+3	2,290000E+0	561,000000E+0	12,000000E+0
891	182,000000E+0	176,278390E+3	2,290000E+0	561,000000E+0	12,000000E+0
892	154,000000E+0	176,283770E+3	2,290000E+0	596,000000E+0	12,000000E+0
893	154,000000E+0	176,283770E+3	2,290000E+0	596,000000E+0	12,000000E+0
894	154,000000E+0	176,283770E+3	2,290000E+0	596,000000E+0	12,000000E+0
895	154,000000E+0	176,283770E+3	2,290000E+0	596,000000E+0	12,000000E+0
896	189,000000E+0	176,273010E+3	2,519000E+0	634,000000E+0	12,000000E+0
897	189,000000E+0	176,273010E+3	2,519000E+0	634,000000E+0	12,000000E+0
898	189,000000E+0	176,273010E+3	2,519000E+0	634,000000E+0	12,000000E+0
899	189,000000E+0	176,273010E+3	2,519000E+0	634,000000E+0	12,000000E+0
900	147,000000E+0	176,278390E+3	2,290000E+0	671,000000E+0	12,000000E+0
901	147,000000E+0	176,278390E+3	2,290000E+0	671,000000E+0	12,000000E+0
902	147,000000E+0	176,278390E+3	2,290000E+0	671,000000E+0	12,000000E+0
903	147,000000E+0	176,278390E+3	2,290000E+0	671,000000E+0	12,000000E+0
904	98,000000E+0	176,286460E+3	1,603000E+0	699,000000E+0	12,000000E+0
905	98,000000E+0	176,286460E+3	1,603000E+0	699,000000E+0	12,000000E+0
906	98,000000E+0	176,286460E+3	1,603000E+0	699,000000E+0	12,000000E+0
907	98,000000E+0	176,286460E+3	1,603000E+0	699,000000E+0	12,000000E+0
908	63,000000E+0	176,289150E+3	916,000000E-3	716,000000E+0	12,000000E+0
909	63,000000E+0	176,289150E+3	916,000000E-3	716,000000E+0	12,000000E+0
910	63,000000E+0	176,289150E+3	916,000000E-3	716,000000E+0	12,000000E+0
911	63,000000E+0	176,289150E+3	916,000000E-3	716,000000E+0	12,000000E+0
912	49,000000E+0	176,289150E+3	687,000000E-3	728,000000E+0	12,000000E+0
913	49,000000E+0	176,289150E+3	687,000000E-3	728,000000E+0	12,000000E+0
914	49,000000E+0	176,289150E+3	687,000000E-3	728,000000E+0	12,000000E+0
915	49,000000E+0	176,289150E+3	687,000000E-3	728,000000E+0	12,000000E+0
916	49,000000E+0	176,289150E+3	458,000000E-3	738,000000E+0	12,000000E+0
917	49,000000E+0	176,289150E+3	458,000000E-3	738,000000E+0	12,000000E+0
918	49,000000E+0	176,289150E+3	458,000000E-3	738,000000E+0	12,000000E+0
919	49,000000E+0	176,289150E+3	458,000000E-3	738,000000E+0	12,000000E+0
920	63,000000E+0	176,289150E+3	687,000000E-3	749,000000E+0	12,000000E+0
921	63,000000E+0	176,289150E+3	687,000000E-3	749,000000E+0	12,000000E+0
922	63,000000E+0	176,289150E+3	687,000000E-3	749,000000E+0	12,000000E+0
923	63,000000E+0	176,289150E+3	687,000000E-3	749,000000E+0	12,000000E+0
924	98,000000E+0	176,283770E+3	1,145000E+0	765,000000E+0	12,000000E+0
925	98,000000E+0	176,283770E+3	1,145000E+0	765,000000E+0	12,000000E+0
926	98,000000E+0	176,283770E+3	1,145000E+0	765,000000E+0	12,000000E+0
927	98,000000E+0	176,283770E+3	1,145000E+0	765,000000E+0	12,000000E+0
928	175,000000E+0	176,278390E+3	2,061000E+0	792,000000E+0	12,000000E+0
929	175,000000E+0	176,278390E+3	2,061000E+0	792,000000E+0	12,000000E+0
930	175,000000E+0	176,278390E+3	2,061000E+0	792,000000E+0	12,000000E+0
931	175,000000E+0	176,278390E+3	2,061000E+0	792,000000E+0	12,000000E+0
932	386,000000E+0	176,256870E+3	4,122000E+0	847,000000E+0	12,000000E+0
933	386,000000E+0	176,256870E+3	4,122000E+0	847,000000E+0	12,000000E+0
934	386,000000E+0	176,256870E+3	4,122000E+0	847,000000E+0	12,000000E+0
935	386,000000E+0	176,256870E+3	4,122000E+0	847,000000E+0	12,000000E+0
936	344,000000E+0	176,256870E+3	5,038000E+0	927,000000E+0	12,000000E+0
937	344,000000E+0	176,256870E+3	5,038000E+0	927,000000E+0	12,000000E+0
938	344,000000E+0	176,256870E+3	5,038000E+0	927,000000E+0	12,000000E+0
939	344,000000E+0	176,256870E+3	5,038000E+0	927,000000E+0	12,000000E+0
940	65,437000E+3	0,000000E+0	687,000000E-3	965,000000E+0	12,000000E+0
941	65,437000E+3	0,000000E+0	687,000000E-3	965,000000E+0	12,000000E+0
942	65,437000E+3	0,000000E+0	687,000000E-3	965,000000E+0	12,000000E+0
943	65,437000E+3	0,000000E+0	687,000000E-3	965,000000E+0	12,000000E+0
944	65,114000E+3	21,520000E+0	-4,122000E+0	917,000000E+0	12,000000E+0
945	65,114000E+3	21,520000E+0	-4,122000E+0	917,000000E+0	12,000000E+0
946	65,114000E+3	21,520000E+0	-4,122000E+0	917,000000E+0	12,000000E+0
947	65,114000E+3	21,520000E+0	-4,122000E+0	917,000000E+0	12,000000E+0
948	64,987000E+3	21,520000E+0	-7,099000E+0	814,000000E+0	12,000000E+0
949	64,987000E+3	21,520000E+0	-7,099000E+0	814,000000E+0	12,000000E+0
950	64,987000E+3	21,520000E+0	-7,099000E+0	814,000000E+0	12,000000E+0
951	64,987000E+3	21,520000E+0	-7,099000E+0	814,000000E+0	12,000000E+0
952	64,987000E+3	26,900000E+0	-7,557000E+0	697,000000E+0	12,000000E+0
953	64,987000E+3	26,900000E+0	-7,557000E+0	697,000000E+0	12,000000E+0
954	64,987000E+3	26,900000E+0	-7,557000E+0	697,000000E+0	12,000000E+0
955	64,987000E+3	26,900000E+0	-7,557000E+0	697,000000E+0	12,000000E+0
956	65,184000E+3	24,210000E+0	-6,183000E+0	593,000000E+0	12,000000E+0
957	65,184000E+3	24,210000E+0	-6,183000E+0	593,000000E+0	12,000000E+0
958	65,184000E+3	24,210000E+0	-6,183000E+0	593,000000E+0	12,000000E+0
959	65,184000E+3	24,210000E+0	-6,183000E+0	593,000000E+0	12,000000E+0
960	65,423000E+3	0,000000E+0	-2,748000E+0	538,000000E+0	12,000000E+0
961	65,423000E+3	0,000000E+0	-2,748000E+0	538,000000E+0	12,000000E+0
962	65,423000E+3	0,000000E+0	-2,748000E+0	538,000000E+0	12,000000E+0
963	65,423000E+3	0,000000E+0	-2,748000E+0	538,000000E+0	12,000000E+0
964	105,000000E+0	176,286460E+3	229,000000E-3	531,000000E+0	12,000000E+0
965	105,000000E+0	176,286460E+3	229,000000E-3	531,000000E+0	12,000000E+0
966	105,000000E+0	176,286460E+3	229,000000E-3	531,000000E+0	12,000000E+0
967	105,000000E+0	176,286460E+3	229,000000E-3	531,000000E+0	12,000000E+0
968	182,000000E+0	176,275700E+3	2,290000E+0	561,000000E+0	12,000000E+0
969	182,000000E+0	176,275700E+3	2,290000E+0	561,000000E+0	12,000000E+0
970	182,000000E+0	176,275700E+3	2,290000E+0	561,000000E+0	12,000000E+0
971	182,000000E+0	176,275700E+3	2,290000E+0	561,000000E+0	12,000000E+0
972	154,000000E+0	176,281080E+3	2,290000E+0	596,000000E+0	12,000000E+0
973	154,000000E+0	176,281080E+3	2,290000E+0	596,000000E+0	12,000000E+0
974	154,000000E+0	176,281080E+3	2,290000E+0	596,000000E+0	12,000000E+0
975	154,000000E+0	176,281080E+3	2,290000E+0	596,000000E+0	12,000000E+0
976	189,000000E+0	176,275700E+3	2,290000E+0	633,000000E+0	12,000000E+0
977	189,000000E+0	176,275700E+3	2,290000E+0	633,000000E+0	12,000000E+0
978	189,000000E+0	176,275700E+3	2,290000E+0	633,000000E+0	12,000000E+0
979	189,000000E+0	176,275700E+3	2,290000E+0	633,000000E+0	12,000000E+0
980	147,000000E+0	176,278390E+3	2,290000E+0	671,000000E+0	12,000000E+0
981	147,000000E+0	176,278390E+3	2,290000E+0	671,000000E+0	12,000000E+0
982	147,000000E+0	176,278390E+3	2,290000E+0	671,000000E+0	12,000000E+0
983	147,000000E+0	176,278390E+3	2,290000E+0	671,000000E+0	12,000000E+0
984	98,000000E+0	176,283770E+3	1,603000E+0	698,000000E+0	12,000000E+0
985	98,000000E+0	176,283770E+3	1,603000E+0	698,000000E+0	12,000000E+0
986	98,000000E+0	176,283770E+3	1,603000E+0	698,000000E+0	12,000000E+0
987	98,000000E+0	176,283770E+3	1,603000E+0	698,000000E+0	12,000000E+0
988	63,000000E+0	176,289150E+3	916,000000E-3	716,000000E+0	12,000000E+0
989	63,000000E+0	176,289150E+3	916,000000E-3	716,000000E+0	12,000000E+0
990	63,000000E+0	176,289150E+3	916,000000E-3	716,000000E+0	12,000000E+0
991	63,000000E+0	176,289150E+3	916,000000E-3	716,000000E+0	12,000000E+0
992	49,000000E+0	176,289150E+3	687,000000E-3	728,000000E+0	12,000000E+0
993	49,000000E+0	176,289150E+3	687,000000E-3	728,000000E+0	12,000000E+0
994	49,000000E+0	176,289150E+3	687,000000E-3	728,000000E+0	12,000000E+0
995	49,000000E+0	176,289150E+3	687,000000E-3	728,000000E+0	12,000000E+0
996	49,000000E+0	176,289150E+3	458,000000E-3	738,000000E+0	12,000000E+0
997	49,000000E+0	176,289150E+3	458,000000E-3	738,000000E+0	12,000000E+0
998	49,000000E+0	176,289150E+3	458,000000E-3	738,000000E+0	12,000000E+0
999	49,000000E+0	176,289150E+3	458,000000E-3	738,000000E+0	12,000000E+0
1000	63,000000E+0	176,289150E+3	687,000000E-3	749,000000E+0	12,000000E+0
1001	63,000000E+0	176,289150E+3	687,000000E-3	749,000000E+0	12,000000E+0
1002	63,000000E+0	176,289150E+3	687,000000E-3	749,000000E+0	12,000000E+0
1003	63,000000E+0	176,289150E+3	687,000000E-3	749,000000E+0	12,000000E+0
1004	105,000000E+0	176,289150E+3	1,145000E+0	765,000000E+0	12,000000E+0
1005	105,000000E+0	176,289150E+3	1,145000E+0	765,000000E+0	12,000000E+0
1006	105,000000E+0	176,289150E+3	1,145000E+0	765,000000E+0	12,000000E+0
1007	105,000000E+0	176,289150E+3	1,145000E+0	765,000000E+0	12,000000E+0
1008	175,000000E+0	176,278390E+3	2,061000E+0	792,000000E+0	12,000000E+0
1009	175,000000E+0	176,278390E+3	2,061000E+0	792,000000E+0	12,000000E+0
1010	175,000000E+0	176,278390E+3	2,061000E+0	792,000000E+0	12,000000E+0
1011	175,000000E+0	176,278390E+3	2,061000E+0	792,000000E+0	12,000000E+0
1012	379,000000E+0	176,254180E+3	4,351000E+0	848,000000E+0	12,000000E+0
1013	379,000000E+0	176,254180E+3	4,351000E+0	848,000000E+0	12,000000E+0
1014	379,000000E+0	176,254180E+3	4,351000E+0	848,000000E+0	12,000000E+0
1015	379,000000E+0	176,254180E+3	4,351000E+0	848,000000E+0	12,000000E+0
1016	351,000000E+0	176,256870E+3	5,038000E+0	927,000000E+0	12,000000E+0
1017	351,000000E+0	176,256870E+3	5,038000E+0	927,000000E+0	12,000000E+0
1018	351,000000E+0	176,256870E+3	5,038000E+0	927,000000E+0	12,000000E+0
1019	351,000000E+0	176,256870E+3	5,038000E+0	927,000000E+0	12,000000E+0
1020	65,437000E+3	0,000000E+0	687,000000E-3	965,000000E+0	12,000000E+0
1021	65,437000E+3	0,000000E+0	687,000000E-3	965,000000E+0	12,000000E+0
1022	65,437000E+3	0,000000E+0	687,000000E-3	965,000000E+0	12,000000E+0
1023	65,437000E+3	0,000000E+0	687,000000E-3	965,000000E+0	12,000000E+0
1024	65,114000E+3	24,210000E+0	-4,351000E+0	917,000000E+0	12,000000E+0
1025	65,114000E+3	24,210000E+0	-4,351000E+0	917,000000E+0	12,000000E+0
1026	65,114000E+3	24,210000E+0	-4,351000E+0	917,000000E+0	12,000000E+0
1027	65,114000E+3	24,210000E+0	-4,351000E+0	917,000000E+0	12,000000E+0
1028	64,980000E+3	21,520000E+0	-7,099000E+0	815,000000E+0	12,000000E+0
1029	64,980000E+3	21,520000E+0	-7,099000E+0	815,000000E+0	12,000000E+0
1030	64,980000E+3	21,520000E+0	-7,099000E+0	815,000000E+0	12,000000E+0
1031	64,980000E+3	21,520000E+0	-7,099000E+0	815,000000E+0	12,000000E+0
1032	64,994000E+3	26,900000E+0	-7,786000E+0	698,000000E+0	12,000000E+0
1033	64,994000E+3	26,900000E+0	-7,786000E+0	698,000000E+0	12,000000E+0
1034	64,994000E+3	26,900000E+0	-7,786000E+0	698,000000E+0	12,000000E+0
1035	64,994000E+3	26,900000E+0	-7,786000E+0	698,000000E+0	12,000000E+0
1036	65,170000E+3	18,830000E+0	-5,954000E+0	595,000000E+0	12,000000E+0
1037	65,170000E+3	18,830000E+0	-5,954000E+0	595,000000E+0	12,000000E+0
1038	65,170000E+3	18,830000E+0	-5,954000E+0	595,000000E+0	12,000000E+0
1039	65,170000E+3	18,830000E+0	-5,954000E+0	595,000000E+0	12,000000E+0
1040	65,423000E+3	0,000000E+0	-2,748000E+0	538,000000E+0	12,000000E+0
1041	65,423000E+3	0,000000E+0	-2,748000E+0	538,000000E+0	12,000000E+0
1042	65,423000E+3	0,000000E+0	-2,748000E+0	538,000000E+0	12,000000E+0
1043	65,423000E+3	0,000000E+0	-2,748000E+0	538,000000E+0	12,000000E+0
1044	105,000000E+0	176,289150E+3	229,000000E-3	531,000000E+0	12,000000E+0
1045	105,000000E+0	176,289150E+3	229,000000E-3	531,000000E+0	12,000000E+0
1046	105,000000E+0	176,289150E+3	229,000000E-3	531,000000E+0	12,000000E+0
1047	105,000000E+0	176,289150E+3	229,000000E-3	531,000000E+0	12,000000E+0
1048	182,000000E+0	176,275700E+3	2,290000E+0	560,000000E+0	12,000000E+0
1049	182,000000E+0	176,275700E+3	2,290000E+0	560,000000E+0	12,000000E+0
1050	182,000000E+0	176,275700E+3	2,290000E+0	560,000000E+0	12,000000E+0
1051	182,000000E+0	176,275700E+3	2,290000E+0	560,000000E+0	12,000000E+0
1052	154,000000E+0	176,281080E+3	2,290000E+0	596,000000E+0	12,000000E+0
1053	154,000000E+0	176,281080E+3	2,290000E+0	596,000000E+0	12,000000E+0
1054	154,000000E+0	176,281080E+3	2,290000E+0	596,000000E+0	12,000000E+0
1055	154,000000E+0	176,281080E+3	2,290000E+0	596,000000E+0	12,000000E+0
1056	189,000000E+0	176,278390E+3	2,290000E+0	633,000000E+0	12,000000E+0
1057	189,000000E+0	176,278390E+3	2,290000E+0	633,000000E+0	12,000000E+0
1058	189,000000E+0	176,278390E+3	2,290000E+0	633,000000E+0	12,000000E+0
1059	189,000000E+0	176,278390E+3	2,290000E+0	633,000000E+0	12,000000E+0
1060	154,000000E+0	176,281080E+3	2,290000E+0	669,000000E+0	12,000000E+0
1061	154,000000E+0	176,281080E+3	2,290000E+0	669,000000E+0	12,000000E+0
1062	154,000000E+0	176,281080E+3	2,290000E+0	669,000000E+0	12,000000E+0
1063	154,000000E+0	176,281080E+3	2,290000E+0	669,000000E+0	12,000000E+0
1064	91,000000E+0	176,286460E+3	1,603000E+0	697,000000E+0	12,000000E+0
1065	91,000000E+0	176,286460E+3	1,603000E+0	697,000000E+0	12,000000E+0
1066	91,000000E+0	176,286460E+3	1,603000E+0	697,000000E+0	12,000000E+0
1067	91,000000E+0	176,286460E+3	1,603000E+0	697,000000E+0	12,000000E+0
1068	56,000000E+0	176,289150E+3	916,000000E-3	714,000000E+0	12,000000E+0
1069	56,000000E+0	176,289150E+3	916,000000E-3	714,000000E+0	12,000000E+0
1070	56,000000E+0	176,289150E+3	916,000000E-3	714,000000E+0	12,000000E+0
1071	56,000000E+0	176,289150E+3	916,000000E-3	714,000000E+0	12,000000E+0
1072	35,000000E+0	0,000000E+0	229,000000E-3	723,000000E+0	12,000000E+0
1073	35,000000E+0	0,000000E+0	229,000000E-3	723,000000E+0	12,000000E+0
1074	35,000000E+0	0,000000E+0	229,000000E-3	723,000000E+0	12,000000E+0
1075	35,000000E+0	0,000000E+0	229,000000E-3	723,000000E+0	12,000000E+0
1076	14,000000E+0	0,000000E+0	229,000000E-3	728,000000E+0	12,000000E+0
1077	14,000000E+0	0,000000E+0	229,000000E-3	728,000000E+0	12,000000E+0
1078	14,000000E+0	0,000000E+0	229,000000E-3	728,000000E+0	12,000000E+0
1079	14,000000E+0	0,000000E+0	229,000000E-3	728,000000E+0	12,000000E+0
1080	14,000000E+0	0,000000E+0	0,000000E+0	731,000000E+0	12,000000E+0
1081	14,000000E+0	0,000000E+0	0,000000E+0	731,000000E+0	12,000000E+0
1082	14,000000E+0	0,000000E+0	0,000000E+0	731,000000E+0	12,000000E+0
1083	14,000000E+0	0,000000E+0	0,000000E+0	731,000000E+0	12,000000E+0
1084	7,000000E+0	0,000000E+0	0,000000E+0	733,000000E+0	12,000000E+0
1085	7,000000E+0	0,000000E+0	0,000000E+0	733,000000E+0	12,000000E+0
1086	7,000000E+0	0,000000E+0	0,000000E+0	733,000000E+0	12,000000E+0
1087	7,000000E+0	0,000000E+0	0,000000E+0	733,000000E+0	12,000000E+0
1088	7,000000E+0	0,000000E+0	0,000000E+0	734,000000E+0	12,000000E+0
1089	7,000000E+0	0,000000E+0	0,000000E+0	734,000000E+0	12,000000E+0
1090	7,000000E+0	0,000000E+0	0,000000E+0	734,000000E+0	12,000000E+0
