vendredi 22 décembre 2023	17:11:04	Sampling Period : 40  ms		
Unities: time [sample], PWM [raw], Current [mA], velocity [rev/min], Position [pulse], Present Input Voltage [V]

t	DXL_PWM		DXL_Current		DXL_Velocity		DXL_Position		DXL_Input_Voltage
0	65,528000E+3	176,289150E+3	0,000000E+0	1,025000E+3	12,000000E+0
1	65,528000E+3	176,289150E+3	0,000000E+0	1,025000E+3	12,000000E+0
2	65,528000E+3	176,289150E+3	0,000000E+0	1,025000E+3	12,000000E+0
3	65,528000E+3	176,289150E+3	0,000000E+0	1,025000E+3	12,000000E+0
4	65,318000E+3	0,000000E+0	-3,664000E+0	991,000000E+0	11,900000E+0
5	65,318000E+3	0,000000E+0	-3,664000E+0	991,000000E+0	11,900000E+0
6	65,318000E+3	0,000000E+0	-3,664000E+0	991,000000E+0	11,900000E+0
7	65,318000E+3	0,000000E+0	-3,664000E+0	991,000000E+0	11,900000E+0
8	65,261000E+3	45,730000E+0	-5,267000E+0	919,000000E+0	11,900000E+0
9	65,261000E+3	45,730000E+0	-5,267000E+0	919,000000E+0	11,900000E+0
10	65,261000E+3	45,730000E+0	-5,267000E+0	919,000000E+0	11,900000E+0
11	65,261000E+3	45,730000E+0	-5,267000E+0	919,000000E+0	11,900000E+0
12	65,275000E+3	21,520000E+0	-5,267000E+0	841,000000E+0	11,900000E+0
13	65,275000E+3	21,520000E+0	-5,267000E+0	841,000000E+0	11,900000E+0
14	65,275000E+3	21,520000E+0	-5,267000E+0	841,000000E+0	11,900000E+0
15	65,275000E+3	21,520000E+0	-5,267000E+0	841,000000E+0	11,900000E+0
16	65,268000E+3	0,000000E+0	-4,351000E+0	772,000000E+0	11,900000E+0
17	65,268000E+3	0,000000E+0	-4,351000E+0	772,000000E+0	11,900000E+0
18	65,268000E+3	0,000000E+0	-4,351000E+0	772,000000E+0	11,900000E+0
19	65,268000E+3	0,000000E+0	-4,351000E+0	772,000000E+0	11,900000E+0
20	65,296000E+3	0,000000E+0	-4,351000E+0	702,000000E+0	11,900000E+0
21	65,296000E+3	0,000000E+0	-4,351000E+0	702,000000E+0	11,900000E+0
22	65,296000E+3	0,000000E+0	-4,351000E+0	702,000000E+0	11,900000E+0
23	65,296000E+3	0,000000E+0	-4,351000E+0	702,000000E+0	11,900000E+0
24	65,296000E+3	176,275700E+3	-3,893000E+0	641,000000E+0	11,900000E+0
25	65,296000E+3	176,275700E+3	-3,893000E+0	641,000000E+0	11,900000E+0
26	65,296000E+3	176,275700E+3	-3,893000E+0	641,000000E+0	11,900000E+0
27	65,296000E+3	176,275700E+3	-3,893000E+0	641,000000E+0	11,900000E+0
28	65,332000E+3	176,283770E+3	-3,664000E+0	585,000000E+0	11,900000E+0
29	65,332000E+3	176,283770E+3	-3,664000E+0	585,000000E+0	11,900000E+0
30	65,332000E+3	176,283770E+3	-3,664000E+0	585,000000E+0	11,900000E+0
31	65,332000E+3	176,283770E+3	-3,664000E+0	585,000000E+0	11,900000E+0
32	65,339000E+3	176,264940E+3	-2,977000E+0	536,000000E+0	11,900000E+0
33	65,339000E+3	176,264940E+3	-2,977000E+0	536,000000E+0	11,900000E+0
34	65,339000E+3	176,264940E+3	-2,977000E+0	536,000000E+0	11,900000E+0
35	65,339000E+3	176,264940E+3	-2,977000E+0	536,000000E+0	11,900000E+0
36	65,367000E+3	176,264940E+3	-2,519000E+0	494,000000E+0	11,900000E+0
37	65,367000E+3	176,264940E+3	-2,519000E+0	494,000000E+0	11,900000E+0
38	65,367000E+3	176,264940E+3	-2,519000E+0	494,000000E+0	11,900000E+0
39	65,367000E+3	176,264940E+3	-2,519000E+0	494,000000E+0	11,900000E+0
40	65,374000E+3	176,240730E+3	-2,061000E+0	458,000000E+0	11,900000E+0
41	65,374000E+3	176,240730E+3	-2,061000E+0	458,000000E+0	11,900000E+0
42	65,374000E+3	176,240730E+3	-2,061000E+0	458,000000E+0	11,900000E+0
43	65,374000E+3	176,240730E+3	-2,061000E+0	458,000000E+0	11,900000E+0
44	65,402000E+3	176,240730E+3	-1,374000E+0	432,000000E+0	11,900000E+0
45	65,402000E+3	176,240730E+3	-1,374000E+0	432,000000E+0	11,900000E+0
46	65,402000E+3	176,240730E+3	-1,374000E+0	432,000000E+0	11,900000E+0
47	65,402000E+3	176,240730E+3	-1,374000E+0	432,000000E+0	11,900000E+0
48	65,437000E+3	176,224590E+3	-916,000000E-3	413,000000E+0	11,900000E+0
49	65,437000E+3	176,224590E+3	-916,000000E-3	413,000000E+0	11,900000E+0
50	65,437000E+3	176,224590E+3	-916,000000E-3	413,000000E+0	11,900000E+0
51	65,437000E+3	176,224590E+3	-916,000000E-3	413,000000E+0	11,900000E+0
52	65,472000E+3	176,213830E+3	-229,000000E-3	405,000000E+0	11,900000E+0
53	65,472000E+3	176,213830E+3	-229,000000E-3	405,000000E+0	11,900000E+0
54	65,472000E+3	176,213830E+3	-229,000000E-3	405,000000E+0	11,900000E+0
55	65,472000E+3	176,213830E+3	-229,000000E-3	405,000000E+0	11,900000E+0
56	65,479000E+3	176,211140E+3	0,000000E+0	403,000000E+0	11,900000E+0
57	65,479000E+3	176,211140E+3	0,000000E+0	403,000000E+0	11,900000E+0
58	65,479000E+3	176,211140E+3	0,000000E+0	403,000000E+0	11,900000E+0
59	65,479000E+3	176,211140E+3	0,000000E+0	403,000000E+0	11,900000E+0
60	65,479000E+3	176,211140E+3	0,000000E+0	403,000000E+0	11,900000E+0
61	65,479000E+3	176,211140E+3	0,000000E+0	403,000000E+0	11,900000E+0
62	65,479000E+3	176,211140E+3	0,000000E+0	403,000000E+0	11,900000E+0
63	65,479000E+3	176,211140E+3	0,000000E+0	403,000000E+0	11,900000E+0
64	65,479000E+3	176,208450E+3	0,000000E+0	404,000000E+0	11,900000E+0
65	65,479000E+3	176,208450E+3	0,000000E+0	404,000000E+0	11,900000E+0
66	65,479000E+3	176,208450E+3	0,000000E+0	404,000000E+0	11,900000E+0
67	65,479000E+3	176,208450E+3	0,000000E+0	404,000000E+0	11,900000E+0
68	65,486000E+3	176,221900E+3	0,000000E+0	403,000000E+0	11,900000E+0
69	65,486000E+3	176,221900E+3	0,000000E+0	403,000000E+0	11,900000E+0
70	65,486000E+3	176,221900E+3	0,000000E+0	403,000000E+0	11,900000E+0
71	65,486000E+3	176,221900E+3	0,000000E+0	403,000000E+0	11,900000E+0
72	65,486000E+3	176,221900E+3	0,000000E+0	403,000000E+0	11,900000E+0
73	65,486000E+3	176,221900E+3	0,000000E+0	403,000000E+0	11,900000E+0
74	65,486000E+3	176,221900E+3	0,000000E+0	403,000000E+0	11,900000E+0
75	65,486000E+3	176,221900E+3	0,000000E+0	403,000000E+0	11,900000E+0
76	65,486000E+3	176,221900E+3	0,000000E+0	403,000000E+0	11,900000E+0
77	65,486000E+3	176,221900E+3	0,000000E+0	403,000000E+0	11,900000E+0
78	65,486000E+3	176,221900E+3	0,000000E+0	403,000000E+0	11,900000E+0
79	65,486000E+3	176,221900E+3	0,000000E+0	403,000000E+0	11,900000E+0
80	65,486000E+3	176,232660E+3	0,000000E+0	403,000000E+0	11,900000E+0
81	65,486000E+3	176,232660E+3	0,000000E+0	403,000000E+0	11,900000E+0
82	65,486000E+3	176,232660E+3	0,000000E+0	403,000000E+0	11,900000E+0
83	65,486000E+3	176,232660E+3	0,000000E+0	403,000000E+0	11,900000E+0
84	65,521000E+3	176,264940E+3	0,000000E+0	404,000000E+0	11,900000E+0
85	65,521000E+3	176,264940E+3	0,000000E+0	404,000000E+0	11,900000E+0
86	65,521000E+3	176,264940E+3	0,000000E+0	404,000000E+0	11,900000E+0
87	65,521000E+3	176,264940E+3	0,000000E+0	404,000000E+0	11,900000E+0
88	21,000000E+0	176,246110E+3	687,000000E-3	411,000000E+0	11,900000E+0
89	21,000000E+0	176,246110E+3	687,000000E-3	411,000000E+0	11,900000E+0
90	21,000000E+0	176,246110E+3	687,000000E-3	411,000000E+0	11,900000E+0
91	21,000000E+0	176,246110E+3	687,000000E-3	411,000000E+0	11,900000E+0
92	98,000000E+0	176,205760E+3	2,061000E+0	437,000000E+0	11,900000E+0
93	98,000000E+0	176,205760E+3	2,061000E+0	437,000000E+0	11,900000E+0
94	98,000000E+0	176,205760E+3	2,061000E+0	437,000000E+0	11,900000E+0
95	98,000000E+0	176,205760E+3	2,061000E+0	437,000000E+0	11,900000E+0
96	91,000000E+0	176,197690E+3	2,519000E+0	476,000000E+0	12,000000E+0
97	91,000000E+0	176,197690E+3	2,519000E+0	476,000000E+0	12,000000E+0
98	91,000000E+0	176,197690E+3	2,519000E+0	476,000000E+0	12,000000E+0
99	91,000000E+0	176,197690E+3	2,519000E+0	476,000000E+0	12,000000E+0
100	65,261000E+3	176,256870E+3	-3,893000E+0	455,000000E+0	11,900000E+0
101	65,261000E+3	176,256870E+3	-3,893000E+0	455,000000E+0	11,900000E+0
102	65,261000E+3	176,256870E+3	-3,893000E+0	455,000000E+0	11,900000E+0
103	65,261000E+3	176,256870E+3	-3,893000E+0	455,000000E+0	11,900000E+0
104	65,043000E+3	24,210000E+0	-7,786000E+0	356,000000E+0	12,000000E+0
105	65,043000E+3	24,210000E+0	-7,786000E+0	356,000000E+0	12,000000E+0
106	65,043000E+3	24,210000E+0	-7,786000E+0	356,000000E+0	12,000000E+0
107	65,043000E+3	24,210000E+0	-7,786000E+0	356,000000E+0	12,000000E+0
108	65,142000E+3	51,110000E+0	-7,328000E+0	237,000000E+0	11,900000E+0
109	65,142000E+3	51,110000E+0	-7,328000E+0	237,000000E+0	11,900000E+0
110	65,142000E+3	51,110000E+0	-7,328000E+0	237,000000E+0	11,900000E+0
111	65,142000E+3	51,110000E+0	-7,328000E+0	237,000000E+0	11,900000E+0
112	65,339000E+3	176,270320E+3	-2,977000E+0	166,000000E+0	11,900000E+0
113	65,339000E+3	176,270320E+3	-2,977000E+0	166,000000E+0	11,900000E+0
114	65,339000E+3	176,270320E+3	-2,977000E+0	166,000000E+0	11,900000E+0
115	65,339000E+3	176,270320E+3	-2,977000E+0	166,000000E+0	11,900000E+0
116	91,000000E+0	176,192310E+3	2,061000E+0	168,000000E+0	11,900000E+0
117	91,000000E+0	176,192310E+3	2,061000E+0	168,000000E+0	11,900000E+0
118	91,000000E+0	176,192310E+3	2,061000E+0	168,000000E+0	11,900000E+0
119	91,000000E+0	176,192310E+3	2,061000E+0	168,000000E+0	11,900000E+0
120	323,000000E+0	176,111610E+3	5,954000E+0	243,000000E+0	11,900000E+0
121	323,000000E+0	176,111610E+3	5,954000E+0	243,000000E+0	11,900000E+0
122	323,000000E+0	176,111610E+3	5,954000E+0	243,000000E+0	11,900000E+0
123	323,000000E+0	176,111610E+3	5,954000E+0	243,000000E+0	11,900000E+0
124	393,000000E+0	176,052430E+3	8,473000E+0	367,000000E+0	12,000000E+0
125	393,000000E+0	176,052430E+3	8,473000E+0	367,000000E+0	12,000000E+0
126	393,000000E+0	176,052430E+3	8,473000E+0	367,000000E+0	12,000000E+0
127	393,000000E+0	176,052430E+3	8,473000E+0	367,000000E+0	12,000000E+0
128	217,000000E+0	176,125060E+3	5,496000E+0	472,000000E+0	11,900000E+0
129	217,000000E+0	176,125060E+3	5,496000E+0	472,000000E+0	11,900000E+0
130	217,000000E+0	176,125060E+3	5,496000E+0	472,000000E+0	11,900000E+0
131	217,000000E+0	176,125060E+3	5,496000E+0	472,000000E+0	11,900000E+0
132	65,395000E+3	176,227280E+3	-916,000000E-3	494,000000E+0	11,900000E+0
133	65,395000E+3	176,227280E+3	-916,000000E-3	494,000000E+0	11,900000E+0
134	65,395000E+3	176,227280E+3	-916,000000E-3	494,000000E+0	11,900000E+0
135	65,395000E+3	176,227280E+3	-916,000000E-3	494,000000E+0	11,900000E+0
136	65,311000E+3	176,273010E+3	-3,435000E+0	451,000000E+0	11,900000E+0
137	65,311000E+3	176,273010E+3	-3,435000E+0	451,000000E+0	11,900000E+0
138	65,311000E+3	176,273010E+3	-3,435000E+0	451,000000E+0	11,900000E+0
139	65,311000E+3	176,273010E+3	-3,435000E+0	451,000000E+0	11,900000E+0
140	65,437000E+3	176,251490E+3	-1,374000E+0	417,000000E+0	11,900000E+0
141	65,437000E+3	176,251490E+3	-1,374000E+0	417,000000E+0	11,900000E+0
142	65,437000E+3	176,251490E+3	-1,374000E+0	417,000000E+0	11,900000E+0
143	65,437000E+3	176,251490E+3	-1,374000E+0	417,000000E+0	11,900000E+0
144	65,458000E+3	176,213830E+3	-458,000000E-3	408,000000E+0	11,900000E+0
145	65,458000E+3	176,213830E+3	-458,000000E-3	408,000000E+0	11,900000E+0
146	65,458000E+3	176,213830E+3	-458,000000E-3	408,000000E+0	11,900000E+0
147	65,458000E+3	176,213830E+3	-458,000000E-3	408,000000E+0	11,900000E+0
148	65,472000E+3	176,203070E+3	0,000000E+0	405,000000E+0	11,900000E+0
149	65,472000E+3	176,203070E+3	0,000000E+0	405,000000E+0	11,900000E+0
150	65,472000E+3	176,203070E+3	0,000000E+0	405,000000E+0	11,900000E+0
151	65,472000E+3	176,203070E+3	0,000000E+0	405,000000E+0	11,900000E+0
152	65,465000E+3	176,195000E+3	0,000000E+0	405,000000E+0	11,900000E+0
153	65,465000E+3	176,195000E+3	0,000000E+0	405,000000E+0	11,900000E+0
154	65,465000E+3	176,195000E+3	0,000000E+0	405,000000E+0	11,900000E+0
155	65,465000E+3	176,195000E+3	0,000000E+0	405,000000E+0	11,900000E+0
156	65,479000E+3	176,208450E+3	0,000000E+0	405,000000E+0	11,900000E+0
157	65,479000E+3	176,208450E+3	0,000000E+0	405,000000E+0	11,900000E+0
158	65,479000E+3	176,208450E+3	0,000000E+0	405,000000E+0	11,900000E+0
159	65,479000E+3	176,208450E+3	0,000000E+0	405,000000E+0	11,900000E+0
160	65,486000E+3	176,219210E+3	0,000000E+0	404,000000E+0	11,900000E+0
161	65,486000E+3	176,219210E+3	0,000000E+0	404,000000E+0	11,900000E+0
162	65,486000E+3	176,219210E+3	0,000000E+0	404,000000E+0	11,900000E+0
163	65,486000E+3	176,219210E+3	0,000000E+0	404,000000E+0	11,900000E+0
164	65,507000E+3	176,262250E+3	0,000000E+0	405,000000E+0	11,900000E+0
165	65,507000E+3	176,262250E+3	0,000000E+0	405,000000E+0	11,900000E+0
166	65,507000E+3	176,262250E+3	0,000000E+0	405,000000E+0	11,900000E+0
167	65,507000E+3	176,262250E+3	0,000000E+0	405,000000E+0	11,900000E+0
168	14,000000E+0	176,251490E+3	458,000000E-3	411,000000E+0	12,000000E+0
169	14,000000E+0	176,251490E+3	458,000000E-3	411,000000E+0	12,000000E+0
170	14,000000E+0	176,251490E+3	458,000000E-3	411,000000E+0	12,000000E+0
171	14,000000E+0	176,251490E+3	458,000000E-3	411,000000E+0	12,000000E+0
172	84,000000E+0	176,205760E+3	2,519000E+0	439,000000E+0	11,900000E+0
173	84,000000E+0	176,205760E+3	2,519000E+0	439,000000E+0	11,900000E+0
174	84,000000E+0	176,205760E+3	2,519000E+0	439,000000E+0	11,900000E+0
175	84,000000E+0	176,205760E+3	2,519000E+0	439,000000E+0	11,900000E+0
176	91,000000E+0	176,192310E+3	2,290000E+0	474,000000E+0	11,900000E+0
177	91,000000E+0	176,192310E+3	2,290000E+0	474,000000E+0	11,900000E+0
178	91,000000E+0	176,192310E+3	2,290000E+0	474,000000E+0	11,900000E+0
179	91,000000E+0	176,192310E+3	2,290000E+0	474,000000E+0	11,900000E+0
180	65,254000E+3	176,259560E+3	-3,664000E+0	454,000000E+0	11,900000E+0
181	65,254000E+3	176,259560E+3	-3,664000E+0	454,000000E+0	11,900000E+0
182	65,254000E+3	176,259560E+3	-3,664000E+0	454,000000E+0	11,900000E+0
183	65,254000E+3	176,259560E+3	-3,664000E+0	454,000000E+0	11,900000E+0
184	65,064000E+3	29,590000E+0	-8,015000E+0	353,000000E+0	11,900000E+0
185	65,064000E+3	29,590000E+0	-8,015000E+0	353,000000E+0	11,900000E+0
186	65,064000E+3	29,590000E+0	-8,015000E+0	353,000000E+0	11,900000E+0
187	65,064000E+3	29,590000E+0	-8,015000E+0	353,000000E+0	11,900000E+0
188	65,142000E+3	53,800000E+0	-7,328000E+0	236,000000E+0	11,900000E+0
189	65,142000E+3	53,800000E+0	-7,328000E+0	236,000000E+0	11,900000E+0
190	65,142000E+3	53,800000E+0	-7,328000E+0	236,000000E+0	11,900000E+0
191	65,142000E+3	53,800000E+0	-7,328000E+0	236,000000E+0	11,900000E+0
192	65,346000E+3	176,270320E+3	-2,977000E+0	165,000000E+0	11,900000E+0
193	65,346000E+3	176,270320E+3	-2,977000E+0	165,000000E+0	11,900000E+0
194	65,346000E+3	176,270320E+3	-2,977000E+0	165,000000E+0	11,900000E+0
195	65,346000E+3	176,270320E+3	-2,977000E+0	165,000000E+0	11,900000E+0
196	84,000000E+0	176,192310E+3	2,061000E+0	168,000000E+0	11,900000E+0
197	84,000000E+0	176,192310E+3	2,061000E+0	168,000000E+0	11,900000E+0
198	84,000000E+0	176,192310E+3	2,061000E+0	168,000000E+0	11,900000E+0
199	84,000000E+0	176,192310E+3	2,061000E+0	168,000000E+0	11,900000E+0
200	316,000000E+0	176,103540E+3	6,183000E+0	244,000000E+0	11,900000E+0
201	316,000000E+0	176,103540E+3	6,183000E+0	244,000000E+0	11,900000E+0
202	316,000000E+0	176,103540E+3	6,183000E+0	244,000000E+0	11,900000E+0
203	316,000000E+0	176,103540E+3	6,183000E+0	244,000000E+0	11,900000E+0
204	414,000000E+0	176,063190E+3	7,786000E+0	364,000000E+0	11,900000E+0
205	414,000000E+0	176,063190E+3	7,786000E+0	364,000000E+0	11,900000E+0
206	414,000000E+0	176,063190E+3	7,786000E+0	364,000000E+0	11,900000E+0
207	414,000000E+0	176,063190E+3	7,786000E+0	364,000000E+0	11,900000E+0
208	232,000000E+0	176,135820E+3	5,267000E+0	471,000000E+0	11,900000E+0
209	232,000000E+0	176,135820E+3	5,267000E+0	471,000000E+0	11,900000E+0
210	232,000000E+0	176,135820E+3	5,267000E+0	471,000000E+0	11,900000E+0
211	232,000000E+0	176,135820E+3	5,267000E+0	471,000000E+0	11,900000E+0
212	65,395000E+3	176,224590E+3	-687,000000E-3	493,000000E+0	11,900000E+0
213	65,395000E+3	176,224590E+3	-687,000000E-3	493,000000E+0	11,900000E+0
214	65,395000E+3	176,224590E+3	-687,000000E-3	493,000000E+0	11,900000E+0
215	65,395000E+3	176,224590E+3	-687,000000E-3	493,000000E+0	11,900000E+0
216	65,311000E+3	176,267630E+3	-3,206000E+0	451,000000E+0	11,900000E+0
217	65,311000E+3	176,267630E+3	-3,206000E+0	451,000000E+0	11,900000E+0
218	65,311000E+3	176,267630E+3	-3,206000E+0	451,000000E+0	11,900000E+0
219	65,311000E+3	176,267630E+3	-3,206000E+0	451,000000E+0	11,900000E+0
220	65,437000E+3	176,251490E+3	-1,374000E+0	417,000000E+0	11,900000E+0
221	65,437000E+3	176,251490E+3	-1,374000E+0	417,000000E+0	11,900000E+0
222	65,437000E+3	176,251490E+3	-1,374000E+0	417,000000E+0	11,900000E+0
223	65,437000E+3	176,251490E+3	-1,374000E+0	417,000000E+0	11,900000E+0
224	65,458000E+3	176,216520E+3	-458,000000E-3	407,000000E+0	11,900000E+0
225	65,458000E+3	176,216520E+3	-458,000000E-3	407,000000E+0	11,900000E+0
226	65,458000E+3	176,216520E+3	-458,000000E-3	407,000000E+0	11,900000E+0
227	65,458000E+3	176,216520E+3	-458,000000E-3	407,000000E+0	11,900000E+0
228	65,472000E+3	176,205760E+3	0,000000E+0	405,000000E+0	11,900000E+0
229	65,472000E+3	176,205760E+3	0,000000E+0	405,000000E+0	11,900000E+0
230	65,472000E+3	176,205760E+3	0,000000E+0	405,000000E+0	11,900000E+0
231	65,472000E+3	176,205760E+3	0,000000E+0	405,000000E+0	11,900000E+0
232	65,465000E+3	176,197690E+3	0,000000E+0	405,000000E+0	11,900000E+0
233	65,465000E+3	176,197690E+3	0,000000E+0	405,000000E+0	11,900000E+0
234	65,465000E+3	176,197690E+3	0,000000E+0	405,000000E+0	11,900000E+0
235	65,465000E+3	176,197690E+3	0,000000E+0	405,000000E+0	11,900000E+0
236	65,472000E+3	176,208450E+3	0,000000E+0	404,000000E+0	12,000000E+0
237	65,472000E+3	176,208450E+3	0,000000E+0	404,000000E+0	12,000000E+0
238	65,472000E+3	176,208450E+3	0,000000E+0	404,000000E+0	12,000000E+0
239	65,472000E+3	176,208450E+3	0,000000E+0	404,000000E+0	12,000000E+0
240	65,486000E+3	176,221900E+3	0,000000E+0	404,000000E+0	12,000000E+0
241	65,486000E+3	176,221900E+3	0,000000E+0	404,000000E+0	12,000000E+0
242	65,486000E+3	176,221900E+3	0,000000E+0	404,000000E+0	12,000000E+0
243	65,486000E+3	176,221900E+3	0,000000E+0	404,000000E+0	12,000000E+0
244	65,514000E+3	176,259560E+3	0,000000E+0	404,000000E+0	12,000000E+0
245	65,514000E+3	176,259560E+3	0,000000E+0	404,000000E+0	12,000000E+0
246	65,514000E+3	176,259560E+3	0,000000E+0	404,000000E+0	12,000000E+0
247	65,514000E+3	176,259560E+3	0,000000E+0	404,000000E+0	12,000000E+0
248	14,000000E+0	176,248800E+3	458,000000E-3	411,000000E+0	12,000000E+0
249	14,000000E+0	176,248800E+3	458,000000E-3	411,000000E+0	12,000000E+0
250	14,000000E+0	176,248800E+3	458,000000E-3	411,000000E+0	12,000000E+0
251	14,000000E+0	176,248800E+3	458,000000E-3	411,000000E+0	12,000000E+0
252	98,000000E+0	176,205760E+3	2,061000E+0	437,000000E+0	11,900000E+0
253	98,000000E+0	176,205760E+3	2,061000E+0	437,000000E+0	11,900000E+0
254	98,000000E+0	176,205760E+3	2,061000E+0	437,000000E+0	11,900000E+0
255	98,000000E+0	176,205760E+3	2,061000E+0	437,000000E+0	11,900000E+0
256	91,000000E+0	176,192310E+3	2,290000E+0	474,000000E+0	11,900000E+0
257	91,000000E+0	176,192310E+3	2,290000E+0	474,000000E+0	11,900000E+0
258	91,000000E+0	176,192310E+3	2,290000E+0	474,000000E+0	11,900000E+0
259	91,000000E+0	176,192310E+3	2,290000E+0	474,000000E+0	11,900000E+0
260	65,254000E+3	176,259560E+3	-3,664000E+0	454,000000E+0	11,900000E+0
261	65,254000E+3	176,259560E+3	-3,664000E+0	454,000000E+0	11,900000E+0
262	65,254000E+3	176,259560E+3	-3,664000E+0	454,000000E+0	11,900000E+0
263	65,254000E+3	176,259560E+3	-3,664000E+0	454,000000E+0	11,900000E+0
264	65,036000E+3	29,590000E+0	-7,328000E+0	356,000000E+0	11,900000E+0
265	65,036000E+3	29,590000E+0	-7,328000E+0	356,000000E+0	11,900000E+0
266	65,036000E+3	29,590000E+0	-7,328000E+0	356,000000E+0	11,900000E+0
267	65,036000E+3	29,590000E+0	-7,328000E+0	356,000000E+0	11,900000E+0
268	65,135000E+3	53,800000E+0	-7,099000E+0	236,000000E+0	11,900000E+0
269	65,135000E+3	53,800000E+0	-7,099000E+0	236,000000E+0	11,900000E+0
270	65,135000E+3	53,800000E+0	-7,099000E+0	236,000000E+0	11,900000E+0
271	65,135000E+3	53,800000E+0	-7,099000E+0	236,000000E+0	11,900000E+0
272	65,339000E+3	176,270320E+3	-2,977000E+0	165,000000E+0	11,900000E+0
273	65,339000E+3	176,270320E+3	-2,977000E+0	165,000000E+0	11,900000E+0
274	65,339000E+3	176,270320E+3	-2,977000E+0	165,000000E+0	11,900000E+0
275	65,339000E+3	176,270320E+3	-2,977000E+0	165,000000E+0	11,900000E+0
276	91,000000E+0	176,197690E+3	1,832000E+0	167,000000E+0	11,900000E+0
277	91,000000E+0	176,197690E+3	1,832000E+0	167,000000E+0	11,900000E+0
278	91,000000E+0	176,197690E+3	1,832000E+0	167,000000E+0	11,900000E+0
279	91,000000E+0	176,197690E+3	1,832000E+0	167,000000E+0	11,900000E+0
280	323,000000E+0	176,111610E+3	5,954000E+0	243,000000E+0	12,000000E+0
281	323,000000E+0	176,111610E+3	5,954000E+0	243,000000E+0	12,000000E+0
282	323,000000E+0	176,111610E+3	5,954000E+0	243,000000E+0	12,000000E+0
283	323,000000E+0	176,111610E+3	5,954000E+0	243,000000E+0	12,000000E+0
284	421,000000E+0	176,063190E+3	7,786000E+0	364,000000E+0	12,000000E+0
285	421,000000E+0	176,063190E+3	7,786000E+0	364,000000E+0	12,000000E+0
286	421,000000E+0	176,063190E+3	7,786000E+0	364,000000E+0	12,000000E+0
287	421,000000E+0	176,063190E+3	7,786000E+0	364,000000E+0	12,000000E+0
288	217,000000E+0	176,125060E+3	5,496000E+0	472,000000E+0	11,900000E+0
289	217,000000E+0	176,125060E+3	5,496000E+0	472,000000E+0	11,900000E+0
290	217,000000E+0	176,125060E+3	5,496000E+0	472,000000E+0	11,900000E+0
291	217,000000E+0	176,125060E+3	5,496000E+0	472,000000E+0	11,900000E+0
292	65,395000E+3	176,227280E+3	-916,000000E-3	494,000000E+0	11,900000E+0
293	65,395000E+3	176,227280E+3	-916,000000E-3	494,000000E+0	11,900000E+0
294	65,395000E+3	176,227280E+3	-916,000000E-3	494,000000E+0	11,900000E+0
295	65,395000E+3	176,227280E+3	-916,000000E-3	494,000000E+0	11,900000E+0
296	65,311000E+3	176,273010E+3	-3,206000E+0	451,000000E+0	11,900000E+0
297	65,311000E+3	176,273010E+3	-3,206000E+0	451,000000E+0	11,900000E+0
298	65,311000E+3	176,273010E+3	-3,206000E+0	451,000000E+0	11,900000E+0
299	65,311000E+3	176,273010E+3	-3,206000E+0	451,000000E+0	11,900000E+0
300	65,437000E+3	176,251490E+3	-1,374000E+0	417,000000E+0	11,900000E+0
301	65,437000E+3	176,251490E+3	-1,374000E+0	417,000000E+0	11,900000E+0
302	65,437000E+3	176,251490E+3	-1,374000E+0	417,000000E+0	11,900000E+0
303	65,437000E+3	176,251490E+3	-1,374000E+0	417,000000E+0	11,900000E+0
304	65,458000E+3	176,216520E+3	-229,000000E-3	408,000000E+0	11,900000E+0
305	65,458000E+3	176,216520E+3	-229,000000E-3	408,000000E+0	11,900000E+0
306	65,458000E+3	176,216520E+3	-229,000000E-3	408,000000E+0	11,900000E+0
307	65,458000E+3	176,216520E+3	-229,000000E-3	408,000000E+0	11,900000E+0
308	65,472000E+3	176,203070E+3	0,000000E+0	405,000000E+0	11,900000E+0
309	65,472000E+3	176,203070E+3	0,000000E+0	405,000000E+0	11,900000E+0
310	65,472000E+3	176,203070E+3	0,000000E+0	405,000000E+0	11,900000E+0
311	65,472000E+3	176,203070E+3	0,000000E+0	405,000000E+0	11,900000E+0
312	65,465000E+3	176,195000E+3	0,000000E+0	404,000000E+0	11,900000E+0
313	65,465000E+3	176,195000E+3	0,000000E+0	404,000000E+0	11,900000E+0
314	65,465000E+3	176,195000E+3	0,000000E+0	404,000000E+0	11,900000E+0
315	65,465000E+3	176,195000E+3	0,000000E+0	404,000000E+0	11,900000E+0
316	65,479000E+3	176,205760E+3	0,000000E+0	404,000000E+0	11,900000E+0
317	65,479000E+3	176,205760E+3	0,000000E+0	404,000000E+0	11,900000E+0
318	65,479000E+3	176,205760E+3	0,000000E+0	404,000000E+0	11,900000E+0
319	65,479000E+3	176,205760E+3	0,000000E+0	404,000000E+0	11,900000E+0
320	65,486000E+3	176,219210E+3	0,000000E+0	404,000000E+0	11,900000E+0
321	65,486000E+3	176,219210E+3	0,000000E+0	404,000000E+0	11,900000E+0
322	65,486000E+3	176,219210E+3	0,000000E+0	404,000000E+0	11,900000E+0
323	65,486000E+3	176,219210E+3	0,000000E+0	404,000000E+0	11,900000E+0
324	65,507000E+3	176,259560E+3	0,000000E+0	404,000000E+0	11,900000E+0
325	65,507000E+3	176,259560E+3	0,000000E+0	404,000000E+0	11,900000E+0
326	65,507000E+3	176,259560E+3	0,000000E+0	404,000000E+0	11,900000E+0
327	65,507000E+3	176,259560E+3	0,000000E+0	404,000000E+0	11,900000E+0
328	14,000000E+0	176,248800E+3	458,000000E-3	411,000000E+0	12,000000E+0
329	14,000000E+0	176,248800E+3	458,000000E-3	411,000000E+0	12,000000E+0
330	14,000000E+0	176,248800E+3	458,000000E-3	411,000000E+0	12,000000E+0
331	14,000000E+0	176,248800E+3	458,000000E-3	411,000000E+0	12,000000E+0
332	98,000000E+0	176,203070E+3	2,061000E+0	437,000000E+0	11,900000E+0
333	98,000000E+0	176,203070E+3	2,061000E+0	437,000000E+0	11,900000E+0
334	98,000000E+0	176,203070E+3	2,061000E+0	437,000000E+0	11,900000E+0
335	98,000000E+0	176,203070E+3	2,061000E+0	437,000000E+0	11,900000E+0
336	91,000000E+0	176,197690E+3	2,290000E+0	474,000000E+0	11,900000E+0
337	91,000000E+0	176,197690E+3	2,290000E+0	474,000000E+0	11,900000E+0
338	91,000000E+0	176,197690E+3	2,290000E+0	474,000000E+0	11,900000E+0
339	91,000000E+0	176,197690E+3	2,290000E+0	474,000000E+0	11,900000E+0
340	65,254000E+3	176,259560E+3	-3,664000E+0	454,000000E+0	11,900000E+0
341	65,254000E+3	176,259560E+3	-3,664000E+0	454,000000E+0	11,900000E+0
342	65,254000E+3	176,259560E+3	-3,664000E+0	454,000000E+0	11,900000E+0
343	65,254000E+3	176,259560E+3	-3,664000E+0	454,000000E+0	11,900000E+0
344	65,043000E+3	29,590000E+0	-7,328000E+0	355,000000E+0	11,900000E+0
345	65,043000E+3	29,590000E+0	-7,328000E+0	355,000000E+0	11,900000E+0
346	65,043000E+3	29,590000E+0	-7,328000E+0	355,000000E+0	11,900000E+0
347	65,043000E+3	29,590000E+0	-7,328000E+0	355,000000E+0	11,900000E+0
348	65,135000E+3	48,420000E+0	-7,328000E+0	235,000000E+0	11,900000E+0
349	65,135000E+3	48,420000E+0	-7,328000E+0	235,000000E+0	11,900000E+0
350	65,135000E+3	48,420000E+0	-7,328000E+0	235,000000E+0	11,900000E+0
351	65,135000E+3	48,420000E+0	-7,328000E+0	235,000000E+0	11,900000E+0
352	65,346000E+3	176,270320E+3	-2,977000E+0	164,000000E+0	11,900000E+0
353	65,346000E+3	176,270320E+3	-2,977000E+0	164,000000E+0	11,900000E+0
354	65,346000E+3	176,270320E+3	-2,977000E+0	164,000000E+0	11,900000E+0
355	65,346000E+3	176,270320E+3	-2,977000E+0	164,000000E+0	11,900000E+0
356	91,000000E+0	176,195000E+3	1,832000E+0	167,000000E+0	11,900000E+0
357	91,000000E+0	176,195000E+3	1,832000E+0	167,000000E+0	11,900000E+0
358	91,000000E+0	176,195000E+3	1,832000E+0	167,000000E+0	11,900000E+0
359	91,000000E+0	176,195000E+3	1,832000E+0	167,000000E+0	11,900000E+0
360	323,000000E+0	176,103540E+3	6,183000E+0	244,000000E+0	11,900000E+0
361	323,000000E+0	176,103540E+3	6,183000E+0	244,000000E+0	11,900000E+0
362	323,000000E+0	176,103540E+3	6,183000E+0	244,000000E+0	11,900000E+0
363	323,000000E+0	176,103540E+3	6,183000E+0	244,000000E+0	11,900000E+0
364	421,000000E+0	176,065880E+3	7,557000E+0	364,000000E+0	11,900000E+0
365	421,000000E+0	176,065880E+3	7,557000E+0	364,000000E+0	11,900000E+0
366	421,000000E+0	176,065880E+3	7,557000E+0	364,000000E+0	11,900000E+0
367	421,000000E+0	176,065880E+3	7,557000E+0	364,000000E+0	11,900000E+0
368	232,000000E+0	176,133130E+3	5,267000E+0	470,000000E+0	11,900000E+0
369	232,000000E+0	176,133130E+3	5,267000E+0	470,000000E+0	11,900000E+0
370	232,000000E+0	176,133130E+3	5,267000E+0	470,000000E+0	11,900000E+0
371	232,000000E+0	176,133130E+3	5,267000E+0	470,000000E+0	11,900000E+0
372	65,395000E+3	176,224590E+3	-916,000000E-3	493,000000E+0	11,900000E+0
373	65,395000E+3	176,224590E+3	-916,000000E-3	493,000000E+0	11,900000E+0
374	65,395000E+3	176,224590E+3	-916,000000E-3	493,000000E+0	11,900000E+0
375	65,395000E+3	176,224590E+3	-916,000000E-3	493,000000E+0	11,900000E+0
376	65,311000E+3	176,270320E+3	-3,206000E+0	452,000000E+0	11,900000E+0
377	65,311000E+3	176,270320E+3	-3,206000E+0	452,000000E+0	11,900000E+0
378	65,311000E+3	176,270320E+3	-3,206000E+0	452,000000E+0	11,900000E+0
379	65,311000E+3	176,270320E+3	-3,206000E+0	452,000000E+0	11,900000E+0
380	65,437000E+3	176,251490E+3	-1,374000E+0	417,000000E+0	11,900000E+0
381	65,437000E+3	176,251490E+3	-1,374000E+0	417,000000E+0	11,900000E+0
382	65,437000E+3	176,251490E+3	-1,374000E+0	417,000000E+0	11,900000E+0
383	65,437000E+3	176,251490E+3	-1,374000E+0	417,000000E+0	11,900000E+0
384	65,458000E+3	176,216520E+3	-229,000000E-3	408,000000E+0	11,900000E+0
385	65,458000E+3	176,216520E+3	-229,000000E-3	408,000000E+0	11,900000E+0
386	65,458000E+3	176,216520E+3	-229,000000E-3	408,000000E+0	11,900000E+0
387	65,458000E+3	176,216520E+3	-229,000000E-3	408,000000E+0	11,900000E+0
388	65,472000E+3	176,203070E+3	0,000000E+0	404,000000E+0	11,900000E+0
389	65,472000E+3	176,203070E+3	0,000000E+0	404,000000E+0	11,900000E+0
390	65,472000E+3	176,203070E+3	0,000000E+0	404,000000E+0	11,900000E+0
391	65,472000E+3	176,203070E+3	0,000000E+0	404,000000E+0	11,900000E+0
392	65,465000E+3	176,197690E+3	0,000000E+0	404,000000E+0	11,900000E+0
393	65,465000E+3	176,197690E+3	0,000000E+0	404,000000E+0	11,900000E+0
394	65,465000E+3	176,197690E+3	0,000000E+0	404,000000E+0	11,900000E+0
395	65,465000E+3	176,197690E+3	0,000000E+0	404,000000E+0	11,900000E+0
396	65,479000E+3	176,208450E+3	0,000000E+0	404,000000E+0	11,900000E+0
397	65,479000E+3	176,208450E+3	0,000000E+0	404,000000E+0	11,900000E+0
398	65,479000E+3	176,208450E+3	0,000000E+0	404,000000E+0	11,900000E+0
399	65,479000E+3	176,208450E+3	0,000000E+0	404,000000E+0	11,900000E+0
400	65,479000E+3	176,219210E+3	0,000000E+0	404,000000E+0	11,900000E+0
401	65,479000E+3	176,219210E+3	0,000000E+0	404,000000E+0	11,900000E+0
402	65,479000E+3	176,219210E+3	0,000000E+0	404,000000E+0	11,900000E+0
403	65,507000E+3	176,262250E+3	0,000000E+0	405,000000E+0	11,900000E+0
404	65,507000E+3	176,262250E+3	0,000000E+0	405,000000E+0	11,900000E+0
405	65,507000E+3	176,262250E+3	0,000000E+0	405,000000E+0	11,900000E+0
406	65,507000E+3	176,262250E+3	0,000000E+0	405,000000E+0	11,900000E+0
407	65,507000E+3	176,262250E+3	0,000000E+0	405,000000E+0	11,900000E+0
408	14,000000E+0	176,251490E+3	458,000000E-3	411,000000E+0	11,900000E+0
409	14,000000E+0	176,251490E+3	458,000000E-3	411,000000E+0	11,900000E+0
410	14,000000E+0	176,251490E+3	458,000000E-3	411,000000E+0	11,900000E+0
411	14,000000E+0	176,251490E+3	458,000000E-3	411,000000E+0	11,900000E+0
412	98,000000E+0	176,203070E+3	2,061000E+0	437,000000E+0	11,900000E+0
413	98,000000E+0	176,203070E+3	2,061000E+0	437,000000E+0	11,900000E+0
414	98,000000E+0	176,203070E+3	2,061000E+0	437,000000E+0	11,900000E+0
415	98,000000E+0	176,203070E+3	2,061000E+0	437,000000E+0	11,900000E+0
416	91,000000E+0	176,195000E+3	2,290000E+0	474,000000E+0	11,900000E+0
417	91,000000E+0	176,195000E+3	2,290000E+0	474,000000E+0	11,900000E+0
418	91,000000E+0	176,195000E+3	2,290000E+0	474,000000E+0	11,900000E+0
419	91,000000E+0	176,195000E+3	2,290000E+0	474,000000E+0	11,900000E+0
420	65,247000E+3	176,262250E+3	-3,435000E+0	455,000000E+0	11,900000E+0
421	65,247000E+3	176,262250E+3	-3,435000E+0	455,000000E+0	11,900000E+0
422	65,247000E+3	176,262250E+3	-3,435000E+0	455,000000E+0	11,900000E+0
423	65,247000E+3	176,262250E+3	-3,435000E+0	455,000000E+0	11,900000E+0
424	65,036000E+3	24,210000E+0	-7,328000E+0	355,000000E+0	11,900000E+0
425	65,036000E+3	24,210000E+0	-7,328000E+0	355,000000E+0	11,900000E+0
426	65,036000E+3	24,210000E+0	-7,328000E+0	355,000000E+0	11,900000E+0
427	65,036000E+3	24,210000E+0	-7,328000E+0	355,000000E+0	11,900000E+0
428	65,128000E+3	51,110000E+0	-6,870000E+0	237,000000E+0	11,900000E+0
429	65,128000E+3	51,110000E+0	-6,870000E+0	237,000000E+0	11,900000E+0
430	65,128000E+3	51,110000E+0	-6,870000E+0	237,000000E+0	11,900000E+0
431	65,128000E+3	51,110000E+0	-6,870000E+0	237,000000E+0	11,900000E+0
432	65,346000E+3	176,270320E+3	-2,977000E+0	164,000000E+0	11,900000E+0
433	65,346000E+3	176,270320E+3	-2,977000E+0	164,000000E+0	11,900000E+0
434	65,346000E+3	176,270320E+3	-2,977000E+0	164,000000E+0	11,900000E+0
435	65,346000E+3	176,270320E+3	-2,977000E+0	164,000000E+0	11,900000E+0
436	98,000000E+0	176,203070E+3	1,832000E+0	167,000000E+0	11,900000E+0
437	98,000000E+0	176,203070E+3	1,832000E+0	167,000000E+0	11,900000E+0
438	98,000000E+0	176,203070E+3	1,832000E+0	167,000000E+0	11,900000E+0
439	98,000000E+0	176,203070E+3	1,832000E+0	167,000000E+0	11,900000E+0
440	337,000000E+0	176,119680E+3	5,725000E+0	242,000000E+0	11,900000E+0
441	337,000000E+0	176,119680E+3	5,725000E+0	242,000000E+0	11,900000E+0
442	337,000000E+0	176,119680E+3	5,725000E+0	242,000000E+0	11,900000E+0
443	337,000000E+0	176,119680E+3	5,725000E+0	242,000000E+0	11,900000E+0
444	407,000000E+0	176,063190E+3	8,015000E+0	364,000000E+0	12,000000E+0
445	407,000000E+0	176,063190E+3	8,015000E+0	364,000000E+0	12,000000E+0
446	407,000000E+0	176,063190E+3	8,015000E+0	364,000000E+0	12,000000E+0
447	407,000000E+0	176,063190E+3	8,015000E+0	364,000000E+0	12,000000E+0
448	225,000000E+0	176,127750E+3	5,267000E+0	471,000000E+0	11,900000E+0
449	225,000000E+0	176,127750E+3	5,267000E+0	471,000000E+0	11,900000E+0
450	225,000000E+0	176,127750E+3	5,267000E+0	471,000000E+0	11,900000E+0
451	225,000000E+0	176,127750E+3	5,267000E+0	471,000000E+0	11,900000E+0
452	65,395000E+3	176,227280E+3	-687,000000E-3	493,000000E+0	11,900000E+0
453	65,395000E+3	176,227280E+3	-687,000000E-3	493,000000E+0	11,900000E+0
454	65,395000E+3	176,227280E+3	-687,000000E-3	493,000000E+0	11,900000E+0
455	65,395000E+3	176,227280E+3	-687,000000E-3	493,000000E+0	11,900000E+0
456	65,318000E+3	176,270320E+3	-3,435000E+0	451,000000E+0	11,900000E+0
457	65,318000E+3	176,270320E+3	-3,435000E+0	451,000000E+0	11,900000E+0
458	65,318000E+3	176,270320E+3	-3,435000E+0	451,000000E+0	11,900000E+0
459	65,318000E+3	176,270320E+3	-3,435000E+0	451,000000E+0	11,900000E+0
460	65,437000E+3	176,254180E+3	-1,374000E+0	417,000000E+0	11,900000E+0
461	65,437000E+3	176,254180E+3	-1,374000E+0	417,000000E+0	11,900000E+0
462	65,437000E+3	176,254180E+3	-1,374000E+0	417,000000E+0	11,900000E+0
463	65,437000E+3	176,254180E+3	-1,374000E+0	417,000000E+0	11,900000E+0
464	65,458000E+3	176,216520E+3	-229,000000E-3	408,000000E+0	11,900000E+0
465	65,458000E+3	176,216520E+3	-229,000000E-3	408,000000E+0	11,900000E+0
466	65,458000E+3	176,216520E+3	-229,000000E-3	408,000000E+0	11,900000E+0
467	65,458000E+3	176,216520E+3	-229,000000E-3	408,000000E+0	11,900000E+0
468	65,472000E+3	176,203070E+3	0,000000E+0	404,000000E+0	11,900000E+0
469	65,472000E+3	176,203070E+3	0,000000E+0	404,000000E+0	11,900000E+0
470	65,472000E+3	176,203070E+3	0,000000E+0	404,000000E+0	11,900000E+0
471	65,472000E+3	176,203070E+3	0,000000E+0	404,000000E+0	11,900000E+0
472	65,465000E+3	176,195000E+3	0,000000E+0	404,000000E+0	11,900000E+0
473	65,465000E+3	176,195000E+3	0,000000E+0	404,000000E+0	11,900000E+0
474	65,465000E+3	176,195000E+3	0,000000E+0	404,000000E+0	11,900000E+0
475	65,465000E+3	176,195000E+3	0,000000E+0	404,000000E+0	11,900000E+0
476	65,472000E+3	176,211140E+3	0,000000E+0	404,000000E+0	12,000000E+0
477	65,472000E+3	176,211140E+3	0,000000E+0	404,000000E+0	12,000000E+0
478	65,472000E+3	176,211140E+3	0,000000E+0	404,000000E+0	12,000000E+0
479	65,472000E+3	176,211140E+3	0,000000E+0	404,000000E+0	12,000000E+0
480	65,486000E+3	176,221900E+3	0,000000E+0	405,000000E+0	12,000000E+0
481	65,486000E+3	176,221900E+3	0,000000E+0	405,000000E+0	12,000000E+0
482	65,486000E+3	176,221900E+3	0,000000E+0	405,000000E+0	12,000000E+0
483	65,486000E+3	176,221900E+3	0,000000E+0	405,000000E+0	12,000000E+0
484	65,507000E+3	176,262250E+3	0,000000E+0	405,000000E+0	12,000000E+0
485	65,507000E+3	176,262250E+3	0,000000E+0	405,000000E+0	12,000000E+0
486	65,507000E+3	176,262250E+3	0,000000E+0	405,000000E+0	12,000000E+0
487	65,507000E+3	176,262250E+3	0,000000E+0	405,000000E+0	12,000000E+0
488	14,000000E+0	176,248800E+3	687,000000E-3	411,000000E+0	12,000000E+0
489	14,000000E+0	176,248800E+3	687,000000E-3	411,000000E+0	12,000000E+0
490	14,000000E+0	176,248800E+3	687,000000E-3	411,000000E+0	12,000000E+0
491	14,000000E+0	176,248800E+3	687,000000E-3	411,000000E+0	12,000000E+0
492	98,000000E+0	176,205760E+3	2,061000E+0	436,000000E+0	11,900000E+0
493	98,000000E+0	176,205760E+3	2,061000E+0	436,000000E+0	11,900000E+0
494	98,000000E+0	176,205760E+3	2,061000E+0	436,000000E+0	11,900000E+0
495	98,000000E+0	176,205760E+3	2,061000E+0	436,000000E+0	11,900000E+0
496	91,000000E+0	176,195000E+3	2,061000E+0	474,000000E+0	11,900000E+0
497	91,000000E+0	176,195000E+3	2,061000E+0	474,000000E+0	11,900000E+0
498	91,000000E+0	176,195000E+3	2,061000E+0	474,000000E+0	11,900000E+0
499	91,000000E+0	176,195000E+3	2,061000E+0	474,000000E+0	11,900000E+0
500	65,254000E+3	176,259560E+3	-3,664000E+0	454,000000E+0	11,900000E+0
501	65,254000E+3	176,259560E+3	-3,664000E+0	454,000000E+0	11,900000E+0
502	65,254000E+3	176,259560E+3	-3,664000E+0	454,000000E+0	11,900000E+0
503	65,254000E+3	176,259560E+3	-3,664000E+0	454,000000E+0	11,900000E+0
504	65,043000E+3	26,900000E+0	-7,328000E+0	356,000000E+0	11,900000E+0
505	65,043000E+3	26,900000E+0	-7,328000E+0	356,000000E+0	11,900000E+0
506	65,043000E+3	26,900000E+0	-7,328000E+0	356,000000E+0	11,900000E+0
507	65,043000E+3	26,900000E+0	-7,328000E+0	356,000000E+0	11,900000E+0
508	65,142000E+3	51,110000E+0	-7,099000E+0	235,000000E+0	11,900000E+0
509	65,142000E+3	51,110000E+0	-7,099000E+0	235,000000E+0	11,900000E+0
510	65,142000E+3	51,110000E+0	-7,099000E+0	235,000000E+0	11,900000E+0
511	65,142000E+3	51,110000E+0	-7,099000E+0	235,000000E+0	11,900000E+0
512	65,346000E+3	176,270320E+3	-3,206000E+0	164,000000E+0	11,900000E+0
513	65,346000E+3	176,270320E+3	-3,206000E+0	164,000000E+0	11,900000E+0
514	65,346000E+3	176,270320E+3	-3,206000E+0	164,000000E+0	11,900000E+0
515	65,346000E+3	176,270320E+3	-3,206000E+0	164,000000E+0	11,900000E+0
516	91,000000E+0	176,197690E+3	1,832000E+0	167,000000E+0	11,900000E+0
517	91,000000E+0	176,197690E+3	1,832000E+0	167,000000E+0	11,900000E+0
518	91,000000E+0	176,197690E+3	1,832000E+0	167,000000E+0	11,900000E+0
519	91,000000E+0	176,197690E+3	1,832000E+0	167,000000E+0	11,900000E+0
520	330,000000E+0	176,108920E+3	5,954000E+0	243,000000E+0	11,900000E+0
521	330,000000E+0	176,108920E+3	5,954000E+0	243,000000E+0	11,900000E+0
522	330,000000E+0	176,108920E+3	5,954000E+0	243,000000E+0	11,900000E+0
523	330,000000E+0	176,108920E+3	5,954000E+0	243,000000E+0	11,900000E+0
524	407,000000E+0	176,060500E+3	7,786000E+0	365,000000E+0	12,000000E+0
525	407,000000E+0	176,060500E+3	7,786000E+0	365,000000E+0	12,000000E+0
526	407,000000E+0	176,060500E+3	7,786000E+0	365,000000E+0	12,000000E+0
527	407,000000E+0	176,060500E+3	7,786000E+0	365,000000E+0	12,000000E+0
528	225,000000E+0	176,130440E+3	5,267000E+0	471,000000E+0	11,900000E+0
529	225,000000E+0	176,130440E+3	5,267000E+0	471,000000E+0	11,900000E+0
530	225,000000E+0	176,130440E+3	5,267000E+0	471,000000E+0	11,900000E+0
531	225,000000E+0	176,130440E+3	5,267000E+0	471,000000E+0	11,900000E+0
532	65,402000E+3	176,224590E+3	-916,000000E-3	493,000000E+0	11,900000E+0
533	65,402000E+3	176,224590E+3	-916,000000E-3	493,000000E+0	11,900000E+0
534	65,402000E+3	176,224590E+3	-916,000000E-3	493,000000E+0	11,900000E+0
535	65,402000E+3	176,224590E+3	-916,000000E-3	493,000000E+0	11,900000E+0
536	65,318000E+3	176,270320E+3	-3,435000E+0	451,000000E+0	11,900000E+0
537	65,318000E+3	176,270320E+3	-3,435000E+0	451,000000E+0	11,900000E+0
538	65,318000E+3	176,270320E+3	-3,435000E+0	451,000000E+0	11,900000E+0
539	65,318000E+3	176,270320E+3	-3,435000E+0	451,000000E+0	11,900000E+0
540	65,430000E+3	176,248800E+3	-1,374000E+0	417,000000E+0	11,900000E+0
541	65,430000E+3	176,248800E+3	-1,374000E+0	417,000000E+0	11,900000E+0
542	65,430000E+3	176,248800E+3	-1,374000E+0	417,000000E+0	11,900000E+0
543	65,430000E+3	176,248800E+3	-1,374000E+0	417,000000E+0	11,900000E+0
544	65,458000E+3	176,213830E+3	-229,000000E-3	408,000000E+0	11,900000E+0
545	65,458000E+3	176,213830E+3	-229,000000E-3	408,000000E+0	11,900000E+0
546	65,458000E+3	176,213830E+3	-229,000000E-3	408,000000E+0	11,900000E+0
547	65,458000E+3	176,213830E+3	-229,000000E-3	408,000000E+0	11,900000E+0
548	65,472000E+3	176,203070E+3	0,000000E+0	405,000000E+0	11,900000E+0
549	65,472000E+3	176,203070E+3	0,000000E+0	405,000000E+0	11,900000E+0
550	65,472000E+3	176,203070E+3	0,000000E+0	405,000000E+0	11,900000E+0
551	65,472000E+3	176,203070E+3	0,000000E+0	405,000000E+0	11,900000E+0
552	65,465000E+3	176,197690E+3	0,000000E+0	404,000000E+0	11,900000E+0
553	65,465000E+3	176,197690E+3	0,000000E+0	404,000000E+0	11,900000E+0
554	65,465000E+3	176,197690E+3	0,000000E+0	404,000000E+0	11,900000E+0
555	65,465000E+3	176,197690E+3	0,000000E+0	404,000000E+0	11,900000E+0
556	65,472000E+3	176,211140E+3	0,000000E+0	404,000000E+0	11,900000E+0
557	65,472000E+3	176,211140E+3	0,000000E+0	404,000000E+0	11,900000E+0
558	65,472000E+3	176,211140E+3	0,000000E+0	404,000000E+0	11,900000E+0
559	65,472000E+3	176,211140E+3	0,000000E+0	404,000000E+0	11,900000E+0
560	65,486000E+3	176,219210E+3	0,000000E+0	405,000000E+0	11,900000E+0
561	65,486000E+3	176,219210E+3	0,000000E+0	405,000000E+0	11,900000E+0
562	65,486000E+3	176,219210E+3	0,000000E+0	405,000000E+0	11,900000E+0
563	65,486000E+3	176,219210E+3	0,000000E+0	405,000000E+0	11,900000E+0
564	65,514000E+3	176,259560E+3	0,000000E+0	405,000000E+0	11,900000E+0
565	65,514000E+3	176,259560E+3	0,000000E+0	405,000000E+0	11,900000E+0
566	65,514000E+3	176,259560E+3	0,000000E+0	405,000000E+0	11,900000E+0
567	65,514000E+3	176,259560E+3	0,000000E+0	405,000000E+0	11,900000E+0
568	14,000000E+0	176,251490E+3	458,000000E-3	411,000000E+0	11,900000E+0
569	14,000000E+0	176,251490E+3	458,000000E-3	411,000000E+0	11,900000E+0
570	14,000000E+0	176,251490E+3	458,000000E-3	411,000000E+0	11,900000E+0
571	14,000000E+0	176,251490E+3	458,000000E-3	411,000000E+0	11,900000E+0
572	98,000000E+0	176,208450E+3	2,061000E+0	436,000000E+0	11,900000E+0
573	98,000000E+0	176,208450E+3	2,061000E+0	436,000000E+0	11,900000E+0
574	98,000000E+0	176,208450E+3	2,061000E+0	436,000000E+0	11,900000E+0
575	98,000000E+0	176,208450E+3	2,061000E+0	436,000000E+0	11,900000E+0
576	84,000000E+0	176,195000E+3	2,519000E+0	475,000000E+0	11,900000E+0
577	84,000000E+0	176,195000E+3	2,519000E+0	475,000000E+0	11,900000E+0
578	84,000000E+0	176,195000E+3	2,519000E+0	475,000000E+0	11,900000E+0
579	84,000000E+0	176,195000E+3	2,519000E+0	475,000000E+0	11,900000E+0
580	65,261000E+3	176,259560E+3	-3,893000E+0	454,000000E+0	11,900000E+0
581	65,261000E+3	176,259560E+3	-3,893000E+0	454,000000E+0	11,900000E+0
582	65,261000E+3	176,259560E+3	-3,893000E+0	454,000000E+0	11,900000E+0
583	65,261000E+3	176,259560E+3	-3,893000E+0	454,000000E+0	11,900000E+0
584	65,050000E+3	29,590000E+0	-7,557000E+0	356,000000E+0	11,900000E+0
585	65,050000E+3	29,590000E+0	-7,557000E+0	356,000000E+0	11,900000E+0
586	65,050000E+3	29,590000E+0	-7,557000E+0	356,000000E+0	11,900000E+0
587	65,050000E+3	29,590000E+0	-7,557000E+0	356,000000E+0	11,900000E+0
588	65,142000E+3	51,110000E+0	-7,328000E+0	236,000000E+0	11,900000E+0
589	65,142000E+3	51,110000E+0	-7,328000E+0	236,000000E+0	11,900000E+0
590	65,142000E+3	51,110000E+0	-7,328000E+0	236,000000E+0	11,900000E+0
591	65,142000E+3	51,110000E+0	-7,328000E+0	236,000000E+0	11,900000E+0
592	65,346000E+3	176,270320E+3	-2,977000E+0	165,000000E+0	11,900000E+0
593	65,346000E+3	176,270320E+3	-2,977000E+0	165,000000E+0	11,900000E+0
594	65,346000E+3	176,270320E+3	-2,977000E+0	165,000000E+0	11,900000E+0
595	65,346000E+3	176,270320E+3	-2,977000E+0	165,000000E+0	11,900000E+0
596	91,000000E+0	176,197690E+3	1,832000E+0	168,000000E+0	11,900000E+0
597	91,000000E+0	176,197690E+3	1,832000E+0	168,000000E+0	11,900000E+0
598	91,000000E+0	176,197690E+3	1,832000E+0	168,000000E+0	11,900000E+0
599	91,000000E+0	176,197690E+3	1,832000E+0	168,000000E+0	11,900000E+0
600	330,000000E+0	176,111610E+3	5,954000E+0	243,000000E+0	11,900000E+0
601	330,000000E+0	176,111610E+3	5,954000E+0	243,000000E+0	11,900000E+0
602	330,000000E+0	176,111610E+3	5,954000E+0	243,000000E+0	11,900000E+0
603	330,000000E+0	176,111610E+3	5,954000E+0	243,000000E+0	11,900000E+0
604	421,000000E+0	176,068570E+3	7,557000E+0	363,000000E+0	12,000000E+0
605	421,000000E+0	176,068570E+3	7,557000E+0	363,000000E+0	12,000000E+0
606	421,000000E+0	176,068570E+3	7,557000E+0	363,000000E+0	12,000000E+0
607	421,000000E+0	176,068570E+3	7,557000E+0	363,000000E+0	12,000000E+0
608	210,000000E+0	176,122370E+3	5,725000E+0	473,000000E+0	11,900000E+0
609	210,000000E+0	176,122370E+3	5,725000E+0	473,000000E+0	11,900000E+0
610	210,000000E+0	176,122370E+3	5,725000E+0	473,000000E+0	11,900000E+0
611	210,000000E+0	176,122370E+3	5,725000E+0	473,000000E+0	11,900000E+0
612	65,395000E+3	176,227280E+3	-916,000000E-3	494,000000E+0	11,900000E+0
613	65,395000E+3	176,227280E+3	-916,000000E-3	494,000000E+0	11,900000E+0
614	65,395000E+3	176,227280E+3	-916,000000E-3	494,000000E+0	11,900000E+0
615	65,395000E+3	176,227280E+3	-916,000000E-3	494,000000E+0	11,900000E+0
616	65,311000E+3	176,273010E+3	-3,435000E+0	451,000000E+0	11,900000E+0
617	65,311000E+3	176,273010E+3	-3,435000E+0	451,000000E+0	11,900000E+0
618	65,311000E+3	176,273010E+3	-3,435000E+0	451,000000E+0	11,900000E+0
619	65,311000E+3	176,273010E+3	-3,435000E+0	451,000000E+0	11,900000E+0
620	65,437000E+3	176,251490E+3	-1,374000E+0	417,000000E+0	11,900000E+0
621	65,437000E+3	176,251490E+3	-1,374000E+0	417,000000E+0	11,900000E+0
622	65,437000E+3	176,251490E+3	-1,374000E+0	417,000000E+0	11,900000E+0
623	65,437000E+3	176,251490E+3	-1,374000E+0	417,000000E+0	11,900000E+0
624	65,458000E+3	176,213830E+3	-229,000000E-3	407,000000E+0	11,900000E+0
625	65,458000E+3	176,213830E+3	-229,000000E-3	407,000000E+0	11,900000E+0
626	65,458000E+3	176,213830E+3	-229,000000E-3	407,000000E+0	11,900000E+0
627	65,458000E+3	176,213830E+3	-229,000000E-3	407,000000E+0	11,900000E+0
628	65,472000E+3	176,203070E+3	0,000000E+0	405,000000E+0	11,900000E+0
629	65,472000E+3	176,203070E+3	0,000000E+0	405,000000E+0	11,900000E+0
630	65,472000E+3	176,203070E+3	0,000000E+0	405,000000E+0	11,900000E+0
631	65,472000E+3	176,203070E+3	0,000000E+0	405,000000E+0	11,900000E+0
632	65,472000E+3	176,197690E+3	0,000000E+0	405,000000E+0	11,900000E+0
633	65,472000E+3	176,197690E+3	0,000000E+0	405,000000E+0	11,900000E+0
634	65,472000E+3	176,197690E+3	0,000000E+0	405,000000E+0	11,900000E+0
635	65,472000E+3	176,197690E+3	0,000000E+0	405,000000E+0	11,900000E+0
636	65,479000E+3	176,208450E+3	0,000000E+0	404,000000E+0	11,900000E+0
637	65,479000E+3	176,208450E+3	0,000000E+0	404,000000E+0	11,900000E+0
638	65,479000E+3	176,208450E+3	0,000000E+0	404,000000E+0	11,900000E+0
639	65,479000E+3	176,208450E+3	0,000000E+0	404,000000E+0	11,900000E+0
640	65,486000E+3	176,219210E+3	0,000000E+0	404,000000E+0	12,000000E+0
641	65,486000E+3	176,219210E+3	0,000000E+0	404,000000E+0	12,000000E+0
642	65,486000E+3	176,219210E+3	0,000000E+0	404,000000E+0	12,000000E+0
643	65,486000E+3	176,219210E+3	0,000000E+0	404,000000E+0	12,000000E+0
644	65,507000E+3	176,259560E+3	0,000000E+0	404,000000E+0	12,000000E+0
645	65,507000E+3	176,259560E+3	0,000000E+0	404,000000E+0	12,000000E+0
646	65,507000E+3	176,259560E+3	0,000000E+0	404,000000E+0	12,000000E+0
647	65,507000E+3	176,259560E+3	0,000000E+0	404,000000E+0	12,000000E+0
648	14,000000E+0	176,251490E+3	458,000000E-3	411,000000E+0	12,000000E+0
649	14,000000E+0	176,251490E+3	458,000000E-3	411,000000E+0	12,000000E+0
650	14,000000E+0	176,251490E+3	458,000000E-3	411,000000E+0	12,000000E+0
651	14,000000E+0	176,251490E+3	458,000000E-3	411,000000E+0	12,000000E+0
652	98,000000E+0	176,205760E+3	2,061000E+0	436,000000E+0	12,000000E+0
653	98,000000E+0	176,205760E+3	2,061000E+0	436,000000E+0	12,000000E+0
654	98,000000E+0	176,205760E+3	2,061000E+0	436,000000E+0	12,000000E+0
655	98,000000E+0	176,205760E+3	2,061000E+0	436,000000E+0	12,000000E+0
656	98,000000E+0	176,197690E+3	2,061000E+0	474,000000E+0	11,900000E+0
657	98,000000E+0	176,197690E+3	2,061000E+0	474,000000E+0	11,900000E+0
658	98,000000E+0	176,197690E+3	2,061000E+0	474,000000E+0	11,900000E+0
659	98,000000E+0	176,197690E+3	2,061000E+0	474,000000E+0	11,900000E+0
660	65,247000E+3	176,256870E+3	-3,435000E+0	455,000000E+0	11,900000E+0
661	65,247000E+3	176,256870E+3	-3,435000E+0	455,000000E+0	11,900000E+0
662	65,247000E+3	176,256870E+3	-3,435000E+0	455,000000E+0	11,900000E+0
663	65,247000E+3	176,256870E+3	-3,435000E+0	455,000000E+0	11,900000E+0
664	65,064000E+3	29,590000E+0	-8,015000E+0	352,000000E+0	11,900000E+0
665	65,064000E+3	29,590000E+0	-8,015000E+0	352,000000E+0	11,900000E+0
666	65,064000E+3	29,590000E+0	-8,015000E+0	352,000000E+0	11,900000E+0
667	65,064000E+3	29,590000E+0	-8,015000E+0	352,000000E+0	11,900000E+0
668	65,135000E+3	51,110000E+0	-7,099000E+0	236,000000E+0	11,900000E+0
669	65,135000E+3	51,110000E+0	-7,099000E+0	236,000000E+0	11,900000E+0
670	65,135000E+3	51,110000E+0	-7,099000E+0	236,000000E+0	11,900000E+0
671	65,135000E+3	51,110000E+0	-7,099000E+0	236,000000E+0	11,900000E+0
672	65,339000E+3	176,270320E+3	-2,977000E+0	165,000000E+0	11,900000E+0
673	65,339000E+3	176,270320E+3	-2,977000E+0	165,000000E+0	11,900000E+0
674	65,339000E+3	176,270320E+3	-2,977000E+0	165,000000E+0	11,900000E+0
675	65,339000E+3	176,270320E+3	-2,977000E+0	165,000000E+0	11,900000E+0
676	98,000000E+0	176,205760E+3	1,832000E+0	167,000000E+0	11,900000E+0
677	98,000000E+0	176,205760E+3	1,832000E+0	167,000000E+0	11,900000E+0
678	98,000000E+0	176,205760E+3	1,832000E+0	167,000000E+0	11,900000E+0
679	98,000000E+0	176,205760E+3	1,832000E+0	167,000000E+0	11,900000E+0
680	316,000000E+0	176,106230E+3	6,183000E+0	244,000000E+0	12,000000E+0
681	316,000000E+0	176,106230E+3	6,183000E+0	244,000000E+0	12,000000E+0
682	316,000000E+0	176,106230E+3	6,183000E+0	244,000000E+0	12,000000E+0
683	316,000000E+0	176,106230E+3	6,183000E+0	244,000000E+0	12,000000E+0
684	414,000000E+0	176,057810E+3	8,015000E+0	366,000000E+0	12,000000E+0
685	414,000000E+0	176,057810E+3	8,015000E+0	366,000000E+0	12,000000E+0
686	414,000000E+0	176,057810E+3	8,015000E+0	366,000000E+0	12,000000E+0
687	414,000000E+0	176,057810E+3	8,015000E+0	366,000000E+0	12,000000E+0
688	225,000000E+0	176,133130E+3	5,496000E+0	471,000000E+0	11,900000E+0
689	225,000000E+0	176,133130E+3	5,496000E+0	471,000000E+0	11,900000E+0
690	225,000000E+0	176,133130E+3	5,496000E+0	471,000000E+0	11,900000E+0
691	225,000000E+0	176,133130E+3	5,496000E+0	471,000000E+0	11,900000E+0
692	65,395000E+3	176,224590E+3	-916,000000E-3	493,000000E+0	11,900000E+0
693	65,395000E+3	176,224590E+3	-916,000000E-3	493,000000E+0	11,900000E+0
694	65,395000E+3	176,224590E+3	-916,000000E-3	493,000000E+0	11,900000E+0
695	65,395000E+3	176,224590E+3	-916,000000E-3	493,000000E+0	11,900000E+0
696	65,318000E+3	176,270320E+3	-3,435000E+0	451,000000E+0	11,900000E+0
697	65,318000E+3	176,270320E+3	-3,435000E+0	451,000000E+0	11,900000E+0
698	65,318000E+3	176,270320E+3	-3,435000E+0	451,000000E+0	11,900000E+0
699	65,318000E+3	176,270320E+3	-3,435000E+0	451,000000E+0	11,900000E+0
700	65,430000E+3	176,251490E+3	-1,374000E+0	417,000000E+0	11,900000E+0
701	65,430000E+3	176,251490E+3	-1,374000E+0	417,000000E+0	11,900000E+0
702	65,430000E+3	176,251490E+3	-1,374000E+0	417,000000E+0	11,900000E+0
703	65,430000E+3	176,251490E+3	-1,374000E+0	417,000000E+0	11,900000E+0
704	65,458000E+3	176,216520E+3	-229,000000E-3	408,000000E+0	11,900000E+0
705	65,458000E+3	176,216520E+3	-229,000000E-3	408,000000E+0	11,900000E+0
706	65,458000E+3	176,216520E+3	-229,000000E-3	408,000000E+0	11,900000E+0
707	65,458000E+3	176,216520E+3	-229,000000E-3	408,000000E+0	11,900000E+0
708	65,472000E+3	176,203070E+3	0,000000E+0	405,000000E+0	11,900000E+0
709	65,472000E+3	176,203070E+3	0,000000E+0	405,000000E+0	11,900000E+0
710	65,472000E+3	176,203070E+3	0,000000E+0	405,000000E+0	11,900000E+0
711	65,472000E+3	176,203070E+3	0,000000E+0	405,000000E+0	11,900000E+0
712	65,472000E+3	176,195000E+3	0,000000E+0	404,000000E+0	12,000000E+0
713	65,472000E+3	176,195000E+3	0,000000E+0	404,000000E+0	12,000000E+0
714	65,472000E+3	176,195000E+3	0,000000E+0	404,000000E+0	12,000000E+0
715	65,472000E+3	176,195000E+3	0,000000E+0	404,000000E+0	12,000000E+0
716	65,479000E+3	176,208450E+3	0,000000E+0	404,000000E+0	12,000000E+0
717	65,479000E+3	176,208450E+3	0,000000E+0	404,000000E+0	12,000000E+0
718	65,479000E+3	176,208450E+3	0,000000E+0	404,000000E+0	12,000000E+0
719	65,479000E+3	176,208450E+3	0,000000E+0	404,000000E+0	12,000000E+0
720	65,479000E+3	176,219210E+3	0,000000E+0	405,000000E+0	12,000000E+0
721	65,479000E+3	176,219210E+3	0,000000E+0	405,000000E+0	12,000000E+0
722	65,479000E+3	176,219210E+3	0,000000E+0	405,000000E+0	12,000000E+0
723	65,479000E+3	176,219210E+3	0,000000E+0	405,000000E+0	12,000000E+0
724	65,507000E+3	176,262250E+3	0,000000E+0	404,000000E+0	11,900000E+0
725	65,507000E+3	176,262250E+3	0,000000E+0	404,000000E+0	11,900000E+0
726	65,507000E+3	176,262250E+3	0,000000E+0	404,000000E+0	11,900000E+0
727	65,507000E+3	176,262250E+3	0,000000E+0	404,000000E+0	11,900000E+0
728	14,000000E+0	176,251490E+3	458,000000E-3	411,000000E+0	11,900000E+0
729	14,000000E+0	176,251490E+3	458,000000E-3	411,000000E+0	11,900000E+0
730	14,000000E+0	176,251490E+3	458,000000E-3	411,000000E+0	11,900000E+0
731	14,000000E+0	176,251490E+3	458,000000E-3	411,000000E+0	11,900000E+0
732	98,000000E+0	176,205760E+3	2,061000E+0	437,000000E+0	11,900000E+0
733	98,000000E+0	176,205760E+3	2,061000E+0	437,000000E+0	11,900000E+0
734	98,000000E+0	176,205760E+3	2,061000E+0	437,000000E+0	11,900000E+0
735	98,000000E+0	176,205760E+3	2,061000E+0	437,000000E+0	11,900000E+0
736	91,000000E+0	176,195000E+3	2,290000E+0	474,000000E+0	11,900000E+0
737	91,000000E+0	176,195000E+3	2,290000E+0	474,000000E+0	11,900000E+0
738	91,000000E+0	176,195000E+3	2,290000E+0	474,000000E+0	11,900000E+0
739	91,000000E+0	176,195000E+3	2,290000E+0	474,000000E+0	11,900000E+0
740	65,254000E+3	176,259560E+3	-3,664000E+0	454,000000E+0	11,900000E+0
741	65,254000E+3	176,259560E+3	-3,664000E+0	454,000000E+0	11,900000E+0
742	65,254000E+3	176,259560E+3	-3,664000E+0	454,000000E+0	11,900000E+0
743	65,254000E+3	176,259560E+3	-3,664000E+0	454,000000E+0	11,900000E+0
744	65,036000E+3	29,590000E+0	-7,328000E+0	356,000000E+0	11,900000E+0
745	65,036000E+3	29,590000E+0	-7,328000E+0	356,000000E+0	11,900000E+0
746	65,036000E+3	29,590000E+0	-7,328000E+0	356,000000E+0	11,900000E+0
747	65,036000E+3	29,590000E+0	-7,328000E+0	356,000000E+0	11,900000E+0
748	65,135000E+3	51,110000E+0	-7,099000E+0	236,000000E+0	12,000000E+0
749	65,135000E+3	51,110000E+0	-7,099000E+0	236,000000E+0	12,000000E+0
750	65,135000E+3	51,110000E+0	-7,099000E+0	236,000000E+0	12,000000E+0
751	65,135000E+3	51,110000E+0	-7,099000E+0	236,000000E+0	12,000000E+0
752	65,339000E+3	176,267630E+3	-2,977000E+0	165,000000E+0	11,900000E+0
753	65,339000E+3	176,267630E+3	-2,977000E+0	165,000000E+0	11,900000E+0
754	65,339000E+3	176,267630E+3	-2,977000E+0	165,000000E+0	11,900000E+0
755	65,339000E+3	176,267630E+3	-2,977000E+0	165,000000E+0	11,900000E+0
756	91,000000E+0	176,195000E+3	2,061000E+0	167,000000E+0	11,900000E+0
757	91,000000E+0	176,195000E+3	2,061000E+0	167,000000E+0	11,900000E+0
758	91,000000E+0	176,195000E+3	2,061000E+0	167,000000E+0	11,900000E+0
759	91,000000E+0	176,195000E+3	2,061000E+0	167,000000E+0	11,900000E+0
760	330,000000E+0	176,111610E+3	5,954000E+0	243,000000E+0	12,000000E+0
761	330,000000E+0	176,111610E+3	5,954000E+0	243,000000E+0	12,000000E+0
762	330,000000E+0	176,111610E+3	5,954000E+0	243,000000E+0	12,000000E+0
763	330,000000E+0	176,111610E+3	5,954000E+0	243,000000E+0	12,000000E+0
764	414,000000E+0	176,063190E+3	7,786000E+0	365,000000E+0	11,900000E+0
765	414,000000E+0	176,063190E+3	7,786000E+0	365,000000E+0	11,900000E+0
766	414,000000E+0	176,063190E+3	7,786000E+0	365,000000E+0	11,900000E+0
767	414,000000E+0	176,063190E+3	7,786000E+0	365,000000E+0	11,900000E+0
768	217,000000E+0	176,122370E+3	5,725000E+0	472,000000E+0	11,900000E+0
769	217,000000E+0	176,122370E+3	5,725000E+0	472,000000E+0	11,900000E+0
770	217,000000E+0	176,122370E+3	5,725000E+0	472,000000E+0	11,900000E+0
771	217,000000E+0	176,122370E+3	5,725000E+0	472,000000E+0	11,900000E+0
772	65,402000E+3	176,227280E+3	-916,000000E-3	493,000000E+0	11,900000E+0
773	65,402000E+3	176,227280E+3	-916,000000E-3	493,000000E+0	11,900000E+0
774	65,402000E+3	176,227280E+3	-916,000000E-3	493,000000E+0	11,900000E+0
775	65,402000E+3	176,227280E+3	-916,000000E-3	493,000000E+0	11,900000E+0
776	65,311000E+3	176,273010E+3	-3,206000E+0	451,000000E+0	11,900000E+0
777	65,311000E+3	176,273010E+3	-3,206000E+0	451,000000E+0	11,900000E+0
778	65,311000E+3	176,273010E+3	-3,206000E+0	451,000000E+0	11,900000E+0
779	65,311000E+3	176,273010E+3	-3,206000E+0	451,000000E+0	11,900000E+0
780	65,437000E+3	176,248800E+3	-1,374000E+0	417,000000E+0	11,900000E+0
781	65,437000E+3	176,248800E+3	-1,374000E+0	417,000000E+0	11,900000E+0
782	65,437000E+3	176,248800E+3	-1,374000E+0	417,000000E+0	11,900000E+0
783	65,437000E+3	176,248800E+3	-1,374000E+0	417,000000E+0	11,900000E+0
784	65,458000E+3	176,216520E+3	-458,000000E-3	408,000000E+0	12,000000E+0
785	65,458000E+3	176,216520E+3	-458,000000E-3	408,000000E+0	12,000000E+0
786	65,458000E+3	176,216520E+3	-458,000000E-3	408,000000E+0	12,000000E+0
787	65,458000E+3	176,216520E+3	-458,000000E-3	408,000000E+0	12,000000E+0
788	65,472000E+3	176,203070E+3	0,000000E+0	405,000000E+0	12,000000E+0
789	65,472000E+3	176,203070E+3	0,000000E+0	405,000000E+0	12,000000E+0
790	65,472000E+3	176,203070E+3	0,000000E+0	405,000000E+0	12,000000E+0
791	65,472000E+3	176,203070E+3	0,000000E+0	405,000000E+0	12,000000E+0
792	65,465000E+3	176,195000E+3	0,000000E+0	405,000000E+0	12,000000E+0
793	65,465000E+3	176,195000E+3	0,000000E+0	405,000000E+0	12,000000E+0
794	65,465000E+3	176,195000E+3	0,000000E+0	405,000000E+0	12,000000E+0
795	65,465000E+3	176,195000E+3	0,000000E+0	405,000000E+0	12,000000E+0
796	65,479000E+3	176,208450E+3	0,000000E+0	404,000000E+0	12,000000E+0
797	65,479000E+3	176,208450E+3	0,000000E+0	404,000000E+0	12,000000E+0
798	65,479000E+3	176,208450E+3	0,000000E+0	404,000000E+0	12,000000E+0
799	65,479000E+3	176,208450E+3	0,000000E+0	404,000000E+0	12,000000E+0
800	65,486000E+3	176,221900E+3	0,000000E+0	404,000000E+0	12,000000E+0
801	65,486000E+3	176,221900E+3	0,000000E+0	404,000000E+0	12,000000E+0
802	65,486000E+3	176,221900E+3	0,000000E+0	404,000000E+0	12,000000E+0
803	65,486000E+3	176,221900E+3	0,000000E+0	404,000000E+0	12,000000E+0
804	65,507000E+3	176,262250E+3	0,000000E+0	404,000000E+0	12,000000E+0
805	65,507000E+3	176,262250E+3	0,000000E+0	404,000000E+0	12,000000E+0
806	65,507000E+3	176,262250E+3	0,000000E+0	404,000000E+0	12,000000E+0
807	65,507000E+3	176,262250E+3	0,000000E+0	404,000000E+0	12,000000E+0
808	14,000000E+0	176,254180E+3	687,000000E-3	411,000000E+0	12,000000E+0
809	14,000000E+0	176,254180E+3	687,000000E-3	411,000000E+0	12,000000E+0
810	14,000000E+0	176,254180E+3	687,000000E-3	411,000000E+0	12,000000E+0
811	14,000000E+0	176,254180E+3	687,000000E-3	411,000000E+0	12,000000E+0
812	91,000000E+0	176,205760E+3	2,290000E+0	437,000000E+0	11,900000E+0
813	91,000000E+0	176,205760E+3	2,290000E+0	437,000000E+0	11,900000E+0
814	91,000000E+0	176,205760E+3	2,290000E+0	437,000000E+0	11,900000E+0
815	91,000000E+0	176,205760E+3	2,290000E+0	437,000000E+0	11,900000E+0
816	91,000000E+0	176,197690E+3	2,290000E+0	474,000000E+0	12,000000E+0
817	91,000000E+0	176,197690E+3	2,290000E+0	474,000000E+0	12,000000E+0
818	91,000000E+0	176,197690E+3	2,290000E+0	474,000000E+0	12,000000E+0
819	91,000000E+0	176,197690E+3	2,290000E+0	474,000000E+0	12,000000E+0
820	65,254000E+3	176,262250E+3	-3,664000E+0	455,000000E+0	11,900000E+0
821	65,254000E+3	176,262250E+3	-3,664000E+0	455,000000E+0	11,900000E+0
822	65,254000E+3	176,262250E+3	-3,664000E+0	455,000000E+0	11,900000E+0
823	65,254000E+3	176,262250E+3	-3,664000E+0	455,000000E+0	11,900000E+0
824	65,029000E+3	26,900000E+0	-7,099000E+0	356,000000E+0	11,900000E+0
825	65,029000E+3	26,900000E+0	-7,099000E+0	356,000000E+0	11,900000E+0
826	65,029000E+3	26,900000E+0	-7,099000E+0	356,000000E+0	11,900000E+0
827	65,029000E+3	26,900000E+0	-7,099000E+0	356,000000E+0	11,900000E+0
828	65,135000E+3	51,110000E+0	-7,328000E+0	236,000000E+0	11,900000E+0
829	65,135000E+3	51,110000E+0	-7,328000E+0	236,000000E+0	11,900000E+0
830	65,135000E+3	51,110000E+0	-7,328000E+0	236,000000E+0	11,900000E+0
831	65,135000E+3	51,110000E+0	-7,328000E+0	236,000000E+0	11,900000E+0
832	65,346000E+3	176,270320E+3	-2,977000E+0	165,000000E+0	11,900000E+0
833	65,346000E+3	176,270320E+3	-2,977000E+0	165,000000E+0	11,900000E+0
834	65,346000E+3	176,270320E+3	-2,977000E+0	165,000000E+0	11,900000E+0
835	65,346000E+3	176,270320E+3	-2,977000E+0	165,000000E+0	11,900000E+0
836	91,000000E+0	176,197690E+3	2,061000E+0	168,000000E+0	11,900000E+0
837	91,000000E+0	176,197690E+3	2,061000E+0	168,000000E+0	11,900000E+0
838	91,000000E+0	176,197690E+3	2,061000E+0	168,000000E+0	11,900000E+0
839	91,000000E+0	176,197690E+3	2,061000E+0	168,000000E+0	11,900000E+0
840	323,000000E+0	176,103540E+3	5,954000E+0	243,000000E+0	11,900000E+0
841	323,000000E+0	176,103540E+3	5,954000E+0	243,000000E+0	11,900000E+0
842	323,000000E+0	176,103540E+3	5,954000E+0	243,000000E+0	11,900000E+0
843	323,000000E+0	176,103540E+3	5,954000E+0	243,000000E+0	11,900000E+0
844	414,000000E+0	176,063190E+3	8,015000E+0	365,000000E+0	12,000000E+0
845	414,000000E+0	176,063190E+3	8,015000E+0	365,000000E+0	12,000000E+0
846	414,000000E+0	176,063190E+3	8,015000E+0	365,000000E+0	12,000000E+0
847	414,000000E+0	176,063190E+3	8,015000E+0	365,000000E+0	12,000000E+0
848	225,000000E+0	176,127750E+3	5,267000E+0	471,000000E+0	11,900000E+0
849	225,000000E+0	176,127750E+3	5,267000E+0	471,000000E+0	11,900000E+0
850	225,000000E+0	176,127750E+3	5,267000E+0	471,000000E+0	11,900000E+0
851	225,000000E+0	176,127750E+3	5,267000E+0	471,000000E+0	11,900000E+0
852	65,402000E+3	176,227280E+3	-916,000000E-3	493,000000E+0	12,000000E+0
853	65,402000E+3	176,227280E+3	-916,000000E-3	493,000000E+0	12,000000E+0
854	65,402000E+3	176,227280E+3	-916,000000E-3	493,000000E+0	12,000000E+0
855	65,402000E+3	176,227280E+3	-916,000000E-3	493,000000E+0	12,000000E+0
856	65,311000E+3	176,270320E+3	-3,206000E+0	452,000000E+0	11,900000E+0
857	65,311000E+3	176,270320E+3	-3,206000E+0	452,000000E+0	11,900000E+0
858	65,311000E+3	176,270320E+3	-3,206000E+0	452,000000E+0	11,900000E+0
859	65,311000E+3	176,270320E+3	-3,206000E+0	452,000000E+0	11,900000E+0
860	65,430000E+3	176,251490E+3	-1,374000E+0	417,000000E+0	11,900000E+0
861	65,430000E+3	176,251490E+3	-1,374000E+0	417,000000E+0	11,900000E+0
862	65,430000E+3	176,251490E+3	-1,374000E+0	417,000000E+0	11,900000E+0
863	65,430000E+3	176,251490E+3	-1,374000E+0	417,000000E+0	11,900000E+0
864	65,458000E+3	176,216520E+3	-458,000000E-3	407,000000E+0	11,900000E+0
865	65,458000E+3	176,216520E+3	-458,000000E-3	407,000000E+0	11,900000E+0
866	65,458000E+3	176,216520E+3	-458,000000E-3	407,000000E+0	11,900000E+0
867	65,458000E+3	176,216520E+3	-458,000000E-3	407,000000E+0	11,900000E+0
868	65,472000E+3	176,203070E+3	0,000000E+0	405,000000E+0	11,900000E+0
869	65,472000E+3	176,203070E+3	0,000000E+0	405,000000E+0	11,900000E+0
870	65,472000E+3	176,203070E+3	0,000000E+0	405,000000E+0	11,900000E+0
871	65,472000E+3	176,203070E+3	0,000000E+0	405,000000E+0	11,900000E+0
872	65,465000E+3	176,197690E+3	0,000000E+0	405,000000E+0	12,000000E+0
873	65,465000E+3	176,197690E+3	0,000000E+0	405,000000E+0	12,000000E+0
874	65,465000E+3	176,197690E+3	0,000000E+0	405,000000E+0	12,000000E+0
875	65,465000E+3	176,197690E+3	0,000000E+0	405,000000E+0	12,000000E+0
876	65,479000E+3	176,211140E+3	0,000000E+0	404,000000E+0	12,000000E+0
877	65,479000E+3	176,211140E+3	0,000000E+0	404,000000E+0	12,000000E+0
878	65,479000E+3	176,211140E+3	0,000000E+0	404,000000E+0	12,000000E+0
879	65,479000E+3	176,211140E+3	0,000000E+0	404,000000E+0	12,000000E+0
880	65,486000E+3	176,221900E+3	0,000000E+0	404,000000E+0	12,000000E+0
881	65,486000E+3	176,221900E+3	0,000000E+0	404,000000E+0	12,000000E+0
882	65,486000E+3	176,221900E+3	0,000000E+0	404,000000E+0	12,000000E+0
883	65,486000E+3	176,221900E+3	0,000000E+0	404,000000E+0	12,000000E+0
884	65,507000E+3	176,262250E+3	0,000000E+0	404,000000E+0	12,000000E+0
885	65,507000E+3	176,262250E+3	0,000000E+0	404,000000E+0	12,000000E+0
886	65,507000E+3	176,262250E+3	0,000000E+0	404,000000E+0	12,000000E+0
887	65,507000E+3	176,262250E+3	0,000000E+0	404,000000E+0	12,000000E+0
888	21,000000E+0	176,251490E+3	458,000000E-3	410,000000E+0	12,000000E+0
889	21,000000E+0	176,251490E+3	458,000000E-3	410,000000E+0	12,000000E+0
890	21,000000E+0	176,251490E+3	458,000000E-3	410,000000E+0	12,000000E+0
891	21,000000E+0	176,251490E+3	458,000000E-3	410,000000E+0	12,000000E+0
892	98,000000E+0	176,203070E+3	2,061000E+0	436,000000E+0	11,900000E+0
893	98,000000E+0	176,203070E+3	2,061000E+0	436,000000E+0	11,900000E+0
894	98,000000E+0	176,203070E+3	2,061000E+0	436,000000E+0	11,900000E+0
895	98,000000E+0	176,203070E+3	2,061000E+0	436,000000E+0	11,900000E+0
896	91,000000E+0	176,200380E+3	2,290000E+0	474,000000E+0	11,900000E+0
897	91,000000E+0	176,200380E+3	2,290000E+0	474,000000E+0	11,900000E+0
898	91,000000E+0	176,200380E+3	2,290000E+0	474,000000E+0	11,900000E+0
899	91,000000E+0	176,200380E+3	2,290000E+0	474,000000E+0	11,900000E+0
900	65,247000E+3	176,259560E+3	-3,435000E+0	455,000000E+0	11,900000E+0
901	65,247000E+3	176,259560E+3	-3,435000E+0	455,000000E+0	11,900000E+0
902	65,247000E+3	176,259560E+3	-3,435000E+0	455,000000E+0	11,900000E+0
903	65,247000E+3	176,259560E+3	-3,435000E+0	455,000000E+0	11,900000E+0
904	65,043000E+3	26,900000E+0	-7,328000E+0	355,000000E+0	11,900000E+0
905	65,043000E+3	26,900000E+0	-7,328000E+0	355,000000E+0	11,900000E+0
906	65,043000E+3	26,900000E+0	-7,328000E+0	355,000000E+0	11,900000E+0
907	65,043000E+3	26,900000E+0	-7,328000E+0	355,000000E+0	11,900000E+0
908	65,128000E+3	51,110000E+0	-6,870000E+0	237,000000E+0	11,900000E+0
909	65,128000E+3	51,110000E+0	-6,870000E+0	237,000000E+0	11,900000E+0
910	65,128000E+3	51,110000E+0	-6,870000E+0	237,000000E+0	11,900000E+0
911	65,128000E+3	51,110000E+0	-6,870000E+0	237,000000E+0	11,900000E+0
912	65,346000E+3	176,270320E+3	-2,977000E+0	165,000000E+0	11,900000E+0
913	65,346000E+3	176,270320E+3	-2,977000E+0	165,000000E+0	11,900000E+0
914	65,346000E+3	176,270320E+3	-2,977000E+0	165,000000E+0	11,900000E+0
915	65,346000E+3	176,270320E+3	-2,977000E+0	165,000000E+0	11,900000E+0
916	98,000000E+0	176,205760E+3	1,832000E+0	167,000000E+0	11,900000E+0
917	98,000000E+0	176,205760E+3	1,832000E+0	167,000000E+0	11,900000E+0
918	98,000000E+0	176,205760E+3	1,832000E+0	167,000000E+0	11,900000E+0
919	98,000000E+0	176,205760E+3	1,832000E+0	167,000000E+0	11,900000E+0
920	330,000000E+0	176,111610E+3	5,954000E+0	243,000000E+0	11,900000E+0
921	330,000000E+0	176,111610E+3	5,954000E+0	243,000000E+0	11,900000E+0
922	330,000000E+0	176,111610E+3	5,954000E+0	243,000000E+0	11,900000E+0
923	330,000000E+0	176,111610E+3	5,954000E+0	243,000000E+0	11,900000E+0
924	421,000000E+0	176,063190E+3	7,557000E+0	364,000000E+0	12,000000E+0
925	421,000000E+0	176,063190E+3	7,557000E+0	364,000000E+0	12,000000E+0
926	421,000000E+0	176,063190E+3	7,557000E+0	364,000000E+0	12,000000E+0
927	421,000000E+0	176,063190E+3	7,557000E+0	364,000000E+0	12,000000E+0
928	217,000000E+0	176,125060E+3	5,496000E+0	472,000000E+0	11,900000E+0
929	217,000000E+0	176,125060E+3	5,496000E+0	472,000000E+0	11,900000E+0
930	217,000000E+0	176,125060E+3	5,496000E+0	472,000000E+0	11,900000E+0
931	217,000000E+0	176,125060E+3	5,496000E+0	472,000000E+0	11,900000E+0
932	65,402000E+3	176,227280E+3	-916,000000E-3	493,000000E+0	11,900000E+0
933	65,402000E+3	176,227280E+3	-916,000000E-3	493,000000E+0	11,900000E+0
934	65,402000E+3	176,227280E+3	-916,000000E-3	493,000000E+0	11,900000E+0
935	65,402000E+3	176,227280E+3	-916,000000E-3	493,000000E+0	11,900000E+0
936	65,318000E+3	176,273010E+3	-3,435000E+0	451,000000E+0	11,900000E+0
937	65,318000E+3	176,273010E+3	-3,435000E+0	451,000000E+0	11,900000E+0
938	65,318000E+3	176,273010E+3	-3,435000E+0	451,000000E+0	11,900000E+0
939	65,318000E+3	176,273010E+3	-3,435000E+0	451,000000E+0	11,900000E+0
940	65,430000E+3	176,251490E+3	-1,374000E+0	417,000000E+0	11,900000E+0
941	65,430000E+3	176,251490E+3	-1,374000E+0	417,000000E+0	11,900000E+0
942	65,430000E+3	176,251490E+3	-1,374000E+0	417,000000E+0	11,900000E+0
943	65,430000E+3	176,251490E+3	-1,374000E+0	417,000000E+0	11,900000E+0
944	65,458000E+3	176,213830E+3	-229,000000E-3	408,000000E+0	11,900000E+0
945	65,458000E+3	176,213830E+3	-229,000000E-3	408,000000E+0	11,900000E+0
946	65,458000E+3	176,213830E+3	-229,000000E-3	408,000000E+0	11,900000E+0
947	65,458000E+3	176,213830E+3	-229,000000E-3	408,000000E+0	11,900000E+0
948	65,472000E+3	176,203070E+3	0,000000E+0	405,000000E+0	12,000000E+0
949	65,472000E+3	176,203070E+3	0,000000E+0	405,000000E+0	12,000000E+0
950	65,472000E+3	176,203070E+3	0,000000E+0	405,000000E+0	12,000000E+0
951	65,472000E+3	176,203070E+3	0,000000E+0	405,000000E+0	12,000000E+0
952	65,465000E+3	176,195000E+3	0,000000E+0	405,000000E+0	11,900000E+0
953	65,465000E+3	176,195000E+3	0,000000E+0	405,000000E+0	11,900000E+0
954	65,465000E+3	176,195000E+3	0,000000E+0	405,000000E+0	11,900000E+0
955	65,465000E+3	176,195000E+3	0,000000E+0	405,000000E+0	11,900000E+0
956	65,479000E+3	176,208450E+3	0,000000E+0	404,000000E+0	11,900000E+0
957	65,479000E+3	176,208450E+3	0,000000E+0	404,000000E+0	11,900000E+0
958	65,479000E+3	176,208450E+3	0,000000E+0	404,000000E+0	11,900000E+0
959	65,479000E+3	176,208450E+3	0,000000E+0	404,000000E+0	11,900000E+0
960	65,486000E+3	176,219210E+3	0,000000E+0	404,000000E+0	11,900000E+0
961	65,486000E+3	176,219210E+3	0,000000E+0	404,000000E+0	11,900000E+0
962	65,486000E+3	176,219210E+3	0,000000E+0	404,000000E+0	11,900000E+0
963	65,486000E+3	176,219210E+3	0,000000E+0	404,000000E+0	11,900000E+0
964	65,507000E+3	176,262250E+3	0,000000E+0	404,000000E+0	12,000000E+0
965	65,507000E+3	176,262250E+3	0,000000E+0	404,000000E+0	12,000000E+0
966	65,507000E+3	176,262250E+3	0,000000E+0	404,000000E+0	12,000000E+0
967	65,507000E+3	176,262250E+3	0,000000E+0	404,000000E+0	12,000000E+0
968	21,000000E+0	176,251490E+3	458,000000E-3	411,000000E+0	12,000000E+0
969	21,000000E+0	176,251490E+3	458,000000E-3	411,000000E+0	12,000000E+0
970	21,000000E+0	176,251490E+3	458,000000E-3	411,000000E+0	12,000000E+0
971	21,000000E+0	176,251490E+3	458,000000E-3	411,000000E+0	12,000000E+0
972	98,000000E+0	176,208450E+3	2,061000E+0	436,000000E+0	11,900000E+0
973	98,000000E+0	176,208450E+3	2,061000E+0	436,000000E+0	11,900000E+0
974	98,000000E+0	176,208450E+3	2,061000E+0	436,000000E+0	11,900000E+0
975	98,000000E+0	176,208450E+3	2,061000E+0	436,000000E+0	11,900000E+0
976	91,000000E+0	176,195000E+3	2,290000E+0	474,000000E+0	12,000000E+0
977	91,000000E+0	176,195000E+3	2,290000E+0	474,000000E+0	12,000000E+0
978	91,000000E+0	176,195000E+3	2,290000E+0	474,000000E+0	12,000000E+0
979	91,000000E+0	176,195000E+3	2,290000E+0	474,000000E+0	12,000000E+0
980	65,261000E+3	176,259560E+3	-3,893000E+0	453,000000E+0	11,900000E+0
981	65,261000E+3	176,259560E+3	-3,893000E+0	453,000000E+0	11,900000E+0
982	65,261000E+3	176,259560E+3	-3,893000E+0	453,000000E+0	11,900000E+0
983	65,261000E+3	176,259560E+3	-3,893000E+0	453,000000E+0	11,900000E+0
984	65,057000E+3	29,590000E+0	-7,786000E+0	354,000000E+0	11,900000E+0
985	65,057000E+3	29,590000E+0	-7,786000E+0	354,000000E+0	11,900000E+0
986	65,057000E+3	29,590000E+0	-7,786000E+0	354,000000E+0	11,900000E+0
987	65,057000E+3	29,590000E+0	-7,786000E+0	354,000000E+0	11,900000E+0
988	65,100000E+3	34,970000E+0	-6,183000E+0	240,000000E+0	11,900000E+0
989	65,100000E+3	34,970000E+0	-6,183000E+0	240,000000E+0	11,900000E+0
990	65,100000E+3	34,970000E+0	-6,183000E+0	240,000000E+0	11,900000E+0
991	65,100000E+3	34,970000E+0	-6,183000E+0	240,000000E+0	11,900000E+0
992	65,339000E+3	176,270320E+3	-2,977000E+0	165,000000E+0	11,900000E+0
993	65,339000E+3	176,270320E+3	-2,977000E+0	165,000000E+0	11,900000E+0
994	65,339000E+3	176,270320E+3	-2,977000E+0	165,000000E+0	11,900000E+0
995	65,339000E+3	176,270320E+3	-2,977000E+0	165,000000E+0	11,900000E+0
996	91,000000E+0	176,200380E+3	1,832000E+0	168,000000E+0	12,000000E+0
997	91,000000E+0	176,200380E+3	1,832000E+0	168,000000E+0	12,000000E+0
998	91,000000E+0	176,200380E+3	1,832000E+0	168,000000E+0	12,000000E+0
999	91,000000E+0	176,200380E+3	1,832000E+0	168,000000E+0	12,000000E+0
1000	323,000000E+0	176,111610E+3	6,183000E+0	243,000000E+0	11,900000E+0
1001	323,000000E+0	176,111610E+3	6,183000E+0	243,000000E+0	11,900000E+0
1002	323,000000E+0	176,111610E+3	6,183000E+0	243,000000E+0	11,900000E+0
1003	323,000000E+0	176,111610E+3	6,183000E+0	243,000000E+0	11,900000E+0
1004	400,000000E+0	176,055120E+3	8,244000E+0	366,000000E+0	12,000000E+0
1005	400,000000E+0	176,055120E+3	8,244000E+0	366,000000E+0	12,000000E+0
1006	400,000000E+0	176,055120E+3	8,244000E+0	366,000000E+0	12,000000E+0
1007	400,000000E+0	176,055120E+3	8,244000E+0	366,000000E+0	12,000000E+0
1008	210,000000E+0	176,122370E+3	5,725000E+0	472,000000E+0	11,900000E+0
1009	210,000000E+0	176,122370E+3	5,725000E+0	472,000000E+0	11,900000E+0
1010	210,000000E+0	176,122370E+3	5,725000E+0	472,000000E+0	11,900000E+0
1011	210,000000E+0	176,122370E+3	5,725000E+0	472,000000E+0	11,900000E+0
1012	65,395000E+3	176,227280E+3	-916,000000E-3	494,000000E+0	11,900000E+0
1013	65,395000E+3	176,227280E+3	-916,000000E-3	494,000000E+0	11,900000E+0
1014	65,395000E+3	176,227280E+3	-916,000000E-3	494,000000E+0	11,900000E+0
1015	65,395000E+3	176,227280E+3	-916,000000E-3	494,000000E+0	11,900000E+0
1016	65,311000E+3	176,270320E+3	-3,206000E+0	451,000000E+0	11,900000E+0
1017	65,311000E+3	176,270320E+3	-3,206000E+0	451,000000E+0	11,900000E+0
1018	65,311000E+3	176,270320E+3	-3,206000E+0	451,000000E+0	11,900000E+0
1019	65,311000E+3	176,270320E+3	-3,206000E+0	451,000000E+0	11,900000E+0
1020	65,437000E+3	176,251490E+3	-1,374000E+0	417,000000E+0	11,900000E+0
1021	65,437000E+3	176,251490E+3	-1,374000E+0	417,000000E+0	11,900000E+0
1022	65,437000E+3	176,251490E+3	-1,374000E+0	417,000000E+0	11,900000E+0
1023	65,437000E+3	176,251490E+3	-1,374000E+0	417,000000E+0	11,900000E+0
1024	65,458000E+3	176,216520E+3	-458,000000E-3	408,000000E+0	11,900000E+0
1025	65,458000E+3	176,216520E+3	-458,000000E-3	408,000000E+0	11,900000E+0
1026	65,458000E+3	176,216520E+3	-458,000000E-3	408,000000E+0	11,900000E+0
1027	65,458000E+3	176,216520E+3	-458,000000E-3	408,000000E+0	11,900000E+0
1028	65,472000E+3	176,203070E+3	0,000000E+0	405,000000E+0	11,900000E+0
1029	65,472000E+3	176,203070E+3	0,000000E+0	405,000000E+0	11,900000E+0
1030	65,472000E+3	176,203070E+3	0,000000E+0	405,000000E+0	11,900000E+0
1031	65,472000E+3	176,203070E+3	0,000000E+0	405,000000E+0	11,900000E+0
1032	65,472000E+3	176,195000E+3	0,000000E+0	405,000000E+0	11,900000E+0
1033	65,472000E+3	176,195000E+3	0,000000E+0	405,000000E+0	11,900000E+0
1034	65,472000E+3	176,195000E+3	0,000000E+0	405,000000E+0	11,900000E+0
1035	65,472000E+3	176,195000E+3	0,000000E+0	405,000000E+0	11,900000E+0
1036	65,479000E+3	176,208450E+3	0,000000E+0	404,000000E+0	11,900000E+0
1037	65,479000E+3	176,208450E+3	0,000000E+0	404,000000E+0	11,900000E+0
1038	65,479000E+3	176,208450E+3	0,000000E+0	404,000000E+0	11,900000E+0
1039	65,479000E+3	176,208450E+3	0,000000E+0	404,000000E+0	11,900000E+0
1040	65,486000E+3	176,221900E+3	0,000000E+0	405,000000E+0	11,900000E+0
1041	65,486000E+3	176,221900E+3	0,000000E+0	405,000000E+0	11,900000E+0
1042	65,486000E+3	176,221900E+3	0,000000E+0	405,000000E+0	11,900000E+0
1043	65,486000E+3	176,221900E+3	0,000000E+0	405,000000E+0	11,900000E+0
1044	65,507000E+3	176,259560E+3	0,000000E+0	405,000000E+0	11,900000E+0
1045	65,507000E+3	176,259560E+3	0,000000E+0	405,000000E+0	11,900000E+0
1046	65,507000E+3	176,259560E+3	0,000000E+0	405,000000E+0	11,900000E+0
1047	65,507000E+3	176,259560E+3	0,000000E+0	405,000000E+0	11,900000E+0
1048	14,000000E+0	176,248800E+3	458,000000E-3	411,000000E+0	11,900000E+0
1049	14,000000E+0	176,248800E+3	458,000000E-3	411,000000E+0	11,900000E+0
1050	14,000000E+0	176,248800E+3	458,000000E-3	411,000000E+0	11,900000E+0
1051	14,000000E+0	176,248800E+3	458,000000E-3	411,000000E+0	11,900000E+0
1052	98,000000E+0	176,205760E+3	2,061000E+0	436,000000E+0	11,900000E+0
1053	98,000000E+0	176,205760E+3	2,061000E+0	436,000000E+0	11,900000E+0
1054	98,000000E+0	176,205760E+3	2,061000E+0	436,000000E+0	11,900000E+0
1055	98,000000E+0	176,205760E+3	2,061000E+0	436,000000E+0	11,900000E+0
1056	112,000000E+0	176,184240E+3	2,519000E+0	477,000000E+0	11,900000E+0
1057	112,000000E+0	176,184240E+3	2,519000E+0	477,000000E+0	11,900000E+0
1058	112,000000E+0	176,184240E+3	2,519000E+0	477,000000E+0	11,900000E+0
1059	112,000000E+0	176,184240E+3	2,519000E+0	477,000000E+0	11,900000E+0
1060	65,325000E+3	176,251490E+3	-2,290000E+0	471,000000E+0	11,900000E+0
1061	65,325000E+3	176,251490E+3	-2,290000E+0	471,000000E+0	11,900000E+0
1062	65,325000E+3	176,251490E+3	-2,290000E+0	471,000000E+0	11,900000E+0
1063	65,325000E+3	176,251490E+3	-2,290000E+0	471,000000E+0	11,900000E+0
1064	65,121000E+3	10,760000E+0	-6,183000E+0	394,000000E+0	11,900000E+0
1065	65,121000E+3	10,760000E+0	-6,183000E+0	394,000000E+0	11,900000E+0
1066	65,121000E+3	10,760000E+0	-6,183000E+0	394,000000E+0	11,900000E+0
1067	65,121000E+3	10,760000E+0	-6,183000E+0	394,000000E+0	11,900000E+0
1068	65,177000E+3	43,040000E+0	-6,641000E+0	290,000000E+0	11,900000E+0
1069	65,177000E+3	43,040000E+0	-6,641000E+0	290,000000E+0	11,900000E+0
1070	65,177000E+3	43,040000E+0	-6,641000E+0	290,000000E+0	11,900000E+0
1071	65,177000E+3	43,040000E+0	-6,641000E+0	290,000000E+0	11,900000E+0
1072	65,296000E+3	176,281080E+3	-3,664000E+0	216,000000E+0	11,900000E+0
1073	65,296000E+3	176,281080E+3	-3,664000E+0	216,000000E+0	11,900000E+0
1074	65,296000E+3	176,281080E+3	-3,664000E+0	216,000000E+0	11,900000E+0
1075	65,296000E+3	176,281080E+3	-3,664000E+0	216,000000E+0	11,900000E+0
1076	65,479000E+3	176,216520E+3	-229,000000E-3	191,000000E+0	11,900000E+0
1077	65,479000E+3	176,216520E+3	-229,000000E-3	191,000000E+0	11,900000E+0
1078	65,479000E+3	176,216520E+3	-229,000000E-3	191,000000E+0	11,900000E+0
1079	65,479000E+3	176,216520E+3	-229,000000E-3	191,000000E+0	11,900000E+0
1080	126,000000E+0	176,200380E+3	2,290000E+0	216,000000E+0	11,900000E+0
1081	126,000000E+0	176,200380E+3	2,290000E+0	216,000000E+0	11,900000E+0
1082	126,000000E+0	176,200380E+3	2,290000E+0	216,000000E+0	11,900000E+0
1083	126,000000E+0	176,200380E+3	2,290000E+0	216,000000E+0	11,900000E+0
1084	217,000000E+0	176,149270E+3	4,351000E+0	280,000000E+0	11,900000E+0
1085	217,000000E+0	176,149270E+3	4,351000E+0	280,000000E+0	11,900000E+0
1086	217,000000E+0	176,149270E+3	4,351000E+0	280,000000E+0	11,900000E+0
1087	217,000000E+0	176,149270E+3	4,351000E+0	280,000000E+0	11,900000E+0
1088	175,000000E+0	176,157340E+3	4,122000E+0	352,000000E+0	11,900000E+0
1089	175,000000E+0	176,157340E+3	4,122000E+0	352,000000E+0	11,900000E+0
1090	175,000000E+0	176,157340E+3	4,122000E+0	352,000000E+0	11,900000E+0
