vendredi 22 décembre 2023	16:46:47	Sampling Period : 40  ms		
Unities: time [sample], PWM [raw], Current [mA], velocity [rev/min], Position [pulse], Present Input Voltage [V]

t	DXL_PWM		DXL_Current		DXL_Velocity		DXL_Position		DXL_Input_Voltage
0	0,000000E+0	0,000000E+0	0,000000E+0	1,023000E+3	12,000000E+0
1	0,000000E+0	0,000000E+0	0,000000E+0	1,023000E+3	12,000000E+0
2	65,451000E+3	176,267630E+3	0,000000E+0	1,022000E+3	12,000000E+0
3	65,451000E+3	176,267630E+3	0,000000E+0	1,022000E+3	12,000000E+0
4	65,346000E+3	176,238040E+3	-1,603000E+0	1,010000E+3	12,000000E+0
5	65,346000E+3	176,238040E+3	-1,603000E+0	1,010000E+3	12,000000E+0
6	65,339000E+3	176,251490E+3	-3,893000E+0	986,000000E+0	12,000000E+0
7	65,339000E+3	176,251490E+3	-3,893000E+0	986,000000E+0	12,000000E+0
8	65,353000E+3	176,256870E+3	-4,351000E+0	962,000000E+0	12,000000E+0
9	65,353000E+3	176,256870E+3	-4,351000E+0	962,000000E+0	12,000000E+0
10	65,367000E+3	176,259560E+3	-3,893000E+0	938,000000E+0	12,000000E+0
11	65,367000E+3	176,259560E+3	-3,893000E+0	938,000000E+0	12,000000E+0
12	65,374000E+3	176,259560E+3	-3,435000E+0	918,000000E+0	12,000000E+0
13	65,374000E+3	176,259560E+3	-3,435000E+0	918,000000E+0	12,000000E+0
14	65,381000E+3	176,256870E+3	-3,435000E+0	897,000000E+0	12,000000E+0
15	65,381000E+3	176,256870E+3	-3,435000E+0	897,000000E+0	12,000000E+0
16	65,402000E+3	176,264940E+3	-3,206000E+0	879,000000E+0	12,000000E+0
17	65,402000E+3	176,264940E+3	-3,206000E+0	879,000000E+0	12,000000E+0
18	65,423000E+3	176,264940E+3	-2,977000E+0	863,000000E+0	12,000000E+0
19	65,423000E+3	176,264940E+3	-2,977000E+0	863,000000E+0	12,000000E+0
20	65,437000E+3	176,273010E+3	-2,519000E+0	850,000000E+0	12,000000E+0
21	65,437000E+3	176,273010E+3	-2,519000E+0	850,000000E+0	12,000000E+0
22	65,465000E+3	176,281080E+3	-1,832000E+0	838,000000E+0	12,000000E+0
23	65,465000E+3	176,281080E+3	-1,832000E+0	838,000000E+0	12,000000E+0
24	65,486000E+3	176,289150E+3	-1,374000E+0	830,000000E+0	12,000000E+0
25	65,486000E+3	176,289150E+3	-1,374000E+0	830,000000E+0	12,000000E+0
26	65,514000E+3	0,000000E+0	-916,000000E-3	824,000000E+0	12,000000E+0
27	65,514000E+3	0,000000E+0	-916,000000E-3	824,000000E+0	12,000000E+0
28	65,521000E+3	176,283770E+3	-458,000000E-3	822,000000E+0	12,000000E+0
29	65,521000E+3	176,283770E+3	-458,000000E-3	822,000000E+0	12,000000E+0
30	65,437000E+3	176,262250E+3	-229,000000E-3	819,000000E+0	12,000000E+0
31	65,437000E+3	176,262250E+3	-229,000000E-3	819,000000E+0	12,000000E+0
32	65,339000E+3	176,238040E+3	-2,061000E+0	806,000000E+0	12,000000E+0
33	65,339000E+3	176,238040E+3	-2,061000E+0	806,000000E+0	12,000000E+0
34	65,282000E+3	176,227280E+3	-4,122000E+0	780,000000E+0	12,000000E+0
35	65,282000E+3	176,227280E+3	-4,122000E+0	780,000000E+0	12,000000E+0
36	65,275000E+3	176,240730E+3	-5,496000E+0	749,000000E+0	12,000000E+0
37	65,275000E+3	176,240730E+3	-5,496000E+0	749,000000E+0	12,000000E+0
38	65,311000E+3	176,243420E+3	-5,496000E+0	718,000000E+0	12,000000E+0
39	65,311000E+3	176,243420E+3	-5,496000E+0	718,000000E+0	12,000000E+0
40	65,388000E+3	176,264940E+3	-4,809000E+0	691,000000E+0	12,000000E+0
41	65,388000E+3	176,264940E+3	-4,809000E+0	691,000000E+0	12,000000E+0
42	65,493000E+3	0,000000E+0	-2,977000E+0	675,000000E+0	12,000000E+0
43	65,493000E+3	0,000000E+0	-2,977000E+0	675,000000E+0	12,000000E+0
44	49,000000E+0	8,070000E+0	-916,000000E-3	672,000000E+0	12,000000E+0
45	49,000000E+0	8,070000E+0	-916,000000E-3	672,000000E+0	12,000000E+0
46	140,000000E+0	32,280000E+0	916,000000E-3	679,000000E+0	12,000000E+0
47	140,000000E+0	32,280000E+0	916,000000E-3	679,000000E+0	12,000000E+0
48	182,000000E+0	29,590000E+0	2,748000E+0	697,000000E+0	12,000000E+0
49	182,000000E+0	29,590000E+0	2,748000E+0	697,000000E+0	12,000000E+0
50	189,000000E+0	32,280000E+0	3,893000E+0	720,000000E+0	12,000000E+0
51	189,000000E+0	32,280000E+0	3,893000E+0	720,000000E+0	12,000000E+0
52	189,000000E+0	32,280000E+0	4,122000E+0	743,000000E+0	12,000000E+0
53	189,000000E+0	32,280000E+0	4,122000E+0	743,000000E+0	12,000000E+0
54	175,000000E+0	26,900000E+0	4,122000E+0	766,000000E+0	12,000000E+0
55	175,000000E+0	26,900000E+0	4,122000E+0	766,000000E+0	12,000000E+0
56	112,000000E+0	10,760000E+0	3,664000E+0	786,000000E+0	12,000000E+0
57	112,000000E+0	10,760000E+0	3,664000E+0	786,000000E+0	12,000000E+0
58	70,000000E+0	0,000000E+0	2,290000E+0	801,000000E+0	12,000000E+0
59	70,000000E+0	0,000000E+0	2,290000E+0	801,000000E+0	12,000000E+0
60	49,000000E+0	0,000000E+0	1,374000E+0	809,000000E+0	12,000000E+0
61	49,000000E+0	0,000000E+0	1,374000E+0	809,000000E+0	12,000000E+0
62	35,000000E+0	0,000000E+0	916,000000E-3	814,000000E+0	12,000000E+0
63	35,000000E+0	0,000000E+0	916,000000E-3	814,000000E+0	12,000000E+0
64	21,000000E+0	0,000000E+0	687,000000E-3	818,000000E+0	12,000000E+0
65	21,000000E+0	0,000000E+0	687,000000E-3	818,000000E+0	12,000000E+0
66	28,000000E+0	0,000000E+0	229,000000E-3	820,000000E+0	12,000000E+0
67	28,000000E+0	0,000000E+0	229,000000E-3	820,000000E+0	12,000000E+0
68	35,000000E+0	2,690000E+0	458,000000E-3	823,000000E+0	12,000000E+0
69	35,000000E+0	2,690000E+0	458,000000E-3	823,000000E+0	12,000000E+0
70	49,000000E+0	2,690000E+0	458,000000E-3	828,000000E+0	12,000000E+0
71	49,000000E+0	2,690000E+0	458,000000E-3	828,000000E+0	12,000000E+0
72	84,000000E+0	13,450000E+0	916,000000E-3	833,000000E+0	12,000000E+0
73	84,000000E+0	13,450000E+0	916,000000E-3	833,000000E+0	12,000000E+0
74	154,000000E+0	29,590000E+0	1,603000E+0	844,000000E+0	12,000000E+0
75	154,000000E+0	29,590000E+0	1,603000E+0	844,000000E+0	12,000000E+0
76	288,000000E+0	64,560000E+0	3,206000E+0	865,000000E+0	12,000000E+0
77	288,000000E+0	64,560000E+0	3,206000E+0	865,000000E+0	12,000000E+0
78	239,000000E+0	37,660000E+0	5,954000E+0	900,000000E+0	12,000000E+0
79	239,000000E+0	37,660000E+0	5,954000E+0	900,000000E+0	12,000000E+0
80	65,514000E+3	176,267630E+3	4,809000E+0	925,000000E+0	12,000000E+0
81	65,514000E+3	176,267630E+3	4,809000E+0	925,000000E+0	12,000000E+0
82	65,303000E+3	176,216520E+3	-229,000000E-3	919,000000E+0	12,000000E+0
83	65,303000E+3	176,216520E+3	-229,000000E-3	919,000000E+0	12,000000E+0
84	65,170000E+3	176,197690E+3	-4,809000E+0	887,000000E+0	12,000000E+0
85	65,170000E+3	176,197690E+3	-4,809000E+0	887,000000E+0	12,000000E+0
86	65,142000E+3	176,203070E+3	-7,786000E+0	843,000000E+0	12,000000E+0
87	65,142000E+3	176,203070E+3	-7,786000E+0	843,000000E+0	12,000000E+0
88	65,177000E+3	176,224590E+3	-8,473000E+0	794,000000E+0	12,000000E+0
89	65,177000E+3	176,224590E+3	-8,473000E+0	794,000000E+0	12,000000E+0
90	65,268000E+3	176,248800E+3	-7,786000E+0	751,000000E+0	12,000000E+0
91	65,268000E+3	176,248800E+3	-7,786000E+0	751,000000E+0	12,000000E+0
92	65,388000E+3	176,275700E+3	-5,725000E+0	720,000000E+0	12,000000E+0
93	65,388000E+3	176,275700E+3	-5,725000E+0	720,000000E+0	12,000000E+0
94	65,514000E+3	5,380000E+0	-3,206000E+0	704,000000E+0	12,000000E+0
95	65,514000E+3	5,380000E+0	-3,206000E+0	704,000000E+0	12,000000E+0
96	91,000000E+0	21,520000E+0	-229,000000E-3	704,000000E+0	12,000000E+0
97	91,000000E+0	21,520000E+0	-229,000000E-3	704,000000E+0	12,000000E+0
98	147,000000E+0	26,900000E+0	1,603000E+0	715,000000E+0	12,000000E+0
99	147,000000E+0	26,900000E+0	1,603000E+0	715,000000E+0	12,000000E+0
100	182,000000E+0	32,280000E+0	3,206000E+0	734,000000E+0	12,000000E+0
101	182,000000E+0	32,280000E+0	3,206000E+0	734,000000E+0	12,000000E+0
102	189,000000E+0	32,280000E+0	3,893000E+0	756,000000E+0	12,000000E+0
103	189,000000E+0	32,280000E+0	3,893000E+0	756,000000E+0	12,000000E+0
104	140,000000E+0	18,830000E+0	3,893000E+0	778,000000E+0	12,000000E+0
105	140,000000E+0	18,830000E+0	3,893000E+0	778,000000E+0	12,000000E+0
106	91,000000E+0	8,070000E+0	2,977000E+0	794,000000E+0	12,000000E+0
107	91,000000E+0	8,070000E+0	2,977000E+0	794,000000E+0	12,000000E+0
108	56,000000E+0	0,000000E+0	1,832000E+0	806,000000E+0	12,000000E+0
109	56,000000E+0	0,000000E+0	1,832000E+0	806,000000E+0	12,000000E+0
110	35,000000E+0	5,380000E+0	1,145000E+0	812,000000E+0	12,000000E+0
111	35,000000E+0	5,380000E+0	1,145000E+0	812,000000E+0	12,000000E+0
112	28,000000E+0	0,000000E+0	458,000000E-3	816,000000E+0	12,000000E+0
113	28,000000E+0	0,000000E+0	458,000000E-3	816,000000E+0	12,000000E+0
114	28,000000E+0	0,000000E+0	458,000000E-3	820,000000E+0	12,000000E+0
115	28,000000E+0	0,000000E+0	458,000000E-3	820,000000E+0	12,000000E+0
116	28,000000E+0	0,000000E+0	458,000000E-3	822,000000E+0	12,000000E+0
117	28,000000E+0	0,000000E+0	458,000000E-3	822,000000E+0	12,000000E+0
118	42,000000E+0	8,070000E+0	458,000000E-3	825,000000E+0	12,000000E+0
119	42,000000E+0	8,070000E+0	458,000000E-3	825,000000E+0	12,000000E+0
120	63,000000E+0	10,760000E+0	687,000000E-3	831,000000E+0	12,000000E+0
121	63,000000E+0	10,760000E+0	687,000000E-3	831,000000E+0	12,000000E+0
122	112,000000E+0	21,520000E+0	1,145000E+0	838,000000E+0	12,000000E+0
123	112,000000E+0	21,520000E+0	1,145000E+0	838,000000E+0	12,000000E+0
124	203,000000E+0	40,350000E+0	2,290000E+0	853,000000E+0	12,000000E+0
125	203,000000E+0	40,350000E+0	2,290000E+0	853,000000E+0	12,000000E+0
126	316,000000E+0	67,250000E+0	4,351000E+0	880,000000E+0	12,000000E+0
127	316,000000E+0	67,250000E+0	4,351000E+0	880,000000E+0	12,000000E+0
128	119,000000E+0	0,000000E+0	6,641000E+0	916,000000E+0	12,000000E+0
129	119,000000E+0	0,000000E+0	6,641000E+0	916,000000E+0	12,000000E+0
130	65,402000E+3	176,232660E+3	2,519000E+0	926,000000E+0	12,000000E+0
131	65,402000E+3	176,232660E+3	2,519000E+0	926,000000E+0	12,000000E+0
132	65,219000E+3	176,205760E+3	-2,748000E+0	906,000000E+0	12,000000E+0
133	65,219000E+3	176,205760E+3	-2,748000E+0	906,000000E+0	12,000000E+0
134	65,142000E+3	176,197690E+3	-6,641000E+0	865,000000E+0	12,000000E+0
135	65,142000E+3	176,197690E+3	-6,641000E+0	865,000000E+0	12,000000E+0
136	65,156000E+3	176,213830E+3	-8,244000E+0	818,000000E+0	12,000000E+0
137	65,156000E+3	176,213830E+3	-8,244000E+0	818,000000E+0	12,000000E+0
138	65,219000E+3	176,229970E+3	-8,244000E+0	771,000000E+0	12,000000E+0
139	65,219000E+3	176,229970E+3	-8,244000E+0	771,000000E+0	12,000000E+0
140	65,332000E+3	176,259560E+3	-6,870000E+0	733,000000E+0	12,000000E+0
141	65,332000E+3	176,259560E+3	-6,870000E+0	733,000000E+0	12,000000E+0
142	65,451000E+3	176,289150E+3	-4,351000E+0	710,000000E+0	12,000000E+0
143	65,451000E+3	176,289150E+3	-4,351000E+0	710,000000E+0	12,000000E+0
144	35,000000E+0	5,380000E+0	-1,832000E+0	701,000000E+0	12,000000E+0
145	35,000000E+0	5,380000E+0	-1,832000E+0	701,000000E+0	12,000000E+0
146	133,000000E+0	32,280000E+0	687,000000E-3	708,000000E+0	12,000000E+0
147	133,000000E+0	32,280000E+0	687,000000E-3	708,000000E+0	12,000000E+0
148	161,000000E+0	32,280000E+0	2,748000E+0	724,000000E+0	12,000000E+0
149	161,000000E+0	32,280000E+0	2,748000E+0	724,000000E+0	12,000000E+0
150	196,000000E+0	34,970000E+0	3,435000E+0	744,000000E+0	12,000000E+0
151	196,000000E+0	34,970000E+0	3,435000E+0	744,000000E+0	12,000000E+0
152	161,000000E+0	21,520000E+0	4,122000E+0	768,000000E+0	12,000000E+0
153	161,000000E+0	21,520000E+0	4,122000E+0	768,000000E+0	12,000000E+0
154	112,000000E+0	13,450000E+0	3,435000E+0	787,000000E+0	12,000000E+0
155	112,000000E+0	13,450000E+0	3,435000E+0	787,000000E+0	12,000000E+0
156	70,000000E+0	0,000000E+0	2,290000E+0	801,000000E+0	12,000000E+0
157	70,000000E+0	0,000000E+0	2,290000E+0	801,000000E+0	12,000000E+0
158	49,000000E+0	0,000000E+0	1,374000E+0	809,000000E+0	12,000000E+0
159	49,000000E+0	0,000000E+0	1,374000E+0	809,000000E+0	12,000000E+0
160	35,000000E+0	0,000000E+0	916,000000E-3	814,000000E+0	12,000000E+0
161	35,000000E+0	0,000000E+0	916,000000E-3	814,000000E+0	12,000000E+0
162	21,000000E+0	0,000000E+0	687,000000E-3	818,000000E+0	12,000000E+0
163	21,000000E+0	0,000000E+0	687,000000E-3	818,000000E+0	12,000000E+0
164	28,000000E+0	2,690000E+0	229,000000E-3	820,000000E+0	12,000000E+0
165	28,000000E+0	2,690000E+0	229,000000E-3	820,000000E+0	12,000000E+0
166	35,000000E+0	0,000000E+0	458,000000E-3	823,000000E+0	12,000000E+0
167	35,000000E+0	0,000000E+0	458,000000E-3	823,000000E+0	12,000000E+0
168	49,000000E+0	8,070000E+0	458,000000E-3	828,000000E+0	12,000000E+0
169	49,000000E+0	8,070000E+0	458,000000E-3	828,000000E+0	12,000000E+0
170	84,000000E+0	16,140000E+0	916,000000E-3	833,000000E+0	12,000000E+0
171	84,000000E+0	16,140000E+0	916,000000E-3	833,000000E+0	12,000000E+0
172	154,000000E+0	32,280000E+0	1,603000E+0	844,000000E+0	12,000000E+0
173	154,000000E+0	32,280000E+0	1,603000E+0	844,000000E+0	12,000000E+0
174	295,000000E+0	69,940000E+0	3,206000E+0	865,000000E+0	12,000000E+0
175	295,000000E+0	69,940000E+0	3,206000E+0	865,000000E+0	12,000000E+0
176	239,000000E+0	37,660000E+0	5,954000E+0	900,000000E+0	12,000000E+0
177	239,000000E+0	37,660000E+0	5,954000E+0	900,000000E+0	12,000000E+0
178	65,514000E+3	176,264940E+3	4,809000E+0	925,000000E+0	12,000000E+0
179	65,514000E+3	176,264940E+3	4,809000E+0	925,000000E+0	12,000000E+0
180	65,296000E+3	176,219210E+3	-229,000000E-3	919,000000E+0	12,000000E+0
181	65,296000E+3	176,219210E+3	-229,000000E-3	919,000000E+0	12,000000E+0
182	65,170000E+3	176,205760E+3	-4,809000E+0	887,000000E+0	12,000000E+0
183	65,170000E+3	176,205760E+3	-4,809000E+0	887,000000E+0	12,000000E+0
184	65,142000E+3	176,200380E+3	-7,786000E+0	843,000000E+0	12,000000E+0
185	65,142000E+3	176,200380E+3	-7,786000E+0	843,000000E+0	12,000000E+0
186	65,170000E+3	176,205760E+3	-8,473000E+0	795,000000E+0	12,000000E+0
187	65,170000E+3	176,205760E+3	-8,473000E+0	795,000000E+0	12,000000E+0
188	65,268000E+3	176,240730E+3	-8,015000E+0	751,000000E+0	12,000000E+0
189	65,268000E+3	176,240730E+3	-8,015000E+0	751,000000E+0	12,000000E+0
190	65,388000E+3	176,275700E+3	-5,725000E+0	719,000000E+0	12,000000E+0
191	65,388000E+3	176,275700E+3	-5,725000E+0	719,000000E+0	12,000000E+0
192	65,514000E+3	5,380000E+0	-3,206000E+0	704,000000E+0	12,000000E+0
193	65,514000E+3	5,380000E+0	-3,206000E+0	704,000000E+0	12,000000E+0
194	91,000000E+0	21,520000E+0	-458,000000E-3	703,000000E+0	12,000000E+0
195	91,000000E+0	21,520000E+0	-458,000000E-3	703,000000E+0	12,000000E+0
196	147,000000E+0	26,900000E+0	1,603000E+0	715,000000E+0	12,000000E+0
197	147,000000E+0	26,900000E+0	1,603000E+0	715,000000E+0	12,000000E+0
198	182,000000E+0	32,280000E+0	2,977000E+0	734,000000E+0	12,000000E+0
199	182,000000E+0	32,280000E+0	2,977000E+0	734,000000E+0	12,000000E+0
200	189,000000E+0	32,280000E+0	3,893000E+0	756,000000E+0	12,000000E+0
201	189,000000E+0	32,280000E+0	3,893000E+0	756,000000E+0	12,000000E+0
202	140,000000E+0	16,140000E+0	4,122000E+0	779,000000E+0	12,000000E+0
203	140,000000E+0	16,140000E+0	4,122000E+0	779,000000E+0	12,000000E+0
204	91,000000E+0	5,380000E+0	2,977000E+0	794,000000E+0	12,000000E+0
205	91,000000E+0	5,380000E+0	2,977000E+0	794,000000E+0	12,000000E+0
206	56,000000E+0	0,000000E+0	1,832000E+0	806,000000E+0	12,000000E+0
207	56,000000E+0	0,000000E+0	1,832000E+0	806,000000E+0	12,000000E+0
208	35,000000E+0	0,000000E+0	1,145000E+0	812,000000E+0	12,000000E+0
209	35,000000E+0	0,000000E+0	1,145000E+0	812,000000E+0	12,000000E+0
210	28,000000E+0	0,000000E+0	687,000000E-3	816,000000E+0	12,000000E+0
211	28,000000E+0	0,000000E+0	687,000000E-3	816,000000E+0	12,000000E+0
212	28,000000E+0	0,000000E+0	458,000000E-3	819,000000E+0	12,000000E+0
213	28,000000E+0	0,000000E+0	458,000000E-3	819,000000E+0	12,000000E+0
214	28,000000E+0	0,000000E+0	458,000000E-3	822,000000E+0	12,000000E+0
215	28,000000E+0	0,000000E+0	458,000000E-3	822,000000E+0	12,000000E+0
216	42,000000E+0	0,000000E+0	458,000000E-3	826,000000E+0	12,000000E+0
217	42,000000E+0	0,000000E+0	458,000000E-3	826,000000E+0	12,000000E+0
218	63,000000E+0	8,070000E+0	687,000000E-3	831,000000E+0	12,000000E+0
219	63,000000E+0	8,070000E+0	687,000000E-3	831,000000E+0	12,000000E+0
220	112,000000E+0	21,520000E+0	1,145000E+0	839,000000E+0	12,000000E+0
221	112,000000E+0	21,520000E+0	1,145000E+0	839,000000E+0	12,000000E+0
222	203,000000E+0	45,730000E+0	2,290000E+0	853,000000E+0	12,000000E+0
223	203,000000E+0	45,730000E+0	2,290000E+0	853,000000E+0	12,000000E+0
224	316,000000E+0	72,630000E+0	4,351000E+0	880,000000E+0	12,000000E+0
225	316,000000E+0	72,630000E+0	4,351000E+0	880,000000E+0	12,000000E+0
226	126,000000E+0	0,000000E+0	6,412000E+0	916,000000E+0	12,000000E+0
227	126,000000E+0	0,000000E+0	6,412000E+0	916,000000E+0	12,000000E+0
228	65,402000E+3	176,243420E+3	2,519000E+0	926,000000E+0	12,000000E+0
229	65,402000E+3	176,243420E+3	2,519000E+0	926,000000E+0	12,000000E+0
230	65,219000E+3	176,208450E+3	-2,748000E+0	905,000000E+0	12,000000E+0
231	65,219000E+3	176,208450E+3	-2,748000E+0	905,000000E+0	12,000000E+0
232	65,142000E+3	176,200380E+3	-6,641000E+0	865,000000E+0	12,000000E+0
233	65,142000E+3	176,200380E+3	-6,641000E+0	865,000000E+0	12,000000E+0
234	65,156000E+3	176,219210E+3	-8,244000E+0	817,000000E+0	12,000000E+0
235	65,156000E+3	176,219210E+3	-8,244000E+0	817,000000E+0	12,000000E+0
236	65,219000E+3	176,229970E+3	-8,244000E+0	771,000000E+0	12,000000E+0
237	65,219000E+3	176,229970E+3	-8,244000E+0	771,000000E+0	12,000000E+0
238	65,325000E+3	176,256870E+3	-6,870000E+0	733,000000E+0	12,000000E+0
239	65,325000E+3	176,256870E+3	-6,870000E+0	733,000000E+0	12,000000E+0
240	65,451000E+3	176,289150E+3	-4,580000E+0	710,000000E+0	12,000000E+0
241	65,451000E+3	176,289150E+3	-4,580000E+0	710,000000E+0	12,000000E+0
242	35,000000E+0	10,760000E+0	-1,832000E+0	702,000000E+0	12,000000E+0
243	35,000000E+0	10,760000E+0	-1,832000E+0	702,000000E+0	12,000000E+0
244	126,000000E+0	26,900000E+0	687,000000E-3	708,000000E+0	12,000000E+0
245	126,000000E+0	26,900000E+0	687,000000E-3	708,000000E+0	12,000000E+0
246	161,000000E+0	24,210000E+0	2,519000E+0	724,000000E+0	12,000000E+0
247	161,000000E+0	24,210000E+0	2,519000E+0	724,000000E+0	12,000000E+0
248	196,000000E+0	34,970000E+0	3,435000E+0	745,000000E+0	12,000000E+0
249	196,000000E+0	34,970000E+0	3,435000E+0	745,000000E+0	12,000000E+0
250	161,000000E+0	21,520000E+0	4,122000E+0	768,000000E+0	12,000000E+0
251	161,000000E+0	21,520000E+0	4,122000E+0	768,000000E+0	12,000000E+0
252	112,000000E+0	10,760000E+0	3,435000E+0	787,000000E+0	12,000000E+0
253	112,000000E+0	10,760000E+0	3,435000E+0	787,000000E+0	12,000000E+0
254	70,000000E+0	2,690000E+0	2,290000E+0	801,000000E+0	12,000000E+0
255	70,000000E+0	2,690000E+0	2,290000E+0	801,000000E+0	12,000000E+0
256	49,000000E+0	0,000000E+0	1,374000E+0	809,000000E+0	12,000000E+0
257	49,000000E+0	0,000000E+0	1,374000E+0	809,000000E+0	12,000000E+0
258	35,000000E+0	0,000000E+0	916,000000E-3	814,000000E+0	12,000000E+0
259	35,000000E+0	0,000000E+0	916,000000E-3	814,000000E+0	12,000000E+0
260	21,000000E+0	0,000000E+0	687,000000E-3	818,000000E+0	12,000000E+0
261	21,000000E+0	0,000000E+0	687,000000E-3	818,000000E+0	12,000000E+0
262	28,000000E+0	0,000000E+0	229,000000E-3	820,000000E+0	12,000000E+0
263	28,000000E+0	0,000000E+0	229,000000E-3	820,000000E+0	12,000000E+0
264	35,000000E+0	0,000000E+0	458,000000E-3	824,000000E+0	12,000000E+0
265	35,000000E+0	0,000000E+0	458,000000E-3	824,000000E+0	12,000000E+0
266	42,000000E+0	2,690000E+0	458,000000E-3	828,000000E+0	12,000000E+0
267	42,000000E+0	2,690000E+0	458,000000E-3	828,000000E+0	12,000000E+0
268	77,000000E+0	16,140000E+0	916,000000E-3	834,000000E+0	12,000000E+0
269	77,000000E+0	16,140000E+0	916,000000E-3	834,000000E+0	12,000000E+0
270	154,000000E+0	34,970000E+0	1,603000E+0	844,000000E+0	12,000000E+0
271	154,000000E+0	34,970000E+0	1,603000E+0	844,000000E+0	12,000000E+0
272	288,000000E+0	69,940000E+0	3,206000E+0	865,000000E+0	12,000000E+0
273	288,000000E+0	69,940000E+0	3,206000E+0	865,000000E+0	12,000000E+0
274	239,000000E+0	37,660000E+0	5,954000E+0	899,000000E+0	12,000000E+0
275	239,000000E+0	37,660000E+0	5,954000E+0	899,000000E+0	12,000000E+0
276	65,514000E+3	176,264940E+3	4,809000E+0	925,000000E+0	12,000000E+0
277	65,514000E+3	176,264940E+3	4,809000E+0	925,000000E+0	12,000000E+0
278	65,303000E+3	176,213830E+3	-229,000000E-3	919,000000E+0	12,000000E+0
279	65,303000E+3	176,213830E+3	-229,000000E-3	919,000000E+0	12,000000E+0
280	65,170000E+3	176,200380E+3	-4,809000E+0	888,000000E+0	12,000000E+0
281	65,170000E+3	176,200380E+3	-4,809000E+0	888,000000E+0	12,000000E+0
282	65,142000E+3	176,203070E+3	-7,786000E+0	843,000000E+0	12,000000E+0
283	65,142000E+3	176,203070E+3	-7,786000E+0	843,000000E+0	12,000000E+0
284	65,177000E+3	176,219210E+3	-8,473000E+0	794,000000E+0	12,000000E+0
285	65,177000E+3	176,219210E+3	-8,473000E+0	794,000000E+0	12,000000E+0
286	65,268000E+3	176,243420E+3	-7,786000E+0	751,000000E+0	12,000000E+0
287	65,268000E+3	176,243420E+3	-7,786000E+0	751,000000E+0	12,000000E+0
288	65,388000E+3	176,270320E+3	-5,725000E+0	720,000000E+0	12,000000E+0
289	65,388000E+3	176,270320E+3	-5,725000E+0	720,000000E+0	12,000000E+0
290	65,514000E+3	5,380000E+0	-2,977000E+0	704,000000E+0	12,000000E+0
291	65,514000E+3	5,380000E+0	-2,977000E+0	704,000000E+0	12,000000E+0
292	91,000000E+0	21,520000E+0	-229,000000E-3	704,000000E+0	12,000000E+0
293	91,000000E+0	21,520000E+0	-229,000000E-3	704,000000E+0	12,000000E+0
294	147,000000E+0	26,900000E+0	1,603000E+0	716,000000E+0	12,000000E+0
295	147,000000E+0	26,900000E+0	1,603000E+0	716,000000E+0	12,000000E+0
296	182,000000E+0	32,280000E+0	2,977000E+0	734,000000E+0	12,000000E+0
297	182,000000E+0	32,280000E+0	2,977000E+0	734,000000E+0	12,000000E+0
298	189,000000E+0	32,280000E+0	3,893000E+0	756,000000E+0	12,000000E+0
299	189,000000E+0	32,280000E+0	3,893000E+0	756,000000E+0	12,000000E+0
300	140,000000E+0	18,830000E+0	3,893000E+0	778,000000E+0	12,000000E+0
301	140,000000E+0	18,830000E+0	3,893000E+0	778,000000E+0	12,000000E+0
302	91,000000E+0	5,380000E+0	2,977000E+0	794,000000E+0	12,000000E+0
303	91,000000E+0	5,380000E+0	2,977000E+0	794,000000E+0	12,000000E+0
304	56,000000E+0	0,000000E+0	1,832000E+0	806,000000E+0	12,000000E+0
305	56,000000E+0	0,000000E+0	1,832000E+0	806,000000E+0	12,000000E+0
306	35,000000E+0	0,000000E+0	1,145000E+0	812,000000E+0	12,000000E+0
307	35,000000E+0	0,000000E+0	1,145000E+0	812,000000E+0	12,000000E+0
308	28,000000E+0	0,000000E+0	687,000000E-3	816,000000E+0	12,000000E+0
309	28,000000E+0	0,000000E+0	687,000000E-3	816,000000E+0	12,000000E+0
310	28,000000E+0	2,690000E+0	458,000000E-3	819,000000E+0	12,000000E+0
311	28,000000E+0	2,690000E+0	458,000000E-3	819,000000E+0	12,000000E+0
312	28,000000E+0	0,000000E+0	458,000000E-3	822,000000E+0	12,000000E+0
313	28,000000E+0	0,000000E+0	458,000000E-3	822,000000E+0	12,000000E+0
314	42,000000E+0	8,070000E+0	458,000000E-3	825,000000E+0	12,000000E+0
315	42,000000E+0	8,070000E+0	458,000000E-3	825,000000E+0	12,000000E+0
316	63,000000E+0	10,760000E+0	687,000000E-3	831,000000E+0	12,000000E+0
317	63,000000E+0	10,760000E+0	687,000000E-3	831,000000E+0	12,000000E+0
318	112,000000E+0	24,210000E+0	1,145000E+0	838,000000E+0	12,000000E+0
319	112,000000E+0	24,210000E+0	1,145000E+0	838,000000E+0	12,000000E+0
320	203,000000E+0	48,420000E+0	2,290000E+0	853,000000E+0	12,000000E+0
321	203,000000E+0	48,420000E+0	2,290000E+0	853,000000E+0	12,000000E+0
322	316,000000E+0	69,940000E+0	4,351000E+0	880,000000E+0	12,000000E+0
323	316,000000E+0	69,940000E+0	4,351000E+0	880,000000E+0	12,000000E+0
324	119,000000E+0	0,000000E+0	6,641000E+0	916,000000E+0	12,000000E+0
325	119,000000E+0	0,000000E+0	6,641000E+0	916,000000E+0	12,000000E+0
326	65,402000E+3	176,240730E+3	2,519000E+0	926,000000E+0	12,000000E+0
327	65,402000E+3	176,240730E+3	2,519000E+0	926,000000E+0	12,000000E+0
328	65,219000E+3	176,203070E+3	-2,748000E+0	906,000000E+0	12,000000E+0
329	65,219000E+3	176,203070E+3	-2,748000E+0	906,000000E+0	12,000000E+0
330	65,142000E+3	176,197690E+3	-6,641000E+0	866,000000E+0	12,000000E+0
331	65,142000E+3	176,197690E+3	-6,641000E+0	866,000000E+0	12,000000E+0
332	65,149000E+3	176,213830E+3	-8,244000E+0	818,000000E+0	12,000000E+0
333	65,149000E+3	176,213830E+3	-8,244000E+0	818,000000E+0	12,000000E+0
334	65,212000E+3	176,227280E+3	-8,244000E+0	771,000000E+0	12,000000E+0
335	65,212000E+3	176,227280E+3	-8,244000E+0	771,000000E+0	12,000000E+0
336	65,325000E+3	176,256870E+3	-6,870000E+0	734,000000E+0	12,000000E+0
337	65,325000E+3	176,256870E+3	-6,870000E+0	734,000000E+0	12,000000E+0
338	65,444000E+3	176,286460E+3	-4,580000E+0	710,000000E+0	12,000000E+0
339	65,444000E+3	176,286460E+3	-4,580000E+0	710,000000E+0	12,000000E+0
340	42,000000E+0	10,760000E+0	-1,832000E+0	702,000000E+0	12,000000E+0
341	42,000000E+0	10,760000E+0	-1,832000E+0	702,000000E+0	12,000000E+0
342	133,000000E+0	32,280000E+0	687,000000E-3	707,000000E+0	12,000000E+0
343	133,000000E+0	32,280000E+0	687,000000E-3	707,000000E+0	12,000000E+0
344	161,000000E+0	29,590000E+0	2,748000E+0	724,000000E+0	12,000000E+0
345	161,000000E+0	29,590000E+0	2,748000E+0	724,000000E+0	12,000000E+0
346	196,000000E+0	34,970000E+0	3,435000E+0	744,000000E+0	12,000000E+0
347	196,000000E+0	34,970000E+0	3,435000E+0	744,000000E+0	12,000000E+0
348	168,000000E+0	21,520000E+0	4,122000E+0	767,000000E+0	12,000000E+0
349	168,000000E+0	21,520000E+0	4,122000E+0	767,000000E+0	12,000000E+0
350	119,000000E+0	13,450000E+0	3,435000E+0	786,000000E+0	12,000000E+0
351	119,000000E+0	13,450000E+0	3,435000E+0	786,000000E+0	12,000000E+0
352	70,000000E+0	0,000000E+0	2,290000E+0	801,000000E+0	12,000000E+0
353	70,000000E+0	0,000000E+0	2,290000E+0	801,000000E+0	12,000000E+0
354	49,000000E+0	0,000000E+0	1,374000E+0	809,000000E+0	12,000000E+0
355	49,000000E+0	0,000000E+0	1,374000E+0	809,000000E+0	12,000000E+0
356	35,000000E+0	0,000000E+0	916,000000E-3	814,000000E+0	12,000000E+0
357	35,000000E+0	0,000000E+0	916,000000E-3	814,000000E+0	12,000000E+0
358	21,000000E+0	0,000000E+0	687,000000E-3	818,000000E+0	12,000000E+0
359	21,000000E+0	0,000000E+0	687,000000E-3	818,000000E+0	12,000000E+0
360	28,000000E+0	0,000000E+0	229,000000E-3	820,000000E+0	12,000000E+0
361	28,000000E+0	0,000000E+0	229,000000E-3	820,000000E+0	12,000000E+0
362	35,000000E+0	2,690000E+0	458,000000E-3	823,000000E+0	12,000000E+0
363	35,000000E+0	2,690000E+0	458,000000E-3	823,000000E+0	12,000000E+0
364	42,000000E+0	2,690000E+0	687,000000E-3	827,000000E+0	12,000000E+0
365	42,000000E+0	2,690000E+0	687,000000E-3	827,000000E+0	12,000000E+0
366	77,000000E+0	8,070000E+0	916,000000E-3	834,000000E+0	12,000000E+0
367	77,000000E+0	8,070000E+0	916,000000E-3	834,000000E+0	12,000000E+0
368	154,000000E+0	32,280000E+0	1,603000E+0	844,000000E+0	12,000000E+0
369	154,000000E+0	32,280000E+0	1,603000E+0	844,000000E+0	12,000000E+0
370	295,000000E+0	69,940000E+0	3,206000E+0	865,000000E+0	12,000000E+0
371	295,000000E+0	69,940000E+0	3,206000E+0	865,000000E+0	12,000000E+0
372	239,000000E+0	34,970000E+0	5,954000E+0	900,000000E+0	12,000000E+0
373	239,000000E+0	34,970000E+0	5,954000E+0	900,000000E+0	12,000000E+0
374	65,514000E+3	176,264940E+3	4,809000E+0	925,000000E+0	12,000000E+0
375	65,514000E+3	176,264940E+3	4,809000E+0	925,000000E+0	12,000000E+0
376	65,303000E+3	176,219210E+3	-229,000000E-3	919,000000E+0	12,000000E+0
377	65,303000E+3	176,219210E+3	-229,000000E-3	919,000000E+0	12,000000E+0
378	65,170000E+3	176,203070E+3	-4,809000E+0	887,000000E+0	12,000000E+0
379	65,170000E+3	176,203070E+3	-4,809000E+0	887,000000E+0	12,000000E+0
380	65,142000E+3	176,200380E+3	-7,786000E+0	843,000000E+0	12,000000E+0
381	65,142000E+3	176,200380E+3	-7,786000E+0	843,000000E+0	12,000000E+0
382	65,177000E+3	176,224590E+3	-8,473000E+0	794,000000E+0	12,000000E+0
383	65,177000E+3	176,224590E+3	-8,473000E+0	794,000000E+0	12,000000E+0
384	65,268000E+3	176,248800E+3	-7,786000E+0	751,000000E+0	12,000000E+0
385	65,268000E+3	176,248800E+3	-7,786000E+0	751,000000E+0	12,000000E+0
386	65,388000E+3	176,273010E+3	-5,954000E+0	720,000000E+0	12,000000E+0
387	65,388000E+3	176,273010E+3	-5,954000E+0	720,000000E+0	12,000000E+0
388	65,514000E+3	2,690000E+0	-3,206000E+0	704,000000E+0	12,000000E+0
389	65,514000E+3	2,690000E+0	-3,206000E+0	704,000000E+0	12,000000E+0
390	91,000000E+0	21,520000E+0	-458,000000E-3	703,000000E+0	12,000000E+0
391	91,000000E+0	21,520000E+0	-458,000000E-3	703,000000E+0	12,000000E+0
392	147,000000E+0	26,900000E+0	1,603000E+0	716,000000E+0	12,000000E+0
393	147,000000E+0	26,900000E+0	1,603000E+0	716,000000E+0	12,000000E+0
394	182,000000E+0	32,280000E+0	2,977000E+0	734,000000E+0	12,000000E+0
395	182,000000E+0	32,280000E+0	2,977000E+0	734,000000E+0	12,000000E+0
396	189,000000E+0	29,590000E+0	3,893000E+0	756,000000E+0	12,000000E+0
397	189,000000E+0	29,590000E+0	3,893000E+0	756,000000E+0	12,000000E+0
398	140,000000E+0	16,140000E+0	3,893000E+0	778,000000E+0	12,000000E+0
399	140,000000E+0	16,140000E+0	3,893000E+0	778,000000E+0	12,000000E+0
400	91,000000E+0	8,070000E+0	2,977000E+0	794,000000E+0	12,000000E+0
401	91,000000E+0	8,070000E+0	2,977000E+0	794,000000E+0	12,000000E+0
402	56,000000E+0	0,000000E+0	1,832000E+0	806,000000E+0	12,000000E+0
403	56,000000E+0	0,000000E+0	1,832000E+0	806,000000E+0	12,000000E+0
404	35,000000E+0	0,000000E+0	1,145000E+0	812,000000E+0	12,000000E+0
405	35,000000E+0	0,000000E+0	1,145000E+0	812,000000E+0	12,000000E+0
406	28,000000E+0	0,000000E+0	687,000000E-3	816,000000E+0	12,000000E+0
407	28,000000E+0	0,000000E+0	687,000000E-3	816,000000E+0	12,000000E+0
408	28,000000E+0	0,000000E+0	458,000000E-3	819,000000E+0	12,000000E+0
409	28,000000E+0	0,000000E+0	458,000000E-3	819,000000E+0	12,000000E+0
410	28,000000E+0	0,000000E+0	458,000000E-3	822,000000E+0	12,000000E+0
411	28,000000E+0	0,000000E+0	458,000000E-3	822,000000E+0	12,000000E+0
412	42,000000E+0	2,690000E+0	458,000000E-3	826,000000E+0	12,000000E+0
413	42,000000E+0	2,690000E+0	458,000000E-3	826,000000E+0	12,000000E+0
414	56,000000E+0	5,380000E+0	687,000000E-3	830,000000E+0	12,000000E+0
415	56,000000E+0	5,380000E+0	687,000000E-3	830,000000E+0	12,000000E+0
416	112,000000E+0	21,520000E+0	1,145000E+0	838,000000E+0	12,000000E+0
417	112,000000E+0	21,520000E+0	1,145000E+0	838,000000E+0	12,000000E+0
418	203,000000E+0	43,040000E+0	2,290000E+0	853,000000E+0	12,000000E+0
419	203,000000E+0	43,040000E+0	2,290000E+0	853,000000E+0	12,000000E+0
420	309,000000E+0	64,560000E+0	4,351000E+0	880,000000E+0	12,000000E+0
421	309,000000E+0	64,560000E+0	4,351000E+0	880,000000E+0	12,000000E+0
422	119,000000E+0	0,000000E+0	6,412000E+0	916,000000E+0	12,000000E+0
423	119,000000E+0	0,000000E+0	6,412000E+0	916,000000E+0	12,000000E+0
424	65,402000E+3	176,243420E+3	2,519000E+0	926,000000E+0	12,000000E+0
425	65,402000E+3	176,243420E+3	2,519000E+0	926,000000E+0	12,000000E+0
426	65,219000E+3	176,211140E+3	-2,748000E+0	906,000000E+0	12,000000E+0
427	65,219000E+3	176,211140E+3	-2,748000E+0	906,000000E+0	12,000000E+0
428	65,142000E+3	176,197690E+3	-6,641000E+0	866,000000E+0	12,000000E+0
429	65,142000E+3	176,197690E+3	-6,641000E+0	866,000000E+0	12,000000E+0
430	65,156000E+3	176,216520E+3	-8,244000E+0	817,000000E+0	12,000000E+0
431	65,156000E+3	176,216520E+3	-8,244000E+0	817,000000E+0	12,000000E+0
432	65,219000E+3	176,232660E+3	-8,244000E+0	771,000000E+0	12,000000E+0
433	65,219000E+3	176,232660E+3	-8,244000E+0	771,000000E+0	12,000000E+0
434	65,325000E+3	176,259560E+3	-6,870000E+0	733,000000E+0	12,000000E+0
435	65,325000E+3	176,259560E+3	-6,870000E+0	733,000000E+0	12,000000E+0
436	65,451000E+3	176,289150E+3	-4,580000E+0	710,000000E+0	12,000000E+0
437	65,451000E+3	176,289150E+3	-4,580000E+0	710,000000E+0	12,000000E+0
438	35,000000E+0	8,070000E+0	-1,832000E+0	702,000000E+0	12,000000E+0
439	35,000000E+0	8,070000E+0	-1,832000E+0	702,000000E+0	12,000000E+0
440	133,000000E+0	34,970000E+0	687,000000E-3	707,000000E+0	12,000000E+0
441	133,000000E+0	34,970000E+0	687,000000E-3	707,000000E+0	12,000000E+0
442	161,000000E+0	29,590000E+0	2,519000E+0	724,000000E+0	12,000000E+0
443	161,000000E+0	29,590000E+0	2,519000E+0	724,000000E+0	12,000000E+0
444	189,000000E+0	32,280000E+0	3,435000E+0	744,000000E+0	12,000000E+0
445	189,000000E+0	32,280000E+0	3,435000E+0	744,000000E+0	12,000000E+0
446	168,000000E+0	21,520000E+0	3,893000E+0	768,000000E+0	12,000000E+0
447	168,000000E+0	21,520000E+0	3,893000E+0	768,000000E+0	12,000000E+0
448	112,000000E+0	13,450000E+0	3,435000E+0	786,000000E+0	12,000000E+0
449	112,000000E+0	13,450000E+0	3,435000E+0	786,000000E+0	12,000000E+0
450	70,000000E+0	2,690000E+0	2,290000E+0	801,000000E+0	12,000000E+0
451	70,000000E+0	2,690000E+0	2,290000E+0	801,000000E+0	12,000000E+0
452	49,000000E+0	0,000000E+0	1,374000E+0	809,000000E+0	12,000000E+0
453	49,000000E+0	0,000000E+0	1,374000E+0	809,000000E+0	12,000000E+0
454	35,000000E+0	0,000000E+0	916,000000E-3	814,000000E+0	12,000000E+0
455	35,000000E+0	0,000000E+0	916,000000E-3	814,000000E+0	12,000000E+0
456	21,000000E+0	0,000000E+0	687,000000E-3	818,000000E+0	12,000000E+0
457	21,000000E+0	0,000000E+0	687,000000E-3	818,000000E+0	12,000000E+0
458	28,000000E+0	2,690000E+0	229,000000E-3	821,000000E+0	12,000000E+0
459	28,000000E+0	2,690000E+0	229,000000E-3	821,000000E+0	12,000000E+0
460	35,000000E+0	5,380000E+0	458,000000E-3	823,000000E+0	12,000000E+0
461	35,000000E+0	5,380000E+0	458,000000E-3	823,000000E+0	12,000000E+0
462	49,000000E+0	8,070000E+0	458,000000E-3	828,000000E+0	12,000000E+0
463	49,000000E+0	8,070000E+0	458,000000E-3	828,000000E+0	12,000000E+0
464	84,000000E+0	18,830000E+0	916,000000E-3	834,000000E+0	12,000000E+0
465	84,000000E+0	18,830000E+0	916,000000E-3	834,000000E+0	12,000000E+0
466	154,000000E+0	34,970000E+0	1,603000E+0	844,000000E+0	12,000000E+0
467	154,000000E+0	34,970000E+0	1,603000E+0	844,000000E+0	12,000000E+0
468	295,000000E+0	69,940000E+0	3,206000E+0	865,000000E+0	12,000000E+0
469	295,000000E+0	69,940000E+0	3,206000E+0	865,000000E+0	12,000000E+0
470	239,000000E+0	40,350000E+0	5,954000E+0	899,000000E+0	12,000000E+0
471	239,000000E+0	40,350000E+0	5,954000E+0	899,000000E+0	12,000000E+0
472	65,514000E+3	176,262250E+3	5,038000E+0	925,000000E+0	12,000000E+0
473	65,514000E+3	176,262250E+3	5,038000E+0	925,000000E+0	12,000000E+0
474	65,296000E+3	176,216520E+3	-229,000000E-3	919,000000E+0	12,000000E+0
475	65,296000E+3	176,216520E+3	-229,000000E-3	919,000000E+0	12,000000E+0
476	65,170000E+3	176,197690E+3	-4,809000E+0	887,000000E+0	12,000000E+0
477	65,170000E+3	176,197690E+3	-4,809000E+0	887,000000E+0	12,000000E+0
478	65,142000E+3	176,203070E+3	-7,786000E+0	843,000000E+0	12,000000E+0
479	65,142000E+3	176,203070E+3	-7,786000E+0	843,000000E+0	12,000000E+0
480	65,170000E+3	176,216520E+3	-8,473000E+0	794,000000E+0	12,000000E+0
481	65,170000E+3	176,216520E+3	-8,473000E+0	794,000000E+0	12,000000E+0
482	65,268000E+3	176,240730E+3	-7,786000E+0	751,000000E+0	12,000000E+0
483	65,268000E+3	176,240730E+3	-7,786000E+0	751,000000E+0	12,000000E+0
484	65,388000E+3	176,270320E+3	-5,954000E+0	720,000000E+0	12,000000E+0
485	65,388000E+3	176,270320E+3	-5,954000E+0	720,000000E+0	12,000000E+0
486	65,514000E+3	5,380000E+0	-3,206000E+0	704,000000E+0	12,000000E+0
487	65,514000E+3	5,380000E+0	-3,206000E+0	704,000000E+0	12,000000E+0
488	91,000000E+0	21,520000E+0	-458,000000E-3	703,000000E+0	12,000000E+0
489	91,000000E+0	21,520000E+0	-458,000000E-3	703,000000E+0	12,000000E+0
490	147,000000E+0	26,900000E+0	1,603000E+0	715,000000E+0	12,000000E+0
491	147,000000E+0	26,900000E+0	1,603000E+0	715,000000E+0	12,000000E+0
492	182,000000E+0	32,280000E+0	2,977000E+0	734,000000E+0	12,000000E+0
493	182,000000E+0	32,280000E+0	2,977000E+0	734,000000E+0	12,000000E+0
494	189,000000E+0	32,280000E+0	3,893000E+0	756,000000E+0	12,000000E+0
495	189,000000E+0	32,280000E+0	3,893000E+0	756,000000E+0	12,000000E+0
496	140,000000E+0	13,450000E+0	3,893000E+0	779,000000E+0	12,000000E+0
497	140,000000E+0	13,450000E+0	3,893000E+0	779,000000E+0	12,000000E+0
498	91,000000E+0	5,380000E+0	2,977000E+0	794,000000E+0	12,000000E+0
499	91,000000E+0	5,380000E+0	2,977000E+0	794,000000E+0	12,000000E+0
500	56,000000E+0	0,000000E+0	1,832000E+0	806,000000E+0	12,000000E+0
501	56,000000E+0	0,000000E+0	1,832000E+0	806,000000E+0	12,000000E+0
502	35,000000E+0	0,000000E+0	1,145000E+0	812,000000E+0	12,000000E+0
503	35,000000E+0	0,000000E+0	1,145000E+0	812,000000E+0	12,000000E+0
504	28,000000E+0	0,000000E+0	687,000000E-3	816,000000E+0	12,000000E+0
505	28,000000E+0	0,000000E+0	687,000000E-3	816,000000E+0	12,000000E+0
506	28,000000E+0	0,000000E+0	458,000000E-3	820,000000E+0	12,000000E+0
507	28,000000E+0	0,000000E+0	458,000000E-3	820,000000E+0	12,000000E+0
508	28,000000E+0	0,000000E+0	458,000000E-3	822,000000E+0	12,000000E+0
509	28,000000E+0	0,000000E+0	458,000000E-3	822,000000E+0	12,000000E+0
510	35,000000E+0	2,690000E+0	458,000000E-3	826,000000E+0	12,000000E+0
511	35,000000E+0	2,690000E+0	458,000000E-3	826,000000E+0	12,000000E+0
512	56,000000E+0	5,380000E+0	687,000000E-3	830,000000E+0	12,000000E+0
513	56,000000E+0	5,380000E+0	687,000000E-3	830,000000E+0	12,000000E+0
514	112,000000E+0	18,830000E+0	1,145000E+0	838,000000E+0	12,000000E+0
515	112,000000E+0	18,830000E+0	1,145000E+0	838,000000E+0	12,000000E+0
516	203,000000E+0	43,040000E+0	2,290000E+0	853,000000E+0	12,000000E+0
517	203,000000E+0	43,040000E+0	2,290000E+0	853,000000E+0	12,000000E+0
518	316,000000E+0	69,940000E+0	4,351000E+0	880,000000E+0	12,000000E+0
519	316,000000E+0	69,940000E+0	4,351000E+0	880,000000E+0	12,000000E+0
520	119,000000E+0	0,000000E+0	6,412000E+0	916,000000E+0	12,000000E+0
521	119,000000E+0	0,000000E+0	6,412000E+0	916,000000E+0	12,000000E+0
522	65,402000E+3	176,243420E+3	2,519000E+0	926,000000E+0	12,000000E+0
523	65,402000E+3	176,243420E+3	2,519000E+0	926,000000E+0	12,000000E+0
524	65,219000E+3	176,208450E+3	-2,748000E+0	906,000000E+0	12,000000E+0
525	65,219000E+3	176,208450E+3	-2,748000E+0	906,000000E+0	12,000000E+0
526	65,135000E+3	176,195000E+3	-6,641000E+0	865,000000E+0	12,000000E+0
527	65,135000E+3	176,195000E+3	-6,641000E+0	865,000000E+0	12,000000E+0
528	65,156000E+3	176,216520E+3	-8,244000E+0	817,000000E+0	12,000000E+0
529	65,156000E+3	176,216520E+3	-8,244000E+0	817,000000E+0	12,000000E+0
530	65,212000E+3	176,229970E+3	-8,244000E+0	771,000000E+0	12,000000E+0
531	65,212000E+3	176,229970E+3	-8,244000E+0	771,000000E+0	12,000000E+0
532	65,325000E+3	176,256870E+3	-6,870000E+0	734,000000E+0	12,000000E+0
533	65,325000E+3	176,256870E+3	-6,870000E+0	734,000000E+0	12,000000E+0
534	65,451000E+3	0,000000E+0	-4,580000E+0	710,000000E+0	12,000000E+0
535	65,451000E+3	0,000000E+0	-4,580000E+0	710,000000E+0	12,000000E+0
536	42,000000E+0	8,070000E+0	-1,832000E+0	702,000000E+0	12,000000E+0
537	42,000000E+0	8,070000E+0	-1,832000E+0	702,000000E+0	12,000000E+0
538	133,000000E+0	32,280000E+0	687,000000E-3	707,000000E+0	12,000000E+0
539	133,000000E+0	32,280000E+0	687,000000E-3	707,000000E+0	12,000000E+0
540	161,000000E+0	29,590000E+0	2,748000E+0	724,000000E+0	12,000000E+0
541	161,000000E+0	29,590000E+0	2,748000E+0	724,000000E+0	12,000000E+0
542	196,000000E+0	34,970000E+0	3,435000E+0	744,000000E+0	12,000000E+0
543	196,000000E+0	34,970000E+0	3,435000E+0	744,000000E+0	12,000000E+0
544	168,000000E+0	24,210000E+0	4,122000E+0	767,000000E+0	12,000000E+0
545	168,000000E+0	24,210000E+0	4,122000E+0	767,000000E+0	12,000000E+0
546	119,000000E+0	16,140000E+0	3,664000E+0	787,000000E+0	12,000000E+0
547	119,000000E+0	16,140000E+0	3,664000E+0	787,000000E+0	12,000000E+0
548	70,000000E+0	0,000000E+0	2,290000E+0	801,000000E+0	12,000000E+0
549	70,000000E+0	0,000000E+0	2,290000E+0	801,000000E+0	12,000000E+0
550	49,000000E+0	0,000000E+0	1,374000E+0	809,000000E+0	12,000000E+0
551	49,000000E+0	0,000000E+0	1,374000E+0	809,000000E+0	12,000000E+0
552	35,000000E+0	0,000000E+0	916,000000E-3	814,000000E+0	12,000000E+0
553	35,000000E+0	0,000000E+0	916,000000E-3	814,000000E+0	12,000000E+0
554	21,000000E+0	0,000000E+0	687,000000E-3	818,000000E+0	12,000000E+0
555	21,000000E+0	0,000000E+0	687,000000E-3	818,000000E+0	12,000000E+0
556	28,000000E+0	0,000000E+0	229,000000E-3	820,000000E+0	12,000000E+0
557	28,000000E+0	0,000000E+0	229,000000E-3	820,000000E+0	12,000000E+0
558	35,000000E+0	2,690000E+0	458,000000E-3	823,000000E+0	12,000000E+0
559	35,000000E+0	2,690000E+0	458,000000E-3	823,000000E+0	12,000000E+0
560	49,000000E+0	5,380000E+0	687,000000E-3	827,000000E+0	12,000000E+0
561	49,000000E+0	5,380000E+0	687,000000E-3	827,000000E+0	12,000000E+0
562	77,000000E+0	16,140000E+0	916,000000E-3	834,000000E+0	12,000000E+0
563	77,000000E+0	16,140000E+0	916,000000E-3	834,000000E+0	12,000000E+0
564	154,000000E+0	29,590000E+0	1,603000E+0	844,000000E+0	12,000000E+0
565	154,000000E+0	29,590000E+0	1,603000E+0	844,000000E+0	12,000000E+0
566	295,000000E+0	69,940000E+0	3,206000E+0	865,000000E+0	12,000000E+0
567	295,000000E+0	69,940000E+0	3,206000E+0	865,000000E+0	12,000000E+0
568	239,000000E+0	37,660000E+0	5,954000E+0	899,000000E+0	12,000000E+0
569	239,000000E+0	37,660000E+0	5,954000E+0	899,000000E+0	12,000000E+0
570	65,514000E+3	176,264940E+3	5,038000E+0	925,000000E+0	12,000000E+0
571	65,514000E+3	176,264940E+3	5,038000E+0	925,000000E+0	12,000000E+0
572	65,296000E+3	176,216520E+3	-229,000000E-3	919,000000E+0	12,000000E+0
573	65,296000E+3	176,216520E+3	-229,000000E-3	919,000000E+0	12,000000E+0
574	65,170000E+3	176,197690E+3	-4,809000E+0	887,000000E+0	12,000000E+0
575	65,170000E+3	176,197690E+3	-4,809000E+0	887,000000E+0	12,000000E+0
576	65,142000E+3	176,200380E+3	-7,786000E+0	843,000000E+0	12,000000E+0
577	65,142000E+3	176,200380E+3	-7,786000E+0	843,000000E+0	12,000000E+0
578	65,170000E+3	176,216520E+3	-8,473000E+0	794,000000E+0	12,000000E+0
579	65,170000E+3	176,216520E+3	-8,473000E+0	794,000000E+0	12,000000E+0
580	65,268000E+3	176,240730E+3	-7,786000E+0	751,000000E+0	12,000000E+0
581	65,268000E+3	176,240730E+3	-7,786000E+0	751,000000E+0	12,000000E+0
582	65,388000E+3	176,273010E+3	-5,954000E+0	720,000000E+0	12,000000E+0
583	65,388000E+3	176,273010E+3	-5,954000E+0	720,000000E+0	12,000000E+0
584	65,514000E+3	5,380000E+0	-3,206000E+0	704,000000E+0	12,000000E+0
585	65,514000E+3	5,380000E+0	-3,206000E+0	704,000000E+0	12,000000E+0
586	91,000000E+0	21,520000E+0	-458,000000E-3	703,000000E+0	12,000000E+0
587	91,000000E+0	21,520000E+0	-458,000000E-3	703,000000E+0	12,000000E+0
588	147,000000E+0	29,590000E+0	1,603000E+0	715,000000E+0	12,000000E+0
589	147,000000E+0	29,590000E+0	1,603000E+0	715,000000E+0	12,000000E+0
590	182,000000E+0	26,900000E+0	2,977000E+0	734,000000E+0	12,000000E+0
591	182,000000E+0	26,900000E+0	2,977000E+0	734,000000E+0	12,000000E+0
592	189,000000E+0	32,280000E+0	3,893000E+0	756,000000E+0	12,000000E+0
593	189,000000E+0	32,280000E+0	3,893000E+0	756,000000E+0	12,000000E+0
594	140,000000E+0	16,140000E+0	3,893000E+0	778,000000E+0	12,000000E+0
595	140,000000E+0	16,140000E+0	3,893000E+0	778,000000E+0	12,000000E+0
596	91,000000E+0	5,380000E+0	2,977000E+0	794,000000E+0	12,000000E+0
597	91,000000E+0	5,380000E+0	2,977000E+0	794,000000E+0	12,000000E+0
598	63,000000E+0	0,000000E+0	1,832000E+0	806,000000E+0	12,000000E+0
599	63,000000E+0	0,000000E+0	1,832000E+0	806,000000E+0	12,000000E+0
600	35,000000E+0	0,000000E+0	1,145000E+0	812,000000E+0	12,000000E+0
601	35,000000E+0	0,000000E+0	1,145000E+0	812,000000E+0	12,000000E+0
602	28,000000E+0	0,000000E+0	458,000000E-3	816,000000E+0	12,000000E+0
603	28,000000E+0	0,000000E+0	458,000000E-3	816,000000E+0	12,000000E+0
604	28,000000E+0	0,000000E+0	458,000000E-3	819,000000E+0	12,000000E+0
605	28,000000E+0	0,000000E+0	458,000000E-3	819,000000E+0	12,000000E+0
606	28,000000E+0	0,000000E+0	458,000000E-3	822,000000E+0	12,000000E+0
607	28,000000E+0	0,000000E+0	458,000000E-3	822,000000E+0	12,000000E+0
608	35,000000E+0	2,690000E+0	458,000000E-3	826,000000E+0	12,000000E+0
609	35,000000E+0	2,690000E+0	458,000000E-3	826,000000E+0	12,000000E+0
610	63,000000E+0	8,070000E+0	687,000000E-3	830,000000E+0	12,000000E+0
611	63,000000E+0	8,070000E+0	687,000000E-3	830,000000E+0	12,000000E+0
612	112,000000E+0	21,520000E+0	1,145000E+0	838,000000E+0	12,000000E+0
613	112,000000E+0	21,520000E+0	1,145000E+0	838,000000E+0	12,000000E+0
614	203,000000E+0	45,730000E+0	2,290000E+0	853,000000E+0	12,000000E+0
615	203,000000E+0	45,730000E+0	2,290000E+0	853,000000E+0	12,000000E+0
616	309,000000E+0	69,940000E+0	4,351000E+0	879,000000E+0	12,000000E+0
617	309,000000E+0	69,940000E+0	4,351000E+0	879,000000E+0	12,000000E+0
618	119,000000E+0	0,000000E+0	6,412000E+0	916,000000E+0	12,000000E+0
619	119,000000E+0	0,000000E+0	6,412000E+0	916,000000E+0	12,000000E+0
620	65,402000E+3	176,246110E+3	2,519000E+0	926,000000E+0	12,000000E+0
621	65,402000E+3	176,246110E+3	2,519000E+0	926,000000E+0	12,000000E+0
622	65,219000E+3	176,203070E+3	-2,748000E+0	905,000000E+0	12,000000E+0
623	65,219000E+3	176,203070E+3	-2,748000E+0	905,000000E+0	12,000000E+0
624	65,142000E+3	176,189620E+3	-6,641000E+0	866,000000E+0	12,000000E+0
625	65,142000E+3	176,189620E+3	-6,641000E+0	866,000000E+0	12,000000E+0
626	65,142000E+3	176,178860E+3	-8,244000E+0	819,000000E+0	12,000000E+0
627	65,142000E+3	176,178860E+3	-8,244000E+0	819,000000E+0	12,000000E+0
628	65,212000E+3	176,229970E+3	-8,473000E+0	771,000000E+0	12,000000E+0
629	65,212000E+3	176,229970E+3	-8,473000E+0	771,000000E+0	12,000000E+0
630	65,325000E+3	176,259560E+3	-7,099000E+0	734,000000E+0	12,000000E+0
631	65,325000E+3	176,259560E+3	-7,099000E+0	734,000000E+0	12,000000E+0
632	65,451000E+3	0,000000E+0	-4,580000E+0	710,000000E+0	12,000000E+0
633	65,451000E+3	0,000000E+0	-4,580000E+0	710,000000E+0	12,000000E+0
634	35,000000E+0	5,380000E+0	-1,832000E+0	701,000000E+0	12,000000E+0
635	35,000000E+0	5,380000E+0	-1,832000E+0	701,000000E+0	12,000000E+0
636	133,000000E+0	26,900000E+0	687,000000E-3	708,000000E+0	12,000000E+0
637	133,000000E+0	26,900000E+0	687,000000E-3	708,000000E+0	12,000000E+0
638	161,000000E+0	24,210000E+0	2,519000E+0	724,000000E+0	12,000000E+0
639	161,000000E+0	24,210000E+0	2,519000E+0	724,000000E+0	12,000000E+0
640	196,000000E+0	34,970000E+0	3,435000E+0	744,000000E+0	12,000000E+0
641	196,000000E+0	34,970000E+0	3,435000E+0	744,000000E+0	12,000000E+0
642	168,000000E+0	24,210000E+0	3,893000E+0	768,000000E+0	12,000000E+0
643	168,000000E+0	24,210000E+0	3,893000E+0	768,000000E+0	12,000000E+0
644	112,000000E+0	10,760000E+0	3,435000E+0	787,000000E+0	12,000000E+0
645	112,000000E+0	10,760000E+0	3,435000E+0	787,000000E+0	12,000000E+0
646	77,000000E+0	5,380000E+0	2,290000E+0	799,000000E+0	12,000000E+0
647	77,000000E+0	5,380000E+0	2,290000E+0	799,000000E+0	12,000000E+0
648	42,000000E+0	0,000000E+0	1,603000E+0	809,000000E+0	12,000000E+0
649	42,000000E+0	0,000000E+0	1,603000E+0	809,000000E+0	12,000000E+0
650	21,000000E+0	0,000000E+0	916,000000E-3	814,000000E+0	12,000000E+0
651	21,000000E+0	0,000000E+0	916,000000E-3	814,000000E+0	12,000000E+0
652	21,000000E+0	0,000000E+0	458,000000E-3	816,000000E+0	12,000000E+0
653	21,000000E+0	0,000000E+0	458,000000E-3	816,000000E+0	12,000000E+0
654	14,000000E+0	0,000000E+0	229,000000E-3	818,000000E+0	12,000000E+0
655	14,000000E+0	0,000000E+0	229,000000E-3	818,000000E+0	12,000000E+0
656	7,000000E+0	176,289150E+3	0,000000E+0	819,000000E+0	12,000000E+0
657	7,000000E+0	176,289150E+3	0,000000E+0	819,000000E+0	12,000000E+0
658	7,000000E+0	0,000000E+0	0,000000E+0	819,000000E+0	12,000000E+0
659	7,000000E+0	0,000000E+0	0,000000E+0	819,000000E+0	12,000000E+0
660	14,000000E+0	0,000000E+0	0,000000E+0	820,000000E+0	12,000000E+0
661	14,000000E+0	0,000000E+0	0,000000E+0	820,000000E+0	12,000000E+0
662	7,000000E+0	0,000000E+0	0,000000E+0	820,000000E+0	12,000000E+0
663	7,000000E+0	0,000000E+0	0,000000E+0	820,000000E+0	12,000000E+0
664	7,000000E+0	0,000000E+0	0,000000E+0	820,000000E+0	12,000000E+0
